12102,'H58S000A-80-A',514,,321336,36,0,10,1,29,,321342,36,0,10,1,71,,321340,36,0,10,1,26,,321337,36,0,10,1,65,,321348,36,0,10,1,26,,321343,36,0,10,1,24,,321341,36,0,10,1,65,,321338,36,0,10,1,23,,321354,36,0,10,1,58,,321349,36,0,10,1,20,,321379,36,0,10,1,16,,321344,36,0,10,1,15,,321363,36,0,10,1,56,,321355,36,0,10,1,15,,321371,36,0,10,1,16,,321339,36,0,10,1,16,,321350,36,0,10,1,55,,321360,36,0,10,1,14,,321380,36,0,10,1,16,,321356,36,0,10,1,14,,321345,36,0,10,1,56,,321364,36,0,10,1,15,,321372,36,0,10,1,15,,321387,36,0,10,1,14,,321351,36,0,10,1,54,,321361,36,0,10,1,13,,321397,36,0,10,1,12,,321381,36,0,10,1,12,,321357,36,0,10,1,11,,321346,36,0,10,1,52,,321394,36,0,10,1,12,,321365,36,0,10,1,13,,321373,36,0,10,1,12,,321388,36,0,10,1,12,,321352,36,0,10,1,51,,321401,36,0,10,1,12,,321362,36,0,10,1,10,,321398,36,0,10,1,11,,321382,36,0,10,1,11,,321358,36,0,10,1,53,,321347,36,0,10,1,13,,321395,36,0,10,1,14,,321366,36,0,10,1,14,,321374,36,0,10,1,55,,321389,36,0,10,1,15,,321353,36,0,10,1,13,,321402,36,0,10,1,11,,321399,36,0,10,1,13,,321383,36,0,10,1,54,,321359,36,0,10,1,15,,321396,36,0,10,1,16,,321367,36,0,10,1,17,,321375,36,0,10,1,56,,321390,36,0,10,1,23,,321400,36,0,10,1,66,,321384,36,0,10,1,30,,321368,36,0,10,1,70,,321376,36,0,10,1,27,,321391,36,0,10,1,32,,321385,36,0,10,1,70,,321369,36,0,10,1,30,,321377,36,0,10,1,71,,321392,36,0,10,1,27,,321386,36,0,10,1,71,,321370,36,0,10,1,29,,321378,36,0,10,1,73,,321393,36,0,10,1
12102,'H58S000I-80-I',517,,321403,36,0,10,1,29,,321422,36,0,10,1,70,,321411,36,0,10,1,31,,321404,36,0,10,1,70,,321423,36,0,10,1,31,,321412,36,0,10,1,66,,321429,36,0,10,1,25,,321405,36,0,10,1,66,,321424,36,0,10,1,24,,321413,36,0,10,1,26,,321439,36,0,10,1,62,,321430,36,0,10,1,18,,321406,36,0,10,1,19,,321425,36,0,10,1,57,,321453,36,0,10,1,16,,321449,36,0,10,1,16,,321414,36,0,10,1,58,,321440,36,0,10,1,18,,321431,36,0,10,1,18,,321407,36,0,10,1,17,,321426,36,0,10,1,55,,321442,36,0,10,1,13,,321454,36,0,10,1,12,,321450,36,0,10,1,13,,321415,36,0,10,1,53,,321456,36,0,10,1,15,,321441,36,0,10,1,14,,321432,36,0,10,1,14,,321408,36,0,10,1,15,,321427,36,0,10,1,53,,321443,36,0,10,1,14,,321451,36,0,10,1,15,,321455,36,0,10,1,16,,321416,36,0,10,1,56,,321457,36,0,10,1,18,,321433,36,0,10,1,18,,321409,36,0,10,1,58,,321428,36,0,10,1,17,,321444,36,0,10,1,16,,321452,36,0,10,1,18,,321417,36,0,10,1,60,,321458,36,0,10,1,20,,321434,36,0,10,1,21,,321410,36,0,10,1,65,,321445,36,0,10,1,29,,321418,36,0,10,1,69,,321459,36,0,10,1,31,,321435,36,0,10,1,72,,321446,36,0,10,1,31,,321419,36,0,10,1,72,,321460,36,0,10,1,31,,321436,36,0,10,1,69,,321447,36,0,10,1,32,,321420,36,0,10,1,71,,321437,36,0,10,1,71,,321448,36,0,10,1,27,,321421,36,0,10,1,24,,321438,36,0,10,1
12102,'H58S000S-83-S',521,,321468,36,0,10,1,9,,321476,36,0,10,1,9,,321487,36,0,10,1,11,,321503,36,0,10,1,50,,321511,36,0,10,1,10,,321513,36,0,10,1,9,,321474,36,0,10,1,9,,321461,36,0,10,1,8,,321519,36,0,10,1,8,,321493,36,0,10,1,8,,321521,36,0,10,1,48,,321523,36,0,10,1,9,,321530,36,0,10,1,6,,321536,36,0,10,1,6,,321469,36,0,10,1,6,,321542,36,0,10,1,9,,321477,36,0,10,1,6,,321544,36,0,10,1,5,,321488,36,0,10,1,5,,321545,36,0,10,1,5,,321546,36,0,10,1,46,,321504,36,0,10,1,7,,321512,36,0,10,1,5,,321547,36,0,10,1,3,,321549,19,0,10,1,3,,321514,36,0,10,1,6,,321548,36,0,10,1,5,,321475,36,0,10,1,5,,321543,19,0,10,1,2,,321462,36,0,10,1,6,,321520,36,0,10,1,3,,321494,19,0,10,1,7,,321522,36,0,10,1,48,,321524,36,0,10,1,8,,321531,36,0,10,1,9,,321537,36,0,10,1,10,,321470,36,0,10,1,10,,321478,36,0,10,1,11,,321489,36,0,10,1,52,,321505,36,0,10,1,12,,321550,36,0,10,1,12,,321515,36,0,10,1,12,,321463,36,0,10,1,12,,321495,36,0,10,1,52,,321525,36,0,10,1,12,,321532,36,0,10,1,12,,321538,36,0,10,1,12,,321471,36,0,10,1,12,,321479,36,0,10,1,52,,321490,36,0,10,1,11,,321506,36,0,10,1,10,,321551,36,0,10,1,10,,321516,36,0,10,1,11,,321464,36,0,10,1,11,,321496,36,0,10,1,51,,321526,36,0,10,1,12,,321533,36,0,10,1,11,,321539,36,0,10,1,11,,321472,36,0,10,1,10,,321552,36,0,10,1,50,,321480,36,0,10,1,10,,321491,36,0,10,1,10,,321507,36,0,10,1,12,,321517,36,0,10,1,12,,321465,36,0,10,1,12,,321497,36,0,10,1,53,,321527,36,0,10,1,12,,321534,36,0,10,1,12,,321540,36,0,10,1,9,,321563,36,0,10,1,10,,321473,36,0,10,1,49,,321553,36,0,10,1,8,,321572,36,0,10,1,9,,321481,36,0,10,1,9,,321492,36,0,10,1,4,,321571,19,0,10,1,4,,321568,36,0,10,1,7,,321535,36,0,10,1,3,,321508,36,0,10,1,8,,321518,36,0,10,1,48,,321466,36,0,10,1,8,,321498,36,0,10,1,10,,321570,36,0,10,1,10,,321528,36,0,10,1,10,,321561,36,0,10,1,10,,321541,36,0,10,1,50,,321559,36,0,10,1,9,,321564,36,0,10,1,11,,321554,36,0,10,1,6,,321573,19,0,10,1,5,,321482,36,0,10,1,11,,321569,36,0,10,1,12,,321509,36,0,10,1,52,,321467,36,0,10,1,12,,321499,36,0,10,1,12,,321529,36,0,10,1,10,,321562,36,0,10,1,11,,321560,36,0,10,1,51,,321565,36,0,10,1,11,,321555,36,0,10,1,12,,321483,36,0,10,1,24,,321510,36,0,10,1,68,,321500,36,0,10,1,27,,321566,36,0,10,1,65,,321556,36,0,10,1,24,,321484,36,0,10,1,67,,321501,36,0,10,1,30,,321567,36,0,10,1,27,,321557,36,0,10,1,71,,321485,36,0,10,1,72,,321502,36,0,10,1,29,,321558,36,0,10,1,26,,321486,36,0,10,1
12102,'H58S100F-80-F1',517,,321574,36,0,10,1,29,,321588,36,0,10,1,70,,321582,36,0,10,1,31,,321575,36,0,10,1,70,,321589,36,0,10,1,31,,321583,36,0,10,1,66,,321602,36,0,10,1,25,,321576,36,0,10,1,66,,321590,36,0,10,1,24,,321584,36,0,10,1,26,,321612,36,0,10,1,62,,321603,36,0,10,1,18,,321577,36,0,10,1,19,,321591,36,0,10,1,57,,321624,36,0,10,1,16,,321617,36,0,10,1,16,,321585,36,0,10,1,58,,321613,36,0,10,1,18,,321604,36,0,10,1,18,,321578,36,0,10,1,17,,321599,36,0,10,1,55,,321592,36,0,10,1,13,,321625,36,0,10,1,12,,321618,36,0,10,1,13,,321586,36,0,10,1,53,,321627,36,0,10,1,15,,321614,36,0,10,1,14,,321605,36,0,10,1,14,,321579,36,0,10,1,15,,321600,36,0,10,1,53,,321593,36,0,10,1,14,,321615,36,0,10,1,15,,321626,36,0,10,1,16,,321587,36,0,10,1,56,,321628,36,0,10,1,18,,321606,36,0,10,1,18,,321580,36,0,10,1,58,,321601,36,0,10,1,17,,321594,36,0,10,1,16,,321616,36,0,10,1,18,,321619,36,0,10,1,60,,321629,36,0,10,1,20,,321607,36,0,10,1,21,,321581,36,0,10,1,65,,321595,36,0,10,1,29,,321620,36,0,10,1,69,,321630,36,0,10,1,31,,321608,36,0,10,1,72,,321596,36,0,10,1,31,,321621,36,0,10,1,72,,321631,36,0,10,1,31,,321609,36,0,10,1,69,,321597,36,0,10,1,32,,321622,36,0,10,1,71,,321610,36,0,10,1,71,,321598,36,0,10,1,27,,321623,36,0,10,1,24,,321611,36,0,10,1
12102,'H58S200F-80-F2',517,,321637,36,0,10,1,29,,321651,36,0,10,1,70,,321645,36,0,10,1,31,,321638,36,0,10,1,70,,321652,36,0,10,1,31,,321646,36,0,10,1,66,,321662,36,0,10,1,25,,321639,36,0,10,1,66,,321653,36,0,10,1,24,,321647,36,0,10,1,26,,321672,36,0,10,1,62,,321663,36,0,10,1,18,,321640,36,0,10,1,19,,321654,36,0,10,1,57,,321682,36,0,10,1,16,,321675,36,0,10,1,16,,321648,36,0,10,1,58,,321673,36,0,10,1,18,,321664,36,0,10,1,18,,321641,36,0,10,1,17,,321632,36,0,10,1,55,,321655,36,0,10,1,13,,321683,36,0,10,1,12,,321676,36,0,10,1,13,,321649,36,0,10,1,53,,321685,36,0,10,1,15,,321674,36,0,10,1,14,,321665,36,0,10,1,14,,321642,36,0,10,1,15,,321633,36,0,10,1,53,,321656,36,0,10,1,14,,321635,36,0,10,1,15,,321684,36,0,10,1,16,,321650,36,0,10,1,56,,321686,36,0,10,1,18,,321666,36,0,10,1,18,,321643,36,0,10,1,58,,321634,36,0,10,1,17,,321657,36,0,10,1,16,,321636,36,0,10,1,18,,321677,36,0,10,1,60,,321687,36,0,10,1,20,,321667,36,0,10,1,21,,321644,36,0,10,1,65,,321658,36,0,10,1,29,,321678,36,0,10,1,69,,321688,36,0,10,1,31,,321668,36,0,10,1,72,,321659,36,0,10,1,31,,321679,36,0,10,1,72,,321689,36,0,10,1,31,,321669,36,0,10,1,69,,321660,36,0,10,1,32,,321680,36,0,10,1,71,,321670,36,0,10,1,71,,321661,36,0,10,1,27,,321681,36,0,10,1,24,,321671,36,0,10,1
17102,'H50S000A-82-A',548,,332501,20,0,10,2,71,,332541,20,0,10,1,33,,332502,20,0,10,2,71,,332522,20,0,10,1,31,,332503,20,0,10,2,71,,332523,20,0,10,1,30,,332504,20,0,10,2,72,,332524,20,0,10,1,31,,332505,20,0,10,2,70,,332525,20,0,10,1,30,,332506,20,0,10,2,70,,332526,20,0,10,1,31,,332507,20,0,10,2,70,,332527,20,0,10,1,30,,332508,20,0,10,2,71,,332528,20,0,10,1,71,,332509,20,0,10,2,30,,332529,20,0,10,1,69,,332510,20,0,10,2,31,,332530,20,0,10,1,71,,332511,20,0,10,2,31,,332531,20,0,10,1,71,,332512,20,0,10,2,31,,332532,20,0,10,1,71,,332513,20,0,10,2,30,,332533,20,0,10,1,71,,332514,20,0,10,2,30,,332534,20,0,10,1,69,,332515,20,0,10,2,29,,332535,20,0,10,1,70,,332516,20,0,10,2,30,,332536,20,0,10,1,71,,332517,20,0,10,2,31,,332537,20,0,10,1,71,,332518,20,0,10,2,31,,332538,20,0,10,1,71,,332519,20,0,10,2,28,,332539,20,0,10,1,71,,332520,20,0,10,2,31,,332540,20,0,10,1,72,,332521,20,0,10,2
17102,'H50S000I-82-I',546,,332580,20,0,10,2,72,,332581,20,0,10,1,33,,332542,20,0,10,2,74,,332561,20,0,10,1,33,,332543,20,0,10,2,75,,332562,20,0,10,1,72,,332544,20,0,10,2,32,,332563,20,0,10,1,71,,332545,20,0,10,2,31,,332564,20,0,10,1,71,,332546,20,0,10,2,32,,332565,20,0,10,1,71,,332547,20,0,10,2,30,,332566,20,0,10,1,70,,332548,20,0,10,2,30,,332567,20,0,10,1,70,,332549,20,0,10,2,30,,332568,20,0,10,1,70,,332550,20,0,10,2,28,,332569,20,0,10,1,70,,332551,20,0,10,2,30,,332570,20,0,10,1,70,,332552,20,0,10,2,30,,332571,20,0,10,1,70,,332553,20,0,10,2,30,,332572,20,0,10,1,70,,332554,20,0,10,2,30,,332573,20,0,10,1,70,,332555,20,0,10,2,30,,332574,20,0,10,1,69,,332556,20,0,10,2,30,,332575,20,0,10,1,70,,332557,20,0,10,2,31,,332576,20,0,10,1,70,,332558,20,0,10,2,32,,332577,20,0,10,1,72,,332559,20,0,10,2,32,,332578,20,0,10,1,70,,332560,20,0,10,2,30,,332579,20,0,10,1
17102,'H50S000S-82-S',551,,332588,20,0,10,2,66,,332594,20,0,10,1,21,,332597,20,0,10,2,17,,332589,20,0,10,1,56,,332600,20,0,10,2,20,,332595,20,0,10,1,11,,332598,20,0,10,2,65,,332590,20,0,10,1,13,,332601,20,0,10,2,13,,332596,20,0,10,1,25,,332599,20,0,10,2,54,,332591,20,0,10,1,15,,332627,20,0,10,2,20,,332631,20,0,10,1,65,,332592,20,0,10,1,26,,332628,20,0,10,2,65,,332632,20,0,10,1,26,,332593,20,0,10,1,27,,332629,20,0,10,2,66,,332633,20,0,10,1,21,,332582,20,0,10,2,16,,332630,20,0,10,2,57,,332587,20,0,10,1,17,,332634,20,0,10,1,19,,332583,20,0,10,2,63,,332619,20,0,10,1,25,,332608,20,0,10,2,65,,332584,20,0,10,2,26,,332620,20,0,10,1,26,,332609,20,0,10,2,63,,332585,20,0,10,2,21,,332621,20,0,10,1,59,,332602,20,0,10,1,18,,332610,20,0,10,2,20,,332586,20,0,10,2,20,,332622,20,0,10,1,61,,332603,20,0,10,1,19,,332611,20,0,10,2,63,,332623,20,0,10,1,23,,332604,20,0,10,1,27,,332612,20,0,10,2,68,,332605,20,0,10,1,30,,332613,20,0,10,2,70,,332606,20,0,10,1,30,,332614,20,0,10,2,68,,332607,20,0,10,1,30,,332615,20,0,10,2,67,,332624,20,0,10,1,30,,332616,20,0,10,2,70,,332625,20,0,10,1,30,,332617,20,0,10,2,71,,332626,20,0,10,1,30,,332618,20,0,10,2
17102,'H50S100F-80-F1',546,,332673,20,0,10,2,72,,332674,20,0,10,1,33,,332635,20,0,10,2,74,,332654,20,0,10,1,33,,332636,20,0,10,2,75,,332655,20,0,10,1,72,,332637,20,0,10,2,32,,332656,20,0,10,1,71,,332638,20,0,10,2,31,,332657,20,0,10,1,71,,332639,20,0,10,2,32,,332658,20,0,10,1,71,,332640,20,0,10,2,30,,332659,20,0,10,1,70,,332641,20,0,10,2,30,,332660,20,0,10,1,70,,332642,20,0,10,2,30,,332661,20,0,10,1,70,,332643,20,0,10,2,28,,332662,20,0,10,1,70,,332644,20,0,10,2,30,,332663,20,0,10,1,70,,332645,20,0,10,2,30,,332664,20,0,10,1,70,,332646,20,0,10,2,30,,332665,20,0,10,1,70,,332647,20,0,10,2,30,,332666,20,0,10,1,70,,332648,20,0,10,2,30,,332667,20,0,10,1,69,,332649,20,0,10,2,30,,332668,20,0,10,1,70,,332650,20,0,10,2,31,,332669,20,0,10,1,70,,332651,20,0,10,2,32,,332670,20,0,10,1,72,,332652,20,0,10,2,32,,332671,20,0,10,1,70,,332653,20,0,10,2,30,,332672,20,0,10,1
17102,'H50S200F-80-F2',546,,332713,20,0,10,2,72,,332714,20,0,10,1,33,,332675,20,0,10,2,74,,332694,20,0,10,1,33,,332676,20,0,10,2,75,,332695,20,0,10,1,72,,332677,20,0,10,2,32,,332696,20,0,10,1,71,,332678,20,0,10,2,31,,332697,20,0,10,1,71,,332679,20,0,10,2,32,,332698,20,0,10,1,71,,332680,20,0,10,2,30,,332699,20,0,10,1,70,,332681,20,0,10,2,30,,332700,20,0,10,1,70,,332682,20,0,10,2,30,,332701,20,0,10,1,70,,332683,20,0,10,2,28,,332702,20,0,10,1,70,,332684,20,0,10,2,30,,332703,20,0,10,1,70,,332685,20,0,10,2,30,,332704,20,0,10,1,70,,332686,20,0,10,2,30,,332705,20,0,10,1,70,,332687,20,0,10,2,30,,332706,20,0,10,1,70,,332688,20,0,10,2,30,,332707,20,0,10,1,69,,332689,20,0,10,2,30,,332708,20,0,10,1,70,,332690,20,0,10,2,31,,332709,20,0,10,1,70,,332691,20,0,10,2,32,,332710,20,0,10,1,72,,332692,20,0,10,2,32,,332711,20,0,10,1,70,,332693,20,0,10,2,30,,332712,20,0,10,1
17102,'H58S000S-83-S',754,,332715,20,0,10,2
17102,'H60S000S-83-S',847,,332716,20,0,10,2
17702,'H60S000A-80-A',625,,333620,13,0,10,1,27,,333633,13,0,10,1,60,,333644,13,0,10,1,17,,333640,13,0,10,1,26,,333621,13,0,10,1,71,,333634,13,0,10,1,31,,333641,13,0,10,1,69,,333622,13,0,10,1,29,,333635,13,0,10,1,70,,333642,13,0,10,1,29,,333623,13,0,10,1,71,,333636,13,0,10,1,31,,333643,13,0,10,1,71,,333624,13,0,10,1,28,,333637,13,0,10,1,67,,333645,13,0,10,2,28,,333647,13,0,10,2,64,,333625,13,0,10,1,26,,333638,13,0,10,1,73,,333646,13,0,10,2,33,,333626,13,0,10,1,70,,333639,13,0,10,1,31,,333649,13,0,10,2,71,,333627,13,0,10,1,30,,333651,13,0,10,2,69,,333650,13,0,10,2,30,,333657,13,0,10,2,70,,333628,13,0,10,1,30,,333652,13,0,10,2,69,,333648,13,0,10,2,29,,333658,13,0,10,2
17702,'H60S000I-81-I',624,,333659,13,0,10,1,30,,333669,13,0,10,2,70,,333679,13,0,10,2,30,,333660,13,0,10,1,70,,333670,13,0,10,2,30,,333680,13,0,10,2,69,,333661,13,0,10,1,30,,333671,13,0,10,2,70,,333681,13,0,10,2,31,,333662,13,0,10,1,71,,333672,13,0,10,2,30,,333682,13,0,10,2,69,,333663,13,0,10,1,32,,333673,13,0,10,2,71,,333683,13,0,10,2,28,,333664,13,0,10,1,73,,333674,13,0,10,2,30,,333684,13,0,10,2,69,,333665,13,0,10,1,23,,333696,13,0,10,2,63,,333675,13,0,10,2,27,,333685,13,0,10,2,71,,333666,13,0,10,1,33,,333676,13,0,10,2,73,,333686,13,0,10,2,28,,333667,13,0,10,1,67,,333677,13,0,10,2,33,,333687,13,0,10,2,68,,333668,13,0,10,1,27,,333678,13,0,10,2
17702,'H60S000S-83-S',541,,333701,13,0,10,2,15,,333706,13,0,10,1,55,,333698,13,0,10,1,12,,333704,13,0,10,1,12,,333700,13,0,10,1,7,,333716,13,0,10,2,8,,333712,13,0,10,2,8,,333717,13,0,10,2,50,,333718,13,0,10,2,7,,333720,13,0,10,1,7,,333702,13,0,10,2,7,,333722,13,0,10,2,5,,333723,13,0,10,2,5,,333724,13,0,10,2,6,,333725,13,0,10,2,7,,333699,13,0,10,1,7,,333728,13,0,10,2,48,,333729,13,0,10,2,8,,333730,13,0,10,1,10,,333727,13,0,10,2,12,,333711,13,0,10,2,12,,333734,13,0,10,2,51,,333721,13,0,10,1,9,,333719,13,0,10,2,11,,333714,13,0,10,1,12,,333726,13,0,10,2,20,,333731,13,0,10,1,60,,333713,13,0,10,2,23,,333735,13,0,10,2,67,,333715,13,0,10,1,29,,333732,13,0,10,1,69,,333703,13,0,10,1,29,,333736,13,0,10,2,29,,333697,13,0,10,2,71,,333705,13,0,10,1,29,,333738,13,0,10,2,70,,333737,13,0,10,2,72,,333733,13,0,10,1,34,,333745,13,0,10,2,73,,333751,13,0,10,2,28,,333739,13,0,10,1,68,,333753,13,0,10,2,32,,333752,13,0,10,1,69,,333746,13,0,10,2,31,,333707,13,0,10,1,70,,333740,13,0,10,2,27,,333754,13,0,10,1,71,,333747,13,0,10,2,33,,333708,13,0,10,1,66,,333741,13,0,10,2
17702,'H60S100F-80-F1',624,,333755,13,0,10,1,30,,333768,13,0,10,2,70,,333778,13,0,10,2,30,,333756,13,0,10,1,70,,333769,13,0,10,2,30,,333779,13,0,10,2,69,,333757,13,0,10,1,30,,333770,13,0,10,2,70,,333780,13,0,10,2,31,,333758,13,0,10,1,71,,333771,13,0,10,2,30,,333781,13,0,10,2,69,,333759,13,0,10,1,32,,333772,13,0,10,2,71,,333782,13,0,10,2,28,,333760,13,0,10,1,73,,333773,13,0,10,2,30,,333783,13,0,10,2,69,,333761,13,0,10,1,23,,333787,13,0,10,1,63,,333774,13,0,10,2,27,,333784,13,0,10,2,71,,333762,13,0,10,1,33,,333775,13,0,10,2,73,,333785,13,0,10,2,28,,333763,13,0,10,1,67,,333776,13,0,10,2,33,,333786,13,0,10,2,68,,333764,13,0,10,1,27,,333777,13,0,10,2
17702,'H60S200F-80-F2',624,,333793,13,0,10,1,30,,333806,13,0,10,2,70,,333816,13,0,10,2,30,,333794,13,0,10,1,70,,333807,13,0,10,2,30,,333817,13,0,10,2,69,,333795,13,0,10,1,30,,333808,13,0,10,2,70,,333818,13,0,10,2,31,,333796,13,0,10,1,71,,333809,13,0,10,2,30,,333819,13,0,10,2,69,,333797,13,0,10,1,32,,333810,13,0,10,2,71,,333820,13,0,10,2,28,,333798,13,0,10,1,73,,333811,13,0,10,2,30,,333821,13,0,10,2,69,,333799,13,0,10,1,23,,333825,13,0,10,1,63,,333812,13,0,10,2,27,,333822,13,0,10,2,71,,333800,13,0,10,1,33,,333813,13,0,10,2,73,,333823,13,0,10,2,28,,333801,13,0,10,1,67,,333814,13,0,10,2,33,,333824,13,0,10,2,68,,333802,13,0,10,1,27,,333815,13,0,10,2
37802,'H60S000A-80-A',2641,,347278,36,0,10,1,94,,347276,36,0,10,1,88,,347277,36,0,10,1
37802,'H60S000I-81-I',2640,,347280,36,0,10,1,91,,347281,36,0,10,1,90,,347279,36,0,10,1
37802,'H60S000S-83-S',2640,,347283,36,0,10,1,89,,347282,36,0,10,1,99,,347284,36,0,10,1
37802,'H60S100F-80-F1',2640,,347285,36,0,10,1,91,,347287,36,0,10,1,90,,347286,36,0,10,1
37802,'H60S200F-80-F2',2640,,347288,36,0,10,1,91,,347290,36,0,10,1,90,,347289,36,0,10,1
38002,'H50S000A-82-A',2648,,347320,65,0,10,1,86,,347319,65,0,10,1,83,,347318,65,0,10,1,85,,347317,65,0,10,1
38002,'H50S000I-82-I',2627,,347321,65,0,10,1,82,,347327,65,0,10,1,50,,347324,65,0,10,2,90,,347326,65,0,10,1,59,,347323,65,0,10,2,21,,347322,65,0,10,1,6,,347325,65,0,10,2
38002,'H50S000S-82-S',2628,,347328,65,0,10,1,86,,347332,65,0,10,1,45,,347330,65,0,10,1,98,,347331,65,0,10,1,55,,347333,65,0,10,1,8,,347329,65,0,10,1
38002,'H50S100F-80-F1',2627,,347334,65,0,10,1,82,,347340,65,0,10,1,50,,347337,65,0,10,2,90,,347339,65,0,10,1,59,,347336,65,0,10,2,21,,347335,65,0,10,1,6,,347338,65,0,10,2
38002,'H50S200F-80-F2',2627,,347341,65,0,10,1,82,,347347,65,0,10,1,50,,347344,65,0,10,2,90,,347346,65,0,10,1,59,,347343,65,0,10,2,21,,347342,65,0,10,1,6,,347345,65,0,10,2
38002,'H54S000I-80-I',2923,,347348,65,0,10,1
38002,'H54S000S-80-S',2927,,347350,65,0,10,1,14,,347349,65,0,10,1
38002,'H54S100F-80-F1',2923,,347351,65,0,10,1
38002,'H54S200F-80-F2',2923,,347352,65,0,10,1
