20202,'H60S000A-80-A',634,,340240,36,0,10,1,23,,340252,36,0,10,2,59,,340257,36,0,10,1,17,,340239,36,0,10,1,18,,340261,36,0,10,2,62,,340229,36,0,10,1,26,,340241,36,0,10,1,71,,340254,36,0,10,1,33,,340258,36,0,10,1,70,,340250,36,0,10,1,29,,340230,36,0,10,1,67,,340242,36,0,10,1,32,,340255,36,0,10,1,73,,340259,36,0,10,1,32,,340251,36,0,10,1,71,,340231,36,0,10,1,24,,340243,36,0,10,1,60,,340237,36,0,10,1,24,,340264,36,0,10,1,28,,340260,36,0,10,1,63,,340236,36,0,10,1,22,,340256,36,0,10,1,62,,340232,36,0,10,1,25,,340244,36,0,10,1,25,,340238,36,0,10,1,67,,340265,36,0,10,1,24,,340247,36,0,10,2,61,,340268,36,0,10,1,22,,340262,36,0,10,2,22,,340233,36,0,10,1,67,,340245,36,0,10,1,31,,340266,36,0,10,1,71,,340248,36,0,10,2,30,,340269,36,0,10,1,69,,340234,36,0,10,1,29,,340246,36,0,10,1,69,,340267,36,0,10,1,28,,340249,36,0,10,2,69,,340270,36,0,10,1,28,,340235,36,0,10,1,68,,340253,36,0,10,2,28,,340263,36,0,10,1
20202,'H60S000I-81-I',634,,340274,36,0,10,1,67,,340275,36,0,10,1,29,,340271,36,0,10,1,71,,340293,36,0,10,1,32,,340286,36,0,10,1,71,,340296,36,0,10,1,32,,340304,36,0,10,1,72,,340306,36,0,10,1,33,,340294,36,0,10,1,74,,340287,36,0,10,1,32,,340297,36,0,10,1,70,,340305,36,0,10,1,31,,340307,36,0,10,1,70,,340295,36,0,10,1,31,,340288,36,0,10,1,70,,340298,36,0,10,1,32,,340276,36,0,10,1,70,,340281,36,0,10,1,33,,340291,36,0,10,1,73,,340289,36,0,10,1,29,,340299,36,0,10,1,72,,340277,36,0,10,1,30,,340282,36,0,10,1,70,,340292,36,0,10,1,73,,340290,36,0,10,1,32,,340300,36,0,10,1,72,,340278,36,0,10,1,28,,340283,36,0,10,1,68,,340272,36,0,10,1,28,,340303,36,0,10,1,28,,340301,36,0,10,1,70,,340279,36,0,10,1,30,,340284,36,0,10,1,69,,340285,36,0,10,1,29,,340273,36,0,10,1,68,,340302,36,0,10,1,28,,340280,36,0,10,1
20202,'H60S000S-83-S',616,,340325,36,0,10,1,32,,340329,36,0,10,1,73,,340315,36,0,10,1,30,,340318,36,0,10,1,72,,340322,36,0,10,1,31,,340308,36,0,10,1,69,,340326,36,0,10,1,30,,340330,36,0,10,1,68,,340316,36,0,10,1,30,,340319,36,0,10,1,61,,340323,36,0,10,1,18,,340314,36,0,10,1,21,,340309,36,0,10,1,63,,340327,36,0,10,1,24,,340331,36,0,10,1,64,,340317,36,0,10,1,17,,340336,36,0,10,1,16,,340320,36,0,10,1,19,,340337,36,0,10,1,64,,340324,36,0,10,1,24,,340310,36,0,10,1,63,,340328,36,0,10,1,20,,340341,36,0,10,2,19,,340332,36,0,10,1,57,,340346,36,0,10,1,16,,340342,36,0,10,2,18,,340321,36,0,10,1,21,,340338,36,0,10,1,66,,340348,36,0,10,1,31,,340311,36,0,10,1,72,,340349,36,0,10,1,30,,340333,36,0,10,1,70,,340343,36,0,10,2,28,,340339,36,0,10,1,63,,340347,36,0,10,1,24,,340312,36,0,10,1,68,,340350,36,0,10,1,30,,340334,36,0,10,1,69,,340344,36,0,10,2,30,,340340,36,0,10,1,72,,340313,36,0,10,1,31,,340351,36,0,10,1,70,,340335,36,0,10,1,30,,340345,36,0,10,2
20202,'H60S100F-80-F1',634,,340357,36,0,10,1,67,,340362,36,0,10,1,29,,340352,36,0,10,1,71,,340376,36,0,10,2,32,,340373,36,0,10,1,71,,340377,36,0,10,2,32,,340380,36,0,10,1,72,,340378,36,0,10,1,33,,340353,36,0,10,1,74,,340358,36,0,10,2,32,,340363,36,0,10,1,70,,340374,36,0,10,1,31,,340379,36,0,10,1,70,,340354,36,0,10,1,31,,340359,36,0,10,2,70,,340364,36,0,10,1,32,,340381,36,0,10,1,70,,340369,36,0,10,2,33,,340375,36,0,10,1,73,,340360,36,0,10,2,29,,340365,36,0,10,1,72,,340382,36,0,10,1,30,,340370,36,0,10,2,70,,340386,36,0,10,1,73,,340361,36,0,10,2,32,,340366,36,0,10,1,72,,340383,36,0,10,1,28,,340371,36,0,10,2,68,,340355,36,0,10,1,28,,340387,36,0,10,2,28,,340367,36,0,10,1,70,,340384,36,0,10,1,30,,340372,36,0,10,2,69,,340356,36,0,10,1,29,,340388,36,0,10,2,68,,340368,36,0,10,1,28,,340385,36,0,10,1
20202,'H60S200F-80-F2',634,,340394,36,0,10,1,67,,340399,36,0,10,1,29,,340389,36,0,10,1,71,,340413,36,0,10,2,32,,340410,36,0,10,1,71,,340414,36,0,10,2,32,,340417,36,0,10,1,72,,340415,36,0,10,1,33,,340390,36,0,10,1,74,,340395,36,0,10,2,32,,340400,36,0,10,1,70,,340411,36,0,10,1,31,,340416,36,0,10,1,70,,340391,36,0,10,1,31,,340396,36,0,10,2,70,,340401,36,0,10,1,32,,340418,36,0,10,1,70,,340406,36,0,10,2,33,,340412,36,0,10,1,73,,340397,36,0,10,2,29,,340402,36,0,10,1,72,,340419,36,0,10,1,30,,340407,36,0,10,2,70,,340423,36,0,10,1,73,,340398,36,0,10,2,32,,340403,36,0,10,1,72,,340420,36,0,10,1,28,,340408,36,0,10,2,68,,340392,36,0,10,1,28,,340424,36,0,10,2,28,,340404,36,0,10,1,70,,340421,36,0,10,1,30,,340409,36,0,10,2,69,,340393,36,0,10,1,29,,340425,36,0,10,2,68,,340405,36,0,10,1,28,,340422,36,0,10,1
37802,'H60S000A-80-A',2659,,347278,62,0,10,1,94,,347276,62,0,10,1,88,,347277,62,0,10,1
37802,'H60S000I-81-I',2657,,347280,62,0,10,1,92,,347281,62,0,10,1,90,,347279,62,0,10,1
37802,'H60S000S-83-S',2658,,347283,62,0,10,1,90,,347282,62,0,10,1,99,,347284,62,0,10,1
37802,'H60S100F-80-F1',2657,,347285,62,0,10,1,92,,347287,62,0,10,1,90,,347286,62,0,10,1
37802,'H60S200F-80-F2',2657,,347288,62,0,10,1,92,,347290,62,0,10,1,90,,347289,62,0,10,1
46002,'H50S000S-82-S',622,,349350,34,0,10,1,99,,349349,34,0,10,2
46002,'H57S000S-80-S',607,,349351,34,0,10,1,5,,349352,34,0,10,2,14,,349353,34,0,10,1,7,,349354,34,0,10,2,22,,349356,25,0,10,1,47,,349355,34,0,10,1
46002,'H58S000S-83-S',557,,349357,34,0,10,1,45,,349358,34,0,10,2,7,,349359,34,0,10,2,8,,349361,34,0,10,1,12,,349363,34,0,10,1,8,,349364,34,0,10,1,5,,349365,34,0,10,1,4,,349367,34,0,10,2,4,,349369,34,0,10,2,62,,349371,34,0,10,2,16,,349379,25,0,10,2,5,,349373,34,0,10,2,5,,349374,34,0,10,2,5,,349375,34,0,10,2,3,,349376,34,0,10,2,3,,349377,34,0,10,2,3,,349378,34,0,10,2,3,,349368,12,0,10,2,3,,349362,34,0,10,2,45,,349381,34,0,10,2,5,,349385,25,0,10,2,6,,349382,34,0,10,1,8,,349383,34,0,10,2,4,,349387,25,0,10,2,5,,349380,12,0,10,2,7,,349360,12,0,10,2,7,,349386,34,0,10,2,2,,349389,25,0,10,2,10,,349388,34,0,10,2,59,,349384,34,0,10,2,21,,349366,34,0,10,1,65,,349370,34,0,10,2,22,,349372,34,0,10,2,587,,349393,33,0,10,2,28,,349396,33,0,10,2,72,,349392,33,0,10,2,31,,349391,33,0,10,1,69,,349395,33,0,10,2,26,,349398,33,0,10,2,69,,349390,33,0,10,1,27,,349394,33,0,10,1,26,,349397,33,0,10,2
46002,'H58S100F-80-F1',602,,349400,34,0,10,1,15,,349404,34,0,10,2,26,,349407,34,0,10,2,71,,349410,34,0,10,2,34,,349412,34,0,10,2,65,,349406,34,0,10,1,25,,349409,34,0,10,2,66,,349401,34,0,10,1,18,,349405,34,0,10,2,21,,349408,34,0,10,2,62,,349411,34,0,10,2,19,,349414,34,0,10,2,587,,349417,33,0,10,2,28,,349402,33,0,10,2,72,,349413,33,0,10,1,31,,349415,33,0,10,1,69,,349416,33,0,10,2,26,,349419,33,0,10,2,66,,349399,33,0,10,1,27,,349418,33,0,10,2,29,,349403,33,0,10,2
46002,'H58S200F-80-F2',602,,349423,34,0,10,1,15,,349427,34,0,10,2,26,,349429,34,0,10,2,71,,349432,34,0,10,2,34,,349434,34,0,10,2,65,,349439,34,0,10,1,25,,349431,34,0,10,2,66,,349424,34,0,10,1,18,,349428,34,0,10,2,21,,349430,34,0,10,2,62,,349433,34,0,10,2,19,,349420,34,0,10,2,587,,349437,33,0,10,2,28,,349421,33,0,10,2,72,,349426,33,0,10,1,31,,349435,33,0,10,1,69,,349436,33,0,10,2,26,,349440,33,0,10,2,66,,349425,33,0,10,1,27,,349438,33,0,10,2,29,,349422,33,0,10,2
46002,'H60S000S-83-S',835,,349441,34,0,10,2
