6101,'H56S000A-80-A',541,,304135,3,0,5,1,73,,304156,3,0,5,1,33,,304146,3,0,5,2,72,,304136,3,0,5,1,32,,304157,3,0,5,1,72,,304147,3,0,5,2,33,,304137,3,0,5,1,67,,304166,3,0,5,1,27,,304158,3,0,5,1,67,,304148,3,0,5,2,28,,304138,3,0,5,1,69,,304167,3,0,5,1,29,,304159,3,0,5,1,69,,304149,3,0,5,2,29,,304139,3,0,5,1,71,,304168,3,0,5,1,30,,304160,3,0,5,1,70,,304150,3,0,5,2,30,,304140,3,0,5,1,73,,304169,3,0,5,1,30,,304161,3,0,5,1,70,,304151,3,0,5,2,33,,304141,3,0,5,1,72,,304170,3,0,5,1,31,,304162,3,0,5,1,70,,304152,3,0,5,2,31,,304142,3,0,5,1,70,,304171,3,0,5,1,28,,304163,3,0,5,1,68,,304153,3,0,5,2,28,,304143,3,0,5,1,68,,304172,3,0,5,1,27,,304164,3,0,5,1,68,,304154,3,0,5,2,29,,304144,3,0,5,1,70,,304173,3,0,5,2,30,,304165,3,0,5,1,70,,304155,3,0,5,2,30,,304145,3,0,5,1,73,,304174,3,0,5,2
6101,'H56S000I-80-I',541,,304175,3,0,5,1,72,,304196,3,0,5,2,33,,304186,3,0,5,2,73,,304176,3,0,5,1,31,,304197,3,0,5,2,70,,304187,3,0,5,2,32,,304177,3,0,5,1,72,,304198,3,0,5,2,28,,304206,3,0,5,1,67,,304188,3,0,5,2,27,,304178,3,0,5,1,69,,304199,3,0,5,2,29,,304207,3,0,5,1,69,,304189,3,0,5,2,29,,304179,3,0,5,1,70,,304200,3,0,5,2,30,,304208,3,0,5,1,70,,304190,3,0,5,2,30,,304180,3,0,5,1,70,,304201,3,0,5,2,31,,304209,3,0,5,1,70,,304191,3,0,5,2,30,,304181,3,0,5,1,70,,304202,3,0,5,2,30,,304210,3,0,5,1,70,,304192,3,0,5,2,30,,304182,3,0,5,1,70,,304203,3,0,5,2,30,,304211,3,0,5,1,69,,304193,3,0,5,2,29,,304183,3,0,5,1,69,,304204,3,0,5,2,29,,304212,3,0,5,1,70,,304194,3,0,5,2,30,,304184,3,0,5,1,70,,304205,3,0,5,2,30,,304213,3,0,5,1,70,,304195,3,0,5,2,31,,304185,3,0,5,1
6101,'H56S000S-82-S',514,,304214,3,0,5,2,16,,304274,3,0,5,1,73,,304276,3,0,5,1,24,,304217,3,0,5,1,27,,304235,3,0,5,2,71,,304247,3,0,5,2,33,,304246,3,0,5,1,72,,304237,3,0,5,1,71,,304249,3,0,5,2,28,,304230,3,0,5,2,28,,304242,3,0,5,1,70,,304220,3,0,5,1,31,,304238,3,0,5,1,71,,304223,3,0,5,1,30,,304231,3,0,5,1,70,,304243,3,0,5,1,30,,304221,3,0,5,1,71,,304239,3,0,5,1,71,,304224,3,0,5,1,32,,304232,3,0,5,1,70,,304244,3,0,5,1,33,,304258,3,0,5,1,71,,304250,3,0,5,2,31,,304225,3,0,5,1,71,,304233,3,0,5,1,33,,304245,3,0,5,1,65,,304259,3,0,5,1,28,,304251,3,0,5,2,67,,304226,3,0,5,1,23,,304266,3,0,5,2,23,,304257,3,0,5,2,64,,304260,3,0,5,1,27,,304252,3,0,5,2,69,,304227,3,0,5,1,29,,304267,3,0,5,2,70,,304261,3,0,5,1,30,,304253,3,0,5,2,69,,304228,3,0,5,1,28,,304268,3,0,5,2,70,,304262,3,0,5,1,30,,304254,3,0,5,2
6101,'H56S100F-80-F1',541,,304277,3,0,5,1,72,,304298,3,0,5,2,33,,304288,3,0,5,2,73,,304278,3,0,5,1,31,,304299,3,0,5,2,70,,304289,3,0,5,2,32,,304279,3,0,5,1,72,,304300,3,0,5,2,28,,304308,3,0,5,1,67,,304290,3,0,5,2,27,,304280,3,0,5,1,69,,304301,3,0,5,2,29,,304309,3,0,5,1,69,,304291,3,0,5,2,29,,304281,3,0,5,1,70,,304302,3,0,5,2,30,,304310,3,0,5,1,70,,304292,3,0,5,2,30,,304282,3,0,5,1,70,,304303,3,0,5,2,31,,304311,3,0,5,1,70,,304293,3,0,5,2,30,,304283,3,0,5,1,70,,304304,3,0,5,2,30,,304312,3,0,5,1,70,,304294,3,0,5,2,30,,304284,3,0,5,1,70,,304305,3,0,5,2,30,,304313,3,0,5,1,69,,304295,3,0,5,2,29,,304285,3,0,5,1,69,,304306,3,0,5,2,29,,304314,3,0,5,1,70,,304296,3,0,5,2,30,,304286,3,0,5,1,70,,304307,3,0,5,2,30,,304315,3,0,5,1,70,,304297,3,0,5,2,31,,304287,3,0,5,1
6101,'H56S200F-80-F2',541,,304316,3,0,5,1,72,,304337,3,0,5,2,33,,304327,3,0,5,2,73,,304317,3,0,5,1,31,,304338,3,0,5,2,70,,304328,3,0,5,2,32,,304318,3,0,5,1,72,,304339,3,0,5,2,28,,304347,3,0,5,1,67,,304329,3,0,5,2,27,,304319,3,0,5,1,69,,304340,3,0,5,2,29,,304348,3,0,5,1,69,,304330,3,0,5,2,29,,304320,3,0,5,1,70,,304341,3,0,5,2,30,,304349,3,0,5,1,70,,304331,3,0,5,2,30,,304321,3,0,5,1,70,,304342,3,0,5,2,31,,304350,3,0,5,1,70,,304332,3,0,5,2,30,,304322,3,0,5,1,70,,304343,3,0,5,2,30,,304351,3,0,5,1,70,,304333,3,0,5,2,30,,304323,3,0,5,1,70,,304344,3,0,5,2,30,,304352,3,0,5,1,69,,304334,3,0,5,2,29,,304324,3,0,5,1,69,,304345,3,0,5,2,29,,304353,3,0,5,1,70,,304335,3,0,5,2,30,,304325,3,0,5,1,70,,304346,3,0,5,2,30,,304354,3,0,5,1,70,,304336,3,0,5,2,31,,304326,3,0,5,1
11201,'H56S000A-80-A',515,,319199,21,0,5,1,31,,319206,21,0,5,1,71,,319211,21,0,5,1,28,,319217,21,0,5,1,69,,319207,21,0,5,1,29,,319212,21,0,5,1,69,,319218,21,0,5,1,30,,319232,21,0,5,1,70,,319208,21,0,5,1,29,,319235,21,0,5,2,69,,319233,21,0,5,1,30,,319209,21,0,5,1,69,,319236,21,0,5,2,30,,319219,21,0,5,1,69,,319213,21,0,5,1,26,,319237,21,0,5,2,66,,319220,21,0,5,1,26,,319214,21,0,5,1,23,,319239,21,0,5,2,65,,319238,21,0,5,2,25,,319221,21,0,5,1,66,,319215,21,0,5,1,26,,319241,21,0,5,2,25,,319222,21,0,5,1,66,,319216,21,0,5,1,33,,319242,21,0,5,2,73,,319223,21,0,5,1,73,,319224,21,0,5,1,33,,319201,21,0,5,1,72,,319229,21,0,5,1,29,,319225,21,0,5,1,68,,319202,21,0,5,1,27,,319230,21,0,5,1,28,,319226,21,0,5,1,70,,319203,21,0,5,1,30,,319231,21,0,5,1,68,,319227,21,0,5,1,27,,319204,21,0,5,1,66,,319210,21,0,5,1,28,,319205,21,0,5,1,70,,319228,21,0,5,1,30,,319240,21,0,5,1,69,,319234,21,0,5,1,29,,319200,21,0,5,1
11201,'H56S000I-80-I',517,,319244,21,0,5,1,31,,319284,21,0,5,1,71,,319255,21,0,5,1,29,,319276,21,0,5,2,67,,319285,21,0,5,1,29,,319256,21,0,5,1,69,,319277,21,0,5,2,30,,319258,21,0,5,1,70,,319270,21,0,5,1,29,,319278,21,0,5,2,69,,319259,21,0,5,1,29,,319271,21,0,5,1,69,,319279,21,0,5,2,29,,319260,21,0,5,1,70,,319272,21,0,5,1,30,,319280,21,0,5,2,69,,319261,21,0,5,1,29,,319273,21,0,5,1,69,,319281,21,0,5,2,29,,319262,21,0,5,1,69,,319274,21,0,5,1,29,,319282,21,0,5,2,25,,319263,21,0,5,1,63,,319275,21,0,5,1,33,,319283,21,0,5,2,72,,319264,21,0,5,1,33,,319251,21,0,5,2,72,,319246,21,0,5,2,73,,319265,21,0,5,1,29,,319252,21,0,5,2,69,,319247,21,0,5,2,29,,319266,21,0,5,1,29,,319253,21,0,5,2,69,,319248,21,0,5,2,29,,319267,21,0,5,1,68,,319254,21,0,5,2,28,,319249,21,0,5,2,67,,319268,21,0,5,1,26,,319257,21,0,5,1,69,,319269,21,0,5,1,30,,319250,21,0,5,2,71,,319243,21,0,5,2,28,,319245,21,0,5,1
11201,'H56S000S-82-S',516,,319286,21,0,5,1,23,,319294,21,0,5,1,20,,319349,21,0,5,1,53,,319288,21,0,5,1,14,,319287,21,0,5,1,13,,319343,21,0,5,2,11,,319296,21,0,5,2,50,,319295,21,0,5,1,10,,319290,21,0,5,1,7,,319298,21,0,5,2,7,,319300,21,0,5,2,7,,319289,21,0,5,1,8,,319316,21,0,5,1,7,,319301,21,0,5,2,6,,319291,21,0,5,2,7,,319344,21,0,5,2,48,,319337,21,0,5,2,8,,319309,21,0,5,2,12,,319297,21,0,5,2,11,,319322,21,0,5,1,12,,319299,21,0,5,2,52,,319346,21,0,5,2,11,,319328,21,0,5,2,12,,319347,21,0,5,1,12,,319345,21,0,5,2,12,,319310,21,0,5,2,59,,319323,21,0,5,1,21,,319348,21,0,5,1,20,,319329,21,0,5,2,60,,319311,21,0,5,1,21,,319324,21,0,5,1,19,,319333,21,0,5,1,61,,319330,21,0,5,2,22,,319312,21,0,5,1,20,,319334,21,0,5,1,58,,319325,21,0,5,1,21,,319331,21,0,5,2,23,,319313,21,0,5,1,58,,319302,21,0,5,2,18,,319335,21,0,5,1,18,,319326,21,0,5,1,62,,319332,21,0,5,2,21,,319314,21,0,5,1,20,,319303,21,0,5,2,61,,319327,21,0,5,1,26,,319308,21,0,5,2,66,,319315,21,0,5,1,25,,319338,21,0,5,2,26,,319336,21,0,5,1,68,,319304,21,0,5,2,33,,319339,21,0,5,2,70,,319317,21,0,5,1,30,,319305,21,0,5,2,69,,319340,21,0,5,2,29,,319318,21,0,5,1,68,,319306,21,0,5,2,28,,319341,21,0,5,2,68,,319319,21,0,5,1,26,,319307,21,0,5,2,69,,319342,21,0,5,2,30,,319320,21,0,5,1,72,,319292,21,0,5,1,33,,319321,21,0,5,1,69,,319293,21,0,5,1
11201,'H56S100F-80-F1',517,,319351,21,0,5,1,31,,319391,21,0,5,1,71,,319362,21,0,5,1,29,,319383,21,0,5,2,67,,319392,21,0,5,1,29,,319363,21,0,5,1,69,,319384,21,0,5,2,30,,319365,21,0,5,1,70,,319377,21,0,5,1,29,,319385,21,0,5,2,69,,319366,21,0,5,1,29,,319378,21,0,5,1,69,,319386,21,0,5,2,29,,319367,21,0,5,1,70,,319379,21,0,5,1,30,,319387,21,0,5,2,69,,319368,21,0,5,1,29,,319380,21,0,5,1,69,,319388,21,0,5,2,29,,319369,21,0,5,1,69,,319381,21,0,5,1,29,,319389,21,0,5,2,25,,319370,21,0,5,1,63,,319382,21,0,5,1,33,,319390,21,0,5,2,72,,319371,21,0,5,1,33,,319358,21,0,5,2,72,,319353,21,0,5,2,73,,319372,21,0,5,1,29,,319359,21,0,5,2,69,,319354,21,0,5,2,29,,319373,21,0,5,1,29,,319360,21,0,5,2,69,,319355,21,0,5,2,29,,319374,21,0,5,1,68,,319361,21,0,5,2,28,,319356,21,0,5,2,67,,319375,21,0,5,1,26,,319364,21,0,5,1,69,,319376,21,0,5,1,30,,319357,21,0,5,2,71,,319350,21,0,5,2,28,,319352,21,0,5,1
11201,'H56S200F-80-F2',517,,319394,21,0,5,1,31,,319434,21,0,5,1,71,,319405,21,0,5,1,29,,319426,21,0,5,2,67,,319435,21,0,5,1,29,,319406,21,0,5,1,69,,319427,21,0,5,2,30,,319408,21,0,5,1,70,,319420,21,0,5,1,29,,319428,21,0,5,2,69,,319409,21,0,5,1,29,,319421,21,0,5,1,69,,319429,21,0,5,2,29,,319410,21,0,5,1,70,,319422,21,0,5,1,30,,319430,21,0,5,2,69,,319411,21,0,5,1,29,,319423,21,0,5,1,69,,319431,21,0,5,2,29,,319412,21,0,5,1,69,,319424,21,0,5,1,29,,319432,21,0,5,2,25,,319413,21,0,5,1,63,,319425,21,0,5,1,33,,319433,21,0,5,2,72,,319414,21,0,5,1,33,,319401,21,0,5,2,72,,319396,21,0,5,2,73,,319415,21,0,5,1,29,,319402,21,0,5,2,69,,319397,21,0,5,2,29,,319416,21,0,5,1,29,,319403,21,0,5,2,69,,319398,21,0,5,2,29,,319417,21,0,5,1,68,,319404,21,0,5,2,28,,319399,21,0,5,2,67,,319418,21,0,5,1,26,,319407,21,0,5,1,69,,319419,21,0,5,1,30,,319400,21,0,5,2,71,,319393,21,0,5,2,28,,319395,21,0,5,1
