4701,'H57S000A-80-A',617,,299134,22,0,5,1,34,,299136,22,0,5,1,70,,299140,22,0,5,2,30,,299124,22,0,5,1,73,,299135,22,0,5,1,31,,299137,22,0,5,1,70,,299141,22,0,5,2,30,,299125,22,0,5,1,70,,299142,22,0,5,2,32,,299138,22,0,5,1,70,,299151,22,0,5,1,30,,299126,22,0,5,1,70,,299143,22,0,5,2,30,,299139,22,0,5,1,71,,299152,22,0,5,1,30,,299127,22,0,5,1,70,,299144,22,0,5,2,30,,299158,22,0,5,1,70,,299153,22,0,5,1,72,,299128,22,0,5,1,30,,299145,22,0,5,2,70,,299159,22,0,5,1,30,,299154,22,0,5,1,29,,299129,22,0,5,1,68,,299146,22,0,5,2,30,,299160,22,0,5,1,70,,299155,22,0,5,1,29,,299130,22,0,5,1,70,,299147,22,0,5,2,30,,299161,22,0,5,1,70,,299148,22,0,5,2,28,,299131,22,0,5,1,70,,299149,22,0,5,1,30,,299162,22,0,5,1,70,,299156,22,0,5,1,29,,299132,22,0,5,1,70,,299150,22,0,5,1,30,,299163,22,0,5,1,70,,299157,22,0,5,1,36,,299133,22,0,5,1
4701,'H57S000I-80-I',554,,299189,22,0,5,1,61,,299164,22,0,5,1,26,,299174,22,0,5,1,69,,299179,22,0,5,1,30,,299190,22,0,5,1,70,,299165,22,0,5,1,31,,299175,22,0,5,1,70,,299180,22,0,5,1,30,,299191,22,0,5,1,74,,299166,22,0,5,1,30,,299176,22,0,5,1,70,,299181,22,0,5,1,31,,299192,22,0,5,1,70,,299167,22,0,5,1,30,,299177,22,0,5,1,70,,299182,22,0,5,1,30,,299193,22,0,5,1,70,,299168,22,0,5,1,30,,299178,22,0,5,1,70,,299183,22,0,5,1,32,,299194,22,0,5,1,70,,299169,22,0,5,1,29,,299195,22,0,5,1,69,,299184,22,0,5,1,30,,299201,22,0,5,1,70,,299170,22,0,5,1,28,,299196,22,0,5,1,70,,299185,22,0,5,1,30,,299202,22,0,5,1,70,,299171,22,0,5,1,29,,299197,22,0,5,1,70,,299186,22,0,5,1,30,,299203,22,0,5,1,69,,299172,22,0,5,1,30,,299198,22,0,5,1,70,,299187,22,0,5,1,30,,299204,22,0,5,1,70,,299173,22,0,5,1,30,,299199,22,0,5,1,65,,299188,22,0,5,1,27,,299200,22,0,5,1
4701,'H57S000S-80-S',602,,299205,22,0,5,1,34,,299211,22,0,5,2,70,,299206,22,0,5,1,31,,299212,22,0,5,2,75,,299207,22,0,5,1,33,,299233,22,0,5,2,70,,299226,22,0,5,1,29,,299208,22,0,5,1,71,,299227,22,0,5,1,31,,299209,22,0,5,1,71,,299213,22,0,5,1,30,,299210,22,0,5,1,63,,299228,22,0,5,1,29,,299214,22,0,5,1,71,,299229,22,0,5,1,31,,299215,22,0,5,1,71,,299230,22,0,5,1,31,,299216,22,0,5,1,73,,299231,22,0,5,1,34,,299217,22,0,5,1,66,,299246,22,0,5,2,27,,299232,22,0,5,1,60,,299218,22,0,5,1,14,,299234,22,0,5,1,15,,299247,22,0,5,2,13,,299242,22,0,5,2,57,,299219,22,0,5,1,15,,299245,22,0,5,2,18,,299235,22,0,5,1,20,,299243,22,0,5,2,61,,299220,22,0,5,1,29,,299236,22,0,5,1,69,,299221,22,0,5,1,29,,299237,22,0,5,1,69,,299222,22,0,5,1,28,,299238,22,0,5,1,68,,299223,22,0,5,1,28,,299239,22,0,5,1,66,,299224,22,0,5,1,29,,299240,22,0,5,1,27,,299225,22,0,5,1,67,,299241,22,0,5,1,25,,299248,22,0,5,1,88,,299244,22,0,5,1
4701,'H57S100F-80-F1',554,,299274,22,0,5,1,61,,299249,22,0,5,1,26,,299259,22,0,5,1,69,,299264,22,0,5,1,30,,299275,22,0,5,1,70,,299250,22,0,5,1,31,,299260,22,0,5,1,70,,299265,22,0,5,1,30,,299276,22,0,5,1,74,,299251,22,0,5,1,30,,299261,22,0,5,1,70,,299266,22,0,5,1,31,,299277,22,0,5,1,70,,299252,22,0,5,1,30,,299262,22,0,5,1,70,,299267,22,0,5,1,30,,299278,22,0,5,1,70,,299253,22,0,5,1,30,,299263,22,0,5,1,70,,299268,22,0,5,1,32,,299279,22,0,5,1,70,,299254,22,0,5,1,29,,299280,22,0,5,1,69,,299269,22,0,5,1,30,,299286,22,0,5,1,70,,299255,22,0,5,1,28,,299281,22,0,5,1,70,,299270,22,0,5,1,30,,299287,22,0,5,1,70,,299256,22,0,5,1,29,,299282,22,0,5,1,70,,299271,22,0,5,1,30,,299288,22,0,5,1,69,,299257,22,0,5,1,30,,299283,22,0,5,1,70,,299272,22,0,5,1,30,,299289,22,0,5,1,70,,299258,22,0,5,1,30,,299284,22,0,5,1,65,,299273,22,0,5,1,27,,299285,22,0,5,1
4701,'H57S200F-80-F2',554,,299315,22,0,5,1,61,,299290,22,0,5,1,26,,299300,22,0,5,1,69,,299305,22,0,5,1,30,,299316,22,0,5,1,70,,299291,22,0,5,1,31,,299301,22,0,5,1,70,,299306,22,0,5,1,30,,299317,22,0,5,1,74,,299292,22,0,5,1,30,,299302,22,0,5,1,70,,299307,22,0,5,1,31,,299318,22,0,5,1,70,,299293,22,0,5,1,30,,299303,22,0,5,1,70,,299308,22,0,5,1,30,,299319,22,0,5,1,70,,299294,22,0,5,1,30,,299304,22,0,5,1,70,,299309,22,0,5,1,32,,299320,22,0,5,1,70,,299295,22,0,5,1,29,,299321,22,0,5,1,69,,299310,22,0,5,1,30,,299327,22,0,5,1,70,,299296,22,0,5,1,28,,299322,22,0,5,1,70,,299311,22,0,5,1,30,,299328,22,0,5,1,70,,299297,22,0,5,1,29,,299323,22,0,5,1,70,,299312,22,0,5,1,30,,299329,22,0,5,1,69,,299298,22,0,5,1,30,,299324,22,0,5,1,70,,299313,22,0,5,1,30,,299330,22,0,5,1,70,,299299,22,0,5,1,30,,299325,22,0,5,1,65,,299314,22,0,5,1,27,,299326,22,0,5,1
13904,'H58S000A-80-A',522,,325593,31,0,9,1,28,,325616,31,0,9,2,62,,325620,31,0,9,1,22,,325589,31,0,9,2,15,,325594,31,0,9,1,51,,325618,31,0,9,1,11,,325609,31,0,9,1,11,,325617,31,0,9,2,9,,325604,31,0,9,1,9,,325628,31,0,9,2,10,,325621,31,0,9,1,52,,325619,31,0,9,1,13,,325590,31,0,9,2,15,,325595,31,0,9,1,20,,325610,31,0,9,1,70,,325605,31,0,9,1,30,,325622,31,0,9,1,72,,325596,31,0,9,1,31,,325611,31,0,9,1,70,,325606,31,0,9,1,30,,325623,31,0,9,1,71,,325597,31,0,9,1,31,,325612,31,0,9,1,71,,325607,31,0,9,1,30,,325624,31,0,9,1,70,,325598,31,0,9,1,30,,325613,31,0,9,1,69,,325608,31,0,9,1,30,,325625,31,0,9,1,70,,325599,31,0,9,1,30,,325614,31,0,9,1,67,,325633,31,0,9,1,29,,325586,31,0,9,2,63,,325600,31,0,9,1,27,,325615,31,0,9,1,70,,325591,31,0,9,2,30,,325587,31,0,9,2,70,,325601,31,0,9,1,30,,325630,31,0,9,2,70,,325592,31,0,9,2,29,,325588,31,0,9,2,69,,325629,31,0,9,1,28,,325602,31,0,9,1,68,,325626,31,0,9,2,32,,325631,31,0,9,2,71,,325603,31,0,9,1,31,,325627,31,0,9,2,73,,325632,31,0,9,2
13904,'H58S000I-80-I',521,,325635,31,0,9,2,30,,325648,31,0,9,1,61,,325652,31,0,9,1,21,,325645,31,0,9,2,20,,325636,31,0,9,2,56,,325661,31,0,9,1,15,,325649,31,0,9,1,15,,325667,31,0,9,2,15,,325653,31,0,9,1,55,,325651,31,0,9,2,23,,325637,31,0,9,2,26,,325662,31,0,9,1,66,,325668,31,0,9,2,29,,325654,31,0,9,1,67,,325638,31,0,9,2,31,,325663,31,0,9,1,68,,325669,31,0,9,2,33,,325655,31,0,9,1,72,,325639,31,0,9,2,28,,325664,31,0,9,1,70,,325670,31,0,9,2,31,,325656,31,0,9,1,69,,325640,31,0,9,2,30,,325665,31,0,9,1,70,,325671,31,0,9,2,31,,325657,31,0,9,1,66,,325641,31,0,9,2,29,,325666,31,0,9,1,69,,325672,31,0,9,2,31,,325658,31,0,9,1,69,,325642,31,0,9,2,29,,325676,31,0,9,2,68,,325673,31,0,9,2,28,,325659,31,0,9,1,70,,325643,31,0,9,2,29,,325677,31,0,9,2,65,,325674,31,0,9,2,25,,325660,31,0,9,1,25,,325644,31,0,9,2,66,,325678,31,0,9,2,26,,325675,31,0,9,2,64,,325650,31,0,9,1,27,,325647,31,0,9,1,68,,325646,31,0,9,1,30,,325634,31,0,9,1,72,,325679,31,0,9,2
13904,'H58S000S-83-S',524,,325687,31,0,9,1,33,,325696,31,0,9,2,74,,325681,31,0,9,1,70,,325690,31,0,9,2,34,,325688,31,0,9,1,70,,325697,31,0,9,2,30,,325682,31,0,9,1,68,,325691,31,0,9,2,30,,325689,31,0,9,1,70,,325698,31,0,9,2,30,,325683,31,0,9,1,69,,325692,31,0,9,2,30,,325713,31,0,9,1,71,,325699,31,0,9,2,30,,325684,31,0,9,1,70,,325693,31,0,9,2,32,,325714,31,0,9,1,70,,325700,31,0,9,2,32,,325685,31,0,9,1,70,,325694,31,0,9,2,31,,325715,31,0,9,1,75,,325701,31,0,9,2,32,,325686,31,0,9,1,72,,325695,31,0,9,2,32,,325716,31,0,9,1,68,,325705,31,0,9,1,28,,325702,31,0,9,2,65,,325708,31,0,9,1,28,,325717,31,0,9,1,68,,325706,31,0,9,1,29,,325703,31,0,9,2,69,,325709,31,0,9,1,30,,325718,31,0,9,1,70,,325707,31,0,9,1,30,,325704,31,0,9,2,69,,325710,31,0,9,1,26,,325719,31,0,9,2,30,,325712,31,0,9,1,69,,325680,31,0,9,1,26,,325711,31,0,9,1,60,,325720,31,0,9,2
13904,'H58S100F-80-F1',521,,325721,31,0,9,1,30,,325741,31,0,9,1,61,,325744,31,0,9,2,21,,325754,31,0,9,2,20,,325722,31,0,9,1,56,,325757,31,0,9,2,15,,325742,31,0,9,1,15,,325732,31,0,9,1,15,,325745,31,0,9,2,55,,325743,31,0,9,2,23,,325723,31,0,9,1,26,,325758,31,0,9,2,66,,325733,31,0,9,1,29,,325746,31,0,9,2,67,,325724,31,0,9,1,31,,325759,31,0,9,2,68,,325734,31,0,9,1,33,,325747,31,0,9,2,72,,325725,31,0,9,1,28,,325760,31,0,9,2,70,,325735,31,0,9,1,31,,325748,31,0,9,2,69,,325726,31,0,9,1,30,,325761,31,0,9,2,70,,325736,31,0,9,1,31,,325749,31,0,9,2,66,,325727,31,0,9,1,29,,325762,31,0,9,2,69,,325737,31,0,9,1,31,,325750,31,0,9,2,69,,325728,31,0,9,1,29,,325763,31,0,9,2,68,,325738,31,0,9,1,28,,325751,31,0,9,2,70,,325729,31,0,9,1,29,,325764,31,0,9,2,65,,325739,31,0,9,1,25,,325752,31,0,9,2,25,,325730,31,0,9,1,66,,325755,31,0,9,1,26,,325765,31,0,9,2,64,,325753,31,0,9,2,27,,325766,31,0,9,2,68,,325740,31,0,9,1,30,,325731,31,0,9,2,72,,325756,31,0,9,1
13904,'H58S200F-80-F2',521,,325770,31,0,9,1,30,,325808,31,0,9,1,61,,325780,31,0,9,2,21,,325768,31,0,9,2,20,,325771,31,0,9,1,56,,325799,31,0,9,2,15,,325809,31,0,9,1,15,,325790,31,0,9,1,15,,325781,31,0,9,2,55,,325769,31,0,9,2,23,,325772,31,0,9,1,26,,325800,31,0,9,2,66,,325791,31,0,9,1,29,,325782,31,0,9,2,67,,325773,31,0,9,1,31,,325801,31,0,9,2,68,,325792,31,0,9,1,33,,325783,31,0,9,2,72,,325774,31,0,9,1,28,,325802,31,0,9,2,70,,325793,31,0,9,1,31,,325784,31,0,9,2,69,,325775,31,0,9,1,30,,325803,31,0,9,2,70,,325794,31,0,9,1,31,,325785,31,0,9,2,66,,325776,31,0,9,1,29,,325804,31,0,9,2,69,,325795,31,0,9,1,31,,325786,31,0,9,2,69,,325777,31,0,9,1,29,,325805,31,0,9,2,68,,325796,31,0,9,1,28,,325787,31,0,9,2,70,,325778,31,0,9,1,29,,325806,31,0,9,2,65,,325797,31,0,9,1,25,,325788,31,0,9,2,25,,325779,31,0,9,1,66,,325810,31,0,9,1,26,,325807,31,0,9,2,64,,325789,31,0,9,2,27,,325812,31,0,9,2,68,,325798,31,0,9,1,30,,325767,31,0,9,2,72,,325811,31,0,9,1
35504,'H54S000A-80-A',2540,,346166,32,0,9,2,86,,346165,32,0,9,1,85,,346168,32,0,9,1,44,,346170,32,0,9,1,85,,346167,32,0,9,2,65,,346169,32,0,9,1
35504,'H54S000I-80-I',2537,,346173,32,0,9,1,85,,346172,32,0,9,2,85,,346171,32,0,9,1,46,,346176,32,0,9,2,88,,346174,32,0,9,1,71,,346175,32,0,9,2
35504,'H54S000S-80-S',2539,,346177,32,0,9,1,85,,346181,32,0,9,2,85,,346180,32,0,9,1,45,,346179,32,0,9,2,85,,346178,32,0,9,1,73,,346182,32,0,9,2
35504,'H54S100F-80-F1',2537,,346185,32,0,9,1,85,,346184,32,0,9,2,85,,346183,32,0,9,1,46,,346188,32,0,9,2,88,,346186,32,0,9,1,71,,346187,32,0,9,2
35504,'H54S200F-80-F2',2537,,346191,32,0,9,1,85,,346190,32,0,9,2,85,,346189,32,0,9,1,46,,346194,32,0,9,2,88,,346192,32,0,9,1,71,,346193,32,0,9,2
