12102,'H58S000A-80-A',510,,321336,30,0,10,1,29,,321342,30,0,10,1,69,,321340,30,0,10,1,26,,321337,30,0,10,1,25,,321348,30,0,10,1,66,,321343,30,0,10,1,24,,321341,30,0,10,1,65,,321338,30,0,10,1,23,,321354,30,0,10,1,18,,321349,30,0,10,1,59,,321379,30,0,10,1,16,,321344,30,0,10,1,15,,321363,30,0,10,1,56,,321355,30,0,10,1,15,,321371,30,0,10,1,16,,321339,30,0,10,1,16,,321350,30,0,10,1,55,,321360,30,0,10,1,14,,321380,30,0,10,1,15,,321356,30,0,10,1,14,,321345,30,0,10,1,56,,321364,30,0,10,1,15,,321372,30,0,10,1,15,,321387,30,0,10,1,14,,321351,30,0,10,1,54,,321361,30,0,10,1,13,,321397,30,0,10,1,12,,321381,30,0,10,1,12,,321357,30,0,10,1,11,,321346,30,0,10,1,52,,321394,30,0,10,1,12,,321365,30,0,10,1,13,,321373,30,0,10,1,12,,321388,30,0,10,1,12,,321352,30,0,10,1,51,,321401,30,0,10,1,12,,321362,30,0,10,1,10,,321398,30,0,10,1,11,,321382,30,0,10,1,11,,321358,30,0,10,1,13,,321347,30,0,10,1,53,,321395,30,0,10,1,14,,321366,30,0,10,1,14,,321374,30,0,10,1,15,,321389,30,0,10,1,55,,321353,30,0,10,1,13,,321402,30,0,10,1,12,,321399,30,0,10,1,13,,321383,30,0,10,1,54,,321359,30,0,10,1,15,,321396,30,0,10,1,16,,321367,30,0,10,1,17,,321375,30,0,10,1,57,,321390,30,0,10,1,23,,321400,30,0,10,1,26,,321384,30,0,10,1,70,,321368,30,0,10,1,30,,321376,30,0,10,1,68,,321391,30,0,10,1,32,,321385,30,0,10,1,70,,321369,30,0,10,1,30,,321377,30,0,10,1,71,,321392,30,0,10,1,27,,321386,30,0,10,1,71,,321370,30,0,10,1,30,,321378,30,0,10,1,73,,321393,30,0,10,1
12102,'H58S000I-80-I',512,,321403,30,0,10,1,29,,321422,30,0,10,1,70,,321411,30,0,10,1,30,,321404,30,0,10,1,70,,321423,30,0,10,1,31,,321412,30,0,10,1,66,,321429,30,0,10,1,25,,321405,30,0,10,1,26,,321424,30,0,10,1,64,,321413,30,0,10,1,25,,321439,30,0,10,1,62,,321430,30,0,10,1,18,,321406,30,0,10,1,19,,321425,30,0,10,1,57,,321453,30,0,10,1,16,,321449,30,0,10,1,16,,321414,30,0,10,1,18,,321440,30,0,10,1,58,,321431,30,0,10,1,18,,321407,30,0,10,1,17,,321426,30,0,10,1,54,,321442,30,0,10,1,13,,321454,30,0,10,1,12,,321450,30,0,10,1,13,,321415,30,0,10,1,13,,321456,30,0,10,1,55,,321441,30,0,10,1,14,,321432,30,0,10,1,14,,321408,30,0,10,1,15,,321427,30,0,10,1,53,,321443,30,0,10,1,14,,321451,30,0,10,1,15,,321455,30,0,10,1,16,,321416,30,0,10,1,56,,321457,30,0,10,1,18,,321433,30,0,10,1,18,,321409,30,0,10,1,18,,321428,30,0,10,1,57,,321444,30,0,10,1,16,,321452,30,0,10,1,18,,321417,30,0,10,1,60,,321458,30,0,10,1,20,,321434,30,0,10,1,22,,321410,30,0,10,1,65,,321445,30,0,10,1,29,,321418,30,0,10,1,69,,321459,30,0,10,1,31,,321435,30,0,10,1,73,,321446,30,0,10,1,31,,321419,30,0,10,1,72,,321460,30,0,10,1,31,,321436,30,0,10,1,69,,321447,30,0,10,1,32,,321420,30,0,10,1,71,,321437,30,0,10,1,32,,321448,30,0,10,1,69,,321421,30,0,10,1,24,,321438,30,0,10,1
12102,'H58S000S-83-S',515,,321468,30,0,10,1,9,,321476,30,0,10,1,9,,321487,30,0,10,1,11,,321503,30,0,10,1,9,,321511,30,0,10,1,49,,321513,30,0,10,1,9,,321474,30,0,10,1,9,,321461,30,0,10,1,8,,321519,30,0,10,1,8,,321493,30,0,10,1,8,,321521,30,0,10,1,8,,321523,30,0,10,1,49,,321530,30,0,10,1,6,,321536,30,0,10,1,6,,321469,30,0,10,1,6,,321542,30,0,10,1,9,,321477,30,0,10,1,6,,321544,30,0,10,1,5,,321488,30,0,10,1,5,,321545,30,0,10,1,5,,321546,30,0,10,1,6,,321504,30,0,10,1,47,,321512,30,0,10,1,5,,321547,30,0,10,1,3,,321549,13,0,10,1,3,,321514,30,0,10,1,6,,321548,30,0,10,1,6,,321475,30,0,10,1,5,,321543,13,0,10,1,2,,321462,30,0,10,1,6,,321520,30,0,10,1,3,,321494,13,0,10,1,7,,321522,30,0,10,1,8,,321524,30,0,10,1,48,,321531,30,0,10,1,9,,321537,30,0,10,1,10,,321470,30,0,10,1,10,,321478,30,0,10,1,11,,321489,30,0,10,1,12,,321505,30,0,10,1,52,,321550,30,0,10,1,12,,321515,30,0,10,1,12,,321463,30,0,10,1,12,,321495,30,0,10,1,12,,321525,30,0,10,1,52,,321532,30,0,10,1,12,,321538,30,0,10,1,12,,321471,30,0,10,1,12,,321479,30,0,10,1,12,,321490,30,0,10,1,51,,321506,30,0,10,1,10,,321551,30,0,10,1,10,,321516,30,0,10,1,11,,321464,30,0,10,1,11,,321496,30,0,10,1,51,,321526,30,0,10,1,12,,321533,30,0,10,1,11,,321539,30,0,10,1,11,,321472,30,0,10,1,10,,321552,30,0,10,1,10,,321480,30,0,10,1,50,,321491,30,0,10,1,10,,321507,30,0,10,1,12,,321517,30,0,10,1,12,,321465,30,0,10,1,12,,321497,30,0,10,1,51,,321527,30,0,10,1,12,,321534,30,0,10,1,12,,321540,30,0,10,1,9,,321563,30,0,10,1,10,,321473,30,0,10,1,9,,321553,30,0,10,1,48,,321572,30,0,10,1,9,,321481,30,0,10,1,9,,321492,30,0,10,1,4,,321571,13,0,10,1,4,,321568,30,0,10,1,7,,321535,30,0,10,1,3,,321508,30,0,10,1,8,,321518,30,0,10,1,8,,321466,30,0,10,1,48,,321498,30,0,10,1,10,,321570,30,0,10,1,10,,321528,30,0,10,1,10,,321561,30,0,10,1,10,,321541,30,0,10,1,10,,321559,30,0,10,1,51,,321564,30,0,10,1,11,,321554,30,0,10,1,6,,321573,13,0,10,1,5,,321482,30,0,10,1,11,,321569,30,0,10,1,12,,321509,30,0,10,1,12,,321467,30,0,10,1,52,,321499,30,0,10,1,12,,321529,30,0,10,1,11,,321562,30,0,10,1,11,,321560,30,0,10,1,11,,321565,30,0,10,1,51,,321555,30,0,10,1,12,,321483,30,0,10,1,24,,321510,30,0,10,1,68,,321500,30,0,10,1,27,,321566,30,0,10,1,65,,321556,30,0,10,1,24,,321484,30,0,10,1,27,,321501,30,0,10,1,70,,321567,30,0,10,1,27,,321557,30,0,10,1,71,,321485,30,0,10,1,32,,321502,30,0,10,1,71,,321558,30,0,10,1,26,,321486,30,0,10,1
12102,'H58S100F-80-F1',512,,321574,30,0,10,1,29,,321588,30,0,10,1,70,,321582,30,0,10,1,30,,321575,30,0,10,1,70,,321589,30,0,10,1,31,,321583,30,0,10,1,66,,321602,30,0,10,1,25,,321576,30,0,10,1,26,,321590,30,0,10,1,64,,321584,30,0,10,1,25,,321612,30,0,10,1,62,,321603,30,0,10,1,18,,321577,30,0,10,1,19,,321591,30,0,10,1,57,,321624,30,0,10,1,16,,321617,30,0,10,1,16,,321585,30,0,10,1,18,,321613,30,0,10,1,58,,321604,30,0,10,1,18,,321578,30,0,10,1,17,,321599,30,0,10,1,54,,321592,30,0,10,1,13,,321625,30,0,10,1,12,,321618,30,0,10,1,13,,321586,30,0,10,1,13,,321627,30,0,10,1,55,,321614,30,0,10,1,14,,321605,30,0,10,1,14,,321579,30,0,10,1,15,,321600,30,0,10,1,53,,321593,30,0,10,1,14,,321615,30,0,10,1,15,,321626,30,0,10,1,16,,321587,30,0,10,1,56,,321628,30,0,10,1,18,,321606,30,0,10,1,18,,321580,30,0,10,1,18,,321601,30,0,10,1,57,,321594,30,0,10,1,16,,321616,30,0,10,1,18,,321619,30,0,10,1,60,,321629,30,0,10,1,20,,321607,30,0,10,1,22,,321581,30,0,10,1,65,,321595,30,0,10,1,29,,321620,30,0,10,1,69,,321630,30,0,10,1,31,,321608,30,0,10,1,73,,321596,30,0,10,1,31,,321621,30,0,10,1,72,,321631,30,0,10,1,31,,321609,30,0,10,1,69,,321597,30,0,10,1,32,,321622,30,0,10,1,71,,321610,30,0,10,1,32,,321598,30,0,10,1,69,,321623,30,0,10,1,24,,321611,30,0,10,1
12102,'H58S200F-80-F2',512,,321637,30,0,10,1,29,,321651,30,0,10,1,70,,321645,30,0,10,1,30,,321638,30,0,10,1,70,,321652,30,0,10,1,31,,321646,30,0,10,1,66,,321662,30,0,10,1,25,,321639,30,0,10,1,26,,321653,30,0,10,1,64,,321647,30,0,10,1,25,,321672,30,0,10,1,62,,321663,30,0,10,1,18,,321640,30,0,10,1,19,,321654,30,0,10,1,57,,321682,30,0,10,1,16,,321675,30,0,10,1,16,,321648,30,0,10,1,18,,321673,30,0,10,1,58,,321664,30,0,10,1,18,,321641,30,0,10,1,17,,321632,30,0,10,1,54,,321655,30,0,10,1,13,,321683,30,0,10,1,12,,321676,30,0,10,1,13,,321649,30,0,10,1,13,,321685,30,0,10,1,55,,321674,30,0,10,1,14,,321665,30,0,10,1,14,,321642,30,0,10,1,15,,321633,30,0,10,1,53,,321656,30,0,10,1,14,,321635,30,0,10,1,15,,321684,30,0,10,1,16,,321650,30,0,10,1,56,,321686,30,0,10,1,18,,321666,30,0,10,1,18,,321643,30,0,10,1,18,,321634,30,0,10,1,57,,321657,30,0,10,1,16,,321636,30,0,10,1,18,,321677,30,0,10,1,60,,321687,30,0,10,1,20,,321667,30,0,10,1,22,,321644,30,0,10,1,65,,321658,30,0,10,1,29,,321678,30,0,10,1,69,,321688,30,0,10,1,31,,321668,30,0,10,1,73,,321659,30,0,10,1,31,,321679,30,0,10,1,72,,321689,30,0,10,1,31,,321669,30,0,10,1,69,,321660,30,0,10,1,32,,321680,30,0,10,1,71,,321670,30,0,10,1,32,,321661,30,0,10,1,69,,321681,30,0,10,1,24,,321671,30,0,10,1
37802,'H60S000A-80-A',2637,,347278,30,0,10,1,94,,347276,30,0,10,1,88,,347277,30,0,10,1
37802,'H60S000I-81-I',2637,,347280,30,0,10,1,91,,347281,30,0,10,1,90,,347279,30,0,10,1
37802,'H60S000S-83-S',2637,,347283,30,0,10,1,88,,347282,30,0,10,1,99,,347284,30,0,10,1
37802,'H60S100F-80-F1',2637,,347285,30,0,10,1,91,,347287,30,0,10,1,90,,347286,30,0,10,1
37802,'H60S200F-80-F2',2637,,347288,30,0,10,1,91,,347290,30,0,10,1,90,,347289,30,0,10,1
