2804,'H54S000A-80-A',519,,293353,26,0,9,1,31,,293361,26,0,9,1,71,,293355,26,0,9,2,31,,293354,26,0,9,1,71,,293362,26,0,9,1,32,,293356,26,0,9,2,71,,293337,26,0,9,1,31,,293363,26,0,9,1,71,,293357,26,0,9,2,31,,293338,26,0,9,1,71,,293346,26,0,9,2,71,,293329,26,0,9,1,31,,293367,26,0,9,1,71,,293364,26,0,9,1,31,,293358,26,0,9,2,71,,293339,26,0,9,1,31,,293347,26,0,9,2,73,,293330,26,0,9,1,31,,293368,26,0,9,1,71,,293365,26,0,9,1,31,,293359,26,0,9,2,71,,293340,26,0,9,1,31,,293348,26,0,9,2,71,,293331,26,0,9,1,31,,293369,26,0,9,1,71,,293366,26,0,9,1,31,,293360,26,0,9,2,70,,293341,26,0,9,1,31,,293349,26,0,9,2,71,,293332,26,0,9,1,31,,293342,26,0,9,1,71,,293350,26,0,9,2,30,,293333,26,0,9,1,71,,293343,26,0,9,1,31,,293351,26,0,9,2,71,,293334,26,0,9,1,32,,293344,26,0,9,1,72,,293335,26,0,9,1,72,,293352,26,0,9,2,33,,293345,26,0,9,1,73,,293336,26,0,9,1
2804,'H54S000I-80-I',520,,293382,26,0,9,1,32,,293400,26,0,9,2,70,,293394,26,0,9,2,29,,293383,26,0,9,1,69,,293401,26,0,9,2,30,,293395,26,0,9,2,70,,293406,26,0,9,1,30,,293402,26,0,9,2,70,,293396,26,0,9,2,30,,293384,26,0,9,1,70,,293392,26,0,9,1,30,,293370,26,0,9,2,71,,293407,26,0,9,1,30,,293403,26,0,9,2,70,,293397,26,0,9,2,30,,293385,26,0,9,1,70,,293377,26,0,9,2,30,,293371,26,0,9,2,70,,293408,26,0,9,1,30,,293404,26,0,9,2,70,,293398,26,0,9,2,30,,293386,26,0,9,1,70,,293378,26,0,9,2,30,,293372,26,0,9,2,70,,293409,26,0,9,1,30,,293405,26,0,9,2,69,,293399,26,0,9,2,30,,293387,26,0,9,1,70,,293379,26,0,9,2,29,,293373,26,0,9,2,70,,293388,26,0,9,1,30,,293380,26,0,9,2,70,,293374,26,0,9,2,30,,293389,26,0,9,1,70,,293381,26,0,9,2,31,,293375,26,0,9,1,71,,293390,26,0,9,2,30,,293410,26,0,9,1,72,,293376,26,0,9,1,32,,293391,26,0,9,2,72,,293393,26,0,9,1
2804,'H54S000S-80-S',517,,293412,26,0,9,2,30,,293432,26,0,9,2,71,,293416,26,0,9,1,20,,293454,9,0,9,1,12,,293413,26,0,9,2,56,,293456,9,0,9,2,14,,293433,26,0,9,2,12,,293457,9,0,9,2,21,,293414,26,0,9,1,54,,293455,9,0,9,2,15,,293436,26,0,9,2,28,,293434,26,0,9,2,54,,293453,9,0,9,2,12,,293427,26,0,9,1,6,,293415,9,0,9,1,25,,293437,26,0,9,2,71,,293435,26,0,9,2,31,,293428,26,0,9,1,73,,293417,26,0,9,1,30,,293438,26,0,9,1,70,,293429,26,0,9,1,29,,293418,26,0,9,1,69,,293439,26,0,9,1,28,,293430,26,0,9,1,69,,293419,26,0,9,1,31,,293440,26,0,9,1,60,,293447,26,0,9,2,18,,293431,26,0,9,1,18,,293420,26,0,9,1,59,,293448,26,0,9,2,17,,293441,26,0,9,1,5,,293452,26,0,9,1,12,,293442,26,0,9,2,20,,293461,26,0,9,2,63,,293421,26,0,9,1,22,,293449,26,0,9,2,59,,293451,26,0,9,2,23,,293443,26,0,9,2,24,,293422,26,0,9,1,71,,293458,26,0,9,2,31,,293444,26,0,9,2,70,,293423,26,0,9,1,30,,293459,26,0,9,2,70,,293445,26,0,9,2,31,,293424,26,0,9,1,70,,293460,26,0,9,2,29,,293446,26,0,9,2,71,,293425,26,0,9,1,30,,293450,26,0,9,1,69,,293462,26,0,9,1,31,,293426,26,0,9,1,73,,293411,26,0,9,1
2804,'H54S100F-80-F1',520,,293475,26,0,9,1,32,,293493,26,0,9,2,70,,293487,26,0,9,2,29,,293476,26,0,9,1,69,,293494,26,0,9,2,30,,293488,26,0,9,2,70,,293499,26,0,9,1,30,,293495,26,0,9,2,70,,293489,26,0,9,2,30,,293477,26,0,9,1,70,,293485,26,0,9,1,30,,293463,26,0,9,2,71,,293500,26,0,9,1,30,,293496,26,0,9,2,70,,293490,26,0,9,2,30,,293478,26,0,9,1,70,,293470,26,0,9,2,30,,293464,26,0,9,2,70,,293501,26,0,9,1,30,,293497,26,0,9,2,70,,293491,26,0,9,2,30,,293479,26,0,9,1,70,,293471,26,0,9,2,30,,293465,26,0,9,2,70,,293502,26,0,9,1,30,,293498,26,0,9,2,69,,293492,26,0,9,2,30,,293480,26,0,9,1,70,,293472,26,0,9,2,29,,293466,26,0,9,2,70,,293481,26,0,9,1,30,,293473,26,0,9,2,70,,293467,26,0,9,2,30,,293482,26,0,9,1,70,,293474,26,0,9,2,31,,293468,26,0,9,1,71,,293483,26,0,9,2,30,,293503,26,0,9,1,72,,293469,26,0,9,1,32,,293484,26,0,9,2,72,,293486,26,0,9,1
2804,'H54S200F-80-F2',520,,293516,26,0,9,1,32,,293534,26,0,9,2,70,,293528,26,0,9,2,29,,293517,26,0,9,1,69,,293535,26,0,9,2,30,,293529,26,0,9,2,70,,293540,26,0,9,1,30,,293536,26,0,9,2,70,,293530,26,0,9,2,30,,293518,26,0,9,1,70,,293526,26,0,9,1,30,,293504,26,0,9,2,71,,293541,26,0,9,1,30,,293537,26,0,9,2,70,,293531,26,0,9,2,30,,293519,26,0,9,1,70,,293511,26,0,9,2,30,,293505,26,0,9,2,70,,293542,26,0,9,1,30,,293538,26,0,9,2,70,,293532,26,0,9,2,30,,293520,26,0,9,1,70,,293512,26,0,9,2,30,,293506,26,0,9,2,70,,293543,26,0,9,1,30,,293539,26,0,9,2,69,,293533,26,0,9,2,30,,293521,26,0,9,1,70,,293513,26,0,9,2,29,,293507,26,0,9,2,70,,293522,26,0,9,1,30,,293514,26,0,9,2,70,,293508,26,0,9,2,30,,293523,26,0,9,1,70,,293515,26,0,9,2,31,,293509,26,0,9,1,71,,293524,26,0,9,2,30,,293544,26,0,9,1,72,,293510,26,0,9,1,32,,293525,26,0,9,2,72,,293527,26,0,9,1
2804,'H57S000S-80-S',743,,293545,9,0,9,1
36402,'H54S000A-80-A',2459,,346815,21,0,10,1,85,,346817,21,0,10,2,86,,346814,21,0,10,1,85,,346813,21,0,10,1,85,,346816,21,0,10,1,39,,346818,21,0,10,2
36402,'H54S000I-80-I',2500,,346822,21,0,10,1,44,,346820,21,0,10,1,85,,346823,21,0,10,2,85,,346821,21,0,10,1,44,,346819,21,0,10,1
36402,'H54S000S-80-S',2500,,346827,21,0,10,2,47,,346828,21,0,10,1,84,,346826,21,0,10,2,86,,346824,21,0,10,1,42,,346825,21,0,10,1
36402,'H54S100F-80-F1',2500,,346832,21,0,10,1,44,,346830,21,0,10,1,85,,346833,21,0,10,2,85,,346831,21,0,10,1,44,,346829,21,0,10,1
36402,'H54S200F-80-F2',2500,,346837,21,0,10,1,44,,346835,21,0,10,1,85,,346838,21,0,10,2,85,,346836,21,0,10,1,44,,346834,21,0,10,1
