4802,'H54S000S-80-S',938,,299904,26,0,10,2
4802,'H57S000S-80-S',1429,,299906,26,0,10,1
4802,'H58S000A-80-A',459,,299907,26,0,10,1,70,,299914,26,0,10,2,20,,299916,26,0,10,2,60,,299925,26,0,10,1,38,,299908,26,0,10,1,65,,299915,26,0,10,2,14,,299952,26,0,10,1,23,,299917,26,0,10,2,10,,299924,26,0,10,1,60,,299926,26,0,10,1,10,,299923,26,0,10,2,22,,299909,26,0,10,1,72,,299910,26,0,10,2,32,,299945,26,0,10,1,55,,299964,26,0,10,1,28,,299966,26,0,10,2,13,,299956,26,0,10,2,70,,299911,26,0,10,2,28,,299970,26,0,10,2,53,,299946,26,0,10,1,26,,299928,26,0,10,1,27,,299957,26,0,10,2,66,,299912,26,0,10,2,21,,299920,26,0,10,2,60,,299977,26,0,10,2,20,,299940,26,0,10,2,23,,299968,26,0,10,2,68,,299936,26,0,10,1,33,,299921,26,0,10,2,56,,299972,26,0,10,2,34,,299930,26,0,10,1,68,,299969,26,0,10,2,32,,299937,26,0,10,1,71,,299973,26,0,10,2,31,,299931,26,0,10,1,16,,299953,26,0,10,1,80,,299949,26,0,10,1,16,,299938,26,0,10,1,72,,299980,26,0,10,2,82,,299954,26,0,10,2,55,,299951,26,0,10,1,97,,299942,26,0,10,1,99,,299965,26,0,10,1,104,,299950,26,0,10,2
4802,'H58S000I-80-I',504,,299983,26,0,10,1,51,,299995,26,0,10,1,62,,300009,26,0,10,2,38,,300001,26,0,10,1,55,,299984,26,0,10,1,16,,299985,26,0,10,2,30,,299996,26,0,10,1,54,,300010,26,0,10,2,14,,299994,26,0,10,1,28,,300008,26,0,10,1,56,,300005,26,0,10,2,28,,300029,26,0,10,1,66,,300030,26,0,10,2,29,,300031,26,0,10,1,70,,300006,26,0,10,2,31,,299987,26,0,10,2,69,,300034,26,0,10,2,28,,300032,26,0,10,1,29,,300020,26,0,10,1,55,,300015,26,0,10,2,28,,299999,26,0,10,1,71,,300035,26,0,10,2,30,,300039,26,0,10,2,69,,300016,26,0,10,2,30,,300000,26,0,10,1,70,,300036,26,0,10,2,28,,300040,26,0,10,2,70,,300017,26,0,10,2,40,,300047,26,0,10,2,60,,300037,26,0,10,2,37,,300023,26,0,10,1,82,,300048,26,0,10,2,92,,300042,26,0,10,2,102,,300027,26,0,10,2,99,,300043,26,0,10,2,94,,300028,26,0,10,2,102,,300044,26,0,10,2,31,,300026,26,0,10,1
4802,'H58S000S-83-S',438,,300049,26,0,10,1,17,,300051,26,0,10,1,66,,300055,26,0,10,2,9,,300064,26,0,10,2,10,,300065,26,0,10,2,18,,300073,26,0,10,2,57,,300094,26,0,10,2,9,,300066,26,0,10,1,12,,300097,26,0,10,2,4,,300102,26,0,10,2,4,,300050,26,0,10,1,7,,300105,26,0,10,2,6,,300107,26,0,10,2,46,,300054,26,0,10,2,5,,300108,26,0,10,2,6,,300109,26,0,10,1,6,,300056,26,0,10,2,15,,300120,26,0,10,2,8,,300052,26,0,10,2,8,,300125,26,0,10,2,57,,300084,26,0,10,2,9,,300128,26,0,10,2,18,,300091,26,0,10,1,9,,300067,26,0,10,1,60,,300103,26,0,10,2,10,,300104,26,0,10,2,34,,300121,26,0,10,2,66,,300127,26,0,10,1,23,,300117,26,0,10,1,63,,300068,26,0,10,1,24,,300074,26,0,10,2,22,,300063,26,0,10,1,12,,300122,26,0,10,2,65,,300057,26,0,10,1,13,,300130,26,0,10,2,65,,300069,26,0,10,1,23,,300133,26,0,10,1,11,,300075,26,0,10,2,21,,300132,26,0,10,2,50,,300123,26,0,10,2,33,,300058,26,0,10,1,20,,300119,26,0,10,1,53,,300070,26,0,10,1,30,,300076,26,0,10,2,73,,300124,26,0,10,2,32,,300137,26,0,10,2,71,,300060,26,0,10,2,19,,300138,26,0,10,2,72,,300098,26,0,10,1,14,,300136,26,0,10,2,83,,300114,26,0,10,1,32,,300112,26,0,10,1,75,,300099,26,0,10,1,38,,300090,26,0,10,2,81,,300113,26,0,10,1,87,,300100,26,0,10,1,94,,300078,26,0,10,1,95,,300101,26,0,10,1
4802,'H58S100F-80-F1',504,,300140,26,0,10,2,51,,300156,26,0,10,2,62,,300171,26,0,10,1,38,,300175,26,0,10,2,55,,300141,26,0,10,2,16,,300182,26,0,10,1,30,,300187,26,0,10,1,54,,300172,26,0,10,1,14,,300155,26,0,10,1,28,,300176,26,0,10,2,56,,300169,26,0,10,2,28,,300142,26,0,10,2,66,,300193,26,0,10,2,29,,300173,26,0,10,1,70,,300170,26,0,10,2,31,,300144,26,0,10,1,69,,300159,26,0,10,2,28,,300174,26,0,10,1,29,,300178,26,0,10,2,55,,300194,26,0,10,2,28,,300185,26,0,10,1,71,,300160,26,0,10,2,30,,300198,26,0,10,2,69,,300195,26,0,10,2,30,,300186,26,0,10,1,70,,300161,26,0,10,2,28,,300199,26,0,10,2,70,,300196,26,0,10,2,40,,300200,26,0,10,1,60,,300162,26,0,10,2,37,,300181,26,0,10,2,82,,300148,26,0,10,1,92,,300163,26,0,10,2,102,,300166,26,0,10,2,99,,300164,26,0,10,2,94,,300167,26,0,10,2,102,,300165,26,0,10,2,31,,300153,26,0,10,1
4802,'H58S200F-80-F2',504,,300244,26,0,10,2,51,,300206,26,0,10,2,62,,300232,26,0,10,1,38,,300221,26,0,10,2,55,,300245,26,0,10,2,16,,300236,26,0,10,1,30,,300270,26,0,10,1,54,,300233,26,0,10,1,14,,300269,26,0,10,1,28,,300222,26,0,10,2,56,,300229,26,0,10,2,28,,300246,26,0,10,2,66,,300256,26,0,10,2,29,,300234,26,0,10,1,70,,300230,26,0,10,2,31,,300216,26,0,10,1,69,,300209,26,0,10,2,28,,300235,26,0,10,1,29,,300224,26,0,10,2,55,,300257,26,0,10,2,28,,300239,26,0,10,1,71,,300210,26,0,10,2,30,,300242,26,0,10,2,69,,300258,26,0,10,2,30,,300240,26,0,10,1,70,,300211,26,0,10,2,28,,300243,26,0,10,2,70,,300259,26,0,10,2,40,,300260,26,0,10,1,60,,300212,26,0,10,2,37,,300227,26,0,10,2,82,,300220,26,0,10,1,92,,300213,26,0,10,2,102,,300267,26,0,10,2,99,,300214,26,0,10,2,94,,300268,26,0,10,2,102,,300215,26,0,10,2,31,,300251,26,0,10,1
35302,'H54S000A-80-A',2513,,346060,24,0,10,1,45,,346058,24,0,10,1,85,,346059,24,0,10,1,85,,346057,24,0,10,2,85,,346061,24,0,10,1
35302,'H54S000I-80-I',2513,,346064,24,0,10,1,45,,346066,24,0,10,1,86,,346062,24,0,10,2,85,,346063,24,0,10,1,85,,346065,24,0,10,1
35302,'H54S000S-80-S',2513,,346069,24,0,10,1,45,,346070,24,0,10,1,85,,346067,24,0,10,1,85,,346071,24,0,10,2,85,,346068,24,0,10,1
35302,'H54S100F-80-F1',2513,,346074,24,0,10,1,45,,346076,24,0,10,1,86,,346072,24,0,10,2,85,,346073,24,0,10,1,85,,346075,24,0,10,1
35302,'H54S200F-80-F2',2513,,346079,24,0,10,1,45,,346081,24,0,10,1,86,,346077,24,0,10,2,85,,346078,24,0,10,1,85,,346080,24,0,10,1
43204,'H54S000S-80-S',557,,347953,10,0,99 107,2,59,,347949,10,0,99 107,1,18,,347955,10,0,99 107,1,13,,347979,10,0,99 107,2,53,,347973,10,0,99 107,1,13,,347952,10,0,99 107,2,9,,347961,10,0,99 107,2,11,,347966,10,0,99 107,1,11,,347954,10,0,99 107,2,11,,347950,10,0,99 107,2,51,,347980,10,0,99 107,2,11,,347956,10,0,99 107,1,27,,347974,10,0,99 107,1,70,,347967,10,0,99 107,1,30,,347962,10,0,99 107,2,71,,347957,10,0,99 107,1,31,,347975,10,0,99 107,1,71,,347968,10,0,99 107,1,31,,347963,10,0,99 107,2,71,,347958,10,0,99 107,1,31,,347981,10,0,99 107,2,71,,347969,10,0,99 107,1,30,,347964,10,0,99 107,2,69,,347959,10,0,99 107,1,30,,347982,10,0,99 107,2,70,,347970,10,0,99 107,1
