4902,'H54S000S-80-S',1605,,300609,5,0,10,2
4902,'H57S000S-80-S',808,,300610,5,0,10,1
4902,'H58S000A-80-A',456,,300611,5,0,10,2,57,,300617,5,0,10,1,16,,300628,5,0,10,1,15,,300629,5,0,10,2,15,,300631,5,0,10,2,55,,300634,5,0,10,1,16,,300638,5,0,10,1,15,,300642,5,0,10,2,55,,300612,5,0,10,2,14,,300645,5,0,10,2,14,,300639,5,0,10,1,16,,300650,5,0,10,1,56,,300619,5,0,10,1,14,,300651,5,0,10,1,12,,300635,5,0,10,1,12,,300655,5,0,10,2,13,,300643,5,0,10,2,53,,300646,5,0,10,2,13,,300644,5,0,10,1,11,,300613,5,0,10,2,14,,300630,5,0,10,2,16,,300640,5,0,10,1,56,,300618,5,0,10,1,16,,300620,5,0,10,1,16,,300656,5,0,10,2,56,,300636,5,0,10,1,17,,300660,5,0,10,2,19,,300647,5,0,10,2,20,,300614,5,0,10,2,59,,300663,5,0,10,1,18,,300641,5,0,10,1,16,,300621,5,0,10,1,56,,300664,5,0,10,1,16,,300657,5,0,10,2,15,,300637,5,0,10,1,15,,300669,5,0,10,2,57,,300648,5,0,10,2,17,,300615,5,0,10,2,18,,300632,5,0,10,2,60,,300616,5,0,10,1,21,,300622,5,0,10,1,20,,300665,5,0,10,1,61,,300658,5,0,10,2,21,,300670,5,0,10,2,21,,300649,5,0,10,2,61,,300633,5,0,10,2,22,,300667,5,0,10,1,22,,300623,5,0,10,1,61,,300666,5,0,10,1,21,,300659,5,0,10,2,22,,300671,5,0,10,2,67,,300652,5,0,10,1,28,,300668,5,0,10,1,70,,300624,5,0,10,1,30,,300661,5,0,10,2,70,,300672,5,0,10,2,29,,300653,5,0,10,1,70,,300626,5,0,10,1,29,,300625,5,0,10,1,69,,300662,5,0,10,2,30,,300673,5,0,10,2,72,,300654,5,0,10,1,31,,300627,5,0,10,1
4902,'H58S000I-80-I',456,,300674,5,0,10,2,67,,300675,5,0,10,1,25,,300683,5,0,10,2,68,,300693,5,0,10,2,28,,300695,5,0,10,1,68,,300687,5,0,10,2,18,,300676,5,0,10,1,19,,300684,5,0,10,2,59,,300702,5,0,10,1,19,,300694,5,0,10,2,18,,300696,5,0,10,1,58,,300705,5,0,10,2,20,,300688,5,0,10,2,20,,300710,5,0,10,1,60,,300677,5,0,10,1,20,,300703,5,0,10,1,20,,300701,5,0,10,2,60,,300685,5,0,10,1,21,,300706,5,0,10,2,20,,300716,5,0,10,2,61,,300689,5,0,10,2,21,,300678,5,0,10,1,20,,300697,5,0,10,1,59,,300704,5,0,10,1,17,,300717,5,0,10,2,17,,300686,5,0,10,1,20,,300707,5,0,10,2,60,,300719,5,0,10,2,20,,300690,5,0,10,2,20,,300679,5,0,10,1,70,,300698,5,0,10,1,30,,300718,5,0,10,2,72,,300708,5,0,10,2,70,,300711,5,0,10,1,29,,300680,5,0,10,1,70,,300699,5,0,10,1,30,,300691,5,0,10,2,29,,300709,5,0,10,2,69,,300712,5,0,10,1,29,,300681,5,0,10,1,69,,300700,5,0,10,1,29,,300692,5,0,10,2,70,,300720,5,0,10,2,31,,300713,5,0,10,1,70,,300715,5,0,10,2,32,,300722,5,0,10,2,72,,300682,5,0,10,1,24,,300721,5,0,10,2,64,,300714,5,0,10,1
4902,'H58S000S-83-S',439,,300726,17,0,10,2,12,,300729,5,0,10,2,8,,300732,17,0,10,1,44,,300733,5,0,10,2,8,,300736,5,0,10,1,11,,300737,5,0,10,1,7,,300738,17,0,10,2,6,,300739,5,0,10,1,9,,300744,17,0,10,1,10,,300746,5,0,10,1,49,,300748,5,0,10,2,8,,300754,5,0,10,2,8,,300760,5,0,10,2,8,,300761,5,0,10,2,6,,300765,5,0,10,2,6,,300767,5,0,10,1,7,,300727,5,0,10,2,6,,300768,5,0,10,1,6,,300771,5,0,10,1,46,,300730,5,0,10,2,7,,300772,5,0,10,1,9,,300773,5,0,10,2,10,,300776,5,0,10,2,10,,300778,5,0,10,2,9,,300779,5,0,10,2,9,,300740,5,0,10,1,61,,300747,5,0,10,1,12,,300749,5,0,10,2,12,,300755,5,0,10,2,12,,300785,5,0,10,1,52,,300762,5,0,10,2,12,,300728,5,0,10,2,11,,300743,5,0,10,2,12,,300731,5,0,10,2,14,,300774,5,0,10,1,57,,300777,5,0,10,2,16,,300723,5,0,10,1,18,,300741,5,0,10,1,57,,300750,5,0,10,2,19,,300763,5,0,10,2,19,,300752,5,0,10,1,16,,300769,5,0,10,1,55,,300756,5,0,10,2,14,,300775,5,0,10,1,13,,300758,5,0,10,1,13,,300724,5,0,10,1,53,,300786,5,0,10,2,14,,300742,5,0,10,1,17,,300751,5,0,10,2,16,,300734,5,0,10,1,56,,300764,5,0,10,2,17,,300753,5,0,10,1,16,,300770,5,0,10,1,15,,300757,5,0,10,2,56,,300759,5,0,10,1,16,,300725,5,0,10,1,15,,300787,5,0,10,2,86,,300735,5,0,10,1,19,,300781,11,0,10,2,62,,300799,5,0,10,1,24,,300789,11,0,10,2,23,,300797,5,0,10,2,66,,300783,5,0,10,1,25,,300792,11,0,10,2,61,,300780,5,0,10,1,21,,300801,5,0,10,2,22,,300790,5,0,10,2,70,,300798,5,0,10,2,31,,300784,5,0,10,1,71,,300793,5,0,10,2,29,,300745,5,0,10,1,71,,300766,5,0,10,2,31,,300796,5,0,10,2,71,,300791,5,0,10,1,26,,300794,5,0,10,2,65,,300795,5,0,10,2
4902,'H58S100F-80-F1',456,,300805,5,0,10,2,57,,300817,5,0,10,1,16,,300824,5,0,10,1,15,,300830,5,0,10,2,15,,300832,5,0,10,1,55,,300833,5,0,10,1,16,,300837,5,0,10,2,15,,300840,5,0,10,2,55,,300806,5,0,10,2,14,,300802,5,0,10,1,14,,300821,5,0,10,1,16,,300825,5,0,10,2,56,,300810,5,0,10,2,14,,300843,5,0,10,2,12,,300826,5,0,10,2,12,,300844,5,0,10,1,13,,300841,5,0,10,2,53,,300845,5,0,10,2,13,,300823,5,0,10,1,11,,300807,5,0,10,2,14,,300849,5,0,10,1,16,,300822,5,0,10,1,56,,300831,5,0,10,1,16,,300811,5,0,10,2,16,,300827,5,0,10,2,56,,300818,5,0,10,1,17,,300842,5,0,10,1,19,,300846,5,0,10,2,20,,300808,5,0,10,2,59,,300851,5,0,10,2,18,,300850,5,0,10,1,16,,300812,5,0,10,2,56,,300834,5,0,10,1,16,,300828,5,0,10,2,15,,300803,5,0,10,1,15,,300859,5,0,10,2,57,,300847,5,0,10,2,17,,300809,5,0,10,2,18,,300860,5,0,10,1,60,,300852,5,0,10,2,21,,300813,5,0,10,2,20,,300835,5,0,10,1,61,,300829,5,0,10,2,21,,300804,5,0,10,1,21,,300848,5,0,10,2,61,,300861,5,0,10,1,22,,300853,5,0,10,2,22,,300814,5,0,10,2,61,,300836,5,0,10,1,21,,300862,5,0,10,2,22,,300856,5,0,10,1,67,,300819,5,0,10,1,28,,300854,5,0,10,2,70,,300815,5,0,10,2,30,,300838,5,0,10,2,70,,300857,5,0,10,1,29,,300820,5,0,10,1,70,,300855,5,0,10,2,28,,300816,5,0,10,2,70,,300839,5,0,10,2,30,,300858,5,0,10,1,68,,300863,5,0,10,2
4902,'H58S200F-80-F2',456,,300871,5,0,10,2,57,,300882,5,0,10,1,16,,300864,5,0,10,1,15,,300918,5,0,10,2,15,,300919,5,0,10,1,55,,300910,5,0,10,1,16,,300924,5,0,10,2,15,,300876,5,0,10,2,55,,300872,5,0,10,2,14,,300894,5,0,10,1,14,,300904,5,0,10,1,16,,300866,5,0,10,2,56,,300897,5,0,10,2,14,,300886,5,0,10,2,12,,300906,5,0,10,2,12,,300917,5,0,10,1,13,,300877,5,0,10,2,53,,300878,5,0,10,2,13,,300867,5,0,10,1,11,,300873,5,0,10,2,14,,300920,5,0,10,1,16,,300905,5,0,10,1,56,,300868,5,0,10,1,16,,300898,5,0,10,2,16,,300907,5,0,10,2,56,,300883,5,0,10,1,17,,300865,5,0,10,1,19,,300879,5,0,10,2,20,,300874,5,0,10,2,59,,300887,5,0,10,2,18,,300921,5,0,10,1,16,,300899,5,0,10,2,56,,300911,5,0,10,1,16,,300908,5,0,10,2,15,,300895,5,0,10,1,15,,300925,5,0,10,2,57,,300880,5,0,10,2,17,,300875,5,0,10,2,18,,300892,5,0,10,1,60,,300888,5,0,10,2,21,,300900,5,0,10,2,20,,300912,5,0,10,1,61,,300909,5,0,10,2,21,,300896,5,0,10,1,21,,300881,5,0,10,2,61,,300893,5,0,10,1,22,,300889,5,0,10,2,22,,300901,5,0,10,2,61,,300913,5,0,10,1,21,,300922,5,0,10,2,22,,300914,5,0,10,1,67,,300884,5,0,10,1,28,,300890,5,0,10,2,70,,300902,5,0,10,2,30,,300869,5,0,10,2,70,,300915,5,0,10,1,29,,300885,5,0,10,1,70,,300891,5,0,10,2,28,,300903,5,0,10,2,70,,300870,5,0,10,2,30,,300916,5,0,10,1,68,,300923,5,0,10,2
44904,'H51S000S-81-S',656,,349222,12,0,9,2
44904,'H54S000S-80-S',533,,349233,12,0,9,2,10,,349238,12,0,9,2,10,,349234,12,0,9,2,49,,349232,12,0,9,2,9,,349231,12,0,9,2,10,,349245,12,0,9,1,10,,349270,12,0,9,2,9,,349235,12,0,9,2,64,,349240,12,0,9,2,7,,349254,12,0,9,2,7,,349256,12,0,9,2,8,,349239,12,0,9,2,8,,349224,12,0,9,2,9,,349261,12,0,9,2,9,,349226,12,0,9,2,52,,349246,12,0,9,1,14,,349241,12,0,9,1,22,,349269,12,0,9,1,63,,349255,12,0,9,2,22,,349225,12,0,9,2,22,,349247,12,0,9,1,62,,349242,12,0,9,1,22,,349227,12,0,9,2,26,,349262,12,0,9,2,70,,349248,12,0,9,1,28,,349257,12,0,9,2,68,,349243,12,0,9,1,28,,349263,12,0,9,2,66,,349249,12,0,9,1,26,,349258,12,0,9,2,67,,349244,12,0,9,1,28,,349264,12,0,9,2,67,,349250,12,0,9,1,26,,349259,12,0,9,2,23,,349266,12,0,9,2,63,,349267,12,0,9,1,25,,349265,12,0,9,2,68,,349251,12,0,9,1,28,,349260,12,0,9,2,71,,349268,12,0,9,1,29,,349228,12,0,9,2,71,,349252,12,0,9,1,29,,349236,12,0,9,2,69,,349223,12,0,9,2,30,,349229,12,0,9,2,70,,349253,12,0,9,1,30,,349237,12,0,9,2,70,,349230,12,0,9,2
44904,'H57S000S-80-S',649,,349271,12,0,9,1
