12703,'H50S000A-82-A',701,,322848,2,0,8,2,31,,322827,2,0,8,2,73,,322849,2,0,8,2,33,,322828,2,0,8,2,73,,322850,2,0,8,2,28,,322835,2,0,8,2,68,,322829,2,0,8,2,28,,322851,2,0,8,2,68,,322836,2,0,8,2,29,,322830,2,0,8,2,69,,322852,2,0,8,2,30,,322837,2,0,8,2,70,,322831,2,0,8,2,30,,322853,2,0,8,2,70,,322838,2,0,8,2,30,,322832,2,0,8,2,70,,322854,2,0,8,2,30,,322839,2,0,8,2,70,,322833,2,0,8,2,30,,322855,2,0,8,2,70,,322840,2,0,8,2,30,,322834,2,0,8,2,69,,322856,2,0,8,2,31,,322841,2,0,8,2,71,,322857,2,0,8,2,31,,322842,2,0,8,2,70,,322858,2,0,8,2,29,,322843,2,0,8,2,70,,322859,2,0,8,2,30,,322844,2,0,8,2,70,,322860,2,0,8,2,30,,322845,2,0,8,2,70,,322861,2,0,8,2,30,,322846,2,0,8,2,70,,322862,2,0,8,2,30,,322847,2,0,8,2,69,,322863,2,0,8,2
12703,'H50S000I-82-I',701,,322889,2,0,8,2,30,,322864,2,0,8,2,70,,322897,2,0,8,2,30,,322890,2,0,8,2,70,,322865,2,0,8,2,30,,322898,2,0,8,2,70,,322891,2,0,8,2,30,,322866,2,0,8,2,70,,322899,2,0,8,2,30,,322892,2,0,8,2,70,,322867,2,0,8,2,30,,322900,2,0,8,2,70,,322893,2,0,8,2,30,,322868,2,0,8,2,70,,322879,2,0,8,2,30,,322894,2,0,8,2,70,,322869,2,0,8,2,29,,322880,2,0,8,2,29,,322895,2,0,8,2,69,,322870,2,0,8,2,29,,322881,2,0,8,2,71,,322896,2,0,8,2,72,,322871,2,0,8,2,32,,322882,2,0,8,2,71,,322872,2,0,8,2,31,,322883,2,0,8,2,70,,322873,2,0,8,2,29,,322884,2,0,8,2,70,,322874,2,0,8,2,29,,322885,2,0,8,2,70,,322875,2,0,8,2,29,,322886,2,0,8,2,70,,322876,2,0,8,2,30,,322887,2,0,8,2,70,,322877,2,0,8,2,30,,322888,2,0,8,2,70,,322878,2,0,8,2
12703,'H50S000S-82-S',536,,322902,2,0,8,2,65,,322905,2,0,8,2,22,,322911,2,0,8,2,22,,322918,2,0,8,2,62,,322903,2,0,8,2,20,,322906,2,0,8,2,20,,322912,2,0,8,2,60,,322919,2,0,8,2,20,,322904,2,0,8,2,20,,322907,2,0,8,2,62,,322913,2,0,8,2,22,,322920,2,0,8,2,28,,322908,2,0,8,2,70,,322914,2,0,8,2,30,,322921,2,0,8,2,70,,322909,2,0,8,2,30,,322915,2,0,8,2,70,,322922,2,0,8,2,30,,322910,2,0,8,2,70,,322916,2,0,8,2,29,,322901,2,0,8,2,69,,322942,2,0,8,2,30,,322917,2,0,8,2,72,,322931,2,0,8,2,26,,322923,2,0,8,2,63,,322940,2,0,8,2,20,,322943,2,0,8,2,20,,322932,2,0,8,2,60,,322924,2,0,8,2,20,,322941,2,0,8,2,20,,322944,2,0,8,2,63,,322933,2,0,8,2,24,,322925,2,0,8,2,64,,322945,2,0,8,2,24,,322934,2,0,8,2,24,,322926,2,0,8,2,71,,322935,2,0,8,2,30,,322927,2,0,8,2,71,,322936,2,0,8,2,30,,322928,2,0,8,2,71,,322937,2,0,8,2,70,,322929,2,0,8,2,31,,322938,2,0,8,2,70,,322930,2,0,8,2,30,,322939,2,0,8,2
12703,'H50S100F-80-F1',701,,322971,2,0,8,2,30,,322946,2,0,8,2,70,,322979,2,0,8,2,30,,322972,2,0,8,2,70,,322947,2,0,8,2,30,,322980,2,0,8,2,70,,322973,2,0,8,2,30,,322948,2,0,8,2,70,,322981,2,0,8,2,30,,322974,2,0,8,2,70,,322949,2,0,8,2,30,,322982,2,0,8,2,70,,322975,2,0,8,2,30,,322950,2,0,8,2,70,,322961,2,0,8,2,30,,322976,2,0,8,2,70,,322951,2,0,8,2,29,,322962,2,0,8,2,29,,322977,2,0,8,2,69,,322952,2,0,8,2,29,,322963,2,0,8,2,71,,322978,2,0,8,2,72,,322953,2,0,8,2,32,,322964,2,0,8,2,71,,322954,2,0,8,2,31,,322965,2,0,8,2,70,,322955,2,0,8,2,29,,322966,2,0,8,2,70,,322956,2,0,8,2,29,,322967,2,0,8,2,70,,322957,2,0,8,2,29,,322968,2,0,8,2,70,,322958,2,0,8,2,30,,322969,2,0,8,2,70,,322959,2,0,8,2,30,,322970,2,0,8,2,70,,322960,2,0,8,2
12703,'H50S200F-80-F2',701,,323008,2,0,8,2,30,,322983,2,0,8,2,70,,323016,2,0,8,2,30,,323009,2,0,8,2,70,,322984,2,0,8,2,30,,323017,2,0,8,2,70,,323010,2,0,8,2,30,,322985,2,0,8,2,70,,323018,2,0,8,2,30,,323011,2,0,8,2,70,,322986,2,0,8,2,30,,323019,2,0,8,2,70,,323012,2,0,8,2,30,,322987,2,0,8,2,70,,322998,2,0,8,2,30,,323013,2,0,8,2,70,,322988,2,0,8,2,29,,322999,2,0,8,2,29,,323014,2,0,8,2,69,,322989,2,0,8,2,29,,323000,2,0,8,2,71,,323015,2,0,8,2,72,,322990,2,0,8,2,32,,323001,2,0,8,2,71,,322991,2,0,8,2,31,,323002,2,0,8,2,70,,322992,2,0,8,2,29,,323003,2,0,8,2,70,,322993,2,0,8,2,29,,323004,2,0,8,2,70,,322994,2,0,8,2,29,,323005,2,0,8,2,70,,322995,2,0,8,2,30,,323006,2,0,8,2,70,,322996,2,0,8,2,30,,323007,2,0,8,2,70,,322997,2,0,8,2
17502,'H50S000S-82-S',536,,333082,2,0,10,1,15,,333104,2,0,10,2,65,,333077,2,0,10,1,26,,333105,2,0,10,2,59,,333083,2,0,10,2,13,,333096,2,0,10,2,12,,333078,2,0,10,1,12,,333085,2,0,10,2,19,,333084,2,0,10,2,58,,333097,2,0,10,1,24,,333086,2,0,10,2,72,,333098,2,0,10,1,31,,333087,2,0,10,2,72,,333099,2,0,10,1,33,,333088,2,0,10,2,73,,333100,2,0,10,1,33,,333089,2,0,10,2,73,,333101,2,0,10,1,33,,333090,2,0,10,2,73,,333102,2,0,10,1,73,,333091,2,0,10,2,31,,333103,2,0,10,1,70,,333092,2,0,10,2,30,,333093,2,0,10,1,69,,333079,2,0,10,2,30,,333094,2,0,10,1,69,,333080,2,0,10,2,29,,333095,2,0,10,1,68,,333081,2,0,10,2
20202,'H60S000A-80-A',620,,340240,11,0,10,1,23,,340252,11,0,10,2,59,,340257,11,0,10,1,17,,340239,11,0,10,1,18,,340261,11,0,10,2,22,,340229,11,0,10,1,66,,340241,11,0,10,1,31,,340254,11,0,10,1,73,,340258,11,0,10,1,30,,340250,11,0,10,1,69,,340230,11,0,10,1,27,,340242,11,0,10,1,72,,340255,11,0,10,1,73,,340259,11,0,10,1,32,,340251,11,0,10,1,71,,340231,11,0,10,1,24,,340243,11,0,10,1,20,,340237,11,0,10,1,64,,340264,11,0,10,1,28,,340260,11,0,10,1,63,,340236,11,0,10,1,22,,340256,11,0,10,1,22,,340232,11,0,10,1,65,,340244,11,0,10,1,25,,340238,11,0,10,1,67,,340265,11,0,10,1,25,,340247,11,0,10,2,21,,340268,11,0,10,1,62,,340262,11,0,10,2,22,,340233,11,0,10,1,67,,340245,11,0,10,1,31,,340266,11,0,10,1,71,,340248,11,0,10,2,30,,340269,11,0,10,1,69,,340234,11,0,10,1,29,,340246,11,0,10,1,29,,340267,11,0,10,1,68,,340249,11,0,10,2,29,,340270,11,0,10,1,68,,340235,11,0,10,1,28,,340253,11,0,10,2,68,,340263,11,0,10,1
20202,'H60S000I-81-I',620,,340274,11,0,10,1,27,,340275,11,0,10,1,69,,340271,11,0,10,1,31,,340293,11,0,10,1,72,,340286,11,0,10,1,31,,340296,11,0,10,1,72,,340304,11,0,10,1,32,,340306,11,0,10,1,73,,340294,11,0,10,1,74,,340287,11,0,10,1,32,,340297,11,0,10,1,70,,340305,11,0,10,1,31,,340307,11,0,10,1,70,,340295,11,0,10,1,31,,340288,11,0,10,1,70,,340298,11,0,10,1,32,,340276,11,0,10,1,70,,340281,11,0,10,1,33,,340291,11,0,10,1,73,,340289,11,0,10,1,29,,340299,11,0,10,1,72,,340277,11,0,10,1,30,,340282,11,0,10,1,70,,340292,11,0,10,1,33,,340290,11,0,10,1,72,,340300,11,0,10,1,32,,340278,11,0,10,1,68,,340283,11,0,10,1,28,,340272,11,0,10,1,68,,340303,11,0,10,1,28,,340301,11,0,10,1,70,,340279,11,0,10,1,30,,340284,11,0,10,1,70,,340285,11,0,10,1,29,,340273,11,0,10,1,68,,340302,11,0,10,1,28,,340280,11,0,10,1
20202,'H60S000S-83-S',600,,340325,11,0,10,1,30,,340329,11,0,10,1,73,,340315,11,0,10,1,30,,340318,11,0,10,1,72,,340322,11,0,10,1,31,,340308,11,0,10,1,70,,340326,11,0,10,1,30,,340330,11,0,10,1,68,,340316,11,0,10,1,30,,340319,11,0,10,1,21,,340323,11,0,10,1,58,,340314,11,0,10,1,21,,340309,11,0,10,1,23,,340327,11,0,10,1,64,,340331,11,0,10,1,24,,340317,11,0,10,1,57,,340336,11,0,10,1,16,,340320,11,0,10,1,19,,340337,11,0,10,1,64,,340324,11,0,10,1,24,,340310,11,0,10,1,23,,340328,11,0,10,1,59,,340341,11,0,10,2,19,,340332,11,0,10,1,17,,340346,11,0,10,1,16,,340342,11,0,10,2,58,,340321,11,0,10,1,21,,340338,11,0,10,1,66,,340348,11,0,10,1,32,,340311,11,0,10,1,72,,340349,11,0,10,1,30,,340333,11,0,10,1,72,,340343,11,0,10,2,28,,340339,11,0,10,1,63,,340347,11,0,10,1,24,,340312,11,0,10,1,28,,340350,11,0,10,1,70,,340334,11,0,10,1,29,,340344,11,0,10,2,70,,340340,11,0,10,1,32,,340313,11,0,10,1,71,,340351,11,0,10,1,30,,340335,11,0,10,1,70,,340345,11,0,10,2
20202,'H60S100F-80-F1',620,,340357,11,0,10,1,27,,340362,11,0,10,1,69,,340352,11,0,10,1,31,,340376,11,0,10,2,72,,340373,11,0,10,1,31,,340377,11,0,10,2,72,,340380,11,0,10,1,32,,340378,11,0,10,1,73,,340353,11,0,10,1,74,,340358,11,0,10,2,32,,340363,11,0,10,1,70,,340374,11,0,10,1,31,,340379,11,0,10,1,70,,340354,11,0,10,1,31,,340359,11,0,10,2,70,,340364,11,0,10,1,32,,340381,11,0,10,1,70,,340369,11,0,10,2,33,,340375,11,0,10,1,73,,340360,11,0,10,2,29,,340365,11,0,10,1,72,,340382,11,0,10,1,30,,340370,11,0,10,2,70,,340386,11,0,10,1,33,,340361,11,0,10,2,72,,340366,11,0,10,1,32,,340383,11,0,10,1,68,,340371,11,0,10,2,28,,340355,11,0,10,1,68,,340387,11,0,10,2,28,,340367,11,0,10,1,70,,340384,11,0,10,1,30,,340372,11,0,10,2,70,,340356,11,0,10,1,29,,340388,11,0,10,2,68,,340368,11,0,10,1,28,,340385,11,0,10,1
20202,'H60S200F-80-F2',620,,340394,11,0,10,1,27,,340399,11,0,10,1,69,,340389,11,0,10,1,31,,340413,11,0,10,2,72,,340410,11,0,10,1,31,,340414,11,0,10,2,72,,340417,11,0,10,1,32,,340415,11,0,10,1,73,,340390,11,0,10,1,74,,340395,11,0,10,2,32,,340400,11,0,10,1,70,,340411,11,0,10,1,31,,340416,11,0,10,1,70,,340391,11,0,10,1,31,,340396,11,0,10,2,70,,340401,11,0,10,1,32,,340418,11,0,10,1,70,,340406,11,0,10,2,33,,340412,11,0,10,1,73,,340397,11,0,10,2,29,,340402,11,0,10,1,72,,340419,11,0,10,1,30,,340407,11,0,10,2,70,,340423,11,0,10,1,33,,340398,11,0,10,2,72,,340403,11,0,10,1,32,,340420,11,0,10,1,68,,340408,11,0,10,2,28,,340392,11,0,10,1,68,,340424,11,0,10,2,28,,340404,11,0,10,1,70,,340421,11,0,10,1,30,,340409,11,0,10,2,70,,340393,11,0,10,1,29,,340425,11,0,10,2,68,,340405,11,0,10,1,28,,340422,11,0,10,1
