4101,'H58S000S-83-S',614,,297576,42,0,5,1,21,,297577,42,0,5,1,19,,297588,42,0,5,2,69,,297569,42,0,5,1,33,,297584,42,0,5,2,76,,297565,42,0,5,2,69,,297578,42,0,5,1,30,,297593,42,0,5,1,18,,297570,42,0,5,1,68,,297566,42,0,5,1,29,,297589,42,0,5,2,69,,297574,42,0,5,1,21,,297579,42,0,5,1,70,,297571,42,0,5,1,31,,297567,42,0,5,1,68,,297590,42,0,5,2,30,,297575,42,0,5,1,66,,297580,42,0,5,1,26,,297572,42,0,5,1,24,,297585,42,0,5,2,66,,297568,42,0,5,1,25,,297591,42,0,5,2,76,,297596,42,0,5,2,33,,297581,42,0,5,1,72,,297597,42,0,5,2,24,,297586,42,0,5,2,68,,297592,42,0,5,2,26,,297573,42,0,5,1,64,,297594,42,0,5,1,23,,297582,42,0,5,1,27,,297598,42,0,5,2,67,,297587,42,0,5,2,30,,297599,42,0,5,2,69,,297595,42,0,5,1,27,,297583,42,0,5,1
4101,'H58S100F-80-F1',614,,297601,42,0,5,2,30,,297605,42,0,5,2,70,,297609,42,0,5,1,32,,297611,42,0,5,1,77,,297604,42,0,5,1,30,,297602,42,0,5,2,69,,297606,42,0,5,2,24,,297610,42,0,5,1,70,,297612,42,0,5,1,505,,297615,42,0,5,2,31,,297617,42,0,5,2,69,,297607,42,0,5,2,28,,297600,42,0,5,1,68,,297613,42,0,5,2,30,,297614,42,0,5,1,69,,297616,42,0,5,2,24,,297618,42,0,5,2,65,,297608,42,0,5,2,23,,297603,42,0,5,1
4101,'H58S200F-80-F2',614,,297635,42,0,5,2,30,,297620,42,0,5,2,70,,297630,42,0,5,1,32,,297622,42,0,5,1,77,,297619,42,0,5,1,30,,297636,42,0,5,2,69,,297621,42,0,5,2,24,,297631,42,0,5,1,70,,297623,42,0,5,1,505,,297626,42,0,5,2,31,,297628,42,0,5,2,69,,297632,42,0,5,2,28,,297637,42,0,5,1,68,,297624,42,0,5,2,30,,297625,42,0,5,1,69,,297627,42,0,5,2,24,,297629,42,0,5,2,65,,297633,42,0,5,2,23,,297634,42,0,5,1
13903,'H58S000A-80-A',531,,325342,27,0,8,1,27,,325334,27,0,8,1,72,,325357,27,0,8,2,24,,325360,27,0,8,1,62,,325330,27,0,8,2,20,,325335,27,0,8,1,20,,325350,27,0,8,1,63,,325346,27,0,8,1,30,,325361,27,0,8,1,72,,325336,27,0,8,1,30,,325351,27,0,8,1,70,,325347,27,0,8,1,29,,325362,27,0,8,1,70,,325337,27,0,8,1,32,,325352,27,0,8,1,71,,325348,27,0,8,1,30,,325363,27,0,8,1,71,,325338,27,0,8,1,29,,325353,27,0,8,1,69,,325349,27,0,8,1,30,,325364,27,0,8,1,70,,325339,27,0,8,1,29,,325354,27,0,8,1,68,,325383,27,0,8,1,27,,325365,27,0,8,1,71,,325340,27,0,8,1,28,,325355,27,0,8,1,68,,325331,27,0,8,2,32,,325327,27,0,8,2,66,,325341,27,0,8,1,28,,325376,27,0,8,2,69,,325332,27,0,8,2,31,,325328,27,0,8,2,71,,325374,27,0,8,1,22,,325370,27,0,8,1,10,,325343,27,0,8,1,9,,325377,27,0,8,2,50,,325333,27,0,8,2,10,,325366,27,0,8,2,11,,325358,27,0,8,1,11,,325329,27,0,8,2,11,,325379,27,0,8,2,9,,325371,27,0,8,1,48,,325375,27,0,8,1,9,,325378,27,0,8,2,11,,325344,27,0,8,1,8,,325372,27,0,8,2,11,,325359,27,0,8,1,12,,325367,27,0,8,2,53,,325356,27,0,8,1,13,,325380,27,0,8,2,15,,325382,27,0,8,1,15,,325345,27,0,8,1,56,,325369,27,0,8,1,15,,325368,27,0,8,2,21,,325373,27,0,8,2,63,,325381,27,0,8,2
13903,'H58S000I-80-I',532,,325396,27,0,8,2,70,,325386,27,0,8,2,33,,325403,27,0,8,1,70,,325406,27,0,8,1,29,,325387,27,0,8,2,25,,325415,27,0,8,1,66,,325420,27,0,8,2,24,,325407,27,0,8,1,70,,325388,27,0,8,2,31,,325416,27,0,8,1,70,,325421,27,0,8,2,29,,325408,27,0,8,1,70,,325389,27,0,8,2,31,,325417,27,0,8,1,71,,325422,27,0,8,2,31,,325409,27,0,8,1,72,,325390,27,0,8,2,28,,325418,27,0,8,1,69,,325423,27,0,8,2,30,,325410,27,0,8,1,71,,325391,27,0,8,2,29,,325419,27,0,8,1,69,,325424,27,0,8,2,29,,325411,27,0,8,1,69,,325392,27,0,8,2,29,,325431,27,0,8,2,68,,325425,27,0,8,2,28,,325412,27,0,8,1,67,,325393,27,0,8,2,29,,325432,27,0,8,2,68,,325426,27,0,8,2,29,,325413,27,0,8,1,65,,325394,27,0,8,2,24,,325433,27,0,8,2,17,,325397,27,0,8,2,11,,325427,27,0,8,2,51,,325398,27,0,8,1,12,,325404,27,0,8,1,12,,325414,27,0,8,1,11,,325395,27,0,8,2,13,,325401,27,0,8,1,54,,325434,27,0,8,2,14,,325399,27,0,8,1,15,,325428,27,0,8,2,13,,325384,27,0,8,1,55,,325405,27,0,8,1,15,,325435,27,0,8,2,16,,325402,27,0,8,1,16,,325400,27,0,8,1,56,,325430,27,0,8,1,15,,325385,27,0,8,1,18,,325429,27,0,8,2,63,,325436,27,0,8,2
13903,'H58S000S-83-S',525,,325438,27,0,8,1,30,,325447,27,0,8,2,74,,325444,27,0,8,1,29,,325453,27,0,8,2,73,,325439,27,0,8,1,70,,325448,27,0,8,2,31,,325445,27,0,8,1,69,,325454,27,0,8,2,31,,325440,27,0,8,1,71,,325449,27,0,8,2,30,,325446,27,0,8,1,69,,325455,27,0,8,2,29,,325441,27,0,8,1,69,,325450,27,0,8,2,30,,325472,27,0,8,1,71,,325456,27,0,8,2,30,,325442,27,0,8,1,70,,325451,27,0,8,2,30,,325473,27,0,8,1,71,,325457,27,0,8,2,32,,325443,27,0,8,1,72,,325452,27,0,8,2,33,,325474,27,0,8,1,72,,325462,27,0,8,1,32,,325458,27,0,8,2,70,,325466,27,0,8,1,28,,325475,27,0,8,1,67,,325463,27,0,8,1,27,,325459,27,0,8,2,68,,325467,27,0,8,1,28,,325476,27,0,8,1,28,,325464,27,0,8,1,68,,325460,27,0,8,2,28,,325468,27,0,8,1,68,,325477,27,0,8,1,28,,325465,27,0,8,1,68,,325461,27,0,8,2,29,,325469,27,0,8,1,69,,325478,27,0,8,2,27,,325471,27,0,8,1,67,,325437,27,0,8,1,28,,325470,27,0,8,1,18,,325479,27,0,8,2
13903,'H58S100F-80-F1',532,,325490,27,0,8,2,70,,325480,27,0,8,1,33,,325503,27,0,8,1,70,,325505,27,0,8,2,29,,325481,27,0,8,1,25,,325518,27,0,8,2,66,,325493,27,0,8,1,24,,325506,27,0,8,2,70,,325482,27,0,8,1,31,,325519,27,0,8,2,70,,325494,27,0,8,1,29,,325507,27,0,8,2,70,,325483,27,0,8,1,31,,325520,27,0,8,2,71,,325495,27,0,8,1,31,,325508,27,0,8,2,72,,325484,27,0,8,1,28,,325521,27,0,8,2,69,,325496,27,0,8,1,30,,325509,27,0,8,2,71,,325485,27,0,8,1,29,,325522,27,0,8,2,69,,325497,27,0,8,1,29,,325510,27,0,8,2,69,,325486,27,0,8,1,29,,325523,27,0,8,2,68,,325498,27,0,8,1,28,,325511,27,0,8,2,67,,325487,27,0,8,1,29,,325524,27,0,8,2,68,,325499,27,0,8,1,29,,325512,27,0,8,2,65,,325488,27,0,8,1,24,,325527,27,0,8,1,17,,325525,27,0,8,2,11,,325531,27,0,8,2,51,,325500,27,0,8,1,12,,325513,27,0,8,2,12,,325532,27,0,8,2,11,,325489,27,0,8,1,13,,325529,27,0,8,2,54,,325515,27,0,8,1,14,,325501,27,0,8,1,15,,325526,27,0,8,2,13,,325491,27,0,8,2,55,,325514,27,0,8,2,15,,325516,27,0,8,1,16,,325530,27,0,8,2,16,,325502,27,0,8,1,56,,325528,27,0,8,1,15,,325492,27,0,8,2,18,,325504,27,0,8,2,63,,325517,27,0,8,1
13903,'H58S200F-80-F2',532,,325578,27,0,8,2,70,,325539,27,0,8,1,33,,325579,27,0,8,1,70,,325549,27,0,8,2,29,,325540,27,0,8,1,25,,325569,27,0,8,2,66,,325559,27,0,8,1,24,,325550,27,0,8,2,70,,325541,27,0,8,1,31,,325570,27,0,8,2,70,,325560,27,0,8,1,29,,325551,27,0,8,2,70,,325542,27,0,8,1,31,,325571,27,0,8,2,71,,325561,27,0,8,1,31,,325552,27,0,8,2,72,,325543,27,0,8,1,28,,325572,27,0,8,2,69,,325562,27,0,8,1,30,,325553,27,0,8,2,71,,325544,27,0,8,1,29,,325573,27,0,8,2,69,,325563,27,0,8,1,29,,325554,27,0,8,2,69,,325545,27,0,8,1,29,,325574,27,0,8,2,68,,325564,27,0,8,1,28,,325555,27,0,8,2,67,,325546,27,0,8,1,29,,325575,27,0,8,2,68,,325565,27,0,8,1,29,,325556,27,0,8,2,65,,325547,27,0,8,1,24,,325537,27,0,8,1,17,,325576,27,0,8,2,11,,325535,27,0,8,2,51,,325566,27,0,8,1,12,,325557,27,0,8,2,12,,325583,27,0,8,2,11,,325548,27,0,8,1,13,,325584,27,0,8,2,54,,325580,27,0,8,1,14,,325567,27,0,8,1,15,,325577,27,0,8,2,13,,325533,27,0,8,2,55,,325558,27,0,8,2,15,,325581,27,0,8,1,16,,325585,27,0,8,2,16,,325568,27,0,8,1,56,,325538,27,0,8,1,15,,325534,27,0,8,2,18,,325536,27,0,8,2,63,,325582,27,0,8,1
35503,'H54S000A-80-A',2612,,346136,55,0,8,1,30,,346135,55,0,8,2,64,,346139,55,0,8,1,25,,346134,55,0,8,2,71,,346133,55,0,8,1,24,,346138,55,0,8,1,80,,346137,55,0,8,1,30,,346140,55,0,8,1
35503,'H54S000I-80-I',2605,,346141,55,0,8,1,46,,346145,55,0,8,2,86,,346143,55,0,8,1,88,,346144,55,0,8,2,86,,346142,55,0,8,1,26,,346146,55,0,8,2
35503,'H54S000S-80-S',2608,,346150,55,0,8,1,44,,346148,55,0,8,2,86,,346147,55,0,8,1,86,,346152,55,0,8,2,79,,346151,55,0,8,1,33,,346149,55,0,8,2
35503,'H54S100F-80-F1',2605,,346153,55,0,8,1,46,,346157,55,0,8,2,86,,346155,55,0,8,1,88,,346156,55,0,8,2,86,,346154,55,0,8,1,26,,346158,55,0,8,2
35503,'H54S200F-80-F2',2605,,346159,55,0,8,1,46,,346163,55,0,8,2,86,,346161,55,0,8,1,88,,346162,55,0,8,2,86,,346160,55,0,8,1,26,,346164,55,0,8,2
