1703,'H56S000S-82-S',522,,289684,12,0,8,1,25,,289685,12,0,8,1
1703,'H60S000A-80-A',502,,289686,12,0,8,1,45,,289698,12,0,8,1,75,,289687,12,0,8,1,84,,289699,12,0,8,1,36,,289688,12,0,8,1,85,,289700,12,0,8,1,84,,289689,12,0,8,1,45,,289701,12,0,8,1,79,,289707,12,0,8,1,85,,289690,12,0,8,1,83,,289702,12,0,8,1,43,,289708,12,0,8,1,81,,289691,12,0,8,1,82,,289703,12,0,8,1,41,,289709,12,0,8,1,81,,289692,12,0,8,1,81,,289704,12,0,8,1,40,,289710,12,0,8,1,79,,289693,12,0,8,1,78,,289705,12,0,8,1,38,,289711,12,0,8,1,78,,289694,12,0,8,1,76,,289706,12,0,8,1,33,,289712,12,0,8,1,85,,289695,12,0,8,1,81,,289713,12,0,8,1,45,,289696,12,0,8,1,81,,289714,12,0,8,1,82,,289697,12,0,8,1,41,,289715,12,0,8,1
1703,'H60S000I-81-I',508,,289745,12,0,8,1,30,,289724,12,0,8,1,74,,289716,12,0,8,1,44,,289725,12,0,8,1,75,,289717,12,0,8,1,84,,289726,12,0,8,1,37,,289718,12,0,8,1,85,,289727,12,0,8,1,83,,289719,12,0,8,1,85,,289728,12,0,8,1,43,,289720,12,0,8,1,76,,289737,12,0,8,1,80,,289729,12,0,8,1,40,,289721,12,0,8,1,80,,289738,12,0,8,1,80,,289730,12,0,8,1,40,,289722,12,0,8,1,81,,289739,12,0,8,1,82,,289731,12,0,8,1,42,,289723,12,0,8,1,80,,289740,12,0,8,1,84,,289732,12,0,8,1,44,,289741,12,0,8,1,84,,289733,12,0,8,1,82,,289742,12,0,8,1,83,,289734,12,0,8,1,42,,289743,12,0,8,1,82,,289735,12,0,8,1,82,,289744,12,0,8,1,42,,289736,12,0,8,1
1703,'H60S000S-83-S',501,,289750,12,0,8,1,31,,289746,12,0,8,1,72,,289760,12,0,8,1,34,,289751,12,0,8,1,75,,289747,12,0,8,1,35,,289761,12,0,8,1,73,,289771,12,0,8,1,33,,289752,12,0,8,1,73,,289748,12,0,8,1,30,,289762,12,0,8,1,75,,289772,12,0,8,1,75,,289753,12,0,8,1,35,,289763,12,0,8,1,78,,289773,12,0,8,1,37,,289754,12,0,8,1,77,,289764,12,0,8,1,74,,289777,12,0,8,1,32,,289774,12,0,8,1,67,,289755,12,0,8,1,31,,289765,12,0,8,1,73,,289778,12,0,8,1,33,,289775,12,0,8,1,69,,289756,12,0,8,1,33,,289766,12,0,8,1,72,,289779,12,0,8,1,30,,289776,12,0,8,1,66,,289757,12,0,8,1,30,,289767,12,0,8,1,71,,289780,12,0,8,1,30,,289758,12,0,8,1,71,,289768,12,0,8,1,30,,289781,12,0,8,1,70,,289759,12,0,8,1,32,,289769,12,0,8,1,79,,289782,12,0,8,1,84,,289770,12,0,8,1,36,,289783,12,0,8,1
1703,'H60S100F-80-F1',508,,289813,12,0,8,1,30,,289792,12,0,8,1,74,,289784,12,0,8,1,44,,289793,12,0,8,1,75,,289785,12,0,8,1,84,,289794,12,0,8,1,37,,289786,12,0,8,1,85,,289795,12,0,8,1,83,,289787,12,0,8,1,85,,289796,12,0,8,1,43,,289788,12,0,8,1,76,,289805,12,0,8,1,80,,289797,12,0,8,1,40,,289789,12,0,8,1,80,,289806,12,0,8,1,80,,289798,12,0,8,1,40,,289790,12,0,8,1,81,,289807,12,0,8,1,82,,289799,12,0,8,1,42,,289791,12,0,8,1,80,,289808,12,0,8,1,84,,289800,12,0,8,1,44,,289809,12,0,8,1,84,,289801,12,0,8,1,82,,289810,12,0,8,1,83,,289802,12,0,8,1,42,,289811,12,0,8,1,82,,289803,12,0,8,1,82,,289812,12,0,8,1,42,,289804,12,0,8,1
1703,'H60S200F-80-F2',508,,289843,12,0,8,1,30,,289822,12,0,8,1,74,,289814,12,0,8,1,44,,289823,12,0,8,1,75,,289815,12,0,8,1,84,,289824,12,0,8,1,37,,289816,12,0,8,1,85,,289825,12,0,8,1,83,,289817,12,0,8,1,85,,289826,12,0,8,1,43,,289818,12,0,8,1,76,,289835,12,0,8,1,80,,289827,12,0,8,1,40,,289819,12,0,8,1,80,,289836,12,0,8,1,80,,289828,12,0,8,1,40,,289820,12,0,8,1,81,,289837,12,0,8,1,82,,289829,12,0,8,1,42,,289821,12,0,8,1,80,,289838,12,0,8,1,84,,289830,12,0,8,1,44,,289839,12,0,8,1,84,,289831,12,0,8,1,82,,289840,12,0,8,1,83,,289832,12,0,8,1,42,,289841,12,0,8,1,82,,289833,12,0,8,1,82,,289842,12,0,8,1,42,,289834,12,0,8,1
6303,'H56S000A-80-A',900,,304586,18,0,8,1,30,,304576,18,0,8,2,70,,304587,18,0,8,1,31,,304577,18,0,8,2,72,,304588,18,0,8,1,30,,304578,18,0,8,2,71,,304589,18,0,8,1,31,,304579,18,0,8,2,70,,304590,18,0,8,1,31,,304580,18,0,8,2,70,,304591,18,0,8,1,32,,304581,18,0,8,2,72,,304592,18,0,8,1,30,,304582,18,0,8,2,70,,304593,18,0,8,1,29,,304583,18,0,8,2,69,,304594,18,0,8,1,28,,304584,18,0,8,2,66,,304595,18,0,8,1,28,,304585,18,0,8,2
6303,'H56S000S-82-S',631,,304609,18,0,8,1,28,,304596,18,0,8,2,71,,304610,18,0,8,1,75,,304597,18,0,8,2,35,,304611,18,0,8,1,72,,304598,18,0,8,2,31,,304612,18,0,8,1,72,,304599,18,0,8,2,30,,304613,18,0,8,1,72,,304600,18,0,8,2,31,,304614,18,0,8,1,72,,304601,18,0,8,2,32,,304615,18,0,8,1,72,,304602,18,0,8,2,32,,304616,18,0,8,1,72,,304603,18,0,8,2,75,,304617,18,0,8,1,34,,304604,18,0,8,2,74,,304618,18,0,8,1,34,,304605,18,0,8,2,73,,304619,18,0,8,1,33,,304606,18,0,8,2,73,,304620,18,0,8,1,31,,304607,18,0,8,2,69,,304621,18,0,8,1,28,,304608,18,0,8,2
6303,'H56S100F-80-F1',900,,304622,18,0,8,1,30,,304623,18,0,8,2,70,,304624,18,0,8,1,31,,304626,18,0,8,2,72,,304625,18,0,8,1,30,,304627,18,0,8,2,71,,304628,18,0,8,1,31,,304629,18,0,8,2,70,,304630,18,0,8,1,31,,304631,18,0,8,2,70,,304632,18,0,8,1,32,,304633,18,0,8,2,72,,304634,18,0,8,1,30,,304635,18,0,8,2,70,,304636,18,0,8,1,29,,304637,18,0,8,2,69,,304638,18,0,8,1,28,,304639,18,0,8,2,66,,304640,18,0,8,1,28,,304641,18,0,8,2
6303,'H56S200F-80-F2',900,,304642,18,0,8,1,30,,304643,18,0,8,2,70,,304644,18,0,8,1,31,,304646,18,0,8,2,72,,304645,18,0,8,1,30,,304647,18,0,8,2,71,,304648,18,0,8,1,31,,304649,18,0,8,2,70,,304650,18,0,8,1,31,,304651,18,0,8,2,70,,304652,18,0,8,1,32,,304653,18,0,8,2,72,,304654,18,0,8,1,30,,304655,18,0,8,2,70,,304656,18,0,8,1,29,,304657,18,0,8,2,69,,304658,18,0,8,1,28,,304659,18,0,8,2,66,,304660,18,0,8,1,28,,304661,18,0,8,2
10202,'H56S000A-80-A',636,,315197,7,0,10,1,70,,315181,7,0,10,2,30,,315198,7,0,10,1,70,,315182,7,0,10,2,31,,315199,7,0,10,1,70,,315183,7,0,10,2,31,,315200,7,0,10,1,71,,315184,7,0,10,2,30,,315201,7,0,10,1,70,,315185,7,0,10,2,31,,315202,7,0,10,1,70,,315186,7,0,10,2,30,,315203,7,0,10,1,70,,315187,7,0,10,2,30,,315204,7,0,10,1,70,,315188,7,0,10,2,30,,315205,7,0,10,1,69,,315189,7,0,10,2,30,,315206,7,0,10,1,70,,315190,7,0,10,2,30,,315207,7,0,10,1,70,,315191,7,0,10,2,29,,315208,7,0,10,1,70,,315192,7,0,10,2,30,,315209,7,0,10,1,70,,315193,7,0,10,2,29,,315210,7,0,10,1,69,,315194,7,0,10,2,28,,315211,7,0,10,1,67,,315195,7,0,10,2,27,,315212,7,0,10,1,27,,315196,7,0,10,2,67,,315213,7,0,10,1,88,,315214,7,0,10,1,48,,315215,7,0,10,1,87,,315216,7,0,10,1,87,,315217,7,0,10,1,87,,315218,7,0,10,1
10202,'H56S000I-80-I',637,,315239,7,0,10,2,71,,315219,7,0,10,1,31,,315240,7,0,10,2,70,,315220,7,0,10,1,30,,315241,7,0,10,2,70,,315221,7,0,10,1,30,,315242,7,0,10,2,70,,315222,7,0,10,1,30,,315243,7,0,10,2,70,,315223,7,0,10,1,29,,315244,7,0,10,2,69,,315224,7,0,10,1,30,,315245,7,0,10,2,70,,315225,7,0,10,1,30,,315246,7,0,10,2,70,,315226,7,0,10,1,30,,315247,7,0,10,2,70,,315227,7,0,10,1,30,,315248,7,0,10,2,70,,315228,7,0,10,1,30,,315249,7,0,10,2,69,,315229,7,0,10,1,30,,315250,7,0,10,2,70,,315230,7,0,10,1,30,,315251,7,0,10,2,71,,315231,7,0,10,1,32,,315252,7,0,10,2,70,,315232,7,0,10,1,30,,315253,7,0,10,2,70,,315233,7,0,10,1,32,,315254,7,0,10,2,78,,315234,7,0,10,1,86,,315235,7,0,10,1,47,,315236,7,0,10,1,87,,315237,7,0,10,1,87,,315238,7,0,10,1
10202,'H56S000S-82-S',606,,315255,7,0,10,1,28,,315266,7,0,10,2,70,,315256,7,0,10,1,32,,315267,7,0,10,2,73,,315257,7,0,10,1,34,,315268,7,0,10,2,72,,315258,7,0,10,1,30,,315269,7,0,10,2,70,,315259,7,0,10,1,30,,315270,7,0,10,2,69,,315260,7,0,10,1,29,,315271,7,0,10,2,69,,315261,7,0,10,1,29,,315272,7,0,10,2,70,,315262,7,0,10,1,30,,315273,7,0,10,2,70,,315263,7,0,10,1,30,,315274,7,0,10,2,71,,315264,7,0,10,1,31,,315275,7,0,10,2,71,,315265,7,0,10,1,32,,315276,7,0,10,2,72,,315283,7,0,10,1,31,,315277,7,0,10,2,69,,315284,7,0,10,1,29,,315278,7,0,10,2,70,,315285,7,0,10,1,30,,315279,7,0,10,2,70,,315286,7,0,10,1,30,,315280,7,0,10,2,69,,315287,7,0,10,1,28,,315281,7,0,10,2,68,,315288,7,0,10,1,28,,315282,7,0,10,2,66,,315289,7,0,10,1,47,,315290,7,0,10,1,89,,315291,7,0,10,1,90,,315292,7,0,10,1
10202,'H56S100F-80-F1',637,,315313,7,0,10,2,71,,315293,7,0,10,1,31,,315314,7,0,10,2,70,,315294,7,0,10,1,30,,315315,7,0,10,2,70,,315295,7,0,10,1,30,,315316,7,0,10,2,70,,315296,7,0,10,1,30,,315317,7,0,10,2,70,,315297,7,0,10,1,29,,315318,7,0,10,2,69,,315298,7,0,10,1,30,,315319,7,0,10,2,70,,315299,7,0,10,1,30,,315320,7,0,10,2,70,,315300,7,0,10,1,30,,315321,7,0,10,2,70,,315301,7,0,10,1,30,,315322,7,0,10,2,70,,315302,7,0,10,1,30,,315323,7,0,10,2,69,,315303,7,0,10,1,30,,315324,7,0,10,2,70,,315304,7,0,10,1,30,,315325,7,0,10,2,71,,315305,7,0,10,1,32,,315326,7,0,10,2,70,,315306,7,0,10,1,30,,315327,7,0,10,2,70,,315307,7,0,10,1,32,,315328,7,0,10,2,78,,315308,7,0,10,1,86,,315309,7,0,10,1,47,,315310,7,0,10,1,87,,315311,7,0,10,1,87,,315312,7,0,10,1
10202,'H56S200F-80-F2',637,,315349,7,0,10,2,71,,315329,7,0,10,1,31,,315350,7,0,10,2,70,,315330,7,0,10,1,30,,315351,7,0,10,2,70,,315331,7,0,10,1,30,,315352,7,0,10,2,70,,315332,7,0,10,1,30,,315353,7,0,10,2,70,,315333,7,0,10,1,29,,315354,7,0,10,2,69,,315334,7,0,10,1,30,,315355,7,0,10,2,70,,315335,7,0,10,1,30,,315356,7,0,10,2,70,,315336,7,0,10,1,30,,315357,7,0,10,2,70,,315337,7,0,10,1,30,,315358,7,0,10,2,70,,315338,7,0,10,1,30,,315359,7,0,10,2,69,,315339,7,0,10,1,30,,315360,7,0,10,2,70,,315340,7,0,10,1,30,,315361,7,0,10,2,71,,315341,7,0,10,1,32,,315362,7,0,10,2,70,,315342,7,0,10,1,30,,315363,7,0,10,2,70,,315343,7,0,10,1,32,,315364,7,0,10,2,78,,315344,7,0,10,1,86,,315345,7,0,10,1,47,,315346,7,0,10,1,87,,315347,7,0,10,1,87,,315348,7,0,10,1
37103,'H50S000A-82-A',2545,,347082,18,0,8,2,71,,347084,18,0,8,1,27,,347080,18,0,8,2,71,,347086,18,0,8,1,30,,347083,18,0,8,2,70,,347085,18,0,8,1,29,,347081,18,0,8,2
37103,'H50S000I-82-I',2545,,347090,18,0,8,2,69,,347087,18,0,8,2,30,,347089,18,0,8,2,70,,347092,18,0,8,1,30,,347091,18,0,8,2,70,,347088,18,0,8,2,31,,347093,18,0,8,1
37103,'H50S000S-82-S',2544,,347096,18,0,8,2,70,,347094,18,0,8,1,30,,347098,18,0,8,2,68,,347100,18,0,8,1,31,,347097,18,0,8,2,71,,347095,18,0,8,1,30,,347099,18,0,8,2
37103,'H50S100F-80-F1',2545,,347104,18,0,8,2,69,,347101,18,0,8,2,30,,347103,18,0,8,2,70,,347106,18,0,8,1,30,,347105,18,0,8,2,70,,347102,18,0,8,2,31,,347107,18,0,8,1
37103,'H50S200F-80-F2',2545,,347111,18,0,8,2,69,,347108,18,0,8,2,30,,347110,18,0,8,2,70,,347113,18,0,8,1,30,,347112,18,0,8,2,70,,347109,18,0,8,2,31,,347114,18,0,8,1
