20001,'H56S000S-82-S',747,,339475,18,0,5,1
20001,'H60S000A-80-A',621,,339476,18,0,5,1,30,,339487,18,0,5,2,69,,339497,18,0,5,2,29,,339477,18,0,5,1,73,,339488,18,0,5,2,32,,339498,18,0,5,2,70,,339478,18,0,5,1,29,,339489,18,0,5,2,69,,339499,18,0,5,2,30,,339479,18,0,5,1,68,,339490,18,0,5,2,29,,339500,18,0,5,2,70,,339480,18,0,5,1,30,,339491,18,0,5,2,70,,339501,18,0,5,2,31,,339481,18,0,5,1,71,,339492,18,0,5,2,29,,339502,18,0,5,2,70,,339482,18,0,5,1,30,,339493,18,0,5,2,70,,339503,18,0,5,2,29,,339483,18,0,5,1,69,,339494,18,0,5,2,30,,339504,18,0,5,2,71,,339484,18,0,5,1,32,,339495,18,0,5,1,71,,339505,18,0,5,2,28,,339485,18,0,5,1,70,,339496,18,0,5,1,30,,339506,18,0,5,2,70,,339486,18,0,5,1
20001,'H60S000I-81-I',753,,339525,18,0,5,1,70,,339507,18,0,5,1,30,,339516,18,0,5,2,69,,339526,18,0,5,1,29,,339508,18,0,5,1,69,,339517,18,0,5,2,30,,339527,18,0,5,1,71,,339509,18,0,5,1,29,,339518,18,0,5,2,70,,339528,18,0,5,1,30,,339510,18,0,5,1,70,,339519,18,0,5,2,30,,339529,18,0,5,1,70,,339511,18,0,5,1,29,,339520,18,0,5,2,70,,339530,18,0,5,1,30,,339512,18,0,5,1,69,,339521,18,0,5,2,29,,339531,18,0,5,1,71,,339513,18,0,5,1,32,,339522,18,0,5,2,71,,339532,18,0,5,1,32,,339514,18,0,5,1,69,,339523,18,0,5,2,30,,339533,18,0,5,1,69,,339515,18,0,5,1,29,,339524,18,0,5,2,70,,339534,18,0,5,1
20001,'H60S000S-83-S',608,,339543,18,0,5,1,20,,339541,18,0,5,1,24,,339555,18,0,5,2,61,,339562,18,0,5,2,19,,339544,18,0,5,1,69,,339535,18,0,5,2,14,,339542,18,0,5,1,14,,339556,18,0,5,2,14,,339554,18,0,5,1,15,,339563,18,0,5,2,57,,339545,18,0,5,1,20,,339536,18,0,5,2,22,,339557,18,0,5,2,69,,339564,18,0,5,2,30,,339546,18,0,5,1,70,,339558,18,0,5,2,31,,339565,18,0,5,2,71,,339547,18,0,5,1,31,,339559,18,0,5,2,70,,339566,18,0,5,2,30,,339548,18,0,5,1,68,,339560,18,0,5,2,30,,339567,18,0,5,2,71,,339549,18,0,5,1,31,,339561,18,0,5,2,72,,339568,18,0,5,2,24,,339570,18,0,5,1,61,,339550,18,0,5,1,23,,339537,18,0,5,1,63,,339569,18,0,5,2,24,,339571,18,0,5,1,24,,339551,18,0,5,1,68,,339538,18,0,5,1,31,,339572,18,0,5,1,70,,339552,18,0,5,1,29,,339539,18,0,5,1,69,,339573,18,0,5,1,29,,339553,18,0,5,1,72,,339540,18,0,5,1
20001,'H60S100F-80-F1',753,,339592,18,0,5,1,70,,339574,18,0,5,1,30,,339583,18,0,5,1,69,,339593,18,0,5,1,29,,339575,18,0,5,1,69,,339584,18,0,5,1,30,,339594,18,0,5,1,71,,339576,18,0,5,1,29,,339585,18,0,5,1,70,,339595,18,0,5,1,30,,339577,18,0,5,1,70,,339586,18,0,5,1,30,,339596,18,0,5,1,70,,339578,18,0,5,1,29,,339587,18,0,5,1,70,,339597,18,0,5,1,30,,339579,18,0,5,1,69,,339588,18,0,5,1,29,,339598,18,0,5,1,71,,339580,18,0,5,1,32,,339589,18,0,5,1,71,,339599,18,0,5,1,32,,339581,18,0,5,1,69,,339590,18,0,5,1,30,,339600,18,0,5,1,69,,339582,18,0,5,1,29,,339591,18,0,5,1,70,,339601,18,0,5,1
20001,'H60S200F-80-F2',753,,339620,18,0,5,1,70,,339602,18,0,5,1,30,,339611,18,0,5,1,69,,339621,18,0,5,1,29,,339603,18,0,5,1,69,,339612,18,0,5,1,30,,339622,18,0,5,1,71,,339604,18,0,5,1,29,,339613,18,0,5,1,70,,339623,18,0,5,1,30,,339605,18,0,5,1,70,,339614,18,0,5,1,30,,339624,18,0,5,1,70,,339606,18,0,5,1,29,,339615,18,0,5,1,70,,339625,18,0,5,1,30,,339607,18,0,5,1,69,,339616,18,0,5,1,29,,339626,18,0,5,1,71,,339608,18,0,5,1,32,,339617,18,0,5,1,71,,339627,18,0,5,1,32,,339609,18,0,5,1,69,,339618,18,0,5,1,30,,339628,18,0,5,1,69,,339610,18,0,5,1,29,,339619,18,0,5,1,70,,339629,18,0,5,1
41101,'H56S000A-80-A',605,,347447,18,0,5,2,30,,347448,18,0,5,1,69,,347428,18,0,5,1,30,,347411,18,0,5,2,71,,347421,18,0,5,2,32,,347449,18,0,5,1,71,,347429,18,0,5,1,30,,347433,18,0,5,1,68,,347422,18,0,5,2,30,,347439,18,0,5,1,70,,347430,18,0,5,1,26,,347434,18,0,5,1,71,,347423,18,0,5,2,31,,347440,18,0,5,1,70,,347431,18,0,5,1,30,,347435,18,0,5,1,71,,347424,18,0,5,2,30,,347441,18,0,5,1,70,,347432,18,0,5,1,30,,347436,18,0,5,1,70,,347425,18,0,5,2,29,,347442,18,0,5,1,69,,347419,18,0,5,2,30,,347437,18,0,5,1,69,,347426,18,0,5,2,31,,347443,18,0,5,1,72,,347420,18,0,5,2,29,,347438,18,0,5,1,69,,347427,18,0,5,2,31,,347444,18,0,5,1,71,,347416,18,0,5,1,29,,347412,18,0,5,1,69,,347414,18,0,5,2,31,,347445,18,0,5,1,71,,347417,18,0,5,2,31,,347413,18,0,5,1,72,,347415,18,0,5,2,22,,347446,18,0,5,1,70,,347418,18,0,5,2
41101,'H56S000I-80-I',635,,347483,18,0,5,1,73,,347456,18,0,5,2,30,,347450,18,0,5,1,70,,347465,18,0,5,2,30,,347484,18,0,5,1,69,,347457,18,0,5,2,29,,347477,18,0,5,1,69,,347466,18,0,5,2,31,,347472,18,0,5,1,71,,347458,18,0,5,2,29,,347478,18,0,5,1,69,,347467,18,0,5,2,29,,347473,18,0,5,1,71,,347459,18,0,5,2,30,,347479,18,0,5,1,69,,347468,18,0,5,2,30,,347474,18,0,5,1,70,,347460,18,0,5,2,30,,347480,18,0,5,1,69,,347469,18,0,5,2,29,,347475,18,0,5,1,70,,347461,18,0,5,2,32,,347481,18,0,5,1,71,,347470,18,0,5,2,33,,347476,18,0,5,1,69,,347462,18,0,5,2,30,,347482,18,0,5,1,69,,347471,18,0,5,2,30,,347455,18,0,5,1,69,,347463,18,0,5,2,29,,347453,18,0,5,1,70,,347485,18,0,5,2,30,,347451,18,0,5,1,70,,347464,18,0,5,2,31,,347454,18,0,5,1,71,,347486,18,0,5,2,30,,347452,18,0,5,1
41101,'H56S000S-82-S',510,,347490,18,0,5,1,100,,347492,18,0,5,2,40,,347488,18,0,5,2,59,,347491,18,0,5,1,21,,347493,18,0,5,2,22,,347522,18,0,5,2,59,,347525,18,0,5,2,20,,347531,18,0,5,2,21,,347521,18,0,5,1,60,,347541,18,0,5,1,14,,347499,18,0,5,1,14,,347511,18,0,5,1,15,,347494,18,0,5,2,55,,347523,18,0,5,2,14,,347526,18,0,5,2,14,,347532,18,0,5,2,15,,347543,18,0,5,1,57,,347516,18,0,5,1,20,,347500,18,0,5,1,20,,347512,18,0,5,1,60,,347495,18,0,5,2,24,,347527,18,0,5,2,20,,347533,18,0,5,2,60,,347517,18,0,5,1,21,,347501,18,0,5,1,22,,347513,18,0,5,1,61,,347496,18,0,5,2,20,,347524,18,0,5,2,17,,347528,18,0,5,2,57,,347534,18,0,5,2,14,,347518,18,0,5,1,13,,347502,18,0,5,1,14,,347542,18,0,5,2,55,,347514,18,0,5,1,16,,347497,18,0,5,2,15,,347536,18,0,5,2,13,,347506,18,0,5,1,49,,347537,18,0,5,2,10,,347538,18,0,5,2,10,,347529,18,0,5,2,14,,347535,18,0,5,2,19,,347519,18,0,5,1,59,,347503,18,0,5,1,20,,347515,18,0,5,1,21,,347498,18,0,5,2,62,,347507,18,0,5,1,22,,347530,18,0,5,2,66,,347520,18,0,5,1,30,,347504,18,0,5,1,70,,347539,18,0,5,2,29,,347508,18,0,5,1,70,,347489,18,0,5,1,30,,347505,18,0,5,1,70,,347540,18,0,5,2,30,,347509,18,0,5,1,69,,347510,18,0,5,2,24,,347487,18,0,5,1
41101,'H56S100F-80-F1',635,,347577,18,0,5,1,73,,347550,18,0,5,2,30,,347544,18,0,5,1,70,,347559,18,0,5,2,30,,347578,18,0,5,1,69,,347551,18,0,5,2,29,,347571,18,0,5,1,69,,347560,18,0,5,2,31,,347566,18,0,5,1,71,,347552,18,0,5,2,29,,347572,18,0,5,1,69,,347561,18,0,5,2,29,,347567,18,0,5,1,71,,347553,18,0,5,2,30,,347573,18,0,5,1,69,,347562,18,0,5,2,30,,347568,18,0,5,1,70,,347554,18,0,5,2,30,,347574,18,0,5,1,69,,347563,18,0,5,2,29,,347569,18,0,5,1,70,,347555,18,0,5,2,32,,347575,18,0,5,1,71,,347564,18,0,5,2,33,,347570,18,0,5,1,69,,347556,18,0,5,2,30,,347576,18,0,5,1,69,,347565,18,0,5,2,30,,347549,18,0,5,1,69,,347557,18,0,5,2,29,,347547,18,0,5,1,70,,347579,18,0,5,2,30,,347545,18,0,5,1,70,,347558,18,0,5,2,31,,347548,18,0,5,1,71,,347580,18,0,5,2,30,,347546,18,0,5,1
41101,'H56S200F-80-F2',635,,347614,18,0,5,1,73,,347587,18,0,5,2,30,,347581,18,0,5,1,70,,347596,18,0,5,2,30,,347615,18,0,5,1,69,,347588,18,0,5,2,29,,347608,18,0,5,1,69,,347597,18,0,5,2,31,,347603,18,0,5,1,71,,347589,18,0,5,2,29,,347609,18,0,5,1,69,,347598,18,0,5,2,29,,347604,18,0,5,1,71,,347590,18,0,5,2,30,,347610,18,0,5,1,69,,347599,18,0,5,2,30,,347605,18,0,5,1,70,,347591,18,0,5,2,30,,347611,18,0,5,1,69,,347600,18,0,5,2,29,,347606,18,0,5,1,70,,347592,18,0,5,2,32,,347612,18,0,5,1,71,,347601,18,0,5,2,33,,347607,18,0,5,1,69,,347593,18,0,5,2,30,,347613,18,0,5,1,69,,347602,18,0,5,2,30,,347586,18,0,5,1,69,,347594,18,0,5,2,29,,347584,18,0,5,1,70,,347616,18,0,5,2,30,,347582,18,0,5,1,70,,347595,18,0,5,2,31,,347585,18,0,5,1,71,,347617,18,0,5,2,30,,347583,18,0,5,1
41101,'H60S000S-83-S',542,,347618,18,0,5,2,88,,347619,18,0,5,1
