11002,'H56S000A-80-A',619,,318996,48,0,10,1,31,,319001,48,0,10,1,71,,319005,48,0,10,1,29,,319032,48,0,10,1,70,,318997,48,0,10,1,30,,319002,48,0,10,1,75,,319006,48,0,10,1,32,,319033,48,0,10,1,71,,318998,48,0,10,1,31,,319003,48,0,10,1,71,,318995,48,0,10,1,71,,319004,48,0,10,1,33,,319011,48,0,10,1,72,,319018,48,0,10,1,35,,319026,48,0,10,1,73,,319023,48,0,10,1,33,,319007,48,0,10,1,69,,319012,48,0,10,1,29,,319019,48,0,10,1,70,,319027,48,0,10,1,29,,319024,48,0,10,1,68,,319008,48,0,10,1,25,,319013,48,0,10,1,69,,319020,48,0,10,1,27,,319028,48,0,10,1,26,,319025,48,0,10,1,70,,319009,48,0,10,1,73,,319014,48,0,10,1,30,,319021,48,0,10,1,73,,319029,48,0,10,1,31,,319010,48,0,10,1,68,,319015,48,0,10,1,31,,319022,48,0,10,1,68,,318994,48,0,10,1,27,,319034,48,0,10,1,26,,319016,48,0,10,1,67,,319030,48,0,10,1,28,,318999,48,0,10,1,69,,319035,48,0,10,1,27,,319017,48,0,10,1,66,,319031,48,0,10,1,28,,319000,48,0,10,1
11002,'H56S000I-80-I',649,,319040,48,0,10,1,69,,319071,48,0,10,1,32,,319073,48,0,10,1,70,,319047,48,0,10,1,30,,319041,48,0,10,1,73,,319072,48,0,10,1,35,,319074,48,0,10,1,71,,319048,48,0,10,1,71,,319042,48,0,10,1,31,,319046,48,0,10,1,70,,319075,48,0,10,1,31,,319045,48,0,10,1,72,,319068,48,0,10,1,35,,319065,48,0,10,1,73,,319049,48,0,10,1,32,,319055,48,0,10,1,72,,319063,48,0,10,1,29,,319069,48,0,10,1,68,,319066,48,0,10,1,29,,319050,48,0,10,1,69,,319056,48,0,10,1,28,,319064,48,0,10,1,68,,319070,48,0,10,1,28,,319067,48,0,10,1,69,,319051,48,0,10,1,28,,319057,48,0,10,1,71,,319043,48,0,10,1,30,,319036,48,0,10,1,72,,319052,48,0,10,1,30,,319058,48,0,10,1,69,,319044,48,0,10,1,29,,319037,48,0,10,1,69,,319053,48,0,10,1,28,,319059,48,0,10,1,27,,319061,48,0,10,1,67,,319038,48,0,10,1,28,,319054,48,0,10,1,68,,319060,48,0,10,1,27,,319062,48,0,10,1,66,,319039,48,0,10,1
11002,'H56S000S-82-S',602,,319076,48,0,10,1,31,,319085,48,0,10,1,79,,319112,48,0,10,1,19,,319094,48,0,10,1,70,,319102,48,0,10,1,29,,319077,48,0,10,1,29,,319086,48,0,10,1,73,,319106,48,0,10,1,70,,319095,48,0,10,1,30,,319103,48,0,10,1,74,,319078,48,0,10,1,31,,319087,48,0,10,1,71,,319107,48,0,10,1,33,,319096,48,0,10,1,69,,319104,48,0,10,1,29,,319079,48,0,10,1,69,,319088,48,0,10,1,30,,319100,48,0,10,1,76,,319097,48,0,10,1,30,,319105,48,0,10,1,72,,319080,48,0,10,1,31,,319089,48,0,10,1,66,,319101,48,0,10,1,24,,319110,48,0,10,1,65,,319098,48,0,10,1,13,,319111,48,0,10,1,14,,319108,48,0,10,1,28,,319081,48,0,10,1,69,,319090,48,0,10,1,29,,319113,48,0,10,1,67,,319099,48,0,10,1,27,,319109,48,0,10,1,67,,319082,48,0,10,1,26,,319091,48,0,10,1,68,,319114,48,0,10,1,31,,319117,48,0,10,1,72,,319083,48,0,10,1,33,,319092,48,0,10,1,71,,319115,48,0,10,1,30,,319118,48,0,10,1,67,,319084,48,0,10,1,27,,319093,48,0,10,1,65,,319116,48,0,10,1
11002,'H56S100F-80-F1',649,,319123,48,0,10,1,69,,319154,48,0,10,1,32,,319156,48,0,10,1,70,,319130,48,0,10,1,30,,319124,48,0,10,1,73,,319155,48,0,10,1,35,,319157,48,0,10,1,71,,319131,48,0,10,1,71,,319125,48,0,10,1,31,,319129,48,0,10,1,70,,319158,48,0,10,1,31,,319128,48,0,10,1,72,,319151,48,0,10,1,35,,319148,48,0,10,1,73,,319132,48,0,10,1,32,,319138,48,0,10,1,72,,319146,48,0,10,1,29,,319152,48,0,10,1,68,,319149,48,0,10,1,29,,319133,48,0,10,1,69,,319139,48,0,10,1,28,,319147,48,0,10,1,68,,319153,48,0,10,1,28,,319150,48,0,10,1,69,,319134,48,0,10,1,28,,319140,48,0,10,1,71,,319126,48,0,10,1,30,,319119,48,0,10,1,72,,319135,48,0,10,1,30,,319141,48,0,10,1,69,,319127,48,0,10,1,29,,319120,48,0,10,1,69,,319136,48,0,10,1,28,,319142,48,0,10,1,27,,319144,48,0,10,1,67,,319121,48,0,10,1,28,,319137,48,0,10,1,68,,319143,48,0,10,1,27,,319145,48,0,10,1,66,,319122,48,0,10,1
11002,'H56S200F-80-F2',649,,319163,48,0,10,1,69,,319194,48,0,10,1,32,,319196,48,0,10,1,70,,319170,48,0,10,1,30,,319164,48,0,10,1,73,,319195,48,0,10,1,35,,319197,48,0,10,1,71,,319171,48,0,10,1,71,,319165,48,0,10,1,31,,319169,48,0,10,1,70,,319198,48,0,10,1,31,,319168,48,0,10,1,72,,319191,48,0,10,1,35,,319188,48,0,10,1,73,,319172,48,0,10,1,32,,319178,48,0,10,1,72,,319186,48,0,10,1,29,,319192,48,0,10,1,68,,319189,48,0,10,1,29,,319173,48,0,10,1,69,,319179,48,0,10,1,28,,319187,48,0,10,1,68,,319193,48,0,10,1,28,,319190,48,0,10,1,69,,319174,48,0,10,1,28,,319180,48,0,10,1,71,,319166,48,0,10,1,30,,319159,48,0,10,1,72,,319175,48,0,10,1,30,,319181,48,0,10,1,69,,319167,48,0,10,1,29,,319160,48,0,10,1,69,,319176,48,0,10,1,28,,319182,48,0,10,1,27,,319184,48,0,10,1,67,,319161,48,0,10,1,28,,319177,48,0,10,1,68,,319183,48,0,10,1,27,,319185,48,0,10,1,66,,319162,48,0,10,1
19502,'H56S000A-80-A',558,,338073,24,0,10,2,72,,338072,24,0,10,1,71,,338084,24,0,10,2,31,,338088,24,0,10,1,71,,338074,24,0,10,2,33,,338103,24,0,10,1,71,,338085,24,0,10,2,32,,338089,24,0,10,1,70,,338075,24,0,10,2,31,,338104,24,0,10,1,71,,338086,24,0,10,2,30,,338090,24,0,10,1,71,,338076,24,0,10,2,30,,338105,24,0,10,1,70,,338087,24,0,10,2,32,,338091,24,0,10,1,71,,338077,24,0,10,2,31,,338106,24,0,10,1,71,,338098,24,0,10,2,31,,338092,24,0,10,1,71,,338078,24,0,10,2,31,,338107,24,0,10,1,71,,338099,24,0,10,2,29,,338093,24,0,10,1,68,,338079,24,0,10,2,30,,338108,24,0,10,1,69,,338100,24,0,10,2,27,,338094,24,0,10,1,69,,338080,24,0,10,2,29,,338109,24,0,10,1,70,,338101,24,0,10,2,30,,338095,24,0,10,1,69,,338081,24,0,10,2,29,,338110,24,0,10,1,68,,338102,24,0,10,2,30,,338096,24,0,10,1,70,,338082,24,0,10,2,29,,338111,24,0,10,1,68,,338113,24,0,10,2,29,,338097,24,0,10,1,69,,338083,24,0,10,2,29,,338112,24,0,10,1
19502,'H56S000I-80-I',559,,338114,24,0,10,2,72,,338116,24,0,10,1,71,,338126,24,0,10,2,31,,338134,24,0,10,1,71,,338115,24,0,10,2,31,,338117,24,0,10,1,70,,338127,24,0,10,2,32,,338135,24,0,10,1,71,,338144,24,0,10,2,31,,338118,24,0,10,1,72,,338128,24,0,10,2,29,,338136,24,0,10,1,70,,338145,24,0,10,2,30,,338119,24,0,10,1,70,,338129,24,0,10,2,31,,338139,24,0,10,1,71,,338146,24,0,10,2,30,,338120,24,0,10,1,70,,338130,24,0,10,2,29,,338140,24,0,10,1,70,,338147,24,0,10,2,31,,338121,24,0,10,1,70,,338131,24,0,10,2,30,,338141,24,0,10,1,70,,338148,24,0,10,2,28,,338122,24,0,10,1,70,,338132,24,0,10,2,30,,338142,24,0,10,1,67,,338149,24,0,10,2,30,,338123,24,0,10,1,70,,338133,24,0,10,2,30,,338143,24,0,10,1,70,,338150,24,0,10,2,30,,338124,24,0,10,1,70,,338137,24,0,10,1,30,,338153,24,0,10,1,70,,338151,24,0,10,2,29,,338125,24,0,10,1,69,,338138,24,0,10,1,29,,338154,24,0,10,1,68,,338152,24,0,10,2
19502,'H56S000S-82-S',532,,338173,24,0,10,1,69,,338172,24,0,10,2,33,,338162,24,0,10,1,66,,338161,24,0,10,2,29,,338174,24,0,10,1,22,,338182,24,0,10,1,55,,338186,24,0,10,2,17,,338194,24,0,10,2,3,,338155,24,0,10,1,23,,338163,24,0,10,1,62,,338156,24,0,10,1,24,,338175,24,0,10,1,70,,338183,24,0,10,1,30,,338187,24,0,10,2,71,,338164,24,0,10,1,31,,338176,24,0,10,1,71,,338184,24,0,10,1,31,,338188,24,0,10,2,71,,338165,24,0,10,1,30,,338177,24,0,10,1,70,,338185,24,0,10,1,30,,338189,24,0,10,2,70,,338166,24,0,10,1,28,,338195,24,0,10,2,71,,338158,24,0,10,2,30,,338157,24,0,10,1,71,,338190,24,0,10,2,32,,338167,24,0,10,1,73,,338196,24,0,10,2,32,,338178,24,0,10,1,70,,338191,24,0,10,2,29,,338168,24,0,10,1,68,,338197,24,0,10,2,28,,338179,24,0,10,1,69,,338192,24,0,10,2,30,,338169,24,0,10,1,69,,338198,24,0,10,2,29,,338180,24,0,10,1,68,,338193,24,0,10,2,30,,338170,24,0,10,1,70,,338159,24,0,10,1,29,,338181,24,0,10,1,69,,338199,24,0,10,2,29,,338171,24,0,10,1,69,,338160,24,0,10,1
19502,'H56S100F-80-F1',559,,338200,24,0,10,2,72,,338202,24,0,10,1,71,,338212,24,0,10,2,31,,338220,24,0,10,1,71,,338201,24,0,10,2,31,,338203,24,0,10,1,70,,338213,24,0,10,2,32,,338221,24,0,10,1,71,,338230,24,0,10,2,31,,338204,24,0,10,1,72,,338214,24,0,10,2,29,,338222,24,0,10,1,70,,338231,24,0,10,2,30,,338205,24,0,10,1,70,,338215,24,0,10,2,31,,338225,24,0,10,1,71,,338232,24,0,10,2,30,,338206,24,0,10,1,70,,338216,24,0,10,2,29,,338226,24,0,10,1,70,,338233,24,0,10,2,31,,338207,24,0,10,1,70,,338217,24,0,10,2,30,,338227,24,0,10,1,70,,338234,24,0,10,2,28,,338208,24,0,10,1,70,,338218,24,0,10,2,30,,338228,24,0,10,1,67,,338235,24,0,10,2,30,,338209,24,0,10,1,70,,338219,24,0,10,2,30,,338229,24,0,10,1,70,,338236,24,0,10,2,30,,338210,24,0,10,1,70,,338223,24,0,10,1,30,,338239,24,0,10,1,70,,338237,24,0,10,2,29,,338211,24,0,10,1,69,,338224,24,0,10,1,29,,338240,24,0,10,1,68,,338238,24,0,10,2
19502,'H56S200F-80-F2',559,,338241,24,0,10,2,72,,338243,24,0,10,1,71,,338253,24,0,10,2,31,,338261,24,0,10,1,71,,338242,24,0,10,2,31,,338244,24,0,10,1,70,,338254,24,0,10,2,32,,338262,24,0,10,1,71,,338271,24,0,10,2,31,,338245,24,0,10,1,72,,338255,24,0,10,2,29,,338263,24,0,10,1,70,,338272,24,0,10,2,30,,338246,24,0,10,1,70,,338256,24,0,10,2,31,,338266,24,0,10,1,71,,338273,24,0,10,2,30,,338247,24,0,10,1,70,,338257,24,0,10,2,29,,338267,24,0,10,1,70,,338274,24,0,10,2,31,,338248,24,0,10,1,70,,338258,24,0,10,2,30,,338268,24,0,10,1,70,,338275,24,0,10,2,28,,338249,24,0,10,1,70,,338259,24,0,10,2,30,,338269,24,0,10,1,67,,338276,24,0,10,2,30,,338250,24,0,10,1,70,,338260,24,0,10,2,30,,338270,24,0,10,1,70,,338277,24,0,10,2,30,,338251,24,0,10,1,70,,338264,24,0,10,1,30,,338280,24,0,10,1,70,,338278,24,0,10,2,29,,338252,24,0,10,1,69,,338265,24,0,10,1,29,,338281,24,0,10,1,68,,338279,24,0,10,2
