1004,'H59S000A-80-A',531,,287704,26,0,9,1,70,,287708,26,0,9,1,28,,287705,26,0,9,1,28,,287709,26,0,9,1,70,,287706,26,0,9,1,31,,287710,26,0,9,1,71,,287707,26,0,9,1,29,,287711,26,0,9,1,69,,287724,26,0,9,2,29,,287737,26,0,9,2,67,,287712,26,0,9,1,27,,287725,26,0,9,2,68,,287738,26,0,9,2,27,,287713,26,0,9,1,68,,287726,26,0,9,2,30,,287739,26,0,9,2,66,,287714,26,0,9,1,28,,287727,26,0,9,2,69,,287740,26,0,9,2,28,,287715,26,0,9,1,68,,287728,26,0,9,2,29,,287741,26,0,9,2,28,,287716,26,0,9,1,68,,287729,26,0,9,2,27,,287742,26,0,9,2,69,,287717,26,0,9,1,29,,287730,26,0,9,2,68,,287743,26,0,9,2,28,,287718,26,0,9,1,67,,287731,26,0,9,2,26,,287744,26,0,9,2,66,,287719,26,0,9,1,28,,287732,26,0,9,2,69,,287745,26,0,9,2,31,,287720,26,0,9,1,66,,287733,26,0,9,2,28,,287746,26,0,9,2,28,,287721,26,0,9,1,69,,287734,26,0,9,2,32,,287722,26,0,9,1,70,,287735,26,0,9,2,31,,287723,26,0,9,1,67,,287736,26,0,9,2
1004,'H59S000I-81-I',531,,287747,26,0,9,1,69,,287764,26,0,9,2,29,,287748,26,0,9,1,30,,287765,26,0,9,2,69,,287749,26,0,9,1,29,,287766,26,0,9,2,71,,287750,26,0,9,1,30,,287767,26,0,9,2,74,,287751,26,0,9,1,70,,287781,26,0,9,2,31,,287768,26,0,9,2,71,,287752,26,0,9,1,31,,287782,26,0,9,2,71,,287769,26,0,9,2,31,,287753,26,0,9,1,70,,287783,26,0,9,2,30,,287770,26,0,9,2,69,,287754,26,0,9,1,27,,287784,26,0,9,2,67,,287771,26,0,9,2,28,,287755,26,0,9,1,28,,287785,26,0,9,2,68,,287772,26,0,9,2,28,,287756,26,0,9,1,68,,287786,26,0,9,2,29,,287773,26,0,9,2,68,,287757,26,0,9,1,28,,287787,26,0,9,2,65,,287774,26,0,9,2,32,,287758,26,0,9,1,72,,287775,26,0,9,2,32,,287759,26,0,9,1,69,,287776,26,0,9,2,31,,287760,26,0,9,1,68,,287777,26,0,9,2,31,,287761,26,0,9,1,67,,287778,26,0,9,2,28,,287762,26,0,9,1,66,,287779,26,0,9,2,26,,287763,26,0,9,1,27,,287780,26,0,9,2
1004,'H59S000S-80-S',530,,287802,26,0,9,1,29,,287817,26,0,9,2,67,,287788,26,0,9,1,29,,287803,26,0,9,1,68,,287818,26,0,9,2,28,,287789,26,0,9,1,71,,287804,26,0,9,1,33,,287819,26,0,9,2,66,,287790,26,0,9,1,31,,287805,26,0,9,1,65,,287820,26,0,9,2,33,,287791,26,0,9,1,66,,287806,26,0,9,1,29,,287821,26,0,9,2,69,,287792,26,0,9,1,28,,287807,26,0,9,1,68,,287822,26,0,9,2,28,,287793,26,0,9,1,68,,287808,26,0,9,1,33,,287823,26,0,9,2,69,,287794,26,0,9,1,32,,287809,26,0,9,1,72,,287824,26,0,9,2,32,,287795,26,0,9,1,70,,287810,26,0,9,1,32,,287825,26,0,9,2,68,,287796,26,0,9,1,30,,287811,26,0,9,1,69,,287826,26,0,9,2,25,,287797,26,0,9,1,68,,287812,26,0,9,1,29,,287827,26,0,9,2,69,,287798,26,0,9,1,30,,287813,26,0,9,1,70,,287828,26,0,9,2,29,,287799,26,0,9,1,70,,287814,26,0,9,1,32,,287800,26,0,9,1,69,,287815,26,0,9,1,29,,287801,26,0,9,1,26,,287816,26,0,9,1
1004,'H59S100F-80-F1',531,,287829,26,0,9,1,69,,287846,26,0,9,2,29,,287830,26,0,9,1,30,,287847,26,0,9,2,69,,287831,26,0,9,1,29,,287848,26,0,9,2,71,,287832,26,0,9,1,30,,287849,26,0,9,2,74,,287833,26,0,9,1,70,,287869,26,0,9,2,31,,287850,26,0,9,2,71,,287834,26,0,9,1,31,,287863,26,0,9,2,71,,287851,26,0,9,2,31,,287835,26,0,9,1,70,,287864,26,0,9,2,30,,287852,26,0,9,2,69,,287836,26,0,9,1,27,,287865,26,0,9,2,67,,287853,26,0,9,2,28,,287837,26,0,9,1,28,,287866,26,0,9,2,68,,287854,26,0,9,2,28,,287838,26,0,9,1,68,,287867,26,0,9,2,29,,287855,26,0,9,2,68,,287839,26,0,9,1,28,,287868,26,0,9,2,65,,287856,26,0,9,2,32,,287840,26,0,9,1,72,,287857,26,0,9,2,32,,287841,26,0,9,1,69,,287858,26,0,9,2,31,,287842,26,0,9,1,68,,287859,26,0,9,2,31,,287843,26,0,9,1,67,,287860,26,0,9,2,28,,287844,26,0,9,1,66,,287861,26,0,9,2,26,,287845,26,0,9,1,27,,287862,26,0,9,2
1004,'H59S200F-80-F2',531,,287870,26,0,9,1,69,,287887,26,0,9,2,29,,287871,26,0,9,1,30,,287888,26,0,9,2,69,,287872,26,0,9,1,29,,287889,26,0,9,2,71,,287873,26,0,9,1,30,,287890,26,0,9,2,74,,287874,26,0,9,1,70,,287910,26,0,9,2,31,,287891,26,0,9,2,71,,287875,26,0,9,1,31,,287904,26,0,9,2,71,,287892,26,0,9,2,31,,287876,26,0,9,1,70,,287905,26,0,9,2,30,,287893,26,0,9,2,69,,287877,26,0,9,1,27,,287906,26,0,9,2,67,,287894,26,0,9,2,28,,287878,26,0,9,1,28,,287907,26,0,9,2,68,,287895,26,0,9,2,28,,287879,26,0,9,1,68,,287908,26,0,9,2,29,,287896,26,0,9,2,68,,287880,26,0,9,1,28,,287909,26,0,9,2,65,,287897,26,0,9,2,32,,287881,26,0,9,1,72,,287898,26,0,9,2,32,,287882,26,0,9,1,69,,287899,26,0,9,2,31,,287883,26,0,9,1,68,,287900,26,0,9,2,31,,287884,26,0,9,1,67,,287901,26,0,9,2,28,,287885,26,0,9,1,66,,287902,26,0,9,2,26,,287886,26,0,9,1,27,,287903,26,0,9,2
2401,'H59S000A-80-A',648,,291585,35,0,5,1,72,,291591,35,0,5,1,31,,291574,35,0,5,1,72,,291586,35,0,5,1,33,,291592,35,0,5,1,71,,291575,35,0,5,1,31,,291597,35,0,5,1,66,,291587,35,0,5,1,26,,291593,35,0,5,1,63,,291604,35,0,5,1,23,,291576,35,0,5,1,67,,291579,35,0,5,1,21,,291588,35,0,5,1,22,,291612,35,0,5,2,60,,291594,35,0,5,1,20,,291605,35,0,5,1,20,,291598,35,0,5,1,59,,291601,35,0,5,2,16,,291580,35,0,5,1,15,,291589,35,0,5,1,14,,291583,35,0,5,1,53,,291613,35,0,5,2,12,,291595,35,0,5,1,13,,291577,35,0,5,1,12,,291606,35,0,5,1,12,,291614,35,0,5,2,51,,291599,35,0,5,1,12,,291602,35,0,5,2,12,,291615,35,0,5,1,11,,291581,35,0,5,1,12,,291590,35,0,5,1,8,,291622,35,0,5,1,47,,291584,35,0,5,1,9,,291628,35,0,5,1,9,,291596,35,0,5,1,9,,291631,35,0,5,1,8,,291578,35,0,5,1,8,,291634,35,0,5,2,11,,291607,35,0,5,1,52,,291600,35,0,5,1,13,,291603,35,0,5,2,13,,291616,35,0,5,1,13,,291582,35,0,5,1,52,,291623,35,0,5,1,12,,291629,35,0,5,1,10,,291621,35,0,5,2,13,,291632,35,0,5,1,16,,291635,35,0,5,2,60,,291608,35,0,5,1,21,,291617,35,0,5,1,20,,291624,35,0,5,1,59,,291630,35,0,5,1,19,,291633,35,0,5,1,20,,291636,35,0,5,2,60,,291609,35,0,5,1,24,,291618,35,0,5,1,65,,291625,35,0,5,1,27,,291637,35,0,5,2,25,,291610,35,0,5,1,66,,291619,35,0,5,1,27,,291626,35,0,5,1,66,,291638,35,0,5,2,27,,291611,35,0,5,1,67,,291620,35,0,5,1,27,,291627,35,0,5,1
2401,'H59S000I-81-I',647,,291646,35,0,5,1,71,,291639,35,0,5,1,33,,291663,35,0,5,1,71,,291647,35,0,5,1,33,,291640,35,0,5,1,73,,291664,35,0,5,1,80,,291648,35,0,5,1,31,,291665,35,0,5,1,70,,291641,35,0,5,1,31,,291670,35,0,5,1,69,,291649,35,0,5,1,27,,291674,35,0,5,1,65,,291666,35,0,5,1,21,,291642,35,0,5,1,20,,291671,35,0,5,1,61,,291676,35,0,5,2,18,,291650,35,0,5,1,18,,291678,35,0,5,1,17,,291675,35,0,5,2,53,,291667,35,0,5,1,15,,291643,35,0,5,1,15,,291672,35,0,5,1,15,,291657,35,0,5,1,55,,291677,35,0,5,2,14,,291651,35,0,5,1,14,,291679,35,0,5,1,15,,291682,35,0,5,2,55,,291668,35,0,5,1,12,,291683,35,0,5,2,12,,291644,35,0,5,1,14,,291673,35,0,5,1,13,,291658,35,0,5,1,53,,291681,35,0,5,2,13,,291652,35,0,5,1,12,,291680,35,0,5,1,13,,291684,35,0,5,1,53,,291669,35,0,5,1,14,,291689,35,0,5,2,15,,291645,35,0,5,1,19,,291659,35,0,5,1,63,,291653,35,0,5,1,25,,291685,35,0,5,1,66,,291690,35,0,5,2,26,,291660,35,0,5,1,70,,291654,35,0,5,1,28,,291686,35,0,5,1,27,,291691,35,0,5,2,66,,291661,35,0,5,1,28,,291655,35,0,5,1,70,,291687,35,0,5,1,30,,291662,35,0,5,1,72,,291656,35,0,5,1,33,,291688,35,0,5,1
2401,'H59S000S-80-S',554,,291692,35,0,5,1,80,,291699,35,0,5,1,12,,291701,35,0,5,1,11,,291723,35,0,5,2,53,,291709,35,0,5,1,14,,291726,35,0,5,1,13,,291737,35,0,5,1,6,,291724,7,0,5,2,8,,291693,35,0,5,1,5,,291764,7,0,5,2,48,,291725,35,0,5,1,6,,291714,7,0,5,1,7,,291736,35,0,5,2,6,,291749,7,0,5,1,9,,291742,35,0,5,1,5,,291694,7,0,5,1,7,,291700,35,0,5,1,11,,291702,35,0,5,1,51,,291759,35,0,5,1,10,,291710,35,0,5,1,12,,291727,35,0,5,1,12,,291766,35,0,5,1,11,,291738,35,0,5,1,51,,291765,35,0,5,2,10,,291715,35,0,5,1,12,,291750,35,0,5,1,12,,291743,35,0,5,1,12,,291695,35,0,5,1,53,,291703,35,0,5,1,12,,291760,35,0,5,1,12,,291711,35,0,5,1,13,,291728,35,0,5,1,12,,291767,35,0,5,1,52,,291739,35,0,5,1,12,,291716,35,0,5,1,12,,291751,35,0,5,1,12,,291744,35,0,5,1,14,,291795,35,0,5,1,52,,291696,35,0,5,1,12,,291704,35,0,5,1,12,,291761,35,0,5,1,11,,291712,35,0,5,1,12,,291729,35,0,5,1,53,,291768,35,0,5,1,12,,291740,35,0,5,1,12,,291717,35,0,5,1,12,,291752,35,0,5,1,12,,291745,35,0,5,1,53,,291796,35,0,5,1,8,,291771,7,0,5,2,6,,291697,35,0,5,1,12,,291705,35,0,5,1,7,,291782,7,0,5,2,5,,291762,35,0,5,1,13,,291713,35,0,5,1,51,,291730,35,0,5,1,12,,291769,35,0,5,1,4,,291706,7,0,5,1,6,,291741,35,0,5,1,4,,291789,7,0,5,2,5,,291770,35,0,5,1,8,,291775,35,0,5,2,5,,291784,7,0,5,1,4,,291777,35,0,5,2,49,,291718,35,0,5,1,7,,291776,35,0,5,2,6,,291753,35,0,5,1,6,,291746,35,0,5,1,7,,291772,35,0,5,2,6,,291797,35,0,5,1,5,,291698,35,0,5,1,5,,291787,35,0,5,2,7,,291780,35,0,5,1,48,,291783,35,0,5,2,4,,291754,7,0,5,1,4,,291763,35,0,5,1,5,,291773,7,0,5,2,5,,291781,35,0,5,1,7,,291731,35,0,5,1,10,,291707,35,0,5,1,10,,291790,35,0,5,2,10,,291785,35,0,5,1,51,,291778,35,0,5,2,12,,291719,35,0,5,1,11,,291747,35,0,5,1,10,,291798,35,0,5,1,8,,291788,35,0,5,2,9,,291755,35,0,5,1,51,,291774,35,0,5,2,12,,291732,35,0,5,1,12,,291708,35,0,5,1,12,,291791,35,0,5,2,12,,291786,35,0,5,1,51,,291779,35,0,5,2,12,,291720,35,0,5,1,14,,291748,35,0,5,1,16,,291756,35,0,5,1,60,,291733,35,0,5,1,19,,291794,35,0,5,1,20,,291792,35,0,5,2,64,,291721,35,0,5,1,27,,291757,35,0,5,1,66,,291734,35,0,5,1,25,,291793,35,0,5,2,27,,291722,35,0,5,1,68,,291758,35,0,5,1,27,,291735,35,0,5,1
2401,'H59S100F-80-F1',647,,291806,35,0,5,1,71,,291799,35,0,5,1,33,,291850,35,0,5,1,71,,291807,35,0,5,1,33,,291800,35,0,5,1,73,,291851,35,0,5,1,80,,291808,35,0,5,1,31,,291823,35,0,5,1,70,,291801,35,0,5,1,31,,291828,35,0,5,1,69,,291809,35,0,5,1,27,,291832,35,0,5,1,65,,291824,35,0,5,1,21,,291802,35,0,5,1,20,,291829,35,0,5,1,61,,291834,35,0,5,2,18,,291810,35,0,5,1,18,,291836,35,0,5,1,17,,291833,35,0,5,2,53,,291825,35,0,5,1,15,,291803,35,0,5,1,15,,291830,35,0,5,1,15,,291817,35,0,5,1,55,,291835,35,0,5,2,14,,291811,35,0,5,1,14,,291837,35,0,5,1,15,,291839,35,0,5,2,55,,291826,35,0,5,1,12,,291840,35,0,5,2,12,,291804,35,0,5,1,14,,291831,35,0,5,1,13,,291818,35,0,5,1,53,,291849,35,0,5,2,13,,291812,35,0,5,1,12,,291838,35,0,5,1,13,,291841,35,0,5,1,53,,291827,35,0,5,1,14,,291846,35,0,5,2,15,,291805,35,0,5,1,19,,291819,35,0,5,1,63,,291813,35,0,5,1,25,,291842,35,0,5,1,66,,291847,35,0,5,2,26,,291820,35,0,5,1,70,,291814,35,0,5,1,28,,291843,35,0,5,1,27,,291848,35,0,5,2,66,,291821,35,0,5,1,28,,291815,35,0,5,1,70,,291844,35,0,5,1,30,,291822,35,0,5,1,72,,291816,35,0,5,1,33,,291845,35,0,5,1
2401,'H59S200F-80-F2',647,,291859,35,0,5,1,71,,291852,35,0,5,1,33,,291903,35,0,5,1,71,,291860,35,0,5,1,33,,291853,35,0,5,1,73,,291904,35,0,5,1,80,,291861,35,0,5,1,31,,291876,35,0,5,1,70,,291854,35,0,5,1,31,,291881,35,0,5,1,69,,291862,35,0,5,1,27,,291885,35,0,5,1,65,,291877,35,0,5,1,21,,291855,35,0,5,1,20,,291882,35,0,5,1,61,,291887,35,0,5,2,18,,291863,35,0,5,1,18,,291889,35,0,5,1,17,,291886,35,0,5,2,53,,291878,35,0,5,1,15,,291856,35,0,5,1,15,,291883,35,0,5,1,15,,291870,35,0,5,1,55,,291888,35,0,5,2,14,,291864,35,0,5,1,14,,291890,35,0,5,1,15,,291892,35,0,5,2,55,,291879,35,0,5,1,12,,291893,35,0,5,2,12,,291857,35,0,5,1,14,,291884,35,0,5,1,13,,291871,35,0,5,1,53,,291902,35,0,5,2,13,,291865,35,0,5,1,12,,291891,35,0,5,1,13,,291894,35,0,5,1,53,,291880,35,0,5,1,14,,291899,35,0,5,2,15,,291858,35,0,5,1,19,,291872,35,0,5,1,63,,291866,35,0,5,1,25,,291895,35,0,5,1,66,,291900,35,0,5,2,26,,291873,35,0,5,1,70,,291867,35,0,5,1,28,,291896,35,0,5,1,27,,291901,35,0,5,2,66,,291874,35,0,5,1,28,,291868,35,0,5,1,70,,291897,35,0,5,1,30,,291875,35,0,5,1,72,,291869,35,0,5,1,33,,291898,35,0,5,1
35601,'H56S000A-80-A',2704,,346198,124,0,5,2,43,,346199,124,0,5,1,88,,346195,124,0,5,2,92,,346197,124,0,5,1,82,,346196,124,0,5,1
35601,'H56S000I-80-I',2657,,346201,124,0,5,1,81,,346205,124,0,5,2,80,,346202,124,0,5,1,40,,346200,124,0,5,1,84,,346204,124,0,5,1,84,,346203,124,0,5,1
35601,'H56S000S-82-S',2712,,346208,124,0,5,1,33,,346210,124,0,5,1,74,,346211,124,0,5,2,35,,346206,124,0,5,1,86,,346209,124,0,5,2,89,,346207,124,0,5,1
35601,'H56S100F-80-F1',2657,,346213,124,0,5,1,81,,346217,124,0,5,2,80,,346214,124,0,5,1,40,,346212,124,0,5,1,84,,346216,124,0,5,1,84,,346215,124,0,5,1
35601,'H56S200F-80-F2',2657,,346219,124,0,5,1,81,,346223,124,0,5,2,80,,346220,124,0,5,1,40,,346218,124,0,5,1,84,,346222,124,0,5,1,84,,346221,124,0,5,1
