7901,'H58S000A-80-A',506,,309231,13,0,5,1,40,,309235,13,0,5,2,74,,309244,13,0,5,2,27,,309232,13,0,5,1,70,,309236,13,0,5,2,30,,309249,13,0,5,2,70,,309237,13,0,5,1,30,,309242,13,0,5,2,70,,309245,13,0,5,2,31,,309233,13,0,5,1,70,,309266,13,0,5,2,30,,309246,13,0,5,2,70,,309238,13,0,5,1,30,,309243,13,0,5,2,70,,309250,13,0,5,2,30,,309234,13,0,5,1,70,,309267,13,0,5,2,30,,309247,13,0,5,2,70,,309239,13,0,5,1,33,,309268,13,0,5,2,73,,309251,13,0,5,2,33,,309240,13,0,5,1,61,,309272,13,0,5,2,30,,309248,13,0,5,2,70,,309263,13,0,5,1,30,,309269,13,0,5,2,71,,309252,13,0,5,2,31,,309241,13,0,5,1,70,,309255,13,0,5,1,30,,309261,13,0,5,1,69,,309264,13,0,5,1,29,,309256,13,0,5,1,69,,309253,13,0,5,2,30,,309270,13,0,5,1,70,,309258,13,0,5,2,30,,309262,13,0,5,1,70,,309271,13,0,5,1,30,,309259,13,0,5,2,70,,309254,13,0,5,2,30,,309265,13,0,5,1,70,,309260,13,0,5,2,26,,309257,13,0,5,1
7901,'H58S000I-80-I',507,,309273,13,0,5,1,40,,309277,13,0,5,1,74,,309297,13,0,5,2,26,,309274,13,0,5,1,70,,309278,13,0,5,1,30,,309280,13,0,5,2,70,,309284,13,0,5,1,30,,309300,13,0,5,1,70,,309276,13,0,5,2,31,,309275,13,0,5,1,70,,309279,13,0,5,1,30,,309281,13,0,5,2,70,,309285,13,0,5,1,30,,309301,13,0,5,1,70,,309282,13,0,5,2,30,,309305,13,0,5,2,70,,309302,13,0,5,1,30,,309290,13,0,5,2,70,,309286,13,0,5,1,33,,309307,13,0,5,2,73,,309283,13,0,5,2,33,,309306,13,0,5,2,61,,309304,13,0,5,1,30,,309291,13,0,5,2,70,,309287,13,0,5,1,30,,309308,13,0,5,2,70,,309292,13,0,5,2,30,,309288,13,0,5,1,70,,309309,13,0,5,2,30,,309293,13,0,5,2,69,,309289,13,0,5,1,30,,309303,13,0,5,1,70,,309294,13,0,5,2,30,,309310,13,0,5,2,70,,309298,13,0,5,1,30,,309295,13,0,5,2,70,,309311,13,0,5,2,30,,309299,13,0,5,1,70,,309313,13,0,5,2,30,,309312,13,0,5,2,60,,309296,13,0,5,2
7901,'H58S000S-83-S',604,,309318,13,0,5,2,15,,309356,13,0,5,2,16,,309322,13,0,5,1,16,,309357,13,0,5,2,56,,309325,13,0,5,2,15,,309358,13,0,5,2,16,,309319,13,0,5,2,17,,309359,13,0,5,2,56,,309314,13,0,5,1,31,,309326,13,0,5,2,68,,309329,13,0,5,1,28,,309320,13,0,5,2,70,,309315,13,0,5,1,30,,309327,13,0,5,2,70,,309342,13,0,5,1,30,,309321,13,0,5,2,70,,309340,13,0,5,1,30,,309316,13,0,5,1,70,,309328,13,0,5,2,29,,309343,13,0,5,1,69,,309341,13,0,5,1,16,,309360,13,0,5,2,15,,309335,13,0,5,1,15,,309361,13,0,5,2,56,,309317,13,0,5,1,13,,309362,13,0,5,2,13,,309347,13,0,5,2,13,,309363,13,0,5,2,53,,309350,13,0,5,2,20,,309336,13,0,5,1,20,,309323,13,0,5,1,19,,309330,13,0,5,1,59,,309354,13,0,5,2,20,,309349,13,0,5,2,20,,309348,13,0,5,2,60,,309331,13,0,5,1,22,,309324,13,0,5,1,67,,309355,13,0,5,2,30,,309337,13,0,5,2,70,,309332,13,0,5,1,31,,309344,13,0,5,1,72,,309351,13,0,5,1,32,,309338,13,0,5,2,73,,309333,13,0,5,1,33,,309345,13,0,5,1,68,,309352,13,0,5,1,28,,309339,13,0,5,2,59,,309334,13,0,5,1,31,,309346,13,0,5,1,73,,309353,13,0,5,1
7901,'H58S100F-80-F1',507,,309365,13,0,5,1,40,,309374,13,0,5,2,74,,309384,13,0,5,1,26,,309366,13,0,5,1,70,,309375,13,0,5,2,30,,309385,13,0,5,1,70,,309376,13,0,5,1,30,,309378,13,0,5,2,70,,309393,13,0,5,1,31,,309367,13,0,5,1,70,,309364,13,0,5,1,30,,309394,13,0,5,1,70,,309368,13,0,5,1,30,,309379,13,0,5,2,70,,309386,13,0,5,1,30,,309369,13,0,5,1,70,,309395,13,0,5,1,30,,309382,13,0,5,2,70,,309370,13,0,5,1,33,,309380,13,0,5,2,73,,309387,13,0,5,1,33,,309399,13,0,5,1,61,,309396,13,0,5,1,30,,309383,13,0,5,2,70,,309371,13,0,5,1,30,,309381,13,0,5,2,70,,309388,13,0,5,1,30,,309400,13,0,5,1,70,,309377,13,0,5,2,30,,309389,13,0,5,1,69,,309401,13,0,5,1,30,,309397,13,0,5,1,70,,309390,13,0,5,1,30,,309402,13,0,5,2,70,,309372,13,0,5,1,30,,309391,13,0,5,1,70,,309403,13,0,5,2,30,,309373,13,0,5,1,70,,309398,13,0,5,1,30,,309404,13,0,5,2,60,,309392,13,0,5,1
7901,'H58S200F-80-F2',507,,309421,13,0,5,1,40,,309405,13,0,5,2,74,,309420,13,0,5,1,26,,309422,13,0,5,1,70,,309406,13,0,5,2,30,,309432,13,0,5,1,70,,309413,13,0,5,1,30,,309428,13,0,5,2,70,,309417,13,0,5,1,31,,309423,13,0,5,1,70,,309415,13,0,5,1,30,,309418,13,0,5,1,70,,309424,13,0,5,1,30,,309429,13,0,5,2,70,,309433,13,0,5,1,30,,309425,13,0,5,1,70,,309407,13,0,5,1,30,,309411,13,0,5,2,70,,309426,13,0,5,1,33,,309430,13,0,5,2,73,,309434,13,0,5,1,33,,309440,13,0,5,1,61,,309408,13,0,5,1,30,,309412,13,0,5,2,70,,309427,13,0,5,1,30,,309431,13,0,5,2,70,,309435,13,0,5,1,30,,309441,13,0,5,1,70,,309416,13,0,5,2,30,,309436,13,0,5,1,69,,309442,13,0,5,1,30,,309414,13,0,5,1,70,,309437,13,0,5,1,30,,309443,13,0,5,2,70,,309409,13,0,5,1,30,,309438,13,0,5,1,70,,309444,13,0,5,2,30,,309410,13,0,5,1,70,,309419,13,0,5,1,30,,309445,13,0,5,2,60,,309439,13,0,5,1
7901,'H60S000S-83-S',447,,309446,13,0,5,1,60,,309447,13,0,5,2,26,,309448,13,0,5,1
46801,'H50S000S-82-S',1451,,349508,25,0,5,2,75,,349506,25,0,5,1,87,,349507,25,0,5,1
46801,'H60S000A-80-A',627,,349509,25,0,5,1,31,,349516,25,0,5,2,72,,349530,25,0,5,1,29,,349523,25,0,5,2,73,,349510,25,0,5,1,71,,349517,25,0,5,2,30,,349531,25,0,5,1,70,,349524,25,0,5,2,33,,349511,25,0,5,1,73,,349518,25,0,5,2,31,,349532,25,0,5,1,70,,349525,25,0,5,2,33,,349512,25,0,5,1,73,,349519,25,0,5,2,32,,349533,25,0,5,1,72,,349526,25,0,5,2,33,,349513,25,0,5,1,72,,349520,25,0,5,2,32,,349534,25,0,5,1,73,,349527,25,0,5,2,73,,349514,25,0,5,1,30,,349521,25,0,5,2,71,,349535,25,0,5,1,33,,349528,25,0,5,2,73,,349515,25,0,5,1,31,,349522,25,0,5,2,70,,349536,25,0,5,1,32,,349529,25,0,5,2
46801,'H60S000I-81-I',630,,349537,25,0,5,1,70,,349544,25,0,5,2,30,,349558,25,0,5,1,73,,349551,25,0,5,2,30,,349538,25,0,5,1,70,,349545,25,0,5,2,30,,349559,25,0,5,1,73,,349552,25,0,5,2,31,,349539,25,0,5,1,72,,349546,25,0,5,2,31,,349560,25,0,5,1,72,,349553,25,0,5,2,32,,349540,25,0,5,1,72,,349547,25,0,5,2,31,,349561,25,0,5,1,73,,349554,25,0,5,2,33,,349541,25,0,5,1,73,,349548,25,0,5,2,31,,349562,25,0,5,1,72,,349555,25,0,5,2,73,,349542,25,0,5,1,31,,349549,25,0,5,2,71,,349563,25,0,5,1,31,,349556,25,0,5,2,73,,349543,25,0,5,1,32,,349550,25,0,5,2,71,,349564,25,0,5,1,30,,349557,25,0,5,2
46801,'H60S000S-83-S',549,,349566,25,0,5,1,60,,349568,25,0,5,2,16,,349574,25,0,5,2,13,,349576,25,0,5,1,13,,349581,25,0,5,2,54,,349591,25,0,5,2,14,,349594,25,0,5,2,16,,349570,25,0,5,1,15,,349567,25,0,5,1,51,,349583,25,0,5,1,11,,349569,25,0,5,2,9,,349592,25,0,5,1,10,,349575,25,0,5,2,11,,349577,25,0,5,1,12,,349582,25,0,5,2,53,,349598,25,0,5,2,18,,349595,25,0,5,2,18,,349571,25,0,5,1,60,,349584,25,0,5,1,20,,349593,25,0,5,1,22,,349578,25,0,5,1,66,,349599,25,0,5,2,30,,349572,25,0,5,1,71,,349585,25,0,5,1,31,,349579,25,0,5,1,71,,349600,25,0,5,2,29,,349573,25,0,5,1,69,,349586,25,0,5,1,22,,349603,25,0,5,2,74,,349580,25,0,5,1,34,,349601,25,0,5,2,17,,349565,25,0,5,2,66,,349610,25,0,5,1,12,,349587,25,0,5,1,14,,349605,25,0,5,2,49,,349604,25,0,5,2,9,,349612,25,0,5,1,11,,349611,25,0,5,1,17,,349606,25,0,5,2,22,,349602,25,0,5,2,64,,349609,25,0,5,2,29,,349588,25,0,5,1,72,,349613,25,0,5,1,31,,349607,25,0,5,2,70,,349596,25,0,5,1,30,,349589,25,0,5,1,69,,349614,25,0,5,1,30,,349608,25,0,5,2,69,,349597,25,0,5,1,29,,349590,25,0,5,1
46801,'H60S100F-80-F1',630,,349615,25,0,5,2,70,,349622,25,0,5,1,30,,349636,25,0,5,2,73,,349629,25,0,5,1,30,,349616,25,0,5,2,70,,349623,25,0,5,1,30,,349637,25,0,5,2,73,,349630,25,0,5,1,31,,349617,25,0,5,2,72,,349624,25,0,5,1,31,,349638,25,0,5,2,72,,349631,25,0,5,1,32,,349618,25,0,5,2,72,,349625,25,0,5,1,31,,349639,25,0,5,2,73,,349632,25,0,5,1,33,,349619,25,0,5,2,73,,349626,25,0,5,1,31,,349640,25,0,5,2,72,,349633,25,0,5,1,73,,349620,25,0,5,2,31,,349627,25,0,5,1,71,,349641,25,0,5,2,31,,349634,25,0,5,1,73,,349621,25,0,5,2,32,,349628,25,0,5,1,71,,349642,25,0,5,2,30,,349635,25,0,5,1
46801,'H60S200F-80-F2',630,,349643,25,0,5,2,70,,349650,25,0,5,1,30,,349664,25,0,5,2,73,,349657,25,0,5,1,30,,349644,25,0,5,2,70,,349651,25,0,5,1,30,,349665,25,0,5,2,73,,349658,25,0,5,1,31,,349645,25,0,5,2,72,,349652,25,0,5,1,31,,349666,25,0,5,2,72,,349659,25,0,5,1,32,,349646,25,0,5,2,72,,349653,25,0,5,1,31,,349667,25,0,5,2,73,,349660,25,0,5,1,33,,349647,25,0,5,2,73,,349654,25,0,5,1,31,,349668,25,0,5,2,72,,349661,25,0,5,1,73,,349648,25,0,5,2,31,,349655,25,0,5,1,71,,349669,25,0,5,2,31,,349662,25,0,5,1,73,,349649,25,0,5,2,32,,349656,25,0,5,1,71,,349670,25,0,5,2,30,,349663,25,0,5,1
