17903,'H50S000S-82-S',1637,,333831,16,0,8,2
17903,'H51S000A-80-A',545,,333837,16,0,8,1,68,,333854,16,0,8,2,28,,333838,16,0,8,1,68,,333855,16,0,8,2,30,,333839,16,0,8,1,72,,333856,16,0,8,2,33,,333840,16,0,8,1,72,,333857,16,0,8,2,22,,333866,16,0,8,2,63,,333841,16,0,8,1,23,,333858,16,0,8,2,24,,333867,16,0,8,2,64,,333842,16,0,8,1,16,,333832,16,0,8,2,16,,333859,16,0,8,2,56,,333872,16,0,8,2,16,,333868,16,0,8,2,16,,333843,16,0,8,1,17,,333833,16,0,8,2,56,,333860,16,0,8,2,17,,333873,16,0,8,2,17,,333869,16,0,8,2,17,,333844,16,0,8,1,56,,333834,16,0,8,2,16,,333861,16,0,8,2,14,,333883,16,0,8,1,14,,333874,16,0,8,2,54,,333870,16,0,8,2,14,,333845,16,0,8,1,14,,333835,16,0,8,2,15,,333862,16,0,8,2,55,,333884,16,0,8,1,14,,333875,16,0,8,2,14,,333871,16,0,8,2,14,,333846,16,0,8,1,54,,333836,16,0,8,2,14,,333863,16,0,8,2,14,,333885,16,0,8,1,17,,333876,16,0,8,2,62,,333847,16,0,8,1,24,,333864,16,0,8,2,65,,333877,16,0,8,2,26,,333848,16,0,8,1,26,,333865,16,0,8,2,68,,333878,16,0,8,2,30,,333849,16,0,8,1,70,,333879,16,0,8,2,30,,333850,16,0,8,1,68,,333880,16,0,8,2,28,,333851,16,0,8,1,68,,333881,16,0,8,2,28,,333852,16,0,8,1,68,,333882,16,0,8,2,27,,333853,16,0,8,1
17903,'H51S000I-80-I',641,,333886,16,0,8,1,70,,333891,16,0,8,1,30,,333887,16,0,8,1,70,,333892,16,0,8,1,30,,333888,16,0,8,1,70,,333893,16,0,8,1,30,,333889,16,0,8,1,73,,333894,16,0,8,1,31,,333890,16,0,8,1,61,,333908,16,0,8,2,21,,333904,16,0,8,2,23,,333895,16,0,8,1,59,,333899,16,0,8,1,18,,333909,16,0,8,2,18,,333905,16,0,8,2,58,,333917,16,0,8,2,17,,333896,16,0,8,1,17,,333900,16,0,8,1,17,,333928,16,0,8,2,57,,333906,16,0,8,2,18,,333918,16,0,8,2,17,,333897,16,0,8,1,57,,333901,16,0,8,1,17,,333929,16,0,8,2,16,,333907,16,0,8,2,16,,333919,16,0,8,2,59,,333898,16,0,8,1,19,,333902,16,0,8,1,20,,333930,16,0,8,2,60,,333920,16,0,8,2,19,,333910,16,0,8,1,20,,333903,16,0,8,1,61,,333931,16,0,8,2,23,,333921,16,0,8,2,24,,333911,16,0,8,1,64,,333932,16,0,8,2,24,,333922,16,0,8,2,68,,333912,16,0,8,1,29,,333923,16,0,8,2,70,,333913,16,0,8,1,30,,333924,16,0,8,2,70,,333914,16,0,8,1,30,,333925,16,0,8,2,70,,333915,16,0,8,1,30,,333926,16,0,8,2,72,,333916,16,0,8,1,32,,333927,16,0,8,2
17903,'H51S000S-81-S',542,,333938,16,0,8,2,62,,333940,16,0,8,1,22,,333935,16,0,8,2,19,,333939,16,0,8,2,57,,333958,16,0,8,2,19,,333941,16,0,8,1,18,,333960,16,0,8,2,17,,333936,16,0,8,2,52,,333957,16,0,8,2,10,,333959,16,0,8,2,20,,333942,16,0,8,1,20,,333961,16,0,8,2,62,,333937,16,0,8,2,33,,333943,16,0,8,1,73,,333962,16,0,8,2,29,,333946,16,0,8,1,68,,333944,16,0,8,1,24,,333963,16,0,8,2,64,,333947,16,0,8,1,24,,333967,16,0,8,2,18,,333945,16,0,8,1,58,,333964,16,0,8,2,21,,333948,16,0,8,1,21,,333977,16,0,8,2,61,,333968,16,0,8,2,21,,333965,16,0,8,2,21,,333949,16,0,8,1,61,,333978,16,0,8,2,16,,333983,16,0,8,2,14,,333969,16,0,8,2,55,,333966,16,0,8,2,12,,333985,16,0,8,2,11,,333950,16,0,8,1,27,,333979,16,0,8,2,55,,333984,16,0,8,2,17,,333970,16,0,8,2,17,,333986,16,0,8,2,14,,333951,16,0,8,1,71,,333980,16,0,8,2,30,,333971,16,0,8,2,72,,333952,16,0,8,1,31,,333981,16,0,8,2,73,,333972,16,0,8,1,73,,333953,16,0,8,1,26,,333982,16,0,8,2,26,,333973,16,0,8,1,69,,333954,16,0,8,1,29,,333974,16,0,8,1,69,,333955,16,0,8,1,29,,333975,16,0,8,1,69,,333956,16,0,8,1,28,,333976,16,0,8,1
17903,'H51S100F-80-F1',641,,333987,16,0,8,1,70,,334010,16,0,8,1,30,,333988,16,0,8,1,70,,334011,16,0,8,1,30,,333989,16,0,8,1,70,,334012,16,0,8,1,30,,333990,16,0,8,1,73,,334013,16,0,8,1,31,,333991,16,0,8,1,61,,333992,16,0,8,2,21,,334023,16,0,8,2,23,,334014,16,0,8,1,59,,334018,16,0,8,1,18,,333993,16,0,8,2,18,,334024,16,0,8,2,58,,333994,16,0,8,2,17,,334015,16,0,8,1,17,,334019,16,0,8,1,17,,334005,16,0,8,2,57,,334025,16,0,8,2,18,,333995,16,0,8,2,17,,334016,16,0,8,1,57,,334020,16,0,8,1,17,,334006,16,0,8,2,16,,334026,16,0,8,2,16,,333996,16,0,8,2,59,,334017,16,0,8,1,19,,334021,16,0,8,1,20,,334007,16,0,8,2,60,,333997,16,0,8,2,19,,334027,16,0,8,1,20,,334022,16,0,8,1,61,,334008,16,0,8,2,23,,333998,16,0,8,2,24,,334028,16,0,8,1,64,,334009,16,0,8,2,24,,333999,16,0,8,2,68,,334029,16,0,8,1,29,,334000,16,0,8,2,70,,334030,16,0,8,1,30,,334001,16,0,8,2,70,,334031,16,0,8,1,30,,334002,16,0,8,2,70,,334032,16,0,8,1,30,,334003,16,0,8,2,72,,334033,16,0,8,1,32,,334004,16,0,8,2
17903,'H51S200F-80-F2',641,,334034,16,0,8,1,70,,334057,16,0,8,1,30,,334035,16,0,8,1,70,,334058,16,0,8,1,30,,334036,16,0,8,1,70,,334059,16,0,8,1,30,,334037,16,0,8,1,73,,334060,16,0,8,1,31,,334038,16,0,8,1,61,,334039,16,0,8,2,21,,334070,16,0,8,2,23,,334061,16,0,8,1,59,,334065,16,0,8,1,18,,334040,16,0,8,2,18,,334071,16,0,8,2,58,,334041,16,0,8,2,17,,334062,16,0,8,1,17,,334066,16,0,8,1,17,,334052,16,0,8,2,57,,334072,16,0,8,2,18,,334042,16,0,8,2,17,,334063,16,0,8,1,57,,334067,16,0,8,1,17,,334053,16,0,8,2,16,,334073,16,0,8,2,16,,334043,16,0,8,2,59,,334064,16,0,8,1,19,,334068,16,0,8,1,20,,334054,16,0,8,2,60,,334044,16,0,8,2,19,,334074,16,0,8,1,20,,334069,16,0,8,1,61,,334055,16,0,8,2,23,,334045,16,0,8,2,24,,334075,16,0,8,1,64,,334056,16,0,8,2,24,,334046,16,0,8,2,68,,334076,16,0,8,1,29,,334047,16,0,8,2,70,,334077,16,0,8,1,30,,334048,16,0,8,2,70,,334078,16,0,8,1,30,,334049,16,0,8,2,70,,334079,16,0,8,1,30,,334050,16,0,8,2,72,,334080,16,0,8,1,32,,334051,16,0,8,2
36503,'H58S000A-80-A',2640,,346842,29,0,8,1,72,,346840,29,0,8,1,33,,346841,29,0,8,1,72,,346844,29,0,8,1,36,,346839,29,0,8,1,77,,346843,29,0,8,1
36503,'H58S000I-80-I',2607,,346849,29,0,8,1,41,,346845,29,0,8,1,80,,346847,29,0,8,1,80,,346850,29,0,8,1,41,,346846,29,0,8,1,80,,346848,29,0,8,1
36503,'H58S000S-83-S',2609,,346852,29,0,8,1,39,,346854,29,0,8,1,80,,346856,29,0,8,1,80,,346851,29,0,8,1,40,,346853,29,0,8,1,81,,346855,29,0,8,1
36503,'H58S100F-80-F1',2607,,346861,29,0,8,1,41,,346859,29,0,8,1,80,,346857,29,0,8,1,80,,346862,29,0,8,1,41,,346860,29,0,8,1,80,,346858,29,0,8,1
36503,'H58S200F-80-F2',2607,,346867,29,0,8,1,41,,346863,29,0,8,1,80,,346865,29,0,8,1,80,,346868,29,0,8,1,41,,346864,29,0,8,1,80,,346866,29,0,8,1
