13904,'H58S000A-80-A',456,,325593,2,0,9,1,67,,325616,2,0,9,2,22,,325620,2,0,9,1,60,,325589,2,0,9,2,15,,325594,2,0,9,1,11,,325618,2,0,9,1,11,,325609,2,0,9,1,10,,325617,2,0,9,2,49,,325604,2,0,9,1,9,,325628,2,0,9,2,10,,325621,2,0,9,1,12,,325619,2,0,9,1,13,,325590,2,0,9,2,55,,325595,2,0,9,1,20,,325610,2,0,9,1,30,,325605,2,0,9,1,70,,325622,2,0,9,1,30,,325596,2,0,9,1,70,,325611,2,0,9,1,30,,325606,2,0,9,1,70,,325623,2,0,9,1,31,,325597,2,0,9,1,70,,325612,2,0,9,1,30,,325607,2,0,9,1,70,,325624,2,0,9,1,30,,325598,2,0,9,1,70,,325613,2,0,9,1,29,,325608,2,0,9,1,70,,325625,2,0,9,1,30,,325599,2,0,9,1,70,,325614,2,0,9,1,29,,325633,2,0,9,1,69,,325586,2,0,9,2,24,,325600,2,0,9,1,68,,325615,2,0,9,1,30,,325591,2,0,9,2,70,,325587,2,0,9,2,30,,325601,2,0,9,1,70,,325630,2,0,9,2,30,,325592,2,0,9,2,69,,325588,2,0,9,2,29,,325629,2,0,9,1,69,,325602,2,0,9,1,31,,325626,2,0,9,2,72,,325631,2,0,9,2,32,,325603,2,0,9,1,71,,325627,2,0,9,2,33,,325632,2,0,9,2
13904,'H58S000I-80-I',456,,325635,2,0,9,2,70,,325648,2,0,9,1,19,,325652,2,0,9,1,60,,325645,2,0,9,2,20,,325636,2,0,9,2,16,,325661,2,0,9,1,14,,325649,2,0,9,1,55,,325667,2,0,9,2,15,,325653,2,0,9,1,15,,325651,2,0,9,2,63,,325637,2,0,9,2,26,,325662,2,0,9,1,26,,325668,2,0,9,2,67,,325654,2,0,9,1,27,,325638,2,0,9,2,71,,325663,2,0,9,1,28,,325669,2,0,9,2,73,,325655,2,0,9,1,32,,325639,2,0,9,2,66,,325664,2,0,9,1,30,,325670,2,0,9,2,71,,325656,2,0,9,1,29,,325640,2,0,9,2,70,,325665,2,0,9,1,30,,325671,2,0,9,2,71,,325657,2,0,9,1,26,,325641,2,0,9,2,69,,325666,2,0,9,1,29,,325672,2,0,9,2,71,,325658,2,0,9,1,30,,325642,2,0,9,2,70,,325676,2,0,9,2,28,,325673,2,0,9,2,68,,325659,2,0,9,1,30,,325643,2,0,9,2,70,,325677,2,0,9,2,25,,325674,2,0,9,2,65,,325660,2,0,9,1,25,,325644,2,0,9,2,26,,325678,2,0,9,2,66,,325675,2,0,9,2,26,,325650,2,0,9,1,69,,325647,2,0,9,1,29,,325646,2,0,9,1,72,,325634,2,0,9,1,32,,325679,2,0,9,2
13904,'H58S000S-83-S',457,,325687,2,0,9,1,73,,325696,2,0,9,2,71,,325681,2,0,9,1,30,,325690,2,0,9,2,70,,325688,2,0,9,1,30,,325697,2,0,9,2,70,,325682,2,0,9,1,30,,325691,2,0,9,2,70,,325689,2,0,9,1,30,,325698,2,0,9,2,70,,325683,2,0,9,1,29,,325692,2,0,9,2,70,,325713,2,0,9,1,31,,325699,2,0,9,2,70,,325684,2,0,9,1,30,,325693,2,0,9,2,70,,325714,2,0,9,1,30,,325700,2,0,9,2,70,,325685,2,0,9,1,30,,325694,2,0,9,2,70,,325715,2,0,9,1,32,,325701,2,0,9,2,73,,325686,2,0,9,1,32,,325695,2,0,9,2,73,,325716,2,0,9,1,31,,325705,2,0,9,1,70,,325702,2,0,9,2,28,,325708,2,0,9,1,68,,325717,2,0,9,1,29,,325706,2,0,9,1,69,,325703,2,0,9,2,29,,325709,2,0,9,1,70,,325718,2,0,9,1,30,,325707,2,0,9,1,70,,325704,2,0,9,2,30,,325710,2,0,9,1,70,,325719,2,0,9,2,30,,325712,2,0,9,1,69,,325680,2,0,9,1,26,,325711,2,0,9,1,20,,325720,2,0,9,2
13904,'H58S100F-80-F1',456,,325721,2,0,9,1,70,,325741,2,0,9,1,19,,325744,2,0,9,2,60,,325754,2,0,9,2,20,,325722,2,0,9,1,16,,325757,2,0,9,2,14,,325742,2,0,9,1,55,,325732,2,0,9,1,15,,325745,2,0,9,2,15,,325743,2,0,9,2,63,,325723,2,0,9,1,26,,325758,2,0,9,2,26,,325733,2,0,9,1,67,,325746,2,0,9,2,27,,325724,2,0,9,1,71,,325759,2,0,9,2,28,,325734,2,0,9,1,73,,325747,2,0,9,2,32,,325725,2,0,9,1,66,,325760,2,0,9,2,30,,325735,2,0,9,1,71,,325748,2,0,9,2,29,,325726,2,0,9,1,70,,325761,2,0,9,2,30,,325736,2,0,9,1,71,,325749,2,0,9,2,26,,325727,2,0,9,1,69,,325762,2,0,9,2,29,,325737,2,0,9,1,71,,325750,2,0,9,2,30,,325728,2,0,9,1,70,,325763,2,0,9,2,28,,325738,2,0,9,1,68,,325751,2,0,9,2,30,,325729,2,0,9,1,70,,325764,2,0,9,2,25,,325739,2,0,9,1,65,,325752,2,0,9,2,25,,325730,2,0,9,1,26,,325755,2,0,9,1,66,,325765,2,0,9,2,26,,325753,2,0,9,2,69,,325766,2,0,9,2,29,,325740,2,0,9,1,72,,325731,2,0,9,2,32,,325756,2,0,9,1
13904,'H58S200F-80-F2',456,,325770,2,0,9,1,70,,325808,2,0,9,1,19,,325780,2,0,9,2,60,,325768,2,0,9,2,20,,325771,2,0,9,1,16,,325799,2,0,9,2,14,,325809,2,0,9,1,55,,325790,2,0,9,1,15,,325781,2,0,9,2,15,,325769,2,0,9,2,63,,325772,2,0,9,1,26,,325800,2,0,9,2,26,,325791,2,0,9,1,67,,325782,2,0,9,2,27,,325773,2,0,9,1,71,,325801,2,0,9,2,28,,325792,2,0,9,1,73,,325783,2,0,9,2,32,,325774,2,0,9,1,66,,325802,2,0,9,2,30,,325793,2,0,9,1,71,,325784,2,0,9,2,29,,325775,2,0,9,1,70,,325803,2,0,9,2,30,,325794,2,0,9,1,71,,325785,2,0,9,2,26,,325776,2,0,9,1,69,,325804,2,0,9,2,29,,325795,2,0,9,1,71,,325786,2,0,9,2,30,,325777,2,0,9,1,70,,325805,2,0,9,2,28,,325796,2,0,9,1,68,,325787,2,0,9,2,30,,325778,2,0,9,1,70,,325806,2,0,9,2,25,,325797,2,0,9,1,65,,325788,2,0,9,2,25,,325779,2,0,9,1,26,,325810,2,0,9,1,66,,325807,2,0,9,2,26,,325789,2,0,9,2,69,,325812,2,0,9,2,29,,325798,2,0,9,1,72,,325767,2,0,9,2,32,,325811,2,0,9,1
35504,'H54S000A-80-A',2520,,346166,2,0,9,2,86,,346165,2,0,9,1,45,,346168,2,0,9,1,85,,346170,2,0,9,1,85,,346167,2,0,9,2,25,,346169,2,0,9,1
35504,'H54S000I-80-I',2519,,346173,2,0,9,1,85,,346172,2,0,9,2,45,,346171,2,0,9,1,85,,346176,2,0,9,2,85,,346174,2,0,9,1,27,,346175,2,0,9,2
35504,'H54S000S-80-S',2520,,346177,2,0,9,1,85,,346181,2,0,9,2,45,,346180,2,0,9,1,85,,346179,2,0,9,2,81,,346178,2,0,9,1,30,,346182,2,0,9,2
35504,'H54S100F-80-F1',2519,,346185,2,0,9,1,85,,346184,2,0,9,2,45,,346183,2,0,9,1,85,,346188,2,0,9,2,85,,346186,2,0,9,1,27,,346187,2,0,9,2
35504,'H54S200F-80-F2',2519,,346191,2,0,9,1,85,,346190,2,0,9,2,45,,346189,2,0,9,1,85,,346194,2,0,9,2,85,,346192,2,0,9,1,27,,346193,2,0,9,2
