5503,'H50S000S-82-S',544,,302644,21,0,8,1,780,,302645,21,0,8,2
5503,'H57S000S-80-S',1435,,302646,21,0,8,1
5503,'H58S000A-80-A',516,,302649,21,0,8,2,28,,302666,21,0,8,1,70,,302662,21,0,8,1,30,,302670,21,0,8,1,70,,302652,21,0,8,1,32,,302687,21,0,8,1,70,,302674,21,0,8,2,32,,302682,21,0,8,1,73,,302653,21,0,8,1,31,,302688,21,0,8,1,71,,302675,21,0,8,2,31,,302683,21,0,8,1,62,,302703,21,0,8,1,14,,302654,21,0,8,1,13,,302706,21,0,8,1,13,,302693,21,0,8,1,56,,302689,21,0,8,1,14,,302709,21,0,8,2,13,,302696,21,0,8,1,13,,302658,21,0,8,1,51,,302717,21,0,8,2,10,,302684,21,0,8,1,11,,302677,21,0,8,1,9,,302720,21,0,8,2,9,,302704,21,0,8,1,8,,302726,21,0,8,1,9,,302655,21,0,8,1,48,,302707,21,0,8,1,9,,302694,21,0,8,1,8,,302733,21,0,8,2,8,,302667,21,0,8,1,8,,302690,21,0,8,1,8,,302710,21,0,8,2,9,,302713,21,0,8,1,48,,302735,21,0,8,2,8,,302697,21,0,8,1,8,,302659,21,0,8,1,9,,302718,21,0,8,2,9,,302685,21,0,8,1,9,,302678,21,0,8,1,7,,302708,21,0,8,1,47,,302721,21,0,8,2,8,,302705,21,0,8,1,9,,302727,21,0,8,1,10,,302656,21,0,8,1,8,,302695,21,0,8,1,7,,302663,21,0,8,1,7,,302734,21,0,8,2,7,,302668,21,0,8,1,47,,302691,21,0,8,1,8,,302701,21,0,8,1,6,,302711,21,0,8,2,6,,302686,21,0,8,1,5,,302714,21,0,8,1,6,,302698,21,0,8,1,7,,302676,21,0,8,1,6,,302660,21,0,8,1,6,,302719,21,0,8,2,45,,302736,21,0,8,1,8,,302679,21,0,8,1,8,,302680,21,0,8,1,9,,302722,21,0,8,2,8,,302723,21,0,8,1,8,,302728,21,0,8,1,9,,302672,21,0,8,1,50,,302657,21,0,8,1,10,,302664,21,0,8,1,8,,302699,21,0,8,1,8,,302692,21,0,8,1,8,,302712,21,0,8,2,9,,302665,21,0,8,1,10,,302715,21,0,8,1,50,,302661,21,0,8,1,8,,302737,21,0,8,1,10,,302729,21,0,8,1,11,,302681,21,0,8,1,12,,302724,21,0,8,1,12,,302673,21,0,8,1,52,,302671,21,0,8,2,12,,302650,21,0,8,1,12,,302700,21,0,8,1,13,,302738,21,0,8,1,13,,302716,21,0,8,1,52,,302731,21,0,8,1,14,,302730,21,0,8,1,14,,302647,21,0,8,2,14,,302725,21,0,8,1,53,,302669,21,0,8,1,14,,302651,21,0,8,1,14,,302702,21,0,8,2,18,,302739,21,0,8,1,61,,302732,21,0,8,1,26,,302648,21,0,8,2
5503,'H58S000I-80-I',519,,302741,21,0,8,1,32,,302753,21,0,8,1,72,,302745,21,0,8,1,32,,302765,21,0,8,2,70,,302767,21,0,8,1,29,,302754,21,0,8,1,67,,302746,21,0,8,1,27,,302760,21,0,8,1,70,,302768,21,0,8,1,30,,302755,21,0,8,1,70,,302780,21,0,8,1,21,,302747,21,0,8,1,64,,302761,21,0,8,1,23,,302769,21,0,8,1,18,,302773,21,0,8,1,57,,302756,21,0,8,1,17,,302787,21,0,8,1,17,,302781,21,0,8,1,14,,302742,21,0,8,2,53,,302748,21,0,8,1,13,,302762,21,0,8,1,12,,302790,21,0,8,1,10,,302785,21,0,8,2,10,,302770,21,0,8,1,10,,302792,21,0,8,1,50,,302774,21,0,8,1,10,,302757,21,0,8,1,10,,302798,21,0,8,1,10,,302788,21,0,8,1,10,,302784,21,0,8,1,10,,302782,21,0,8,1,50,,302743,21,0,8,2,10,,302749,21,0,8,1,9,,302771,21,0,8,1,8,,302763,21,0,8,1,8,,302800,21,0,8,2,8,,302791,21,0,8,1,9,,302775,21,0,8,1,48,,302786,21,0,8,2,8,,302793,21,0,8,1,7,,302801,21,0,8,2,8,,302758,21,0,8,1,8,,302766,21,0,8,2,8,,302799,21,0,8,1,8,,302744,21,0,8,2,48,,302789,21,0,8,1,7,,302805,21,0,8,1,7,,302783,21,0,8,1,10,,302809,21,0,8,2,10,,302750,21,0,8,1,8,,302772,21,0,8,1,9,,302764,21,0,8,1,51,,302740,21,0,8,1,9,,302776,21,0,8,1,9,,302752,21,0,8,1,10,,302794,21,0,8,1,13,,302797,21,0,8,2,13,,302759,21,0,8,1,53,,302802,21,0,8,2,19,,302806,21,0,8,1,21,,302751,21,0,8,1,63,,302777,21,0,8,1,25,,302795,21,0,8,1,68,,302803,21,0,8,2,30,,302807,21,0,8,1,69,,302778,21,0,8,1,30,,302796,21,0,8,1,70,,302804,21,0,8,2,29,,302808,21,0,8,1,69,,302779,21,0,8,1
5503,'H58S000S-83-S',522,,302816,21,0,8,1,88,,302817,21,0,8,1,29,,302834,21,0,8,1,81,,302815,21,0,8,1,14,,302842,21,0,8,1,14,,302823,21,0,8,1,53,,302851,21,0,8,1,17,,302833,21,0,8,2,13,,302818,21,0,8,1,13,,302811,21,0,8,1,14,,302841,21,0,8,1,55,,302835,21,0,8,1,17,,302843,21,0,8,1,20,,302847,21,0,8,1,60,,302824,21,0,8,1,20,,302852,21,0,8,1,19,,302819,21,0,8,1,58,,302812,21,0,8,1,19,,302836,21,0,8,1,20,,302844,21,0,8,1,59,,302848,21,0,8,1,20,,302825,21,0,8,1,18,,302856,21,0,8,1,15,,302853,21,0,8,1,53,,302820,21,0,8,1,26,,302813,21,0,8,1,13,,302837,21,0,8,1,53,,302860,21,0,8,2,11,,302845,21,0,8,1,11,,302861,21,0,8,1,21,,302849,21,0,8,1,10,,302826,21,0,8,1,50,,302863,21,0,8,1,10,,302857,21,0,8,1,9,,302864,21,0,8,1,10,,302840,21,0,8,2,9,,302821,21,0,8,1,9,,302873,21,0,8,2,49,,302814,21,0,8,1,10,,302877,21,0,8,2,10,,302838,21,0,8,1,10,,302885,21,0,8,2,11,,302846,21,0,8,1,10,,302876,21,0,8,2,50,,302878,21,0,8,1,10,,302862,21,0,8,1,8,,302850,21,0,8,1,8,,302884,21,0,8,1,7,,302827,21,0,8,1,7,,302868,21,0,8,1,8,,302858,21,0,8,1,8,,302810,21,0,8,1,48,,302865,21,0,8,1,8,,302875,21,0,8,2,9,,302822,21,0,8,1,10,,302882,21,0,8,2,9,,302859,21,0,8,1,8,,302874,21,0,8,2,49,,302886,21,0,8,1,10,,302831,21,0,8,1,12,,302870,21,0,8,2,12,,302879,21,0,8,1,14,,302839,21,0,8,1,54,,302828,21,0,8,1,13,,302869,21,0,8,2,14,,302866,21,0,8,1,14,,302883,21,0,8,2,59,,302871,21,0,8,1,20,,302832,21,0,8,1,20,,302880,21,0,8,1,62,,302854,21,0,8,1,19,,302829,21,0,8,1,19,,302867,21,0,8,1,59,,302830,21,0,8,2,16,,302872,21,0,8,1,23,,302881,21,0,8,1,65,,302855,21,0,8,1
5503,'H58S100F-80-F1',519,,302887,21,0,8,1,32,,302901,21,0,8,1,72,,302897,21,0,8,1,32,,302910,21,0,8,1,70,,302888,21,0,8,1,29,,302902,21,0,8,1,67,,302914,21,0,8,1,27,,302911,21,0,8,1,70,,302889,21,0,8,1,30,,302903,21,0,8,1,70,,302912,21,0,8,1,21,,302915,21,0,8,1,64,,302923,21,0,8,1,23,,302890,21,0,8,1,18,,302927,21,0,8,2,57,,302904,21,0,8,1,17,,302929,21,0,8,1,17,,302913,21,0,8,1,14,,302895,21,0,8,1,53,,302916,21,0,8,1,13,,302924,21,0,8,1,12,,302931,21,0,8,1,10,,302900,21,0,8,1,10,,302891,21,0,8,1,10,,302933,21,0,8,1,50,,302928,21,0,8,2,10,,302905,21,0,8,1,10,,302939,21,0,8,1,10,,302930,21,0,8,1,10,,302920,21,0,8,1,10,,302893,21,0,8,1,50,,302896,21,0,8,1,10,,302917,21,0,8,1,9,,302941,21,0,8,2,8,,302925,21,0,8,1,8,,302942,21,0,8,1,8,,302932,21,0,8,1,9,,302943,21,0,8,1,48,,302892,21,0,8,1,8,,302934,21,0,8,1,7,,302948,21,0,8,2,8,,302906,21,0,8,1,8,,302949,21,0,8,2,8,,302940,21,0,8,1,8,,302951,21,0,8,2,48,,302921,21,0,8,1,7,,302952,21,0,8,1,7,,302894,21,0,8,1,10,,302956,21,0,8,2,10,,302918,21,0,8,1,8,,302938,21,0,8,2,9,,302926,21,0,8,1,51,,302898,21,0,8,1,9,,302944,21,0,8,1,9,,302922,21,0,8,1,10,,302935,21,0,8,1,13,,302899,21,0,8,1,13,,302950,21,0,8,2,53,,302907,21,0,8,1,19,,302953,21,0,8,1,21,,302919,21,0,8,1,63,,302945,21,0,8,1,25,,302936,21,0,8,1,68,,302908,21,0,8,1,30,,302954,21,0,8,1,69,,302946,21,0,8,1,30,,302937,21,0,8,1,70,,302909,21,0,8,1,29,,302955,21,0,8,1,69,,302947,21,0,8,1
5503,'H58S200F-80-F2',519,,302992,21,0,8,1,32,,302998,21,0,8,1,72,,303023,21,0,8,1,32,,303004,21,0,8,1,70,,302993,21,0,8,1,29,,302999,21,0,8,1,67,,303008,21,0,8,1,27,,303005,21,0,8,1,70,,302994,21,0,8,1,30,,303000,21,0,8,1,70,,303006,21,0,8,1,21,,303009,21,0,8,1,64,,303014,21,0,8,1,23,,302995,21,0,8,1,18,,302957,21,0,8,2,57,,303001,21,0,8,1,17,,302959,21,0,8,1,17,,303007,21,0,8,1,14,,302974,21,0,8,1,53,,303010,21,0,8,1,13,,303015,21,0,8,1,12,,303018,21,0,8,1,10,,303024,21,0,8,1,10,,302996,21,0,8,1,10,,302978,21,0,8,1,50,,302958,21,0,8,2,10,,303002,21,0,8,1,10,,302976,21,0,8,1,10,,302960,21,0,8,1,10,,302966,21,0,8,1,10,,302972,21,0,8,1,50,,302975,21,0,8,1,10,,303011,21,0,8,1,9,,303025,21,0,8,2,8,,303016,21,0,8,1,8,,302970,21,0,8,1,8,,303019,21,0,8,1,9,,302983,21,0,8,1,48,,302997,21,0,8,1,8,,302979,21,0,8,1,7,,303022,21,0,8,2,8,,303003,21,0,8,1,8,,303020,21,0,8,2,8,,302977,21,0,8,1,8,,302971,21,0,8,2,48,,302967,21,0,8,1,7,,302988,21,0,8,1,7,,302973,21,0,8,1,10,,302961,21,0,8,2,10,,303012,21,0,8,1,8,,303026,21,0,8,2,9,,303017,21,0,8,1,51,,302962,21,0,8,1,9,,302984,21,0,8,1,9,,302968,21,0,8,1,10,,302980,21,0,8,1,13,,302969,21,0,8,1,13,,303021,21,0,8,2,53,,302963,21,0,8,1,19,,302989,21,0,8,1,21,,303013,21,0,8,1,63,,302985,21,0,8,1,25,,302981,21,0,8,1,68,,302964,21,0,8,1,30,,302990,21,0,8,1,69,,302986,21,0,8,1,30,,302982,21,0,8,1,70,,302965,21,0,8,1,29,,302991,21,0,8,1,69,,302987,21,0,8,1
5503,'H60S000S-83-S',711,,303027,21,0,8,1
36303,'H51S000A-80-A',2456,,346717,23,0,8,1,65,,346705,23,0,8,2,22,,346710,23,0,8,1,58,,346706,23,0,8,1,9,,346708,23,0,8,1,9,,346713,23,0,8,1,9,,346714,23,0,8,1,9,,346721,23,0,8,2,10,,346720,23,0,8,2,10,,346718,23,0,8,1,49,,346709,23,0,8,1,9,,346711,23,0,8,1,9,,346719,23,0,8,1,8,,346716,23,0,8,1,10,,346707,23,0,8,1,12,,346715,23,0,8,1,60,,346722,23,0,8,2,24,,346712,23,0,8,1,67,,346723,23,0,8,2
36303,'H51S000I-80-I',2429,,346727,23,0,8,2,87,,346724,23,0,8,1,85,,346728,23,0,8,2,44,,346725,23,0,8,1,85,,346729,23,0,8,2,85,,346726,23,0,8,1,85,,346730,23,0,8,2
36303,'H51S000S-81-S',2430,,346734,23,0,8,2,87,,346731,23,0,8,1,86,,346735,23,0,8,2,43,,346732,23,0,8,1,84,,346736,23,0,8,2,83,,346733,23,0,8,1,46,,346737,23,0,8,2
36303,'H51S000S-81-SV',2631,,346738,23,0,8,2,69,,346739,23,0,8,2,14,,346740,23,0,8,2
36303,'H51S100F-80-F1',2429,,346744,23,0,8,2,87,,346743,23,0,8,1,85,,346745,23,0,8,2,44,,346741,23,0,8,1,85,,346746,23,0,8,2,85,,346742,23,0,8,1,85,,346747,23,0,8,2
36303,'H51S200F-80-F2',2429,,346751,23,0,8,2,87,,346750,23,0,8,1,85,,346752,23,0,8,2,44,,346748,23,0,8,1,85,,346753,23,0,8,2,85,,346749,23,0,8,1,85,,346754,23,0,8,2
