3401,'H59S000A-80-A',527,,295534,13,0,5,2,77,,295512,13,0,5,1,28,,295535,13,0,5,2,26,,295513,13,0,5,1,66,,295536,13,0,5,2,26,,295514,13,0,5,1,67,,295537,13,0,5,2,26,,295515,13,0,5,1,67,,295538,13,0,5,2,29,,295516,13,0,5,1,71,,295539,13,0,5,2,29,,295517,13,0,5,1,71,,295540,13,0,5,2,29,,295518,13,0,5,1,72,,295541,13,0,5,2,31,,295519,13,0,5,1,72,,295542,13,0,5,2,31,,295520,13,0,5,1,73,,295543,13,0,5,2,31,,295521,13,0,5,1,73,,295544,13,0,5,2,33,,295522,13,0,5,1,73,,295545,13,0,5,2,72,,295523,13,0,5,1,31,,295546,13,0,5,2,72,,295524,13,0,5,1,31,,295547,13,0,5,2,69,,295525,13,0,5,1,29,,295548,13,0,5,2,27,,295526,13,0,5,1,68,,295549,13,0,5,2,26,,295527,13,0,5,1,65,,295550,13,0,5,2,26,,295528,13,0,5,1,65,,295551,13,0,5,2,26,,295529,13,0,5,1,65,,295552,13,0,5,2,26,,295530,13,0,5,1,25,,295553,13,0,5,2,65,,295531,13,0,5,1,25,,295554,13,0,5,2,64,,295532,13,0,5,1,23,,295555,13,0,5,2,22,,295533,13,0,5,1
3401,'H59S000I-81-I',526,,295576,13,0,5,1,77,,295556,13,0,5,2,29,,295577,13,0,5,1,68,,295557,13,0,5,2,29,,295578,13,0,5,1,29,,295558,13,0,5,2,69,,295579,13,0,5,1,29,,295559,13,0,5,2,69,,295580,13,0,5,1,29,,295560,13,0,5,2,69,,295581,13,0,5,1,31,,295561,13,0,5,2,67,,295582,13,0,5,1,31,,295562,13,0,5,2,70,,295583,13,0,5,1,32,,295563,13,0,5,2,70,,295584,13,0,5,1,32,,295564,13,0,5,2,70,,295585,13,0,5,1,32,,295565,13,0,5,2,71,,295586,13,0,5,1,71,,295566,13,0,5,2,31,,295587,13,0,5,1,71,,295567,13,0,5,2,31,,295588,13,0,5,1,70,,295568,13,0,5,2,31,,295589,13,0,5,1,69,,295569,13,0,5,2,28,,295590,13,0,5,1,69,,295570,13,0,5,2,29,,295591,13,0,5,1,30,,295571,13,0,5,2,70,,295592,13,0,5,1,30,,295572,13,0,5,2,68,,295593,13,0,5,1,30,,295573,13,0,5,2,69,,295594,13,0,5,1,29,,295574,13,0,5,2,68,,295595,13,0,5,1,29,,295575,13,0,5,2,68,,295596,13,0,5,1
3401,'H59S000S-80-S',502,,295607,13,0,5,1,32,,295630,13,0,5,2,72,,295608,13,0,5,1,25,,295631,13,0,5,2,17,,295619,13,0,5,2,10,,295646,13,0,5,2,53,,295609,13,0,5,1,10,,295643,13,0,5,2,13,,295632,13,0,5,2,12,,295621,13,0,5,2,56,,295620,13,0,5,2,19,,295610,13,0,5,1,23,,295633,13,0,5,2,65,,295622,13,0,5,2,30,,295611,13,0,5,1,72,,295623,13,0,5,2,31,,295612,13,0,5,1,72,,295624,13,0,5,2,30,,295613,13,0,5,1,71,,295625,13,0,5,2,33,,295614,13,0,5,1,70,,295626,13,0,5,2,31,,295615,13,0,5,1,73,,295627,13,0,5,2,33,,295616,13,0,5,1,72,,295644,13,0,5,1,30,,295634,13,0,5,2,66,,295617,13,0,5,1,18,,295628,13,0,5,2,17,,295645,13,0,5,1,59,,295635,13,0,5,2,19,,295618,13,0,5,1,16,,295605,13,0,5,2,55,,295629,13,0,5,2,13,,295597,13,0,5,1,21,,295636,13,0,5,2,62,,295606,13,0,5,2,24,,295598,13,0,5,1,28,,295637,13,0,5,2,70,,295599,13,0,5,1,31,,295638,13,0,5,2,70,,295600,13,0,5,1,30,,295639,13,0,5,2,70,,295601,13,0,5,1,29,,295640,13,0,5,2,70,,295602,13,0,5,1,28,,295641,13,0,5,2,68,,295603,13,0,5,1,28,,295642,13,0,5,2,67,,295604,13,0,5,1
3401,'H59S100F-80-F1',526,,295667,13,0,5,1,77,,295647,13,0,5,2,29,,295668,13,0,5,1,68,,295648,13,0,5,2,29,,295669,13,0,5,1,29,,295649,13,0,5,2,69,,295670,13,0,5,1,29,,295650,13,0,5,2,69,,295671,13,0,5,1,29,,295651,13,0,5,2,69,,295672,13,0,5,1,31,,295652,13,0,5,2,67,,295673,13,0,5,1,31,,295653,13,0,5,2,70,,295674,13,0,5,1,32,,295654,13,0,5,2,70,,295675,13,0,5,1,32,,295655,13,0,5,2,70,,295676,13,0,5,1,32,,295656,13,0,5,2,71,,295677,13,0,5,1,71,,295657,13,0,5,2,31,,295678,13,0,5,1,71,,295658,13,0,5,2,31,,295679,13,0,5,1,70,,295659,13,0,5,2,31,,295680,13,0,5,1,69,,295660,13,0,5,2,28,,295681,13,0,5,1,69,,295661,13,0,5,2,29,,295682,13,0,5,1,30,,295662,13,0,5,2,70,,295683,13,0,5,1,30,,295663,13,0,5,2,68,,295684,13,0,5,1,30,,295664,13,0,5,2,69,,295685,13,0,5,1,29,,295665,13,0,5,2,68,,295686,13,0,5,1,29,,295666,13,0,5,2,68,,295687,13,0,5,1
3401,'H59S200F-80-F2',526,,295708,13,0,5,1,77,,295688,13,0,5,2,29,,295709,13,0,5,1,68,,295689,13,0,5,2,29,,295710,13,0,5,1,29,,295690,13,0,5,2,69,,295711,13,0,5,1,29,,295691,13,0,5,2,69,,295712,13,0,5,1,29,,295692,13,0,5,2,69,,295713,13,0,5,1,31,,295693,13,0,5,2,67,,295714,13,0,5,1,31,,295694,13,0,5,2,70,,295715,13,0,5,1,32,,295695,13,0,5,2,70,,295716,13,0,5,1,32,,295696,13,0,5,2,70,,295717,13,0,5,1,32,,295697,13,0,5,2,71,,295718,13,0,5,1,71,,295698,13,0,5,2,31,,295719,13,0,5,1,71,,295699,13,0,5,2,31,,295720,13,0,5,1,70,,295700,13,0,5,2,31,,295721,13,0,5,1,69,,295701,13,0,5,2,28,,295722,13,0,5,1,69,,295702,13,0,5,2,29,,295723,13,0,5,1,30,,295703,13,0,5,2,70,,295724,13,0,5,1,30,,295704,13,0,5,2,68,,295725,13,0,5,1,30,,295705,13,0,5,2,69,,295726,13,0,5,1,29,,295706,13,0,5,2,68,,295727,13,0,5,1,29,,295707,13,0,5,2,68,,295728,13,0,5,1
35301,'H54S000A-80-A',2624,,346036,9,0,5,1,86,,346034,9,0,5,2,45,,346035,9,0,5,1,80,,346033,9,0,5,1
35301,'H54S000I-80-I',2541,,346038,9,0,5,1,85,,346040,9,0,5,1,85,,346041,9,0,5,1,45,,346037,9,0,5,2,80,,346039,9,0,5,1
35301,'H54S000S-80-S',2540,,346042,9,0,5,1,85,,346044,9,0,5,1,85,,346045,9,0,5,1,45,,346043,9,0,5,2,80,,346046,9,0,5,2
35301,'H54S100F-80-F1',2541,,346048,9,0,5,1,85,,346050,9,0,5,1,85,,346051,9,0,5,1,45,,346047,9,0,5,2,80,,346049,9,0,5,1
35301,'H54S200F-80-F2',2541,,346053,9,0,5,1,85,,346055,9,0,5,1,85,,346056,9,0,5,1,45,,346052,9,0,5,2,80,,346054,9,0,5,1
