7901,'H58S000A-80-A',502,,309231,7,0,5,1,40,,309235,7,0,5,2,74,,309244,7,0,5,2,27,,309232,7,0,5,1,70,,309236,7,0,5,2,30,,309249,7,0,5,2,70,,309237,7,0,5,1,30,,309242,7,0,5,2,70,,309245,7,0,5,2,31,,309233,7,0,5,1,70,,309266,7,0,5,2,30,,309246,7,0,5,2,70,,309238,7,0,5,1,30,,309243,7,0,5,2,70,,309250,7,0,5,2,30,,309234,7,0,5,1,70,,309267,7,0,5,2,30,,309247,7,0,5,2,70,,309239,7,0,5,1,33,,309268,7,0,5,2,73,,309251,7,0,5,2,33,,309240,7,0,5,1,61,,309272,7,0,5,2,30,,309248,7,0,5,2,70,,309263,7,0,5,1,30,,309269,7,0,5,2,71,,309252,7,0,5,2,31,,309241,7,0,5,1,70,,309255,7,0,5,1,30,,309261,7,0,5,1,69,,309264,7,0,5,1,29,,309256,7,0,5,1,69,,309253,7,0,5,2,30,,309270,7,0,5,1,70,,309258,7,0,5,2,30,,309262,7,0,5,1,70,,309271,7,0,5,1,30,,309259,7,0,5,2,70,,309254,7,0,5,2,30,,309265,7,0,5,1,70,,309260,7,0,5,2,26,,309257,7,0,5,1
7901,'H58S000I-80-I',503,,309273,7,0,5,1,40,,309277,7,0,5,1,74,,309297,7,0,5,2,26,,309274,7,0,5,1,70,,309278,7,0,5,1,30,,309280,7,0,5,2,70,,309284,7,0,5,1,30,,309300,7,0,5,1,70,,309276,7,0,5,2,31,,309275,7,0,5,1,70,,309279,7,0,5,1,30,,309281,7,0,5,2,70,,309285,7,0,5,1,30,,309301,7,0,5,1,70,,309282,7,0,5,2,30,,309305,7,0,5,2,70,,309302,7,0,5,1,30,,309290,7,0,5,2,70,,309286,7,0,5,1,33,,309307,7,0,5,2,73,,309283,7,0,5,2,33,,309306,7,0,5,2,61,,309304,7,0,5,1,30,,309291,7,0,5,2,70,,309287,7,0,5,1,30,,309308,7,0,5,2,70,,309292,7,0,5,2,30,,309288,7,0,5,1,70,,309309,7,0,5,2,30,,309293,7,0,5,2,69,,309289,7,0,5,1,30,,309303,7,0,5,1,70,,309294,7,0,5,2,30,,309310,7,0,5,2,70,,309298,7,0,5,1,30,,309295,7,0,5,2,70,,309311,7,0,5,2,30,,309299,7,0,5,1,70,,309313,7,0,5,2,30,,309312,7,0,5,2,60,,309296,7,0,5,2
7901,'H58S000S-83-S',600,,309318,7,0,5,2,15,,309356,7,0,5,2,16,,309322,7,0,5,1,15,,309357,7,0,5,2,55,,309325,7,0,5,2,15,,309358,7,0,5,2,16,,309319,7,0,5,2,15,,309359,7,0,5,2,56,,309314,7,0,5,1,31,,309326,7,0,5,2,70,,309329,7,0,5,1,30,,309320,7,0,5,2,70,,309315,7,0,5,1,30,,309327,7,0,5,2,70,,309342,7,0,5,1,30,,309321,7,0,5,2,70,,309340,7,0,5,1,30,,309316,7,0,5,1,70,,309328,7,0,5,2,29,,309343,7,0,5,1,69,,309341,7,0,5,1,15,,309360,7,0,5,2,15,,309335,7,0,5,1,15,,309361,7,0,5,2,55,,309317,7,0,5,1,13,,309362,7,0,5,2,13,,309347,7,0,5,2,13,,309363,7,0,5,2,13,,309350,7,0,5,2,61,,309336,7,0,5,1,20,,309323,7,0,5,1,19,,309330,7,0,5,1,59,,309354,7,0,5,2,20,,309349,7,0,5,2,20,,309348,7,0,5,2,60,,309331,7,0,5,1,22,,309324,7,0,5,1,68,,309355,7,0,5,2,30,,309337,7,0,5,2,70,,309332,7,0,5,1,31,,309344,7,0,5,1,72,,309351,7,0,5,1,32,,309338,7,0,5,2,73,,309333,7,0,5,1,33,,309345,7,0,5,1,68,,309352,7,0,5,1,28,,309339,7,0,5,2,19,,309334,7,0,5,1,71,,309346,7,0,5,1,73,,309353,7,0,5,1
7901,'H58S100F-80-F1',503,,309365,7,0,5,1,40,,309374,7,0,5,2,74,,309384,7,0,5,1,26,,309366,7,0,5,1,70,,309375,7,0,5,2,30,,309385,7,0,5,1,70,,309376,7,0,5,1,30,,309378,7,0,5,2,70,,309393,7,0,5,1,31,,309367,7,0,5,1,70,,309364,7,0,5,1,30,,309394,7,0,5,1,70,,309368,7,0,5,1,30,,309379,7,0,5,2,70,,309386,7,0,5,1,30,,309369,7,0,5,1,70,,309395,7,0,5,1,30,,309382,7,0,5,2,70,,309370,7,0,5,1,33,,309380,7,0,5,2,73,,309387,7,0,5,1,33,,309399,7,0,5,1,61,,309396,7,0,5,1,30,,309383,7,0,5,2,70,,309371,7,0,5,1,30,,309381,7,0,5,2,70,,309388,7,0,5,1,30,,309400,7,0,5,1,70,,309377,7,0,5,2,30,,309389,7,0,5,1,69,,309401,7,0,5,1,30,,309397,7,0,5,1,70,,309390,7,0,5,1,30,,309402,7,0,5,2,70,,309372,7,0,5,1,30,,309391,7,0,5,1,70,,309403,7,0,5,2,30,,309373,7,0,5,1,70,,309398,7,0,5,1,30,,309404,7,0,5,2,60,,309392,7,0,5,1
7901,'H58S200F-80-F2',503,,309421,7,0,5,1,40,,309405,7,0,5,2,74,,309420,7,0,5,1,26,,309422,7,0,5,1,70,,309406,7,0,5,2,30,,309432,7,0,5,1,70,,309413,7,0,5,1,30,,309428,7,0,5,2,70,,309417,7,0,5,1,31,,309423,7,0,5,1,70,,309415,7,0,5,1,30,,309418,7,0,5,1,70,,309424,7,0,5,1,30,,309429,7,0,5,2,70,,309433,7,0,5,1,30,,309425,7,0,5,1,70,,309407,7,0,5,1,30,,309411,7,0,5,2,70,,309426,7,0,5,1,33,,309430,7,0,5,2,73,,309434,7,0,5,1,33,,309440,7,0,5,1,61,,309408,7,0,5,1,30,,309412,7,0,5,2,70,,309427,7,0,5,1,30,,309431,7,0,5,2,70,,309435,7,0,5,1,30,,309441,7,0,5,1,70,,309416,7,0,5,2,30,,309436,7,0,5,1,69,,309442,7,0,5,1,30,,309414,7,0,5,1,70,,309437,7,0,5,1,30,,309443,7,0,5,2,70,,309409,7,0,5,1,30,,309438,7,0,5,1,70,,309444,7,0,5,2,30,,309410,7,0,5,1,70,,309419,7,0,5,1,30,,309445,7,0,5,2,60,,309439,7,0,5,1
7901,'H60S000S-83-S',443,,309446,7,0,5,1,60,,309447,7,0,5,2,26,,309448,7,0,5,1
35601,'H56S000A-80-A',2518,,346198,7,0,5,2,83,,346199,7,0,5,1,53,,346195,7,0,5,2,93,,346197,7,0,5,1,82,,346196,7,0,5,1
35601,'H56S000I-80-I',2514,,346201,7,0,5,1,41,,346205,7,0,5,2,80,,346202,7,0,5,1,80,,346200,7,0,5,1,43,,346204,7,0,5,1,84,,346203,7,0,5,1
35601,'H56S000S-82-S',2527,,346208,7,0,5,1,73,,346210,7,0,5,1,34,,346211,7,0,5,2,74,,346206,7,0,5,1,46,,346209,7,0,5,2,88,,346207,7,0,5,1
35601,'H56S100F-80-F1',2514,,346213,7,0,5,1,41,,346217,7,0,5,2,80,,346214,7,0,5,1,80,,346212,7,0,5,1,43,,346216,7,0,5,1,84,,346215,7,0,5,1
35601,'H56S200F-80-F2',2514,,346219,7,0,5,1,41,,346223,7,0,5,2,80,,346220,7,0,5,1,80,,346218,7,0,5,1,43,,346222,7,0,5,1,84,,346221,7,0,5,1
38201,'H60S000A-80-A',2620,,347353,46,0,5,1,85,,347355,46,0,5,1,45,,347354,46,0,5,1,85,,347356,46,0,5,1
38201,'H60S000I-81-I',2620,,347357,46,0,5,1,85,,347360,46,0,5,1,45,,347359,46,0,5,1,85,,347358,46,0,5,1
38201,'H60S000S-83-S',2614,,347362,46,0,5,1,89,,347363,46,0,5,1,45,,347361,46,0,5,2,88,,347364,46,0,5,1
38201,'H60S100F-80-F1',2620,,347366,46,0,5,2,85,,347368,46,0,5,1,45,,347367,46,0,5,1,85,,347365,46,0,5,1
38201,'H60S200F-80-F2',2620,,347370,46,0,5,2,85,,347372,46,0,5,1,45,,347371,46,0,5,1,85,,347369,46,0,5,1
