20002,'H60S000A-80-A',639,,339650,4,0,10,2,68,,339630,4,0,10,1,28,,339640,4,0,10,2,69,,339651,4,0,10,2,29,,339631,4,0,10,1,69,,339641,4,0,10,2,28,,339652,4,0,10,2,70,,339632,4,0,10,1,31,,339642,4,0,10,2,28,,339653,4,0,10,2,70,,339633,4,0,10,1,29,,339643,4,0,10,2,73,,339654,4,0,10,2,70,,339634,4,0,10,1,30,,339644,4,0,10,2,70,,339655,4,0,10,2,30,,339635,4,0,10,1,71,,339645,4,0,10,2,31,,339656,4,0,10,2,71,,339636,4,0,10,1,29,,339646,4,0,10,2,70,,339657,4,0,10,2,31,,339637,4,0,10,1,71,,339647,4,0,10,1,28,,339658,4,0,10,2,70,,339638,4,0,10,1,28,,339648,4,0,10,1,70,,339659,4,0,10,2,31,,339639,4,0,10,1,69,,339649,4,0,10,1,29,,339660,4,0,10,2
20002,'H60S000I-81-I',704,,339680,4,0,10,1,29,,339661,4,0,10,1,26,,339671,4,0,10,2,70,,339681,4,0,10,1,30,,339662,4,0,10,1,68,,339672,4,0,10,2,29,,339682,4,0,10,1,71,,339663,4,0,10,1,30,,339673,4,0,10,2,70,,339683,4,0,10,1,31,,339664,4,0,10,1,72,,339674,4,0,10,2,72,,339684,4,0,10,1,31,,339665,4,0,10,1,70,,339675,4,0,10,2,30,,339685,4,0,10,1,70,,339666,4,0,10,1,30,,339676,4,0,10,2,69,,339686,4,0,10,1,31,,339667,4,0,10,1,70,,339677,4,0,10,2,30,,339687,4,0,10,1,69,,339668,4,0,10,1,28,,339678,4,0,10,2,29,,339688,4,0,10,1,70,,339669,4,0,10,1,73,,339679,4,0,10,2,30,,339689,4,0,10,1,70,,339670,4,0,10,1
20002,'H60S000S-83-S',544,,339695,4,0,10,1,62,,339707,4,0,10,2,20,,339714,4,0,10,2,21,,339697,4,0,10,1,62,,339696,4,0,10,1,24,,339708,4,0,10,2,21,,339715,4,0,10,2,66,,339698,4,0,10,1,27,,339690,4,0,10,2,64,,339709,4,0,10,2,27,,339716,4,0,10,2,68,,339699,4,0,10,1,29,,339710,4,0,10,2,71,,339717,4,0,10,2,29,,339700,4,0,10,1,71,,339711,4,0,10,2,30,,339718,4,0,10,2,71,,339701,4,0,10,1,32,,339712,4,0,10,2,70,,339719,4,0,10,2,32,,339702,4,0,10,1,69,,339713,4,0,10,2,30,,339720,4,0,10,2,60,,339727,4,0,10,1,17,,339703,4,0,10,1,16,,339726,4,0,10,2,15,,339691,4,0,10,1,54,,339722,4,0,10,1,13,,339721,4,0,10,2,13,,339725,4,0,10,2,12,,339728,4,0,10,1,15,,339704,4,0,10,1,56,,339724,4,0,10,1,16,,339692,4,0,10,1,17,,339723,4,0,10,1,60,,339729,4,0,10,1,24,,339705,4,0,10,1,28,,339693,4,0,10,1,71,,339730,4,0,10,1,30,,339706,4,0,10,1,70,,339694,4,0,10,1,30,,339731,4,0,10,1
20002,'H60S100F-80-F1',704,,339751,4,0,10,1,29,,339732,4,0,10,1,26,,339742,4,0,10,1,70,,339752,4,0,10,1,30,,339733,4,0,10,1,68,,339743,4,0,10,1,29,,339753,4,0,10,1,71,,339734,4,0,10,1,30,,339744,4,0,10,1,70,,339754,4,0,10,1,31,,339735,4,0,10,1,72,,339745,4,0,10,1,72,,339755,4,0,10,1,31,,339736,4,0,10,1,70,,339746,4,0,10,1,30,,339756,4,0,10,1,70,,339737,4,0,10,1,30,,339747,4,0,10,1,69,,339757,4,0,10,1,31,,339738,4,0,10,1,70,,339748,4,0,10,1,30,,339758,4,0,10,1,69,,339739,4,0,10,1,28,,339749,4,0,10,1,29,,339759,4,0,10,1,70,,339740,4,0,10,1,73,,339750,4,0,10,1,30,,339760,4,0,10,1,70,,339741,4,0,10,1
20002,'H60S200F-80-F2',704,,339780,4,0,10,1,29,,339761,4,0,10,1,26,,339771,4,0,10,1,70,,339781,4,0,10,1,30,,339762,4,0,10,1,68,,339772,4,0,10,1,29,,339782,4,0,10,1,71,,339763,4,0,10,1,30,,339773,4,0,10,1,70,,339783,4,0,10,1,31,,339764,4,0,10,1,72,,339774,4,0,10,1,72,,339784,4,0,10,1,31,,339765,4,0,10,1,70,,339775,4,0,10,1,30,,339785,4,0,10,1,70,,339766,4,0,10,1,30,,339776,4,0,10,1,69,,339786,4,0,10,1,31,,339767,4,0,10,1,70,,339777,4,0,10,1,30,,339787,4,0,10,1,69,,339768,4,0,10,1,28,,339778,4,0,10,1,29,,339788,4,0,10,1,70,,339769,4,0,10,1,73,,339779,4,0,10,1,30,,339789,4,0,10,1,70,,339770,4,0,10,1
23001,'H60S000A-80-A',537,,345561,20,0,5,1,71,,345548,20,0,5,1,31,,345574,20,0,5,2,71,,345562,20,0,5,1,31,,345549,20,0,5,1,71,,345575,20,0,5,2,31,,345563,20,0,5,1,71,,345550,20,0,5,1,32,,345576,20,0,5,2,73,,345564,20,0,5,1,31,,345551,20,0,5,1,73,,345577,20,0,5,2,33,,345565,20,0,5,1,71,,345552,20,0,5,1,73,,345578,20,0,5,2,33,,345566,20,0,5,1,72,,345553,20,0,5,1,33,,345579,20,0,5,2,72,,345567,20,0,5,1,33,,345554,20,0,5,1,73,,345580,20,0,5,2,33,,345568,20,0,5,1,73,,345555,20,0,5,1,33,,345581,20,0,5,2,73,,345569,20,0,5,1,73,,345556,20,0,5,1,31,,345582,20,0,5,2,72,,345570,20,0,5,1,32,,345557,20,0,5,1,70,,345583,20,0,5,2,32,,345571,20,0,5,1,72,,345558,20,0,5,1,28,,345584,20,0,5,2,72,,345572,20,0,5,1,32,,345559,20,0,5,1,70,,345585,20,0,5,2,31,,345573,20,0,5,1,71,,345560,20,0,5,1,32,,345586,20,0,5,2
23001,'H60S000I-81-I',537,,345600,20,0,5,1,72,,345587,20,0,5,1,31,,345613,20,0,5,2,71,,345601,20,0,5,1,31,,345588,20,0,5,1,71,,345614,20,0,5,2,31,,345602,20,0,5,1,71,,345589,20,0,5,1,29,,345615,20,0,5,2,72,,345603,20,0,5,1,30,,345590,20,0,5,1,70,,345616,20,0,5,2,32,,345604,20,0,5,1,70,,345591,20,0,5,1,30,,345617,20,0,5,2,72,,345605,20,0,5,1,30,,345592,20,0,5,1,70,,345618,20,0,5,2,32,,345606,20,0,5,1,70,,345593,20,0,5,1,32,,345619,20,0,5,2,73,,345607,20,0,5,1,30,,345594,20,0,5,1,72,,345620,20,0,5,2,73,,345608,20,0,5,1,30,,345595,20,0,5,1,71,,345621,20,0,5,2,31,,345609,20,0,5,1,69,,345596,20,0,5,1,30,,345622,20,0,5,2,71,,345610,20,0,5,1,30,,345597,20,0,5,1,70,,345623,20,0,5,2,30,,345611,20,0,5,1,70,,345598,20,0,5,1,33,,345624,20,0,5,2,73,,345612,20,0,5,1,33,,345599,20,0,5,1,73,,345625,20,0,5,2
23001,'H60S000S-83-S',537,,345633,20,0,5,2,70,,345653,20,0,5,1,16,,345626,20,0,5,2,17,,345643,20,0,5,1,62,,345654,20,0,5,1,16,,345641,20,0,5,2,16,,345634,20,0,5,2,16,,345661,20,0,5,1,57,,345671,20,0,5,2,16,,345627,20,0,5,2,15,,345672,20,0,5,2,14,,345655,20,0,5,1,56,,345642,20,0,5,2,16,,345635,20,0,5,2,28,,345662,20,0,5,1,70,,345628,20,0,5,2,30,,345656,20,0,5,1,70,,345636,20,0,5,2,30,,345663,20,0,5,1,70,,345629,20,0,5,2,30,,345657,20,0,5,1,71,,345637,20,0,5,2,30,,345664,20,0,5,1,67,,345630,20,0,5,2,26,,345658,20,0,5,1,65,,345638,20,0,5,2,31,,345665,20,0,99 94,1,58,,345674,20,0,5,2,15,,345631,20,0,99 94,2,19,,345659,20,0,5,1,17,,345676,20,0,99 94,1,51,,345639,20,0,5,2,10,,345677,20,0,99 94,2,9,,345673,20,0,5,1,12,,345666,20,0,99 94,1,18,,345675,20,0,5,2,59,,345632,20,0,99 94,2,14,,345660,20,0,5,1,14,,345644,20,0,99 94,1,18,,345640,20,0,5,2,64,,345667,20,0,5,1,33,,345649,20,0,5,1,73,,345645,20,0,5,1,31,,345668,20,0,5,1,73,,345650,20,0,5,1,72,,345646,20,0,5,1,32,,345669,20,0,5,1,72,,345651,20,0,5,1,32,,345647,20,0,5,1,73,,345670,20,0,5,1,33,,345652,20,0,5,1,73,,345648,20,0,5,1
23001,'H60S100F-80-F1',537,,345689,20,0,5,1,72,,345678,20,0,5,1,31,,345702,20,0,5,2,71,,345690,20,0,5,1,31,,345679,20,0,5,1,71,,345703,20,0,5,2,31,,345691,20,0,5,1,71,,345680,20,0,5,1,29,,345704,20,0,5,2,72,,345692,20,0,5,1,30,,345681,20,0,5,1,70,,345705,20,0,5,2,32,,345693,20,0,5,1,70,,345682,20,0,5,1,30,,345706,20,0,5,2,72,,345694,20,0,5,1,30,,345683,20,0,5,1,70,,345707,20,0,5,2,32,,345695,20,0,5,1,70,,345684,20,0,5,1,32,,345708,20,0,5,2,73,,345696,20,0,5,1,30,,345685,20,0,5,1,72,,345709,20,0,5,2,73,,345697,20,0,5,1,30,,345686,20,0,5,1,71,,345710,20,0,5,2,31,,345698,20,0,5,1,69,,345687,20,0,5,1,30,,345711,20,0,5,2,71,,345699,20,0,5,1,30,,345688,20,0,5,1,70,,345712,20,0,5,2,30,,345700,20,0,5,1,70,,345715,20,0,5,1,33,,345713,20,0,5,2,73,,345701,20,0,5,1,33,,345716,20,0,5,1,73,,345714,20,0,5,2
23001,'H60S200F-80-F2',537,,345728,20,0,5,1,72,,345717,20,0,5,1,31,,345741,20,0,5,2,71,,345729,20,0,5,1,31,,345718,20,0,5,1,71,,345742,20,0,5,2,31,,345730,20,0,5,1,71,,345719,20,0,5,1,29,,345743,20,0,5,2,72,,345731,20,0,5,1,30,,345720,20,0,5,1,70,,345744,20,0,5,2,32,,345732,20,0,5,1,70,,345721,20,0,5,1,30,,345745,20,0,5,2,72,,345733,20,0,5,1,30,,345722,20,0,5,1,70,,345746,20,0,5,2,32,,345734,20,0,5,1,70,,345723,20,0,5,1,32,,345747,20,0,5,2,73,,345735,20,0,5,1,30,,345724,20,0,5,1,72,,345748,20,0,5,2,73,,345736,20,0,5,1,30,,345725,20,0,5,1,71,,345749,20,0,5,2,31,,345737,20,0,5,1,69,,345726,20,0,5,1,30,,345750,20,0,5,2,71,,345738,20,0,5,1,30,,345727,20,0,5,1,70,,345751,20,0,5,2,30,,345739,20,0,5,1,70,,345754,20,0,5,1,33,,345752,20,0,5,2,73,,345740,20,0,5,1,33,,345755,20,0,5,1,73,,345753,20,0,5,2
38202,'H60S000A-80-A',2637,,347374,85,0,10,1,85,,347376,85,0,10,1,85,,347373,85,0,10,1,45,,347375,85,0,10,1
38202,'H60S000I-81-I',2638,,347379,85,0,10,1,84,,347378,85,0,10,1,84,,347377,85,0,10,1,45,,347380,85,0,10,1
38202,'H60S000S-83-S',2638,,347381,85,0,10,2,85,,347384,85,0,10,1,84,,347382,85,0,10,1,45,,347383,85,0,10,1
38202,'H60S100F-80-F1',2638,,347387,85,0,10,1,84,,347385,85,0,10,1,84,,347386,85,0,10,2,45,,347388,85,0,10,1
38202,'H60S200F-80-F2',2638,,347391,85,0,10,1,84,,347389,85,0,10,1,84,,347390,85,0,10,2,45,,347392,85,0,10,1
