4801,'H54S000S-80-S',1755,,299530,23,0,5,2,47,,299529,23,0,5,2
4801,'H58S000A-80-A',600,,299531,27,0,99 23 3 24,1,27,,299537,23,0,5,2,32,,299539,27,0,99 23 3 24,2,68,,299547,23,0,5,1,32,,299532,27,0,99 23 3 24,1,68,,299577,23,0,5,1,26,,299540,27,0,99 23 3 24,2,61,,299590,23,0,5,1,24,,299548,27,0,99 23 3 24,1,17,,299582,23,0,5,2,63,,299555,27,0,99 23 3 24,1,13,,299533,23,0,5,2,16,,299541,23,0,5,2,59,,299571,27,0,99 23 3 24,1,12,,299561,23,0,5,2,15,,299549,23,0,5,1,17,,299592,27,0,99 23 3 24,2,52,,299583,23,0,5,2,18,,299556,27,0,99 23 3 24,1,12,,299534,23,0,5,2,18,,299542,27,0,99 23 3 24,2,51,,299596,23,0,5,2,17,,299572,27,0,99 23 3 24,1,10,,299562,23,0,5,2,12,,299550,23,0,5,1,15,,299593,27,0,99 23 3 24,2,51,,299584,23,0,5,2,17,,299557,27,0,99 23 3 24,1,9,,299535,23,0,5,2,15,,299601,27,0,99 23 3 24,1,9,,299543,23,0,5,2,56,,299597,27,0,99 23 3 24,2,10,,299603,23,0,5,2,15,,299563,27,0,99 23 3 24,2,9,,299551,23,0,5,1,13,,299567,23,0,5,2,52,,299594,23,0,5,2,15,,299585,27,0,99 23 3 24,2,8,,299558,23,0,5,1,12,,299536,23,0,5,2,56,,299544,27,0,99 23 3 24,2,10,,299598,23,0,5,2,14,,299546,27,0,99 23 3 24,1,9,,299604,23,0,5,2,10,,299552,23,0,5,1,12,,299578,27,0,99 23 3 24,1,46,,299568,23,0,5,2,12,,299595,23,0,5,2,13,,299586,23,0,5,2,13,,299573,23,0,5,1,16,,299559,27,0,99 23 3 24,1,49,,299545,23,0,5,2,13,,299599,23,0,5,2,16,,299605,27,0,99 23 3 24,2,11,,299553,23,0,5,1,58,,299579,27,0,99 23 3 24,1,11,,299580,23,0,5,2,14,,299587,23,0,5,2,18,,299574,27,0,99 23 3 24,1,12,,299560,23,0,5,1,55,,299600,23,0,5,2,18,,299606,27,0,99 23 3 24,2,11,,299554,23,0,5,1,14,,299566,23,0,5,1,57,,299581,27,0,99 23 3 24,2,17,,299588,23,0,5,2,19,,299538,23,0,5,1,64,,299565,27,0,99 23 3 24,1,16,,299607,23,0,5,2,21,,299570,27,0,99 23 3 24,1,57,,299575,23,0,5,2,19,,299589,23,0,5,2,20,,299602,27,0,99 23 3 24,1,54,,299591,23,0,5,1,19,,299564,27,0,99 23 3 24,2,13,,299608,23,0,5,2,25,,299576,27,0,99 23 3 24,2,62,,299569,23,0,5,2
4801,'H58S000I-80-I',556,,299632,23,0,5,1,61,,299609,23,0,5,1,38,,299620,27,0,99 23 3 24,1,68,,299634,23,0,5,2,35,,299633,27,0,99 23 3 24,1,68,,299610,23,0,5,2,33,,299621,27,0,99 23 3 24,1,66,,299635,23,0,5,2,32,,299644,27,0,99 23 3 24,1,57,,299631,23,0,5,2,25,,299611,27,0,99 23 3 24,2,20,,299622,23,0,5,1,65,,299636,27,0,99 23 3 24,2,18,,299657,23,0,5,1,62,,299645,27,0,99 23 3 24,1,14,,299639,23,0,5,2,21,,299612,27,0,99 23 3 24,2,15,,299623,23,0,5,1,62,,299658,27,0,99 23 3 24,2,15,,299637,23,0,5,2,21,,299662,27,0,99 23 3 24,2,55,,299646,23,0,5,1,14,,299640,23,0,5,2,18,,299613,27,0,99 23 3 24,2,12,,299624,23,0,5,1,54,,299670,23,0,5,2,18,,299659,27,0,99 23 3 24,2,12,,299638,23,0,5,2,17,,299663,27,0,99 23 3 24,2,52,,299647,23,0,5,1,18,,299641,27,0,99 23 3 24,2,12,,299614,23,0,5,2,17,,299625,27,0,99 23 3 24,1,8,,299672,23,0,5,2,51,,299671,23,0,5,2,12,,299660,27,0,99 23 3 24,2,7,,299665,23,0,5,2,10,,299674,23,0,5,2,14,,299664,27,0,99 23 3 24,2,47,,299648,23,0,5,1,11,,299616,23,0,5,2,14,,299642,27,0,99 23 3 24,2,8,,299656,23,0,5,1,10,,299675,23,0,5,2,16,,299673,27,0,99 23 3 24,2,50,,299627,23,0,5,1,15,,299661,27,0,99 23 3 24,2,9,,299666,23,0,5,2,13,,299615,23,0,5,2,57,,299649,27,0,99 23 3 24,1,11,,299617,23,0,5,2,13,,299653,23,0,5,2,17,,299626,27,0,99 23 3 24,1,10,,299643,23,0,5,1,53,,299628,23,0,5,1,18,,299619,27,0,99 23 3 24,1,11,,299667,23,0,5,2,17,,299650,23,0,5,1,61,,299618,27,0,99 23 3 24,1,15,,299654,23,0,5,2,25,,299629,23,0,5,1,70,,299668,27,0,99 23 3 24,2,22,,299651,23,0,5,1,72,,299655,27,0,99 23 3 24,2,26,,299630,23,0,5,1,73,,299669,27,0,99 23 3 24,2,29,,299652,23,0,5,1
4801,'H58S000S-83-S',532,,299689,23,0,5,1,20,,299676,23,0,5,1,62,,299679,27,0,99 23 3 24,2,14,,299680,23,0,5,2,21,,299678,23,0,5,2,63,,299710,27,0,99 23 3 24,2,15,,299719,23,0,5,2,21,,299691,27,0,99 23 3 24,1,60,,299725,23,0,5,2,24,,299728,27,0,99 23 3 24,1,20,,299740,23,0,5,2,64,,299745,27,0,99 23 3 24,1,17,,299747,23,0,5,2,25,,299692,27,0,99 23 3 24,1,59,,299707,23,0,5,1,20,,299729,23,0,5,1,22,,299741,27,0,99 23 3 24,2,57,,299711,23,0,5,2,21,,299748,27,0,99 23 3 24,2,14,,299737,23,0,5,1,58,,299693,27,0,99 23 3 24,1,13,,299708,23,0,5,1,16,,299701,27,0,99 23 3 24,2,13,,299696,23,0,5,2,57,,299742,27,0,99 23 3 24,2,13,,299712,23,0,5,2,16,,299681,27,0,99 23 3 24,1,11,,299749,23,0,5,2,54,,299738,23,0,5,1,17,,299694,27,0,99 23 3 24,1,9,,299709,23,0,5,1,12,,299752,27,0,99 23 3 24,1,8,,299702,23,0,5,2,53,,299697,27,0,99 23 3 24,2,8,,299751,23,0,5,2,10,,299743,23,0,5,2,16,,299713,27,0,99 23 3 24,2,10,,299760,23,0,5,2,12,,299682,23,0,5,1,52,,299750,27,0,99 23 3 24,2,7,,299739,23,0,5,1,6,,299684,23,0,5,2,5,,299688,23,0,5,1,5,,299695,23,0,5,1,7,,299766,27,0,99 23 3 24,2,3,,299730,23,0,5,1,5,,299700,23,0,5,2,6,,299754,23,0,5,2,6,,299703,23,0,5,2,46,,299690,23,0,5,1,9,,299720,27,0,99 23 3 24,1,7,,299698,23,0,5,2,8,,299758,23,0,5,2,6,,299744,23,0,5,2,9,,299765,27,0,99 23 3 24,2,5,,299714,23,0,5,2,58,,299761,23,0,5,2,7,,299734,27,0,99 23 3 24,1,7,,299683,23,0,5,1,9,,299685,23,0,5,2,9,,299753,27,0,99 23 3 24,1,5,,299731,23,0,5,1,8,,299767,23,0,5,2,50,,299755,23,0,5,1,11,,299704,27,0,99 23 3 24,2,9,,299721,23,0,5,1,15,,299759,27,0,99 23 3 24,2,9,,299769,23,0,5,2,11,,299715,23,0,5,2,54,,299764,27,0,99 23 3 24,1,9,,299735,23,0,5,1,12,,299746,23,0,5,1,15,,299732,27,0,99 23 3 24,1,9,,299768,23,0,5,2,53,,299756,27,0,99 23 3 24,1,9,,299722,23,0,5,1,16,,299686,27,0,99 23 3 24,2,10,,299699,23,0,5,2,57,,299716,27,0,99 23 3 24,2,12,,299736,23,0,5,1,17,,299705,27,0,99 23 3 24,1,12,,299733,23,0,5,1,15,,299717,23,0,5,1,56,,299677,27,0,99 23 3 24,1,13,,299723,23,0,5,1,17,,299687,23,0,5,2,16,,299726,23,0,5,2,56,,299763,27,0,99 23 3 24,2,11,,299706,23,0,5,1,16,,299718,23,0,5,1,58,,299757,27,0,99 23 3 24,1,13,,299724,23,0,5,1,18,,299762,27,0,99 23 3 24,2,16,,299727,23,0,5,2
4801,'H58S100F-80-F1',556,,299795,23,0,5,2,61,,299770,23,0,5,2,38,,299782,27,0,99 23 3 24,2,68,,299798,23,0,5,1,35,,299802,27,0,99 23 3 24,2,68,,299808,23,0,5,1,33,,299783,27,0,99 23 3 24,2,66,,299799,23,0,5,1,32,,299803,27,0,99 23 3 24,2,57,,299796,23,0,5,2,25,,299809,27,0,99 23 3 24,1,20,,299784,23,0,5,2,65,,299815,27,0,99 23 3 24,1,18,,299800,23,0,5,1,62,,299804,27,0,99 23 3 24,2,14,,299819,23,0,5,2,21,,299772,27,0,99 23 3 24,1,15,,299810,23,0,5,1,62,,299785,27,0,99 23 3 24,2,15,,299816,23,0,5,1,21,,299822,27,0,99 23 3 24,2,55,,299805,23,0,5,2,14,,299820,23,0,5,2,18,,299773,27,0,99 23 3 24,1,12,,299811,23,0,5,1,54,,299776,23,0,5,1,18,,299786,27,0,99 23 3 24,2,12,,299817,23,0,5,1,17,,299823,27,0,99 23 3 24,2,52,,299806,23,0,5,2,18,,299821,27,0,99 23 3 24,2,12,,299774,23,0,5,1,17,,299812,27,0,99 23 3 24,1,8,,299825,23,0,5,1,51,,299777,23,0,5,1,12,,299787,27,0,99 23 3 24,2,7,,299814,23,0,5,1,10,,299830,23,0,5,2,14,,299824,27,0,99 23 3 24,2,47,,299807,23,0,5,2,11,,299833,23,0,5,2,14,,299801,27,0,99 23 3 24,1,8,,299836,23,0,5,1,10,,299775,23,0,5,1,16,,299826,27,0,99 23 3 24,1,50,,299818,23,0,5,1,15,,299788,27,0,99 23 3 24,2,9,,299831,23,0,5,2,13,,299771,23,0,5,1,57,,299778,27,0,99 23 3 24,1,11,,299834,23,0,5,2,13,,299792,23,0,5,2,17,,299813,27,0,99 23 3 24,1,10,,299835,23,0,5,2,53,,299827,23,0,5,1,18,,299832,27,0,99 23 3 24,2,11,,299789,23,0,5,2,17,,299779,23,0,5,1,61,,299797,27,0,99 23 3 24,1,15,,299793,23,0,5,2,25,,299828,23,0,5,1,70,,299790,27,0,99 23 3 24,2,22,,299780,23,0,5,1,72,,299794,27,0,99 23 3 24,2,26,,299829,23,0,5,1,73,,299791,27,0,99 23 3 24,2,29,,299781,23,0,5,1
4801,'H58S200F-80-F2',556,,299859,23,0,5,2,61,,299874,23,0,5,2,38,,299839,27,0,99 23 3 24,2,68,,299861,23,0,5,1,35,,299853,27,0,99 23 3 24,2,68,,299865,23,0,5,1,33,,299840,27,0,99 23 3 24,2,66,,299862,23,0,5,1,32,,299854,27,0,99 23 3 24,2,57,,299860,23,0,5,2,25,,299866,27,0,99 23 3 24,1,20,,299841,23,0,5,2,65,,299881,27,0,99 23 3 24,1,18,,299863,23,0,5,1,62,,299855,27,0,99 23 3 24,2,14,,299884,23,0,5,2,21,,299849,27,0,99 23 3 24,1,15,,299867,23,0,5,1,62,,299842,27,0,99 23 3 24,2,15,,299882,23,0,5,1,21,,299871,27,0,99 23 3 24,2,55,,299856,23,0,5,2,14,,299885,23,0,5,2,18,,299850,27,0,99 23 3 24,1,12,,299868,23,0,5,1,54,,299875,23,0,5,1,18,,299843,27,0,99 23 3 24,2,12,,299883,23,0,5,1,17,,299872,27,0,99 23 3 24,2,52,,299857,23,0,5,2,18,,299886,27,0,99 23 3 24,2,12,,299851,23,0,5,1,17,,299869,27,0,99 23 3 24,1,8,,299887,23,0,5,1,51,,299876,23,0,5,1,12,,299844,27,0,99 23 3 24,2,7,,299837,23,0,5,1,10,,299892,23,0,5,2,14,,299873,27,0,99 23 3 24,2,47,,299858,23,0,5,2,11,,299894,23,0,5,2,14,,299864,27,0,99 23 3 24,1,8,,299838,23,0,5,1,10,,299852,23,0,5,1,16,,299888,27,0,99 23 3 24,1,50,,299900,23,0,5,1,15,,299845,27,0,99 23 3 24,2,9,,299893,23,0,5,2,13,,299901,23,0,5,1,57,,299877,27,0,99 23 3 24,1,11,,299895,23,0,5,2,13,,299896,23,0,5,2,17,,299870,27,0,99 23 3 24,1,10,,299902,23,0,5,2,53,,299889,23,0,5,1,18,,299903,27,0,99 23 3 24,2,11,,299846,23,0,5,2,17,,299878,23,0,5,1,61,,299899,27,0,99 23 3 24,1,15,,299897,23,0,5,2,25,,299890,23,0,5,1,70,,299847,27,0,99 23 3 24,2,22,,299879,23,0,5,1,72,,299898,27,0,99 23 3 24,2,26,,299891,23,0,5,1,73,,299848,27,0,99 23 3 24,2,29,,299880,23,0,5,1
35301,'H54S000A-80-A',2701,,346036,67,0,5,1,49,,346034,67,0,5,2,86,,346035,67,0,5,1,81,,346033,67,0,5,1
35301,'H54S000I-80-I',2617,,346038,67,0,5,1,88,,346040,67,0,5,1,45,,346041,67,0,5,1,85,,346037,67,0,5,2,81,,346039,67,0,5,1
35301,'H54S000S-80-S',2617,,346042,67,0,5,1,85,,346044,67,0,5,1,46,,346045,67,0,5,1,85,,346043,67,0,5,2,80,,346046,67,0,5,2
35301,'H54S100F-80-F1',2617,,346048,67,0,5,1,88,,346050,67,0,5,1,45,,346051,67,0,5,1,85,,346047,67,0,5,2,81,,346049,67,0,5,1
35301,'H54S200F-80-F2',2617,,346053,67,0,5,1,88,,346055,67,0,5,1,45,,346056,67,0,5,1,85,,346052,67,0,5,2,81,,346054,67,0,5,1
43203,'H54S000S-80-S',946,,347925,28,0,99 108,1,70,,347943,28,0,99 108,1,33,,347935,28,0,99 108,1,71,,347930,28,0,99 108,2,31,,347926,28,0,99 108,1,71,,347946,28,0,99 108,2,31,,347936,28,0,99 108,1,70,,347931,28,0,99 108,2,29,,347927,28,0,99 108,1,69,,347947,28,0,99 108,2,30,,347937,28,0,99 108,1,70,,347932,28,0,99 108,2,31,,347928,28,0,99 108,1,72,,347939,28,0,99 108,2,21,,347948,28,0,99 108,2,13,,347938,28,0,99 108,1,54,,347944,28,0,99 108,1,15,,347933,28,0,99 108,2,15,,347920,28,0,99 108,1,17,,347929,28,0,99 108,1,60,,347940,28,0,99 108,2,25,,347945,28,0,99 108,1,68,,347921,28,0,99 108,1,31,,347941,28,0,99 108,2
