9002,'H56S000A-80-A',632,,311636,36,0,10,1,70,,311692,36,0,10,1,30,,311643,36,0,10,1,74,,311693,36,0,10,1,31,,311637,36,0,10,1,69,,311642,36,0,10,1,35,,311666,36,0,10,1,73,,311657,36,0,10,1,29,,311648,36,0,10,1,70,,311672,36,0,10,1,26,,311667,36,0,10,1,66,,311658,36,0,10,1,24,,311694,36,0,10,1,22,,311649,36,0,10,1,61,,311673,36,0,10,1,21,,311653,36,0,10,1,21,,311679,36,0,10,1,60,,311659,36,0,10,1,19,,311695,36,0,10,1,16,,311650,36,0,10,1,53,,311668,36,0,10,1,14,,311674,36,0,10,1,14,,311654,36,0,10,1,14,,311688,36,0,10,1,14,,311677,36,0,10,2,54,,311680,36,0,10,1,12,,311660,36,0,10,1,11,,311696,36,0,10,1,12,,311651,36,0,10,1,53,,311669,36,0,10,1,12,,311675,36,0,10,1,13,,311655,36,0,10,1,12,,311691,36,0,10,2,10,,311689,36,0,10,1,11,,311678,36,0,10,2,52,,311681,36,0,10,1,12,,311641,36,0,10,2,10,,311661,36,0,10,1,12,,311652,36,0,10,1,11,,311656,36,0,10,1,52,,311670,36,0,10,1,12,,311676,36,0,10,1,12,,311644,36,0,10,1,15,,311690,36,0,10,1,59,,311682,36,0,10,1,21,,311662,36,0,10,1,20,,311686,36,0,10,2,60,,311671,36,0,10,1,18,,311645,36,0,10,1,20,,311684,36,0,10,1,60,,311683,36,0,10,1,20,,311663,36,0,10,1,20,,311687,36,0,10,2,59,,311638,36,0,10,1,21,,311646,36,0,10,1,20,,311685,36,0,10,1,65,,311664,36,0,10,1,32,,311639,36,0,10,1,72,,311647,36,0,10,1,28,,311665,36,0,10,1,73,,311640,36,0,10,1
9002,'H56S000I-80-I',638,,311702,36,0,10,1,68,,311728,36,0,10,1,29,,311706,36,0,10,1,69,,311734,36,0,10,1,36,,311703,36,0,10,1,73,,311707,36,0,10,1,29,,311715,36,0,10,1,72,,311735,36,0,10,1,33,,311736,36,0,10,1,70,,311708,36,0,10,1,31,,311711,36,0,10,2,71,,311723,36,0,10,1,31,,311716,36,0,10,1,69,,311709,36,0,10,1,31,,311712,36,0,10,2,64,,311724,36,0,10,1,25,,311729,36,0,10,2,64,,311717,36,0,10,1,20,,311710,36,0,10,1,20,,311725,36,0,10,1,60,,311713,36,0,10,2,18,,311722,36,0,10,1,21,,311730,36,0,10,2,61,,311718,36,0,10,1,17,,311704,36,0,10,1,18,,311714,36,0,10,2,19,,311726,36,0,10,1,58,,311699,36,0,10,1,19,,311731,36,0,10,2,21,,311719,36,0,10,1,63,,311705,36,0,10,1,28,,311727,36,0,10,1,69,,311700,36,0,10,1,29,,311720,36,0,10,1,67,,311738,36,0,10,1,29,,311737,36,0,10,2,70,,311701,36,0,10,1,30,,311721,36,0,10,1,71,,311732,36,0,10,1,29,,311739,36,0,10,1,72,,311697,36,0,10,1,31,,311733,36,0,10,1,71,,311740,36,0,10,1,31,,311698,36,0,10,1
9002,'H56S000S-82-S',618,,311813,36,0,10,1,24,,311811,36,0,10,1,63,,311756,36,0,10,1,19,,311766,36,0,10,1,18,,311771,36,0,10,1,63,,311772,36,0,10,1,20,,311773,36,0,10,2,20,,311774,36,0,10,1,59,,311743,36,0,10,1,22,,311757,36,0,10,1,27,,311781,36,0,10,1,70,,311814,36,0,10,1,30,,311775,36,0,10,1,70,,311758,36,0,10,1,28,,311782,36,0,10,1,66,,311767,36,0,10,1,27,,311752,36,0,10,1,62,,311776,36,0,10,1,21,,311778,36,0,10,1,18,,311759,36,0,10,1,58,,311783,36,0,10,1,19,,311768,36,0,10,1,16,,311741,36,0,10,1,15,,311784,36,0,10,1,50,,311753,36,0,10,1,10,,311777,36,0,10,1,11,,311786,36,0,10,1,12,,311779,36,0,10,1,13,,311812,36,0,10,2,52,,311760,36,0,10,1,9,,311795,36,0,10,2,10,,311809,36,0,10,1,9,,311769,36,0,10,1,7,,311810,36,0,10,2,7,,311804,36,0,10,1,8,,311792,36,0,10,2,8,,311742,36,0,10,1,47,,311785,36,0,10,1,6,,311796,36,0,10,2,6,,311754,36,0,10,1,5,,311805,36,0,10,1,6,,311801,36,0,10,2,6,,311787,36,0,10,1,6,,311800,36,0,10,2,6,,311802,36,0,10,1,7,,311780,36,0,10,1,47,,311806,36,0,10,2,8,,311815,36,0,10,1,7,,311761,36,0,10,1,7,,311794,36,0,10,2,5,,311808,36,0,10,1,8,,311770,36,0,10,1,6,,311788,36,0,10,1,10,,311750,36,0,10,1,51,,311793,36,0,10,2,12,,311797,36,0,10,1,12,,311755,36,0,10,1,11,,311745,36,0,10,1,11,,311803,36,0,10,1,10,,311744,36,0,10,1,53,,311762,36,0,10,1,15,,311807,36,0,10,2,18,,311789,36,0,10,1,59,,311798,36,0,10,1,19,,311749,36,0,10,2,20,,311746,36,0,10,1,60,,311763,36,0,10,1,18,,311751,36,0,10,2,20,,311790,36,0,10,1,68,,311799,36,0,10,1,29,,311747,36,0,10,1,73,,311764,36,0,10,1,31,,311791,36,0,10,1,68,,311748,36,0,10,1,33,,311765,36,0,10,1
9002,'H56S100F-80-F1',638,,311821,36,0,10,1,68,,311847,36,0,10,1,29,,311825,36,0,10,1,69,,311853,36,0,10,1,36,,311822,36,0,10,1,73,,311826,36,0,10,1,29,,311834,36,0,10,1,72,,311854,36,0,10,1,33,,311855,36,0,10,1,70,,311827,36,0,10,1,31,,311830,36,0,10,2,71,,311842,36,0,10,1,31,,311835,36,0,10,1,69,,311828,36,0,10,1,31,,311831,36,0,10,2,64,,311843,36,0,10,1,25,,311848,36,0,10,2,64,,311836,36,0,10,1,20,,311829,36,0,10,1,20,,311844,36,0,10,1,60,,311832,36,0,10,2,18,,311841,36,0,10,1,21,,311849,36,0,10,2,61,,311837,36,0,10,1,17,,311823,36,0,10,1,18,,311833,36,0,10,2,19,,311845,36,0,10,1,58,,311818,36,0,10,1,19,,311850,36,0,10,2,21,,311838,36,0,10,1,63,,311824,36,0,10,1,28,,311846,36,0,10,1,69,,311819,36,0,10,1,29,,311839,36,0,10,1,67,,311857,36,0,10,1,29,,311856,36,0,10,2,70,,311820,36,0,10,1,30,,311840,36,0,10,1,71,,311851,36,0,10,1,29,,311858,36,0,10,1,72,,311816,36,0,10,1,31,,311852,36,0,10,1,71,,311859,36,0,10,1,31,,311817,36,0,10,1
9002,'H56S200F-80-F2',638,,311865,36,0,10,1,68,,311891,36,0,10,1,29,,311869,36,0,10,1,69,,311897,36,0,10,1,36,,311866,36,0,10,1,73,,311870,36,0,10,1,29,,311878,36,0,10,1,72,,311898,36,0,10,1,33,,311899,36,0,10,1,70,,311871,36,0,10,1,31,,311874,36,0,10,2,71,,311886,36,0,10,1,31,,311879,36,0,10,1,69,,311872,36,0,10,1,31,,311875,36,0,10,2,64,,311887,36,0,10,1,25,,311892,36,0,10,2,64,,311880,36,0,10,1,20,,311873,36,0,10,1,20,,311888,36,0,10,1,60,,311876,36,0,10,2,18,,311885,36,0,10,1,21,,311893,36,0,10,2,61,,311881,36,0,10,1,17,,311867,36,0,10,1,18,,311877,36,0,10,2,19,,311889,36,0,10,1,58,,311862,36,0,10,1,19,,311894,36,0,10,2,21,,311882,36,0,10,1,63,,311868,36,0,10,1,28,,311890,36,0,10,1,69,,311863,36,0,10,1,29,,311883,36,0,10,1,67,,311901,36,0,10,1,29,,311900,36,0,10,2,70,,311864,36,0,10,1,30,,311884,36,0,10,1,71,,311895,36,0,10,1,29,,311902,36,0,10,1,72,,311860,36,0,10,1,31,,311896,36,0,10,1,71,,311903,36,0,10,1,31,,311861,36,0,10,1
35602,'H56S000A-80-A',2557,,346236,66,0,10,2,58,,346225,66,0,10,1,14,,346232,66,0,10,1,14,,346226,66,0,10,1,14,,346227,66,0,10,2,52,,346231,66,0,10,1,12,,346224,66,0,10,1,13,,346238,66,0,10,1,13,,346230,66,0,10,1,53,,346228,66,0,10,1,13,,346229,66,0,10,1,13,,346234,66,0,10,2,13,,346233,66,0,10,2,13,,346237,66,0,10,2,53,,346235,66,0,10,1
35602,'H56S000I-80-I',2554,,346239,66,0,10,1,88,,346242,66,0,10,1,85,,346241,66,0,10,1,88,,346240,66,0,10,1,41,,346243,66,0,10,2
35602,'H56S000S-82-S',2548,,346244,66,0,10,1,86,,346249,66,0,10,2,85,,346248,66,0,10,1,27,,346246,66,0,10,2,65,,346245,66,0,10,1,25,,346247,66,0,10,2,65,,346250,66,0,10,1
35602,'H56S100F-80-F1',2554,,346251,66,0,10,1,88,,346254,66,0,10,1,85,,346253,66,0,10,1,88,,346252,66,0,10,1,41,,346255,66,0,10,2
35602,'H56S200F-80-F2',2554,,346256,66,0,10,1,88,,346259,66,0,10,1,85,,346258,66,0,10,1,88,,346257,66,0,10,1,41,,346260,66,0,10,2
