7902,'H58S000A-80-A',530,,309452,55,0,10,2,74,,309461,55,0,10,2,23,,309449,55,0,10,1,30,,309453,55,0,10,2,65,,309466,55,0,10,2,20,,309454,55,0,10,1,74,,309459,55,0,10,2,34,,309462,55,0,10,2,73,,309450,55,0,10,1,33,,309484,55,0,10,2,73,,309463,55,0,10,2,30,,309455,55,0,10,1,70,,309460,55,0,10,2,30,,309467,55,0,10,2,70,,309451,55,0,10,1,30,,309485,55,0,10,2,70,,309464,55,0,10,2,30,,309456,55,0,10,1,73,,309486,55,0,10,2,73,,309468,55,0,10,2,33,,309457,55,0,10,1,21,,309490,55,0,10,2,70,,309465,55,0,10,2,30,,309480,55,0,10,1,70,,309487,55,0,10,2,30,,309469,55,0,10,2,73,,309458,55,0,10,1,70,,309472,55,0,10,1,30,,309478,55,0,10,1,70,,309481,55,0,10,1,28,,309473,55,0,10,1,29,,309470,55,0,10,2,69,,309488,55,0,10,1,30,,309475,55,0,10,2,70,,309479,55,0,10,1,30,,309489,55,0,10,1,68,,309476,55,0,10,2,30,,309471,55,0,10,2,70,,309482,55,0,10,1,30,,309477,55,0,10,2,70,,309474,55,0,10,1,75,,309483,55,0,10,1
7902,'H58S000I-80-I',529,,309494,55,0,10,1,74,,309513,55,0,10,2,23,,309491,55,0,10,1,30,,309495,55,0,10,1,65,,309497,55,0,10,2,20,,309501,55,0,10,1,73,,309517,55,0,10,1,35,,309493,55,0,10,2,73,,309492,55,0,10,1,33,,309496,55,0,10,1,74,,309498,55,0,10,2,30,,309502,55,0,10,1,70,,309518,55,0,10,1,30,,309499,55,0,10,2,70,,309522,55,0,10,2,30,,309519,55,0,10,1,70,,309507,55,0,10,2,30,,309503,55,0,10,1,73,,309524,55,0,10,2,73,,309500,55,0,10,2,33,,309523,55,0,10,2,21,,309521,55,0,10,1,70,,309508,55,0,10,2,30,,309504,55,0,10,1,70,,309525,55,0,10,2,30,,309509,55,0,10,2,70,,309505,55,0,10,1,30,,309526,55,0,10,2,70,,309510,55,0,10,2,30,,309506,55,0,10,1,70,,309520,55,0,10,1,30,,309511,55,0,10,2,70,,309527,55,0,10,2,30,,309514,55,0,10,1,68,,309512,55,0,10,2,30,,309528,55,0,10,2,70,,309515,55,0,10,1,30,,309530,55,0,10,2,70,,309529,55,0,10,2,73,,309516,55,0,10,1,33,,309531,55,0,10,2
7902,'H58S000S-83-S',529,,309537,55,0,10,2,77,,309542,55,0,10,1,31,,309545,55,0,10,2,65,,309539,55,0,10,2,25,,309538,55,0,10,2,18,,309533,55,0,10,1,55,,309544,55,0,10,2,9,,309578,55,0,10,2,9,,309546,55,0,10,2,13,,309532,55,0,10,2,15,,309549,55,0,10,1,55,,309562,55,0,10,2,13,,309540,55,0,10,2,22,,309534,55,0,10,1,69,,309547,55,0,10,2,30,,309565,55,0,10,1,70,,309541,55,0,10,2,30,,309563,55,0,10,1,70,,309535,55,0,10,1,30,,309548,55,0,10,2,70,,309566,55,0,10,1,30,,309564,55,0,10,1,70,,309556,55,0,10,1,30,,309536,55,0,10,1,71,,309570,55,0,10,2,15,,309579,55,0,10,2,19,,309572,55,0,10,2,60,,309557,55,0,10,1,10,,309580,55,0,10,2,10,,309550,55,0,10,1,19,,309576,55,0,10,2,15,,309581,55,0,10,2,55,,309571,55,0,10,2,15,,309582,55,0,10,2,14,,309551,55,0,10,1,15,,309583,55,0,10,2,55,,309543,55,0,10,1,15,,309584,55,0,10,2,15,,309577,55,0,10,2,69,,309558,55,0,10,2,29,,309552,55,0,10,1,70,,309567,55,0,10,1,25,,309573,55,0,10,1,70,,309559,55,0,10,2,30,,309553,55,0,10,1,28,,309568,55,0,10,1,70,,309574,55,0,10,1,30,,309560,55,0,10,2,70,,309554,55,0,10,1,30,,309569,55,0,10,1,70,,309575,55,0,10,1,30,,309561,55,0,10,2,70,,309555,55,0,10,1
7902,'H58S100F-80-F1',529,,309595,55,0,10,2,74,,309605,55,0,10,1,23,,309586,55,0,10,1,30,,309596,55,0,10,2,65,,309606,55,0,10,1,20,,309597,55,0,10,1,73,,309599,55,0,10,2,35,,309613,55,0,10,1,73,,309587,55,0,10,1,33,,309585,55,0,10,1,74,,309614,55,0,10,1,30,,309588,55,0,10,1,70,,309600,55,0,10,2,30,,309607,55,0,10,1,70,,309589,55,0,10,1,30,,309615,55,0,10,1,70,,309603,55,0,10,2,30,,309590,55,0,10,1,73,,309601,55,0,10,2,73,,309608,55,0,10,1,33,,309620,55,0,10,1,21,,309616,55,0,10,1,70,,309604,55,0,10,2,30,,309591,55,0,10,1,70,,309602,55,0,10,2,30,,309609,55,0,10,1,70,,309621,55,0,10,1,30,,309598,55,0,10,2,70,,309610,55,0,10,1,30,,309622,55,0,10,1,70,,309617,55,0,10,1,30,,309611,55,0,10,1,70,,309623,55,0,10,2,30,,309592,55,0,10,1,68,,309612,55,0,10,1,30,,309624,55,0,10,2,70,,309593,55,0,10,1,30,,309618,55,0,10,1,70,,309625,55,0,10,2,73,,309594,55,0,10,1,33,,309619,55,0,10,1
7902,'H58S200F-80-F2',529,,309626,55,0,10,2,74,,309643,55,0,10,1,23,,309644,55,0,10,1,30,,309627,55,0,10,2,65,,309654,55,0,10,1,20,,309635,55,0,10,1,73,,309650,55,0,10,2,35,,309639,55,0,10,1,73,,309645,55,0,10,1,33,,309637,55,0,10,1,74,,309640,55,0,10,1,30,,309646,55,0,10,1,70,,309651,55,0,10,2,30,,309655,55,0,10,1,70,,309647,55,0,10,1,30,,309628,55,0,10,1,70,,309633,55,0,10,2,30,,309648,55,0,10,1,73,,309652,55,0,10,2,73,,309656,55,0,10,1,33,,309661,55,0,10,1,21,,309629,55,0,10,1,70,,309634,55,0,10,2,30,,309649,55,0,10,1,70,,309653,55,0,10,2,30,,309657,55,0,10,1,70,,309662,55,0,10,1,30,,309638,55,0,10,2,70,,309658,55,0,10,1,30,,309663,55,0,10,1,70,,309636,55,0,10,1,30,,309659,55,0,10,1,70,,309664,55,0,10,2,30,,309630,55,0,10,1,68,,309660,55,0,10,1,30,,309665,55,0,10,2,70,,309631,55,0,10,1,30,,309641,55,0,10,1,70,,309666,55,0,10,2,73,,309632,55,0,10,1,33,,309642,55,0,10,1
35602,'H56S000A-80-A',2650,,346236,120,0,10,2,58,,346225,120,0,10,1,14,,346232,120,0,10,1,13,,346226,120,0,10,1,14,,346227,120,0,10,2,52,,346231,120,0,10,1,12,,346224,120,0,10,1,13,,346238,120,0,10,1,13,,346230,120,0,10,1,13,,346228,120,0,10,1,53,,346229,120,0,10,1,13,,346234,120,0,10,2,13,,346233,120,0,10,2,13,,346237,120,0,10,2,13,,346235,120,0,10,1
35602,'H56S000I-80-I',2644,,346239,120,0,10,1,88,,346242,120,0,10,1,85,,346241,120,0,10,1,88,,346240,120,0,10,1,41,,346243,120,0,10,2
35602,'H56S000S-82-S',2643,,346244,120,0,10,1,86,,346249,120,0,10,2,85,,346248,120,0,10,1,27,,346246,120,0,10,2,65,,346245,120,0,10,1,25,,346247,120,0,10,2,25,,346250,120,0,10,1
35602,'H56S100F-80-F1',2644,,346251,120,0,10,1,88,,346254,120,0,10,1,85,,346253,120,0,10,1,88,,346252,120,0,10,1,41,,346255,120,0,10,2
35602,'H56S200F-80-F2',2644,,346256,120,0,10,1,88,,346259,120,0,10,1,85,,346258,120,0,10,1,88,,346257,120,0,10,1,41,,346260,120,0,10,2
38202,'H60S000A-80-A',2620,,347374,57,0,10,1,85,,347376,57,0,10,1,45,,347373,57,0,10,1,85,,347375,57,0,10,1
38202,'H60S000I-81-I',2620,,347379,57,0,10,1,85,,347378,57,0,10,1,44,,347377,57,0,10,1,85,,347380,57,0,10,1
38202,'H60S000S-83-S',2621,,347381,57,0,10,2,85,,347384,57,0,10,1,44,,347382,57,0,10,1,85,,347383,57,0,10,1
38202,'H60S100F-80-F1',2620,,347387,57,0,10,1,85,,347385,57,0,10,1,44,,347386,57,0,10,2,85,,347388,57,0,10,1
38202,'H60S200F-80-F2',2620,,347391,57,0,10,1,85,,347389,57,0,10,1,44,,347390,57,0,10,2,85,,347392,57,0,10,1
