19701,'H50S000S-82-S',1633,,338553,20,0,5,2
19701,'H51S000A-80-A',513,,338554,20,0,5,1,29,,338563,20,0,5,1,72,,338555,20,0,5,2,33,,338564,20,0,5,1,74,,338556,20,0,5,2,29,,338572,20,0,5,1,69,,338565,20,0,5,1,31,,338557,20,0,5,2,69,,338573,20,0,99 51,1,30,,338566,20,0,99 51,1,70,,338558,20,0,99 51,2,30,,338574,20,0,99 51,1,72,,338578,20,0,99 51,2,31,,338559,20,0,99 51,2,70,,338575,20,0,99 51,1,31,,338579,20,0,99 51,2,69,,338560,20,0,99 51,2,28,,338576,20,0,99 51,1,68,,338586,20,0,99 51,2,25,,338584,20,0,99 51,2,60,,338561,20,0,99 51,2,20,,338577,20,0,99 51,1,20,,338580,20,0,99 51,2,58,,338587,20,0,99 51,2,17,,338585,20,0,99 51,2,16,,338594,20,0,99 51,1,14,,338562,20,0,5,2,56,,338582,20,0,5,2,15,,338581,20,0,5,2,15,,338589,20,0,5,2,15,,338588,20,0,5,2,55,,338595,20,0,5,1,18,,338567,20,0,5,1,18,,338583,20,0,5,2,60,,338590,20,0,5,2,24,,338596,20,0,5,1,25,,338568,20,0,5,1,66,,338591,20,0,5,2,26,,338597,20,0,5,1,64,,338569,20,0,5,1,26,,338592,20,0,5,2,26,,338598,20,0,5,1,66,,338570,20,0,5,1,28,,338593,20,0,5,2,68,,338601,20,0,5,2,29,,338599,20,0,5,1,71,,338571,20,0,5,1,33,,338602,20,0,5,2,72,,338600,20,0,5,1,33,,338603,20,0,5,2
19701,'H51S000I-80-I',512,,338616,20,0,5,1,30,,338604,20,0,5,1,72,,338617,20,0,5,1,32,,338605,20,0,5,1,72,,338618,20,0,5,1,32,,338606,20,0,5,1,69,,338619,20,0,5,2,30,,338626,20,0,5,2,70,,338607,20,0,99 51,1,30,,338620,20,0,99 51,2,70,,338627,20,0,99 51,2,30,,338608,20,0,99 51,1,69,,338621,20,0,99 51,2,31,,338628,20,0,99 51,2,70,,338609,20,0,99 51,1,30,,338622,20,0,99 51,2,72,,338629,20,0,99 51,2,34,,338610,20,0,99 51,1,70,,338623,20,0,99 51,2,28,,338630,20,0,99 51,2,68,,338611,20,0,99 51,1,30,,338624,20,0,99 51,2,68,,338631,20,0,99 51,2,26,,338612,20,0,99 51,1,59,,338640,20,0,5,1,20,,338625,20,0,5,2,19,,338632,20,0,5,2,60,,338636,20,0,5,2,19,,338613,20,0,5,1,20,,338641,20,0,5,1,63,,338633,20,0,5,2,27,,338637,20,0,5,2,68,,338642,20,0,5,1,28,,338634,20,0,5,2,28,,338638,20,0,5,2,67,,338643,20,0,5,1,28,,338635,20,0,5,2,68,,338645,20,0,5,2,32,,338639,20,0,5,2,72,,338644,20,0,5,1,32,,338646,20,0,5,2,71,,338614,20,0,5,1,31,,338647,20,0,5,2,70,,338615,20,0,5,1
19701,'H51S000S-81-S',509,,338650,20,0,5,1,32,,338648,20,0,5,2,72,,338651,20,0,5,1,31,,338655,20,0,5,2,61,,338649,20,0,5,2,15,,338677,20,0,99 51,2,10,,338663,20,0,99 51,2,10,,338664,20,0,99 51,2,12,,338652,20,0,99 51,1,54,,338665,20,0,99 51,2,22,,338687,20,0,99 51,2,31,,338678,20,0,99 51,2,70,,338653,20,0,99 51,1,29,,338666,20,0,99 51,2,70,,338672,20,0,99 51,1,30,,338679,20,0,99 51,2,72,,338667,20,0,99 51,2,27,,338682,20,0,99 51,2,67,,338673,20,0,99 51,1,27,,338689,20,0,99 51,1,67,,338668,20,0,99 51,2,27,,338683,20,0,99 51,2,66,,338674,20,0,99 51,1,24,,338690,20,0,99 51,1,17,,338669,20,0,99 51,2,64,,338680,20,0,99 51,2,11,,338702,20,0,99 51,2,9,,338684,20,0,99 51,2,8,,338707,20,0,99 51,2,9,,338654,20,0,5,2,49,,338675,20,0,5,1,9,,338709,20,0,5,2,8,,338691,20,0,5,1,6,,338705,20,0,5,2,16,,338670,20,0,5,2,18,,338681,20,0,5,2,47,,338703,20,0,5,2,15,,338685,20,0,5,2,8,,338657,20,0,5,1,16,,338676,20,0,5,1,7,,338686,20,0,5,2,7,,338708,20,0,5,2,46,,338692,20,0,5,1,7,,338711,20,0,5,2,7,,338671,20,0,5,2,8,,338710,20,0,5,2,7,,338697,20,0,5,2,8,,338704,20,0,5,2,9,,338688,20,0,5,2,50,,338658,20,0,5,1,30,,338693,20,0,5,1,23,,338698,20,0,5,2,65,,338659,20,0,5,1,30,,338694,20,0,5,1,70,,338699,20,0,5,2,30,,338660,20,0,5,1,70,,338695,20,0,5,1,30,,338700,20,0,5,2,69,,338661,20,0,5,1,30,,338696,20,0,5,1,62,,338701,20,0,5,2,22,,338706,20,0,5,1,27,,338662,20,0,5,1,68,,338656,20,0,5,1
19701,'H51S100F-80-F1',512,,338714,20,0,5,1,30,,338727,20,0,5,1,72,,338715,20,0,5,1,32,,338728,20,0,5,1,72,,338716,20,0,5,1,32,,338729,20,0,5,1,69,,338720,20,0,5,2,30,,338717,20,0,5,2,70,,338730,20,0,99 51,1,30,,338721,20,0,99 51,2,70,,338718,20,0,99 51,2,30,,338731,20,0,99 51,1,69,,338722,20,0,99 51,2,31,,338719,20,0,99 51,2,70,,338732,20,0,99 51,1,30,,338723,20,0,99 51,2,72,,338737,20,0,99 51,2,34,,338733,20,0,99 51,1,70,,338724,20,0,99 51,2,28,,338738,20,0,99 51,2,68,,338734,20,0,99 51,1,30,,338725,20,0,99 51,2,68,,338739,20,0,99 51,2,26,,338735,20,0,99 51,1,59,,338748,20,0,5,1,20,,338726,20,0,5,2,19,,338740,20,0,5,2,60,,338744,20,0,5,2,19,,338736,20,0,5,1,20,,338749,20,0,5,1,63,,338741,20,0,5,2,27,,338745,20,0,5,2,68,,338750,20,0,5,1,28,,338742,20,0,5,2,28,,338746,20,0,5,2,67,,338751,20,0,5,1,28,,338743,20,0,5,2,68,,338753,20,0,5,2,32,,338747,20,0,5,2,72,,338752,20,0,5,1,32,,338754,20,0,5,2,71,,338712,20,0,5,1,31,,338755,20,0,5,2,70,,338713,20,0,5,1
19701,'H51S200F-80-F2',512,,338758,20,0,5,1,30,,338771,20,0,5,1,72,,338759,20,0,5,1,32,,338772,20,0,5,1,72,,338760,20,0,5,1,32,,338773,20,0,5,1,69,,338764,20,0,5,2,30,,338761,20,0,5,2,70,,338774,20,0,99 51,1,30,,338765,20,0,99 51,2,70,,338762,20,0,99 51,2,30,,338775,20,0,99 51,1,69,,338766,20,0,99 51,2,31,,338763,20,0,99 51,2,70,,338776,20,0,99 51,1,30,,338767,20,0,99 51,2,72,,338781,20,0,99 51,2,34,,338777,20,0,99 51,1,70,,338768,20,0,99 51,2,28,,338782,20,0,99 51,2,68,,338778,20,0,99 51,1,30,,338769,20,0,99 51,2,68,,338783,20,0,99 51,2,26,,338779,20,0,99 51,1,59,,338792,20,0,5,1,20,,338770,20,0,5,2,19,,338784,20,0,5,2,60,,338788,20,0,5,2,19,,338780,20,0,5,1,20,,338793,20,0,5,1,63,,338785,20,0,5,2,27,,338789,20,0,5,2,68,,338794,20,0,5,1,28,,338786,20,0,5,2,28,,338790,20,0,5,2,67,,338795,20,0,5,1,28,,338787,20,0,5,2,68,,338797,20,0,5,2,32,,338791,20,0,5,2,72,,338796,20,0,5,1,32,,338798,20,0,5,2,71,,338756,20,0,5,1,31,,338799,20,0,5,2,70,,338757,20,0,5,1
19701,'H54S000S-80-S',1503,,338800,20,0,99 51,1
19701,'H57S000S-80-S',1916,,338801,20,0,5,1
19701,'H59S000S-80-S',1650,,338803,20,0,5,1,63,,338802,20,0,5,2,24,,338804,20,0,5,2
37001,'H51S000A-80-A',2602,,347028,54,0,5,2,45,,347026,54,0,5,1,85,,347027,54,0,5,2,85,,347029,54,0,5,1,83,,347030,54,0,5,2
37001,'H51S000I-80-I',2559,,347032,54,0,5,2,85,,347034,54,0,5,1,85,,347031,54,0,5,1,85,,347033,54,0,5,2,45,,347035,54,0,5,1
37001,'H51S000S-81-S',2601,,347039,54,0,5,2,45,,347037,54,0,5,1,83,,347036,54,0,5,1,85,,347040,54,0,5,2,86,,347038,54,0,5,1
37001,'H51S100F-80-F1',2559,,347042,54,0,5,2,85,,347044,54,0,5,1,85,,347041,54,0,5,1,85,,347043,54,0,5,2,45,,347045,54,0,5,1
37001,'H51S200F-80-F2',2559,,347047,54,0,5,2,85,,347049,54,0,5,1,85,,347046,54,0,5,1,85,,347048,54,0,5,2,45,,347050,54,0,5,1
