20502,'H60S000A-80-A',552,,341303,38,0,10,1,74,,341316,38,0,10,1,29,,341328,38,0,10,1,68,,341304,38,0,10,1,28,,341317,38,0,10,1,67,,341329,38,0,10,1,32,,341305,38,0,10,1,70,,341318,38,0,10,1,30,,341323,38,0,10,2,70,,341306,38,0,10,1,29,,341319,38,0,10,1,69,,341324,38,0,10,2,29,,341307,38,0,10,1,69,,341320,38,0,10,1,29,,341325,38,0,10,2,69,,341308,38,0,10,1,30,,341321,38,0,10,1,70,,341326,38,0,10,2,30,,341330,38,0,10,1,70,,341322,38,0,10,1,30,,341327,38,0,10,2,70,,341331,38,0,10,1,30,,341340,38,0,10,1,70,,341309,38,0,10,1,30,,341332,38,0,10,1,69,,341338,38,0,10,1,29,,341310,38,0,10,1,69,,341312,38,0,10,1,30,,341339,38,0,10,1,69,,341311,38,0,10,1,30,,341313,38,0,10,1,70,,341335,38,0,10,1,29,,341333,38,0,10,1,70,,341314,38,0,10,1,29,,341336,38,0,10,1,70,,341334,38,0,10,1,30,,341315,38,0,10,1,72,,341337,38,0,10,1
20502,'H60S000I-81-I',637,,341348,38,0,10,2,70,,341363,38,0,10,1,29,,341342,38,0,10,1,70,,341349,38,0,10,2,30,,341364,38,0,10,1,69,,341359,38,0,10,1,28,,341350,38,0,10,2,68,,341365,38,0,10,1,28,,341360,38,0,10,1,29,,341351,38,0,10,2,71,,341366,38,0,10,1,29,,341361,38,0,10,1,69,,341352,38,0,10,2,30,,341367,38,0,10,1,70,,341368,38,0,10,1,31,,341375,38,0,10,1,70,,341369,38,0,10,2,30,,341354,38,0,10,1,70,,341343,38,0,10,1,30,,341370,38,0,10,2,70,,341355,38,0,10,1,30,,341344,38,0,10,1,69,,341371,38,0,10,2,30,,341356,38,0,10,1,70,,341345,38,0,10,1,30,,341372,38,0,10,2,69,,341357,38,0,10,1,29,,341346,38,0,10,1,70,,341373,38,0,10,2,30,,341358,38,0,10,1,68,,341376,38,0,10,1,29,,341362,38,0,10,1,68,,341374,38,0,10,1,30,,341377,38,0,10,1,71,,341341,38,0,10,1,30,,341353,38,0,10,1,72,,341347,38,0,10,1
20502,'H60S000S-83-S',506,,341378,38,0,10,1,32,,341392,38,0,10,2,69,,341407,38,0,10,2,29,,341379,38,0,10,1,73,,341393,38,0,10,2,31,,341408,38,0,10,2,72,,341380,38,0,10,1,32,,341394,38,0,10,2,69,,341409,38,0,10,2,30,,341381,38,0,10,1,68,,341395,38,0,10,2,28,,341410,38,0,10,2,68,,341382,38,0,10,1,28,,341396,38,0,10,2,69,,341411,38,0,10,2,29,,341383,38,0,10,1,68,,341397,38,0,10,2,27,,341412,38,0,10,2,29,,341384,38,0,10,1,72,,341398,38,0,10,2,30,,341413,38,0,10,2,73,,341385,38,0,10,1,72,,341399,38,0,10,2,33,,341406,38,0,10,1,68,,341386,38,0,10,1,30,,341400,38,0,10,2,67,,341414,38,0,10,2,28,,341387,38,0,10,1,27,,341401,38,0,10,2,69,,341415,38,0,10,2,32,,341388,38,0,10,1,69,,341402,38,0,10,2,28,,341416,38,0,10,2,73,,341389,38,0,10,1,30,,341403,38,0,10,2,68,,341417,38,0,10,2,29,,341390,38,0,10,1,69,,341404,38,0,10,2,30,,341405,38,0,10,1,70,,341391,38,0,10,1
20502,'H60S100F-80-F1',637,,341431,38,0,10,2,70,,341438,38,0,10,1,29,,341447,38,0,10,1,70,,341432,38,0,10,2,30,,341439,38,0,10,1,69,,341448,38,0,10,1,28,,341433,38,0,10,2,68,,341440,38,0,10,1,28,,341449,38,0,10,1,29,,341434,38,0,10,2,71,,341452,38,0,10,1,29,,341437,38,0,10,1,69,,341435,38,0,10,2,30,,341453,38,0,10,1,70,,341442,38,0,10,2,31,,341450,38,0,10,1,70,,341444,38,0,10,1,30,,341420,38,0,10,1,70,,341425,38,0,10,1,30,,341419,38,0,10,2,70,,341421,38,0,10,1,30,,341426,38,0,10,1,69,,341429,38,0,10,1,30,,341422,38,0,10,1,70,,341427,38,0,10,1,30,,341430,38,0,10,1,69,,341423,38,0,10,1,29,,341428,38,0,10,1,70,,341451,38,0,10,1,30,,341424,38,0,10,1,68,,341454,38,0,10,2,29,,341446,38,0,10,1,68,,341441,38,0,10,1,30,,341443,38,0,10,1,71,,341418,38,0,10,2,30,,341436,38,0,10,2,72,,341445,38,0,10,1
20502,'H60S200F-80-F2',637,,341468,38,0,10,2,70,,341475,38,0,10,1,29,,341484,38,0,10,1,70,,341469,38,0,10,2,30,,341476,38,0,10,1,69,,341485,38,0,10,1,28,,341470,38,0,10,2,68,,341477,38,0,10,1,28,,341486,38,0,10,1,29,,341471,38,0,10,2,71,,341489,38,0,10,1,29,,341474,38,0,10,1,69,,341472,38,0,10,2,30,,341490,38,0,10,1,70,,341479,38,0,10,2,31,,341487,38,0,10,1,70,,341481,38,0,10,1,30,,341457,38,0,10,1,70,,341462,38,0,10,1,30,,341456,38,0,10,2,70,,341458,38,0,10,1,30,,341463,38,0,10,1,69,,341466,38,0,10,1,30,,341459,38,0,10,1,70,,341464,38,0,10,1,30,,341467,38,0,10,1,69,,341460,38,0,10,1,29,,341465,38,0,10,1,70,,341488,38,0,10,1,30,,341461,38,0,10,1,68,,341491,38,0,10,2,29,,341483,38,0,10,1,68,,341478,38,0,10,1,30,,341480,38,0,10,1,71,,341455,38,0,10,2,30,,341473,38,0,10,2,72,,341482,38,0,10,1
20602,'H60S000A-80-A',730,,341672,35,0,10,1,29,,341661,35,0,10,2,72,,341671,35,0,10,1,70,,341673,35,0,10,1,32,,341680,35,0,10,1,71,,341662,35,0,10,2,30,,341674,35,0,10,1,69,,341681,35,0,10,1,30,,341663,35,0,10,2,70,,341675,35,0,10,1,30,,341682,35,0,10,1,70,,341664,35,0,10,2,30,,341676,35,0,10,1,70,,341683,35,0,10,1,30,,341665,35,0,10,2,70,,341677,35,0,10,1,30,,341684,35,0,10,1,70,,341666,35,0,10,2,30,,341678,35,0,10,1,71,,341690,35,0,10,2,30,,341667,35,0,10,2,69,,341685,35,0,10,1,29,,341691,35,0,10,2,70,,341668,35,0,10,2,30,,341686,35,0,10,1,70,,341692,35,0,10,2,30,,341669,35,0,10,2,70,,341687,35,0,10,1,29,,341693,35,0,10,2,70,,341670,35,0,10,2,30,,341688,35,0,10,1,73,,341694,35,0,10,2,33,,341679,35,0,10,1,70,,341689,35,0,10,1
20602,'H60S000I-81-I',804,,341702,35,0,10,1,30,,341713,35,0,10,2,70,,341716,35,0,10,1,30,,341703,35,0,10,1,70,,341714,35,0,10,2,30,,341717,35,0,10,1,70,,341704,35,0,10,1,31,,341715,35,0,10,2,71,,341718,35,0,10,1,30,,341705,35,0,10,1,70,,341695,35,0,10,1,30,,341719,35,0,10,1,70,,341706,35,0,10,1,30,,341696,35,0,10,1,70,,341720,35,0,10,1,30,,341707,35,0,10,1,70,,341697,35,0,10,1,30,,341721,35,0,10,1,70,,341708,35,0,10,1,30,,341698,35,0,10,1,70,,341722,35,0,10,1,30,,341709,35,0,10,1,69,,341699,35,0,10,1,30,,341723,35,0,10,1,70,,341710,35,0,10,1,30,,341700,35,0,10,1,70,,341724,35,0,10,1,30,,341711,35,0,10,1,70,,341701,35,0,10,1,30,,341725,35,0,10,1,85,,341712,35,0,10,1,86,,341726,35,0,10,1
20602,'H60S000S-83-S',631,,341727,35,0,10,2,74,,341736,35,0,10,1,33,,341748,35,0,10,2,73,,341728,35,0,10,2,31,,341737,35,0,10,1,69,,341749,35,0,10,2,29,,341729,35,0,10,2,68,,341738,35,0,10,1,30,,341750,35,0,10,2,70,,341730,35,0,10,2,30,,341739,35,0,10,1,71,,341742,35,0,10,1,31,,341731,35,0,10,2,71,,341740,35,0,10,1,31,,341743,35,0,10,1,71,,341732,35,0,10,2,32,,341741,35,0,10,1,73,,341744,35,0,10,1,33,,341733,35,0,10,2,73,,341735,35,0,10,1,32,,341745,35,0,10,2,72,,341758,35,0,10,2,28,,341753,35,0,10,1,70,,341746,35,0,10,2,31,,341759,35,0,10,2,69,,341754,35,0,10,1,30,,341747,35,0,10,2,69,,341760,35,0,10,2,30,,341755,35,0,10,1,70,,341734,35,0,10,1,30,,341751,35,0,10,1,78,,341756,35,0,10,1,84,,341752,35,0,10,1,37,,341757,35,0,10,1
20602,'H60S100F-80-F1',804,,341768,35,0,10,1,30,,341774,35,0,10,1,70,,341782,35,0,10,1,30,,341769,35,0,10,1,70,,341780,35,0,10,2,30,,341783,35,0,10,1,70,,341770,35,0,10,1,31,,341781,35,0,10,2,71,,341784,35,0,10,1,30,,341771,35,0,10,1,70,,341761,35,0,10,2,30,,341785,35,0,10,1,70,,341772,35,0,10,1,30,,341762,35,0,10,2,70,,341786,35,0,10,1,30,,341773,35,0,10,1,70,,341763,35,0,10,2,30,,341787,35,0,10,1,70,,341775,35,0,10,1,30,,341764,35,0,10,2,70,,341788,35,0,10,1,30,,341776,35,0,10,1,69,,341765,35,0,10,2,30,,341789,35,0,10,1,70,,341777,35,0,10,1,30,,341766,35,0,10,2,70,,341790,35,0,10,1,30,,341778,35,0,10,1,70,,341767,35,0,10,2,30,,341791,35,0,10,1,85,,341779,35,0,10,1,86,,341792,35,0,10,1
20602,'H60S200F-80-F2',804,,341800,35,0,10,1,30,,341806,35,0,10,1,70,,341814,35,0,10,1,30,,341801,35,0,10,1,70,,341812,35,0,10,2,30,,341815,35,0,10,1,70,,341802,35,0,10,1,31,,341813,35,0,10,2,71,,341816,35,0,10,1,30,,341803,35,0,10,1,70,,341793,35,0,10,2,30,,341817,35,0,10,1,70,,341804,35,0,10,1,30,,341794,35,0,10,2,70,,341818,35,0,10,1,30,,341805,35,0,10,1,70,,341795,35,0,10,2,30,,341819,35,0,10,1,70,,341807,35,0,10,1,30,,341796,35,0,10,2,70,,341820,35,0,10,1,30,,341808,35,0,10,1,69,,341797,35,0,10,2,30,,341821,35,0,10,1,70,,341809,35,0,10,1,30,,341798,35,0,10,2,70,,341822,35,0,10,1,30,,341810,35,0,10,1,70,,341799,35,0,10,2,30,,341823,35,0,10,1,85,,341811,35,0,10,1,86,,341824,35,0,10,1
20704,'H60S000A-80-A',531,,342004,39,0,9,1,72,,342017,39,0,9,1,32,,342019,39,0,9,1,72,,342005,39,0,9,1,30,,342018,39,0,9,1,70,,342020,39,0,9,1,30,,342006,39,0,9,1,71,,342032,39,0,9,2,30,,342021,39,0,9,1,70,,342007,39,0,9,1,31,,342033,39,0,9,2,70,,342022,39,0,9,1,30,,342008,39,0,9,1,70,,342034,39,0,9,2,31,,342023,39,0,9,1,70,,342009,39,0,9,1,30,,342035,39,0,9,2,70,,342024,39,0,9,1,29,,342010,39,0,9,1,70,,342036,39,0,9,2,31,,342025,39,0,9,1,71,,342011,39,0,9,1,30,,342037,39,0,9,2,70,,342026,39,0,9,1,28,,342012,39,0,9,1,70,,342038,39,0,9,2,30,,342027,39,0,9,1,70,,342013,39,0,9,1,31,,342039,39,0,9,2,70,,342028,39,0,9,1,31,,342014,39,0,9,1,71,,342040,39,0,9,2,33,,342029,39,0,9,1,73,,342015,39,0,9,1,96,,342030,39,0,9,1,97,,342016,39,0,9,1,43,,342031,39,0,9,1
20704,'H60S000I-81-I',706,,342043,39,0,9,1,33,,342054,39,0,9,2,72,,342057,39,0,9,1,31,,342044,39,0,9,1,71,,342067,39,0,9,1,30,,342058,39,0,9,1,70,,342045,39,0,9,1,30,,342068,39,0,9,1,71,,342059,39,0,9,1,30,,342046,39,0,9,1,70,,342069,39,0,9,1,30,,342060,39,0,9,1,71,,342047,39,0,9,1,30,,342070,39,0,9,1,69,,342061,39,0,9,1,30,,342048,39,0,9,1,70,,342071,39,0,9,1,30,,342062,39,0,9,1,70,,342049,39,0,9,1,30,,342072,39,0,9,1,70,,342063,39,0,9,1,29,,342050,39,0,9,1,71,,342073,39,0,9,1,31,,342064,39,0,9,1,70,,342051,39,0,9,1,30,,342074,39,0,9,1,71,,342065,39,0,9,1,31,,342052,39,0,9,1,71,,342042,39,0,9,1,33,,342056,39,0,9,2,73,,342053,39,0,9,1,92,,342041,39,0,9,1,94,,342066,39,0,9,1,46,,342055,39,0,9,1
20704,'H60S000S-83-S',454,,342075,39,0,9,2,71,,342087,39,0,9,1,31,,342100,39,0,9,2,71,,342076,39,0,9,2,30,,342088,39,0,9,1,72,,342101,39,0,9,2,72,,342077,39,0,9,2,30,,342089,39,0,9,1,73,,342102,39,0,9,2,30,,342078,39,0,9,2,69,,342090,39,0,9,1,30,,342103,39,0,9,2,70,,342079,39,0,9,2,29,,342091,39,0,9,1,70,,342104,39,0,9,2,30,,342080,39,0,9,2,69,,342092,39,0,9,1,30,,342105,39,0,9,2,69,,342081,39,0,9,2,30,,342093,39,0,9,1,71,,342106,39,0,9,2,31,,342082,39,0,9,2,72,,342094,39,0,9,1,31,,342107,39,0,9,2,71,,342083,39,0,9,2,32,,342095,39,0,9,1,71,,342108,39,0,9,2,31,,342084,39,0,9,2,70,,342096,39,0,9,1,29,,342109,39,0,9,2,70,,342085,39,0,9,2,29,,342097,39,0,9,1,69,,342110,39,0,9,2,30,,342086,39,0,9,2,71,,342098,39,0,9,1,42,,342111,39,0,9,2,82,,342099,39,0,9,1,77,,342112,39,0,9,2,43,,342113,39,0,9,1
20704,'H60S100F-80-F1',706,,342125,39,0,9,2,33,,342136,39,0,9,1,72,,342137,39,0,9,1,31,,342126,39,0,9,2,71,,342116,39,0,9,1,30,,342138,39,0,9,1,70,,342127,39,0,9,2,30,,342117,39,0,9,1,71,,342139,39,0,9,1,30,,342128,39,0,9,2,70,,342118,39,0,9,1,30,,342140,39,0,9,1,71,,342129,39,0,9,2,30,,342119,39,0,9,1,69,,342141,39,0,9,1,30,,342130,39,0,9,2,70,,342120,39,0,9,1,30,,342142,39,0,9,1,70,,342131,39,0,9,2,30,,342121,39,0,9,1,70,,342143,39,0,9,1,29,,342132,39,0,9,2,71,,342122,39,0,9,1,31,,342144,39,0,9,1,70,,342133,39,0,9,2,30,,342123,39,0,9,1,71,,342145,39,0,9,1,31,,342134,39,0,9,2,71,,342124,39,0,9,1,33,,342146,39,0,9,1,73,,342114,39,0,9,1,92,,342147,39,0,9,2,94,,342115,39,0,9,1,46,,342135,39,0,9,1
20704,'H60S200F-80-F2',706,,342159,39,0,9,2,33,,342170,39,0,9,1,72,,342171,39,0,9,1,31,,342160,39,0,9,2,71,,342150,39,0,9,1,30,,342172,39,0,9,1,70,,342161,39,0,9,2,30,,342151,39,0,9,1,71,,342173,39,0,9,1,30,,342162,39,0,9,2,70,,342152,39,0,9,1,30,,342174,39,0,9,1,71,,342163,39,0,9,2,30,,342153,39,0,9,1,69,,342175,39,0,9,1,30,,342164,39,0,9,2,70,,342154,39,0,9,1,30,,342176,39,0,9,1,70,,342165,39,0,9,2,30,,342155,39,0,9,1,70,,342177,39,0,9,1,29,,342166,39,0,9,2,71,,342156,39,0,9,1,31,,342178,39,0,9,1,70,,342167,39,0,9,2,30,,342157,39,0,9,1,71,,342179,39,0,9,1,31,,342168,39,0,9,2,71,,342158,39,0,9,1,33,,342180,39,0,9,1,73,,342148,39,0,9,1,92,,342181,39,0,9,2,94,,342149,39,0,9,1,46,,342169,39,0,9,1
23001,'H60S000A-80-A',527,,345561,14,0,5,1,31,,345548,14,0,5,1,71,,345574,14,0,5,2,71,,345562,14,0,5,1,31,,345549,14,0,5,1,71,,345575,14,0,5,2,31,,345563,14,0,5,1,71,,345550,14,0,5,1,32,,345576,14,0,5,2,73,,345564,14,0,5,1,31,,345551,14,0,5,1,73,,345577,14,0,5,2,33,,345565,14,0,5,1,71,,345552,14,0,5,1,33,,345578,14,0,5,2,73,,345566,14,0,5,1,32,,345553,14,0,5,1,73,,345579,14,0,5,2,72,,345567,14,0,5,1,33,,345554,14,0,5,1,73,,345580,14,0,5,2,33,,345568,14,0,5,1,73,,345555,14,0,5,1,33,,345581,14,0,5,2,73,,345569,14,0,5,1,33,,345556,14,0,5,1,71,,345582,14,0,5,2,32,,345570,14,0,5,1,72,,345557,14,0,5,1,30,,345583,14,0,5,2,72,,345571,14,0,5,1,72,,345558,14,0,5,1,28,,345584,14,0,5,2,72,,345572,14,0,5,1,32,,345559,14,0,5,1,70,,345585,14,0,5,2,31,,345573,14,0,5,1,71,,345560,14,0,5,1,32,,345586,14,0,5,2
23001,'H60S000I-81-I',527,,345600,14,0,5,1,32,,345587,14,0,5,1,71,,345613,14,0,5,2,71,,345601,14,0,5,1,31,,345588,14,0,5,1,71,,345614,14,0,5,2,31,,345602,14,0,5,1,71,,345589,14,0,5,1,29,,345615,14,0,5,2,72,,345603,14,0,5,1,30,,345590,14,0,5,1,70,,345616,14,0,5,2,32,,345604,14,0,5,1,70,,345591,14,0,5,1,30,,345617,14,0,5,2,72,,345605,14,0,5,1,30,,345592,14,0,5,1,70,,345618,14,0,5,2,32,,345606,14,0,5,1,70,,345593,14,0,5,1,32,,345619,14,0,5,2,73,,345607,14,0,5,1,30,,345594,14,0,5,1,72,,345620,14,0,5,2,33,,345608,14,0,5,1,70,,345595,14,0,5,1,31,,345621,14,0,5,2,71,,345609,14,0,5,1,29,,345596,14,0,5,1,70,,345622,14,0,5,2,31,,345610,14,0,5,1,70,,345597,14,0,5,1,30,,345623,14,0,5,2,70,,345611,14,0,5,1,30,,345598,14,0,5,1,73,,345624,14,0,5,2,73,,345612,14,0,5,1,33,,345599,14,0,5,1,73,,345625,14,0,5,2
23001,'H60S000S-83-S',527,,345633,14,0,5,2,30,,345653,14,0,5,1,56,,345626,14,0,5,2,17,,345643,14,0,5,1,21,,345654,14,0,5,1,56,,345641,14,0,5,2,15,,345634,14,0,5,2,16,,345661,14,0,5,1,17,,345671,14,0,5,2,56,,345627,14,0,5,2,15,,345672,14,0,5,2,14,,345655,14,0,5,1,16,,345642,14,0,5,2,56,,345635,14,0,5,2,28,,345662,14,0,5,1,70,,345628,14,0,5,2,30,,345656,14,0,5,1,70,,345636,14,0,5,2,30,,345663,14,0,5,1,70,,345629,14,0,5,2,30,,345657,14,0,5,1,71,,345637,14,0,5,2,30,,345664,14,0,5,1,67,,345630,14,0,5,2,26,,345658,14,0,5,1,25,,345638,14,0,5,2,71,,345665,14,0,99 94,1,18,,345674,14,0,5,2,55,,345631,14,0,99 94,2,19,,345659,14,0,5,1,17,,345676,14,0,99 94,1,11,,345639,14,0,5,2,50,,345677,14,0,99 94,2,9,,345673,14,0,5,1,12,,345666,14,0,99 94,1,18,,345675,14,0,5,2,19,,345632,14,0,99 94,2,54,,345660,14,0,5,1,14,,345644,14,0,99 94,1,19,,345640,14,0,5,2,64,,345667,14,0,5,1,33,,345649,14,0,5,1,73,,345645,14,0,5,1,31,,345668,14,0,5,1,74,,345650,14,0,5,1,32,,345646,14,0,5,1,72,,345669,14,0,5,1,32,,345651,14,0,5,1,72,,345647,14,0,5,1,73,,345670,14,0,5,1,33,,345652,14,0,5,1,73,,345648,14,0,5,1
23001,'H60S100F-80-F1',527,,345689,14,0,5,1,32,,345678,14,0,5,1,71,,345702,14,0,5,2,71,,345690,14,0,5,1,31,,345679,14,0,5,1,71,,345703,14,0,5,2,31,,345691,14,0,5,1,71,,345680,14,0,5,1,29,,345704,14,0,5,2,72,,345692,14,0,5,1,30,,345681,14,0,5,1,70,,345705,14,0,5,2,32,,345693,14,0,5,1,70,,345682,14,0,5,1,30,,345706,14,0,5,2,72,,345694,14,0,5,1,30,,345683,14,0,5,1,70,,345707,14,0,5,2,32,,345695,14,0,5,1,70,,345684,14,0,5,1,32,,345708,14,0,5,2,73,,345696,14,0,5,1,30,,345685,14,0,5,1,72,,345709,14,0,5,2,33,,345697,14,0,5,1,70,,345686,14,0,5,1,31,,345710,14,0,5,2,71,,345698,14,0,5,1,29,,345687,14,0,5,1,70,,345711,14,0,5,2,31,,345699,14,0,5,1,70,,345688,14,0,5,1,30,,345712,14,0,5,2,70,,345700,14,0,5,1,30,,345715,14,0,5,1,73,,345713,14,0,5,2,73,,345701,14,0,5,1,33,,345716,14,0,5,1,73,,345714,14,0,5,2
23001,'H60S200F-80-F2',527,,345728,14,0,5,1,32,,345717,14,0,5,1,71,,345741,14,0,5,2,71,,345729,14,0,5,1,31,,345718,14,0,5,1,71,,345742,14,0,5,2,31,,345730,14,0,5,1,71,,345719,14,0,5,1,29,,345743,14,0,5,2,72,,345731,14,0,5,1,30,,345720,14,0,5,1,70,,345744,14,0,5,2,32,,345732,14,0,5,1,70,,345721,14,0,5,1,30,,345745,14,0,5,2,72,,345733,14,0,5,1,30,,345722,14,0,5,1,70,,345746,14,0,5,2,32,,345734,14,0,5,1,70,,345723,14,0,5,1,32,,345747,14,0,5,2,73,,345735,14,0,5,1,30,,345724,14,0,5,1,72,,345748,14,0,5,2,33,,345736,14,0,5,1,70,,345725,14,0,5,1,31,,345749,14,0,5,2,71,,345737,14,0,5,1,29,,345726,14,0,5,1,70,,345750,14,0,5,2,31,,345738,14,0,5,1,70,,345727,14,0,5,1,30,,345751,14,0,5,2,70,,345739,14,0,5,1,30,,345754,14,0,5,1,73,,345752,14,0,5,2,73,,345740,14,0,5,1,33,,345755,14,0,5,1,73,,345753,14,0,5,2
38202,'H60S000A-80-A',2634,,347374,81,0,10,1,85,,347376,81,0,10,1,85,,347373,81,0,10,1,45,,347375,81,0,10,1
38202,'H60S000I-81-I',2635,,347379,81,0,10,1,84,,347378,81,0,10,1,84,,347377,81,0,10,1,45,,347380,81,0,10,1
38202,'H60S000S-83-S',2635,,347381,81,0,10,2,85,,347384,81,0,10,1,84,,347382,81,0,10,1,45,,347383,81,0,10,1
38202,'H60S100F-80-F1',2635,,347387,81,0,10,1,84,,347385,81,0,10,1,84,,347386,81,0,10,2,45,,347388,81,0,10,1
38202,'H60S200F-80-F2',2635,,347391,81,0,10,1,84,,347389,81,0,10,1,84,,347390,81,0,10,2,45,,347392,81,0,10,1
47001,'H50S000A-82-A',625,,349987,22,0,5,2,29,,349979,22,0,5,1,69,,349995,22,0,5,2,29,,350003,22,0,5,1,69,,349988,22,0,5,2,31,,349980,22,0,5,1,69,,349996,22,0,5,2,30,,350004,22,0,5,1,70,,349989,22,0,5,2,31,,349981,22,0,5,1,70,,349997,22,0,5,2,31,,350005,22,0,5,1,70,,349990,22,0,5,2,30,,349982,22,0,5,1,71,,349998,22,0,5,2,31,,350006,22,0,5,1,71,,349991,22,0,5,2,31,,349983,22,0,5,1,71,,349999,22,0,5,2,31,,350007,22,0,5,1,71,,349992,22,0,5,2,71,,349984,22,0,5,1,31,,350000,22,0,5,2,69,,350008,22,0,5,1,30,,349993,22,0,5,2,69,,349985,22,0,5,1,29,,350001,22,0,5,2,29,,350009,22,0,5,1,69,,349994,22,0,5,2,30,,349986,22,0,5,1,71,,350002,22,0,5,2,72,,350010,22,0,5,1
47001,'H50S000I-82-I',627,,350011,22,0,5,2,29,,350035,22,0,5,1,70,,350019,22,0,5,2,30,,350027,22,0,5,1,70,,350012,22,0,5,2,30,,350036,22,0,5,1,70,,350020,22,0,5,2,30,,350028,22,0,5,1,70,,350013,22,0,5,2,30,,350037,22,0,5,1,69,,350021,22,0,5,2,29,,350029,22,0,5,1,69,,350014,22,0,5,2,30,,350038,22,0,5,1,70,,350022,22,0,5,2,30,,350030,22,0,5,1,70,,350015,22,0,5,2,30,,350039,22,0,5,1,70,,350023,22,0,5,2,31,,350031,22,0,5,1,71,,350016,22,0,5,2,31,,350040,22,0,5,1,71,,350024,22,0,5,2,29,,350032,22,0,5,1,70,,350017,22,0,5,2,30,,350041,22,0,5,1,70,,350025,22,0,5,2,30,,350033,22,0,5,1,69,,350018,22,0,5,2,30,,350042,22,0,5,1,72,,350026,22,0,5,2,73,,350034,22,0,5,1
47001,'H50S000S-82-S',455,,350046,22,0,5,1,70,,350049,22,0,5,2,31,,350082,22,0,5,2,65,,350058,22,0,5,2,21,,350047,22,0,5,1,11,,350074,22,0,5,1,62,,350050,22,0,5,2,23,,350066,22,0,5,1,11,,350083,22,0,5,2,63,,350084,22,0,5,1,12,,350059,22,0,5,2,24,,350048,22,0,5,1,11,,350075,22,0,5,1,75,,350051,22,0,5,2,12,,350067,22,0,5,1,61,,350044,22,0,5,1,23,,350060,22,0,5,2,26,,350076,22,0,5,1,67,,350052,22,0,5,2,28,,350068,22,0,5,1,68,,350061,22,0,5,2,30,,350077,22,0,5,1,70,,350053,22,0,5,2,30,,350069,22,0,5,1,69,,350062,22,0,5,2,32,,350078,22,0,5,1,63,,350085,22,0,5,1,18,,350054,22,0,5,2,16,,350070,22,0,5,1,56,,350043,22,0,5,1,16,,350063,22,0,5,2,18,,350045,22,0,5,1,18,,350079,22,0,5,1,61,,350086,22,0,5,1,18,,350055,22,0,5,2,67,,350071,22,0,5,1,31,,350064,22,0,5,2,70,,350080,22,0,5,1,30,,350056,22,0,5,2,68,,350072,22,0,5,1,29,,350065,22,0,5,2,29,,350081,22,0,5,1,69,,350057,22,0,5,2,31,,350073,22,0,5,1
47001,'H50S100F-80-F1',627,,350087,22,0,5,2,29,,350111,22,0,5,1,70,,350095,22,0,5,2,30,,350103,22,0,5,1,70,,350088,22,0,5,2,30,,350112,22,0,5,1,70,,350096,22,0,5,2,30,,350104,22,0,5,1,70,,350089,22,0,5,2,30,,350113,22,0,5,1,69,,350097,22,0,5,2,29,,350105,22,0,5,1,69,,350090,22,0,5,2,30,,350114,22,0,5,1,70,,350098,22,0,5,2,30,,350106,22,0,5,1,70,,350091,22,0,5,2,30,,350115,22,0,5,1,70,,350099,22,0,5,2,31,,350107,22,0,5,1,71,,350092,22,0,5,2,31,,350116,22,0,5,1,71,,350100,22,0,5,2,29,,350108,22,0,5,1,70,,350093,22,0,5,2,30,,350117,22,0,5,1,70,,350101,22,0,5,2,30,,350109,22,0,5,1,69,,350094,22,0,5,2,30,,350118,22,0,5,1,72,,350102,22,0,5,2,73,,350110,22,0,5,1
47001,'H50S200F-80-F2',627,,350119,22,0,5,2,29,,350143,22,0,5,1,70,,350127,22,0,5,2,30,,350135,22,0,5,1,70,,350120,22,0,5,2,30,,350144,22,0,5,1,70,,350128,22,0,5,2,30,,350136,22,0,5,1,70,,350121,22,0,5,2,30,,350145,22,0,5,1,69,,350129,22,0,5,2,29,,350137,22,0,5,1,69,,350122,22,0,5,2,30,,350146,22,0,5,1,70,,350130,22,0,5,2,30,,350138,22,0,5,1,70,,350123,22,0,5,2,30,,350147,22,0,5,1,70,,350131,22,0,5,2,31,,350139,22,0,5,1,71,,350124,22,0,5,2,31,,350148,22,0,5,1,71,,350132,22,0,5,2,29,,350140,22,0,5,1,70,,350125,22,0,5,2,30,,350149,22,0,5,1,70,,350133,22,0,5,2,30,,350141,22,0,5,1,69,,350126,22,0,5,2,30,,350150,22,0,5,1,72,,350134,22,0,5,2,73,,350142,22,0,5,1
47001,'H58S000S-83-S',728,,350151,22,0,5,2
47001,'H60S000S-83-S',704,,350156,22,0,5,2,96,,350155,22,0,5,2,36,,350154,22,0,5,2,75,,350152,22,0,5,1,12,,350153,22,0,5,1
