13904,'H58S000A-80-A',519,,325593,27,0,9,1,28,,325616,27,0,9,2,62,,325620,27,0,9,1,22,,325589,27,0,9,2,15,,325594,27,0,9,1,11,,325618,27,0,9,1,51,,325609,27,0,9,1,11,,325617,27,0,9,2,9,,325604,27,0,9,1,9,,325628,27,0,9,2,10,,325621,27,0,9,1,12,,325619,27,0,9,1,53,,325590,27,0,9,2,15,,325595,27,0,9,1,20,,325610,27,0,9,1,70,,325605,27,0,9,1,30,,325622,27,0,9,1,71,,325596,27,0,9,1,31,,325611,27,0,9,1,70,,325606,27,0,9,1,30,,325623,27,0,9,1,71,,325597,27,0,9,1,31,,325612,27,0,9,1,71,,325607,27,0,9,1,30,,325624,27,0,9,1,70,,325598,27,0,9,1,30,,325613,27,0,9,1,69,,325608,27,0,9,1,30,,325625,27,0,9,1,70,,325599,27,0,9,1,30,,325614,27,0,9,1,68,,325633,27,0,9,1,29,,325586,27,0,9,2,63,,325600,27,0,9,1,27,,325615,27,0,9,1,70,,325591,27,0,9,2,30,,325587,27,0,9,2,70,,325601,27,0,9,1,30,,325630,27,0,9,2,70,,325592,27,0,9,2,29,,325588,27,0,9,2,69,,325629,27,0,9,1,28,,325602,27,0,9,1,68,,325626,27,0,9,2,32,,325631,27,0,9,2,71,,325603,27,0,9,1,31,,325627,27,0,9,2,73,,325632,27,0,9,2
13904,'H58S000I-80-I',518,,325635,27,0,9,2,30,,325648,27,0,9,1,61,,325652,27,0,9,1,21,,325645,27,0,9,2,20,,325636,27,0,9,2,56,,325661,27,0,9,1,15,,325649,27,0,9,1,15,,325667,27,0,9,2,15,,325653,27,0,9,1,55,,325651,27,0,9,2,23,,325637,27,0,9,2,26,,325662,27,0,9,1,66,,325668,27,0,9,2,29,,325654,27,0,9,1,67,,325638,27,0,9,2,31,,325663,27,0,9,1,68,,325669,27,0,9,2,33,,325655,27,0,9,1,72,,325639,27,0,9,2,27,,325664,27,0,9,1,70,,325670,27,0,9,2,31,,325656,27,0,9,1,69,,325640,27,0,9,2,30,,325665,27,0,9,1,70,,325671,27,0,9,2,31,,325657,27,0,9,1,66,,325641,27,0,9,2,29,,325666,27,0,9,1,69,,325672,27,0,9,2,31,,325658,27,0,9,1,70,,325642,27,0,9,2,29,,325676,27,0,9,2,68,,325673,27,0,9,2,28,,325659,27,0,9,1,70,,325643,27,0,9,2,29,,325677,27,0,9,2,65,,325674,27,0,9,2,25,,325660,27,0,9,1,25,,325644,27,0,9,2,66,,325678,27,0,9,2,26,,325675,27,0,9,2,64,,325650,27,0,9,1,27,,325647,27,0,9,1,68,,325646,27,0,9,1,30,,325634,27,0,9,1,72,,325679,27,0,9,2
13904,'H58S000S-83-S',521,,325687,27,0,9,1,33,,325696,27,0,9,2,73,,325681,27,0,9,1,30,,325690,27,0,9,2,73,,325688,27,0,9,1,70,,325697,27,0,9,2,30,,325682,27,0,9,1,29,,325691,27,0,9,2,70,,325689,27,0,9,1,30,,325698,27,0,9,2,70,,325683,27,0,9,1,29,,325692,27,0,9,2,70,,325713,27,0,9,1,31,,325699,27,0,9,2,70,,325684,27,0,9,1,30,,325693,27,0,9,2,72,,325714,27,0,9,1,70,,325700,27,0,9,2,32,,325685,27,0,9,1,70,,325694,27,0,9,2,30,,325715,27,0,9,1,75,,325701,27,0,9,2,32,,325686,27,0,9,1,72,,325695,27,0,9,2,33,,325716,27,0,9,1,68,,325705,27,0,9,1,29,,325702,27,0,9,2,65,,325708,27,0,9,1,28,,325717,27,0,9,1,68,,325706,27,0,9,1,29,,325703,27,0,9,2,69,,325709,27,0,9,1,30,,325718,27,0,9,1,70,,325707,27,0,9,1,30,,325704,27,0,9,2,69,,325710,27,0,9,1,26,,325719,27,0,9,2,30,,325712,27,0,9,1,69,,325680,27,0,9,1,26,,325711,27,0,9,1,60,,325720,27,0,9,2
13904,'H58S100F-80-F1',518,,325721,27,0,9,1,30,,325741,27,0,9,1,61,,325744,27,0,9,2,21,,325754,27,0,9,2,20,,325722,27,0,9,1,56,,325757,27,0,9,2,15,,325742,27,0,9,1,15,,325732,27,0,9,1,15,,325745,27,0,9,2,55,,325743,27,0,9,2,23,,325723,27,0,9,1,26,,325758,27,0,9,2,66,,325733,27,0,9,1,29,,325746,27,0,9,2,67,,325724,27,0,9,1,31,,325759,27,0,9,2,68,,325734,27,0,9,1,33,,325747,27,0,9,2,72,,325725,27,0,9,1,27,,325760,27,0,9,2,70,,325735,27,0,9,1,31,,325748,27,0,9,2,69,,325726,27,0,9,1,30,,325761,27,0,9,2,70,,325736,27,0,9,1,31,,325749,27,0,9,2,66,,325727,27,0,9,1,29,,325762,27,0,9,2,69,,325737,27,0,9,1,31,,325750,27,0,9,2,70,,325728,27,0,9,1,29,,325763,27,0,9,2,68,,325738,27,0,9,1,28,,325751,27,0,9,2,70,,325729,27,0,9,1,29,,325764,27,0,9,2,65,,325739,27,0,9,1,25,,325752,27,0,9,2,25,,325730,27,0,9,1,66,,325755,27,0,9,1,26,,325765,27,0,9,2,64,,325753,27,0,9,2,27,,325766,27,0,9,2,68,,325740,27,0,9,1,30,,325731,27,0,9,2,72,,325756,27,0,9,1
13904,'H58S200F-80-F2',518,,325770,27,0,9,1,30,,325808,27,0,9,1,61,,325780,27,0,9,2,21,,325768,27,0,9,2,20,,325771,27,0,9,1,56,,325799,27,0,9,2,15,,325809,27,0,9,1,15,,325790,27,0,9,1,15,,325781,27,0,9,2,55,,325769,27,0,9,2,23,,325772,27,0,9,1,26,,325800,27,0,9,2,66,,325791,27,0,9,1,29,,325782,27,0,9,2,67,,325773,27,0,9,1,31,,325801,27,0,9,2,68,,325792,27,0,9,1,33,,325783,27,0,9,2,72,,325774,27,0,9,1,27,,325802,27,0,9,2,70,,325793,27,0,9,1,31,,325784,27,0,9,2,69,,325775,27,0,9,1,30,,325803,27,0,9,2,70,,325794,27,0,9,1,31,,325785,27,0,9,2,66,,325776,27,0,9,1,29,,325804,27,0,9,2,69,,325795,27,0,9,1,31,,325786,27,0,9,2,70,,325777,27,0,9,1,29,,325805,27,0,9,2,68,,325796,27,0,9,1,28,,325787,27,0,9,2,70,,325778,27,0,9,1,29,,325806,27,0,9,2,65,,325797,27,0,9,1,25,,325788,27,0,9,2,25,,325779,27,0,9,1,66,,325810,27,0,9,1,26,,325807,27,0,9,2,64,,325789,27,0,9,2,27,,325812,27,0,9,2,68,,325798,27,0,9,1,30,,325767,27,0,9,2,72,,325811,27,0,9,1
35504,'H54S000A-80-A',2538,,346166,28,0,9,2,86,,346165,28,0,9,1,85,,346168,28,0,9,1,44,,346170,28,0,9,1,85,,346167,28,0,9,2,65,,346169,28,0,9,1
35504,'H54S000I-80-I',2535,,346173,28,0,9,1,85,,346172,28,0,9,2,85,,346171,28,0,9,1,46,,346176,28,0,9,2,87,,346174,28,0,9,1,71,,346175,28,0,9,2
35504,'H54S000S-80-S',2537,,346177,28,0,9,1,85,,346181,28,0,9,2,85,,346180,28,0,9,1,45,,346179,28,0,9,2,85,,346178,28,0,9,1,73,,346182,28,0,9,2
35504,'H54S100F-80-F1',2535,,346185,28,0,9,1,85,,346184,28,0,9,2,85,,346183,28,0,9,1,46,,346188,28,0,9,2,87,,346186,28,0,9,1,71,,346187,28,0,9,2
35504,'H54S200F-80-F2',2535,,346191,28,0,9,1,85,,346190,28,0,9,2,85,,346189,28,0,9,1,46,,346194,28,0,9,2,87,,346192,28,0,9,1,71,,346193,28,0,9,2
