9002,'H56S000A-80-A',639,,311636,49,0,10,1,70,,311692,49,0,10,1,30,,311643,49,0,10,1,74,,311693,49,0,10,1,31,,311637,49,0,10,1,69,,311642,49,0,10,1,35,,311666,49,0,10,1,73,,311657,49,0,10,1,29,,311648,49,0,10,1,72,,311672,49,0,10,1,26,,311667,49,0,10,1,66,,311658,49,0,10,1,24,,311694,49,0,10,1,62,,311649,49,0,10,1,21,,311673,49,0,10,1,22,,311653,49,0,10,1,61,,311679,49,0,10,1,20,,311659,49,0,10,1,18,,311695,49,0,10,1,16,,311650,49,0,10,1,53,,311668,49,0,10,1,14,,311674,49,0,10,1,14,,311654,49,0,10,1,14,,311688,49,0,10,1,54,,311677,49,0,10,2,14,,311680,49,0,10,1,12,,311660,49,0,10,1,11,,311696,49,0,10,1,12,,311651,49,0,10,1,53,,311669,49,0,10,1,12,,311675,49,0,10,1,13,,311655,49,0,10,1,12,,311691,49,0,10,2,10,,311689,49,0,10,1,51,,311678,49,0,10,2,12,,311681,49,0,10,1,12,,311641,49,0,10,2,10,,311661,49,0,10,1,12,,311652,49,0,10,1,51,,311656,49,0,10,1,12,,311670,49,0,10,1,12,,311676,49,0,10,1,12,,311644,49,0,10,1,15,,311690,49,0,10,1,59,,311682,49,0,10,1,21,,311662,49,0,10,1,20,,311686,49,0,10,2,60,,311671,49,0,10,1,18,,311645,49,0,10,1,20,,311684,49,0,10,1,60,,311683,49,0,10,1,20,,311663,49,0,10,1,20,,311687,49,0,10,2,59,,311638,49,0,10,1,20,,311646,49,0,10,1,20,,311685,49,0,10,1,65,,311664,49,0,10,1,32,,311639,49,0,10,1,72,,311647,49,0,10,1,28,,311665,49,0,10,1,73,,311640,49,0,10,1
9002,'H56S000I-80-I',645,,311702,49,0,10,1,68,,311728,49,0,10,1,29,,311706,49,0,10,1,69,,311734,49,0,10,1,36,,311703,49,0,10,1,73,,311707,49,0,10,1,29,,311715,49,0,10,1,73,,311735,49,0,10,1,33,,311736,49,0,10,1,70,,311708,49,0,10,1,31,,311711,49,0,10,2,71,,311723,49,0,10,1,32,,311716,49,0,10,1,69,,311709,49,0,10,1,31,,311712,49,0,10,2,64,,311724,49,0,10,1,25,,311729,49,0,10,2,64,,311717,49,0,10,1,20,,311710,49,0,10,1,20,,311725,49,0,10,1,60,,311713,49,0,10,2,18,,311722,49,0,10,1,21,,311730,49,0,10,2,61,,311718,49,0,10,1,17,,311704,49,0,10,1,18,,311714,49,0,10,2,59,,311726,49,0,10,1,18,,311699,49,0,10,1,19,,311731,49,0,10,2,61,,311719,49,0,10,1,23,,311705,49,0,10,1,28,,311727,49,0,10,1,69,,311700,49,0,10,1,29,,311720,49,0,10,1,66,,311738,49,0,10,1,29,,311737,49,0,10,2,70,,311701,49,0,10,1,30,,311721,49,0,10,1,71,,311732,49,0,10,1,29,,311739,49,0,10,1,72,,311697,49,0,10,1,31,,311733,49,0,10,1,71,,311740,49,0,10,1,31,,311698,49,0,10,1
9002,'H56S000S-82-S',627,,311813,49,0,10,1,24,,311811,49,0,10,1,63,,311756,49,0,10,1,21,,311766,49,0,10,1,18,,311771,49,0,10,1,63,,311772,49,0,10,1,20,,311773,49,0,10,2,20,,311774,49,0,10,1,56,,311743,49,0,10,1,22,,311757,49,0,10,1,67,,311781,49,0,10,1,30,,311814,49,0,10,1,70,,311775,49,0,10,1,30,,311758,49,0,10,1,28,,311782,49,0,10,1,66,,311767,49,0,10,1,27,,311752,49,0,10,1,62,,311776,49,0,10,1,21,,311778,49,0,10,1,18,,311759,49,0,10,1,58,,311783,49,0,10,1,19,,311768,49,0,10,1,16,,311741,49,0,10,1,55,,311784,49,0,10,1,12,,311753,49,0,10,1,10,,311777,49,0,10,1,11,,311786,49,0,10,1,12,,311779,49,0,10,1,13,,311812,49,0,10,2,52,,311760,49,0,10,1,9,,311795,49,0,10,2,10,,311809,49,0,10,1,9,,311769,49,0,10,1,7,,311810,49,0,10,2,7,,311804,49,0,10,1,48,,311792,49,0,10,2,8,,311742,49,0,10,1,7,,311785,49,0,10,1,6,,311796,49,0,10,2,6,,311754,49,0,10,1,5,,311805,49,0,10,1,6,,311801,49,0,10,2,6,,311787,49,0,10,1,6,,311800,49,0,10,2,6,,311802,49,0,10,1,47,,311780,49,0,10,1,7,,311806,49,0,10,2,7,,311815,49,0,10,1,6,,311761,49,0,10,1,7,,311794,49,0,10,2,5,,311808,49,0,10,1,8,,311770,49,0,10,1,6,,311788,49,0,10,1,50,,311750,49,0,10,1,11,,311793,49,0,10,2,12,,311797,49,0,10,1,12,,311755,49,0,10,1,11,,311745,49,0,10,1,11,,311803,49,0,10,1,50,,311744,49,0,10,1,13,,311762,49,0,10,1,15,,311807,49,0,10,2,18,,311789,49,0,10,1,59,,311798,49,0,10,1,19,,311749,49,0,10,2,20,,311746,49,0,10,1,60,,311763,49,0,10,1,18,,311751,49,0,10,2,20,,311790,49,0,10,1,68,,311799,49,0,10,1,29,,311747,49,0,10,1,73,,311764,49,0,10,1,31,,311791,49,0,10,1,68,,311748,49,0,10,1,33,,311765,49,0,10,1
9002,'H56S100F-80-F1',645,,311821,49,0,10,1,68,,311847,49,0,10,1,29,,311825,49,0,10,1,69,,311853,49,0,10,1,36,,311822,49,0,10,1,73,,311826,49,0,10,1,29,,311834,49,0,10,1,73,,311854,49,0,10,1,33,,311855,49,0,10,1,70,,311827,49,0,10,1,31,,311830,49,0,10,2,71,,311842,49,0,10,1,32,,311835,49,0,10,1,69,,311828,49,0,10,1,31,,311831,49,0,10,2,64,,311843,49,0,10,1,25,,311848,49,0,10,2,64,,311836,49,0,10,1,20,,311829,49,0,10,1,20,,311844,49,0,10,1,60,,311832,49,0,10,2,18,,311841,49,0,10,1,21,,311849,49,0,10,2,61,,311837,49,0,10,1,17,,311823,49,0,10,1,18,,311833,49,0,10,2,59,,311845,49,0,10,1,18,,311818,49,0,10,1,19,,311850,49,0,10,2,61,,311838,49,0,10,1,23,,311824,49,0,10,1,28,,311846,49,0,10,1,69,,311819,49,0,10,1,29,,311839,49,0,10,1,66,,311857,49,0,10,1,29,,311856,49,0,10,2,70,,311820,49,0,10,1,30,,311840,49,0,10,1,71,,311851,49,0,10,1,29,,311858,49,0,10,1,72,,311816,49,0,10,1,31,,311852,49,0,10,1,71,,311859,49,0,10,1,31,,311817,49,0,10,1
9002,'H56S200F-80-F2',645,,311865,49,0,10,1,68,,311891,49,0,10,1,29,,311869,49,0,10,1,69,,311897,49,0,10,1,36,,311866,49,0,10,1,73,,311870,49,0,10,1,29,,311878,49,0,10,1,73,,311898,49,0,10,1,33,,311899,49,0,10,1,70,,311871,49,0,10,1,31,,311874,49,0,10,2,71,,311886,49,0,10,1,32,,311879,49,0,10,1,69,,311872,49,0,10,1,31,,311875,49,0,10,2,64,,311887,49,0,10,1,25,,311892,49,0,10,2,64,,311880,49,0,10,1,20,,311873,49,0,10,1,20,,311888,49,0,10,1,60,,311876,49,0,10,2,18,,311885,49,0,10,1,21,,311893,49,0,10,2,61,,311881,49,0,10,1,17,,311867,49,0,10,1,18,,311877,49,0,10,2,59,,311889,49,0,10,1,18,,311862,49,0,10,1,19,,311894,49,0,10,2,61,,311882,49,0,10,1,23,,311868,49,0,10,1,28,,311890,49,0,10,1,69,,311863,49,0,10,1,29,,311883,49,0,10,1,66,,311901,49,0,10,1,29,,311900,49,0,10,2,70,,311864,49,0,10,1,30,,311884,49,0,10,1,71,,311895,49,0,10,1,29,,311902,49,0,10,1,72,,311860,49,0,10,1,31,,311896,49,0,10,1,71,,311903,49,0,10,1,31,,311861,49,0,10,1
11002,'H56S000A-80-A',626,,318996,57,0,10,1,31,,319001,57,0,10,1,71,,319005,57,0,10,1,29,,319032,57,0,10,1,70,,318997,57,0,10,1,32,,319002,57,0,10,1,75,,319006,57,0,10,1,72,,319033,57,0,10,1,31,,318998,57,0,10,1,71,,319003,57,0,10,1,31,,318995,57,0,10,1,71,,319004,57,0,10,1,33,,319011,57,0,10,1,72,,319018,57,0,10,1,35,,319026,57,0,10,1,73,,319023,57,0,10,1,33,,319007,57,0,10,1,69,,319012,57,0,10,1,29,,319019,57,0,10,1,70,,319027,57,0,10,1,29,,319024,57,0,10,1,68,,319008,57,0,10,1,25,,319013,57,0,10,1,69,,319020,57,0,10,1,27,,319028,57,0,10,1,66,,319025,57,0,10,1,30,,319009,57,0,10,1,73,,319014,57,0,10,1,30,,319021,57,0,10,1,73,,319029,57,0,10,1,30,,319010,57,0,10,1,68,,319015,57,0,10,1,31,,319022,57,0,10,1,68,,318994,57,0,10,1,27,,319034,57,0,10,1,66,,319016,57,0,10,1,27,,319030,57,0,10,1,28,,318999,57,0,10,1,69,,319035,57,0,10,1,27,,319017,57,0,10,1,66,,319031,57,0,10,1,28,,319000,57,0,10,1
11002,'H56S000I-80-I',656,,319040,57,0,10,1,69,,319071,57,0,10,1,32,,319073,57,0,10,1,70,,319047,57,0,10,1,30,,319041,57,0,10,1,74,,319072,57,0,10,1,75,,319074,57,0,10,1,31,,319048,57,0,10,1,71,,319042,57,0,10,1,31,,319046,57,0,10,1,70,,319075,57,0,10,1,31,,319045,57,0,10,1,72,,319068,57,0,10,1,35,,319065,57,0,10,1,73,,319049,57,0,10,1,32,,319055,57,0,10,1,72,,319063,57,0,10,1,29,,319069,57,0,10,1,68,,319066,57,0,10,1,29,,319050,57,0,10,1,69,,319056,57,0,10,1,28,,319064,57,0,10,1,68,,319070,57,0,10,1,28,,319067,57,0,10,1,69,,319051,57,0,10,1,28,,319057,57,0,10,1,71,,319043,57,0,10,1,30,,319036,57,0,10,1,72,,319052,57,0,10,1,30,,319058,57,0,10,1,69,,319044,57,0,10,1,29,,319037,57,0,10,1,69,,319053,57,0,10,1,28,,319059,57,0,10,1,67,,319061,57,0,10,1,27,,319038,57,0,10,1,68,,319054,57,0,10,1,28,,319060,57,0,10,1,27,,319062,57,0,10,1,66,,319039,57,0,10,1
11002,'H56S000S-82-S',610,,319076,57,0,10,1,32,,319085,57,0,10,1,80,,319112,57,0,10,1,20,,319094,57,0,10,1,70,,319102,57,0,10,1,29,,319077,57,0,10,1,69,,319086,57,0,10,1,31,,319106,57,0,10,1,70,,319095,57,0,10,1,30,,319103,57,0,10,1,74,,319078,57,0,10,1,31,,319087,57,0,10,1,71,,319107,57,0,10,1,33,,319096,57,0,10,1,69,,319104,57,0,10,1,29,,319079,57,0,10,1,69,,319088,57,0,10,1,30,,319100,57,0,10,1,76,,319097,57,0,10,1,30,,319105,57,0,10,1,72,,319080,57,0,10,1,31,,319089,57,0,10,1,66,,319101,57,0,10,1,24,,319110,57,0,10,1,65,,319098,57,0,10,1,13,,319111,57,0,10,1,14,,319108,57,0,10,1,68,,319081,57,0,10,1,29,,319090,57,0,10,1,69,,319113,57,0,10,1,27,,319099,57,0,10,1,27,,319109,57,0,10,1,67,,319082,57,0,10,1,25,,319091,57,0,10,1,68,,319114,57,0,10,1,31,,319117,57,0,10,1,72,,319083,57,0,10,1,32,,319092,57,0,10,1,71,,319115,57,0,10,1,30,,319118,57,0,10,1,67,,319084,57,0,10,1,27,,319093,57,0,10,1,65,,319116,57,0,10,1
11002,'H56S100F-80-F1',656,,319123,57,0,10,1,69,,319154,57,0,10,1,32,,319156,57,0,10,1,70,,319130,57,0,10,1,30,,319124,57,0,10,1,74,,319155,57,0,10,1,75,,319157,57,0,10,1,31,,319131,57,0,10,1,71,,319125,57,0,10,1,31,,319129,57,0,10,1,70,,319158,57,0,10,1,31,,319128,57,0,10,1,72,,319151,57,0,10,1,35,,319148,57,0,10,1,73,,319132,57,0,10,1,32,,319138,57,0,10,1,72,,319146,57,0,10,1,29,,319152,57,0,10,1,68,,319149,57,0,10,1,29,,319133,57,0,10,1,69,,319139,57,0,10,1,28,,319147,57,0,10,1,68,,319153,57,0,10,1,28,,319150,57,0,10,1,69,,319134,57,0,10,1,28,,319140,57,0,10,1,71,,319126,57,0,10,1,30,,319119,57,0,10,1,72,,319135,57,0,10,1,30,,319141,57,0,10,1,69,,319127,57,0,10,1,29,,319120,57,0,10,1,69,,319136,57,0,10,1,28,,319142,57,0,10,1,67,,319144,57,0,10,1,27,,319121,57,0,10,1,68,,319137,57,0,10,1,28,,319143,57,0,10,1,27,,319145,57,0,10,1,66,,319122,57,0,10,1
11002,'H56S200F-80-F2',656,,319163,57,0,10,1,69,,319194,57,0,10,1,32,,319196,57,0,10,1,70,,319170,57,0,10,1,30,,319164,57,0,10,1,74,,319195,57,0,10,1,75,,319197,57,0,10,1,31,,319171,57,0,10,1,71,,319165,57,0,10,1,31,,319169,57,0,10,1,70,,319198,57,0,10,1,31,,319168,57,0,10,1,72,,319191,57,0,10,1,35,,319188,57,0,10,1,73,,319172,57,0,10,1,32,,319178,57,0,10,1,72,,319186,57,0,10,1,29,,319192,57,0,10,1,68,,319189,57,0,10,1,29,,319173,57,0,10,1,69,,319179,57,0,10,1,28,,319187,57,0,10,1,68,,319193,57,0,10,1,28,,319190,57,0,10,1,69,,319174,57,0,10,1,28,,319180,57,0,10,1,71,,319166,57,0,10,1,30,,319159,57,0,10,1,72,,319175,57,0,10,1,30,,319181,57,0,10,1,69,,319167,57,0,10,1,29,,319160,57,0,10,1,69,,319176,57,0,10,1,28,,319182,57,0,10,1,67,,319184,57,0,10,1,27,,319161,57,0,10,1,68,,319177,57,0,10,1,28,,319183,57,0,10,1,27,,319185,57,0,10,1,66,,319162,57,0,10,1
