4403,'H54S000A-80-A',534,,298137,13,0,8,1,71,,298097,13,0,8,2,31,,298143,13,0,8,1,72,,298138,13,0,8,1,33,,298098,13,0,8,2,71,,298144,13,0,8,1,15,,298139,13,0,8,1,15,,298119,13,0,8,1,67,,298099,13,0,8,2,21,,298145,13,0,8,1,20,,298140,13,0,8,1,63,,298120,13,0,8,1,20,,298100,13,0,8,2,20,,298146,13,0,8,1,61,,298141,13,0,8,1,21,,298131,13,0,8,2,21,,298101,13,0,8,2,61,,298110,13,0,8,2,20,,298142,13,0,8,1,18,,298121,13,0,8,1,58,,298132,13,0,8,2,17,,298102,13,0,8,2,16,,298111,13,0,8,2,56,,298094,13,0,8,1,16,,298122,13,0,8,1,14,,298149,13,0,8,1,14,,298133,13,0,8,2,55,,298103,13,0,8,2,15,,298112,13,0,8,2,14,,298095,13,0,8,1,14,,298123,13,0,8,1,14,,298150,13,0,8,1,50,,298134,13,0,8,2,10,,298147,13,0,8,1,11,,298104,13,0,8,2,11,,298113,13,0,8,2,12,,298092,13,0,8,1,51,,298096,13,0,8,1,13,,298124,13,0,8,1,13,,298135,13,0,8,2,11,,298148,13,0,8,1,11,,298105,13,0,8,2,53,,298114,13,0,8,2,15,,298093,13,0,8,1,16,,298125,13,0,8,1,16,,298136,13,0,8,2,56,,298106,13,0,8,2,24,,298115,13,0,8,2,27,,298126,13,0,8,1,67,,298107,13,0,8,2,27,,298116,13,0,8,2,67,,298127,13,0,8,1,27,,298108,13,0,8,2,68,,298117,13,0,8,2,28,,298128,13,0,8,1,66,,298089,13,0,8,1,32,,298109,13,0,8,2,71,,298118,13,0,8,2,31,,298129,13,0,8,1,70,,298090,13,0,8,1,31,,298130,13,0,8,1,69,,298091,13,0,8,1
4403,'H54S000I-80-I',532,,298165,13,0,8,2,73,,298201,13,0,8,1,34,,298166,13,0,8,2,72,,298174,13,0,8,1,32,,298154,13,0,8,1,72,,298167,13,0,8,2,30,,298175,13,0,8,1,69,,298155,13,0,8,1,25,,298168,13,0,8,2,62,,298176,13,0,8,1,21,,298164,13,0,8,1,21,,298156,13,0,8,1,65,,298169,13,0,8,2,26,,298177,13,0,8,1,66,,298157,13,0,8,1,20,,298160,13,0,8,1,19,,298170,13,0,8,2,20,,298178,13,0,8,1,60,,298158,13,0,8,1,19,,298184,13,0,8,1,20,,298161,13,0,8,1,60,,298179,13,0,8,1,15,,298192,13,0,8,2,15,,298159,13,0,8,1,55,,298185,13,0,8,1,15,,298171,13,0,8,2,15,,298162,13,0,8,1,14,,298180,13,0,8,1,54,,298151,13,0,8,2,15,,298193,13,0,8,2,15,,298186,13,0,8,1,13,,298172,13,0,8,2,13,,298181,13,0,8,1,52,,298163,13,0,8,1,13,,298152,13,0,8,2,15,,298194,13,0,8,2,15,,298187,13,0,8,1,55,,298173,13,0,8,2,15,,298182,13,0,8,1,16,,298153,13,0,8,2,15,,298202,13,0,8,1,61,,298188,13,0,8,1,21,,298183,13,0,8,1,21,,298195,13,0,8,2,73,,298189,13,0,8,1,73,,298196,13,0,8,2,33,,298190,13,0,8,1,73,,298197,13,0,8,2,33,,298191,13,0,8,1,69,,298203,13,0,8,1,31,,298198,13,0,8,2,73,,298204,13,0,8,1,32,,298199,13,0,8,2,71,,298205,13,0,8,1,32,,298200,13,0,8,2
4403,'H54S000S-80-S',535,,298219,13,0,8,2,15,,298221,13,0,8,2,56,,298243,13,0,8,2,17,,298279,13,0,8,1,20,,298222,13,0,8,1,60,,298220,13,0,8,2,21,,298244,13,0,8,1,79,,298231,13,0,8,2,19,,298223,13,0,8,1,18,,298230,13,0,8,2,19,,298211,13,0,8,1,58,,298232,13,0,8,1,19,,298248,13,0,8,2,22,,298224,13,0,8,1,62,,298212,13,0,8,1,21,,298233,13,0,8,1,61,,298249,13,0,8,2,21,,298225,13,0,8,1,15,,298239,13,0,8,2,14,,298213,13,0,8,1,54,,298234,13,0,8,1,20,,298250,13,0,8,2,20,,298226,13,0,8,1,57,,298276,13,0,8,1,16,,298240,13,0,8,2,17,,298235,13,0,8,1,15,,298210,13,0,8,1,54,,298251,13,0,8,2,12,,298227,13,0,8,1,11,,298245,13,0,8,2,12,,298277,13,0,8,1,12,,298241,13,0,8,2,51,,298206,13,0,8,1,10,,298236,13,0,8,1,13,,298228,13,0,8,1,10,,298252,13,0,8,2,9,,298214,13,0,8,1,10,,298217,13,0,8,1,49,,298246,13,0,8,2,6,,298278,13,0,8,1,6,,298272,13,0,8,2,9,,298242,13,0,8,2,10,,298275,13,0,8,2,8,,298237,13,0,8,1,8,,298257,13,0,8,2,8,,298229,13,0,8,1,48,,298253,13,0,8,1,10,,298215,13,0,8,1,10,,298218,13,0,8,1,8,,298260,13,0,8,1,8,,298247,13,0,8,2,9,,298207,13,0,8,2,50,,298258,13,0,8,2,11,,298238,13,0,8,1,12,,298216,13,0,8,1,12,,298208,13,0,8,2,12,,298254,13,0,8,1,56,,298261,13,0,8,1,15,,298259,13,0,8,2,17,,298264,13,0,8,2,65,,298255,13,0,8,1,25,,298262,13,0,8,1,25,,298265,13,0,8,2,64,,298256,13,0,8,1,23,,298269,13,0,8,1,64,,298263,13,0,8,1,25,,298266,13,0,8,2,25,,298270,13,0,8,1,70,,298273,13,0,8,2,28,,298267,13,0,8,2,68,,298271,13,0,8,1,30,,298274,13,0,8,2,70,,298268,13,0,8,2,31,,298209,13,0,8,1
4403,'H54S100F-80-F1',532,,298294,13,0,8,2,73,,298330,13,0,8,1,34,,298295,13,0,8,2,72,,298303,13,0,8,1,32,,298283,13,0,8,1,72,,298296,13,0,8,2,30,,298304,13,0,8,1,69,,298284,13,0,8,1,25,,298297,13,0,8,2,62,,298305,13,0,8,1,21,,298293,13,0,8,1,21,,298285,13,0,8,1,65,,298298,13,0,8,2,26,,298306,13,0,8,1,66,,298286,13,0,8,1,20,,298289,13,0,8,1,19,,298299,13,0,8,2,20,,298307,13,0,8,1,60,,298287,13,0,8,1,19,,298313,13,0,8,1,20,,298290,13,0,8,1,60,,298308,13,0,8,1,15,,298321,13,0,8,2,15,,298288,13,0,8,1,55,,298314,13,0,8,1,15,,298300,13,0,8,2,15,,298291,13,0,8,1,14,,298309,13,0,8,1,54,,298280,13,0,8,2,15,,298322,13,0,8,2,15,,298315,13,0,8,1,13,,298301,13,0,8,2,13,,298310,13,0,8,1,52,,298292,13,0,8,1,13,,298281,13,0,8,2,15,,298323,13,0,8,2,15,,298316,13,0,8,1,55,,298302,13,0,8,2,15,,298311,13,0,8,1,16,,298282,13,0,8,2,15,,298331,13,0,8,1,61,,298317,13,0,8,1,21,,298312,13,0,8,1,21,,298324,13,0,8,2,73,,298318,13,0,8,1,73,,298325,13,0,8,2,33,,298319,13,0,8,1,73,,298326,13,0,8,2,33,,298320,13,0,8,1,69,,298332,13,0,8,1,31,,298327,13,0,8,2,73,,298333,13,0,8,1,32,,298328,13,0,8,2,71,,298334,13,0,8,1,32,,298329,13,0,8,2
4403,'H54S200F-80-F2',532,,298349,13,0,8,2,73,,298385,13,0,8,1,34,,298350,13,0,8,2,72,,298358,13,0,8,1,32,,298338,13,0,8,1,72,,298351,13,0,8,2,30,,298359,13,0,8,1,69,,298339,13,0,8,1,25,,298352,13,0,8,2,62,,298360,13,0,8,1,21,,298348,13,0,8,1,21,,298340,13,0,8,1,65,,298353,13,0,8,2,26,,298361,13,0,8,1,66,,298341,13,0,8,1,20,,298344,13,0,8,1,19,,298354,13,0,8,2,20,,298362,13,0,8,1,60,,298342,13,0,8,1,19,,298368,13,0,8,1,20,,298345,13,0,8,1,60,,298363,13,0,8,1,15,,298376,13,0,8,2,15,,298343,13,0,8,1,55,,298369,13,0,8,1,15,,298355,13,0,8,2,15,,298346,13,0,8,1,14,,298364,13,0,8,1,54,,298335,13,0,8,2,15,,298377,13,0,8,2,15,,298370,13,0,8,1,13,,298356,13,0,8,2,13,,298365,13,0,8,1,52,,298347,13,0,8,1,13,,298336,13,0,8,2,15,,298378,13,0,8,2,15,,298371,13,0,8,1,55,,298357,13,0,8,2,15,,298366,13,0,8,1,16,,298337,13,0,8,2,15,,298386,13,0,8,1,61,,298372,13,0,8,1,21,,298367,13,0,8,1,21,,298379,13,0,8,2,73,,298373,13,0,8,1,73,,298380,13,0,8,2,33,,298374,13,0,8,1,73,,298381,13,0,8,2,33,,298375,13,0,8,1,69,,298387,13,0,8,1,31,,298382,13,0,8,2,73,,298388,13,0,8,1,32,,298383,13,0,8,2,71,,298389,13,0,8,1,32,,298384,13,0,8,2
4403,'H58S000S-83-S',743,,298390,13,0,8,2
37201,'H54S000A-80-A',2559,,347150,74,0,5,2,88,,347154,74,0,5,1,86,,347152,74,0,5,1,90,,347155,74,0,5,1,84,,347151,74,0,5,1
37201,'H54S000I-80-I',2602,,347158,74,0,5,1,49,,347156,74,0,5,1,85,,347157,74,0,5,1,85,,347161,74,0,5,1,86,,347160,74,0,5,2
37201,'H54S000S-80-S',2603,,347164,74,0,5,1,34,,347167,74,0,5,2,77,,347165,74,0,5,1,40,,347166,74,0,5,2,80,,347162,74,0,5,1,81,,347163,74,0,5,1
37201,'H54S100F-80-F1',2602,,347171,74,0,5,1,49,,347169,74,0,5,1,85,,347170,74,0,5,1,85,,347174,74,0,5,1,86,,347173,74,0,5,2
37201,'H54S200F-80-F2',2602,,347177,74,0,5,1,49,,347175,74,0,5,1,85,,347176,74,0,5,1,85,,347180,74,0,5,1,86,,347179,74,0,5,2
