12102,'H58S000A-80-A',507,,321336,26,0,10,1,29,,321342,26,0,10,1,69,,321340,26,0,10,1,26,,321337,26,0,10,1,25,,321348,26,0,10,1,65,,321343,26,0,10,1,24,,321341,26,0,10,1,65,,321338,26,0,10,1,23,,321354,26,0,10,1,18,,321349,26,0,10,1,58,,321379,26,0,10,1,16,,321344,26,0,10,1,15,,321363,26,0,10,1,16,,321355,26,0,10,1,55,,321371,26,0,10,1,16,,321339,26,0,10,1,16,,321350,26,0,10,1,15,,321360,26,0,10,1,54,,321380,26,0,10,1,14,,321356,26,0,10,1,14,,321345,26,0,10,1,16,,321364,26,0,10,1,55,,321372,26,0,10,1,15,,321387,26,0,10,1,14,,321351,26,0,10,1,14,,321361,26,0,10,1,53,,321397,26,0,10,1,12,,321381,26,0,10,1,12,,321357,26,0,10,1,11,,321346,26,0,10,1,12,,321394,26,0,10,1,52,,321365,26,0,10,1,13,,321373,26,0,10,1,12,,321388,26,0,10,1,12,,321352,26,0,10,1,11,,321401,26,0,10,1,52,,321362,26,0,10,1,10,,321398,26,0,10,1,11,,321382,26,0,10,1,11,,321358,26,0,10,1,13,,321347,26,0,10,1,53,,321395,26,0,10,1,14,,321366,26,0,10,1,14,,321374,26,0,10,1,15,,321389,26,0,10,1,55,,321353,26,0,10,1,13,,321402,26,0,10,1,13,,321399,26,0,10,1,13,,321383,26,0,10,1,14,,321359,26,0,10,1,55,,321396,26,0,10,1,16,,321367,26,0,10,1,17,,321375,26,0,10,1,57,,321390,26,0,10,1,23,,321400,26,0,10,1,26,,321384,26,0,10,1,70,,321368,26,0,10,1,30,,321376,26,0,10,1,69,,321391,26,0,10,1,32,,321385,26,0,10,1,70,,321369,26,0,10,1,30,,321377,26,0,10,1,71,,321392,26,0,10,1,28,,321386,26,0,10,1,71,,321370,26,0,10,1,30,,321378,26,0,10,1,73,,321393,26,0,10,1
12102,'H58S000I-80-I',509,,321403,26,0,10,1,29,,321422,26,0,10,1,70,,321411,26,0,10,1,30,,321404,26,0,10,1,70,,321423,26,0,10,1,30,,321412,26,0,10,1,66,,321429,26,0,10,1,24,,321405,26,0,10,1,26,,321424,26,0,10,1,64,,321413,26,0,10,1,25,,321439,26,0,10,1,62,,321430,26,0,10,1,18,,321406,26,0,10,1,19,,321425,26,0,10,1,17,,321453,26,0,10,1,56,,321449,26,0,10,1,16,,321414,26,0,10,1,18,,321440,26,0,10,1,58,,321431,26,0,10,1,18,,321407,26,0,10,1,17,,321426,26,0,10,1,14,,321442,26,0,10,1,53,,321454,26,0,10,1,12,,321450,26,0,10,1,12,,321415,26,0,10,1,13,,321456,26,0,10,1,55,,321441,26,0,10,1,14,,321432,26,0,10,1,15,,321408,26,0,10,1,15,,321427,26,0,10,1,13,,321443,26,0,10,1,54,,321451,26,0,10,1,15,,321455,26,0,10,1,16,,321416,26,0,10,1,16,,321457,26,0,10,1,58,,321433,26,0,10,1,18,,321409,26,0,10,1,18,,321428,26,0,10,1,57,,321444,26,0,10,1,16,,321452,26,0,10,1,18,,321417,26,0,10,1,60,,321458,26,0,10,1,20,,321434,26,0,10,1,22,,321410,26,0,10,1,65,,321445,26,0,10,1,29,,321418,26,0,10,1,70,,321459,26,0,10,1,31,,321435,26,0,10,1,73,,321446,26,0,10,1,31,,321419,26,0,10,1,72,,321460,26,0,10,1,31,,321436,26,0,10,1,70,,321447,26,0,10,1,32,,321420,26,0,10,1,71,,321437,26,0,10,1,32,,321448,26,0,10,1,69,,321421,26,0,10,1,24,,321438,26,0,10,1
12102,'H58S000S-83-S',511,,321468,26,0,10,1,9,,321476,26,0,10,1,9,,321487,26,0,10,1,11,,321503,26,0,10,1,9,,321511,26,0,10,1,9,,321513,26,0,10,1,49,,321474,26,0,10,1,9,,321461,26,0,10,1,8,,321519,26,0,10,1,7,,321493,26,0,10,1,8,,321521,26,0,10,1,8,,321523,26,0,10,1,9,,321530,26,0,10,1,46,,321536,26,0,10,1,6,,321469,26,0,10,1,6,,321542,26,0,10,1,9,,321477,26,0,10,1,6,,321544,26,0,10,1,5,,321488,26,0,10,1,5,,321545,26,0,10,1,5,,321546,26,0,10,1,6,,321504,26,0,10,1,7,,321512,26,0,10,1,45,,321547,26,0,10,1,3,,321549,9,0,10,1,3,,321514,26,0,10,1,6,,321548,26,0,10,1,6,,321475,26,0,10,1,5,,321543,9,0,10,1,2,,321462,26,0,10,1,6,,321520,26,0,10,1,3,,321494,9,0,10,1,7,,321522,26,0,10,1,8,,321524,26,0,10,1,8,,321531,26,0,10,1,49,,321537,26,0,10,1,10,,321470,26,0,10,1,10,,321478,26,0,10,1,11,,321489,26,0,10,1,12,,321505,26,0,10,1,52,,321550,26,0,10,1,12,,321515,26,0,10,1,12,,321463,26,0,10,1,12,,321495,26,0,10,1,12,,321525,26,0,10,1,52,,321532,26,0,10,1,12,,321538,26,0,10,1,12,,321471,26,0,10,1,12,,321479,26,0,10,1,12,,321490,26,0,10,1,51,,321506,26,0,10,1,10,,321551,26,0,10,1,10,,321516,26,0,10,1,11,,321464,26,0,10,1,11,,321496,26,0,10,1,11,,321526,26,0,10,1,52,,321533,26,0,10,1,11,,321539,26,0,10,1,11,,321472,26,0,10,1,10,,321552,26,0,10,1,10,,321480,26,0,10,1,10,,321491,26,0,10,1,50,,321507,26,0,10,1,12,,321517,26,0,10,1,12,,321465,26,0,10,1,12,,321497,26,0,10,1,11,,321527,26,0,10,1,52,,321534,26,0,10,1,12,,321540,26,0,10,1,9,,321563,26,0,10,1,10,,321473,26,0,10,1,9,,321553,26,0,10,1,8,,321572,26,0,10,1,49,,321481,26,0,10,1,9,,321492,26,0,10,1,4,,321571,9,0,10,1,4,,321568,26,0,10,1,7,,321535,26,0,10,1,3,,321508,26,0,10,1,8,,321518,26,0,10,1,8,,321466,26,0,10,1,8,,321498,26,0,10,1,50,,321570,26,0,10,1,10,,321528,26,0,10,1,10,,321561,26,0,10,1,10,,321541,26,0,10,1,10,,321559,26,0,10,1,11,,321564,26,0,10,1,51,,321554,26,0,10,1,6,,321573,9,0,10,1,5,,321482,26,0,10,1,11,,321569,26,0,10,1,12,,321509,26,0,10,1,12,,321467,26,0,10,1,52,,321499,26,0,10,1,12,,321529,26,0,10,1,12,,321562,26,0,10,1,11,,321560,26,0,10,1,11,,321565,26,0,10,1,51,,321555,26,0,10,1,12,,321483,26,0,10,1,24,,321510,26,0,10,1,68,,321500,26,0,10,1,27,,321566,26,0,10,1,25,,321556,26,0,10,1,64,,321484,26,0,10,1,28,,321501,26,0,10,1,70,,321567,26,0,10,1,27,,321557,26,0,10,1,71,,321485,26,0,10,1,32,,321502,26,0,10,1,71,,321558,26,0,10,1,26,,321486,26,0,10,1
12102,'H58S100F-80-F1',509,,321574,26,0,10,1,29,,321588,26,0,10,1,70,,321582,26,0,10,1,30,,321575,26,0,10,1,70,,321589,26,0,10,1,30,,321583,26,0,10,1,66,,321602,26,0,10,1,24,,321576,26,0,10,1,26,,321590,26,0,10,1,64,,321584,26,0,10,1,25,,321612,26,0,10,1,62,,321603,26,0,10,1,18,,321577,26,0,10,1,19,,321591,26,0,10,1,17,,321624,26,0,10,1,56,,321617,26,0,10,1,16,,321585,26,0,10,1,18,,321613,26,0,10,1,58,,321604,26,0,10,1,18,,321578,26,0,10,1,17,,321599,26,0,10,1,14,,321592,26,0,10,1,53,,321625,26,0,10,1,12,,321618,26,0,10,1,12,,321586,26,0,10,1,13,,321627,26,0,10,1,55,,321614,26,0,10,1,14,,321605,26,0,10,1,15,,321579,26,0,10,1,15,,321600,26,0,10,1,13,,321593,26,0,10,1,54,,321615,26,0,10,1,15,,321626,26,0,10,1,16,,321587,26,0,10,1,16,,321628,26,0,10,1,58,,321606,26,0,10,1,18,,321580,26,0,10,1,18,,321601,26,0,10,1,57,,321594,26,0,10,1,16,,321616,26,0,10,1,18,,321619,26,0,10,1,60,,321629,26,0,10,1,20,,321607,26,0,10,1,22,,321581,26,0,10,1,65,,321595,26,0,10,1,29,,321620,26,0,10,1,70,,321630,26,0,10,1,31,,321608,26,0,10,1,73,,321596,26,0,10,1,31,,321621,26,0,10,1,72,,321631,26,0,10,1,31,,321609,26,0,10,1,70,,321597,26,0,10,1,32,,321622,26,0,10,1,71,,321610,26,0,10,1,32,,321598,26,0,10,1,69,,321623,26,0,10,1,24,,321611,26,0,10,1
12102,'H58S200F-80-F2',509,,321637,26,0,10,1,29,,321651,26,0,10,1,70,,321645,26,0,10,1,30,,321638,26,0,10,1,70,,321652,26,0,10,1,30,,321646,26,0,10,1,66,,321662,26,0,10,1,24,,321639,26,0,10,1,26,,321653,26,0,10,1,64,,321647,26,0,10,1,25,,321672,26,0,10,1,62,,321663,26,0,10,1,18,,321640,26,0,10,1,19,,321654,26,0,10,1,17,,321682,26,0,10,1,56,,321675,26,0,10,1,16,,321648,26,0,10,1,18,,321673,26,0,10,1,58,,321664,26,0,10,1,18,,321641,26,0,10,1,17,,321632,26,0,10,1,14,,321655,26,0,10,1,53,,321683,26,0,10,1,12,,321676,26,0,10,1,12,,321649,26,0,10,1,13,,321685,26,0,10,1,55,,321674,26,0,10,1,14,,321665,26,0,10,1,15,,321642,26,0,10,1,15,,321633,26,0,10,1,13,,321656,26,0,10,1,54,,321635,26,0,10,1,15,,321684,26,0,10,1,16,,321650,26,0,10,1,16,,321686,26,0,10,1,58,,321666,26,0,10,1,18,,321643,26,0,10,1,18,,321634,26,0,10,1,57,,321657,26,0,10,1,16,,321636,26,0,10,1,18,,321677,26,0,10,1,60,,321687,26,0,10,1,20,,321667,26,0,10,1,22,,321644,26,0,10,1,65,,321658,26,0,10,1,29,,321678,26,0,10,1,70,,321688,26,0,10,1,31,,321668,26,0,10,1,73,,321659,26,0,10,1,31,,321679,26,0,10,1,72,,321689,26,0,10,1,31,,321669,26,0,10,1,70,,321660,26,0,10,1,32,,321680,26,0,10,1,71,,321670,26,0,10,1,32,,321661,26,0,10,1,69,,321681,26,0,10,1,24,,321671,26,0,10,1
37802,'H60S000A-80-A',2635,,347278,26,0,10,1,93,,347276,26,0,10,1,88,,347277,26,0,10,1
37802,'H60S000I-81-I',2635,,347280,26,0,10,1,91,,347281,26,0,10,1,90,,347279,26,0,10,1
37802,'H60S000S-83-S',2635,,347283,26,0,10,1,88,,347282,26,0,10,1,98,,347284,26,0,10,1
37802,'H60S100F-80-F1',2635,,347285,26,0,10,1,91,,347287,26,0,10,1,90,,347286,26,0,10,1
37802,'H60S200F-80-F2',2635,,347288,26,0,10,1,91,,347290,26,0,10,1,90,,347289,26,0,10,1
