11002,'H56S000A-80-A',611,,318996,34,0,10,1,31,,319001,34,0,10,1,71,,319005,34,0,10,1,29,,319032,34,0,10,1,70,,318997,34,0,10,1,30,,319002,34,0,10,1,75,,319006,34,0,10,1,32,,319033,34,0,10,1,71,,318998,34,0,10,1,31,,319003,34,0,10,1,71,,318995,34,0,10,1,30,,319004,34,0,10,1,73,,319011,34,0,10,1,32,,319018,34,0,10,1,75,,319026,34,0,10,1,73,,319023,34,0,10,1,33,,319007,34,0,10,1,69,,319012,34,0,10,1,29,,319019,34,0,10,1,70,,319027,34,0,10,1,29,,319024,34,0,10,1,68,,319008,34,0,10,1,25,,319013,34,0,10,1,29,,319020,34,0,10,1,67,,319028,34,0,10,1,26,,319025,34,0,10,1,70,,319009,34,0,10,1,33,,319014,34,0,10,1,70,,319021,34,0,10,1,33,,319029,34,0,10,1,72,,319010,34,0,10,1,28,,319015,34,0,10,1,71,,319022,34,0,10,1,28,,318994,34,0,10,1,67,,319034,34,0,10,1,26,,319016,34,0,10,1,67,,319030,34,0,10,1,28,,318999,34,0,10,1,69,,319035,34,0,10,1,27,,319017,34,0,10,1,66,,319031,34,0,10,1,28,,319000,34,0,10,1
11002,'H56S000I-80-I',641,,319040,34,0,10,1,69,,319071,34,0,10,1,32,,319073,34,0,10,1,70,,319047,34,0,10,1,30,,319041,34,0,10,1,72,,319072,34,0,10,1,35,,319074,34,0,10,1,71,,319048,34,0,10,1,31,,319042,34,0,10,1,71,,319046,34,0,10,1,30,,319075,34,0,10,1,71,,319045,34,0,10,1,31,,319068,34,0,10,1,75,,319065,34,0,10,1,73,,319049,34,0,10,1,32,,319055,34,0,10,1,72,,319063,34,0,10,1,29,,319069,34,0,10,1,68,,319066,34,0,10,1,29,,319050,34,0,10,1,69,,319056,34,0,10,1,28,,319064,34,0,10,1,28,,319070,34,0,10,1,68,,319067,34,0,10,1,31,,319051,34,0,10,1,69,,319057,34,0,10,1,31,,319043,34,0,10,1,70,,319036,34,0,10,1,32,,319052,34,0,10,1,70,,319058,34,0,10,1,29,,319044,34,0,10,1,69,,319037,34,0,10,1,29,,319053,34,0,10,1,68,,319059,34,0,10,1,27,,319061,34,0,10,1,67,,319038,34,0,10,1,28,,319054,34,0,10,1,68,,319060,34,0,10,1,27,,319062,34,0,10,1,66,,319039,34,0,10,1
11002,'H56S000S-82-S',553,,319076,34,0,10,1,71,,319085,34,0,10,1,76,,319112,34,0,10,1,19,,319094,34,0,10,1,30,,319102,34,0,10,1,71,,319077,34,0,10,1,29,,319086,34,0,10,1,73,,319106,34,0,10,1,31,,319095,34,0,10,1,68,,319103,34,0,10,1,34,,319078,34,0,10,1,71,,319087,34,0,10,1,31,,319107,34,0,10,1,73,,319096,34,0,10,1,29,,319104,34,0,10,1,69,,319079,34,0,10,1,29,,319088,34,0,10,1,70,,319100,34,0,10,1,76,,319097,34,0,10,1,30,,319105,34,0,10,1,72,,319080,34,0,10,1,31,,319089,34,0,10,1,66,,319101,34,0,10,1,24,,319110,34,0,10,1,25,,319098,34,0,10,1,54,,319111,34,0,10,1,14,,319108,34,0,10,1,28,,319081,34,0,10,1,69,,319090,34,0,10,1,29,,319113,34,0,10,1,68,,319099,34,0,10,1,27,,319109,34,0,10,1,67,,319082,34,0,10,1,27,,319091,34,0,10,1,68,,319114,34,0,10,1,31,,319117,34,0,10,1,72,,319083,34,0,10,1,33,,319092,34,0,10,1,71,,319115,34,0,10,1,30,,319118,34,0,10,1,68,,319084,34,0,10,1,27,,319093,34,0,10,1,25,,319116,34,0,10,1
11002,'H56S100F-80-F1',641,,319123,34,0,10,1,69,,319154,34,0,10,1,32,,319156,34,0,10,1,70,,319130,34,0,10,1,30,,319124,34,0,10,1,72,,319155,34,0,10,1,35,,319157,34,0,10,1,71,,319131,34,0,10,1,31,,319125,34,0,10,1,71,,319129,34,0,10,1,30,,319158,34,0,10,1,71,,319128,34,0,10,1,31,,319151,34,0,10,1,75,,319148,34,0,10,1,73,,319132,34,0,10,1,32,,319138,34,0,10,1,72,,319146,34,0,10,1,29,,319152,34,0,10,1,68,,319149,34,0,10,1,29,,319133,34,0,10,1,69,,319139,34,0,10,1,28,,319147,34,0,10,1,28,,319153,34,0,10,1,68,,319150,34,0,10,1,31,,319134,34,0,10,1,69,,319140,34,0,10,1,31,,319126,34,0,10,1,70,,319119,34,0,10,1,32,,319135,34,0,10,1,70,,319141,34,0,10,1,29,,319127,34,0,10,1,69,,319120,34,0,10,1,29,,319136,34,0,10,1,68,,319142,34,0,10,1,27,,319144,34,0,10,1,67,,319121,34,0,10,1,28,,319137,34,0,10,1,68,,319143,34,0,10,1,27,,319145,34,0,10,1,66,,319122,34,0,10,1
11002,'H56S200F-80-F2',641,,319163,34,0,10,1,69,,319194,34,0,10,1,32,,319196,34,0,10,1,70,,319170,34,0,10,1,30,,319164,34,0,10,1,72,,319195,34,0,10,1,35,,319197,34,0,10,1,71,,319171,34,0,10,1,31,,319165,34,0,10,1,71,,319169,34,0,10,1,30,,319198,34,0,10,1,71,,319168,34,0,10,1,31,,319191,34,0,10,1,75,,319188,34,0,10,1,73,,319172,34,0,10,1,32,,319178,34,0,10,1,72,,319186,34,0,10,1,29,,319192,34,0,10,1,68,,319189,34,0,10,1,29,,319173,34,0,10,1,69,,319179,34,0,10,1,28,,319187,34,0,10,1,28,,319193,34,0,10,1,68,,319190,34,0,10,1,31,,319174,34,0,10,1,69,,319180,34,0,10,1,31,,319166,34,0,10,1,70,,319159,34,0,10,1,32,,319175,34,0,10,1,70,,319181,34,0,10,1,29,,319167,34,0,10,1,69,,319160,34,0,10,1,29,,319176,34,0,10,1,68,,319182,34,0,10,1,27,,319184,34,0,10,1,67,,319161,34,0,10,1,28,,319177,34,0,10,1,68,,319183,34,0,10,1,27,,319185,34,0,10,1,66,,319162,34,0,10,1
35002,'H56S000A-80-A',2626,,345988,103,0,10,1,81,,345997,103,0,10,1,27,,346000,103,0,10,1,17,,346002,103,0,10,2,51,,345995,103,0,10,1,10,,345994,103,0,10,2,10,,345992,103,0,10,1,10,,345993,103,0,10,1,10,,345989,103,0,10,1,10,,345990,103,0,10,2,51,,345999,103,0,10,2,10,,345996,103,0,10,1,10,,345998,103,0,10,1,10,,345991,103,0,10,1,14,,346001,103,0,10,1
35002,'H56S000I-80-I',2616,,346008,103,0,10,1,28,,346003,103,0,10,1,66,,346005,103,0,10,1,27,,346010,103,0,10,2,67,,346007,103,0,10,1,26,,346009,103,0,10,1,26,,346004,103,0,10,2,66,,346006,103,0,10,1
35002,'H56S000S-82-S',2620,,346012,103,0,10,1,85,,346016,103,0,10,2,54,,346015,103,0,10,1,84,,346013,103,0,10,1,69,,346014,103,0,10,1,15,,346011,103,0,10,1
35002,'H56S100F-80-F1',2616,,346022,103,0,10,1,28,,346017,103,0,10,1,66,,346019,103,0,10,1,27,,346024,103,0,10,2,67,,346021,103,0,10,1,26,,346023,103,0,10,1,26,,346018,103,0,10,2,66,,346020,103,0,10,1
35002,'H56S200F-80-F2',2616,,346030,103,0,10,1,28,,346025,103,0,10,1,66,,346027,103,0,10,1,27,,346032,103,0,10,2,67,,346029,103,0,10,1,26,,346031,103,0,10,1,26,,346026,103,0,10,2,66,,346028,103,0,10,1
