12903,'H51S000A-80-A',618,,323580,1,0,8,1,82,,323575,1,0,8,2,32,,323592,1,0,8,1,72,,323581,1,0,8,1,32,,323576,1,0,8,2,71,,323593,1,0,8,1,32,,323582,1,0,8,1,72,,323577,1,0,8,2,32,,323594,1,0,8,1,72,,323583,1,0,8,1,32,,323578,1,0,8,2,72,,323595,1,0,8,1,29,,323584,1,0,8,1,66,,323606,1,0,8,1,26,,323579,1,0,8,2,71,,323596,1,0,8,1,31,,323585,1,0,8,1,70,,323607,1,0,8,1,30,,323603,1,0,8,1,70,,323597,1,0,8,1,28,,323586,1,0,8,1,68,,323608,1,0,8,1,28,,323604,1,0,8,1,68,,323598,1,0,8,1,28,,323587,1,0,8,1,68,,323609,1,0,8,1,29,,323605,1,0,8,1
12903,'H51S000I-80-I',609,,323616,1,0,8,1,42,,323625,1,0,8,2,82,,323617,1,0,8,1,83,,323626,1,0,8,2,84,,323618,1,0,8,1,34,,323612,1,0,8,1,73,,323627,1,0,8,2,33,,323619,1,0,8,1,73,,323613,1,0,8,1,33,,323628,1,0,8,2,73,,323620,1,0,8,1,33,,323614,1,0,8,1,73,,323629,1,0,8,1,33,,323621,1,0,8,1,67,,323637,1,0,8,2,27,,323615,1,0,8,1,67,,323630,1,0,8,1,32,,323622,1,0,8,1,72,,323638,1,0,8,2,31,,323631,1,0,8,1,70,,323623,1,0,8,1,30,,323639,1,0,8,2,70,,323632,1,0,8,1,32,,323624,1,0,8,1,72,,323640,1,0,8,2
12903,'H51S000S-81-S',700,,323646,1,0,8,1,30,,323655,1,0,8,2,6,,323656,1,0,8,1,72,,323661,1,0,8,2,33,,323666,1,0,8,1,73,,323647,1,0,8,1,32,,323657,1,0,8,1,72,,323662,1,0,8,2,31,,323667,1,0,8,1,72,,323648,1,0,8,1,32,,323658,1,0,8,1,70,,323663,1,0,8,2,30,,323668,1,0,8,1,65,,323670,1,0,8,1,20,,323649,1,0,8,1,20,,323659,1,0,8,1,58,,323677,1,0,8,1,13,,323664,1,0,8,2,24,,323669,1,0,8,1,49,,323682,1,0,8,2,9,,323671,1,0,8,1,9,,323685,1,0,8,2,19,,323650,1,0,8,1,10,,323691,1,0,8,1,10,,323660,1,0,8,1,57,,323672,1,0,8,1,17,,323678,1,0,8,1,18,,323665,1,0,8,2,59,,323683,1,0,8,2,23,,323686,1,0,8,2,24,,323651,1,0,8,1,64,,323673,1,0,8,1,24,,323679,1,0,8,1,64,,323684,1,0,8,2,18,,323687,1,0,98,2
12903,'H51S100F-80-F1',609,,323692,1,0,8,1,42,,323701,1,0,8,2,82,,323693,1,0,8,1,83,,323702,1,0,8,2,84,,323694,1,0,8,1,34,,323712,1,0,8,1,73,,323703,1,0,8,2,33,,323695,1,0,8,1,73,,323713,1,0,8,1,33,,323704,1,0,8,2,73,,323696,1,0,8,1,33,,323714,1,0,8,1,73,,323716,1,0,8,1,33,,323697,1,0,8,1,67,,323705,1,0,8,2,27,,323715,1,0,8,1,67,,323717,1,0,8,1,32,,323698,1,0,8,1,72,,323706,1,0,8,2,31,,323718,1,0,8,1,70,,323699,1,0,8,1,30,,323707,1,0,8,2,70,,323719,1,0,8,1,32,,323700,1,0,8,1,72,,323708,1,0,8,2
12903,'H51S200F-80-F2',609,,323726,1,0,8,1,42,,323735,1,0,8,2,82,,323727,1,0,8,1,83,,323736,1,0,8,2,84,,323728,1,0,8,1,34,,323746,1,0,8,1,73,,323737,1,0,8,2,33,,323729,1,0,8,1,73,,323747,1,0,8,1,33,,323738,1,0,8,2,73,,323730,1,0,8,1,33,,323748,1,0,8,1,73,,323750,1,0,8,1,33,,323731,1,0,8,1,67,,323739,1,0,8,2,27,,323749,1,0,8,1,67,,323751,1,0,8,1,32,,323732,1,0,8,1,72,,323740,1,0,8,2,31,,323752,1,0,8,1,70,,323733,1,0,8,1,30,,323741,1,0,8,2,70,,323753,1,0,8,1,32,,323734,1,0,8,1,72,,323742,1,0,8,2
12903,'H57S000S-80-S',1441,,323760,1,0,8,1,88,,323761,1,0,8,2
12903,'H59S000S-80-S',600,,323762,1,0,8,1,30,,323763,1,0,8,2
12904,'H51S000A-80-A',655,,323764,42,4,,2,70,,323782,42,4,,1,30,,323770,42,4,,1,73,,323765,42,4,,2,72,,323783,42,4,,1,31,,323771,42,4,,1,70,,323766,42,4,,2,32,,323784,42,4,,1,72,,323772,42,4,,1,32,,323767,42,4,,2,75,,323785,42,4,,1,32,,323773,42,4,,1,72,,323768,42,4,,2,28,,323797,42,4,,2,63,,323786,42,4,,1,23,,323774,42,4,,1,25,,323798,42,4,,1,62,,323769,42,4,,2,20,,323793,42,4,,1,63,,323787,42,4,,1,28,,323775,42,4,,1,28,,323799,42,4,,1,68,,323794,42,4,,1,28,,323788,42,4,,1,68,,323776,42,4,,1,28,,323800,42,4,,1,67,,323795,42,4,,1,23,,323789,42,4,,1,67,,323777,42,4,,1,25,,323801,38,0,105,1,24,,323796,38,0,105,1,65,,323790,38,0,105,1,29,,323778,38,0,105,1,70,,323802,38,0,105,1,32,,323791,38,0,105,1,76,,323779,38,0,105,1,83,,323803,38,0,105,1,40,,323780,38,0,105,1,80,,323792,38,0,105,1,80,,323781,38,0,105,1
12904,'H51S000I-80-I',642,,323817,42,4,,2,85,,323809,42,4,,1,82,,323818,42,4,,2,41,,323810,42,4,,1,75,,323804,42,4,,1,34,,323819,42,4,,2,73,,323811,42,4,,1,73,,323805,42,4,,1,33,,323820,42,4,,2,74,,323812,42,4,,1,32,,323806,42,4,,1,64,,323822,42,4,,1,23,,323821,42,4,,2,22,,323813,42,4,,1,63,,323830,42,4,,2,26,,323807,42,4,,1,66,,323823,42,4,,1,24,,323814,42,4,,1,25,,323831,42,4,,2,66,,323808,42,4,,1,27,,323824,42,4,,1,70,,323815,42,4,,1,29,,323832,42,4,,2,71,,323825,42,4,,1,30,,323816,42,4,,1,69,,323833,42,4,,2,27,,323826,42,4,,1,68,,323838,38,0,105,2,40,,323834,38,0,105,2,80,,323827,38,0,105,1,80,,323839,38,0,105,2,36,,323835,38,0,105,2,78,,323828,38,0,105,1,79,,323836,38,0,105,2,41,,323829,38,0,105,1,79,,323837,38,0,105,2
12904,'H51S000S-81-S',642,,323840,42,4,,1,73,,323850,42,4,,2,41,,323857,42,4,,2,69,,323862,42,4,,2,6,,323863,42,4,,2,4,,323864,42,4,,1,5,,323868,42,4,,2,4,,323869,42,4,,2,4,,323870,42,4,,2,9,,323856,42,4,,2,46,,323841,42,4,,1,24,,323851,42,4,,2,8,,323852,42,4,,1,69,,323858,42,4,,2,40,,323865,42,4,,1,67,,323842,42,4,,1,28,,323853,42,4,,1,68,,323859,42,4,,2,27,,323866,42,4,,1,66,,323871,42,4,,1,26,,323843,42,4,,1,25,,323854,42,4,,1,66,,323860,42,4,,2,26,,323867,42,4,,1,63,,323872,42,4,,1,22,,323844,42,4,,1,25,,323855,42,4,,1,64,,323877,42,4,,1,23,,323861,42,4,,2,61,,323881,42,4,,2,25,,323883,42,4,,2,25,,323845,42,4,,1,64,,323873,42,4,,1,24,,323878,42,4,,1,63,,323882,42,4,,2,20,,323884,42,4,,2,23,,323846,42,0,105,1,69,,323874,42,0,105,1,25,,323879,38,0,105,1,68,,323885,38,0,105,2,30,,323847,38,0,105,1,69,,323875,38,0,105,1,27,,323880,38,0,105,1,70,,323886,38,0,105,2,29,,323848,38,0,105,1,76,,323876,38,0,105,1,41,,323887,38,0,105,2,85,,323849,38,0,105,1
12904,'H51S100F-80-F1',642,,323896,42,4,,2,85,,323888,42,4,,1,82,,323897,42,4,,2,41,,323889,42,4,,1,75,,323909,42,4,,1,34,,323898,42,4,,2,73,,323890,42,4,,1,73,,323910,42,4,,1,33,,323899,42,4,,2,74,,323891,42,4,,1,32,,323911,42,4,,1,64,,323914,42,4,,1,23,,323900,42,4,,2,22,,323892,42,4,,1,63,,323901,42,4,,2,26,,323912,42,4,,1,66,,323915,42,4,,1,24,,323893,42,4,,1,25,,323902,42,4,,2,66,,323913,42,4,,1,27,,323916,42,4,,1,70,,323894,42,4,,1,29,,323903,42,4,,2,71,,323917,42,4,,1,30,,323895,42,4,,1,69,,323904,42,4,,2,27,,323918,42,4,,1,68,,323922,38,0,105,2,40,,323905,38,0,105,2,80,,323919,38,0,105,1,80,,323923,38,0,105,2,36,,323906,38,0,105,2,78,,323920,38,0,105,1,79,,323907,38,0,105,2,41,,323921,38,0,105,1,79,,323908,38,0,105,2
12904,'H51S200F-80-F2',642,,323932,42,4,,2,85,,323924,42,4,,1,82,,323933,42,4,,2,41,,323925,42,4,,1,75,,323945,42,4,,1,34,,323934,42,4,,2,73,,323926,42,4,,1,73,,323946,42,4,,1,33,,323935,42,4,,2,74,,323927,42,4,,1,32,,323947,42,4,,1,64,,323950,42,4,,1,23,,323936,42,4,,2,22,,323928,42,4,,1,63,,323937,42,4,,2,26,,323948,42,4,,1,66,,323951,42,4,,1,24,,323929,42,4,,1,25,,323938,42,4,,2,66,,323949,42,4,,1,27,,323952,42,4,,1,70,,323930,42,4,,1,29,,323939,42,4,,2,71,,323953,42,4,,1,30,,323931,42,4,,1,69,,323940,42,4,,2,27,,323954,42,4,,1,68,,323958,38,0,105,2,40,,323941,38,0,105,2,80,,323955,38,0,105,1,80,,323959,38,0,105,2,36,,323942,38,0,105,2,78,,323956,38,0,105,1,79,,323943,38,0,105,2,41,,323957,38,0,105,1,79,,323944,38,0,105,2
12904,'H57S000S-80-S',808,,323961,42,4,,1,44,,323962,42,4,,2,56,,323963,42,4,,2,39,,323960,42,4,,1
12904,'H59S000S-80-S',741,,323965,42,4,,1,76,,323966,42,4,,2,101,,323967,42,4,,2,104,,323964,42,4,,2
