20001,'H56S000S-82-S',748,,339475,19,0,5,1
20001,'H60S000A-80-A',622,,339476,19,0,5,1,30,,339487,19,0,5,2,69,,339497,19,0,5,2,29,,339477,19,0,5,1,73,,339488,19,0,5,2,32,,339498,19,0,5,2,70,,339478,19,0,5,1,29,,339489,19,0,5,2,69,,339499,19,0,5,2,30,,339479,19,0,5,1,68,,339490,19,0,5,2,29,,339500,19,0,5,2,70,,339480,19,0,5,1,30,,339491,19,0,5,2,70,,339501,19,0,5,2,31,,339481,19,0,5,1,71,,339492,19,0,5,2,29,,339502,19,0,5,2,70,,339482,19,0,5,1,30,,339493,19,0,5,2,70,,339503,19,0,5,2,29,,339483,19,0,5,1,69,,339494,19,0,5,2,30,,339504,19,0,5,2,71,,339484,19,0,5,1,32,,339495,19,0,5,1,71,,339505,19,0,5,2,28,,339485,19,0,5,1,70,,339496,19,0,5,1,30,,339506,19,0,5,2,70,,339486,19,0,5,1
20001,'H60S000I-81-I',754,,339525,19,0,5,1,70,,339507,19,0,5,1,30,,339516,19,0,5,2,69,,339526,19,0,5,1,29,,339508,19,0,5,1,69,,339517,19,0,5,2,30,,339527,19,0,5,1,71,,339509,19,0,5,1,29,,339518,19,0,5,2,70,,339528,19,0,5,1,30,,339510,19,0,5,1,70,,339519,19,0,5,2,30,,339529,19,0,5,1,70,,339511,19,0,5,1,29,,339520,19,0,5,2,70,,339530,19,0,5,1,30,,339512,19,0,5,1,69,,339521,19,0,5,2,29,,339531,19,0,5,1,71,,339513,19,0,5,1,32,,339522,19,0,5,2,71,,339532,19,0,5,1,32,,339514,19,0,5,1,69,,339523,19,0,5,2,30,,339533,19,0,5,1,69,,339515,19,0,5,1,29,,339524,19,0,5,2,70,,339534,19,0,5,1
20001,'H60S000S-83-S',609,,339543,19,0,5,1,20,,339541,19,0,5,1,24,,339555,19,0,5,2,61,,339562,19,0,5,2,19,,339544,19,0,5,1,69,,339535,19,0,5,2,14,,339542,19,0,5,1,14,,339556,19,0,5,2,14,,339554,19,0,5,1,15,,339563,19,0,5,2,57,,339545,19,0,5,1,20,,339536,19,0,5,2,22,,339557,19,0,5,2,69,,339564,19,0,5,2,30,,339546,19,0,5,1,70,,339558,19,0,5,2,31,,339565,19,0,5,2,71,,339547,19,0,5,1,71,,339559,19,0,5,2,30,,339566,19,0,5,2,70,,339548,19,0,5,1,28,,339560,19,0,5,2,30,,339567,19,0,5,2,71,,339549,19,0,5,1,71,,339561,19,0,5,2,32,,339568,19,0,5,2,24,,339570,19,0,5,1,61,,339550,19,0,5,1,23,,339537,19,0,5,1,63,,339569,19,0,5,2,24,,339571,19,0,5,1,24,,339551,19,0,5,1,68,,339538,19,0,5,1,31,,339572,19,0,5,1,70,,339552,19,0,5,1,29,,339539,19,0,5,1,69,,339573,19,0,5,1,29,,339553,19,0,5,1,72,,339540,19,0,5,1
20001,'H60S100F-80-F1',754,,339592,19,0,5,1,70,,339574,19,0,5,1,30,,339583,19,0,5,1,69,,339593,19,0,5,1,29,,339575,19,0,5,1,69,,339584,19,0,5,1,30,,339594,19,0,5,1,71,,339576,19,0,5,1,29,,339585,19,0,5,1,70,,339595,19,0,5,1,30,,339577,19,0,5,1,70,,339586,19,0,5,1,30,,339596,19,0,5,1,70,,339578,19,0,5,1,29,,339587,19,0,5,1,70,,339597,19,0,5,1,30,,339579,19,0,5,1,69,,339588,19,0,5,1,29,,339598,19,0,5,1,71,,339580,19,0,5,1,32,,339589,19,0,5,1,71,,339599,19,0,5,1,32,,339581,19,0,5,1,69,,339590,19,0,5,1,30,,339600,19,0,5,1,69,,339582,19,0,5,1,29,,339591,19,0,5,1,70,,339601,19,0,5,1
20001,'H60S200F-80-F2',754,,339620,19,0,5,1,70,,339602,19,0,5,1,30,,339611,19,0,5,1,69,,339621,19,0,5,1,29,,339603,19,0,5,1,69,,339612,19,0,5,1,30,,339622,19,0,5,1,71,,339604,19,0,5,1,29,,339613,19,0,5,1,70,,339623,19,0,5,1,30,,339605,19,0,5,1,70,,339614,19,0,5,1,30,,339624,19,0,5,1,70,,339606,19,0,5,1,29,,339615,19,0,5,1,70,,339625,19,0,5,1,30,,339607,19,0,5,1,69,,339616,19,0,5,1,29,,339626,19,0,5,1,71,,339608,19,0,5,1,32,,339617,19,0,5,1,71,,339627,19,0,5,1,32,,339609,19,0,5,1,69,,339618,19,0,5,1,30,,339628,19,0,5,1,69,,339610,19,0,5,1,29,,339619,19,0,5,1,70,,339629,19,0,5,1
41101,'H56S000A-80-A',606,,347447,19,0,5,2,30,,347448,19,0,5,1,69,,347428,19,0,5,1,30,,347411,19,0,5,2,71,,347421,19,0,5,2,32,,347449,19,0,5,1,71,,347429,19,0,5,1,30,,347433,19,0,5,1,68,,347422,19,0,5,2,30,,347439,19,0,5,1,70,,347430,19,0,5,1,26,,347434,19,0,5,1,71,,347423,19,0,5,2,31,,347440,19,0,5,1,70,,347431,19,0,5,1,30,,347435,19,0,5,1,71,,347424,19,0,5,2,30,,347441,19,0,5,1,70,,347432,19,0,5,1,30,,347436,19,0,5,1,70,,347425,19,0,5,2,29,,347442,19,0,5,1,69,,347419,19,0,5,2,30,,347437,19,0,5,1,69,,347426,19,0,5,2,31,,347443,19,0,5,1,72,,347420,19,0,5,2,29,,347438,19,0,5,1,69,,347427,19,0,5,2,31,,347444,19,0,5,1,71,,347416,19,0,5,1,29,,347412,19,0,5,1,69,,347414,19,0,5,2,31,,347445,19,0,5,1,71,,347417,19,0,5,2,31,,347413,19,0,5,1,72,,347415,19,0,5,2,22,,347446,19,0,5,1,70,,347418,19,0,5,2
41101,'H56S000I-80-I',636,,347483,19,0,5,1,73,,347456,19,0,5,2,30,,347450,19,0,5,1,70,,347465,19,0,5,2,30,,347484,19,0,5,1,69,,347457,19,0,5,2,29,,347477,19,0,5,1,69,,347466,19,0,5,2,31,,347472,19,0,5,1,71,,347458,19,0,5,2,29,,347478,19,0,5,1,69,,347467,19,0,5,2,29,,347473,19,0,5,1,71,,347459,19,0,5,2,30,,347479,19,0,5,1,69,,347468,19,0,5,2,30,,347474,19,0,5,1,70,,347460,19,0,5,2,30,,347480,19,0,5,1,69,,347469,19,0,5,2,29,,347475,19,0,5,1,70,,347461,19,0,5,2,32,,347481,19,0,5,1,71,,347470,19,0,5,2,33,,347476,19,0,5,1,69,,347462,19,0,5,2,30,,347482,19,0,5,1,69,,347471,19,0,5,2,30,,347455,19,0,5,1,69,,347463,19,0,5,2,29,,347453,19,0,5,1,70,,347485,19,0,5,2,30,,347451,19,0,5,1,70,,347464,19,0,5,2,31,,347454,19,0,5,1,71,,347486,19,0,5,2,30,,347452,19,0,5,1
41101,'H56S000S-82-S',511,,347490,19,0,5,1,100,,347492,19,0,5,2,40,,347488,19,0,5,2,59,,347491,19,0,5,1,21,,347493,19,0,5,2,22,,347522,19,0,5,2,59,,347525,19,0,5,2,20,,347531,19,0,5,2,21,,347521,19,0,5,1,60,,347541,19,0,5,1,14,,347499,19,0,5,1,14,,347511,19,0,5,1,15,,347494,19,0,5,2,55,,347523,19,0,5,2,14,,347526,19,0,5,2,14,,347532,19,0,5,2,15,,347543,19,0,5,1,57,,347516,19,0,5,1,20,,347500,19,0,5,1,20,,347512,19,0,5,1,60,,347495,19,0,5,2,24,,347527,19,0,5,2,20,,347533,19,0,5,2,60,,347517,19,0,5,1,21,,347501,19,0,5,1,22,,347513,19,0,5,1,61,,347496,19,0,5,2,20,,347524,19,0,5,2,17,,347528,19,0,5,2,57,,347534,19,0,5,2,14,,347518,19,0,5,1,13,,347502,19,0,5,1,14,,347542,19,0,5,2,55,,347514,19,0,5,1,16,,347497,19,0,5,2,15,,347536,19,0,5,2,13,,347506,19,0,5,1,49,,347537,19,0,5,2,10,,347538,19,0,5,2,10,,347529,19,0,5,2,14,,347535,19,0,5,2,19,,347519,19,0,5,1,59,,347503,19,0,5,1,20,,347515,19,0,5,1,21,,347498,19,0,5,2,62,,347507,19,0,5,1,22,,347530,19,0,5,2,66,,347520,19,0,5,1,30,,347504,19,0,5,1,70,,347539,19,0,5,2,29,,347508,19,0,5,1,70,,347489,19,0,5,1,30,,347505,19,0,5,1,70,,347540,19,0,5,2,30,,347509,19,0,5,1,69,,347510,19,0,5,2,24,,347487,19,0,5,1
41101,'H56S100F-80-F1',636,,347577,19,0,5,1,73,,347550,19,0,5,2,30,,347544,19,0,5,1,70,,347559,19,0,5,2,30,,347578,19,0,5,1,69,,347551,19,0,5,2,29,,347571,19,0,5,1,69,,347560,19,0,5,2,31,,347566,19,0,5,1,71,,347552,19,0,5,2,29,,347572,19,0,5,1,69,,347561,19,0,5,2,29,,347567,19,0,5,1,71,,347553,19,0,5,2,30,,347573,19,0,5,1,69,,347562,19,0,5,2,30,,347568,19,0,5,1,70,,347554,19,0,5,2,30,,347574,19,0,5,1,69,,347563,19,0,5,2,29,,347569,19,0,5,1,70,,347555,19,0,5,2,32,,347575,19,0,5,1,71,,347564,19,0,5,2,33,,347570,19,0,5,1,69,,347556,19,0,5,2,30,,347576,19,0,5,1,69,,347565,19,0,5,2,30,,347549,19,0,5,1,69,,347557,19,0,5,2,29,,347547,19,0,5,1,70,,347579,19,0,5,2,30,,347545,19,0,5,1,70,,347558,19,0,5,2,31,,347548,19,0,5,1,71,,347580,19,0,5,2,30,,347546,19,0,5,1
41101,'H56S200F-80-F2',636,,347614,19,0,5,1,73,,347587,19,0,5,2,30,,347581,19,0,5,1,70,,347596,19,0,5,2,30,,347615,19,0,5,1,69,,347588,19,0,5,2,29,,347608,19,0,5,1,69,,347597,19,0,5,2,31,,347603,19,0,5,1,71,,347589,19,0,5,2,29,,347609,19,0,5,1,69,,347598,19,0,5,2,29,,347604,19,0,5,1,71,,347590,19,0,5,2,30,,347610,19,0,5,1,69,,347599,19,0,5,2,30,,347605,19,0,5,1,70,,347591,19,0,5,2,30,,347611,19,0,5,1,69,,347600,19,0,5,2,29,,347606,19,0,5,1,70,,347592,19,0,5,2,32,,347612,19,0,5,1,71,,347601,19,0,5,2,33,,347607,19,0,5,1,69,,347593,19,0,5,2,30,,347613,19,0,5,1,69,,347602,19,0,5,2,30,,347586,19,0,5,1,69,,347594,19,0,5,2,29,,347584,19,0,5,1,70,,347616,19,0,5,2,30,,347582,19,0,5,1,70,,347595,19,0,5,2,31,,347585,19,0,5,1,71,,347617,19,0,5,2,30,,347583,19,0,5,1
41101,'H60S000S-83-S',543,,347618,19,0,5,2,88,,347619,19,0,5,1
