4101,'H58S000S-83-S',559,,297576,29,0,5,1,61,,297577,29,0,5,1,19,,297588,29,0,5,2,69,,297569,29,0,5,1,33,,297584,29,0,5,2,76,,297565,29,0,5,2,30,,297578,29,0,5,1,70,,297593,29,0,5,1,18,,297570,29,0,5,1,68,,297566,29,0,5,1,29,,297589,29,0,5,2,69,,297574,29,0,5,1,21,,297579,29,0,5,1,30,,297571,29,0,5,1,70,,297567,29,0,5,1,28,,297590,29,0,5,2,70,,297575,29,0,5,1,26,,297580,29,0,5,1,65,,297572,29,0,5,1,23,,297585,29,0,5,2,24,,297568,29,0,5,1,65,,297591,29,0,5,2,36,,297596,29,0,5,2,73,,297581,29,0,5,1,73,,297597,29,0,5,2,25,,297586,29,0,5,2,28,,297592,29,0,5,2,67,,297573,29,0,5,1,25,,297594,29,0,5,1,63,,297582,29,0,5,1,28,,297598,29,0,5,2,67,,297587,29,0,5,2,30,,297599,29,0,5,2,69,,297595,29,0,5,1,27,,297583,29,0,5,1
4101,'H58S100F-80-F1',559,,297601,29,0,5,2,70,,297605,29,0,5,2,30,,297609,29,0,5,1,72,,297611,29,0,5,1,77,,297604,29,0,5,1,30,,297602,29,0,5,2,70,,297606,29,0,5,2,24,,297610,29,0,5,1,70,,297612,29,0,5,1,500,,297615,29,0,5,2,31,,297617,29,0,5,2,69,,297607,29,0,5,2,28,,297600,29,0,5,1,29,,297613,29,0,5,2,71,,297614,29,0,5,1,29,,297616,29,0,5,2,65,,297618,29,0,5,2,26,,297608,29,0,5,2,63,,297603,29,0,5,1
4101,'H58S200F-80-F2',559,,297635,29,0,5,2,70,,297620,29,0,5,2,30,,297630,29,0,5,1,72,,297622,29,0,5,1,77,,297619,29,0,5,1,30,,297636,29,0,5,2,70,,297621,29,0,5,2,24,,297631,29,0,5,1,70,,297623,29,0,5,1,500,,297626,29,0,5,2,31,,297628,29,0,5,2,69,,297632,29,0,5,2,28,,297637,29,0,5,1,29,,297624,29,0,5,2,71,,297625,29,0,5,1,29,,297627,29,0,5,2,65,,297629,29,0,5,2,26,,297633,29,0,5,2,63,,297634,29,0,5,1
6704,'H58S000A-80-A',533,,306354,19,0,9,1,26,,306373,19,0,9,1,65,,306379,19,0,9,1,19,,306388,19,0,9,1,60,,306355,19,0,9,1,16,,306397,19,0,9,1,15,,306374,19,0,9,1,14,,306398,19,0,9,1,52,,306380,19,0,9,1,11,,306400,19,0,9,1,12,,306356,19,0,9,1,13,,306389,19,0,9,1,11,,306401,19,0,9,1,10,,306402,19,0,9,1,50,,306375,19,0,9,1,10,,306407,19,0,9,1,10,,306399,19,0,9,1,10,,306412,19,0,9,1,9,,306381,19,0,9,1,8,,306368,19,0,9,1,50,,306357,19,0,9,1,10,,306419,19,0,9,1,11,,306390,19,0,9,1,12,,306376,19,0,9,1,10,,306403,19,0,9,1,10,,306428,19,0,9,1,50,,306408,19,0,9,1,10,,306382,19,0,9,1,10,,306413,19,0,9,1,10,,306369,19,0,9,1,10,,306420,19,0,9,1,10,,306358,19,0,9,1,49,,306429,19,0,9,1,8,,306391,19,0,9,1,9,,306377,19,0,9,1,9,,306365,19,0,9,1,10,,306404,19,0,9,1,10,,306409,19,0,9,1,49,,306432,19,0,9,1,9,,306383,19,0,9,1,9,,306414,19,0,9,1,8,,306370,19,0,9,1,9,,306430,19,0,9,1,10,,306421,19,0,9,1,9,,306359,19,0,9,1,49,,306392,19,0,9,1,9,,306378,19,0,9,1,9,,306366,19,0,9,1,9,,306405,19,0,9,1,9,,306410,19,0,9,1,10,,306433,19,0,9,1,50,,306384,19,0,9,1,10,,306415,19,0,9,1,8,,306371,19,0,9,1,10,,306431,19,0,9,1,10,,306422,19,0,9,1,11,,306360,19,0,9,1,10,,306393,19,0,9,1,51,,306367,19,0,9,1,11,,306406,19,0,9,1,11,,306411,19,0,9,1,13,,306434,19,0,9,1,14,,306416,19,0,9,1,53,,306372,19,0,9,1,13,,306440,19,0,9,1,14,,306423,19,0,9,1,14,,306394,19,0,9,1,54,,306439,19,0,9,1,14,,306385,19,0,9,1,15,,306435,19,0,9,1,14,,306417,19,0,9,1,55,,306361,19,0,9,1,19,,306424,19,0,9,1,19,,306395,19,0,9,1,59,,306386,19,0,9,1,19,,306436,19,0,9,1,22,,306418,19,0,9,1,62,,306425,19,0,9,1,23,,306396,19,0,9,1,28,,306387,19,0,9,1,66,,306362,19,0,9,1,28,,306426,19,0,9,1,73,,306437,19,0,9,1,33,,306363,19,0,9,1,69,,306427,19,0,9,1,27,,306438,19,0,9,1,69,,306364,19,0,9,1
6704,'H58S000I-80-I',532,,306441,19,0,9,1,71,,306448,19,0,9,1,32,,306459,19,0,9,1,66,,306442,19,0,9,1,20,,306464,19,0,9,1,19,,306449,19,0,9,1,17,,306460,19,0,9,1,57,,306470,19,0,9,1,15,,306443,19,0,9,1,15,,306471,19,0,9,1,14,,306450,19,0,9,1,53,,306465,19,0,9,1,12,,306473,19,0,9,1,12,,306461,19,0,9,1,11,,306479,19,0,9,1,10,,306489,19,0,9,1,50,,306444,19,0,9,1,10,,306493,19,0,9,1,10,,306472,19,0,9,1,10,,306466,19,0,9,1,10,,306451,19,0,9,1,11,,306496,19,0,9,1,51,,306474,19,0,9,1,11,,306462,19,0,9,1,12,,306490,19,0,9,1,10,,306480,19,0,9,1,10,,306445,19,0,9,1,51,,306494,19,0,9,1,12,,306452,19,0,9,1,11,,306467,19,0,9,1,11,,306497,19,0,9,1,10,,306501,19,0,9,1,10,,306475,19,0,9,1,49,,306504,19,0,9,1,9,,306463,19,0,9,1,8,,306446,19,0,9,1,8,,306481,19,0,9,1,8,,306511,19,0,9,1,8,,306495,19,0,9,1,9,,306453,19,0,9,1,49,,306515,19,0,9,1,9,,306468,19,0,9,1,10,,306498,19,0,9,1,10,,306502,19,0,9,1,10,,306476,19,0,9,1,9,,306491,19,0,9,1,48,,306505,19,0,9,1,8,,306447,19,0,9,1,10,,306482,19,0,9,1,10,,306512,19,0,9,1,10,,306454,19,0,9,1,9,,306516,19,0,9,1,11,,306469,19,0,9,1,53,,306499,19,0,9,1,15,,306503,19,0,9,1,16,,306492,19,0,9,1,15,,306506,19,0,9,1,54,,306483,19,0,9,1,15,,306513,19,0,9,1,18,,306517,19,0,9,1,58,,306477,19,0,9,1,18,,306518,19,0,9,1,20,,306507,19,0,9,1,60,,306484,19,0,9,1,19,,306500,19,0,9,1,29,,306478,19,0,9,1,70,,306455,19,0,9,1,30,,306485,19,0,9,1,69,,306514,19,0,9,1,30,,306508,19,0,9,1,71,,306456,19,0,9,1,30,,306486,19,0,9,1,71,,306509,19,0,9,1,29,,306457,19,0,9,1,69,,306487,19,0,9,1,29,,306510,19,0,9,1,68,,306458,19,0,9,1,29,,306488,19,0,9,1
6704,'H58S000S-83-S',458,,306519,19,0,9,1,48,,306520,19,0,9,1,8,,306528,19,0,9,1,10,,306543,19,0,9,1,11,,306550,19,0,9,1,10,,306556,19,0,9,1,11,,306566,19,0,9,1,51,,306573,19,0,9,1,11,,306535,19,0,9,1,10,,306529,19,0,9,1,11,,306521,19,0,9,1,11,,306585,19,0,9,1,52,,306587,19,0,9,1,10,,306544,19,0,9,1,6,,306592,19,0,9,1,6,,306551,19,0,9,1,8,,306593,19,0,9,1,9,,306557,19,0,9,1,9,,306595,19,0,9,1,9,,306567,19,0,9,1,48,,306574,19,0,9,1,9,,306536,19,0,9,1,8,,306530,19,0,9,1,6,,306581,19,0,9,1,6,,306522,19,0,9,1,5,,306586,19,0,9,1,5,,306594,19,0,9,1,7,,306588,19,0,9,1,49,,306596,19,0,9,1,10,,306545,19,0,9,1,10,,306552,19,0,9,1,9,,306580,19,0,9,1,9,,306558,19,0,9,1,11,,306568,19,0,9,1,51,,306537,19,0,9,1,12,,306531,19,0,9,1,11,,306523,19,0,9,1,12,,306589,19,0,9,1,12,,306597,19,0,9,1,52,,306546,19,0,9,1,12,,306553,19,0,9,1,12,,306559,19,0,9,1,12,,306569,19,0,9,1,12,,306538,19,0,9,1,51,,306532,19,0,9,1,12,,306524,19,0,9,1,13,,306590,19,0,9,1,12,,306598,19,0,9,1,12,,306547,19,0,9,1,52,,306554,19,0,9,1,12,,306560,19,0,9,1,12,,306570,19,0,9,1,12,,306539,19,0,9,1,12,,306533,19,0,9,1,9,,306602,19,0,9,1,50,,306525,19,0,9,1,9,,306591,19,0,9,1,11,,306575,19,0,9,1,11,,306599,19,0,9,1,10,,306608,19,0,9,1,8,,306548,19,0,9,1,49,,306555,19,0,9,1,8,,306561,19,0,9,1,9,,306621,19,0,9,1,8,,306571,19,0,9,1,8,,306540,19,0,9,1,10,,306534,19,0,9,1,9,,306603,19,0,9,1,48,,306614,19,0,9,1,9,,306526,19,0,9,1,8,,306619,19,0,9,1,8,,306576,19,0,9,1,7,,306620,19,0,9,1,8,,306600,19,0,9,1,8,,306609,19,0,9,1,50,,306549,19,0,9,1,12,,306562,19,0,9,1,11,,306622,19,0,9,1,10,,306572,19,0,9,1,10,,306541,19,0,9,1,10,,306604,19,0,9,1,50,,306617,19,0,9,1,8,,306615,19,0,9,1,11,,306527,19,0,9,1,12,,306577,19,0,9,1,12,,306601,19,0,9,1,51,,306610,19,0,9,1,12,,306563,19,0,9,1,12,,306623,19,0,9,1,11,,306542,19,0,9,1,10,,306605,19,0,9,1,12,,306618,19,0,9,1,52,,306616,19,0,9,1,17,,306578,19,0,9,1,18,,306611,19,0,9,1,65,,306564,19,0,9,1,30,,306606,19,0,9,1,71,,306579,19,0,9,1,30,,306582,19,0,9,1,70,,306565,19,0,9,1,32,,306612,19,0,9,1,69,,306583,19,0,9,1,30,,306607,19,0,9,1,72,,306613,19,0,9,1,30,,306584,19,0,9,1
6704,'H58S100F-80-F1',532,,306624,19,0,9,1,71,,306631,19,0,9,1,32,,306638,19,0,9,1,66,,306625,19,0,9,1,20,,306646,19,0,9,1,19,,306632,19,0,9,1,17,,306639,19,0,9,1,57,,306652,19,0,9,1,15,,306626,19,0,9,1,15,,306653,19,0,9,1,14,,306633,19,0,9,1,53,,306647,19,0,9,1,12,,306657,19,0,9,1,12,,306640,19,0,9,1,11,,306663,19,0,9,1,10,,306673,19,0,9,1,50,,306627,19,0,9,1,10,,306678,19,0,9,1,10,,306654,19,0,9,1,10,,306648,19,0,9,1,10,,306634,19,0,9,1,11,,306682,19,0,9,1,51,,306658,19,0,9,1,11,,306641,19,0,9,1,12,,306674,19,0,9,1,10,,306664,19,0,9,1,10,,306628,19,0,9,1,51,,306655,19,0,9,1,12,,306679,19,0,9,1,11,,306649,19,0,9,1,11,,306683,19,0,9,1,10,,306635,19,0,9,1,10,,306659,19,0,9,1,49,,306687,19,0,9,1,9,,306675,19,0,9,1,8,,306629,19,0,9,1,8,,306665,19,0,9,1,8,,306694,19,0,9,1,8,,306656,19,0,9,1,9,,306680,19,0,9,1,49,,306698,19,0,9,1,9,,306650,19,0,9,1,10,,306684,19,0,9,1,10,,306636,19,0,9,1,10,,306660,19,0,9,1,9,,306676,19,0,9,1,48,,306688,19,0,9,1,8,,306630,19,0,9,1,10,,306666,19,0,9,1,10,,306695,19,0,9,1,10,,306681,19,0,9,1,9,,306699,19,0,9,1,11,,306651,19,0,9,1,53,,306685,19,0,9,1,15,,306637,19,0,9,1,16,,306677,19,0,9,1,15,,306689,19,0,9,1,54,,306667,19,0,9,1,15,,306696,19,0,9,1,18,,306700,19,0,9,1,58,,306661,19,0,9,1,18,,306701,19,0,9,1,20,,306690,19,0,9,1,60,,306668,19,0,9,1,19,,306686,19,0,9,1,29,,306662,19,0,9,1,70,,306642,19,0,9,1,30,,306669,19,0,9,1,69,,306697,19,0,9,1,30,,306691,19,0,9,1,71,,306643,19,0,9,1,30,,306670,19,0,9,1,71,,306692,19,0,9,1,29,,306644,19,0,9,1,69,,306671,19,0,9,1,29,,306693,19,0,9,1,68,,306645,19,0,9,1,29,,306672,19,0,9,1
6704,'H58S200F-80-F2',532,,306702,19,0,9,1,71,,306709,19,0,9,1,32,,306716,19,0,9,1,66,,306703,19,0,9,1,20,,306724,19,0,9,1,19,,306710,19,0,9,1,17,,306717,19,0,9,1,57,,306771,19,0,9,1,15,,306704,19,0,9,1,15,,306730,19,0,9,1,14,,306711,19,0,9,1,53,,306725,19,0,9,1,12,,306734,19,0,9,1,12,,306718,19,0,9,1,11,,306740,19,0,9,1,10,,306750,19,0,9,1,50,,306705,19,0,9,1,10,,306774,19,0,9,1,10,,306731,19,0,9,1,10,,306726,19,0,9,1,10,,306712,19,0,9,1,11,,306753,19,0,9,1,51,,306735,19,0,9,1,11,,306719,19,0,9,1,12,,306751,19,0,9,1,10,,306741,19,0,9,1,10,,306706,19,0,9,1,51,,306732,19,0,9,1,12,,306775,19,0,9,1,11,,306727,19,0,9,1,11,,306754,19,0,9,1,10,,306713,19,0,9,1,10,,306736,19,0,9,1,49,,306758,19,0,9,1,9,,306752,19,0,9,1,8,,306707,19,0,9,1,8,,306742,19,0,9,1,8,,306765,19,0,9,1,8,,306733,19,0,9,1,9,,306776,19,0,9,1,49,,306768,19,0,9,1,9,,306728,19,0,9,1,10,,306755,19,0,9,1,10,,306714,19,0,9,1,10,,306737,19,0,9,1,9,,306772,19,0,9,1,48,,306759,19,0,9,1,8,,306708,19,0,9,1,10,,306743,19,0,9,1,10,,306766,19,0,9,1,10,,306777,19,0,9,1,9,,306769,19,0,9,1,11,,306729,19,0,9,1,53,,306756,19,0,9,1,15,,306715,19,0,9,1,16,,306773,19,0,9,1,15,,306760,19,0,9,1,54,,306744,19,0,9,1,15,,306767,19,0,9,1,18,,306770,19,0,9,1,58,,306738,19,0,9,1,18,,306779,19,0,9,1,20,,306761,19,0,9,1,60,,306745,19,0,9,1,19,,306757,19,0,9,1,29,,306739,19,0,9,1,70,,306720,19,0,9,1,30,,306746,19,0,9,1,69,,306778,19,0,9,1,30,,306762,19,0,9,1,71,,306721,19,0,9,1,30,,306747,19,0,9,1,71,,306763,19,0,9,1,29,,306722,19,0,9,1,69,,306748,19,0,9,1,29,,306764,19,0,9,1,68,,306723,19,0,9,1,29,,306749,19,0,9,1
35704,'H59S000A-80-A',2558,,346282,18,0,9,2,85,,346280,18,0,9,1,84,,346283,18,0,9,2,85,,346281,18,0,9,1,46,,346284,18,0,9,2
35704,'H59S000I-81-I',2510,,346285,18,0,9,1,45,,346288,18,0,9,2,85,,346286,18,0,9,1,85,,346289,18,0,9,2,85,,346287,18,0,9,1,45,,346290,18,0,9,2
35704,'H59S000S-80-S',2512,,346294,18,0,9,2,45,,346291,18,0,9,1,84,,346295,18,0,9,2,85,,346292,18,0,9,1,86,,346296,18,0,9,2,45,,346293,18,0,9,1
35704,'H59S100F-80-F1',2510,,346297,18,0,9,1,45,,346300,18,0,9,2,85,,346298,18,0,9,1,85,,346301,18,0,9,2,85,,346299,18,0,9,1,45,,346302,18,0,9,2
35704,'H59S200F-80-F2',2510,,346303,18,0,9,1,45,,346306,18,0,9,2,85,,346304,18,0,9,1,85,,346307,18,0,9,2,85,,346305,18,0,9,1,45,,346308,18,0,9,2
