1704,'H60S000A-80-A',526,,289856,33,0,9,1,75,,289844,33,0,9,1,44,,289857,33,0,9,1,76,,289845,33,0,9,1,84,,289858,33,0,9,1,38,,289846,33,0,9,1,90,,289859,33,0,9,1,79,,289865,33,0,9,1,44,,289847,33,0,9,1,83,,289860,33,0,9,1,80,,289866,33,0,9,1,82,,289848,33,0,9,1,41,,289861,33,0,9,1,80,,289867,33,0,9,1,80,,289849,33,0,9,1,41,,289862,33,0,9,1,81,,289868,33,0,9,1,81,,289850,33,0,9,1,39,,289863,33,0,9,1,79,,289869,33,0,9,1,78,,289851,33,0,9,1,36,,289864,33,0,9,1,75,,289870,33,0,9,1,45,,289852,33,0,9,1,81,,289871,33,0,9,1,85,,289853,33,0,9,1,81,,289872,33,0,9,1,42,,289854,33,0,9,1,81,,289873,33,0,9,1,81,,289855,33,0,9,1,41,,289874,33,0,9,1
1704,'H60S000I-81-I',536,,289875,33,0,9,1,69,,289904,33,0,9,1,30,,289884,33,0,9,1,75,,289876,33,0,9,1,44,,289885,33,0,9,1,75,,289877,33,0,9,1,86,,289886,33,0,9,1,43,,289878,33,0,9,1,85,,289887,33,0,9,1,83,,289879,33,0,9,1,89,,289888,33,0,9,1,85,,289880,33,0,9,1,36,,289896,33,0,9,1,83,,289889,33,0,9,1,81,,289881,33,0,9,1,40,,289897,33,0,9,1,80,,289890,33,0,9,1,80,,289882,33,0,9,1,40,,289898,33,0,9,1,80,,289891,33,0,9,1,39,,289883,33,0,9,1,76,,289899,33,0,9,1,84,,289892,33,0,9,1,40,,289900,33,0,9,1,84,,289893,33,0,9,1,80,,289901,33,0,9,1,83,,289894,33,0,9,1,42,,289902,33,0,9,1,82,,289895,33,0,9,1,83,,289903,33,0,9,1
1704,'H60S000S-83-S',539,,289916,33,0,9,1,69,,289907,33,0,9,1,34,,289905,33,0,9,1,72,,289917,33,0,9,1,35,,289928,33,0,9,1,74,,289908,33,0,9,1,33,,289906,33,0,9,1,71,,289918,33,0,9,1,32,,289929,33,0,9,1,77,,289909,33,0,9,1,78,,289919,33,0,9,1,38,,289930,33,0,9,1,78,,289910,33,0,9,1,78,,289920,33,0,9,1,38,,289931,33,0,9,1,78,,289911,33,0,9,1,79,,289921,33,0,9,1,32,,289934,33,0,9,1,75,,289932,33,0,9,1,33,,289912,33,0,9,1,73,,289922,33,0,9,1,33,,289935,33,0,9,1,70,,289933,33,0,9,1,29,,289913,33,0,9,1,71,,289923,33,0,9,1,30,,289936,33,0,9,1,74,,289914,33,0,9,1,32,,289924,33,0,9,1,70,,289937,33,0,9,1,30,,289915,33,0,9,1,72,,289925,33,0,9,1,81,,289938,33,0,9,1,44,,289926,33,0,9,1,76,,289939,33,0,9,1,83,,289927,33,0,9,1
1704,'H60S100F-80-F1',536,,289940,33,0,9,1,69,,289969,33,0,9,1,30,,289949,33,0,9,1,75,,289941,33,0,9,1,44,,289950,33,0,9,1,75,,289942,33,0,9,1,86,,289951,33,0,9,1,43,,289943,33,0,9,1,85,,289952,33,0,9,1,83,,289944,33,0,9,1,89,,289953,33,0,9,1,85,,289945,33,0,9,1,36,,289961,33,0,9,1,83,,289954,33,0,9,1,81,,289946,33,0,9,1,40,,289962,33,0,9,1,80,,289955,33,0,9,1,80,,289947,33,0,9,1,40,,289963,33,0,9,1,80,,289956,33,0,9,1,39,,289948,33,0,9,1,76,,289964,33,0,9,1,84,,289957,33,0,9,1,40,,289965,33,0,9,1,84,,289958,33,0,9,1,80,,289966,33,0,9,1,83,,289959,33,0,9,1,42,,289967,33,0,9,1,82,,289960,33,0,9,1,83,,289968,33,0,9,1
1704,'H60S200F-80-F2',536,,289970,33,0,9,1,69,,289999,33,0,9,1,30,,289979,33,0,9,1,75,,289971,33,0,9,1,44,,289980,33,0,9,1,75,,289972,33,0,9,1,86,,289981,33,0,9,1,43,,289973,33,0,9,1,85,,289982,33,0,9,1,83,,289974,33,0,9,1,89,,289983,33,0,9,1,85,,289975,33,0,9,1,36,,289991,33,0,9,1,83,,289984,33,0,9,1,81,,289976,33,0,9,1,40,,289992,33,0,9,1,80,,289985,33,0,9,1,80,,289977,33,0,9,1,40,,289993,33,0,9,1,80,,289986,33,0,9,1,39,,289978,33,0,9,1,76,,289994,33,0,9,1,84,,289987,33,0,9,1,40,,289995,33,0,9,1,84,,289988,33,0,9,1,80,,289996,33,0,9,1,83,,289989,33,0,9,1,42,,289997,33,0,9,1,82,,289990,33,0,9,1,83,,289998,33,0,9,1
19001,'H56S000S-82-S',612,,336830,27,0,5,2,33,,336828,27,0,5,2,72,,336829,27,0,5,1,34,,336816,27,0,5,1,72,,336806,27,0,5,1,31,,336802,27,0,5,1,70,,336817,27,0,5,1,29,,336807,27,0,5,1,69,,336803,27,0,5,1,29,,336818,27,0,5,1,69,,336808,27,0,5,1,31,,336812,27,0,5,1,71,,336819,27,0,5,1,30,,336809,27,0,5,1,70,,336813,27,0,5,1,30,,336820,27,0,5,1,70,,336810,27,0,5,1,30,,336814,27,0,5,1,70,,336821,27,0,5,1,28,,336811,27,0,5,1,65,,336801,27,0,5,1,27,,336815,27,0,5,1,69,,336822,27,0,5,1,30,,336804,27,0,5,1,69,,336825,27,0,5,2,31,,336823,27,0,5,1,70,,336805,27,0,5,1,31,,336826,27,0,5,2,73,,336824,27,0,5,1,33,,336800,27,0,5,2,73,,336827,27,0,5,2
37104,'H50S000A-82-A',2608,,347115,53,0,9,2,30,,347120,53,0,9,1,70,,347117,53,0,9,2,30,,347119,53,0,9,1,70,,347116,53,0,9,2,30,,347121,53,0,9,1,70,,347118,53,0,9,2
37104,'H50S000I-82-I',2607,,347123,53,0,9,2,30,,347127,53,0,9,1,71,,347125,53,0,9,2,30,,347122,53,0,9,2,70,,347124,53,0,9,2,30,,347128,53,0,9,1,70,,347126,53,0,9,2
37104,'H50S000S-82-S',2610,,347132,53,0,9,2,30,,347134,53,0,9,1,71,,347130,53,0,9,2,30,,347129,53,0,9,1,68,,347133,53,0,9,2,29,,347135,53,0,9,1,69,,347131,53,0,9,2
37104,'H50S100F-80-F1',2607,,347137,53,0,9,2,30,,347141,53,0,9,1,71,,347139,53,0,9,2,30,,347136,53,0,9,2,70,,347138,53,0,9,2,30,,347142,53,0,9,1,70,,347140,53,0,9,2
37104,'H50S200F-80-F2',2607,,347144,53,0,9,2,30,,347148,53,0,9,1,71,,347146,53,0,9,2,30,,347143,53,0,9,2,70,,347145,53,0,9,2,30,,347149,53,0,9,1,70,,347147,53,0,9,2
