20001,'H56S000S-82-S',802,,339475,31,0,5,1
20001,'H60S000A-80-A',631,,339476,31,0,5,1,70,,339487,31,0,5,2,29,,339497,31,0,5,2,29,,339477,31,0,5,1,73,,339488,31,0,5,2,72,,339498,31,0,5,2,31,,339478,31,0,5,1,69,,339489,31,0,5,2,29,,339499,31,0,5,2,70,,339479,31,0,5,1,28,,339490,31,0,5,2,69,,339500,31,0,5,2,30,,339480,31,0,5,1,70,,339491,31,0,5,2,30,,339501,31,0,5,2,71,,339481,31,0,5,1,31,,339492,31,0,5,2,69,,339502,31,0,5,2,30,,339482,31,0,5,1,70,,339493,31,0,5,2,30,,339503,31,0,5,2,69,,339483,31,0,5,1,29,,339494,31,0,5,2,30,,339504,31,0,5,2,71,,339484,31,0,5,1,71,,339495,31,0,5,1,31,,339505,31,0,5,2,68,,339485,31,0,5,1,30,,339496,31,0,5,1,70,,339506,31,0,5,2,30,,339486,31,0,5,1
20001,'H60S000I-81-I',803,,339525,31,0,5,1,30,,339507,31,0,5,1,71,,339516,31,0,5,2,29,,339526,31,0,5,1,69,,339508,31,0,5,1,29,,339517,31,0,5,2,70,,339527,31,0,5,1,31,,339509,31,0,5,1,69,,339518,31,0,5,2,30,,339528,31,0,5,1,70,,339510,31,0,5,1,30,,339519,31,0,5,2,70,,339529,31,0,5,1,30,,339511,31,0,5,1,69,,339520,31,0,5,2,30,,339530,31,0,5,1,70,,339512,31,0,5,1,29,,339521,31,0,5,2,29,,339531,31,0,5,1,71,,339513,31,0,5,1,71,,339522,31,0,5,2,31,,339532,31,0,5,1,72,,339514,31,0,5,1,29,,339523,31,0,5,2,70,,339533,31,0,5,1,29,,339515,31,0,5,1,69,,339524,31,0,5,2,30,,339534,31,0,5,1
20001,'H60S000S-83-S',620,,339543,31,0,5,1,21,,339541,31,0,5,1,64,,339555,31,0,5,2,21,,339562,31,0,5,2,21,,339544,31,0,5,1,69,,339535,31,0,5,2,12,,339542,31,0,5,1,14,,339556,31,0,5,2,14,,339554,31,0,5,1,55,,339563,31,0,5,2,17,,339545,31,0,5,1,19,,339536,31,0,5,2,61,,339557,31,0,5,2,29,,339564,31,0,5,2,70,,339546,31,0,5,1,30,,339558,31,0,5,2,71,,339565,31,0,5,2,31,,339547,31,0,5,1,72,,339559,31,0,5,2,30,,339566,31,0,5,2,70,,339548,31,0,5,1,28,,339560,31,0,5,2,72,,339567,31,0,5,2,31,,339549,31,0,5,1,73,,339561,31,0,5,2,30,,339568,31,0,5,2,64,,339570,31,0,5,1,19,,339550,31,0,5,1,23,,339537,31,0,5,1,62,,339569,31,0,5,2,24,,339571,31,0,5,1,64,,339551,31,0,5,1,28,,339538,31,0,5,1,71,,339572,31,0,5,1,30,,339552,31,0,5,1,29,,339539,31,0,5,1,69,,339573,31,0,5,1,29,,339553,31,0,5,1,72,,339540,31,0,5,1
20001,'H60S100F-80-F1',803,,339592,31,0,5,1,30,,339574,31,0,5,1,71,,339583,31,0,5,1,29,,339593,31,0,5,1,69,,339575,31,0,5,1,29,,339584,31,0,5,1,70,,339594,31,0,5,1,31,,339576,31,0,5,1,69,,339585,31,0,5,1,30,,339595,31,0,5,1,70,,339577,31,0,5,1,30,,339586,31,0,5,1,70,,339596,31,0,5,1,30,,339578,31,0,5,1,69,,339587,31,0,5,1,30,,339597,31,0,5,1,70,,339579,31,0,5,1,29,,339588,31,0,5,1,29,,339598,31,0,5,1,71,,339580,31,0,5,1,71,,339589,31,0,5,1,31,,339599,31,0,5,1,72,,339581,31,0,5,1,29,,339590,31,0,5,1,70,,339600,31,0,5,1,29,,339582,31,0,5,1,69,,339591,31,0,5,1,30,,339601,31,0,5,1
20001,'H60S200F-80-F2',803,,339620,31,0,5,1,30,,339602,31,0,5,1,71,,339611,31,0,5,1,29,,339621,31,0,5,1,69,,339603,31,0,5,1,29,,339612,31,0,5,1,70,,339622,31,0,5,1,31,,339604,31,0,5,1,69,,339613,31,0,5,1,30,,339623,31,0,5,1,70,,339605,31,0,5,1,30,,339614,31,0,5,1,70,,339624,31,0,5,1,30,,339606,31,0,5,1,69,,339615,31,0,5,1,30,,339625,31,0,5,1,70,,339607,31,0,5,1,29,,339616,31,0,5,1,29,,339626,31,0,5,1,71,,339608,31,0,5,1,71,,339617,31,0,5,1,31,,339627,31,0,5,1,72,,339609,31,0,5,1,29,,339618,31,0,5,1,70,,339628,31,0,5,1,29,,339610,31,0,5,1,69,,339619,31,0,5,1,30,,339629,31,0,5,1
20103,'H60S000A-80-A',832,,339790,5,0,8,1,70,,339801,5,0,8,2,30,,339791,5,0,8,1,69,,339802,5,0,8,2,30,,339792,5,0,8,1,70,,339803,5,0,8,2,30,,339793,5,0,8,1,70,,339804,5,0,8,2,30,,339794,5,0,8,1,70,,339805,5,0,8,2,30,,339795,5,0,8,1,70,,339806,5,0,8,2,30,,339796,5,0,8,1,70,,339807,5,0,8,2,30,,339797,5,0,8,1,70,,339808,5,0,8,2,30,,339798,5,0,8,1,70,,339809,5,0,8,2,30,,339799,5,0,8,1,70,,339810,5,0,8,2,30,,339800,5,0,8,1,70,,339811,5,0,8,2
20103,'H60S000I-81-I',831,,339812,5,0,8,1,71,,339823,5,0,8,2,30,,339813,5,0,8,1,69,,339824,5,0,8,2,30,,339814,5,0,8,1,70,,339825,5,0,8,2,30,,339815,5,0,8,1,70,,339826,5,0,8,2,30,,339816,5,0,8,1,70,,339827,5,0,8,2,30,,339817,5,0,8,1,70,,339828,5,0,8,2,30,,339818,5,0,8,1,70,,339829,5,0,8,2,30,,339819,5,0,8,1,70,,339830,5,0,8,2,30,,339820,5,0,8,1,70,,339831,5,0,8,2,30,,339821,5,0,8,1,70,,339832,5,0,8,2,30,,339822,5,0,8,1,70,,339833,5,0,8,2
20103,'H60S000S-83-S',604,,339836,5,0,8,1,27,,339852,5,0,8,1,69,,339837,5,0,8,1,28,,339853,5,0,8,1,31,,339838,5,0,8,1,71,,339854,5,0,8,1,72,,339839,5,0,8,1,30,,339855,5,0,8,1,71,,339840,5,0,8,1,31,,339856,5,0,8,1,72,,339841,5,0,8,1,32,,339857,5,0,8,1,72,,339842,5,0,8,1,32,,339858,5,0,8,1,71,,339843,5,0,8,1,30,,339859,5,0,8,1,68,,339844,5,0,8,1,29,,339860,5,0,8,1,67,,339845,5,0,8,1,31,,339861,5,0,8,1,63,,339846,5,0,8,1,32,,339862,5,0,8,1,72,,339847,5,0,8,1,31,,339863,5,0,8,1,71,,339848,5,0,8,1,31,,339864,5,0,8,1,70,,339849,5,0,8,1,30,,339865,5,0,8,1,70,,339850,5,0,8,1,28,,339866,5,0,8,1,70,,339851,5,0,8,1,107,,339834,5,0,8,1,98,,339835,5,0,8,1
20103,'H60S100F-80-F1',831,,339867,5,0,8,1,71,,339878,5,0,8,2,30,,339868,5,0,8,1,69,,339879,5,0,8,2,30,,339869,5,0,8,1,70,,339880,5,0,8,2,30,,339870,5,0,8,1,70,,339881,5,0,8,2,30,,339871,5,0,8,1,70,,339882,5,0,8,2,30,,339872,5,0,8,1,70,,339883,5,0,8,2,30,,339873,5,0,8,1,70,,339884,5,0,8,2,30,,339874,5,0,8,1,70,,339885,5,0,8,2,30,,339875,5,0,8,1,70,,339886,5,0,8,2,30,,339876,5,0,8,1,70,,339887,5,0,8,2,30,,339877,5,0,8,1,70,,339888,5,0,8,2
20103,'H60S200F-80-F2',831,,339889,5,0,8,1,71,,339900,5,0,8,2,30,,339890,5,0,8,1,69,,339901,5,0,8,2,30,,339891,5,0,8,1,70,,339902,5,0,8,2,30,,339892,5,0,8,1,70,,339903,5,0,8,2,30,,339893,5,0,8,1,70,,339904,5,0,8,2,30,,339894,5,0,8,1,70,,339905,5,0,8,2,30,,339895,5,0,8,1,70,,339906,5,0,8,2,30,,339896,5,0,8,1,70,,339907,5,0,8,2,30,,339897,5,0,8,1,70,,339908,5,0,8,2,30,,339898,5,0,8,1,70,,339909,5,0,8,2,30,,339899,5,0,8,1,70,,339910,5,0,8,2
38201,'H60S000A-80-A',2553,,347353,5,0,5,1,85,,347355,5,0,5,1,85,,347354,5,0,5,1,85,,347356,5,0,5,1
38201,'H60S000I-81-I',2553,,347357,5,0,5,1,85,,347360,5,0,5,1,85,,347359,5,0,5,1,85,,347358,5,0,5,1
38201,'H60S000S-83-S',2552,,347362,5,0,5,1,86,,347363,5,0,5,1,85,,347361,5,0,5,2,85,,347364,5,0,5,1
38201,'H60S100F-80-F1',2553,,347366,5,0,5,2,85,,347368,5,0,5,1,85,,347367,5,0,5,1,85,,347365,5,0,5,1
38201,'H60S200F-80-F2',2553,,347370,5,0,5,2,85,,347372,5,0,5,1,85,,347371,5,0,5,1,85,,347369,5,0,5,1
