2901,'H59S000A-80-A',636,,293553,22,0,5,1,70,,293558,22,0,5,1,29,,293554,22,0,5,1,68,,293559,22,0,5,1,32,,293555,22,0,5,1,72,,293560,22,0,5,1,31,,293556,22,0,5,1,70,,293572,22,0,5,2,32,,293561,22,0,5,1,71,,293546,22,0,5,2,31,,293573,22,0,5,2,73,,293562,22,0,5,1,32,,293547,22,0,5,2,69,,293574,22,0,5,2,28,,293563,22,0,5,1,69,,293548,22,0,5,2,30,,293575,22,0,5,2,71,,293564,22,0,5,1,30,,293549,22,0,5,2,70,,293576,22,0,5,2,30,,293565,22,0,5,1,69,,293550,22,0,5,2,30,,293577,22,0,5,2,71,,293566,22,0,5,1,30,,293551,22,0,5,2,73,,293578,22,0,5,2,35,,293567,22,0,5,1,76,,293579,22,0,5,2,77,,293568,22,0,5,1,108,,293569,22,0,5,1,108,,293570,22,0,5,1,105,,293571,22,0,5,1
2901,'H59S000I-81-I',633,,293591,22,0,5,1,72,,293599,22,0,5,2,33,,293592,22,0,5,1,71,,293600,22,0,5,2,28,,293593,22,0,5,1,68,,293601,22,0,5,2,32,,293594,22,0,5,1,72,,293602,22,0,5,2,31,,293595,22,0,5,1,73,,293603,22,0,5,2,35,,293596,22,0,5,1,73,,293604,22,0,5,1,33,,293580,22,0,5,1,73,,293597,22,0,5,1,73,,293605,22,0,5,2,34,,293581,22,0,5,1,73,,293610,22,0,5,2,31,,293606,22,0,5,2,70,,293582,22,0,5,1,28,,293611,22,0,5,2,69,,293607,22,0,5,2,28,,293583,22,0,5,1,68,,293612,22,0,5,2,27,,293608,22,0,5,2,72,,293584,22,0,5,1,34,,293609,22,0,5,2,81,,293585,22,0,5,1,103,,293586,22,0,5,1,104,,293587,22,0,5,1,101,,293588,22,0,5,1,98,,293589,22,0,5,1
2901,'H59S000S-80-S',643,,293616,22,0,5,1,71,,293639,22,0,5,2,30,,293631,22,0,5,2,70,,293617,22,0,5,1,30,,293640,22,0,5,2,64,,293632,22,0,5,2,27,,293618,22,0,5,1,24,,293641,22,0,5,2,68,,293633,22,0,5,2,30,,293619,22,0,5,1,72,,293644,22,0,5,2,72,,293634,22,0,5,2,32,,293620,22,0,5,1,72,,293645,22,0,5,2,31,,293635,22,0,5,2,72,,293621,22,0,5,1,33,,293646,22,0,5,2,74,,293636,22,0,5,2,38,,293622,22,0,5,1,72,,293642,22,0,5,2,30,,293637,22,0,5,2,73,,293623,22,0,5,1,30,,293643,22,0,5,2,72,,293613,22,0,5,1,72,,293624,22,0,5,1,31,,293614,22,0,5,1,80,,293625,22,0,5,1,106,,293626,22,0,5,1,102,,293627,22,0,5,1,102,,293628,22,0,5,1,101,,293629,22,0,5,1,96,,293630,22,0,5,1
2901,'H59S100F-80-F1',633,,293648,22,0,5,1,72,,293666,22,0,5,2,33,,293649,22,0,5,1,71,,293667,22,0,5,2,28,,293650,22,0,5,1,68,,293668,22,0,5,2,32,,293651,22,0,5,1,72,,293669,22,0,5,2,31,,293652,22,0,5,1,73,,293670,22,0,5,2,35,,293653,22,0,5,1,73,,293679,22,0,5,1,33,,293655,22,0,5,1,73,,293654,22,0,5,1,73,,293671,22,0,5,2,34,,293656,22,0,5,1,73,,293676,22,0,5,2,31,,293672,22,0,5,2,70,,293657,22,0,5,1,28,,293677,22,0,5,2,69,,293673,22,0,5,2,28,,293658,22,0,5,1,68,,293678,22,0,5,2,27,,293674,22,0,5,2,72,,293659,22,0,5,1,34,,293675,22,0,5,2,81,,293660,22,0,5,1,103,,293661,22,0,5,1,104,,293662,22,0,5,1,101,,293663,22,0,5,1,98,,293664,22,0,5,1
2901,'H59S200F-80-F2',633,,293681,22,0,5,1,72,,293699,22,0,5,2,33,,293682,22,0,5,1,71,,293700,22,0,5,2,28,,293683,22,0,5,1,68,,293701,22,0,5,2,32,,293684,22,0,5,1,72,,293702,22,0,5,2,31,,293685,22,0,5,1,73,,293703,22,0,5,2,35,,293686,22,0,5,1,73,,293712,22,0,5,1,33,,293688,22,0,5,1,73,,293687,22,0,5,1,73,,293704,22,0,5,2,34,,293689,22,0,5,1,73,,293709,22,0,5,2,31,,293705,22,0,5,2,70,,293690,22,0,5,1,28,,293710,22,0,5,2,69,,293706,22,0,5,2,28,,293691,22,0,5,1,68,,293711,22,0,5,2,27,,293707,22,0,5,2,72,,293692,22,0,5,1,34,,293708,22,0,5,2,81,,293693,22,0,5,1,103,,293694,22,0,5,1,104,,293695,22,0,5,1,101,,293696,22,0,5,1,98,,293697,22,0,5,1
8501,'H54S000S-80-S',1851,,310626,4,0,5,1
8501,'H59S000A-80-A',547,,310627,4,0,5,1,82,,310644,4,0,5,2,82,,310633,4,0,5,1,42,,310628,4,0,5,1,82,,310645,4,0,5,2,82,,310634,4,0,5,1,41,,310629,4,0,5,1,82,,310646,4,0,5,2,82,,310635,4,0,5,1,81,,310630,4,0,5,1,32,,310647,4,0,5,2,74,,310638,4,0,5,1,34,,310636,4,0,5,1,73,,310631,4,0,5,1,33,,310648,4,0,5,2,74,,310639,4,0,5,1,34,,310637,4,0,5,1,74,,310632,4,0,5,1,72,,310649,4,0,5,2,43,,310640,4,0,5,1,83,,310654,4,0,5,1,83,,310650,4,0,5,2,42,,310641,4,0,5,1,82,,310655,4,0,5,1,83,,310651,4,0,5,2,83,,310642,4,0,5,1,44,,310656,4,0,5,1,84,,310652,4,0,5,2,84,,310643,4,0,5,1,43,,310657,4,0,5,1,85,,310653,4,0,5,2
8501,'H59S000I-81-I',534,,310668,4,0,5,1,82,,310681,4,0,5,1,42,,310662,4,0,5,2,82,,310669,4,0,5,1,82,,310682,4,0,5,1,82,,310663,4,0,5,2,42,,310670,4,0,5,1,81,,310683,4,0,5,1,81,,310664,4,0,5,2,41,,310671,4,0,5,1,81,,310684,4,0,5,1,81,,310665,4,0,5,2,41,,310672,4,0,5,1,73,,310687,4,0,5,2,32,,310685,4,0,5,1,73,,310666,4,0,5,2,72,,310673,4,0,5,1,33,,310688,4,0,5,2,73,,310686,4,0,5,1,34,,310667,4,0,5,2,74,,310674,4,0,5,1,38,,310658,4,0,5,1,82,,310678,4,0,5,1,82,,310675,4,0,5,1,41,,310659,4,0,5,1,81,,310679,4,0,5,1,82,,310676,4,0,5,1,82,,310660,4,0,5,1,43,,310680,4,0,5,1,84,,310677,4,0,5,1,82,,310661,4,0,5,1
8501,'H59S000S-80-S',505,,310693,4,0,5,1,29,,310706,4,0,5,2,69,,310723,4,0,5,1,30,,310692,4,0,5,2,71,,310701,4,0,5,2,32,,310694,4,0,5,1,71,,310707,4,0,5,2,30,,310724,4,0,5,1,72,,310725,4,0,5,1,30,,310702,4,0,5,2,71,,310695,4,0,5,1,31,,310711,4,0,5,2,72,,310708,4,0,5,1,33,,310703,4,0,5,2,73,,310696,4,0,5,1,33,,310712,4,0,5,2,67,,310720,4,0,5,2,25,,310709,4,0,5,1,66,,310704,4,0,5,2,28,,310715,4,0,5,2,71,,310697,4,0,5,1,33,,310713,4,0,5,2,70,,310710,4,0,5,1,27,,310705,4,0,5,2,63,,310721,4,0,5,1,26,,310716,4,0,5,2,27,,310698,4,0,5,1,68,,310714,4,0,5,2,96,,310722,4,0,5,1,32,,310717,4,0,5,2,84,,310699,4,0,5,1,84,,310690,4,0,5,1,83,,310718,4,0,5,2,45,,310700,4,0,5,1,89,,310691,4,0,5,1,89,,310719,4,0,5,2,89,,310689,4,0,5,1
8501,'H59S100F-80-F1',534,,310732,4,0,5,1,82,,310745,4,0,5,1,42,,310726,4,0,5,2,82,,310733,4,0,5,1,82,,310746,4,0,5,1,82,,310727,4,0,5,2,42,,310734,4,0,5,1,81,,310747,4,0,5,1,81,,310728,4,0,5,2,41,,310735,4,0,5,1,81,,310748,4,0,5,1,81,,310729,4,0,5,2,41,,310736,4,0,5,1,73,,310755,4,0,5,2,32,,310749,4,0,5,1,73,,310730,4,0,5,2,72,,310737,4,0,5,1,33,,310756,4,0,5,2,73,,310750,4,0,5,1,34,,310731,4,0,5,2,74,,310738,4,0,5,1,38,,310751,4,0,5,1,82,,310742,4,0,5,1,82,,310739,4,0,5,1,41,,310752,4,0,5,1,81,,310743,4,0,5,1,82,,310740,4,0,5,1,82,,310753,4,0,5,1,43,,310744,4,0,5,1,84,,310741,4,0,5,1,82,,310754,4,0,5,1
8501,'H59S200F-80-F2',534,,310763,4,0,5,1,82,,310776,4,0,5,1,42,,310757,4,0,5,2,82,,310764,4,0,5,1,82,,310777,4,0,5,1,82,,310758,4,0,5,2,42,,310765,4,0,5,1,81,,310778,4,0,5,1,81,,310759,4,0,5,2,41,,310766,4,0,5,1,81,,310779,4,0,5,1,81,,310760,4,0,5,2,41,,310767,4,0,5,1,73,,310786,4,0,5,2,32,,310780,4,0,5,1,73,,310761,4,0,5,2,72,,310768,4,0,5,1,33,,310787,4,0,5,2,73,,310781,4,0,5,1,34,,310762,4,0,5,2,74,,310769,4,0,5,1,38,,310782,4,0,5,1,82,,310773,4,0,5,1,82,,310770,4,0,5,1,41,,310783,4,0,5,1,81,,310774,4,0,5,1,82,,310771,4,0,5,1,82,,310784,4,0,5,1,43,,310775,4,0,5,1,84,,310772,4,0,5,1,82,,310785,4,0,5,1
36201,'H54S000A-80-A',2626,,346656,3,0,5,1,85,,346657,3,0,5,2,45,,346659,3,0,5,1,85,,346658,3,0,5,2
36201,'H54S000I-80-I',2541,,346662,3,0,5,2,85,,346660,3,0,5,1,85,,346664,3,0,5,2,45,,346661,3,0,5,1,85,,346663,3,0,5,2
36201,'H54S000S-80-S',2541,,346667,3,0,5,1,85,,346666,3,0,5,1,85,,346665,3,0,5,1,45,,346669,3,0,5,1,85,,346668,3,0,5,1
36201,'H54S100F-80-F1',2541,,346672,3,0,5,2,85,,346670,3,0,5,1,85,,346674,3,0,5,2,45,,346671,3,0,5,1,85,,346673,3,0,5,2
36201,'H54S200F-80-F2',2541,,346677,3,0,5,2,85,,346675,3,0,5,1,85,,346679,3,0,5,2,45,,346676,3,0,5,1,85,,346678,3,0,5,2
