3204,'H51S000S-81-S',1840,,294514,27,0,9,1
3204,'H54S000A-80-A',520,,294515,27,0,9,2,30,,294558,27,0,9,1,72,,294520,27,0,9,1,12,,294561,27,0,9,1,68,,294516,27,0,9,2,28,,294559,27,0,9,1,27,,294521,27,0,9,1,68,,294562,27,0,9,1,28,,294566,27,0,9,1,63,,294517,27,0,9,2,23,,294560,27,0,9,1,63,,294522,27,0,9,1,21,,294530,27,0,9,1,20,,294563,27,0,9,1,61,,294518,27,0,9,2,20,,294538,27,0,9,2,18,,294541,27,0,9,2,59,,294523,27,0,9,1,18,,294549,27,0,9,2,18,,294531,27,0,9,1,19,,294519,27,0,9,2,59,,294552,27,0,9,2,19,,294539,27,0,9,2,18,,294542,27,0,9,2,59,,294524,27,0,9,1,19,,294550,27,0,9,2,19,,294532,27,0,9,1,59,,294564,27,0,9,1,19,,294553,27,0,9,2,18,,294540,27,0,9,2,59,,294543,27,0,9,2,20,,294525,27,0,9,1,20,,294551,27,0,9,2,59,,294533,27,0,9,1,20,,294565,27,0,9,1,22,,294554,27,0,9,2,67,,294544,27,0,9,2,31,,294526,27,0,9,1,69,,294534,27,0,9,1,26,,294555,27,0,9,2,70,,294545,27,0,9,2,30,,294527,27,0,9,1,70,,294535,27,0,9,1,29,,294556,27,0,9,2,70,,294546,27,0,9,2,31,,294528,27,0,9,1,73,,294536,27,0,9,1,30,,294557,27,0,9,2,68,,294547,27,0,9,2,29,,294529,27,0,9,1,69,,294537,27,0,9,1,30,,294548,27,0,9,2
3204,'H54S000I-80-I',517,,294611,27,0,9,1,30,,294574,27,0,9,1,71,,294567,27,0,9,2,16,,294591,27,0,9,2,17,,294612,27,0,9,1,69,,294575,27,0,9,1,29,,294568,27,0,9,2,74,,294592,27,0,9,2,32,,294576,27,0,9,1,71,,294569,27,0,9,2,30,,294613,27,0,9,1,61,,294600,27,0,9,1,22,,294593,27,0,9,2,67,,294577,27,0,9,1,28,,294604,27,0,9,2,20,,294570,27,0,9,2,59,,294601,27,0,9,1,19,,294594,27,0,9,2,19,,294607,27,0,9,2,59,,294578,27,0,9,1,19,,294605,27,0,9,2,19,,294571,27,0,9,2,59,,294602,27,0,9,1,20,,294595,27,0,9,2,20,,294608,27,0,9,2,61,,294579,27,0,9,1,21,,294606,27,0,9,2,20,,294572,27,0,9,2,60,,294585,27,0,9,1,19,,294603,27,0,9,1,21,,294609,27,0,9,2,65,,294580,27,0,9,1,25,,294573,27,0,9,2,62,,294586,27,0,9,1,22,,294596,27,0,9,2,23,,294610,27,0,9,2,64,,294581,27,0,9,1,31,,294587,27,0,9,1,72,,294597,27,0,9,2,33,,294582,27,0,9,1,71,,294588,27,0,9,1,31,,294598,27,0,9,2,73,,294583,27,0,9,1,28,,294589,27,0,9,1,68,,294599,27,0,9,2,29,,294614,27,0,9,1,65,,294584,27,0,9,1,28,,294590,27,0,9,1,67,,294615,27,0,9,2
3204,'H54S000S-80-S',521,,294616,27,0,9,2,22,,294620,27,0,9,2,15,,294623,27,0,9,2,57,,294626,27,0,9,2,16,,294618,27,0,9,2,11,,294639,27,0,9,2,11,,294617,27,0,9,2,52,,294641,27,0,9,2,10,,294647,27,0,9,1,9,,294621,27,0,9,2,8,,294652,27,0,9,2,7,,294654,27,0,9,2,8,,294681,27,0,9,1,8,,294624,27,0,9,2,52,,294655,27,0,9,2,12,,294625,27,0,9,2,11,,294619,27,0,9,2,9,,294631,27,0,9,1,10,,294640,27,0,9,2,10,,294643,27,0,9,2,49,,294642,27,0,9,2,8,,294648,27,0,9,1,9,,294622,27,0,9,2,8,,294653,27,0,9,2,11,,294627,27,0,9,1,10,,294682,27,0,9,1,50,,294660,27,0,9,2,10,,294656,27,0,9,2,19,,294632,27,0,9,1,20,,294644,27,0,9,2,60,,294649,27,0,9,1,20,,294628,27,0,9,1,23,,294661,27,0,9,2,59,,294657,27,0,9,2,14,,294664,27,0,9,2,14,,294633,27,0,9,1,16,,294645,27,0,9,2,56,,294650,27,0,9,1,18,,294629,27,0,9,1,19,,294662,27,0,9,2,58,,294658,27,0,9,2,18,,294665,27,0,9,2,19,,294634,27,0,9,1,54,,294646,27,0,9,2,14,,294651,27,0,9,1,13,,294630,27,0,9,1,14,,294667,27,0,9,2,13,,294663,27,0,9,2,60,,294659,27,0,9,2,14,,294668,27,0,9,2,8,,294666,27,0,9,2,21,,294635,27,0,9,1,54,,294669,27,0,9,2,17,,294675,27,0,9,2,23,,294671,27,0,9,1,64,,294670,27,0,9,2,86,,294636,27,0,9,1,26,,294676,27,0,9,2,28,,294672,27,0,9,1,68,,294680,27,0,9,1,26,,294637,27,0,9,1,68,,294677,27,0,9,2,29,,294673,27,0,9,1,70,,294683,27,0,9,1,29,,294638,27,0,9,1,67,,294678,27,0,9,2,29,,294674,27,0,9,1,67,,294684,27,0,9,1,29,,294685,27,0,9,2,68,,294679,27,0,9,2
3204,'H54S100F-80-F1',517,,294730,27,0,9,1,30,,294693,27,0,9,1,71,,294686,27,0,9,2,16,,294710,27,0,9,2,17,,294731,27,0,9,1,69,,294694,27,0,9,1,29,,294687,27,0,9,2,74,,294711,27,0,9,2,32,,294695,27,0,9,1,71,,294688,27,0,9,2,30,,294732,27,0,9,1,61,,294719,27,0,9,1,22,,294712,27,0,9,2,67,,294696,27,0,9,1,28,,294723,27,0,9,2,20,,294689,27,0,9,2,59,,294720,27,0,9,1,19,,294713,27,0,9,2,19,,294726,27,0,9,2,59,,294697,27,0,9,1,19,,294724,27,0,9,2,19,,294690,27,0,9,2,59,,294721,27,0,9,1,20,,294714,27,0,9,2,20,,294727,27,0,9,2,61,,294698,27,0,9,1,21,,294725,27,0,9,2,20,,294691,27,0,9,2,60,,294704,27,0,9,1,19,,294722,27,0,9,1,21,,294728,27,0,9,2,65,,294699,27,0,9,1,25,,294692,27,0,9,2,62,,294705,27,0,9,1,22,,294715,27,0,9,2,23,,294729,27,0,9,2,64,,294700,27,0,9,1,31,,294706,27,0,9,1,72,,294716,27,0,9,2,33,,294701,27,0,9,1,71,,294707,27,0,9,1,31,,294717,27,0,9,2,73,,294702,27,0,9,1,28,,294708,27,0,9,1,68,,294718,27,0,9,2,29,,294733,27,0,9,1,65,,294703,27,0,9,1,28,,294709,27,0,9,1,67,,294734,27,0,9,2
3204,'H54S200F-80-F2',517,,294779,27,0,9,1,30,,294742,27,0,9,1,71,,294735,27,0,9,2,16,,294759,27,0,9,2,17,,294780,27,0,9,1,69,,294743,27,0,9,1,29,,294736,27,0,9,2,74,,294760,27,0,9,2,32,,294744,27,0,9,1,71,,294737,27,0,9,2,30,,294781,27,0,9,1,61,,294768,27,0,9,1,22,,294761,27,0,9,2,67,,294745,27,0,9,1,28,,294772,27,0,9,2,20,,294738,27,0,9,2,59,,294769,27,0,9,1,19,,294762,27,0,9,2,19,,294775,27,0,9,2,59,,294746,27,0,9,1,19,,294773,27,0,9,2,19,,294739,27,0,9,2,59,,294770,27,0,9,1,20,,294763,27,0,9,2,20,,294776,27,0,9,2,61,,294747,27,0,9,1,21,,294774,27,0,9,2,20,,294740,27,0,9,2,60,,294753,27,0,9,1,19,,294771,27,0,9,1,21,,294777,27,0,9,2,65,,294748,27,0,9,1,25,,294741,27,0,9,2,62,,294754,27,0,9,1,22,,294764,27,0,9,2,23,,294778,27,0,9,2,64,,294749,27,0,9,1,31,,294755,27,0,9,1,72,,294765,27,0,9,2,33,,294750,27,0,9,1,71,,294756,27,0,9,1,31,,294766,27,0,9,2,73,,294751,27,0,9,1,28,,294757,27,0,9,1,68,,294767,27,0,9,2,29,,294782,27,0,9,1,65,,294752,27,0,9,1,28,,294758,27,0,9,1,67,,294783,27,0,9,2
3204,'H57S000S-80-S',1647,,294784,27,0,9,1
3204,'H59S000S-80-S',1606,,294785,27,0,9,2,17,,294786,27,0,9,2
35302,'H54S000A-80-A',2531,,346060,51,0,10,1,85,,346058,51,0,10,1,85,,346059,51,0,10,1,45,,346057,51,0,10,2,85,,346061,51,0,10,1
35302,'H54S000I-80-I',2531,,346064,51,0,10,1,85,,346066,51,0,10,1,86,,346062,51,0,10,2,45,,346063,51,0,10,1,85,,346065,51,0,10,1
35302,'H54S000S-80-S',2529,,346069,51,0,10,1,85,,346070,51,0,10,1,45,,346067,51,0,10,1,86,,346071,51,0,10,2,85,,346068,51,0,10,1
35302,'H54S100F-80-F1',2531,,346074,51,0,10,1,85,,346076,51,0,10,1,86,,346072,51,0,10,2,45,,346073,51,0,10,1,85,,346075,51,0,10,1
35302,'H54S200F-80-F2',2531,,346079,51,0,10,1,85,,346081,51,0,10,1,86,,346077,51,0,10,2,45,,346078,51,0,10,1,85,,346080,51,0,10,1
