21204,'H60S000A-80-A',544,,343598,15,0,9,1,72,,343599,15,0,9,1,32,,343600,15,0,9,1,72,,343601,15,0,9,1,32,,343602,15,0,9,1,72,,343603,15,0,9,1,32,,343604,15,0,9,1,72,,343605,15,0,9,1,72,,343606,15,0,9,1,32,,343607,15,0,9,1,72,,343608,15,0,9,1,32,,343609,15,0,9,1,72,,343610,15,0,9,1,32,,343611,15,0,9,1,72,,343612,15,0,9,1,32,,343613,15,0,9,1,72,,343614,15,0,9,1,32,,343615,15,0,9,1,72,,343616,15,0,9,1,32,,343617,15,0,9,1,72,,343618,15,0,9,1,32,,343619,15,0,9,1,72,,343620,15,0,9,1,72,,343621,15,0,9,1,32,,343622,15,0,9,1,72,,343623,15,0,9,1,32,,343624,15,0,9,1,72,,343625,15,0,9,1,32,,343626,15,0,9,1,72,,343627,15,0,9,1,32,,343628,15,0,9,1,72,,343629,15,0,9,1,32,,343630,15,0,9,1,72,,343631,15,0,9,1,32,,343632,15,0,9,1,72,,343633,15,0,9,1,32,,343634,15,0,9,1,72,,343635,15,0,9,1,72,,343636,15,0,9,1,32,,343637,15,0,9,1
21204,'H60S000I-81-I',526,,343638,15,0,9,1,32,,343639,15,0,9,1,72,,343640,15,0,9,1,72,,343641,15,0,9,1,32,,343642,15,0,9,1,72,,343643,15,0,9,1,32,,343644,15,0,9,1,72,,343645,15,0,9,1,32,,343646,15,0,9,1,72,,343647,15,0,9,1,32,,343648,15,0,9,1,72,,343649,15,0,9,1,32,,343650,15,0,9,1,72,,343651,15,0,9,1,32,,343652,15,0,9,1,72,,343653,15,0,9,1,32,,343654,15,0,9,1,72,,343655,15,0,9,1,72,,343656,15,0,9,1,32,,343657,15,0,9,1,72,,343658,15,0,9,1,32,,343659,15,0,9,1,72,,343660,15,0,9,1,32,,343661,15,0,9,1,72,,343662,15,0,9,1,32,,343663,15,0,9,1,72,,343664,15,0,9,1,32,,343665,15,0,9,1,72,,343666,15,0,9,1,32,,343667,15,0,9,1,72,,343668,15,0,9,1,32,,343669,15,0,9,1,72,,343670,15,0,9,1,72,,343671,15,0,9,1,32,,343672,15,0,9,1,72,,343673,15,0,9,1,32,,343674,15,0,9,1
21204,'H60S000S-83-S',453,,343675,15,0,9,1,71,,343676,15,0,9,1,31,,343677,15,0,9,1,70,,343678,15,0,9,1,30,,343679,15,0,9,1,63,,343687,15,0,9,1,16,,343680,15,0,9,1,16,,343688,15,0,9,1,56,,343681,15,0,9,1,16,,343689,15,0,9,1,16,,343682,15,0,9,1,16,,343690,15,0,9,1,56,,343683,15,0,9,1,16,,343691,15,0,9,1,16,,343684,15,0,9,1,16,,343692,15,0,9,1,59,,343685,15,0,9,1,20,,343693,15,0,9,1,22,,343686,15,0,9,1,63,,343694,15,0,9,1,30,,343697,15,0,9,1,69,,343695,15,0,9,1,30,,343698,15,0,9,1,70,,343696,15,0,9,1,29,,343699,15,0,9,1,69,,343702,15,0,9,1,26,,343700,15,0,9,1,66,,343703,15,0,9,1,23,,343701,15,0,9,1,23,,343704,15,0,9,1,61,,343705,15,0,9,1,20,,343711,15,0,9,1,17,,343706,15,0,9,1,57,,343712,15,0,9,1,17,,343707,15,0,9,1,17,,343713,15,0,9,1,57,,343708,15,0,9,1,17,,343714,15,0,9,1,17,,343709,15,0,9,1,17,,343715,15,0,9,1,58,,343710,15,0,9,1,22,,343716,15,0,9,1,23,,343720,15,0,9,1,64,,343717,15,0,9,1,26,,343721,15,0,9,1,68,,343718,15,0,9,1,28,,343722,15,0,9,1,68,,343719,15,0,9,1,26,,343723,15,0,9,1,72,,343724,15,0,9,1,32,,343725,15,0,9,1,72,,343726,15,0,9,1,32,,343727,15,0,9,1,72,,343728,15,0,9,1,32,,343729,15,0,9,1
21204,'H60S100F-80-F1',526,,343730,15,0,9,1,32,,343731,15,0,9,1,72,,343732,15,0,9,1,72,,343733,15,0,9,1,32,,343734,15,0,9,1,72,,343735,15,0,9,1,32,,343736,15,0,9,1,72,,343737,15,0,9,1,32,,343738,15,0,9,1,72,,343739,15,0,9,1,32,,343740,15,0,9,1,72,,343741,15,0,9,1,32,,343742,15,0,9,1,72,,343743,15,0,9,1,32,,343744,15,0,9,1,72,,343745,15,0,9,1,32,,343746,15,0,9,1,72,,343747,15,0,9,1,72,,343748,15,0,9,1,32,,343749,15,0,9,1,72,,343750,15,0,9,1,32,,343751,15,0,9,1,72,,343752,15,0,9,1,32,,343753,15,0,9,1,72,,343754,15,0,9,1,32,,343755,15,0,9,1,72,,343756,15,0,9,1,32,,343757,15,0,9,1,72,,343758,15,0,9,1,32,,343759,15,0,9,1,72,,343760,15,0,9,1,32,,343761,15,0,9,1,72,,343762,15,0,9,1,72,,343763,15,0,9,1,32,,343764,15,0,9,1,72,,343765,15,0,9,1,32,,343766,15,0,9,1
21204,'H60S200F-80-F2',526,,343767,15,0,9,1,32,,343768,15,0,9,1,72,,343769,15,0,9,1,72,,343770,15,0,9,1,32,,343771,15,0,9,1,72,,343772,15,0,9,1,32,,343773,15,0,9,1,72,,343774,15,0,9,1,32,,343775,15,0,9,1,72,,343776,15,0,9,1,32,,343777,15,0,9,1,72,,343778,15,0,9,1,32,,343779,15,0,9,1,72,,343780,15,0,9,1,32,,343781,15,0,9,1,72,,343782,15,0,9,1,32,,343783,15,0,9,1,72,,343784,15,0,9,1,72,,343785,15,0,9,1,32,,343786,15,0,9,1,72,,343787,15,0,9,1,32,,343788,15,0,9,1,72,,343789,15,0,9,1,32,,343790,15,0,9,1,72,,343791,15,0,9,1,32,,343792,15,0,9,1,72,,343793,15,0,9,1,32,,343794,15,0,9,1,72,,343795,15,0,9,1,32,,343796,15,0,9,1,72,,343797,15,0,9,1,32,,343798,15,0,9,1,72,,343799,15,0,9,1,72,,343800,15,0,9,1,32,,343801,15,0,9,1,72,,343802,15,0,9,1,32,,343803,15,0,9,1
35401,'H56S000A-80-A',2520,,346083,3,0,5,1,85,,346086,3,0,5,2,45,,346084,3,0,5,1,85,,346085,3,0,5,1,85,,346082,3,0,5,1
35401,'H56S000I-80-I',2520,,346090,3,0,5,2,85,,346087,3,0,5,1,46,,346089,3,0,5,1,85,,346091,3,0,5,2,84,,346088,3,0,5,1
35401,'H56S000S-82-S',2520,,346094,3,0,5,1,85,,346096,3,0,5,2,46,,346093,3,0,5,1,86,,346095,3,0,5,1,85,,346092,3,0,5,1
35401,'H56S100F-80-F1',2520,,346100,3,0,5,2,85,,346097,3,0,5,1,46,,346099,3,0,5,1,85,,346101,3,0,5,2,84,,346098,3,0,5,1
35401,'H56S200F-80-F2',2520,,346105,3,0,5,2,85,,346102,3,0,5,1,46,,346104,3,0,5,1,85,,346106,3,0,5,2,84,,346103,3,0,5,1
