18001,'H58S000A-80-A',506,,334326,7,0,5,1,28,,334333,7,0,5,1,71,,334339,7,0,5,2,33,,334334,7,0,5,1,73,,334340,7,0,5,2,32,,334335,7,0,5,1,68,,334342,7,0,5,1,27,,334341,7,0,5,2,67,,334336,7,0,5,1,29,,334343,7,0,5,1,69,,334346,7,0,5,1,29,,334337,7,0,5,1,72,,334344,7,0,5,1,33,,334347,7,0,5,1,73,,334338,7,0,5,1,33,,334350,7,0,5,2,71,,334353,7,0,5,2,33,,334354,7,0,5,1,73,,334351,7,0,5,2,33,,334358,7,0,5,1,73,,334355,7,0,5,1,33,,334352,7,0,5,2,73,,334359,7,0,5,1,73,,334360,7,0,5,2,33,,334348,7,0,5,1,73,,334361,7,0,5,2,32,,334325,7,0,5,2,70,,334349,7,0,5,1,30,,334362,7,0,5,2,70,,334327,7,0,5,2,30,,334330,7,0,5,1,70,,334363,7,0,5,2,30,,334328,7,0,5,2,70,,334331,7,0,5,1,29,,334364,7,0,5,2,68,,334329,7,0,5,2,27,,334332,7,0,5,1,68,,334365,7,0,5,2,28,,334356,7,0,5,1,71,,334345,7,0,5,1,31,,334357,7,0,5,1
18001,'H58S000I-80-I',535,,334376,7,0,5,1,71,,334377,7,0,5,1,32,,334390,7,0,5,2,72,,334378,7,0,5,1,33,,334391,7,0,5,2,72,,334379,7,0,5,1,33,,334392,7,0,5,2,73,,334380,7,0,5,1,28,,334366,7,0,5,1,68,,334393,7,0,5,2,28,,334381,7,0,5,1,69,,334367,7,0,5,1,30,,334394,7,0,5,2,70,,334382,7,0,5,1,30,,334368,7,0,5,1,70,,334395,7,0,5,2,30,,334383,7,0,5,1,70,,334369,7,0,5,1,29,,334396,7,0,5,2,71,,334384,7,0,5,1,31,,334370,7,0,5,1,71,,334397,7,0,5,2,30,,334385,7,0,5,1,70,,334371,7,0,5,1,30,,334398,7,0,5,2,69,,334386,7,0,5,1,29,,334372,7,0,5,1,69,,334399,7,0,5,2,30,,334387,7,0,5,1,70,,334373,7,0,5,1,29,,334400,7,0,5,2,68,,334388,7,0,5,1,28,,334374,7,0,5,1,68,,334401,7,0,5,2,27,,334389,7,0,5,1,25,,334375,7,0,5,1,69,,334402,7,0,5,1,29,,334404,7,0,5,2,69,,334403,7,0,5,1,31,,334405,7,0,5,2
18001,'H58S000S-83-S',506,,334416,7,0,5,1,30,,334422,7,0,5,1,72,,334427,7,0,5,1,27,,334432,7,0,5,2,17,,334435,7,0,5,2,57,,334433,7,0,5,2,15,,334436,7,0,5,2,15,,334417,7,0,5,1,13,,334442,7,0,5,2,51,,334443,7,0,5,1,4,,334444,7,0,5,2,5,,334434,7,0,5,2,15,,334423,7,0,5,2,21,,334437,7,0,5,2,68,,334418,7,0,5,1,29,,334408,7,0,5,1,70,,334438,7,0,5,2,32,,334445,7,0,5,2,72,,334409,7,0,5,1,32,,334439,7,0,5,2,61,,334426,7,0,5,1,10,,334428,7,0,5,1,10,,334446,7,0,5,2,69,,334410,7,0,5,1,30,,334440,7,0,5,2,71,,334429,7,0,5,1,33,,334411,7,0,5,1,73,,334441,7,0,5,2,32,,334447,7,0,5,1,68,,334412,7,0,5,1,27,,334450,7,0,5,2,70,,334452,7,0,5,1,31,,334413,7,0,5,1,71,,334451,7,0,5,2,30,,334453,7,0,5,1,70,,334407,7,0,5,2,27,,334449,7,0,5,2,70,,334414,7,0,5,1,33,,334448,7,0,5,2,73,,334419,7,0,5,1,33,,334415,7,0,5,1,63,,334406,7,0,5,2,28,,334420,7,0,5,1,69,,334430,7,0,5,1,28,,334424,7,0,5,2,70,,334421,7,0,5,1,30,,334431,7,0,5,1,69,,334425,7,0,5,2
18001,'H58S100F-80-F1',535,,334466,7,0,5,2,71,,334467,7,0,5,1,32,,334477,7,0,5,2,72,,334468,7,0,5,1,33,,334478,7,0,5,2,72,,334469,7,0,5,1,33,,334479,7,0,5,2,73,,334470,7,0,5,1,28,,334456,7,0,5,1,68,,334480,7,0,5,2,28,,334471,7,0,5,1,69,,334457,7,0,5,1,30,,334481,7,0,5,2,70,,334472,7,0,5,1,30,,334458,7,0,5,1,70,,334482,7,0,5,2,30,,334473,7,0,5,1,70,,334459,7,0,5,1,29,,334483,7,0,5,2,71,,334474,7,0,5,1,31,,334460,7,0,5,1,71,,334491,7,0,5,2,30,,334475,7,0,5,1,70,,334461,7,0,5,1,30,,334492,7,0,5,2,69,,334476,7,0,5,1,29,,334462,7,0,5,1,69,,334493,7,0,5,2,30,,334488,7,0,5,2,70,,334463,7,0,5,1,29,,334486,7,0,5,2,68,,334489,7,0,5,2,28,,334464,7,0,5,1,68,,334487,7,0,5,2,27,,334490,7,0,5,2,25,,334465,7,0,5,1,69,,334484,7,0,5,1,29,,334454,7,0,5,1,69,,334485,7,0,5,1,31,,334455,7,0,5,1
18001,'H58S200F-80-F2',535,,334499,7,0,5,2,71,,334522,7,0,5,1,32,,334505,7,0,5,2,72,,334523,7,0,5,1,33,,334506,7,0,5,2,72,,334524,7,0,5,1,33,,334507,7,0,5,2,73,,334525,7,0,5,1,28,,334512,7,0,5,1,68,,334508,7,0,5,2,28,,334526,7,0,5,1,69,,334513,7,0,5,1,30,,334509,7,0,5,2,70,,334527,7,0,5,1,30,,334514,7,0,5,1,70,,334510,7,0,5,2,30,,334528,7,0,5,1,70,,334515,7,0,5,1,29,,334511,7,0,5,2,71,,334529,7,0,5,1,31,,334516,7,0,5,1,71,,334502,7,0,5,2,30,,334530,7,0,5,1,70,,334517,7,0,5,1,30,,334503,7,0,5,2,69,,334531,7,0,5,1,29,,334518,7,0,5,1,69,,334504,7,0,5,2,30,,334494,7,0,5,2,70,,334519,7,0,5,1,29,,334532,7,0,5,2,68,,334495,7,0,5,2,28,,334520,7,0,5,1,68,,334533,7,0,5,2,27,,334496,7,0,5,2,25,,334521,7,0,5,1,69,,334497,7,0,5,1,29,,334500,7,0,5,1,69,,334498,7,0,5,1,31,,334501,7,0,5,1
36504,'H58S000A-80-A',2525,,346870,7,0,9,1,75,,346872,7,0,9,1,33,,346875,7,0,9,1,76,,346869,7,0,9,1,33,,346874,7,0,9,1,72,,346871,7,0,9,1,32,,346873,7,0,9,1
36504,'H58S000I-80-I',2525,,346876,7,0,9,1,80,,346878,7,0,9,1,40,,346880,7,0,9,1,80,,346877,7,0,9,1,80,,346879,7,0,9,1,40,,346881,7,0,9,1
36504,'H58S000S-83-S',2524,,346884,7,0,9,1,81,,346886,7,0,9,1,40,,346882,7,0,9,1,80,,346883,7,0,9,1,80,,346885,7,0,9,1,40,,346887,7,0,9,1
36504,'H58S100F-80-F1',2525,,346890,7,0,9,1,80,,346888,7,0,9,1,40,,346892,7,0,9,1,80,,346891,7,0,9,1,80,,346889,7,0,9,1,40,,346893,7,0,9,1
36504,'H58S200F-80-F2',2525,,346894,7,0,9,1,80,,346896,7,0,9,1,40,,346898,7,0,9,1,80,,346895,7,0,9,1,80,,346897,7,0,9,1,40,,346899,7,0,9,1
