20001,'H56S000S-82-S',808,,339475,39,0,5,1
20001,'H60S000A-80-A',635,,339476,39,0,5,1,70,,339487,39,0,5,2,29,,339497,39,0,5,2,69,,339477,39,0,5,1,33,,339488,39,0,5,2,72,,339498,39,0,5,2,31,,339478,39,0,5,1,70,,339489,39,0,5,2,29,,339499,39,0,5,2,70,,339479,39,0,5,1,28,,339490,39,0,5,2,69,,339500,39,0,5,2,30,,339480,39,0,5,1,70,,339491,39,0,5,2,30,,339501,39,0,5,2,71,,339481,39,0,5,1,31,,339492,39,0,5,2,69,,339502,39,0,5,2,30,,339482,39,0,5,1,70,,339493,39,0,5,2,30,,339503,39,0,5,2,69,,339483,39,0,5,1,28,,339494,39,0,5,2,70,,339504,39,0,5,2,31,,339484,39,0,5,1,71,,339495,39,0,5,1,31,,339505,39,0,5,2,68,,339485,39,0,5,1,30,,339496,39,0,5,1,70,,339506,39,0,5,2,30,,339486,39,0,5,1
20001,'H60S000I-81-I',807,,339525,39,0,5,1,30,,339507,39,0,5,1,71,,339516,39,0,5,2,29,,339526,39,0,5,1,69,,339508,39,0,5,1,30,,339517,39,0,5,2,70,,339527,39,0,5,1,31,,339509,39,0,5,1,69,,339518,39,0,5,2,30,,339528,39,0,5,1,70,,339510,39,0,5,1,30,,339519,39,0,5,2,70,,339529,39,0,5,1,30,,339511,39,0,5,1,69,,339520,39,0,5,2,30,,339530,39,0,5,1,70,,339512,39,0,5,1,29,,339521,39,0,5,2,69,,339531,39,0,5,1,31,,339513,39,0,5,1,70,,339522,39,0,5,2,31,,339532,39,0,5,1,72,,339514,39,0,5,1,29,,339523,39,0,5,2,70,,339533,39,0,5,1,29,,339515,39,0,5,1,69,,339524,39,0,5,2,30,,339534,39,0,5,1
20001,'H60S000S-83-S',625,,339543,39,0,5,1,21,,339541,39,0,5,1,64,,339555,39,0,5,2,21,,339562,39,0,5,2,22,,339544,39,0,5,1,68,,339535,39,0,5,2,12,,339542,39,0,5,1,14,,339556,39,0,5,2,54,,339554,39,0,5,1,15,,339563,39,0,5,2,17,,339545,39,0,5,1,19,,339536,39,0,5,2,61,,339557,39,0,5,2,29,,339564,39,0,5,2,70,,339546,39,0,5,1,30,,339558,39,0,5,2,71,,339565,39,0,5,2,31,,339547,39,0,5,1,72,,339559,39,0,5,2,30,,339566,39,0,5,2,70,,339548,39,0,5,1,28,,339560,39,0,5,2,73,,339567,39,0,5,2,31,,339549,39,0,5,1,73,,339561,39,0,5,2,30,,339568,39,0,5,2,64,,339570,39,0,5,1,18,,339550,39,0,5,1,23,,339537,39,0,5,1,62,,339569,39,0,5,2,24,,339571,39,0,5,1,64,,339551,39,0,5,1,28,,339538,39,0,5,1,71,,339572,39,0,5,1,30,,339552,39,0,5,1,69,,339539,39,0,5,1,29,,339573,39,0,5,1,69,,339553,39,0,5,1,32,,339540,39,0,5,1
20001,'H60S100F-80-F1',807,,339592,39,0,5,1,30,,339574,39,0,5,1,71,,339583,39,0,5,1,29,,339593,39,0,5,1,69,,339575,39,0,5,1,30,,339584,39,0,5,1,70,,339594,39,0,5,1,31,,339576,39,0,5,1,69,,339585,39,0,5,1,30,,339595,39,0,5,1,70,,339577,39,0,5,1,30,,339586,39,0,5,1,70,,339596,39,0,5,1,30,,339578,39,0,5,1,69,,339587,39,0,5,1,30,,339597,39,0,5,1,70,,339579,39,0,5,1,29,,339588,39,0,5,1,69,,339598,39,0,5,1,31,,339580,39,0,5,1,70,,339589,39,0,5,1,31,,339599,39,0,5,1,72,,339581,39,0,5,1,29,,339590,39,0,5,1,70,,339600,39,0,5,1,29,,339582,39,0,5,1,69,,339591,39,0,5,1,30,,339601,39,0,5,1
20001,'H60S200F-80-F2',807,,339620,39,0,5,1,30,,339602,39,0,5,1,71,,339611,39,0,5,1,29,,339621,39,0,5,1,69,,339603,39,0,5,1,30,,339612,39,0,5,1,70,,339622,39,0,5,1,31,,339604,39,0,5,1,69,,339613,39,0,5,1,30,,339623,39,0,5,1,70,,339605,39,0,5,1,30,,339614,39,0,5,1,70,,339624,39,0,5,1,30,,339606,39,0,5,1,69,,339615,39,0,5,1,30,,339625,39,0,5,1,70,,339607,39,0,5,1,29,,339616,39,0,5,1,69,,339626,39,0,5,1,31,,339608,39,0,5,1,70,,339617,39,0,5,1,31,,339627,39,0,5,1,72,,339609,39,0,5,1,29,,339618,39,0,5,1,70,,339628,39,0,5,1,29,,339610,39,0,5,1,69,,339619,39,0,5,1,30,,339629,39,0,5,1
23002,'H60S000A-80-A',524,,345756,25,0,10,1,30,,345782,25,0,10,2,71,,345769,25,0,10,1,32,,345757,25,0,10,1,71,,345783,25,0,10,2,31,,345770,25,0,10,1,71,,345758,25,0,10,1,71,,345784,25,0,10,2,31,,345771,25,0,10,1,71,,345759,25,0,10,1,33,,345785,25,0,10,2,73,,345772,25,0,10,1,31,,345760,25,0,10,1,73,,345786,25,0,10,2,33,,345773,25,0,10,1,71,,345761,25,0,10,1,33,,345787,25,0,10,2,73,,345774,25,0,10,1,33,,345762,25,0,10,1,73,,345788,25,0,10,2,73,,345775,25,0,10,1,33,,345763,25,0,10,1,73,,345789,25,0,10,2,33,,345776,25,0,10,1,73,,345764,25,0,10,1,32,,345790,25,0,10,2,72,,345777,25,0,10,1,32,,345765,25,0,10,1,70,,345791,25,0,10,2,32,,345778,25,0,10,1,72,,345766,25,0,10,1,30,,345792,25,0,10,2,72,,345779,25,0,10,1,32,,345767,25,0,10,1,70,,345793,25,0,10,2,31,,345780,25,0,10,1,71,,345768,25,0,10,1,71,,345794,25,0,10,2,31,,345781,25,0,10,1
23002,'H60S000I-81-I',524,,345795,25,0,10,1,30,,345821,25,0,10,2,71,,345808,25,0,10,1,32,,345796,25,0,10,1,71,,345822,25,0,10,2,31,,345809,25,0,10,1,71,,345797,25,0,10,1,71,,345823,25,0,10,2,31,,345810,25,0,10,1,71,,345798,25,0,10,1,30,,345824,25,0,10,2,72,,345811,25,0,10,1,30,,345799,25,0,10,1,70,,345825,25,0,10,2,32,,345812,25,0,10,1,70,,345800,25,0,10,1,30,,345826,25,0,10,2,72,,345813,25,0,10,1,30,,345801,25,0,10,1,72,,345827,25,0,10,2,33,,345814,25,0,10,1,70,,345802,25,0,10,1,32,,345828,25,0,10,2,73,,345815,25,0,10,1,30,,345803,25,0,10,1,71,,345829,25,0,10,2,31,,345816,25,0,10,1,69,,345804,25,0,10,1,30,,345830,25,0,10,2,71,,345817,25,0,10,1,29,,345805,25,0,10,1,70,,345831,25,0,10,2,31,,345818,25,0,10,1,70,,345806,25,0,10,1,30,,345832,25,0,10,2,72,,345819,25,0,10,1,33,,345807,25,0,10,1,73,,345833,25,0,10,2,73,,345820,25,0,10,1
23002,'H60S000S-83-S',520,,345834,25,0,10,2,27,,345850,25,0,10,1,66,,345860,28,0,99 94,1,15,,345848,25,0,10,2,12,,345841,25,0,10,2,14,,345868,28,0,99 94,1,49,,345881,25,0,10,2,13,,345879,28,0,99 94,2,12,,345835,25,0,10,2,16,,345880,28,0,99 94,2,14,,345861,25,0,10,1,57,,345849,28,0,99 94,2,16,,345842,25,0,10,2,20,,345869,28,0,99 94,1,67,,345836,25,0,10,2,29,,345862,25,0,10,1,70,,345843,25,0,10,2,27,,345870,25,0,10,1,70,,345837,25,0,10,2,30,,345863,25,0,10,1,70,,345844,25,0,10,2,30,,345871,25,0,10,1,70,,345838,25,0,10,2,30,,345864,25,0,10,1,72,,345845,25,0,10,2,34,,345872,25,0,10,1,65,,345839,25,0,10,2,26,,345865,25,0,10,1,63,,345846,25,0,10,2,21,,345882,25,0,10,1,17,,345873,25,0,10,1,15,,345884,25,0,10,2,58,,345840,25,0,10,2,14,,345866,25,0,10,1,14,,345851,25,0,10,1,15,,345847,25,0,10,2,56,,345883,25,0,10,1,17,,345874,25,0,10,1,20,,345856,25,0,10,1,64,,345867,25,0,10,1,24,,345852,25,0,10,1,71,,345875,25,0,10,1,33,,345857,25,0,10,1,73,,345853,25,0,10,1,31,,345876,25,0,10,1,72,,345858,25,0,10,1,32,,345854,25,0,10,1,73,,345877,25,0,10,1,33,,345859,25,0,10,1,73,,345855,25,0,10,1,73,,345878,25,0,10,1
23002,'H60S100F-80-F1',524,,345885,25,0,10,1,30,,345909,25,0,10,2,71,,345896,25,0,10,1,32,,345886,25,0,10,1,71,,345910,25,0,10,2,31,,345897,25,0,10,1,71,,345887,25,0,10,1,71,,345911,25,0,10,2,31,,345898,25,0,10,1,71,,345888,25,0,10,1,30,,345912,25,0,10,2,72,,345899,25,0,10,1,30,,345889,25,0,10,1,70,,345913,25,0,10,2,32,,345900,25,0,10,1,70,,345890,25,0,10,1,30,,345914,25,0,10,2,72,,345901,25,0,10,1,30,,345891,25,0,10,1,72,,345915,25,0,10,2,33,,345902,25,0,10,1,70,,345892,25,0,10,1,32,,345916,25,0,10,2,73,,345903,25,0,10,1,30,,345893,25,0,10,1,71,,345917,25,0,10,2,31,,345904,25,0,10,1,69,,345894,25,0,10,1,30,,345918,25,0,10,2,71,,345905,25,0,10,1,29,,345895,25,0,10,1,70,,345919,25,0,10,2,31,,345906,25,0,10,1,70,,345922,25,0,10,1,30,,345920,25,0,10,2,72,,345907,25,0,10,1,33,,345923,25,0,10,1,73,,345921,25,0,10,2,73,,345908,25,0,10,1
23002,'H60S200F-80-F2',524,,345924,25,0,10,1,30,,345948,25,0,10,2,71,,345935,25,0,10,1,32,,345925,25,0,10,1,71,,345949,25,0,10,2,31,,345936,25,0,10,1,71,,345926,25,0,10,1,71,,345950,25,0,10,2,31,,345937,25,0,10,1,71,,345927,25,0,10,1,30,,345951,25,0,10,2,72,,345938,25,0,10,1,30,,345928,25,0,10,1,70,,345952,25,0,10,2,32,,345939,25,0,10,1,70,,345929,25,0,10,1,30,,345953,25,0,10,2,72,,345940,25,0,10,1,30,,345930,25,0,10,1,72,,345954,25,0,10,2,33,,345941,25,0,10,1,70,,345931,25,0,10,1,32,,345955,25,0,10,2,73,,345942,25,0,10,1,30,,345932,25,0,10,1,71,,345956,25,0,10,2,31,,345943,25,0,10,1,69,,345933,25,0,10,1,30,,345957,25,0,10,2,71,,345944,25,0,10,1,29,,345934,25,0,10,1,70,,345958,25,0,10,2,31,,345945,25,0,10,1,70,,345961,25,0,10,1,30,,345959,25,0,10,2,72,,345946,25,0,10,1,33,,345962,25,0,10,1,73,,345960,25,0,10,2,73,,345947,25,0,10,1
38201,'H60S000A-80-A',2558,,347353,13,0,5,1,85,,347355,13,0,5,1,85,,347354,13,0,5,1,85,,347356,13,0,5,1
38201,'H60S000I-81-I',2558,,347357,13,0,5,1,85,,347360,13,0,5,1,85,,347359,13,0,5,1,85,,347358,13,0,5,1
38201,'H60S000S-83-S',2556,,347362,13,0,5,1,87,,347363,13,0,5,1,85,,347361,13,0,5,2,85,,347364,13,0,5,1
38201,'H60S100F-80-F1',2558,,347366,13,0,5,2,85,,347368,13,0,5,1,85,,347367,13,0,5,1,85,,347365,13,0,5,1
38201,'H60S200F-80-F2',2558,,347370,13,0,5,2,85,,347372,13,0,5,1,85,,347371,13,0,5,1,85,,347369,13,0,5,1
