8601,'H54S000A-80-A',650,,310975,93,0,5,2,73,,310956,93,0,5,1,33,,310964,93,0,5,2,74,,310970,93,0,5,2,72,,310982,93,0,5,1,34,,310976,93,0,5,2,73,,310957,93,0,5,1,34,,310965,93,0,5,2,72,,310971,93,0,5,2,32,,310983,93,0,5,1,74,,310977,93,0,5,2,33,,310958,93,0,5,1,73,,310966,93,0,5,2,73,,310972,93,0,5,2,33,,310984,93,0,5,1,72,,310978,93,0,5,2,33,,310959,93,0,5,1,73,,310967,93,0,5,2,31,,310973,93,0,5,2,73,,310985,93,0,5,1,32,,310979,93,0,5,2,73,,310960,93,0,5,1,30,,310968,93,0,5,2,71,,310974,93,0,5,2,33,,310986,93,0,5,1,72,,310980,93,0,5,2,33,,310961,93,0,5,1,73,,310969,93,0,5,2,73,,310989,93,0,5,2,31,,310987,93,0,5,1,72,,310981,93,0,5,2,32,,310962,93,0,5,1,71,,310954,93,0,5,1,31,,310990,93,0,5,2,71,,310988,93,0,5,1,33,,310963,93,0,5,1,72,,310955,93,0,5,1,31,,310991,93,0,5,2
8601,'H54S000I-80-I',650,,311015,93,0,5,2,72,,310996,93,0,5,1,33,,311002,93,0,5,2,70,,311010,93,0,5,1,32,,311022,93,0,5,1,73,,311016,93,0,5,2,72,,310997,93,0,5,1,34,,311003,93,0,5,2,73,,311011,93,0,5,1,33,,311023,93,0,5,1,73,,311017,93,0,5,2,32,,310998,93,0,5,1,72,,311004,93,0,5,2,32,,311012,93,0,5,1,72,,311024,93,0,5,1,32,,311018,93,0,5,2,72,,310999,93,0,5,1,73,,311005,93,0,5,2,32,,311013,93,0,5,1,71,,311025,93,0,5,1,33,,311019,93,0,5,2,73,,311000,93,0,5,1,32,,311006,93,0,5,2,73,,311014,93,0,5,1,33,,311026,93,0,5,1,70,,311020,93,0,5,2,32,,311001,93,0,5,1,71,,311007,93,0,5,2,31,,310994,93,0,5,1,70,,310995,93,0,5,2,30,,311021,93,0,5,2,68,,311028,93,0,5,1,30,,311008,93,0,5,2,71,,311029,93,0,5,1,32,,310992,93,0,5,1,72,,311030,93,0,5,2,29,,311009,93,0,5,2,70,,311027,93,0,5,1,30,,310993,93,0,5,1
8601,'H54S000S-80-S',647,,311044,93,0,5,1,67,,311031,93,0,5,2,30,,311037,93,0,5,2,74,,311038,93,0,5,2,35,,311062,93,0,5,1,69,,311045,93,0,5,1,29,,311032,93,0,5,2,71,,311065,93,0,5,1,31,,311039,93,0,5,2,70,,311063,93,0,5,1,29,,311052,93,0,5,2,66,,311046,93,0,5,1,25,,311033,93,0,5,2,70,,311066,93,0,5,1,30,,311040,93,0,5,2,69,,311064,93,0,5,1,31,,311053,93,0,5,2,71,,311047,93,0,5,1,30,,311034,93,0,5,2,71,,311067,93,0,5,1,31,,311041,93,0,5,2,72,,311058,93,0,5,1,32,,311054,93,0,5,2,72,,311048,93,0,5,1,27,,311035,93,0,5,2,71,,311042,93,0,5,2,31,,311059,93,0,5,1,68,,311055,93,0,5,2,29,,311049,93,0,5,1,69,,311036,93,0,5,2,29,,311043,93,0,5,2,69,,311060,93,0,5,1,29,,311056,93,0,5,2,67,,311050,93,0,5,1,25,,311070,93,0,5,1,68,,311068,93,0,5,2,30,,311061,93,0,5,1,70,,311057,93,0,5,2,31,,311051,93,0,5,1,71,,311071,93,0,5,1,31,,311069,93,0,5,2
8601,'H54S100F-80-F1',650,,311095,93,0,5,2,72,,311076,93,0,5,1,33,,311082,93,0,5,2,70,,311090,93,0,5,1,32,,311102,93,0,5,1,73,,311096,93,0,5,2,72,,311077,93,0,5,1,34,,311083,93,0,5,2,73,,311091,93,0,5,1,33,,311103,93,0,5,1,73,,311097,93,0,5,2,32,,311078,93,0,5,1,72,,311084,93,0,5,2,32,,311092,93,0,5,1,72,,311104,93,0,5,1,32,,311098,93,0,5,2,72,,311079,93,0,5,1,73,,311085,93,0,5,2,32,,311093,93,0,5,1,71,,311105,93,0,5,1,33,,311099,93,0,5,2,73,,311080,93,0,5,1,32,,311086,93,0,5,2,73,,311094,93,0,5,1,33,,311106,93,0,5,1,70,,311100,93,0,5,2,32,,311081,93,0,5,1,71,,311087,93,0,5,2,31,,311074,93,0,5,1,70,,311075,93,0,5,2,30,,311101,93,0,5,2,68,,311108,93,0,5,1,30,,311088,93,0,5,2,71,,311109,93,0,5,1,32,,311072,93,0,5,1,72,,311110,93,0,5,2,29,,311089,93,0,5,2,70,,311107,93,0,5,1,30,,311073,93,0,5,1
8601,'H54S200F-80-F2',650,,311134,93,0,5,2,72,,311115,93,0,5,1,33,,311121,93,0,5,2,70,,311129,93,0,5,1,32,,311141,93,0,5,1,73,,311135,93,0,5,2,72,,311116,93,0,5,1,34,,311122,93,0,5,2,73,,311130,93,0,5,1,33,,311142,93,0,5,1,73,,311136,93,0,5,2,32,,311117,93,0,5,1,72,,311123,93,0,5,2,32,,311131,93,0,5,1,72,,311143,93,0,5,1,32,,311137,93,0,5,2,72,,311118,93,0,5,1,73,,311124,93,0,5,2,32,,311132,93,0,5,1,71,,311144,93,0,5,1,33,,311138,93,0,5,2,73,,311119,93,0,5,1,32,,311125,93,0,5,2,73,,311133,93,0,5,1,33,,311145,93,0,5,1,70,,311139,93,0,5,2,32,,311120,93,0,5,1,71,,311126,93,0,5,2,31,,311113,93,0,5,1,70,,311114,93,0,5,2,30,,311140,93,0,5,2,68,,311147,93,0,5,1,30,,311127,93,0,5,2,71,,311148,93,0,5,1,32,,311111,93,0,5,1,72,,311149,93,0,5,2,29,,311128,93,0,5,2,70,,311146,93,0,5,1,30,,311112,93,0,5,1
18901,'H54S000A-80-A',546,,336280,49,0,5,1,69,,336298,49,0,5,1,29,,336320,49,0,5,1,69,,336281,49,0,5,1,30,,336299,49,0,5,1,72,,336321,49,0,5,1,35,,336291,49,0,5,1,72,,336268,49,0,5,1,31,,336322,49,0,5,1,71,,336292,49,0,5,1,29,,336269,49,0,5,1,71,,336305,49,0,5,1,29,,336293,49,0,5,1,69,,336300,49,0,5,1,28,,336306,49,0,5,1,67,,336277,49,0,5,2,19,,336294,49,0,5,1,19,,336301,49,0,5,1,58,,336272,49,0,5,1,18,,336307,49,0,5,1,18,,336278,49,0,5,2,58,,336295,49,0,5,1,20,,336302,49,0,5,1,20,,336273,49,0,5,1,57,,336308,49,0,5,1,16,,336279,49,0,5,2,16,,336296,49,0,5,1,15,,336303,49,0,5,1,54,,336323,49,0,5,1,14,,336309,49,0,5,1,16,,336314,49,0,5,1,15,,336297,49,0,5,1,54,,336270,49,0,5,2,15,,336304,49,0,5,1,13,,336289,49,0,5,1,14,,336310,49,0,5,1,56,,336282,49,0,5,1,17,,336315,49,0,5,1,17,,336271,49,0,5,2,17,,336311,49,0,5,1,58,,336290,49,0,5,1,19,,336283,49,0,5,1,25,,336316,49,0,5,1,66,,336312,49,0,5,1,26,,336284,49,0,5,1,65,,336274,49,0,5,2,24,,336317,49,0,5,1,64,,336313,49,0,5,1,23,,336285,49,0,5,1,23,,336275,49,0,5,2,63,,336287,49,0,5,2,23,,336318,49,0,5,1,21,,336286,49,0,5,1,65,,336276,49,0,5,2,29,,336288,49,0,5,2,70,,336319,49,0,5,1
18901,'H54S000I-80-I',543,,336329,49,0,5,1,69,,336334,49,0,5,2,32,,336344,49,0,5,1,69,,336330,49,0,5,1,29,,336335,49,0,5,2,69,,336345,49,0,5,1,29,,336331,49,0,5,1,71,,336336,49,0,5,2,33,,336346,49,0,5,1,70,,336332,49,0,5,1,30,,336337,49,0,5,2,72,,336359,49,0,5,2,34,,336333,49,0,5,1,72,,336349,49,0,5,1,30,,336360,49,0,5,2,69,,336361,49,0,5,1,30,,336350,49,0,5,1,69,,336338,49,0,5,2,25,,336362,49,0,5,1,63,,336324,49,0,5,2,23,,336351,49,0,5,1,22,,336339,49,0,5,2,59,,336325,49,0,5,2,18,,336363,49,0,5,1,16,,336347,49,0,5,1,56,,336352,49,0,5,1,17,,336348,49,0,5,2,15,,336340,49,0,5,2,16,,336328,49,0,5,1,55,,336364,49,0,5,1,14,,336327,49,0,5,1,13,,336353,49,0,5,1,17,,336326,49,0,5,1,59,,336341,49,0,5,2,24,,336365,49,0,5,1,69,,336354,49,0,5,1,31,,336342,49,0,5,2,70,,336366,49,0,5,1,30,,336355,49,0,5,1,70,,336343,49,0,5,2,30,,336367,49,0,5,1,70,,336356,49,0,5,1,26,,336370,49,0,5,2,28,,336368,49,0,5,1,67,,336357,49,0,5,1,26,,336371,49,0,5,2,69,,336369,49,0,5,1,32,,336358,49,0,5,1
18901,'H54S000S-80-S',545,,336385,49,0,5,1,73,,336394,49,0,5,2,31,,336372,49,0,5,1,74,,336395,49,0,5,2,35,,336396,49,0,5,2,70,,336386,49,0,5,1,26,,336402,49,0,5,2,69,,336408,49,0,5,2,26,,336397,49,0,5,2,68,,336387,49,0,5,1,30,,336403,49,0,5,2,70,,336373,49,0,5,2,27,,336388,49,0,5,1,62,,336409,49,0,5,2,20,,336404,49,0,5,2,20,,336398,49,0,5,2,59,,336412,49,0,5,1,18,,336389,49,0,5,1,19,,336410,49,0,5,2,59,,336405,49,0,5,2,19,,336399,49,0,5,2,19,,336413,49,0,5,1,19,,336390,49,0,5,1,58,,336411,49,0,5,2,9,,336380,49,0,5,2,14,,336406,49,0,5,2,12,,336400,49,0,5,2,51,,336435,49,0,5,1,11,,336414,49,0,5,1,19,,336375,49,0,5,2,9,,336383,49,0,5,1,12,,336431,49,0,5,2,54,,336415,49,0,5,2,6,,336424,49,0,5,1,7,,336407,49,0,5,2,6,,336392,49,0,5,1,4,,336434,49,0,5,2,7,,336422,49,0,5,2,7,,336436,49,0,5,1,8,,336382,49,0,5,2,7,,336401,49,0,5,2,48,,336432,49,0,5,2,7,,336384,49,0,5,1,7,,336377,49,0,5,1,9,,336425,49,0,5,1,9,,336393,49,0,5,1,11,,336379,49,0,5,2,51,,336437,49,0,5,1,12,,336423,49,0,5,2,14,,336417,49,0,5,2,16,,336433,49,0,5,2,59,,336426,49,0,5,1,19,,336440,49,0,5,1,19,,336438,49,0,5,1,18,,336418,49,0,5,2,57,,336381,49,0,5,2,19,,336427,49,0,5,1,20,,336441,49,0,5,1,60,,336374,49,0,5,2,20,,336419,49,0,5,2,24,,336428,49,0,5,1,65,,336442,49,0,5,1,23,,336378,49,0,5,1,61,,336420,49,0,5,2,23,,336429,49,0,5,1,21,,336439,49,0,5,1,71,,336421,49,0,5,2,30,,336430,49,0,5,1
18901,'H54S100F-80-F1',543,,336448,49,0,5,1,69,,336453,49,0,5,2,32,,336463,49,0,5,1,69,,336449,49,0,5,1,29,,336454,49,0,5,2,69,,336464,49,0,5,1,29,,336450,49,0,5,1,71,,336455,49,0,5,2,33,,336465,49,0,5,1,70,,336451,49,0,5,1,30,,336456,49,0,5,2,72,,336478,49,0,5,2,34,,336452,49,0,5,1,72,,336468,49,0,5,1,30,,336479,49,0,5,2,69,,336480,49,0,5,1,30,,336469,49,0,5,1,69,,336457,49,0,5,2,25,,336481,49,0,5,1,63,,336443,49,0,5,2,23,,336470,49,0,5,1,22,,336458,49,0,5,2,59,,336444,49,0,5,2,18,,336482,49,0,5,1,16,,336466,49,0,5,1,56,,336471,49,0,5,1,17,,336467,49,0,5,2,15,,336459,49,0,5,2,16,,336447,49,0,5,1,55,,336483,49,0,5,1,14,,336446,49,0,5,1,13,,336472,49,0,5,1,17,,336445,49,0,5,1,59,,336460,49,0,5,2,24,,336484,49,0,5,1,69,,336473,49,0,5,1,31,,336461,49,0,5,2,70,,336485,49,0,5,1,30,,336474,49,0,5,1,70,,336462,49,0,5,2,30,,336486,49,0,5,1,70,,336475,49,0,5,1,26,,336489,49,0,5,2,28,,336487,49,0,5,1,67,,336476,49,0,5,1,26,,336490,49,0,5,2,69,,336488,49,0,5,1,32,,336477,49,0,5,1
18901,'H54S200F-80-F2',543,,336496,49,0,5,1,69,,336501,49,0,5,2,32,,336511,49,0,5,1,69,,336497,49,0,5,1,29,,336502,49,0,5,2,69,,336512,49,0,5,1,29,,336498,49,0,5,1,71,,336503,49,0,5,2,33,,336513,49,0,5,1,70,,336499,49,0,5,1,30,,336504,49,0,5,2,72,,336526,49,0,5,2,34,,336500,49,0,5,1,72,,336516,49,0,5,1,30,,336527,49,0,5,2,69,,336528,49,0,5,1,30,,336517,49,0,5,1,69,,336505,49,0,5,2,25,,336529,49,0,5,1,63,,336491,49,0,5,2,23,,336518,49,0,5,1,22,,336506,49,0,5,2,59,,336492,49,0,5,2,18,,336530,49,0,5,1,16,,336514,49,0,5,1,56,,336519,49,0,5,1,17,,336515,49,0,5,2,15,,336507,49,0,5,2,16,,336495,49,0,5,1,55,,336531,49,0,5,1,14,,336494,49,0,5,1,13,,336520,49,0,5,1,17,,336493,49,0,5,1,59,,336508,49,0,5,2,24,,336532,49,0,5,1,69,,336521,49,0,5,1,31,,336509,49,0,5,2,70,,336533,49,0,5,1,30,,336522,49,0,5,1,70,,336510,49,0,5,2,30,,336534,49,0,5,1,70,,336523,49,0,5,1,26,,336537,49,0,5,2,28,,336535,49,0,5,1,67,,336524,49,0,5,1,26,,336538,49,0,5,2,69,,336536,49,0,5,1,32,,336525,49,0,5,1
18901,'H59S000S-80-S',1623,,336539,49,0,5,2,78,,336540,49,0,5,2
36201,'H54S000A-80-A',2719,,346656,102,0,5,1,85,,346657,102,0,5,2,45,,346659,102,0,5,1,85,,346658,102,0,5,2
36201,'H54S000I-80-I',2635,,346662,102,0,5,2,84,,346660,102,0,5,1,84,,346664,102,0,5,2,45,,346661,102,0,5,1,85,,346663,102,0,5,2
36201,'H54S000S-80-S',2634,,346667,102,0,5,1,85,,346666,102,0,5,1,85,,346665,102,0,5,1,44,,346669,102,0,5,1,85,,346668,102,0,5,1
36201,'H54S100F-80-F1',2635,,346672,102,0,5,2,84,,346670,102,0,5,1,84,,346674,102,0,5,2,45,,346671,102,0,5,1,85,,346673,102,0,5,2
36201,'H54S200F-80-F2',2635,,346677,102,0,5,2,84,,346675,102,0,5,1,84,,346679,102,0,5,2,45,,346676,102,0,5,1,85,,346678,102,0,5,2
41001,'H57S000S-80-S',1612,,347395,34,0,5,1,33,,347398,34,0,5,2,71,,347401,34,0,5,2,31,,347400,34,0,5,1,62,,347397,34,0,5,2,21,,347399,34,0,5,1,23,,347393,34,0,5,1,64,,347396,34,0,5,2,28,,347402,34,0,5,2,67,,347394,34,0,5,1
48701,'H54S000S-80-S',702,,350429,14,0,99 124,2,32,,350431,14,0,99 124,2,70,,350439,14,0,99 124,1,31,,350430,14,0,99 124,2,69,,350432,14,0,99 124,2,627,,350433,29,0,99 125,2,73,,350427,29,0,99 125,2,32,,350438,29,0,99 125,2,18,,350435,29,0,99 125,1,53,,350434,29,0,99 125,2,14,,350440,29,0,99 125,2,17,,350423,29,0,99 125,1,17,,350426,29,0,99 125,1,55,,350424,29,0,99 125,2,22,,350436,29,0,99 125,1,69,,350428,29,0,99 125,2,28,,350425,29,0,99 125,2,26,,350437,29,0,99 125,1
