4302,'H58S000A-80-A',529,,297895,18,0,10,1,73,,297901,18,0,10,2,33,,297909,18,0,10,1,73,,297916,18,0,10,2,33,,297923,18,0,10,2,74,,297896,18,0,10,1,33,,297902,18,0,10,2,71,,297910,18,0,10,1,33,,297917,18,0,10,2,72,,297924,18,0,10,1,32,,297897,18,0,10,1,72,,297903,18,0,10,2,72,,297911,18,0,10,1,33,,297918,18,0,10,2,72,,297925,18,0,10,1,32,,297898,18,0,10,1,72,,297904,18,0,10,2,32,,297912,18,0,10,1,70,,297919,18,0,10,2,31,,297926,18,0,10,1,69,,297899,18,0,10,1,30,,297905,18,0,10,2,68,,297913,18,0,10,1,29,,297920,18,0,10,2,66,,297927,18,0,10,1,26,,297900,18,0,10,1,24,,297908,18,0,10,2,66,,297906,18,0,10,2,27,,297914,18,0,10,1,69,,297921,18,0,10,2,32,,297929,18,0,10,1,70,,297928,18,0,10,2,33,,297915,18,0,10,1,71,,297922,18,0,10,2,91,,297930,18,0,10,1,96,,297907,18,0,10,1,97,,297931,18,0,10,1
4302,'H58S000I-80-I',603,,297938,18,0,10,2,29,,297939,18,0,10,1,70,,297948,18,0,10,2,31,,297956,18,0,10,1,74,,297950,18,0,10,2,34,,297940,18,0,10,1,74,,297949,18,0,10,2,36,,297957,18,0,10,1,72,,297951,18,0,10,2,32,,297941,18,0,10,1,72,,297947,18,0,10,1,32,,297962,18,0,10,1,70,,297958,18,0,10,1,71,,297952,18,0,10,2,30,,297942,18,0,10,1,70,,297933,18,0,10,1,30,,297963,18,0,10,1,71,,297959,18,0,10,1,30,,297953,18,0,10,2,70,,297943,18,0,10,1,29,,297934,18,0,10,1,70,,297964,18,0,10,1,29,,297960,18,0,10,1,29,,297954,18,0,10,2,68,,297944,18,0,10,1,27,,297935,18,0,10,1,67,,297965,18,0,10,1,26,,297961,18,0,10,1,67,,297968,18,0,10,2,28,,297932,18,0,10,2,69,,297945,18,0,10,1,32,,297955,18,0,10,1,72,,297966,18,0,10,1,91,,297936,18,0,10,1,52,,297946,18,0,10,1,92,,297967,18,0,10,2,94,,297937,18,0,10,1
4302,'H58S000S-83-S',455,,297969,18,0,10,2,57,,297975,18,0,10,1,25,,297976,18,0,10,1,67,,297985,18,0,10,1,24,,297970,18,0,10,1,73,,297983,18,0,10,2,34,,297989,18,0,10,1,74,,297977,18,0,10,1,33,,297986,18,0,10,1,72,,297971,18,0,10,1,32,,297991,18,0,10,2,72,,297990,18,0,10,1,33,,297978,18,0,10,1,74,,297987,18,0,10,1,33,,297972,18,0,10,1,73,,297992,18,0,10,2,72,,297993,18,0,10,1,31,,297995,18,0,10,2,70,,297979,18,0,10,1,30,,297988,18,0,10,1,71,,297973,18,0,10,1,34,,297998,18,0,10,1,73,,297996,18,0,10,2,25,,297981,18,0,10,2,65,,297980,18,0,10,1,30,,297999,18,0,10,2,70,,297974,18,0,10,1,28,,297994,18,0,10,2,27,,297997,18,0,10,2,71,,297982,18,0,10,2,29,,298006,18,0,10,1,71,,298000,18,0,10,2,31,,298003,18,0,10,1,71,,298002,18,0,10,2,29,,298007,18,0,10,1,76,,298001,18,0,10,2,77,,298004,18,0,10,1,44,,298008,18,0,10,1,87,,298005,18,0,10,2,91,,297984,18,0,10,1
4302,'H58S100F-80-F1',455,,298009,18,0,10,1,57,,298010,18,0,10,2,25,,298013,18,0,10,2,66,,298020,18,0,10,2,24,,298028,18,0,10,1,73,,298016,18,0,10,1,33,,298024,18,0,10,2,73,,298011,18,0,10,1,33,,298021,18,0,10,2,72,,298029,18,0,10,1,34,,298025,18,0,10,2,72,,298034,18,0,10,1,33,,298012,18,0,10,1,73,,298022,18,0,10,2,33,,298030,18,0,10,1,73,,298026,18,0,10,2,73,,298035,18,0,10,1,31,,298041,18,0,10,1,70,,298017,18,0,10,1,30,,298023,18,0,10,2,71,,298031,18,0,10,1,33,,298027,18,0,10,2,72,,298042,18,0,10,1,25,,298044,18,0,10,2,25,,298019,18,0,10,2,71,,298032,18,0,10,1,70,,298043,18,0,10,2,29,,298033,18,0,10,1,28,,298014,18,0,10,1,71,,298047,18,0,10,1,29,,298036,18,0,10,1,71,,298046,18,0,10,2,30,,298045,18,0,10,2,71,,298015,18,0,10,1,29,,298048,18,0,10,1,77,,298037,18,0,10,1,76,,298018,18,0,10,1,45,,298039,18,0,10,1,93,,298038,18,0,10,1,94,,298040,18,0,10,1
4302,'H58S200F-80-F2',455,,298073,18,0,10,1,57,,298074,18,0,10,2,25,,298051,18,0,10,2,66,,298052,18,0,10,2,24,,298060,18,0,10,1,73,,298070,18,0,10,1,33,,298056,18,0,10,2,73,,298069,18,0,10,1,33,,298053,18,0,10,2,72,,298061,18,0,10,1,34,,298057,18,0,10,2,72,,298087,18,0,10,1,33,,298071,18,0,10,1,73,,298054,18,0,10,2,33,,298062,18,0,10,1,73,,298058,18,0,10,2,73,,298088,18,0,10,1,31,,298075,18,0,10,1,70,,298078,18,0,10,1,30,,298055,18,0,10,2,71,,298063,18,0,10,1,33,,298059,18,0,10,2,72,,298065,18,0,10,1,25,,298066,18,0,10,2,25,,298086,18,0,10,2,71,,298064,18,0,10,1,70,,298085,18,0,10,2,29,,298049,18,0,10,1,28,,298076,18,0,10,1,71,,298067,18,0,10,1,29,,298080,18,0,10,1,71,,298072,18,0,10,2,30,,298050,18,0,10,2,71,,298077,18,0,10,1,29,,298068,18,0,10,1,77,,298081,18,0,10,1,76,,298079,18,0,10,1,45,,298083,18,0,10,1,93,,298082,18,0,10,1,94,,298084,18,0,10,1
4902,'H54S000S-80-S',1623,,300609,25,0,10,2
4902,'H57S000S-80-S',825,,300610,25,0,10,1
4902,'H58S000A-80-A',507,,300611,25,0,10,2,17,,300617,25,0,10,1,16,,300628,25,0,10,1,15,,300629,25,0,10,2,55,,300631,25,0,10,2,15,,300634,25,0,10,1,16,,300638,25,0,10,1,15,,300642,25,0,10,2,55,,300612,25,0,10,2,15,,300645,25,0,10,2,14,,300639,25,0,10,1,16,,300650,25,0,10,1,56,,300619,25,0,10,1,19,,300651,25,0,10,1,12,,300635,25,0,10,1,12,,300655,25,0,10,2,53,,300643,25,0,10,2,13,,300646,25,0,10,2,13,,300644,25,0,10,1,11,,300613,25,0,10,2,14,,300630,25,0,10,2,56,,300640,25,0,10,1,16,,300618,25,0,10,1,16,,300620,25,0,10,1,56,,300656,25,0,10,2,16,,300636,25,0,10,1,17,,300660,25,0,10,2,19,,300647,25,0,10,2,60,,300614,25,0,10,2,19,,300663,25,0,10,1,18,,300641,25,0,10,1,56,,300621,25,0,10,1,16,,300664,25,0,10,1,16,,300657,25,0,10,2,15,,300637,25,0,10,1,55,,300669,25,0,10,2,17,,300648,25,0,10,2,17,,300615,25,0,10,2,58,,300632,25,0,10,2,20,,300616,25,0,10,1,21,,300622,25,0,10,1,60,,300665,25,0,10,1,21,,300658,25,0,10,2,21,,300670,25,0,10,2,61,,300649,25,0,10,2,21,,300633,25,0,10,2,22,,300667,25,0,10,1,61,,300623,25,0,10,1,21,,300666,25,0,10,1,21,,300659,25,0,10,2,62,,300671,25,0,10,2,27,,300652,25,0,10,1,68,,300668,25,0,10,1,30,,300624,25,0,10,1,70,,300661,25,0,10,2,30,,300672,25,0,10,2,69,,300653,25,0,10,1,30,,300626,25,0,10,1,69,,300625,25,0,10,1,27,,300662,25,0,10,2,70,,300673,25,0,10,2,32,,300654,25,0,10,1,71,,300627,25,0,10,1
4902,'H58S000I-80-I',508,,300674,25,0,10,2,27,,300675,25,0,10,1,66,,300683,25,0,10,2,28,,300693,25,0,10,2,28,,300695,25,0,10,1,68,,300687,25,0,10,2,18,,300676,25,0,10,1,59,,300684,25,0,10,2,19,,300702,25,0,10,1,20,,300694,25,0,10,2,18,,300696,25,0,10,1,59,,300705,25,0,10,2,21,,300688,25,0,10,2,20,,300710,25,0,10,1,60,,300677,25,0,10,1,20,,300703,25,0,10,1,20,,300701,25,0,10,2,60,,300685,25,0,10,1,21,,300706,25,0,10,2,60,,300716,25,0,10,2,21,,300689,25,0,10,2,21,,300678,25,0,10,1,60,,300697,25,0,10,1,19,,300704,25,0,10,1,17,,300717,25,0,10,2,17,,300686,25,0,10,1,60,,300707,25,0,10,2,20,,300719,25,0,10,2,20,,300690,25,0,10,2,60,,300679,25,0,10,1,30,,300698,25,0,10,1,70,,300718,25,0,10,2,32,,300708,25,0,10,2,70,,300711,25,0,10,1,29,,300680,25,0,10,1,70,,300699,25,0,10,1,30,,300691,25,0,10,2,68,,300709,25,0,10,2,29,,300712,25,0,10,1,69,,300681,25,0,10,1,29,,300700,25,0,10,1,69,,300692,25,0,10,2,30,,300720,25,0,10,2,71,,300713,25,0,10,1,30,,300715,25,0,10,2,70,,300722,25,0,10,2,32,,300682,25,0,10,1,62,,300721,25,0,10,2,24,,300714,25,0,10,1
4902,'H58S000S-83-S',451,,300726,37,0,10,2,52,,300729,25,0,10,2,8,,300732,37,0,10,1,4,,300733,25,0,10,2,8,,300736,25,0,10,1,11,,300737,25,0,10,1,7,,300738,37,0,10,2,7,,300739,25,0,10,1,10,,300744,37,0,10,1,51,,300746,25,0,10,1,9,,300748,25,0,10,2,8,,300754,25,0,10,2,8,,300760,25,0,10,2,8,,300761,25,0,10,2,7,,300765,25,0,10,2,6,,300767,25,0,10,1,47,,300727,25,0,10,2,6,,300768,25,0,10,1,6,,300771,25,0,10,1,6,,300730,25,0,10,2,8,,300772,25,0,10,1,9,,300773,25,0,10,2,10,,300776,25,0,10,2,10,,300778,25,0,10,2,49,,300779,25,0,10,2,9,,300740,25,0,10,1,21,,300747,25,0,10,1,12,,300749,25,0,10,2,52,,300755,25,0,10,2,11,,300785,25,0,10,1,12,,300762,25,0,10,2,12,,300728,25,0,10,2,11,,300743,25,0,10,2,12,,300731,25,0,10,2,54,,300774,25,0,10,1,17,,300777,25,0,10,2,16,,300723,25,0,10,1,58,,300741,25,0,10,1,17,,300750,25,0,10,2,20,,300763,25,0,10,2,19,,300752,25,0,10,1,56,,300769,25,0,10,1,15,,300756,25,0,10,2,14,,300775,25,0,10,1,13,,300758,25,0,10,1,53,,300724,25,0,10,1,13,,300786,25,0,10,2,14,,300742,25,0,10,1,17,,300751,25,0,10,2,56,,300734,25,0,10,1,16,,300764,25,0,10,2,17,,300753,25,0,10,1,57,,300770,25,0,10,1,15,,300757,25,0,10,2,16,,300759,25,0,10,1,16,,300725,25,0,10,1,55,,300787,25,0,10,2,46,,300735,25,0,10,1,59,,300781,31,0,10,2,22,,300799,25,0,10,1,24,,300789,31,0,10,2,62,,300797,25,0,10,2,25,,300783,25,0,10,1,65,,300792,31,0,10,2,20,,300780,25,0,10,1,21,,300801,25,0,10,2,62,,300790,25,0,10,2,30,,300798,25,0,10,2,71,,300784,25,0,10,1,31,,300793,25,0,10,2,69,,300745,25,0,10,1,31,,300766,25,0,10,2,69,,300796,25,0,10,2,31,,300791,25,0,10,1,66,,300794,25,0,10,2,25,,300795,25,0,10,2
4902,'H58S100F-80-F1',508,,300805,25,0,10,2,17,,300817,25,0,10,1,16,,300824,25,0,10,1,16,,300830,25,0,10,2,55,,300832,25,0,10,1,15,,300833,25,0,10,1,16,,300837,25,0,10,2,15,,300840,25,0,10,2,55,,300806,25,0,10,2,14,,300802,25,0,10,1,14,,300821,25,0,10,1,16,,300825,25,0,10,2,56,,300810,25,0,10,2,14,,300843,25,0,10,2,13,,300826,25,0,10,2,12,,300844,25,0,10,1,53,,300841,25,0,10,2,14,,300845,25,0,10,2,14,,300823,25,0,10,1,11,,300807,25,0,10,2,14,,300849,25,0,10,1,56,,300822,25,0,10,1,16,,300831,25,0,10,1,16,,300811,25,0,10,2,56,,300827,25,0,10,2,16,,300818,25,0,10,1,17,,300842,25,0,10,1,19,,300846,25,0,10,2,60,,300808,25,0,10,2,19,,300851,25,0,10,2,18,,300850,25,0,10,1,56,,300812,25,0,10,2,16,,300834,25,0,10,1,16,,300828,25,0,10,2,15,,300803,25,0,10,1,55,,300859,25,0,10,2,17,,300847,25,0,10,2,17,,300809,25,0,10,2,58,,300860,25,0,10,1,20,,300852,25,0,10,2,21,,300813,25,0,10,2,60,,300835,25,0,10,1,21,,300829,25,0,10,2,21,,300804,25,0,10,1,61,,300848,25,0,10,2,21,,300861,25,0,10,1,22,,300853,25,0,10,2,62,,300814,25,0,10,2,21,,300836,25,0,10,1,21,,300862,25,0,10,2,61,,300856,25,0,10,1,27,,300819,25,0,10,1,68,,300854,25,0,10,2,30,,300815,25,0,10,2,70,,300838,25,0,10,2,30,,300857,25,0,10,1,69,,300820,25,0,10,1,30,,300855,25,0,10,2,66,,300816,25,0,10,2,30,,300839,25,0,10,2,69,,300858,25,0,10,1,27,,300863,25,0,10,2
4902,'H58S200F-80-F2',508,,300871,25,0,10,2,17,,300882,25,0,10,1,16,,300864,25,0,10,1,16,,300918,25,0,10,2,55,,300919,25,0,10,1,15,,300910,25,0,10,1,16,,300924,25,0,10,2,15,,300876,25,0,10,2,55,,300872,25,0,10,2,14,,300894,25,0,10,1,14,,300904,25,0,10,1,16,,300866,25,0,10,2,56,,300897,25,0,10,2,14,,300886,25,0,10,2,13,,300906,25,0,10,2,12,,300917,25,0,10,1,53,,300877,25,0,10,2,14,,300878,25,0,10,2,14,,300867,25,0,10,1,11,,300873,25,0,10,2,14,,300920,25,0,10,1,56,,300905,25,0,10,1,16,,300868,25,0,10,1,16,,300898,25,0,10,2,56,,300907,25,0,10,2,16,,300883,25,0,10,1,17,,300865,25,0,10,1,19,,300879,25,0,10,2,60,,300874,25,0,10,2,19,,300887,25,0,10,2,18,,300921,25,0,10,1,56,,300899,25,0,10,2,16,,300911,25,0,10,1,16,,300908,25,0,10,2,15,,300895,25,0,10,1,55,,300925,25,0,10,2,17,,300880,25,0,10,2,17,,300875,25,0,10,2,58,,300892,25,0,10,1,20,,300888,25,0,10,2,21,,300900,25,0,10,2,60,,300912,25,0,10,1,21,,300909,25,0,10,2,21,,300896,25,0,10,1,61,,300881,25,0,10,2,21,,300893,25,0,10,1,22,,300889,25,0,10,2,62,,300901,25,0,10,2,21,,300913,25,0,10,1,21,,300922,25,0,10,2,61,,300914,25,0,10,1,27,,300884,25,0,10,1,68,,300890,25,0,10,2,30,,300902,25,0,10,2,70,,300869,25,0,10,2,30,,300915,25,0,10,1,69,,300885,25,0,10,1,30,,300891,25,0,10,2,66,,300903,25,0,10,2,30,,300870,25,0,10,2,69,,300916,25,0,10,1,27,,300923,25,0,10,2
38002,'H50S000A-82-A',2605,,347320,8,0,10,1,46,,347319,8,0,10,1,84,,347318,8,0,10,1,85,,347317,8,0,10,1
38002,'H50S000I-82-I',2547,,347321,8,0,10,1,85,,347327,8,0,10,1,83,,347324,8,0,10,2,86,,347326,8,0,10,1,19,,347323,8,0,10,2,21,,347322,8,0,10,1,6,,347325,8,0,10,2
38002,'H50S000S-82-S',2546,,347328,8,0,10,1,86,,347332,8,0,10,1,84,,347330,8,0,10,1,89,,347331,8,0,10,1,15,,347333,8,0,10,1,8,,347329,8,0,10,1
38002,'H50S100F-80-F1',2547,,347334,8,0,10,1,85,,347340,8,0,10,1,83,,347337,8,0,10,2,86,,347339,8,0,10,1,19,,347336,8,0,10,2,21,,347335,8,0,10,1,6,,347338,8,0,10,2
38002,'H50S200F-80-F2',2547,,347341,8,0,10,1,85,,347347,8,0,10,1,83,,347344,8,0,10,2,86,,347346,8,0,10,1,19,,347343,8,0,10,2,21,,347342,8,0,10,1,6,,347345,8,0,10,2
38002,'H54S000I-80-I',2835,,347348,8,0,10,1
38002,'H54S000S-80-S',2835,,347350,8,0,10,1,14,,347349,8,0,10,1
38002,'H54S100F-80-F1',2835,,347351,8,0,10,1
38002,'H54S200F-80-F2',2835,,347352,8,0,10,1
44802,'H54S000S-80-S',555,,349174,18,0,99 47,1,58,,349156,18,0,99 47,1,19,,349160,18,0,99 47,2,16,,349173,18,0,99 47,2,54,,349175,18,0,99 47,1,12,,349157,18,0,99 47,1,13,,349163,18,0,99 47,1,14,,349167,18,0,99 47,2,59,,349161,18,0,99 47,2,20,,349168,18,0,99 47,2,20,,349159,18,0,99 47,2,61,,349164,18,0,99 47,1,22,,349162,18,0,99 47,2,22,,349177,18,0,99 47,2
