2804,'H54S000A-80-A',519,,293353,25,0,9,1,31,,293361,25,0,9,1,71,,293355,25,0,9,2,31,,293354,25,0,9,1,71,,293362,25,0,9,1,32,,293356,25,0,9,2,71,,293337,25,0,9,1,31,,293363,25,0,9,1,71,,293357,25,0,9,2,31,,293338,25,0,9,1,71,,293346,25,0,9,2,71,,293329,25,0,9,1,31,,293367,25,0,9,1,71,,293364,25,0,9,1,31,,293358,25,0,9,2,71,,293339,25,0,9,1,31,,293347,25,0,9,2,72,,293330,25,0,9,1,31,,293368,25,0,9,1,71,,293365,25,0,9,1,31,,293359,25,0,9,2,71,,293340,25,0,9,1,31,,293348,25,0,9,2,71,,293331,25,0,9,1,31,,293369,25,0,9,1,71,,293366,25,0,9,1,31,,293360,25,0,9,2,70,,293341,25,0,9,1,31,,293349,25,0,9,2,71,,293332,25,0,9,1,31,,293342,25,0,9,1,71,,293350,25,0,9,2,30,,293333,25,0,9,1,71,,293343,25,0,9,1,32,,293351,25,0,9,2,71,,293334,25,0,9,1,32,,293344,25,0,9,1,72,,293335,25,0,9,1,72,,293352,25,0,9,2,32,,293345,25,0,9,1,73,,293336,25,0,9,1
2804,'H54S000I-80-I',519,,293382,25,0,9,1,32,,293400,25,0,9,2,70,,293394,25,0,9,2,30,,293383,25,0,9,1,69,,293401,25,0,9,2,30,,293395,25,0,9,2,70,,293406,25,0,9,1,30,,293402,25,0,9,2,70,,293396,25,0,9,2,30,,293384,25,0,9,1,70,,293392,25,0,9,1,30,,293370,25,0,9,2,70,,293407,25,0,9,1,30,,293403,25,0,9,2,70,,293397,25,0,9,2,30,,293385,25,0,9,1,70,,293377,25,0,9,2,30,,293371,25,0,9,2,70,,293408,25,0,9,1,30,,293404,25,0,9,2,70,,293398,25,0,9,2,30,,293386,25,0,9,1,70,,293378,25,0,9,2,30,,293372,25,0,9,2,70,,293409,25,0,9,1,30,,293405,25,0,9,2,69,,293399,25,0,9,2,30,,293387,25,0,9,1,70,,293379,25,0,9,2,30,,293373,25,0,9,2,70,,293388,25,0,9,1,30,,293380,25,0,9,2,70,,293374,25,0,9,2,30,,293389,25,0,9,1,70,,293381,25,0,9,2,31,,293375,25,0,9,1,71,,293390,25,0,9,2,30,,293410,25,0,9,1,72,,293376,25,0,9,1,31,,293391,25,0,9,2,72,,293393,25,0,9,1
2804,'H54S000S-80-S',517,,293412,25,0,9,2,30,,293432,25,0,9,2,70,,293416,25,0,9,1,20,,293454,8,0,9,1,12,,293413,25,0,9,2,56,,293456,8,0,9,2,14,,293433,25,0,9,2,12,,293457,8,0,9,2,21,,293414,25,0,9,1,54,,293455,8,0,9,2,15,,293436,25,0,9,2,28,,293434,25,0,9,2,54,,293453,8,0,9,2,13,,293427,25,0,9,1,6,,293415,8,0,9,1,25,,293437,25,0,9,2,71,,293435,25,0,9,2,31,,293428,25,0,9,1,72,,293417,25,0,9,1,30,,293438,25,0,9,1,70,,293429,25,0,9,1,29,,293418,25,0,9,1,69,,293439,25,0,9,1,28,,293430,25,0,9,1,69,,293419,25,0,9,1,31,,293440,25,0,9,1,61,,293447,25,0,9,2,18,,293431,25,0,9,1,18,,293420,25,0,9,1,59,,293448,25,0,9,2,17,,293441,25,0,9,1,5,,293452,25,0,9,1,12,,293442,25,0,9,2,19,,293461,25,0,9,2,63,,293421,25,0,9,1,22,,293449,25,0,9,2,60,,293451,25,0,9,2,23,,293443,25,0,9,2,24,,293422,25,0,9,1,71,,293458,25,0,9,2,31,,293444,25,0,9,2,70,,293423,25,0,9,1,30,,293459,25,0,9,2,70,,293445,25,0,9,2,31,,293424,25,0,9,1,70,,293460,25,0,9,2,29,,293446,25,0,9,2,71,,293425,25,0,9,1,30,,293450,25,0,9,1,69,,293462,25,0,9,1,30,,293426,25,0,9,1,73,,293411,25,0,9,1
2804,'H54S100F-80-F1',519,,293475,25,0,9,1,32,,293493,25,0,9,2,70,,293487,25,0,9,2,30,,293476,25,0,9,1,69,,293494,25,0,9,2,30,,293488,25,0,9,2,70,,293499,25,0,9,1,30,,293495,25,0,9,2,70,,293489,25,0,9,2,30,,293477,25,0,9,1,70,,293485,25,0,9,1,30,,293463,25,0,9,2,70,,293500,25,0,9,1,30,,293496,25,0,9,2,70,,293490,25,0,9,2,30,,293478,25,0,9,1,70,,293470,25,0,9,2,30,,293464,25,0,9,2,70,,293501,25,0,9,1,30,,293497,25,0,9,2,70,,293491,25,0,9,2,30,,293479,25,0,9,1,70,,293471,25,0,9,2,30,,293465,25,0,9,2,70,,293502,25,0,9,1,30,,293498,25,0,9,2,69,,293492,25,0,9,2,30,,293480,25,0,9,1,70,,293472,25,0,9,2,30,,293466,25,0,9,2,70,,293481,25,0,9,1,30,,293473,25,0,9,2,70,,293467,25,0,9,2,30,,293482,25,0,9,1,70,,293474,25,0,9,2,31,,293468,25,0,9,1,71,,293483,25,0,9,2,30,,293503,25,0,9,1,72,,293469,25,0,9,1,31,,293484,25,0,9,2,72,,293486,25,0,9,1
2804,'H54S200F-80-F2',519,,293516,25,0,9,1,32,,293534,25,0,9,2,70,,293528,25,0,9,2,30,,293517,25,0,9,1,69,,293535,25,0,9,2,30,,293529,25,0,9,2,70,,293540,25,0,9,1,30,,293536,25,0,9,2,70,,293530,25,0,9,2,30,,293518,25,0,9,1,70,,293526,25,0,9,1,30,,293504,25,0,9,2,70,,293541,25,0,9,1,30,,293537,25,0,9,2,70,,293531,25,0,9,2,30,,293519,25,0,9,1,70,,293511,25,0,9,2,30,,293505,25,0,9,2,70,,293542,25,0,9,1,30,,293538,25,0,9,2,70,,293532,25,0,9,2,30,,293520,25,0,9,1,70,,293512,25,0,9,2,30,,293506,25,0,9,2,70,,293543,25,0,9,1,30,,293539,25,0,9,2,69,,293533,25,0,9,2,30,,293521,25,0,9,1,70,,293513,25,0,9,2,30,,293507,25,0,9,2,70,,293522,25,0,9,1,30,,293514,25,0,9,2,70,,293508,25,0,9,2,30,,293523,25,0,9,1,70,,293515,25,0,9,2,31,,293509,25,0,9,1,71,,293524,25,0,9,2,30,,293544,25,0,9,1,72,,293510,25,0,9,1,31,,293525,25,0,9,2,72,,293527,25,0,9,1
2804,'H57S000S-80-S',742,,293545,8,0,9,1
36402,'H54S000A-80-A',2459,,346815,20,0,10,1,85,,346817,20,0,10,2,86,,346814,20,0,10,1,85,,346813,20,0,10,1,85,,346816,20,0,10,1,39,,346818,20,0,10,2
36402,'H54S000I-80-I',2500,,346822,20,0,10,1,44,,346820,20,0,10,1,85,,346823,20,0,10,2,85,,346821,20,0,10,1,44,,346819,20,0,10,1
36402,'H54S000S-80-S',2500,,346827,20,0,10,2,47,,346828,20,0,10,1,84,,346826,20,0,10,2,86,,346824,20,0,10,1,42,,346825,20,0,10,1
36402,'H54S100F-80-F1',2500,,346832,20,0,10,1,44,,346830,20,0,10,1,85,,346833,20,0,10,2,85,,346831,20,0,10,1,44,,346829,20,0,10,1
36402,'H54S200F-80-F2',2500,,346837,20,0,10,1,44,,346835,20,0,10,1,85,,346838,20,0,10,2,85,,346836,20,0,10,1,44,,346834,20,0,10,1
