8502,'H59S000A-80-A',534,,310788,59,0,10,1,81,,310795,59,0,10,1,40,,310796,59,0,10,1,82,,310789,59,0,10,1,86,,310807,59,0,10,2,82,,310797,59,0,10,1,41,,310790,59,0,10,1,82,,310808,59,0,10,2,82,,310798,59,0,10,1,41,,310791,59,0,10,1,83,,310809,59,0,10,2,83,,310799,59,0,10,1,83,,310792,59,0,10,1,33,,310810,59,0,10,2,73,,310802,59,0,10,1,35,,310800,59,0,10,1,74,,310793,59,0,10,1,34,,310811,59,0,10,2,72,,310803,59,0,10,1,34,,310801,59,0,10,1,73,,310794,59,0,10,1,72,,310812,59,0,10,2,42,,310804,59,0,10,1,81,,310816,59,0,10,1,83,,310813,59,0,10,2,45,,310805,59,0,10,1,85,,310817,59,0,10,1,84,,310814,59,0,10,2,84,,310806,59,0,10,1,43,,310818,59,0,10,1,85,,310815,59,0,10,2
8502,'H59S000I-81-I',548,,310819,59,0,10,1,83,,310823,59,0,10,2,85,,310830,59,0,10,1,87,,310842,59,0,10,1,44,,310824,59,0,10,2,83,,310831,59,0,10,1,84,,310843,59,0,10,1,42,,310825,59,0,10,2,81,,310832,59,0,10,1,80,,310844,59,0,10,1,41,,310826,59,0,10,2,82,,310833,59,0,10,1,73,,310848,59,0,10,2,32,,310845,59,0,10,1,73,,310827,59,0,10,2,32,,310834,59,0,10,1,72,,310849,59,0,10,2,32,,310846,59,0,10,1,69,,310828,59,0,10,2,32,,310835,59,0,10,1,71,,310850,59,0,10,2,32,,310847,59,0,10,1,72,,310829,59,0,10,2,73,,310836,59,0,10,1,37,,310820,59,0,10,1,78,,310839,59,0,10,1,41,,310837,59,0,10,1,79,,310821,59,0,10,1,83,,310840,59,0,10,1,83,,310838,59,0,10,1,43,,310822,59,0,10,1,83,,310841,59,0,10,1
8502,'H59S000S-80-S',539,,310851,59,0,10,1,76,,310854,59,0,10,2,33,,310864,59,0,10,2,68,,310856,59,0,10,1,23,,310869,59,0,10,2,65,,310871,59,0,10,2,20,,310886,59,0,10,1,17,,310855,59,0,10,2,16,,310888,59,0,10,1,59,,310865,59,0,10,2,25,,310857,59,0,10,1,68,,310870,59,0,10,2,29,,310887,59,0,10,1,68,,310889,59,0,10,1,28,,310866,59,0,10,2,73,,310858,59,0,10,1,33,,310875,59,0,10,2,74,,310872,59,0,10,1,33,,310867,59,0,10,2,70,,310879,59,0,10,2,33,,310859,59,0,10,1,73,,310876,59,0,10,2,32,,310873,59,0,10,1,70,,310868,59,0,10,2,75,,310880,59,0,10,2,35,,310860,59,0,10,1,69,,310877,59,0,10,2,31,,310874,59,0,10,1,70,,310884,59,0,10,1,31,,310881,59,0,10,2,73,,310861,59,0,10,1,33,,310878,59,0,10,2,72,,310885,59,0,10,1,37,,310882,59,0,10,2,83,,310862,59,0,10,1,84,,310852,59,0,10,1,82,,310883,59,0,10,2,32,,310863,59,0,10,1,88,,310853,59,0,10,1
8502,'H59S100F-80-F1',548,,310890,59,0,10,1,83,,310891,59,0,10,2,85,,310898,59,0,10,1,87,,310910,59,0,10,1,44,,310892,59,0,10,2,83,,310899,59,0,10,1,84,,310911,59,0,10,1,42,,310893,59,0,10,2,81,,310900,59,0,10,1,80,,310912,59,0,10,1,41,,310894,59,0,10,2,82,,310901,59,0,10,1,73,,310919,59,0,10,2,32,,310913,59,0,10,1,73,,310895,59,0,10,2,32,,310902,59,0,10,1,72,,310920,59,0,10,2,32,,310914,59,0,10,1,69,,310896,59,0,10,2,32,,310903,59,0,10,1,71,,310921,59,0,10,2,32,,310915,59,0,10,1,72,,310897,59,0,10,2,73,,310904,59,0,10,1,37,,310916,59,0,10,1,78,,310907,59,0,10,1,41,,310905,59,0,10,1,79,,310917,59,0,10,1,83,,310908,59,0,10,1,83,,310906,59,0,10,1,43,,310918,59,0,10,1,83,,310909,59,0,10,1
8502,'H59S200F-80-F2',548,,310922,59,0,10,1,83,,310923,59,0,10,2,85,,310930,59,0,10,1,87,,310942,59,0,10,1,44,,310924,59,0,10,2,83,,310931,59,0,10,1,84,,310943,59,0,10,1,42,,310925,59,0,10,2,81,,310932,59,0,10,1,80,,310944,59,0,10,1,41,,310926,59,0,10,2,82,,310933,59,0,10,1,73,,310951,59,0,10,2,32,,310945,59,0,10,1,73,,310927,59,0,10,2,32,,310934,59,0,10,1,72,,310952,59,0,10,2,32,,310946,59,0,10,1,69,,310928,59,0,10,2,32,,310935,59,0,10,1,71,,310953,59,0,10,2,32,,310947,59,0,10,1,72,,310929,59,0,10,2,73,,310936,59,0,10,1,37,,310948,59,0,10,1,78,,310939,59,0,10,1,41,,310937,59,0,10,1,79,,310949,59,0,10,1,83,,310940,59,0,10,1,83,,310938,59,0,10,1,43,,310950,59,0,10,1,83,,310941,59,0,10,1
9404,'H59S000A-80-A',534,,312930,26,0,9,1,68,,312935,26,0,9,2,28,,312931,26,0,9,1,70,,312936,26,0,9,2,30,,312932,26,0,9,1,29,,312937,26,0,9,2,69,,312933,26,0,9,1,73,,312938,26,0,9,2,32,,312934,26,0,9,1,73,,312939,26,0,9,2,32,,312960,26,0,9,2,72,,312945,26,0,9,1,33,,312959,26,0,9,2,73,,312961,26,0,9,2,35,,312946,26,0,9,1,72,,312962,26,0,9,1,31,,312947,26,0,9,2,71,,312940,26,0,9,1,28,,312963,26,0,9,1,66,,312948,26,0,9,2,26,,312941,26,0,9,1,67,,312964,26,0,9,1,26,,312949,26,0,9,2,67,,312942,26,0,9,1,26,,312965,26,0,9,1,26,,312950,26,0,9,2,67,,312943,26,0,9,1,25,,312966,26,0,9,1,64,,312951,26,0,9,2,26,,312944,26,0,9,1,66,,312967,26,0,9,1,31,,312952,26,0,9,2,71,,312968,26,0,9,1,31,,312953,26,0,9,2,71,,312969,26,0,9,1,30,,312954,26,0,9,2,71,,312970,26,0,9,1,30,,312955,26,0,9,2,67,,312971,26,0,9,1,28,,312956,26,0,9,2,70,,312972,26,0,9,1,31,,312957,26,0,9,2,71,,312973,26,0,9,1,31,,312958,26,0,9,2
9404,'H59S000I-81-I',533,,312974,26,0,9,1,67,,312985,26,0,9,2,28,,312975,26,0,9,1,29,,312986,26,0,9,2,68,,312976,26,0,9,1,27,,312987,26,0,9,2,68,,312977,26,0,9,1,31,,312988,26,0,9,2,70,,312978,26,0,9,1,31,,312989,26,0,9,2,71,,313003,26,0,9,2,30,,312979,26,0,9,1,70,,312990,26,0,9,2,29,,313004,26,0,9,2,69,,312980,26,0,9,1,33,,312991,26,0,9,2,72,,313005,26,0,9,2,32,,312981,26,0,9,1,70,,312992,26,0,9,2,31,,313006,26,0,9,2,70,,312982,26,0,9,1,30,,312993,26,0,9,2,71,,313007,26,0,9,2,70,,312983,26,0,9,1,32,,312994,26,0,9,2,72,,313008,26,0,9,2,30,,312984,26,0,9,1,71,,312995,26,0,9,2,27,,313009,26,0,9,2,70,,312997,26,0,9,1,31,,313010,26,0,9,2,70,,312998,26,0,9,1,28,,313011,26,0,9,2,69,,312999,26,0,9,1,30,,313012,26,0,9,2,70,,313000,26,0,9,1,31,,313013,26,0,9,2,71,,313001,26,0,9,1,29,,313014,26,0,9,2,77,,313002,26,0,9,1,40,,312996,26,0,9,1
9404,'H59S000S-80-S',535,,313061,26,0,9,1,69,,313016,26,0,9,2,29,,313062,26,0,9,1,23,,313032,26,0,9,2,59,,313017,26,0,9,2,18,,313034,26,0,9,1,18,,313063,26,0,9,1,54,,313055,26,0,9,1,15,,313033,26,0,9,2,17,,313018,26,0,9,2,66,,313035,26,0,9,1,22,,313056,26,0,9,1,26,,313019,26,0,9,2,66,,313036,26,0,9,1,27,,313057,26,0,9,1,68,,313020,26,0,9,2,27,,313037,26,0,9,1,68,,313058,26,0,9,1,27,,313021,26,0,9,2,68,,313038,26,0,9,1,27,,313059,26,0,9,1,26,,313022,26,0,9,2,66,,313039,26,0,9,1,26,,313060,26,0,9,1,63,,313015,26,0,9,2,22,,313023,26,0,9,2,24,,313040,26,0,9,1,62,,313053,26,0,9,2,21,,313049,26,0,9,2,63,,313024,26,0,9,2,23,,313041,26,0,9,1,23,,313054,26,0,9,2,63,,313050,26,0,9,2,24,,313025,26,0,9,2,24,,313042,26,0,9,1,65,,313051,26,0,9,2,22,,313026,26,0,9,2,64,,313043,26,0,9,1,24,,313052,26,0,9,2,25,,313027,26,0,9,2,70,,313044,26,0,9,1,71,,313028,26,0,9,2,33,,313045,26,0,9,1,70,,313029,26,0,9,2,33,,313046,26,0,9,1,72,,313030,26,0,9,2,32,,313047,26,0,9,1,71,,313031,26,0,9,2,38,,313048,26,0,9,1
9404,'H59S100F-80-F1',533,,313087,26,0,9,1,67,,313070,26,0,9,2,28,,313088,26,0,9,1,29,,313071,26,0,9,2,68,,313089,26,0,9,1,27,,313072,26,0,9,2,68,,313090,26,0,9,1,31,,313073,26,0,9,2,70,,313091,26,0,9,1,31,,313074,26,0,9,2,71,,313081,26,0,9,2,30,,313092,26,0,9,1,70,,313075,26,0,9,2,29,,313082,26,0,9,2,69,,313093,26,0,9,1,33,,313076,26,0,9,2,72,,313083,26,0,9,2,32,,313094,26,0,9,1,70,,313077,26,0,9,2,31,,313084,26,0,9,2,70,,313095,26,0,9,1,30,,313078,26,0,9,2,71,,313085,26,0,9,2,70,,313096,26,0,9,1,32,,313079,26,0,9,2,72,,313086,26,0,9,2,30,,313097,26,0,9,1,71,,313080,26,0,9,2,27,,313098,26,0,9,2,70,,313064,26,0,9,1,31,,313099,26,0,9,2,70,,313065,26,0,9,1,28,,313100,26,0,9,2,69,,313066,26,0,9,1,30,,313101,26,0,9,2,70,,313067,26,0,9,1,31,,313102,26,0,9,2,71,,313068,26,0,9,1,29,,313103,26,0,9,2,77,,313069,26,0,9,1,40,,313104,26,0,9,1
9404,'H59S200F-80-F2',533,,313128,26,0,9,1,67,,313111,26,0,9,2,28,,313129,26,0,9,1,29,,313112,26,0,9,2,68,,313130,26,0,9,1,27,,313113,26,0,9,2,68,,313131,26,0,9,1,31,,313114,26,0,9,2,70,,313132,26,0,9,1,31,,313115,26,0,9,2,71,,313122,26,0,9,2,30,,313133,26,0,9,1,70,,313116,26,0,9,2,29,,313123,26,0,9,2,69,,313134,26,0,9,1,33,,313117,26,0,9,2,72,,313124,26,0,9,2,32,,313135,26,0,9,1,70,,313118,26,0,9,2,31,,313125,26,0,9,2,70,,313136,26,0,9,1,30,,313119,26,0,9,2,71,,313126,26,0,9,2,70,,313137,26,0,9,1,32,,313120,26,0,9,2,72,,313127,26,0,9,2,30,,313138,26,0,9,1,71,,313121,26,0,9,2,27,,313139,26,0,9,2,70,,313105,26,0,9,1,31,,313140,26,0,9,2,70,,313106,26,0,9,1,28,,313141,26,0,9,2,69,,313107,26,0,9,1,30,,313142,26,0,9,2,70,,313108,26,0,9,1,31,,313143,26,0,9,2,71,,313109,26,0,9,1,29,,313144,26,0,9,2,77,,313110,26,0,9,1,40,,313145,26,0,9,1
18502,'H59S000A-80-A',550,,335056,48,0,10,1,73,,335066,48,0,10,1,33,,335071,48,0,10,2,79,,335057,48,0,10,1,72,,335067,48,0,10,1,32,,335072,48,0,10,2,72,,335058,48,0,10,1,35,,335068,48,0,10,1,70,,335073,48,0,10,2,32,,335059,48,0,10,1,72,,335069,48,0,10,1,33,,335074,48,0,10,2,76,,335060,48,0,10,1,72,,335070,48,0,10,1,28,,335078,48,0,10,1,29,,335075,48,0,10,2,69,,335082,48,0,10,1,28,,335085,48,0,10,2,67,,335079,48,0,10,1,27,,335076,48,0,10,2,69,,335083,48,0,10,1,29,,335086,48,0,10,2,70,,335080,48,0,10,1,29,,335077,48,0,10,2,67,,335084,48,0,10,1,29,,335061,48,0,10,1,68,,335081,48,0,10,1,27,,335062,48,0,10,1,67,,335048,48,0,10,1,30,,335052,48,0,10,1,71,,335063,48,0,10,1,31,,335049,48,0,10,1,71,,335053,48,0,10,1,29,,335064,48,0,10,1,70,,335050,48,0,10,1,31,,335054,48,0,10,1,70,,335065,48,0,10,1,29,,335051,48,0,10,1,68,,335055,48,0,10,1
18502,'H59S000I-81-I',549,,335087,48,0,10,2,71,,335099,48,0,10,1,29,,335111,48,0,10,2,72,,335088,48,0,10,2,30,,335100,48,0,10,1,69,,335112,48,0,10,2,32,,335089,48,0,10,2,72,,335101,48,0,10,1,32,,335113,48,0,10,2,74,,335090,48,0,10,2,74,,335102,48,0,10,1,33,,335114,48,0,10,2,72,,335091,48,0,10,2,33,,335103,48,0,10,1,74,,335115,48,0,10,2,32,,335118,48,0,10,1,70,,335092,48,0,10,2,30,,335104,48,0,10,1,71,,335116,48,0,10,2,30,,335119,48,0,10,1,70,,335093,48,0,10,2,29,,335105,48,0,10,1,69,,335117,48,0,10,2,32,,335120,48,0,10,1,71,,335094,48,0,10,2,31,,335106,48,0,10,1,71,,335121,48,0,10,1,31,,335095,48,0,10,2,69,,335107,48,0,10,1,29,,335122,48,0,10,1,70,,335096,48,0,10,2,29,,335108,48,0,10,1,66,,335123,48,0,10,1,29,,335097,48,0,10,2,69,,335109,48,0,10,1,28,,335124,48,0,10,1,66,,335098,48,0,10,2,27,,335110,48,0,10,1,70,,335125,48,0,10,1
18502,'H59S000S-80-S',552,,335128,48,0,10,1,73,,335150,48,0,10,2,25,,335162,48,0,10,1,75,,335129,48,0,10,1,16,,335130,48,0,10,2,64,,335151,48,0,10,2,19,,335154,48,0,10,1,22,,335127,48,0,10,2,12,,335132,48,0,10,1,52,,335159,48,0,10,1,21,,335169,48,0,10,1,28,,335136,48,0,10,1,71,,335155,48,0,10,1,70,,335133,48,0,10,1,29,,335170,48,0,10,1,30,,335137,48,0,10,1,70,,335156,48,0,10,1,28,,335152,48,0,10,1,68,,335171,48,0,10,1,28,,335138,48,0,10,1,68,,335157,48,0,10,1,27,,335153,48,0,10,1,68,,335172,48,0,10,1,28,,335139,48,0,10,1,70,,335158,48,0,10,1,30,,335134,48,0,10,1,71,,335160,48,0,10,2,29,,335140,48,0,10,1,70,,335145,48,0,10,1,29,,335164,48,0,10,1,66,,335161,48,0,10,2,29,,335141,48,0,10,1,71,,335146,48,0,10,1,30,,335165,48,0,10,1,70,,335142,48,0,10,1,31,,335147,48,0,10,1,70,,335166,48,0,10,1,28,,335143,48,0,10,1,69,,335148,48,0,10,1,30,,335167,48,0,10,1,68,,335144,48,0,10,1,30,,335149,48,0,10,1,72,,335168,48,0,10,1
18502,'H59S100F-80-F1',549,,335173,48,0,10,2,71,,335185,48,0,10,1,29,,335197,48,0,10,2,72,,335174,48,0,10,2,30,,335186,48,0,10,1,69,,335198,48,0,10,2,32,,335175,48,0,10,2,72,,335187,48,0,10,1,32,,335199,48,0,10,2,74,,335176,48,0,10,2,74,,335188,48,0,10,1,33,,335200,48,0,10,2,72,,335177,48,0,10,2,33,,335189,48,0,10,1,74,,335201,48,0,10,2,32,,335204,48,0,10,1,70,,335178,48,0,10,2,30,,335190,48,0,10,1,71,,335202,48,0,10,2,30,,335205,48,0,10,1,70,,335179,48,0,10,2,29,,335191,48,0,10,1,69,,335203,48,0,10,2,32,,335206,48,0,10,1,71,,335180,48,0,10,2,31,,335192,48,0,10,1,71,,335207,48,0,10,1,31,,335181,48,0,10,2,69,,335193,48,0,10,1,29,,335208,48,0,10,1,70,,335182,48,0,10,2,29,,335194,48,0,10,1,66,,335209,48,0,10,1,29,,335183,48,0,10,2,69,,335195,48,0,10,1,28,,335210,48,0,10,1,66,,335184,48,0,10,2,27,,335196,48,0,10,1,70,,335211,48,0,10,1
18502,'H59S200F-80-F2',549,,335212,48,0,10,2,71,,335224,48,0,10,1,29,,335236,48,0,10,2,72,,335213,48,0,10,2,30,,335225,48,0,10,1,69,,335237,48,0,10,2,32,,335214,48,0,10,2,72,,335226,48,0,10,1,32,,335238,48,0,10,2,74,,335215,48,0,10,2,74,,335227,48,0,10,1,33,,335239,48,0,10,2,72,,335216,48,0,10,2,33,,335228,48,0,10,1,74,,335240,48,0,10,2,32,,335243,48,0,10,1,70,,335217,48,0,10,2,30,,335229,48,0,10,1,71,,335241,48,0,10,2,30,,335244,48,0,10,1,70,,335218,48,0,10,2,29,,335230,48,0,10,1,69,,335242,48,0,10,2,32,,335245,48,0,10,1,71,,335219,48,0,10,2,31,,335231,48,0,10,1,71,,335246,48,0,10,1,31,,335220,48,0,10,2,69,,335232,48,0,10,1,29,,335247,48,0,10,1,70,,335221,48,0,10,2,29,,335233,48,0,10,1,66,,335248,48,0,10,1,29,,335222,48,0,10,2,69,,335234,48,0,10,1,28,,335249,48,0,10,1,66,,335223,48,0,10,2,27,,335235,48,0,10,1,70,,335250,48,0,10,1
