7902,'H58S000A-80-A',517,,309452,28,0,10,2,33,,309461,28,0,10,2,62,,309449,28,0,10,1,30,,309453,28,0,10,2,65,,309466,28,0,10,2,20,,309454,28,0,10,1,73,,309459,28,0,10,2,34,,309462,28,0,10,2,73,,309450,28,0,10,1,33,,309484,28,0,10,2,73,,309463,28,0,10,2,30,,309455,28,0,10,1,70,,309460,28,0,10,2,30,,309467,28,0,10,2,70,,309451,28,0,10,1,30,,309485,28,0,10,2,70,,309464,28,0,10,2,30,,309456,28,0,10,1,73,,309486,28,0,10,2,33,,309468,28,0,10,2,73,,309457,28,0,10,1,21,,309490,28,0,10,2,70,,309465,28,0,10,2,30,,309480,28,0,10,1,70,,309487,28,0,10,2,30,,309469,28,0,10,2,73,,309458,28,0,10,1,30,,309472,28,0,10,1,70,,309478,28,0,10,1,30,,309481,28,0,10,1,69,,309473,28,0,10,1,29,,309470,28,0,10,2,69,,309488,28,0,10,1,30,,309475,28,0,10,2,70,,309479,28,0,10,1,30,,309489,28,0,10,1,70,,309476,28,0,10,2,30,,309471,28,0,10,2,70,,309482,28,0,10,1,30,,309477,28,0,10,2,70,,309474,28,0,10,1,35,,309483,28,0,10,1
7902,'H58S000I-80-I',515,,309494,28,0,10,1,34,,309513,28,0,10,2,63,,309491,28,0,10,1,30,,309495,28,0,10,1,65,,309497,28,0,10,2,20,,309501,28,0,10,1,73,,309517,28,0,10,1,34,,309493,28,0,10,2,73,,309492,28,0,10,1,33,,309496,28,0,10,1,73,,309498,28,0,10,2,30,,309502,28,0,10,1,70,,309518,28,0,10,1,30,,309499,28,0,10,2,70,,309522,28,0,10,2,30,,309519,28,0,10,1,70,,309507,28,0,10,2,30,,309503,28,0,10,1,73,,309524,28,0,10,2,33,,309500,28,0,10,2,73,,309523,28,0,10,2,21,,309521,28,0,10,1,70,,309508,28,0,10,2,30,,309504,28,0,10,1,70,,309525,28,0,10,2,30,,309509,28,0,10,2,70,,309505,28,0,10,1,30,,309526,28,0,10,2,70,,309510,28,0,10,2,30,,309506,28,0,10,1,70,,309520,28,0,10,1,30,,309511,28,0,10,2,70,,309527,28,0,10,2,30,,309514,28,0,10,1,70,,309512,28,0,10,2,30,,309528,28,0,10,2,70,,309515,28,0,10,1,30,,309530,28,0,10,2,70,,309529,28,0,10,2,33,,309516,28,0,10,1,73,,309531,28,0,10,2
7902,'H58S000S-83-S',514,,309537,28,0,10,2,35,,309542,28,0,10,1,70,,309545,28,0,10,2,24,,309539,28,0,10,2,62,,309538,28,0,10,2,18,,309533,28,0,10,1,13,,309544,28,0,10,2,7,,309578,28,0,10,2,8,,309546,28,0,10,2,53,,309532,28,0,10,2,15,,309549,28,0,10,1,15,,309562,28,0,10,2,15,,309540,28,0,10,2,69,,309534,28,0,10,1,30,,309547,28,0,10,2,70,,309565,28,0,10,1,30,,309541,28,0,10,2,70,,309563,28,0,10,1,30,,309535,28,0,10,1,70,,309548,28,0,10,2,30,,309566,28,0,10,1,70,,309564,28,0,10,1,30,,309556,28,0,10,1,70,,309536,28,0,10,1,31,,309570,28,0,10,2,55,,309579,28,0,10,2,19,,309572,28,0,10,2,18,,309557,28,0,10,1,10,,309580,28,0,10,2,50,,309550,28,0,10,1,20,,309576,28,0,10,2,15,,309581,28,0,10,2,15,,309571,28,0,10,2,55,,309582,28,0,10,2,15,,309551,28,0,10,1,15,,309583,28,0,10,2,15,,309543,28,0,10,1,55,,309584,28,0,10,2,15,,309577,28,0,10,2,30,,309558,28,0,10,2,69,,309552,28,0,10,1,30,,309567,28,0,10,1,65,,309573,28,0,10,1,30,,309559,28,0,10,2,70,,309553,28,0,10,1,28,,309568,28,0,10,1,70,,309574,28,0,10,1,30,,309560,28,0,10,2,70,,309554,28,0,10,1,30,,309569,28,0,10,1,70,,309575,28,0,10,1,30,,309561,28,0,10,2,70,,309555,28,0,10,1
7902,'H58S100F-80-F1',515,,309595,28,0,10,2,34,,309605,28,0,10,1,63,,309586,28,0,10,1,30,,309596,28,0,10,2,65,,309606,28,0,10,1,20,,309597,28,0,10,1,73,,309599,28,0,10,2,34,,309613,28,0,10,1,73,,309587,28,0,10,1,33,,309585,28,0,10,1,73,,309614,28,0,10,1,30,,309588,28,0,10,1,70,,309600,28,0,10,2,30,,309607,28,0,10,1,70,,309589,28,0,10,1,30,,309615,28,0,10,1,70,,309603,28,0,10,2,30,,309590,28,0,10,1,73,,309601,28,0,10,2,33,,309608,28,0,10,1,73,,309620,28,0,10,1,21,,309616,28,0,10,1,70,,309604,28,0,10,2,30,,309591,28,0,10,1,70,,309602,28,0,10,2,30,,309609,28,0,10,1,70,,309621,28,0,10,1,30,,309598,28,0,10,2,70,,309610,28,0,10,1,30,,309622,28,0,10,1,70,,309617,28,0,10,1,30,,309611,28,0,10,1,70,,309623,28,0,10,2,30,,309592,28,0,10,1,70,,309612,28,0,10,1,30,,309624,28,0,10,2,70,,309593,28,0,10,1,30,,309618,28,0,10,1,70,,309625,28,0,10,2,33,,309594,28,0,10,1,73,,309619,28,0,10,1
7902,'H58S200F-80-F2',515,,309626,28,0,10,2,34,,309643,28,0,10,1,63,,309644,28,0,10,1,30,,309627,28,0,10,2,65,,309654,28,0,10,1,20,,309635,28,0,10,1,73,,309650,28,0,10,2,34,,309639,28,0,10,1,73,,309645,28,0,10,1,33,,309637,28,0,10,1,73,,309640,28,0,10,1,30,,309646,28,0,10,1,70,,309651,28,0,10,2,30,,309655,28,0,10,1,70,,309647,28,0,10,1,30,,309628,28,0,10,1,70,,309633,28,0,10,2,30,,309648,28,0,10,1,73,,309652,28,0,10,2,33,,309656,28,0,10,1,73,,309661,28,0,10,1,21,,309629,28,0,10,1,70,,309634,28,0,10,2,30,,309649,28,0,10,1,70,,309653,28,0,10,2,30,,309657,28,0,10,1,70,,309662,28,0,10,1,30,,309638,28,0,10,2,70,,309658,28,0,10,1,30,,309663,28,0,10,1,70,,309636,28,0,10,1,30,,309659,28,0,10,1,70,,309664,28,0,10,2,30,,309630,28,0,10,1,70,,309660,28,0,10,1,30,,309665,28,0,10,2,70,,309631,28,0,10,1,30,,309641,28,0,10,1,70,,309666,28,0,10,2,33,,309632,28,0,10,1,73,,309642,28,0,10,1
38202,'H60S000A-80-A',2607,,347374,31,0,10,1,45,,347376,31,0,10,1,85,,347373,31,0,10,1,85,,347375,31,0,10,1
38202,'H60S000I-81-I',2608,,347379,31,0,10,1,45,,347378,31,0,10,1,84,,347377,31,0,10,1,85,,347380,31,0,10,1
38202,'H60S000S-83-S',2608,,347381,31,0,10,2,45,,347384,31,0,10,1,84,,347382,31,0,10,1,85,,347383,31,0,10,1
38202,'H60S100F-80-F1',2608,,347387,31,0,10,1,45,,347385,31,0,10,1,84,,347386,31,0,10,2,85,,347388,31,0,10,1
38202,'H60S200F-80-F2',2608,,347391,31,0,10,1,45,,347389,31,0,10,1,84,,347390,31,0,10,2,85,,347392,31,0,10,1
