2901,'H59S000A-80-A',551,,293552,11,0,5,1,70,,293557,11,0,5,1,23,,293553,34,0,5,1,70,,293558,34,0,5,1,29,,293554,34,0,5,1,68,,293559,34,0,5,1,32,,293555,34,0,5,1,72,,293560,34,0,5,1,32,,293556,34,0,5,1,70,,293572,34,0,5,2,32,,293561,34,0,5,1,71,,293546,34,0,5,2,31,,293573,34,0,5,2,74,,293562,34,0,5,1,32,,293547,34,0,5,2,69,,293574,34,0,5,2,28,,293563,34,0,5,1,69,,293548,34,0,5,2,30,,293575,34,0,5,2,71,,293564,34,0,5,1,30,,293549,34,0,5,2,70,,293576,34,0,5,2,30,,293565,34,0,5,1,69,,293550,34,0,5,2,30,,293577,34,0,5,2,71,,293566,34,0,5,1,30,,293551,34,0,5,2,73,,293578,34,0,5,2,75,,293567,34,0,5,1,36,,293579,34,0,5,2,77,,293568,34,0,5,1,108,,293569,34,0,5,1,108,,293570,34,0,5,1,104,,293571,34,0,5,1
2901,'H59S000I-81-I',550,,293590,11,0,5,1,72,,293598,11,0,5,2,19,,293591,34,0,5,1,72,,293599,34,0,5,2,33,,293592,34,0,5,1,71,,293600,34,0,5,2,28,,293593,34,0,5,1,69,,293601,34,0,5,2,32,,293594,34,0,5,1,72,,293602,34,0,5,2,32,,293595,34,0,5,1,73,,293603,34,0,5,2,35,,293596,34,0,5,1,73,,293604,34,0,5,1,73,,293580,34,0,5,1,33,,293597,34,0,5,1,73,,293605,34,0,5,2,34,,293581,34,0,5,1,73,,293610,34,0,5,2,31,,293606,34,0,5,2,70,,293582,34,0,5,1,28,,293611,34,0,5,2,69,,293607,34,0,5,2,28,,293583,34,0,5,1,68,,293612,34,0,5,2,27,,293608,34,0,5,2,72,,293584,34,0,5,1,34,,293609,34,0,5,2,81,,293585,34,0,5,1,103,,293586,34,0,5,1,104,,293587,34,0,5,1,100,,293588,34,0,5,1,98,,293589,34,0,5,1
2901,'H59S000S-80-S',553,,293615,11,0,5,1,70,,293638,11,0,5,2,31,,293616,34,0,5,1,71,,293639,34,0,5,2,31,,293631,34,0,5,2,70,,293617,34,0,5,1,28,,293640,34,0,5,2,63,,293632,34,0,5,2,27,,293618,34,0,5,1,64,,293641,34,0,5,2,28,,293633,34,0,5,2,70,,293619,34,0,5,1,32,,293644,34,0,5,2,72,,293634,34,0,5,2,32,,293620,34,0,5,1,72,,293645,34,0,5,2,31,,293635,34,0,5,2,73,,293621,34,0,5,1,33,,293646,34,0,5,2,74,,293636,34,0,5,2,79,,293622,34,0,5,1,32,,293642,34,0,5,2,70,,293637,34,0,5,2,33,,293623,34,0,5,1,70,,293643,34,0,5,2,31,,293613,34,0,5,1,72,,293624,34,0,5,1,31,,293614,34,0,5,1,80,,293625,34,0,5,1,104,,293626,34,0,5,1,102,,293627,34,0,5,1,102,,293628,34,0,5,1,101,,293629,34,0,5,1,96,,293630,34,0,5,1
2901,'H59S100F-80-F1',550,,293647,11,0,5,1,72,,293665,11,0,5,2,19,,293648,34,0,5,1,72,,293666,34,0,5,2,33,,293649,34,0,5,1,71,,293667,34,0,5,2,28,,293650,34,0,5,1,69,,293668,34,0,5,2,32,,293651,34,0,5,1,72,,293669,34,0,5,2,32,,293652,34,0,5,1,73,,293670,34,0,5,2,35,,293653,34,0,5,1,73,,293679,34,0,5,1,73,,293655,34,0,5,1,33,,293654,34,0,5,1,73,,293671,34,0,5,2,34,,293656,34,0,5,1,73,,293676,34,0,5,2,31,,293672,34,0,5,2,70,,293657,34,0,5,1,28,,293677,34,0,5,2,69,,293673,34,0,5,2,28,,293658,34,0,5,1,68,,293678,34,0,5,2,27,,293674,34,0,5,2,72,,293659,34,0,5,1,34,,293675,34,0,5,2,81,,293660,34,0,5,1,103,,293661,34,0,5,1,104,,293662,34,0,5,1,100,,293663,34,0,5,1,98,,293664,34,0,5,1
2901,'H59S200F-80-F2',550,,293680,11,0,5,1,72,,293698,11,0,5,2,19,,293681,34,0,5,1,72,,293699,34,0,5,2,33,,293682,34,0,5,1,71,,293700,34,0,5,2,28,,293683,34,0,5,1,69,,293701,34,0,5,2,32,,293684,34,0,5,1,72,,293702,34,0,5,2,32,,293685,34,0,5,1,73,,293703,34,0,5,2,35,,293686,34,0,5,1,73,,293712,34,0,5,1,73,,293688,34,0,5,1,33,,293687,34,0,5,1,73,,293704,34,0,5,2,34,,293689,34,0,5,1,73,,293709,34,0,5,2,31,,293705,34,0,5,2,70,,293690,34,0,5,1,28,,293710,34,0,5,2,69,,293706,34,0,5,2,28,,293691,34,0,5,1,68,,293711,34,0,5,2,27,,293707,34,0,5,2,72,,293692,34,0,5,1,34,,293708,34,0,5,2,81,,293693,34,0,5,1,103,,293694,34,0,5,1,104,,293695,34,0,5,1,100,,293696,34,0,5,1,98,,293697,34,0,5,1
3401,'H59S000A-80-A',527,,295534,12,0,5,2,77,,295512,12,0,5,1,28,,295535,12,0,5,2,26,,295513,12,0,5,1,66,,295536,12,0,5,2,26,,295514,12,0,5,1,66,,295537,12,0,5,2,26,,295515,12,0,5,1,67,,295538,12,0,5,2,29,,295516,12,0,5,1,71,,295539,12,0,5,2,29,,295517,12,0,5,1,71,,295540,12,0,5,2,29,,295518,12,0,5,1,72,,295541,12,0,5,2,31,,295519,12,0,5,1,72,,295542,12,0,5,2,31,,295520,12,0,5,1,73,,295543,12,0,5,2,31,,295521,12,0,5,1,73,,295544,12,0,5,2,33,,295522,12,0,5,1,73,,295545,12,0,5,2,32,,295523,12,0,5,1,71,,295546,12,0,5,2,72,,295524,12,0,5,1,31,,295547,12,0,5,2,69,,295525,12,0,5,1,29,,295548,12,0,5,2,27,,295526,12,0,5,1,68,,295549,12,0,5,2,26,,295527,12,0,5,1,66,,295550,12,0,5,2,26,,295528,12,0,5,1,65,,295551,12,0,5,2,26,,295529,12,0,5,1,65,,295552,12,0,5,2,26,,295530,12,0,5,1,25,,295553,12,0,5,2,65,,295531,12,0,5,1,25,,295554,12,0,5,2,64,,295532,12,0,5,1,23,,295555,12,0,5,2,22,,295533,12,0,5,1
3401,'H59S000I-81-I',526,,295576,12,0,5,1,77,,295556,12,0,5,2,29,,295577,12,0,5,1,68,,295557,12,0,5,2,29,,295578,12,0,5,1,29,,295558,12,0,5,2,69,,295579,12,0,5,1,29,,295559,12,0,5,2,69,,295580,12,0,5,1,29,,295560,12,0,5,2,69,,295581,12,0,5,1,31,,295561,12,0,5,2,66,,295582,12,0,5,1,31,,295562,12,0,5,2,70,,295583,12,0,5,1,32,,295563,12,0,5,2,70,,295584,12,0,5,1,32,,295564,12,0,5,2,70,,295585,12,0,5,1,32,,295565,12,0,5,2,71,,295586,12,0,5,1,31,,295566,12,0,5,2,71,,295587,12,0,5,1,71,,295567,12,0,5,2,31,,295588,12,0,5,1,70,,295568,12,0,5,2,31,,295589,12,0,5,1,69,,295569,12,0,5,2,28,,295590,12,0,5,1,29,,295570,12,0,5,2,69,,295591,12,0,5,1,30,,295571,12,0,5,2,70,,295592,12,0,5,1,30,,295572,12,0,5,2,68,,295593,12,0,5,1,30,,295573,12,0,5,2,69,,295594,12,0,5,1,29,,295574,12,0,5,2,69,,295595,12,0,5,1,29,,295575,12,0,5,2,68,,295596,12,0,5,1
3401,'H59S000S-80-S',502,,295607,12,0,5,1,32,,295630,12,0,5,2,72,,295608,12,0,5,1,25,,295631,12,0,5,2,17,,295619,12,0,5,2,10,,295646,12,0,5,2,52,,295609,12,0,5,1,10,,295643,12,0,5,2,13,,295632,12,0,5,2,12,,295621,12,0,5,2,56,,295620,12,0,5,2,19,,295610,12,0,5,1,23,,295633,12,0,5,2,65,,295622,12,0,5,2,30,,295611,12,0,5,1,72,,295623,12,0,5,2,31,,295612,12,0,5,1,72,,295624,12,0,5,2,30,,295613,12,0,5,1,71,,295625,12,0,5,2,33,,295614,12,0,5,1,70,,295626,12,0,5,2,31,,295615,12,0,5,1,73,,295627,12,0,5,2,33,,295616,12,0,5,1,72,,295644,12,0,5,1,30,,295634,12,0,5,2,66,,295617,12,0,5,1,18,,295628,12,0,5,2,17,,295645,12,0,5,1,59,,295635,12,0,5,2,19,,295618,12,0,5,1,16,,295605,12,0,5,2,55,,295629,12,0,5,2,13,,295597,12,0,5,1,21,,295636,12,0,5,2,62,,295606,12,0,5,2,24,,295598,12,0,5,1,28,,295637,12,0,5,2,70,,295599,12,0,5,1,31,,295638,12,0,5,2,70,,295600,12,0,5,1,30,,295639,12,0,5,2,70,,295601,12,0,5,1,29,,295640,12,0,5,2,70,,295602,12,0,5,1,28,,295641,12,0,5,2,68,,295603,12,0,5,1,28,,295642,12,0,5,2,67,,295604,12,0,5,1
3401,'H59S100F-80-F1',526,,295667,12,0,5,1,77,,295647,12,0,5,2,29,,295668,12,0,5,1,68,,295648,12,0,5,2,29,,295669,12,0,5,1,29,,295649,12,0,5,2,69,,295670,12,0,5,1,29,,295650,12,0,5,2,69,,295671,12,0,5,1,29,,295651,12,0,5,2,69,,295672,12,0,5,1,31,,295652,12,0,5,2,66,,295673,12,0,5,1,31,,295653,12,0,5,2,70,,295674,12,0,5,1,32,,295654,12,0,5,2,70,,295675,12,0,5,1,32,,295655,12,0,5,2,70,,295676,12,0,5,1,32,,295656,12,0,5,2,71,,295677,12,0,5,1,31,,295657,12,0,5,2,71,,295678,12,0,5,1,71,,295658,12,0,5,2,31,,295679,12,0,5,1,70,,295659,12,0,5,2,31,,295680,12,0,5,1,69,,295660,12,0,5,2,28,,295681,12,0,5,1,29,,295661,12,0,5,2,69,,295682,12,0,5,1,30,,295662,12,0,5,2,70,,295683,12,0,5,1,30,,295663,12,0,5,2,68,,295684,12,0,5,1,30,,295664,12,0,5,2,69,,295685,12,0,5,1,29,,295665,12,0,5,2,69,,295686,12,0,5,1,29,,295666,12,0,5,2,68,,295687,12,0,5,1
3401,'H59S200F-80-F2',526,,295708,12,0,5,1,77,,295688,12,0,5,2,29,,295709,12,0,5,1,68,,295689,12,0,5,2,29,,295710,12,0,5,1,29,,295690,12,0,5,2,69,,295711,12,0,5,1,29,,295691,12,0,5,2,69,,295712,12,0,5,1,29,,295692,12,0,5,2,69,,295713,12,0,5,1,31,,295693,12,0,5,2,66,,295714,12,0,5,1,31,,295694,12,0,5,2,70,,295715,12,0,5,1,32,,295695,12,0,5,2,70,,295716,12,0,5,1,32,,295696,12,0,5,2,70,,295717,12,0,5,1,32,,295697,12,0,5,2,71,,295718,12,0,5,1,31,,295698,12,0,5,2,71,,295719,12,0,5,1,71,,295699,12,0,5,2,31,,295720,12,0,5,1,70,,295700,12,0,5,2,31,,295721,12,0,5,1,69,,295701,12,0,5,2,28,,295722,12,0,5,1,29,,295702,12,0,5,2,69,,295723,12,0,5,1,30,,295703,12,0,5,2,70,,295724,12,0,5,1,30,,295704,12,0,5,2,68,,295725,12,0,5,1,30,,295705,12,0,5,2,69,,295726,12,0,5,1,29,,295706,12,0,5,2,69,,295727,12,0,5,1,29,,295707,12,0,5,2,68,,295728,12,0,5,1
35301,'H54S000A-80-A',2624,,346036,8,0,5,1,86,,346034,8,0,5,2,45,,346035,8,0,5,1,80,,346033,8,0,5,1
35301,'H54S000I-80-I',2540,,346038,8,0,5,1,85,,346040,8,0,5,1,85,,346041,8,0,5,1,45,,346037,8,0,5,2,80,,346039,8,0,5,1
35301,'H54S000S-80-S',2540,,346042,8,0,5,1,85,,346044,8,0,5,1,85,,346045,8,0,5,1,45,,346043,8,0,5,2,80,,346046,8,0,5,2
35301,'H54S100F-80-F1',2540,,346048,8,0,5,1,85,,346050,8,0,5,1,85,,346051,8,0,5,1,45,,346047,8,0,5,2,80,,346049,8,0,5,1
35301,'H54S200F-80-F2',2540,,346053,8,0,5,1,85,,346055,8,0,5,1,85,,346056,8,0,5,1,45,,346052,8,0,5,2,80,,346054,8,0,5,1
