17903,'H50S000S-82-S',1648,,333831,23,0,8,2
17903,'H51S000A-80-A',552,,333837,23,0,8,1,68,,333854,23,0,8,2,28,,333838,23,0,8,1,68,,333855,23,0,8,2,32,,333839,23,0,8,1,72,,333856,23,0,8,2,33,,333840,23,0,8,1,72,,333857,23,0,8,2,24,,333866,23,0,8,2,63,,333841,23,0,8,1,23,,333858,23,0,8,2,66,,333867,23,0,8,2,24,,333842,23,0,8,1,16,,333832,23,0,8,2,16,,333859,23,0,8,2,56,,333872,23,0,8,2,18,,333868,23,0,8,2,16,,333843,23,0,8,1,57,,333833,23,0,8,2,16,,333860,23,0,8,2,17,,333873,23,0,8,2,17,,333869,23,0,8,2,57,,333844,23,0,8,1,16,,333834,23,0,8,2,16,,333861,23,0,8,2,15,,333883,23,0,8,1,54,,333874,23,0,8,2,14,,333870,23,0,8,2,14,,333845,23,0,8,1,14,,333835,23,0,8,2,55,,333862,23,0,8,2,15,,333884,23,0,8,1,14,,333875,23,0,8,2,14,,333871,23,0,8,2,54,,333846,23,0,8,1,14,,333836,23,0,8,2,14,,333863,23,0,8,2,13,,333885,23,0,8,1,54,,333876,23,0,8,2,22,,333847,23,0,8,1,21,,333864,23,0,8,2,65,,333877,23,0,8,2,26,,333848,23,0,8,1,66,,333865,23,0,8,2,26,,333878,23,0,8,2,30,,333849,23,0,8,1,70,,333879,23,0,8,2,30,,333850,23,0,8,1,68,,333880,23,0,8,2,28,,333851,23,0,8,1,68,,333881,23,0,8,2,28,,333852,23,0,8,1,68,,333882,23,0,8,2,27,,333853,23,0,8,1
17903,'H51S000I-80-I',647,,333886,23,0,8,1,70,,333891,23,0,8,1,30,,333887,23,0,8,1,70,,333892,23,0,8,1,30,,333888,23,0,8,1,71,,333893,23,0,8,1,31,,333889,23,0,8,1,75,,333894,23,0,8,1,31,,333890,23,0,8,1,61,,333908,23,0,8,2,22,,333904,23,0,8,2,63,,333895,23,0,8,1,19,,333899,23,0,8,1,18,,333909,23,0,8,2,18,,333905,23,0,8,2,58,,333917,23,0,8,2,17,,333896,23,0,8,1,17,,333900,23,0,8,1,57,,333928,23,0,8,2,18,,333906,23,0,8,2,18,,333918,23,0,8,2,18,,333897,23,0,8,1,57,,333901,23,0,8,1,17,,333929,23,0,8,2,16,,333907,23,0,8,2,56,,333919,23,0,8,2,19,,333898,23,0,8,1,19,,333902,23,0,8,1,60,,333930,23,0,8,2,20,,333920,23,0,8,2,19,,333910,23,0,8,1,59,,333903,23,0,8,1,19,,333931,23,0,8,2,23,,333921,23,0,8,2,61,,333911,23,0,8,1,24,,333932,23,0,8,2,24,,333922,23,0,8,2,68,,333912,23,0,8,1,28,,333923,23,0,8,2,70,,333913,23,0,8,1,30,,333924,23,0,8,2,70,,333914,23,0,8,1,30,,333925,23,0,8,2,69,,333915,23,0,8,1,30,,333926,23,0,8,2,72,,333916,23,0,8,1,32,,333927,23,0,8,2
17903,'H51S000S-81-S',457,,333933,1,0,8,1,70,,333934,1,0,8,2,22,,333938,23,0,8,2,62,,333940,23,0,8,1,22,,333935,23,0,8,2,19,,333939,23,0,8,2,58,,333958,23,0,8,2,19,,333941,23,0,8,1,20,,333960,23,0,8,2,57,,333936,23,0,8,2,12,,333957,23,0,8,2,10,,333959,23,0,8,2,20,,333942,23,0,8,1,60,,333961,23,0,8,2,22,,333937,23,0,8,2,73,,333943,23,0,8,1,33,,333962,23,0,8,2,69,,333946,23,0,8,1,29,,333944,23,0,8,1,24,,333963,23,0,8,2,64,,333947,23,0,8,1,24,,333967,23,0,8,2,58,,333945,23,0,8,1,18,,333964,23,0,8,2,21,,333948,23,0,8,1,61,,333977,23,0,8,2,21,,333968,23,0,8,2,21,,333965,23,0,8,2,61,,333949,23,0,8,1,21,,333978,23,0,8,2,16,,333983,23,0,8,2,14,,333969,23,0,8,2,55,,333966,23,0,8,2,12,,333985,23,0,8,2,11,,333950,23,0,8,1,67,,333979,23,0,8,2,15,,333984,23,0,8,2,17,,333970,23,0,8,2,17,,333986,23,0,8,2,54,,333951,23,0,8,1,31,,333980,23,0,8,2,70,,333971,23,0,8,2,31,,333952,23,0,8,1,70,,333981,23,0,8,2,33,,333972,23,0,8,1,73,,333953,23,0,8,1,25,,333982,23,0,8,2,65,,333973,23,0,8,1,29,,333954,23,0,8,1,69,,333974,23,0,8,1,28,,333955,23,0,8,1,29,,333975,23,0,8,1,69,,333956,23,0,8,1,28,,333976,23,0,8,1
17903,'H51S100F-80-F1',647,,333987,23,0,8,1,70,,334010,23,0,8,1,30,,333988,23,0,8,1,70,,334011,23,0,8,1,30,,333989,23,0,8,1,71,,334012,23,0,8,1,31,,333990,23,0,8,1,75,,334013,23,0,8,1,31,,333991,23,0,8,1,61,,333992,23,0,8,2,22,,334023,23,0,8,2,63,,334014,23,0,8,1,19,,334018,23,0,8,1,18,,333993,23,0,8,2,18,,334024,23,0,8,2,58,,333994,23,0,8,2,17,,334015,23,0,8,1,17,,334019,23,0,8,1,57,,334005,23,0,8,2,18,,334025,23,0,8,2,18,,333995,23,0,8,2,18,,334016,23,0,8,1,57,,334020,23,0,8,1,17,,334006,23,0,8,2,16,,334026,23,0,8,2,56,,333996,23,0,8,2,19,,334017,23,0,8,1,19,,334021,23,0,8,1,60,,334007,23,0,8,2,20,,333997,23,0,8,2,19,,334027,23,0,8,1,59,,334022,23,0,8,1,19,,334008,23,0,8,2,23,,333998,23,0,8,2,61,,334028,23,0,8,1,24,,334009,23,0,8,2,24,,333999,23,0,8,2,68,,334029,23,0,8,1,28,,334000,23,0,8,2,70,,334030,23,0,8,1,30,,334001,23,0,8,2,70,,334031,23,0,8,1,30,,334002,23,0,8,2,69,,334032,23,0,8,1,30,,334003,23,0,8,2,72,,334033,23,0,8,1,32,,334004,23,0,8,2
17903,'H51S200F-80-F2',647,,334034,23,0,8,1,70,,334057,23,0,8,1,30,,334035,23,0,8,1,70,,334058,23,0,8,1,30,,334036,23,0,8,1,71,,334059,23,0,8,1,31,,334037,23,0,8,1,75,,334060,23,0,8,1,31,,334038,23,0,8,1,61,,334039,23,0,8,2,22,,334070,23,0,8,2,63,,334061,23,0,8,1,19,,334065,23,0,8,1,18,,334040,23,0,8,2,18,,334071,23,0,8,2,58,,334041,23,0,8,2,17,,334062,23,0,8,1,17,,334066,23,0,8,1,57,,334052,23,0,8,2,18,,334072,23,0,8,2,18,,334042,23,0,8,2,18,,334063,23,0,8,1,57,,334067,23,0,8,1,17,,334053,23,0,8,2,16,,334073,23,0,8,2,56,,334043,23,0,8,2,19,,334064,23,0,8,1,19,,334068,23,0,8,1,60,,334054,23,0,8,2,20,,334044,23,0,8,2,19,,334074,23,0,8,1,59,,334069,23,0,8,1,19,,334055,23,0,8,2,23,,334045,23,0,8,2,61,,334075,23,0,8,1,24,,334056,23,0,8,2,24,,334046,23,0,8,2,68,,334076,23,0,8,1,28,,334047,23,0,8,2,70,,334077,23,0,8,1,30,,334048,23,0,8,2,70,,334078,23,0,8,1,30,,334049,23,0,8,2,69,,334079,23,0,8,1,30,,334050,23,0,8,2,72,,334080,23,0,8,1,32,,334051,23,0,8,2
36503,'H58S000A-80-A',2646,,346842,36,0,8,1,72,,346840,36,0,8,1,33,,346841,36,0,8,1,71,,346844,36,0,8,1,36,,346839,36,0,8,1,77,,346843,36,0,8,1
36503,'H58S000I-80-I',2612,,346849,36,0,8,1,41,,346845,36,0,8,1,80,,346847,36,0,8,1,80,,346850,36,0,8,1,42,,346846,36,0,8,1,80,,346848,36,0,8,1
36503,'H58S000S-83-S',2615,,346852,36,0,8,1,39,,346854,36,0,8,1,80,,346856,36,0,8,1,80,,346851,36,0,8,1,40,,346853,36,0,8,1,81,,346855,36,0,8,1
36503,'H58S100F-80-F1',2612,,346861,36,0,8,1,41,,346859,36,0,8,1,80,,346857,36,0,8,1,80,,346862,36,0,8,1,42,,346860,36,0,8,1,80,,346858,36,0,8,1
36503,'H58S200F-80-F2',2612,,346867,36,0,8,1,41,,346863,36,0,8,1,80,,346865,36,0,8,1,80,,346868,36,0,8,1,42,,346864,36,0,8,1,80,,346866,36,0,8,1
