6404,'H60S000A-80-A',515,,305156,7,0,9,1,32,,305168,7,0,9,2,65,,305157,7,0,9,1,24,,305169,7,0,9,2,19,,305158,7,0,9,1,59,,305198,7,0,9,1,18,,305170,7,0,9,2,14,,305208,7,0,9,2,54,,305199,7,0,9,1,16,,305187,7,0,9,1,17,,305209,7,0,9,2,17,,305221,7,0,9,2,56,,305188,7,0,9,1,16,,305210,7,0,9,2,13,,305222,7,0,9,2,12,,305189,7,0,9,1,11,,305159,7,0,9,1,51,,305211,7,0,9,2,11,,305200,7,0,9,1,10,,305190,7,0,9,1,11,,305160,7,0,9,1,10,,305212,7,0,9,2,50,,305201,7,0,9,1,10,,305191,7,0,9,1,11,,305161,7,0,9,1,11,,305213,7,0,9,2,11,,305202,7,0,9,1,10,,305192,7,0,9,1,51,,305162,7,0,9,1,6,,305223,7,0,9,2,8,,305214,7,0,9,2,8,,305203,7,0,9,1,10,,305193,7,0,9,1,11,,305163,7,0,9,1,7,,305224,7,0,9,2,55,,305204,7,0,9,1,5,,305215,7,0,9,2,9,,305194,7,0,9,1,14,,305225,7,0,9,2,8,,305164,7,0,9,1,10,,305205,7,0,9,1,51,,305216,7,0,9,2,12,,305195,7,0,9,1,10,,305226,7,0,9,2,11,,305165,7,0,9,1,11,,305206,7,0,9,1,52,,305217,7,0,9,2,10,,305196,7,0,9,1,11,,305166,7,0,9,1,11,,305207,7,0,9,1,8,,305228,7,0,9,2,9,,305218,7,0,9,2,49,,305197,7,0,9,1,12,,305167,7,0,9,1,14,,305229,7,0,9,2,16,,305219,7,0,9,2,16,,305171,7,0,9,1,52,,305230,7,0,9,2,9,,305227,7,0,9,2,9,,305220,7,0,9,2,13,,305172,7,0,9,1,17,,305231,7,0,9,2,61,,305175,7,0,9,1,20,,305173,7,0,9,2,62,,305176,7,0,9,1,10,,305186,7,0,9,2,10,,305174,7,0,9,2,14,,305232,7,0,9,1,18,,305177,7,0,9,1,63,,305233,7,0,9,1,21,,305178,7,0,9,1,62,,305234,7,0,9,1,25,,305179,7,0,9,1,25,,305235,7,0,9,1,67,,305180,7,0,9,1,23,,305236,7,0,9,1,60,,305181,7,0,9,1,18,,305237,7,0,9,1,20,,305182,7,0,9,1,16,,305238,7,0,9,1,58,,305183,7,0,9,1,17,,305239,7,0,9,1,18,,305184,7,0,9,1,59,,305240,7,0,9,1,21,,305185,7,0,9,1,20,,305241,7,0,9,1
6404,'H60S000I-81-I',515,,305242,7,0,9,1,32,,305243,7,0,9,1,73,,305244,7,0,9,1,32,,305257,7,0,9,2,71,,305245,7,0,9,1,30,,305258,7,0,9,2,67,,305246,7,0,9,1,23,,305259,7,0,9,2,60,,305247,7,0,9,1,17,,305278,7,0,9,1,15,,305260,7,0,9,2,14,,305248,7,0,9,1,54,,305279,7,0,9,1,14,,305261,7,0,9,2,14,,305249,7,0,9,1,13,,305280,7,0,9,1,13,,305262,7,0,9,2,54,,305250,7,0,9,1,14,,305281,7,0,9,1,16,,305263,7,0,9,2,15,,305251,7,0,9,1,56,,305282,7,0,9,1,17,,305264,7,0,9,2,14,,305293,7,0,9,2,14,,305252,7,0,9,1,53,,305283,7,0,9,1,13,,305265,7,0,9,2,14,,305294,7,0,9,2,14,,305253,7,0,9,1,53,,305284,7,0,9,1,12,,305266,7,0,9,2,12,,305295,7,0,9,2,12,,305254,7,0,9,1,12,,305285,7,0,9,1,51,,305267,7,0,9,2,11,,305296,7,0,9,2,11,,305255,7,0,9,1,11,,305286,7,0,9,1,13,,305268,7,0,9,2,54,,305297,7,0,9,2,13,,305256,7,0,9,1,13,,305287,7,0,9,1,13,,305269,7,0,9,2,16,,305298,7,0,9,2,56,,305288,7,0,9,1,12,,305270,7,0,9,2,9,,305303,7,0,9,1,9,,305301,7,0,9,2,9,,305299,7,0,9,2,52,,305289,7,0,9,1,13,,305304,7,0,9,1,13,,305302,7,0,9,2,15,,305290,7,0,9,1,60,,305305,7,0,9,1,21,,305291,7,0,9,1,16,,305300,7,0,9,2,16,,305306,7,0,9,1,59,,305292,7,0,9,1,28,,305307,7,0,9,1,70,,305272,7,0,9,1,31,,305308,7,0,9,1,67,,305273,7,0,9,1,24,,305309,7,0,9,1,19,,305274,7,0,9,1,60,,305310,7,0,9,1,33,,305275,7,0,9,1,59,,305271,7,0,9,1,19,,305276,7,0,9,1,82,,305277,7,0,9,1
6404,'H60S000S-83-S',512,,305315,7,0,9,1,8,,305317,7,0,9,2,10,,305319,7,0,9,1,12,,305338,7,0,9,1,12,,305316,7,0,9,1,51,,305346,7,0,9,2,11,,305350,7,0,9,1,10,,305320,7,0,9,1,11,,305352,7,0,9,1,11,,305360,7,0,9,2,10,,305351,7,0,9,1,47,,305362,7,0,9,2,6,,305363,7,0,9,2,5,,305364,7,0,9,1,6,,305336,7,0,9,1,4,,305367,7,0,9,2,4,,305368,7,0,9,2,6,,305361,7,0,9,2,5,,305369,7,0,9,2,4,,305370,7,0,9,2,3,,305347,7,0,9,2,7,,305381,7,0,9,1,48,,305365,7,0,9,1,8,,305386,7,0,9,1,9,,305311,7,0,9,1,11,,305371,7,0,9,1,11,,305348,7,0,9,2,11,,305382,7,0,9,1,51,,305312,7,0,9,1,12,,305372,7,0,9,1,11,,305349,7,0,9,2,10,,305383,7,0,9,1,11,,305313,7,0,9,1,55,,305373,7,0,9,1,16,,305384,7,0,9,1,14,,305314,7,0,9,1,14,,305374,7,0,9,1,56,,305385,7,0,9,1,10,,305321,7,0,9,1,10,,305353,7,0,9,1,12,,305375,7,0,9,1,12,,305328,7,0,9,1,12,,305322,7,0,9,1,54,,305354,7,0,9,1,10,,305376,7,0,9,1,10,,305329,7,0,9,1,12,,305323,7,0,9,1,11,,305335,7,0,9,1,51,,305355,7,0,9,1,11,,305377,7,0,9,1,12,,305330,7,0,9,1,10,,305324,7,0,9,1,11,,305356,7,0,9,1,51,,305378,7,0,9,1,11,,305331,7,0,9,1,10,,305325,7,0,9,1,11,,305357,7,0,9,1,11,,305379,7,0,9,1,12,,305332,7,0,9,1,53,,305326,7,0,9,1,12,,305358,7,0,9,1,13,,305380,7,0,9,1,16,,305333,7,0,9,1,54,,305327,7,0,9,1,11,,305359,7,0,9,1,12,,305393,7,0,9,2,16,,305334,7,0,9,1,60,,305337,7,0,9,1,20,,305318,7,0,9,2,19,,305339,7,0,9,1,65,,305395,7,0,9,2,25,,305340,7,0,9,1,25,,305396,7,0,9,2,68,,305341,7,0,9,1,28,,305343,7,0,9,1,70,,305366,7,0,9,1,28,,305391,7,0,9,1,68,,305387,7,0,9,1,27,,305392,7,0,9,1,65,,305388,7,0,9,1,26,,305390,7,0,9,1,71,,305389,7,0,9,1,31,,305342,7,0,9,1,70,,305344,7,0,9,1,27,,305394,7,0,9,2,67,,305345,7,0,9,1
6404,'H60S100F-80-F1',515,,305403,7,0,9,1,32,,305419,7,0,9,1,73,,305421,7,0,9,2,32,,305435,7,0,9,1,71,,305422,7,0,9,2,30,,305436,7,0,9,1,67,,305423,7,0,9,2,23,,305437,7,0,9,1,60,,305424,7,0,9,2,17,,305404,7,0,9,1,15,,305438,7,0,9,1,14,,305425,7,0,9,2,54,,305405,7,0,9,1,14,,305439,7,0,9,1,14,,305426,7,0,9,2,13,,305406,7,0,9,1,13,,305440,7,0,9,1,54,,305427,7,0,9,2,14,,305407,7,0,9,1,16,,305441,7,0,9,1,15,,305428,7,0,9,2,56,,305408,7,0,9,1,17,,305442,7,0,9,1,13,,305451,7,0,9,2,13,,305429,7,0,9,2,54,,305409,7,0,9,1,13,,305443,7,0,9,1,15,,305452,7,0,9,2,15,,305430,7,0,9,2,52,,305410,7,0,9,1,12,,305444,7,0,9,1,12,,305453,7,0,9,2,12,,305431,7,0,9,2,12,,305411,7,0,9,1,51,,305445,7,0,9,1,11,,305454,7,0,9,2,11,,305432,7,0,9,2,11,,305412,7,0,9,1,13,,305446,7,0,9,1,54,,305455,7,0,9,2,13,,305433,7,0,9,2,13,,305413,7,0,9,1,13,,305447,7,0,9,1,16,,305456,7,0,9,2,56,,305414,7,0,9,1,12,,305448,7,0,9,1,9,,305459,7,0,9,1,9,,305457,7,0,9,2,9,,305434,7,0,9,1,52,,305415,7,0,9,1,13,,305460,7,0,9,1,13,,305458,7,0,9,2,15,,305416,7,0,9,1,60,,305461,7,0,9,1,21,,305417,7,0,9,1,16,,305465,7,0,9,1,16,,305462,7,0,9,1,59,,305418,7,0,9,1,28,,305463,7,0,9,1,70,,305397,7,0,9,1,31,,305464,7,0,9,1,67,,305398,7,0,9,1,24,,305449,7,0,9,1,19,,305399,7,0,9,1,60,,305450,7,0,9,1,33,,305400,7,0,9,1,59,,305420,7,0,9,1,19,,305401,7,0,9,1,82,,305402,7,0,9,1
6404,'H60S200F-80-F2',515,,305472,7,0,9,1,32,,305488,7,0,9,1,73,,305490,7,0,9,2,32,,305504,7,0,9,1,71,,305491,7,0,9,2,30,,305505,7,0,9,1,67,,305492,7,0,9,2,23,,305506,7,0,9,1,60,,305493,7,0,9,2,17,,305473,7,0,9,1,15,,305507,7,0,9,1,14,,305494,7,0,9,2,54,,305474,7,0,9,1,14,,305508,7,0,9,1,14,,305495,7,0,9,2,13,,305475,7,0,9,1,13,,305509,7,0,9,1,54,,305496,7,0,9,2,14,,305476,7,0,9,1,16,,305510,7,0,9,1,15,,305497,7,0,9,2,56,,305477,7,0,9,1,17,,305511,7,0,9,1,13,,305520,7,0,9,2,13,,305498,7,0,9,2,54,,305478,7,0,9,1,13,,305512,7,0,9,1,15,,305521,7,0,9,2,15,,305499,7,0,9,2,52,,305479,7,0,9,1,12,,305513,7,0,9,1,12,,305522,7,0,9,2,12,,305500,7,0,9,2,12,,305480,7,0,9,1,51,,305514,7,0,9,1,11,,305523,7,0,9,2,11,,305501,7,0,9,2,11,,305481,7,0,9,1,13,,305515,7,0,9,1,54,,305524,7,0,9,2,13,,305502,7,0,9,2,13,,305482,7,0,9,1,13,,305516,7,0,9,1,16,,305525,7,0,9,2,56,,305483,7,0,9,1,12,,305517,7,0,9,1,9,,305528,7,0,9,1,9,,305526,7,0,9,2,9,,305503,7,0,9,1,52,,305484,7,0,9,1,13,,305529,7,0,9,1,13,,305527,7,0,9,2,15,,305485,7,0,9,1,60,,305530,7,0,9,1,21,,305486,7,0,9,1,16,,305534,7,0,9,1,16,,305531,7,0,9,1,59,,305487,7,0,9,1,28,,305532,7,0,9,1,70,,305466,7,0,9,1,31,,305533,7,0,9,1,67,,305467,7,0,9,1,24,,305518,7,0,9,1,19,,305468,7,0,9,1,60,,305519,7,0,9,1,33,,305469,7,0,9,1,59,,305489,7,0,9,1,19,,305470,7,0,9,1,82,,305471,7,0,9,1
38201,'H60S000A-80-A',2637,,347353,75,0,5,1,85,,347355,75,0,5,1,85,,347354,75,0,5,1,45,,347356,75,0,5,1
38201,'H60S000I-81-I',2637,,347357,75,0,5,1,85,,347360,75,0,5,1,85,,347359,75,0,5,1,45,,347358,75,0,5,1
38201,'H60S000S-83-S',2630,,347362,75,0,5,1,90,,347363,75,0,5,1,85,,347361,75,0,5,2,49,,347364,75,0,5,1
38201,'H60S100F-80-F1',2637,,347366,75,0,5,2,85,,347368,75,0,5,1,85,,347367,75,0,5,1,45,,347365,75,0,5,1
38201,'H60S200F-80-F2',2637,,347370,75,0,5,2,85,,347372,75,0,5,1,85,,347371,75,0,5,1,45,,347369,75,0,5,1
