21401,'H60S000A-80-A',554,,343804,1,0,5,1,73,,343805,1,0,5,1,32,,343806,1,0,5,1,70,,343807,1,0,5,1,71,,343808,1,0,5,1,31,,343809,1,0,5,1,72,,343810,1,0,5,1,32,,343811,1,0,5,1,72,,343812,1,0,5,1,32,,343813,1,0,5,1,72,,343814,1,0,5,1,32,,343815,1,0,5,1,73,,343816,1,0,5,1,33,,343817,1,0,5,1,73,,343818,1,0,5,1,33,,343819,1,0,5,1,72,,343820,1,0,5,1,32,,343821,1,0,5,1,71,,343822,1,0,5,1,71,,343823,1,0,5,1,32,,343824,1,0,5,1,73,,343825,1,0,5,1,33,,343826,1,0,5,1,72,,343827,1,0,5,1,31,,343828,1,0,5,1,73,,343829,1,0,5,1,30,,343830,1,0,5,1,70,,343831,1,0,5,1,30,,343832,1,0,5,1,70,,343833,1,0,5,1,30,,343834,1,0,5,1,70,,343835,1,0,5,1,30,,343836,1,0,5,1,71,,343837,1,0,5,1,32,,343838,1,0,5,1,68,,343839,1,0,5,1
21401,'H60S000I-81-I',702,,343840,1,0,5,1,30,,343841,1,0,5,1,70,,343842,1,0,5,1,31,,343843,1,0,5,1,72,,343844,1,0,5,1,32,,343845,1,0,5,1,72,,343846,1,0,5,1,32,,343847,1,0,5,1,71,,343848,1,0,5,1,30,,343849,1,0,5,1,71,,343850,1,0,5,1,31,,343851,1,0,5,1,70,,343852,1,0,5,1,30,,343853,1,0,5,1,72,,343854,1,0,5,1,30,,343855,1,0,5,1,70,,343856,1,0,5,1,30,,343857,1,0,5,1,69,,343858,1,0,5,1,30,,343859,1,0,5,1,69,,343860,1,0,5,1,30,,343861,1,0,5,1,69,,343862,1,0,5,1,31,,343863,1,0,5,1,71,,343864,1,0,5,1,30,,343865,1,0,5,1,69,,343866,1,0,5,1,31,,343867,1,0,5,1,71,,343868,1,0,5,1,31,,343869,1,0,5,1,73,,343870,1,0,5,1,33,,343871,1,0,5,1,72,,343872,1,0,5,1,30,,343873,1,0,5,1
21401,'H60S000S-83-S',530,,343874,1,0,5,1,72,,343875,1,0,5,1,33,,343876,1,0,5,1,72,,343877,1,0,5,1,31,,343878,1,0,5,1,69,,343879,1,0,5,1,31,,343880,1,0,5,1,71,,343881,1,0,5,1,32,,343882,1,0,5,1,72,,343883,1,0,5,1,33,,343884,1,0,5,1,73,,343885,1,0,5,1,33,,343886,1,0,5,1,73,,343887,1,0,5,1,33,,343888,1,0,5,1,73,,343889,1,0,5,1,70,,343890,1,0,5,1,32,,343891,1,0,5,1,71,,343892,1,0,5,1,31,,343893,1,0,5,1,72,,343894,1,0,5,1,32,,343895,1,0,5,1,70,,343896,1,0,5,1,31,,343897,1,0,5,1,71,,343898,1,0,5,1,32,,343899,1,0,5,1,72,,343900,1,0,5,1,32,,343901,1,0,5,1,72,,343902,1,0,5,1,33,,343903,1,0,5,1,71,,343904,1,0,5,1,31,,343905,1,0,5,1,72,,343906,1,0,5,1,31,,343907,1,0,5,1,70,,343908,1,0,5,1,30,,343909,1,0,5,1
21401,'H60S100F-80-F1',702,,343910,1,0,5,1,30,,343911,1,0,5,1,70,,343912,1,0,5,1,31,,343913,1,0,5,1,72,,343914,1,0,5,1,32,,343915,1,0,5,1,72,,343916,1,0,5,1,32,,343917,1,0,5,1,71,,343918,1,0,5,1,30,,343919,1,0,5,1,71,,343920,1,0,5,1,31,,343921,1,0,5,1,70,,343922,1,0,5,1,30,,343923,1,0,5,1,72,,343924,1,0,5,1,30,,343925,1,0,5,1,70,,343926,1,0,5,1,30,,343927,1,0,5,1,69,,343928,1,0,5,1,30,,343929,1,0,5,1,69,,343930,1,0,5,1,30,,343931,1,0,5,1,69,,343932,1,0,5,1,31,,343933,1,0,5,1,71,,343934,1,0,5,1,30,,343935,1,0,5,1,69,,343936,1,0,5,1,31,,343937,1,0,5,1,71,,343938,1,0,5,1,31,,343939,1,0,5,1,73,,343940,1,0,5,1,33,,343941,1,0,5,1,72,,343942,1,0,5,1,30,,343943,1,0,5,1
21401,'H60S200F-80-F2',702,,343944,1,0,5,1,30,,343945,1,0,5,1,70,,343946,1,0,5,1,31,,343947,1,0,5,1,72,,343948,1,0,5,1,32,,343949,1,0,5,1,72,,343950,1,0,5,1,32,,343951,1,0,5,1,71,,343952,1,0,5,1,30,,343953,1,0,5,1,71,,343954,1,0,5,1,31,,343955,1,0,5,1,70,,343956,1,0,5,1,30,,343957,1,0,5,1,72,,343958,1,0,5,1,30,,343959,1,0,5,1,70,,343960,1,0,5,1,30,,343961,1,0,5,1,69,,343962,1,0,5,1,30,,343963,1,0,5,1,69,,343964,1,0,5,1,30,,343965,1,0,5,1,69,,343966,1,0,5,1,31,,343967,1,0,5,1,71,,343968,1,0,5,1,30,,343969,1,0,5,1,69,,343970,1,0,5,1,31,,343971,1,0,5,1,71,,343972,1,0,5,1,31,,343973,1,0,5,1,73,,343974,1,0,5,1,33,,343975,1,0,5,1,72,,343976,1,0,5,1,30,,343977,1,0,5,1
21402,'H60S000A-80-A',619,,343978,7,4,,1,33,,343979,7,4,,1,72,,343980,7,4,,1,30,,343981,7,4,,1,71,,343982,7,4,,1,31,,343983,7,4,,1,72,,343984,7,4,,1,72,,343985,7,4,,1,32,,343986,7,4,,1,72,,343987,7,4,,1,32,,343988,7,4,,1,72,,343989,7,4,,1,33,,343990,7,4,,1,73,,343991,7,4,,1,33,,343992,7,4,,1,73,,343993,7,4,,1,32,,343994,7,4,,1,73,,343995,7,4,,1,31,,343996,7,4,,1,72,,343997,7,4,,1,73,,343998,7,4,,1,33,,343999,7,4,,1,73,,344000,7,4,,1,32,,344001,7,4,,1,73,,344002,7,4,,1,30,,344003,7,4,,1,70,,344004,7,4,,1,30,,344005,7,4,,1,70,,344006,7,4,,1,30,,344007,7,4,,1,70,,344008,7,4,,1,30,,344009,7,4,,1,70,,344010,7,4,,1,29,,344011,7,4,,1,72,,344012,7,4,,1,28,,344013,7,4,,1
21402,'H60S000I-81-I',727,,344014,7,4,,1,30,,344015,7,4,,1,70,,344016,7,4,,1,31,,344017,7,4,,1,72,,344018,7,4,,1,72,,344019,7,4,,1,32,,344020,7,4,,1,72,,344021,7,4,,1,31,,344022,7,4,,1,70,,344023,7,4,,1,31,,344024,7,4,,1,71,,344025,7,4,,1,30,,344026,7,4,,1,70,,344027,7,4,,1,32,,344028,7,4,,1,70,,344029,7,4,,1,30,,344030,7,4,,1,70,,344031,7,4,,1,29,,344032,7,4,,1,70,,344033,7,4,,1,29,,344034,7,4,,1,71,,344035,7,4,,1,31,,344036,7,4,,1,70,,344037,7,4,,1,29,,344038,7,4,,1,70,,344039,7,4,,1,30,,344040,7,4,,1,72,,344041,7,4,,1,32,,344042,7,4,,1,73,,344043,7,4,,1,33,,344044,7,4,,1,71,,344045,7,4,,1,31,,344046,7,4,,1
21402,'H60S000S-83-S',557,,344047,7,4,,1,70,,344048,7,4,,1,73,,344049,7,4,,1,32,,344050,7,4,,1,71,,344051,7,4,,1,30,,344052,7,4,,1,72,,344053,7,4,,1,30,,344054,7,4,,1,71,,344055,7,4,,1,32,,344056,7,4,,1,73,,344057,7,4,,1,33,,344058,7,4,,1,73,,344059,7,4,,1,33,,344060,7,4,,1,73,,344061,7,4,,1,33,,344062,7,4,,1,70,,344063,7,4,,1,32,,344064,7,4,,1,71,,344065,7,4,,1,71,,344066,7,4,,1,32,,344067,7,4,,1,72,,344068,7,4,,1,31,,344069,7,4,,1,70,,344070,7,4,,1,31,,344071,7,4,,1,73,,344072,7,4,,1,32,,344073,7,4,,1,71,,344074,7,4,,1,32,,344075,7,4,,1,73,,344076,7,4,,1,31,,344077,7,4,,1,71,,344078,7,4,,1,32,,344079,7,4,,1,71,,344080,7,4,,1,30,,344081,7,4,,1
21402,'H60S100F-80-F1',727,,344082,7,4,,1,30,,344083,7,4,,1,70,,344084,7,4,,1,31,,344085,7,4,,1,72,,344086,7,4,,1,72,,344087,7,4,,1,32,,344088,7,4,,1,72,,344089,7,4,,1,31,,344090,7,4,,1,70,,344091,7,4,,1,31,,344092,7,4,,1,71,,344093,7,4,,1,30,,344094,7,4,,1,70,,344095,7,4,,1,32,,344096,7,4,,1,70,,344097,7,4,,1,30,,344098,7,4,,1,70,,344099,7,4,,1,29,,344100,7,4,,1,70,,344101,7,4,,1,29,,344102,7,4,,1,71,,344103,7,4,,1,31,,344104,7,4,,1,70,,344105,7,4,,1,29,,344106,7,4,,1,70,,344107,7,4,,1,30,,344108,7,4,,1,72,,344109,7,4,,1,32,,344110,7,4,,1,73,,344111,7,4,,1,33,,344112,7,4,,1,71,,344113,7,4,,1,31,,344114,7,4,,1
21402,'H60S200F-80-F2',727,,344115,7,4,,1,30,,344116,7,4,,1,70,,344117,7,4,,1,31,,344118,7,4,,1,72,,344119,7,4,,1,72,,344120,7,4,,1,32,,344121,7,4,,1,72,,344122,7,4,,1,31,,344123,7,4,,1,70,,344124,7,4,,1,31,,344125,7,4,,1,71,,344126,7,4,,1,30,,344127,7,4,,1,70,,344128,7,4,,1,32,,344129,7,4,,1,70,,344130,7,4,,1,30,,344131,7,4,,1,70,,344132,7,4,,1,29,,344133,7,4,,1,70,,344134,7,4,,1,29,,344135,7,4,,1,71,,344136,7,4,,1,31,,344137,7,4,,1,70,,344138,7,4,,1,29,,344139,7,4,,1,70,,344140,7,4,,1,30,,344141,7,4,,1,72,,344142,7,4,,1,32,,344143,7,4,,1,73,,344144,7,4,,1,33,,344145,7,4,,1,71,,344146,7,4,,1,31,,344147,7,4,,1
