9501,'H51S000A-80-A',546,,313149,21,0,5,1,74,,313161,21,0,5,2,29,,313169,21,0,5,1,69,,313150,21,0,5,1,28,,313162,21,0,5,2,69,,313170,21,0,5,1,32,,313151,21,0,5,1,70,,313163,21,0,5,2,31,,313171,21,0,5,1,70,,313152,21,0,5,1,30,,313164,21,0,5,2,75,,313172,21,0,5,1,31,,313153,21,0,5,1,70,,313165,21,0,5,2,24,,313175,21,0,5,1,63,,313173,21,0,5,1,20,,313185,21,0,5,2,20,,313154,21,0,5,1,60,,313166,21,0,5,2,20,,313176,21,0,5,1,22,,313174,21,0,5,1,62,,313186,21,0,5,2,20,,313155,21,0,5,1,20,,313167,21,0,5,2,60,,313177,21,0,5,1,20,,313168,21,0,5,1,19,,313188,21,0,5,2,60,,313187,21,0,5,2,20,,313156,21,0,5,1,72,,313178,21,0,5,1,32,,313146,21,0,5,2,70,,313157,21,0,5,1,28,,313179,21,0,5,1,69,,313147,21,0,5,2,30,,313158,21,0,5,1,70,,313180,21,0,5,1,30,,313148,21,0,5,2,69,,313159,21,0,5,1,29,,313181,21,0,5,1,67,,313189,21,0,5,2,29,,313160,21,0,5,1,28,,313182,21,0,5,1,68,,313190,21,0,5,2,34,,313183,21,0,5,1,71,,313191,21,0,5,2,74,,313184,21,0,5,1
9501,'H51S000I-80-I',545,,313192,21,0,5,1,68,,313193,21,0,5,2,35,,313207,21,0,5,1,70,,313227,21,0,5,1,30,,313194,21,0,5,2,70,,313208,21,0,5,1,30,,313228,21,0,5,1,70,,313195,21,0,5,2,34,,313209,21,0,5,1,70,,313229,21,0,5,1,30,,313196,21,0,5,2,70,,313210,21,0,5,1,31,,313230,21,0,5,1,72,,313197,21,0,5,2,30,,313211,21,0,5,1,66,,313218,21,0,5,1,26,,313231,21,0,5,2,65,,313198,21,0,5,2,24,,313212,21,0,5,1,64,,313219,21,0,5,1,24,,313232,21,0,5,2,24,,313199,21,0,5,2,63,,313213,21,0,5,1,24,,313220,21,0,5,1,23,,313233,21,0,5,2,63,,313200,21,0,5,2,25,,313214,21,0,5,1,70,,313221,21,0,5,1,30,,313201,21,0,5,2,69,,313215,21,0,5,1,29,,313222,21,0,5,1,69,,313202,21,0,5,2,29,,313216,21,0,5,1,69,,313223,21,0,5,1,30,,313203,21,0,5,2,72,,313217,21,0,5,1,34,,313224,21,0,5,1,74,,313204,21,0,5,2,33,,313225,21,0,5,1,73,,313205,21,0,5,2,31,,313226,21,0,5,1,71,,313206,21,0,5,2
9501,'H51S000S-81-S',555,,313234,21,0,5,1,64,,313247,21,0,5,1,29,,313242,21,0,5,2,107,,313248,21,0,5,1,73,,313249,21,0,5,2,72,,313259,21,0,5,1,32,,313243,21,0,5,1,72,,313250,21,0,5,2,32,,313260,21,0,5,1,72,,313244,21,0,5,1,33,,313251,21,0,5,2,71,,313261,21,0,5,1,32,,313245,21,0,5,1,73,,313252,21,0,5,2,33,,313262,21,0,5,1,67,,313270,21,0,5,1,25,,313246,21,0,5,1,67,,313253,21,0,5,2,27,,313235,21,0,5,1,69,,313263,21,0,5,1,29,,313271,21,0,5,2,68,,313254,21,0,5,2,28,,313236,21,0,5,1,27,,313264,21,0,5,1,66,,313272,21,0,5,2,26,,313255,21,0,5,2,69,,313237,21,0,5,1,28,,313265,21,0,5,1,68,,313256,21,0,5,2,30,,313238,21,0,5,1,70,,313266,21,0,5,1,31,,313257,21,0,5,2,72,,313239,21,0,5,1,32,,313267,21,0,5,1,72,,313258,21,0,5,2,32,,313240,21,0,5,1,72,,313268,21,0,5,1,34,,313241,21,0,5,1,72,,313269,21,0,5,1
9501,'H51S100F-80-F1',545,,313273,21,0,5,1,68,,313274,21,0,5,2,35,,313288,21,0,5,1,70,,313308,21,0,5,1,30,,313275,21,0,5,2,70,,313289,21,0,5,1,30,,313309,21,0,5,1,70,,313276,21,0,5,2,34,,313290,21,0,5,1,70,,313310,21,0,5,1,30,,313277,21,0,5,2,70,,313291,21,0,5,1,31,,313311,21,0,5,1,72,,313278,21,0,5,2,30,,313292,21,0,5,1,66,,313299,21,0,5,1,26,,313312,21,0,5,2,65,,313279,21,0,5,2,24,,313293,21,0,5,1,64,,313300,21,0,5,1,24,,313313,21,0,5,2,24,,313280,21,0,5,2,63,,313294,21,0,5,1,24,,313301,21,0,5,1,23,,313314,21,0,5,2,63,,313281,21,0,5,2,25,,313295,21,0,5,1,70,,313302,21,0,5,1,30,,313282,21,0,5,2,69,,313296,21,0,5,1,29,,313303,21,0,5,1,69,,313283,21,0,5,2,29,,313297,21,0,5,1,69,,313304,21,0,5,1,30,,313284,21,0,5,2,72,,313298,21,0,5,1,34,,313305,21,0,5,1,74,,313285,21,0,5,2,33,,313306,21,0,5,1,73,,313286,21,0,5,2,31,,313307,21,0,5,1,71,,313287,21,0,5,2
9501,'H51S200F-80-F2',545,,313315,21,0,5,1,68,,313316,21,0,5,2,35,,313330,21,0,5,1,70,,313350,21,0,5,1,30,,313317,21,0,5,2,70,,313331,21,0,5,1,30,,313351,21,0,5,1,70,,313318,21,0,5,2,34,,313332,21,0,5,1,70,,313352,21,0,5,1,30,,313319,21,0,5,2,70,,313333,21,0,5,1,31,,313353,21,0,5,1,72,,313320,21,0,5,2,30,,313334,21,0,5,1,66,,313341,21,0,5,1,26,,313354,21,0,5,2,65,,313321,21,0,5,2,24,,313335,21,0,5,1,64,,313342,21,0,5,1,24,,313355,21,0,5,2,24,,313322,21,0,5,2,63,,313336,21,0,5,1,24,,313343,21,0,5,1,23,,313356,21,0,5,2,63,,313323,21,0,5,2,25,,313337,21,0,5,1,70,,313344,21,0,5,1,30,,313324,21,0,5,2,69,,313338,21,0,5,1,29,,313345,21,0,5,1,69,,313325,21,0,5,2,29,,313339,21,0,5,1,69,,313346,21,0,5,1,30,,313326,21,0,5,2,72,,313340,21,0,5,1,34,,313347,21,0,5,1,74,,313327,21,0,5,2,33,,313348,21,0,5,1,73,,313328,21,0,5,2,31,,313349,21,0,5,1,71,,313329,21,0,5,2
9501,'H58S000S-83-S',723,,313357,21,0,5,2
14101,'H50S000S-82-S',1700,,326233,8,0,5,1
14101,'H51S000S-81-S',514,,326234,8,0,5,1,111,,326236,8,0,5,1,84,,326238,8,0,5,2,1095,,326235,8,0,5,2,22,,326241,8,0,5,2
14101,'H54S000A-80-A',453,,326250,8,0,5,1,67,,326258,8,0,5,1,27,,326242,8,0,5,1,68,,326266,8,0,5,1,27,,326251,8,0,5,1,68,,326259,8,0,5,1,27,,326243,8,0,5,1,67,,326272,8,0,5,1,15,,326333,8,0,5,1,14,,326252,8,0,5,1,14,,326267,8,0,5,1,53,,326260,8,0,5,1,12,,326281,8,0,5,1,14,,326244,8,0,5,1,12,,326319,8,0,5,1,13,,326286,8,0,5,2,54,,326273,8,0,5,1,12,,326334,8,0,5,1,12,,326253,8,0,5,1,12,,326268,8,0,5,1,11,,326288,8,0,5,1,51,,326261,8,0,5,1,10,,326282,8,0,5,1,10,,326245,8,0,5,1,11,,326320,8,0,5,1,11,,326303,8,0,5,1,9,,326287,8,0,5,2,48,,326293,8,0,5,2,9,,326274,8,0,5,1,8,,326335,8,0,5,1,8,,326296,8,0,5,1,9,,326254,8,0,5,1,10,,326269,8,0,5,1,8,,326289,8,0,5,1,47,,326306,8,0,5,2,7,,326262,8,0,5,1,9,,326283,8,0,5,1,9,,326246,8,0,5,1,9,,326277,8,0,5,1,8,,326321,8,0,5,1,8,,326304,8,0,5,1,8,,326311,8,0,5,1,48,,326330,8,0,5,1,9,,326294,8,0,5,2,9,,326275,8,0,5,1,9,,326297,8,0,5,1,9,,326322,8,0,5,1,7,,326255,8,0,5,1,8,,326270,8,0,5,1,48,,326290,8,0,5,1,8,,326307,8,0,5,2,8,,326263,8,0,5,1,7,,326327,8,0,5,1,8,,326284,8,0,5,1,8,,326247,8,0,5,1,8,,326278,8,0,5,1,48,,326305,8,0,5,1,8,,326312,8,0,5,1,8,,326331,8,0,5,1,8,,326295,8,0,5,2,8,,326276,8,0,5,1,9,,326298,8,0,5,1,8,,326323,8,0,5,1,7,,326256,8,0,5,1,47,,326271,8,0,5,1,7,,326291,8,0,5,1,8,,326308,8,0,5,2,8,,326264,8,0,5,1,9,,326328,8,0,5,1,8,,326285,8,0,5,1,9,,326248,8,0,5,1,49,,326279,8,0,5,1,9,,326314,8,0,5,2,8,,326313,8,0,5,1,9,,326332,8,0,5,1,9,,326299,8,0,5,1,9,,326324,8,0,5,1,9,,326257,8,0,5,1,49,,326292,8,0,5,1,10,,326309,8,0,5,2,11,,326265,8,0,5,1,11,,326329,8,0,5,1,14,,326249,8,0,5,1,55,,326280,8,0,5,1,21,,326300,8,0,5,1,24,,326325,8,0,5,1,66,,326310,8,0,5,2,27,,326336,8,0,5,1,68,,326301,8,0,5,1,26,,326326,8,0,5,1,64,,326315,8,0,5,1,25,,326317,8,0,5,2,28,,326302,8,0,5,1,64,,326337,8,0,5,1,27,,326316,8,0,5,1,67,,326318,8,0,5,2
14101,'H54S000I-80-I',453,,326403,8,0,5,1,73,,326352,8,0,5,1,74,,326411,8,0,5,2,32,,326404,8,0,5,1,73,,326353,8,0,5,1,30,,326373,8,0,5,1,68,,326412,8,0,5,2,19,,326405,8,0,5,1,18,,326368,8,0,5,1,18,,326354,8,0,5,1,60,,326338,8,0,5,2,21,,326395,8,0,5,1,16,,326413,8,0,5,2,54,,326362,8,0,5,1,14,,326406,8,0,5,1,14,,326369,8,0,5,1,14,,326374,8,0,5,1,54,,326355,8,0,5,1,12,,326339,8,0,5,2,11,,326385,8,0,5,1,10,,326396,8,0,5,1,10,,326343,8,0,5,1,10,,326414,8,0,5,1,50,,326391,8,0,5,1,11,,326382,8,0,5,1,12,,326363,8,0,5,1,11,,326370,8,0,5,1,10,,326375,8,0,5,1,49,,326399,8,0,5,1,9,,326356,8,0,5,1,9,,326340,8,0,5,2,9,,326386,8,0,5,1,9,,326397,8,0,5,1,9,,326344,8,0,5,1,8,,326349,8,0,5,2,49,,326415,8,0,5,1,8,,326392,8,0,5,1,10,,326407,8,0,5,1,9,,326383,8,0,5,1,10,,326364,8,0,5,1,10,,326371,8,0,5,1,50,,326376,8,0,5,1,9,,326400,8,0,5,1,9,,326357,8,0,5,1,10,,326387,8,0,5,1,10,,326398,8,0,5,1,10,,326345,8,0,5,1,10,,326350,8,0,5,2,52,,326393,8,0,5,1,11,,326408,8,0,5,1,9,,326384,8,0,5,1,9,,326365,8,0,5,1,8,,326341,8,0,5,2,8,,326372,8,0,5,1,48,,326377,8,0,5,1,10,,326401,8,0,5,1,12,,326358,8,0,5,1,12,,326388,8,0,5,1,12,,326346,8,0,5,1,51,,326351,8,0,5,2,12,,326394,8,0,5,1,13,,326409,8,0,5,1,14,,326366,8,0,5,1,15,,326342,8,0,5,2,55,,326378,8,0,5,1,15,,326402,8,0,5,1,15,,326359,8,0,5,1,20,,326347,8,0,5,1,60,,326410,8,0,5,1,21,,326367,8,0,5,1,64,,326379,8,0,5,1,26,,326360,8,0,5,1,26,,326348,8,0,5,1,66,,326389,8,0,5,1,26,,326380,8,0,5,1,66,,326361,8,0,5,1,30,,326416,8,0,5,2,68,,326390,8,0,5,1,30,,326381,8,0,5,1
14101,'H54S000S-80-S',453,,326436,8,0,5,1,75,,326426,8,0,5,1,24,,326429,8,0,5,1,51,,326419,8,0,5,1,12,,326425,8,0,5,1,21,,326464,8,0,5,1,5,,326437,8,0,5,1,8,,326445,8,0,5,1,52,,326452,8,0,5,1,19,,326427,8,0,5,1,6,,326458,8,0,5,2,11,,326459,8,0,5,1,8,,326430,8,0,5,1,9,,326420,8,0,5,1,49,,326478,8,0,5,1,9,,326487,8,0,5,1,9,,326465,8,0,5,2,10,,326466,8,0,5,1,11,,326438,8,0,5,1,11,,326446,8,0,5,1,50,,326453,8,0,5,1,8,,326497,8,0,5,1,8,,326428,8,0,5,1,8,,326472,8,0,5,1,9,,326460,8,0,5,1,10,,326431,8,0,5,1,10,,326421,8,0,5,1,50,,326479,8,0,5,1,11,,326488,8,0,5,1,11,,326467,8,0,5,1,11,,326439,8,0,5,1,10,,326447,8,0,5,1,10,,326454,8,0,5,1,50,,326498,8,0,5,1,12,,326473,8,0,5,1,11,,326461,8,0,5,1,11,,326432,8,0,5,1,10,,326422,8,0,5,1,49,,326480,8,0,5,1,9,,326506,8,0,5,1,9,,326489,8,0,5,1,9,,326468,8,0,5,1,8,,326440,8,0,5,1,9,,326448,8,0,5,1,9,,326455,8,0,5,1,50,,326499,8,0,5,1,8,,326510,8,0,5,2,8,,326493,8,0,5,1,7,,326474,8,0,5,1,7,,326462,8,0,5,1,9,,326433,8,0,5,1,9,,326423,8,0,5,1,49,,326481,8,0,5,1,9,,326507,8,0,5,1,9,,326490,8,0,5,1,9,,326469,8,0,5,1,9,,326441,8,0,5,1,9,,326449,8,0,5,1,57,,326456,8,0,5,1,7,,326500,8,0,5,1,8,,326511,8,0,5,2,8,,326494,8,0,5,1,8,,326512,8,0,5,1,7,,326475,8,0,5,1,5,,326463,8,0,5,1,5,,326528,8,0,5,2,5,,326434,8,0,5,1,45,,326424,8,0,5,1,5,,326417,8,0,5,2,5,,326482,8,0,5,1,16,,326508,8,0,5,1,6,,326491,8,0,5,1,5,,326518,8,0,5,1,10,,326470,8,0,5,1,6,,326442,8,0,5,1,53,,326450,8,0,5,1,5,,326523,8,0,5,1,5,,326525,8,0,5,2,4,,326527,8,0,5,1,4,,326457,8,0,5,1,6,,326501,8,0,5,1,6,,326418,8,0,5,1,7,,326516,8,0,5,1,6,,326495,8,0,5,1,6,,326513,8,0,5,1,54,,326476,8,0,5,1,7,,326435,8,0,5,1,16,,326483,8,0,5,1,16,,326509,8,0,5,1,7,,326519,8,0,5,1,48,,326443,8,0,5,1,9,,326451,8,0,5,1,10,,326524,8,0,5,1,10,,326502,8,0,5,1,11,,326517,8,0,5,1,11,,326514,8,0,5,1,52,,326477,8,0,5,1,21,,326484,8,0,5,1,21,,326520,8,0,5,1,60,,326444,8,0,5,1,21,,326503,8,0,5,1,26,,326515,8,0,5,1,67,,326485,8,0,5,1,26,,326521,8,0,5,1,67,,326504,8,0,5,1,28,,326526,8,0,5,2,69,,326486,8,0,5,1,30,,326522,8,0,5,1,67,,326505,8,0,5,1
14101,'H54S100F-80-F1',453,,326594,8,0,5,1,73,,326543,8,0,5,1,74,,326602,8,0,5,2,32,,326595,8,0,5,1,73,,326544,8,0,5,1,30,,326564,8,0,5,1,68,,326603,8,0,5,2,19,,326596,8,0,5,1,18,,326559,8,0,5,1,18,,326545,8,0,5,1,60,,326529,8,0,5,2,21,,326586,8,0,5,1,16,,326604,8,0,5,2,54,,326553,8,0,5,1,14,,326597,8,0,5,1,14,,326560,8,0,5,1,14,,326565,8,0,5,1,54,,326546,8,0,5,1,12,,326530,8,0,5,2,11,,326576,8,0,5,1,10,,326587,8,0,5,1,10,,326534,8,0,5,1,10,,326605,8,0,5,1,50,,326582,8,0,5,1,11,,326573,8,0,5,1,12,,326554,8,0,5,1,11,,326561,8,0,5,1,10,,326566,8,0,5,1,49,,326590,8,0,5,1,9,,326547,8,0,5,1,9,,326531,8,0,5,2,9,,326577,8,0,5,1,9,,326588,8,0,5,1,9,,326535,8,0,5,1,8,,326540,8,0,5,2,49,,326606,8,0,5,1,8,,326583,8,0,5,1,10,,326598,8,0,5,1,9,,326574,8,0,5,1,10,,326555,8,0,5,1,10,,326562,8,0,5,1,50,,326567,8,0,5,1,9,,326591,8,0,5,1,9,,326548,8,0,5,1,10,,326578,8,0,5,1,10,,326589,8,0,5,1,10,,326536,8,0,5,1,10,,326541,8,0,5,2,52,,326584,8,0,5,1,11,,326599,8,0,5,1,9,,326575,8,0,5,1,9,,326556,8,0,5,1,8,,326532,8,0,5,2,8,,326563,8,0,5,1,48,,326568,8,0,5,1,10,,326592,8,0,5,1,12,,326549,8,0,5,1,12,,326579,8,0,5,1,12,,326537,8,0,5,1,51,,326542,8,0,5,2,12,,326585,8,0,5,1,13,,326600,8,0,5,1,14,,326557,8,0,5,1,15,,326533,8,0,5,2,55,,326569,8,0,5,1,15,,326593,8,0,5,1,15,,326550,8,0,5,1,20,,326538,8,0,5,1,60,,326601,8,0,5,1,21,,326558,8,0,5,1,64,,326570,8,0,5,1,26,,326551,8,0,5,1,26,,326539,8,0,5,1,66,,326580,8,0,5,1,26,,326571,8,0,5,1,66,,326552,8,0,5,1,30,,326607,8,0,5,2,68,,326581,8,0,5,1,30,,326572,8,0,5,1
14101,'H54S200F-80-F2',453,,326673,8,0,5,1,73,,326622,8,0,5,1,74,,326681,8,0,5,2,32,,326674,8,0,5,1,73,,326623,8,0,5,1,30,,326643,8,0,5,1,68,,326682,8,0,5,2,19,,326675,8,0,5,1,18,,326638,8,0,5,1,18,,326624,8,0,5,1,60,,326608,8,0,5,2,21,,326665,8,0,5,1,16,,326683,8,0,5,2,54,,326632,8,0,5,1,14,,326676,8,0,5,1,14,,326639,8,0,5,1,14,,326644,8,0,5,1,54,,326625,8,0,5,1,12,,326609,8,0,5,2,11,,326655,8,0,5,1,10,,326666,8,0,5,1,10,,326613,8,0,5,1,10,,326684,8,0,5,1,50,,326661,8,0,5,1,11,,326652,8,0,5,1,12,,326633,8,0,5,1,11,,326640,8,0,5,1,10,,326645,8,0,5,1,49,,326669,8,0,5,1,9,,326626,8,0,5,1,9,,326610,8,0,5,2,9,,326656,8,0,5,1,9,,326667,8,0,5,1,9,,326614,8,0,5,1,8,,326619,8,0,5,2,49,,326685,8,0,5,1,8,,326662,8,0,5,1,10,,326677,8,0,5,1,9,,326653,8,0,5,1,10,,326634,8,0,5,1,10,,326641,8,0,5,1,50,,326646,8,0,5,1,9,,326670,8,0,5,1,9,,326627,8,0,5,1,10,,326657,8,0,5,1,10,,326668,8,0,5,1,10,,326615,8,0,5,1,10,,326620,8,0,5,2,52,,326663,8,0,5,1,11,,326678,8,0,5,1,9,,326654,8,0,5,1,9,,326635,8,0,5,1,8,,326611,8,0,5,2,8,,326642,8,0,5,1,48,,326647,8,0,5,1,10,,326671,8,0,5,1,12,,326628,8,0,5,1,12,,326658,8,0,5,1,12,,326616,8,0,5,1,51,,326621,8,0,5,2,12,,326664,8,0,5,1,13,,326679,8,0,5,1,14,,326636,8,0,5,1,15,,326612,8,0,5,2,55,,326648,8,0,5,1,15,,326672,8,0,5,1,15,,326629,8,0,5,1,20,,326617,8,0,5,1,60,,326680,8,0,5,1,21,,326637,8,0,5,1,64,,326649,8,0,5,1,26,,326630,8,0,5,1,26,,326618,8,0,5,1,66,,326659,8,0,5,1,26,,326650,8,0,5,1,66,,326631,8,0,5,1,30,,326686,8,0,5,2,68,,326660,8,0,5,1,30,,326651,8,0,5,1
14101,'H57S000S-80-S',541,,326688,8,0,5,1,112,,326687,8,0,5,1,803,,326690,8,0,5,1,166,,326689,8,0,5,1,82,,326691,8,0,5,1
14101,'H59S000S-80-S',1617,,326692,8,0,5,1,27,,326694,8,0,5,2,198,,326693,8,0,5,1
18801,'H50S000S-82-S',1549,,336238,8,0,99 49,2
18801,'H51S000S-81-S',1509,,336239,8,0,99 49,2
18801,'H54S000S-80-S',553,,336245,8,0,99 48,2,73,,336240,8,0,99 48,1,77,,336248,8,0,99 48,2,35,,336246,8,0,99 48,2,74,,336241,8,0,99 48,1,31,,336249,8,0,99 48,2,80,,336247,8,0,99 48,2,705,,336250,8,0,99 49,1,77,,336251,8,0,99 49,2,34,,336243,8,0,99 49,2,76,,336242,8,0,99 49,1,35,,336244,8,0,99 49,2
37201,'H54S000A-80-A',2545,,347150,50,0,5,2,88,,347154,50,0,5,1,85,,347152,50,0,5,1,90,,347155,50,0,5,1,44,,347151,50,0,5,1
37201,'H54S000I-80-I',2550,,347158,50,0,5,1,87,,347156,50,0,5,1,85,,347157,50,0,5,1,85,,347161,50,0,5,1,46,,347160,50,0,5,2
37201,'H54S000S-80-S',2549,,347164,50,0,5,1,74,,347167,50,0,5,2,77,,347165,50,0,5,1,40,,347166,50,0,5,2,80,,347162,50,0,5,1,81,,347163,50,0,5,1
37201,'H54S100F-80-F1',2550,,347171,50,0,5,1,87,,347169,50,0,5,1,85,,347170,50,0,5,1,85,,347174,50,0,5,1,46,,347173,50,0,5,2
37201,'H54S200F-80-F2',2550,,347177,50,0,5,1,87,,347175,50,0,5,1,85,,347176,50,0,5,1,85,,347180,50,0,5,1,46,,347179,50,0,5,2
