3902,'H54S000S-80-S',722,,297510,43,0,10,1,31,,297512,43,0,10,2,70,,297519,43,0,10,2,32,,297511,43,0,10,1,67,,297513,43,0,10,2,720,,297514,43,0,10,2,75,,297517,43,0,10,2,23,,297516,43,0,10,1,68,,297518,43,0,10,2,29,,297515,43,0,10,2
4101,'H58S000S-83-S',620,,297576,48,0,5,1,21,,297577,48,0,5,1,59,,297588,48,0,5,2,29,,297569,48,0,5,1,73,,297584,48,0,5,2,36,,297565,48,0,5,2,69,,297578,48,0,5,1,30,,297593,48,0,5,1,18,,297570,48,0,5,1,68,,297566,48,0,5,1,29,,297589,48,0,5,2,69,,297574,48,0,5,1,21,,297579,48,0,5,1,70,,297571,48,0,5,1,31,,297567,48,0,5,1,68,,297590,48,0,5,2,30,,297575,48,0,5,1,66,,297580,48,0,5,1,26,,297572,48,0,5,1,24,,297585,48,0,5,2,67,,297568,48,0,5,1,25,,297591,48,0,5,2,76,,297596,48,0,5,2,33,,297581,48,0,5,1,71,,297597,48,0,5,2,24,,297586,48,0,5,2,68,,297592,48,0,5,2,26,,297573,48,0,5,1,63,,297594,48,0,5,1,23,,297582,48,0,5,1,67,,297598,48,0,5,2,27,,297587,48,0,5,2,30,,297599,48,0,5,2,69,,297595,48,0,5,1,27,,297583,48,0,5,1
4101,'H58S100F-80-F1',620,,297601,48,0,5,2,30,,297605,48,0,5,2,70,,297609,48,0,5,1,32,,297611,48,0,5,1,77,,297604,48,0,5,1,30,,297602,48,0,5,2,69,,297606,48,0,5,2,24,,297610,48,0,5,1,70,,297612,48,0,5,1,506,,297615,48,0,5,2,31,,297617,48,0,5,2,69,,297607,48,0,5,2,28,,297600,48,0,5,1,67,,297613,48,0,5,2,30,,297614,48,0,5,1,69,,297616,48,0,5,2,24,,297618,48,0,5,2,64,,297608,48,0,5,2,23,,297603,48,0,5,1
4101,'H58S200F-80-F2',620,,297635,48,0,5,2,30,,297620,48,0,5,2,70,,297630,48,0,5,1,32,,297622,48,0,5,1,77,,297619,48,0,5,1,30,,297636,48,0,5,2,69,,297621,48,0,5,2,24,,297631,48,0,5,1,70,,297623,48,0,5,1,506,,297626,48,0,5,2,31,,297628,48,0,5,2,69,,297632,48,0,5,2,28,,297637,48,0,5,1,67,,297624,48,0,5,2,30,,297625,48,0,5,1,69,,297627,48,0,5,2,24,,297629,48,0,5,2,64,,297633,48,0,5,2,23,,297634,48,0,5,1
13903,'H58S000A-80-A',536,,325342,33,0,8,1,67,,325334,33,0,8,1,32,,325357,33,0,8,2,24,,325360,33,0,8,1,62,,325330,33,0,8,2,21,,325335,33,0,8,1,60,,325350,33,0,8,1,23,,325346,33,0,8,1,30,,325361,33,0,8,1,72,,325336,33,0,8,1,30,,325351,33,0,8,1,70,,325347,33,0,8,1,29,,325362,33,0,8,1,70,,325337,33,0,8,1,33,,325352,33,0,8,1,71,,325348,33,0,8,1,70,,325363,33,0,8,1,31,,325338,33,0,8,1,69,,325353,33,0,8,1,29,,325349,33,0,8,1,30,,325364,33,0,8,1,70,,325339,33,0,8,1,28,,325354,33,0,8,1,68,,325383,33,0,8,1,27,,325365,33,0,8,1,71,,325340,33,0,8,1,28,,325355,33,0,8,1,68,,325331,33,0,8,2,32,,325327,33,0,8,2,66,,325341,33,0,8,1,28,,325376,33,0,8,2,69,,325332,33,0,8,2,31,,325328,33,0,8,2,71,,325374,33,0,8,1,22,,325370,33,0,8,1,10,,325343,33,0,8,1,9,,325377,33,0,8,2,50,,325333,33,0,8,2,10,,325366,33,0,8,2,11,,325358,33,0,8,1,11,,325329,33,0,8,2,11,,325379,33,0,8,2,9,,325371,33,0,8,1,47,,325375,33,0,8,1,9,,325378,33,0,8,2,11,,325344,33,0,8,1,8,,325372,33,0,8,2,11,,325359,33,0,8,1,12,,325367,33,0,8,2,53,,325356,33,0,8,1,13,,325380,33,0,8,2,15,,325382,33,0,8,1,15,,325345,33,0,8,1,55,,325369,33,0,8,1,15,,325368,33,0,8,2,21,,325373,33,0,8,2,63,,325381,33,0,8,2
13903,'H58S000I-80-I',537,,325396,33,0,8,2,70,,325386,33,0,8,2,33,,325403,33,0,8,1,70,,325406,33,0,8,1,29,,325387,33,0,8,2,65,,325415,33,0,8,1,26,,325420,33,0,8,2,24,,325407,33,0,8,1,70,,325388,33,0,8,2,32,,325416,33,0,8,1,70,,325421,33,0,8,2,29,,325408,33,0,8,1,70,,325389,33,0,8,2,31,,325417,33,0,8,1,71,,325422,33,0,8,2,31,,325409,33,0,8,1,72,,325390,33,0,8,2,28,,325418,33,0,8,1,69,,325423,33,0,8,2,30,,325410,33,0,8,1,71,,325391,33,0,8,2,29,,325419,33,0,8,1,69,,325424,33,0,8,2,29,,325411,33,0,8,1,69,,325392,33,0,8,2,29,,325431,33,0,8,2,68,,325425,33,0,8,2,28,,325412,33,0,8,1,67,,325393,33,0,8,2,29,,325432,33,0,8,2,68,,325426,33,0,8,2,29,,325413,33,0,8,1,65,,325394,33,0,8,2,24,,325433,33,0,8,2,17,,325397,33,0,8,2,11,,325427,33,0,8,2,51,,325398,33,0,8,1,12,,325404,33,0,8,1,12,,325414,33,0,8,1,10,,325395,33,0,8,2,13,,325401,33,0,8,1,54,,325434,33,0,8,2,14,,325399,33,0,8,1,15,,325428,33,0,8,2,13,,325384,33,0,8,1,55,,325405,33,0,8,1,15,,325435,33,0,8,2,16,,325402,33,0,8,1,16,,325400,33,0,8,1,55,,325430,33,0,8,1,15,,325385,33,0,8,1,18,,325429,33,0,8,2,63,,325436,33,0,8,2
13903,'H58S000S-83-S',531,,325438,33,0,8,1,70,,325447,33,0,8,2,34,,325444,33,0,8,1,69,,325453,33,0,8,2,33,,325439,33,0,8,1,70,,325448,33,0,8,2,31,,325445,33,0,8,1,69,,325454,33,0,8,2,31,,325440,33,0,8,1,71,,325449,33,0,8,2,30,,325446,33,0,8,1,69,,325455,33,0,8,2,29,,325441,33,0,8,1,69,,325450,33,0,8,2,30,,325472,33,0,8,1,71,,325456,33,0,8,2,30,,325442,33,0,8,1,70,,325451,33,0,8,2,30,,325473,33,0,8,1,73,,325457,33,0,8,2,32,,325443,33,0,8,1,72,,325452,33,0,8,2,33,,325474,33,0,8,1,72,,325462,33,0,8,1,32,,325458,33,0,8,2,68,,325466,33,0,8,1,28,,325475,33,0,8,1,67,,325463,33,0,8,1,27,,325459,33,0,8,2,68,,325467,33,0,8,1,28,,325476,33,0,8,1,68,,325464,33,0,8,1,28,,325460,33,0,8,2,68,,325468,33,0,8,1,28,,325477,33,0,8,1,27,,325465,33,0,8,1,68,,325461,33,0,8,2,29,,325469,33,0,8,1,69,,325478,33,0,8,2,26,,325471,33,0,8,1,67,,325437,33,0,8,1,28,,325470,33,0,8,1,58,,325479,33,0,8,2
13903,'H58S100F-80-F1',537,,325490,33,0,8,2,70,,325480,33,0,8,1,33,,325503,33,0,8,1,70,,325505,33,0,8,2,29,,325481,33,0,8,1,65,,325518,33,0,8,2,26,,325493,33,0,8,1,24,,325506,33,0,8,2,70,,325482,33,0,8,1,32,,325519,33,0,8,2,70,,325494,33,0,8,1,29,,325507,33,0,8,2,70,,325483,33,0,8,1,31,,325520,33,0,8,2,71,,325495,33,0,8,1,31,,325508,33,0,8,2,72,,325484,33,0,8,1,28,,325521,33,0,8,2,69,,325496,33,0,8,1,30,,325509,33,0,8,2,71,,325485,33,0,8,1,29,,325522,33,0,8,2,69,,325497,33,0,8,1,29,,325510,33,0,8,2,69,,325486,33,0,8,1,29,,325523,33,0,8,2,68,,325498,33,0,8,1,28,,325511,33,0,8,2,67,,325487,33,0,8,1,29,,325524,33,0,8,2,68,,325499,33,0,8,1,29,,325512,33,0,8,2,65,,325488,33,0,8,1,24,,325527,33,0,8,1,17,,325525,33,0,8,2,11,,325531,33,0,8,2,51,,325500,33,0,8,1,12,,325513,33,0,8,2,12,,325532,33,0,8,2,10,,325489,33,0,8,1,13,,325529,33,0,8,2,54,,325515,33,0,8,1,14,,325501,33,0,8,1,15,,325526,33,0,8,2,13,,325491,33,0,8,2,55,,325514,33,0,8,2,15,,325516,33,0,8,1,16,,325530,33,0,8,2,16,,325502,33,0,8,1,55,,325528,33,0,8,1,15,,325492,33,0,8,2,18,,325504,33,0,8,2,63,,325517,33,0,8,1
13903,'H58S200F-80-F2',537,,325578,33,0,8,2,70,,325539,33,0,8,1,33,,325579,33,0,8,1,70,,325549,33,0,8,2,29,,325540,33,0,8,1,65,,325569,33,0,8,2,26,,325559,33,0,8,1,24,,325550,33,0,8,2,70,,325541,33,0,8,1,32,,325570,33,0,8,2,70,,325560,33,0,8,1,29,,325551,33,0,8,2,70,,325542,33,0,8,1,31,,325571,33,0,8,2,71,,325561,33,0,8,1,31,,325552,33,0,8,2,72,,325543,33,0,8,1,28,,325572,33,0,8,2,69,,325562,33,0,8,1,30,,325553,33,0,8,2,71,,325544,33,0,8,1,29,,325573,33,0,8,2,69,,325563,33,0,8,1,29,,325554,33,0,8,2,69,,325545,33,0,8,1,29,,325574,33,0,8,2,68,,325564,33,0,8,1,28,,325555,33,0,8,2,67,,325546,33,0,8,1,29,,325575,33,0,8,2,68,,325565,33,0,8,1,29,,325556,33,0,8,2,65,,325547,33,0,8,1,24,,325537,33,0,8,1,17,,325576,33,0,8,2,11,,325535,33,0,8,2,51,,325566,33,0,8,1,12,,325557,33,0,8,2,12,,325583,33,0,8,2,10,,325548,33,0,8,1,13,,325584,33,0,8,2,54,,325580,33,0,8,1,14,,325567,33,0,8,1,15,,325577,33,0,8,2,13,,325533,33,0,8,2,55,,325558,33,0,8,2,15,,325581,33,0,8,1,16,,325585,33,0,8,2,16,,325568,33,0,8,1,55,,325538,33,0,8,1,15,,325534,33,0,8,2,18,,325536,33,0,8,2,63,,325582,33,0,8,1
35503,'H54S000A-80-A',2615,,346136,61,0,8,1,30,,346135,61,0,8,2,64,,346139,61,0,8,1,25,,346134,61,0,8,2,71,,346133,61,0,8,1,24,,346138,61,0,8,1,80,,346137,61,0,8,1,30,,346140,61,0,8,1
35503,'H54S000I-80-I',2609,,346141,61,0,8,1,46,,346145,61,0,8,2,86,,346143,61,0,8,1,88,,346144,61,0,8,2,86,,346142,61,0,8,1,26,,346146,61,0,8,2
35503,'H54S000S-80-S',2612,,346150,61,0,8,1,44,,346148,61,0,8,2,86,,346147,61,0,8,1,86,,346152,61,0,8,2,79,,346151,61,0,8,1,33,,346149,61,0,8,2
35503,'H54S100F-80-F1',2609,,346153,61,0,8,1,46,,346157,61,0,8,2,86,,346155,61,0,8,1,88,,346156,61,0,8,2,86,,346154,61,0,8,1,26,,346158,61,0,8,2
35503,'H54S200F-80-F2',2609,,346159,61,0,8,1,46,,346163,61,0,8,2,86,,346161,61,0,8,1,88,,346162,61,0,8,2,86,,346160,61,0,8,1,26,,346164,61,0,8,2
