1801,'H51S000A-80-A',512,,290014,4,0,5,1,33,,290000,4,0,5,2,72,,290004,4,0,5,1,31,,290015,4,0,5,1,70,,290001,4,0,5,2,25,,290030,4,0,5,1,67,,290005,4,0,5,1,26,,290016,4,0,5,1,23,,290002,4,0,5,2,59,,290036,4,0,5,1,19,,290031,4,0,5,1,21,,290006,4,0,5,1,62,,290050,4,0,5,1,22,,290054,4,0,5,1,62,,290059,4,0,5,1,20,,290037,4,0,5,1,16,,290032,4,0,5,1,17,,290007,4,0,5,1,54,,290017,4,0,5,1,14,,290051,4,0,5,1,13,,290066,4,0,5,1,10,,290025,4,0,5,1,10,,290055,4,0,5,1,50,,290070,4,0,5,1,10,,290060,4,0,5,1,10,,290044,4,0,5,1,10,,290038,4,0,5,1,10,,290033,4,0,5,1,10,,290063,4,0,5,2,50,,290008,4,0,5,1,10,,290077,4,0,5,2,10,,290018,4,0,5,1,10,,290052,4,0,5,1,10,,290067,4,0,5,1,10,,290026,4,0,5,1,50,,290056,4,0,5,1,10,,290071,4,0,5,1,10,,290061,4,0,5,1,10,,290045,4,0,5,1,10,,290039,4,0,5,1,9,,290034,4,0,5,1,49,,290064,4,0,5,2,10,,290009,4,0,5,1,10,,290078,4,0,5,2,10,,290019,4,0,5,1,9,,290053,4,0,5,1,8,,290068,4,0,5,1,48,,290003,4,0,5,2,7,,290027,4,0,5,1,7,,290057,4,0,5,1,6,,290058,4,0,5,2,6,,290072,4,0,5,1,6,,290035,4,0,5,1,7,,290062,4,0,5,1,7,,290046,4,0,5,1,8,,290085,4,0,5,2,48,,290040,4,0,5,1,7,,290065,4,0,5,2,7,,290024,4,0,5,1,7,,290010,4,0,5,1,9,,290079,4,0,5,2,10,,290020,4,0,5,1,10,,290069,4,0,5,1,50,,290080,4,0,5,1,10,,290028,4,0,5,1,10,,290073,4,0,5,1,10,,290086,4,0,5,2,10,,290047,4,0,5,1,15,,290041,4,0,5,1,55,,290011,4,0,5,1,15,,290087,4,0,5,2,15,,290021,4,0,5,1,15,,290081,4,0,5,1,54,,290084,4,0,5,2,13,,290074,4,0,5,1,16,,290048,4,0,5,1,16,,290042,4,0,5,1,58,,290012,4,0,5,1,18,,290022,4,0,5,1,18,,290082,4,0,5,1,59,,290075,4,0,5,1,20,,290049,4,0,5,1,20,,290043,4,0,5,1,62,,290023,4,0,5,1,22,,290013,4,0,5,1,22,,290083,4,0,5,1,61,,290076,4,0,5,1,21,,290029,4,0,5,1
1801,'H51S000I-80-I',617,,290105,4,0,5,1,30,,290112,4,0,5,1,71,,290088,4,0,5,1,31,,290097,4,0,5,1,71,,290106,4,0,5,1,30,,290113,4,0,5,1,71,,290117,4,0,5,1,28,,290098,4,0,5,1,66,,290107,4,0,5,1,24,,290089,4,0,5,1,64,,290124,4,0,5,1,22,,290118,4,0,5,1,22,,290099,4,0,5,1,61,,290129,4,0,5,1,19,,290108,4,0,5,1,15,,290090,4,0,5,1,16,,290130,4,0,5,1,54,,290125,4,0,5,1,14,,290132,4,0,5,2,13,,290136,4,0,5,1,13,,290100,4,0,5,1,53,,290138,4,0,5,2,13,,290103,4,0,5,1,12,,290109,4,0,5,1,12,,290115,4,0,5,1,12,,290091,4,0,5,1,52,,290131,4,0,5,1,12,,290126,4,0,5,1,12,,290133,4,0,5,2,12,,290137,4,0,5,1,10,,290144,4,0,5,1,48,,290101,4,0,5,1,7,,290139,4,0,5,2,7,,290148,4,0,5,1,7,,290104,4,0,5,1,7,,290153,4,0,5,2,7,,290110,4,0,5,1,7,,290155,4,0,5,2,7,,290116,4,0,5,1,8,,290102,4,0,5,1,48,,290128,4,0,5,2,10,,290092,4,0,5,1,10,,290127,4,0,5,1,10,,290134,4,0,5,2,10,,290114,4,0,5,1,10,,290145,4,0,5,1,50,,290154,4,0,5,2,10,,290149,4,0,5,1,10,,290140,4,0,5,2,10,,290111,4,0,5,1,15,,290122,4,0,5,1,60,,290093,4,0,5,1,19,,290135,4,0,5,2,19,,290146,4,0,5,1,62,,290150,4,0,5,1,21,,290141,4,0,5,1,20,,290123,4,0,5,1,60,,290094,4,0,5,1,20,,290119,4,0,5,1,20,,290147,4,0,5,1,59,,290151,4,0,5,1,22,,290142,4,0,5,1,24,,290095,4,0,5,1,64,,290120,4,0,5,1,25,,290152,4,0,5,1,70,,290143,4,0,5,1,30,,290096,4,0,5,1,70,,290121,4,0,5,1
1801,'H51S000S-81-S',453,,290167,4,0,5,1,68,,290185,4,0,5,1,29,,290156,4,0,5,1,61,,290170,4,0,5,1,12,,290190,4,0,5,1,24,,290168,4,0,5,1,56,,290176,4,0,5,1,11,,290186,4,0,5,1,22,,290231,4,0,5,1,12,,290157,4,0,5,1,72,,290171,4,0,5,1,20,,290208,4,0,5,1,60,,290169,4,0,5,1,20,,290214,4,0,5,1,10,,290163,4,0,5,1,10,,290223,4,0,5,1,10,,290232,4,0,5,1,52,,290158,4,0,5,1,12,,290192,4,0,5,1,12,,290172,4,0,5,1,12,,290205,4,0,5,1,12,,290209,4,0,5,1,52,,290200,4,0,5,1,12,,290178,4,0,5,1,12,,290215,4,0,5,1,12,,290164,4,0,5,1,11,,290224,4,0,5,1,52,,290233,4,0,5,1,12,,290159,4,0,5,1,12,,290193,4,0,5,1,11,,290173,4,0,5,1,10,,290206,4,0,5,1,11,,290210,4,0,5,1,50,,290236,4,0,5,1,10,,290201,4,0,5,1,10,,290179,4,0,5,1,11,,290216,4,0,5,1,10,,290165,4,0,5,1,10,,290225,4,0,5,1,49,,290182,4,0,5,1,9,,290234,4,0,5,1,9,,290160,4,0,5,1,9,,290194,4,0,5,1,9,,290247,4,0,5,1,12,,290174,4,0,5,1,47,,290248,4,0,5,1,6,,290207,4,0,5,1,6,,290211,4,0,5,1,8,,290251,4,0,5,1,10,,290258,4,0,5,1,13,,290202,4,0,5,1,10,,290180,4,0,5,1,52,,290217,4,0,5,1,12,,290226,4,0,5,1,12,,290239,4,0,5,2,11,,290235,4,0,5,1,11,,290241,4,0,5,1,50,,290266,4,0,5,1,10,,290195,4,0,5,1,11,,290246,4,0,5,2,10,,290249,4,0,5,1,11,,290252,4,0,5,1,12,,290268,4,0,5,2,63,,290238,4,0,5,1,11,,290218,4,0,5,1,10,,290227,4,0,5,1,10,,290188,4,0,5,1,51,,290242,4,0,5,1,10,,290267,4,0,5,1,9,,290196,4,0,5,1,10,,290262,4,0,5,1,10,,290250,4,0,5,1,12,,290253,4,0,5,1,52,,290269,4,0,5,2,12,,290256,4,0,5,1,12,,290220,4,0,5,2,14,,290228,4,0,5,1,15,,290243,4,0,5,1,56,,290197,4,0,5,1,16,,290263,4,0,5,1,16,,290254,4,0,5,1,56,,290270,4,0,5,2,17,,290257,4,0,5,1,18,,290229,4,0,5,1,18,,290272,4,0,5,2,57,,290244,4,0,5,1,20,,290264,4,0,5,1,20,,290271,4,0,5,2,61,,290203,4,0,5,1,20,,290230,4,0,5,1,20,,290245,4,0,5,1,60,,290265,4,0,5,1
1801,'H51S100F-80-F1',617,,290287,4,0,5,1,30,,290327,4,0,5,1,71,,290273,4,0,5,1,31,,290282,4,0,5,1,71,,290288,4,0,5,1,30,,290328,4,0,5,1,71,,290319,4,0,5,1,28,,290283,4,0,5,1,66,,290289,4,0,5,1,24,,290274,4,0,5,1,64,,290294,4,0,5,1,22,,290320,4,0,5,1,22,,290284,4,0,5,1,61,,290298,4,0,5,1,19,,290290,4,0,5,1,15,,290275,4,0,5,1,16,,290336,4,0,5,1,54,,290295,4,0,5,1,14,,290299,4,0,5,2,13,,290303,4,0,5,1,13,,290285,4,0,5,1,53,,290305,4,0,5,2,13,,290317,4,0,5,1,12,,290291,4,0,5,1,12,,290321,4,0,5,1,12,,290276,4,0,5,1,52,,290337,4,0,5,1,12,,290296,4,0,5,1,12,,290300,4,0,5,2,12,,290304,4,0,5,1,10,,290307,4,0,5,1,48,,290286,4,0,5,1,7,,290306,4,0,5,2,7,,290311,4,0,5,1,7,,290318,4,0,5,1,7,,290325,4,0,5,2,7,,290292,4,0,5,1,7,,290316,4,0,5,2,7,,290322,4,0,5,1,8,,290324,4,0,5,1,48,,290335,4,0,5,2,10,,290277,4,0,5,1,10,,290297,4,0,5,1,10,,290301,4,0,5,2,10,,290332,4,0,5,1,10,,290308,4,0,5,1,50,,290326,4,0,5,2,10,,290312,4,0,5,1,10,,290323,4,0,5,2,10,,290293,4,0,5,1,15,,290333,4,0,5,1,60,,290278,4,0,5,1,19,,290302,4,0,5,2,19,,290309,4,0,5,1,62,,290313,4,0,5,1,21,,290338,4,0,5,1,20,,290334,4,0,5,1,60,,290279,4,0,5,1,20,,290329,4,0,5,1,20,,290310,4,0,5,1,59,,290314,4,0,5,1,22,,290339,4,0,5,1,24,,290280,4,0,5,1,64,,290330,4,0,5,1,25,,290315,4,0,5,1,70,,290340,4,0,5,1,30,,290281,4,0,5,1,70,,290331,4,0,5,1
1801,'H51S200F-80-F2',617,,290355,4,0,5,1,30,,290395,4,0,5,1,71,,290341,4,0,5,1,31,,290350,4,0,5,1,71,,290356,4,0,5,1,30,,290396,4,0,5,1,71,,290387,4,0,5,1,28,,290351,4,0,5,1,66,,290357,4,0,5,1,24,,290342,4,0,5,1,64,,290362,4,0,5,1,22,,290388,4,0,5,1,22,,290352,4,0,5,1,61,,290366,4,0,5,1,19,,290358,4,0,5,1,15,,290343,4,0,5,1,16,,290404,4,0,5,1,54,,290363,4,0,5,1,14,,290367,4,0,5,2,13,,290371,4,0,5,1,13,,290353,4,0,5,1,53,,290373,4,0,5,2,13,,290385,4,0,5,1,12,,290359,4,0,5,1,12,,290389,4,0,5,1,12,,290344,4,0,5,1,52,,290405,4,0,5,1,12,,290364,4,0,5,1,12,,290368,4,0,5,2,12,,290372,4,0,5,1,10,,290375,4,0,5,1,48,,290354,4,0,5,1,7,,290374,4,0,5,2,7,,290379,4,0,5,1,7,,290386,4,0,5,1,7,,290393,4,0,5,2,7,,290360,4,0,5,1,7,,290384,4,0,5,2,7,,290390,4,0,5,1,8,,290392,4,0,5,1,48,,290403,4,0,5,2,10,,290345,4,0,5,1,10,,290365,4,0,5,1,10,,290369,4,0,5,2,10,,290400,4,0,5,1,10,,290376,4,0,5,1,50,,290394,4,0,5,2,10,,290380,4,0,5,1,10,,290391,4,0,5,2,10,,290361,4,0,5,1,15,,290401,4,0,5,1,60,,290346,4,0,5,1,19,,290370,4,0,5,2,19,,290377,4,0,5,1,62,,290381,4,0,5,1,21,,290406,4,0,5,1,20,,290402,4,0,5,1,60,,290347,4,0,5,1,20,,290397,4,0,5,1,20,,290378,4,0,5,1,59,,290382,4,0,5,1,22,,290407,4,0,5,1,24,,290348,4,0,5,1,64,,290398,4,0,5,1,25,,290383,4,0,5,1,70,,290408,4,0,5,1,30,,290349,4,0,5,1,70,,290399,4,0,5,1
1801,'H57S000S-80-S',720,,290410,4,0,5,1,7,,290409,4,0,5,1,810,,290414,4,0,5,1,272,,290412,4,0,5,1
1801,'H59S000S-80-S',801,,290415,4,0,5,1,648,,290416,4,0,5,2,79,,290417,4,0,5,1
16001,'H50S000A-82-A',624,,328163,34,0,5,2,33,,328171,34,0,5,2,73,,328151,34,0,5,1,75,,328164,34,0,5,2,35,,328172,34,0,5,2,72,,328152,34,0,5,1,31,,328165,34,0,5,2,72,,328173,34,0,5,2,30,,328153,34,0,5,1,70,,328166,34,0,5,2,28,,328174,34,0,5,2,68,,328154,34,0,5,1,31,,328167,34,0,5,2,69,,328175,34,0,5,2,31,,328155,34,0,5,1,71,,328168,34,0,5,2,31,,328176,34,0,5,2,70,,328156,34,0,5,1,25,,328169,34,0,5,2,62,,328137,34,0,5,2,21,,328177,34,0,5,2,22,,328157,34,0,5,1,61,,328144,34,0,5,1,20,,328170,34,0,5,2,20,,328138,34,0,5,1,60,,328178,34,0,5,2,22,,328158,34,0,5,1,25,,328145,34,0,5,1,69,,328139,34,0,5,1,30,,328159,34,0,5,1,71,,328146,34,0,5,1,31,,328140,34,0,5,1,70,,328160,34,0,5,1,32,,328147,34,0,5,1,72,,328141,34,0,5,1,32,,328161,34,0,5,1,73,,328148,34,0,5,1,72,,328142,34,0,5,1,31,,328162,34,0,5,1,72,,328149,34,0,5,1,32,,328143,34,0,5,1,73,,328150,34,0,5,1,33,,328179,34,0,5,2
16001,'H50S000I-82-I',737,,328205,34,0,5,2,73,,328180,34,0,5,1,33,,328194,34,0,5,2,73,,328206,34,0,5,2,35,,328181,34,0,5,1,74,,328195,34,0,5,2,33,,328207,34,0,5,2,73,,328182,34,0,5,1,74,,328196,34,0,5,2,34,,328208,34,0,5,2,73,,328213,34,0,5,1,33,,328197,34,0,5,2,73,,328209,34,0,5,1,33,,328214,34,0,5,1,72,,328198,34,0,5,2,32,,328210,34,0,5,1,73,,328191,34,0,5,2,72,,328199,34,0,5,2,32,,328211,34,0,5,1,72,,328192,34,0,5,2,32,,328200,34,0,5,2,71,,328212,34,0,5,1,31,,328193,34,0,5,2,70,,328201,34,0,5,2,31,,328187,34,0,5,1,71,,328183,34,0,5,2,30,,328202,34,0,5,2,70,,328188,34,0,5,1,32,,328184,34,0,5,2,71,,328203,34,0,5,2,31,,328189,34,0,5,1,72,,328185,34,0,5,2,32,,328204,34,0,5,2,71,,328190,34,0,5,1,30,,328186,34,0,5,2
16001,'H50S000S-82-S',632,,328242,34,0,5,1,24,,328259,34,0,5,2,66,,328244,34,0,5,2,27,,328232,34,0,5,1,65,,328243,34,0,5,1,21,,328260,34,0,5,2,18,,328245,34,0,5,2,59,,328223,34,0,5,1,20,,328233,34,0,5,1,20,,328246,34,0,5,2,64,,328261,34,0,5,2,26,,328224,34,0,5,1,66,,328234,34,0,5,1,26,,328247,34,0,5,2,69,,328262,34,0,5,2,28,,328235,34,0,5,1,27,,328248,34,0,5,2,68,,328263,34,0,5,2,28,,328236,34,0,5,1,68,,328249,34,0,5,2,27,,328264,34,0,5,2,68,,328229,34,0,5,2,23,,328237,34,0,5,1,12,,328266,34,0,5,2,52,,328250,34,0,5,2,12,,328252,34,0,5,1,12,,328265,34,0,5,2,12,,328227,34,0,5,2,12,,328215,34,0,5,1,52,,328230,34,0,5,2,12,,328238,34,0,5,1,12,,328216,34,0,5,1,12,,328251,34,0,5,2,63,,328253,34,0,5,1,12,,328228,34,0,5,2,9,,328217,34,0,5,1,11,,328231,34,0,5,2,22,,328239,34,0,5,1,69,,328254,34,0,5,1,29,,328218,34,0,5,1,68,,328240,34,0,5,1,30,,328255,34,0,5,1,70,,328219,34,0,5,1,30,,328241,34,0,5,1,70,,328256,34,0,5,1,29,,328220,34,0,5,1,67,,328225,34,0,5,1,30,,328257,34,0,5,1,70,,328221,34,0,5,1,30,,328226,34,0,5,1,70,,328258,34,0,5,1,31,,328222,34,0,5,1
16001,'H50S100F-80-F1',737,,328292,34,0,5,2,73,,328267,34,0,5,1,33,,328281,34,0,5,2,73,,328293,34,0,5,2,35,,328268,34,0,5,1,74,,328282,34,0,5,2,33,,328294,34,0,5,2,73,,328269,34,0,5,1,74,,328283,34,0,5,2,34,,328295,34,0,5,2,73,,328300,34,0,5,1,33,,328284,34,0,5,2,73,,328296,34,0,5,1,33,,328301,34,0,5,1,72,,328285,34,0,5,2,32,,328297,34,0,5,1,73,,328278,34,0,5,2,72,,328286,34,0,5,2,32,,328298,34,0,5,1,72,,328279,34,0,5,2,32,,328287,34,0,5,2,71,,328299,34,0,5,1,31,,328280,34,0,5,2,70,,328288,34,0,5,2,31,,328274,34,0,5,1,71,,328270,34,0,5,2,30,,328289,34,0,5,2,70,,328275,34,0,5,1,32,,328271,34,0,5,2,71,,328290,34,0,5,2,31,,328276,34,0,5,1,72,,328272,34,0,5,2,32,,328291,34,0,5,2,71,,328277,34,0,5,1,30,,328273,34,0,5,2
16001,'H50S200F-80-F2',737,,328327,34,0,5,2,73,,328302,34,0,5,1,33,,328316,34,0,5,2,73,,328328,34,0,5,2,35,,328303,34,0,5,1,74,,328317,34,0,5,2,33,,328329,34,0,5,2,73,,328304,34,0,5,1,74,,328318,34,0,5,2,34,,328330,34,0,5,2,73,,328335,34,0,5,1,33,,328319,34,0,5,2,73,,328331,34,0,5,1,33,,328336,34,0,5,1,72,,328320,34,0,5,2,32,,328332,34,0,5,1,73,,328313,34,0,5,2,72,,328321,34,0,5,2,32,,328333,34,0,5,1,72,,328314,34,0,5,2,32,,328322,34,0,5,2,71,,328334,34,0,5,1,31,,328315,34,0,5,2,70,,328323,34,0,5,2,31,,328309,34,0,5,1,71,,328305,34,0,5,2,30,,328324,34,0,5,2,70,,328310,34,0,5,1,32,,328306,34,0,5,2,71,,328325,34,0,5,2,31,,328311,34,0,5,1,72,,328307,34,0,5,2,32,,328326,34,0,5,2,71,,328312,34,0,5,1,30,,328308,34,0,5,2
16001,'H51S000S-81-S',1752,,328337,34,0,5,1
