20001,'H56S000S-82-S',801,,339475,30,0,5,1
20001,'H60S000A-80-A',630,,339476,30,0,5,1,70,,339487,30,0,5,2,29,,339497,30,0,5,2,29,,339477,30,0,5,1,73,,339488,30,0,5,2,72,,339498,30,0,5,2,31,,339478,30,0,5,1,69,,339489,30,0,5,2,29,,339499,30,0,5,2,70,,339479,30,0,5,1,28,,339490,30,0,5,2,29,,339500,30,0,5,2,70,,339480,30,0,5,1,30,,339491,30,0,5,2,70,,339501,30,0,5,2,71,,339481,30,0,5,1,31,,339492,30,0,5,2,69,,339502,30,0,5,2,30,,339482,30,0,5,1,70,,339493,30,0,5,2,30,,339503,30,0,5,2,29,,339483,30,0,5,1,69,,339494,30,0,5,2,30,,339504,30,0,5,2,71,,339484,30,0,5,1,71,,339495,30,0,5,1,31,,339505,30,0,5,2,28,,339485,30,0,5,1,70,,339496,30,0,5,1,30,,339506,30,0,5,2,70,,339486,30,0,5,1
20001,'H60S000I-81-I',802,,339525,30,0,5,1,30,,339507,30,0,5,1,71,,339516,30,0,5,2,29,,339526,30,0,5,1,69,,339508,30,0,5,1,29,,339517,30,0,5,2,70,,339527,30,0,5,1,31,,339509,30,0,5,1,69,,339518,30,0,5,2,30,,339528,30,0,5,1,70,,339510,30,0,5,1,30,,339519,30,0,5,2,70,,339529,30,0,5,1,30,,339511,30,0,5,1,29,,339520,30,0,5,2,70,,339530,30,0,5,1,30,,339512,30,0,5,1,69,,339521,30,0,5,2,29,,339531,30,0,5,1,71,,339513,30,0,5,1,31,,339522,30,0,5,2,71,,339532,30,0,5,1,72,,339514,30,0,5,1,29,,339523,30,0,5,2,70,,339533,30,0,5,1,29,,339515,30,0,5,1,29,,339524,30,0,5,2,70,,339534,30,0,5,1
20001,'H60S000S-83-S',619,,339543,30,0,5,1,21,,339541,30,0,5,1,64,,339555,30,0,5,2,21,,339562,30,0,5,2,21,,339544,30,0,5,1,69,,339535,30,0,5,2,12,,339542,30,0,5,1,14,,339556,30,0,5,2,14,,339554,30,0,5,1,55,,339563,30,0,5,2,17,,339545,30,0,5,1,19,,339536,30,0,5,2,61,,339557,30,0,5,2,29,,339564,30,0,5,2,70,,339546,30,0,5,1,30,,339558,30,0,5,2,71,,339565,30,0,5,2,31,,339547,30,0,5,1,72,,339559,30,0,5,2,30,,339566,30,0,5,2,70,,339548,30,0,5,1,28,,339560,30,0,5,2,72,,339567,30,0,5,2,31,,339549,30,0,5,1,73,,339561,30,0,5,2,30,,339568,30,0,5,2,64,,339570,30,0,5,1,19,,339550,30,0,5,1,23,,339537,30,0,5,1,62,,339569,30,0,5,2,24,,339571,30,0,5,1,64,,339551,30,0,5,1,28,,339538,30,0,5,1,31,,339572,30,0,5,1,70,,339552,30,0,5,1,29,,339539,30,0,5,1,69,,339573,30,0,5,1,29,,339553,30,0,5,1,72,,339540,30,0,5,1
20001,'H60S100F-80-F1',802,,339592,30,0,5,1,30,,339574,30,0,5,1,71,,339583,30,0,5,1,29,,339593,30,0,5,1,69,,339575,30,0,5,1,29,,339584,30,0,5,1,70,,339594,30,0,5,1,31,,339576,30,0,5,1,69,,339585,30,0,5,1,30,,339595,30,0,5,1,70,,339577,30,0,5,1,30,,339586,30,0,5,1,70,,339596,30,0,5,1,30,,339578,30,0,5,1,29,,339587,30,0,5,1,70,,339597,30,0,5,1,30,,339579,30,0,5,1,69,,339588,30,0,5,1,29,,339598,30,0,5,1,71,,339580,30,0,5,1,31,,339589,30,0,5,1,71,,339599,30,0,5,1,72,,339581,30,0,5,1,29,,339590,30,0,5,1,70,,339600,30,0,5,1,29,,339582,30,0,5,1,29,,339591,30,0,5,1,70,,339601,30,0,5,1
20001,'H60S200F-80-F2',802,,339620,30,0,5,1,30,,339602,30,0,5,1,71,,339611,30,0,5,1,29,,339621,30,0,5,1,69,,339603,30,0,5,1,29,,339612,30,0,5,1,70,,339622,30,0,5,1,31,,339604,30,0,5,1,69,,339613,30,0,5,1,30,,339623,30,0,5,1,70,,339605,30,0,5,1,30,,339614,30,0,5,1,70,,339624,30,0,5,1,30,,339606,30,0,5,1,29,,339615,30,0,5,1,70,,339625,30,0,5,1,30,,339607,30,0,5,1,69,,339616,30,0,5,1,29,,339626,30,0,5,1,71,,339608,30,0,5,1,31,,339617,30,0,5,1,71,,339627,30,0,5,1,72,,339609,30,0,5,1,29,,339618,30,0,5,1,70,,339628,30,0,5,1,29,,339610,30,0,5,1,29,,339619,30,0,5,1,70,,339629,30,0,5,1
20103,'H60S000A-80-A',831,,339790,4,0,8,1,70,,339801,4,0,8,2,30,,339791,4,0,8,1,69,,339802,4,0,8,2,30,,339792,4,0,8,1,70,,339803,4,0,8,2,30,,339793,4,0,8,1,70,,339804,4,0,8,2,30,,339794,4,0,8,1,70,,339805,4,0,8,2,30,,339795,4,0,8,1,70,,339806,4,0,8,2,30,,339796,4,0,8,1,70,,339807,4,0,8,2,30,,339797,4,0,8,1,70,,339808,4,0,8,2,30,,339798,4,0,8,1,70,,339809,4,0,8,2,30,,339799,4,0,8,1,70,,339810,4,0,8,2,30,,339800,4,0,8,1,70,,339811,4,0,8,2
20103,'H60S000I-81-I',831,,339812,4,0,8,1,70,,339823,4,0,8,2,30,,339813,4,0,8,1,69,,339824,4,0,8,2,30,,339814,4,0,8,1,70,,339825,4,0,8,2,30,,339815,4,0,8,1,70,,339826,4,0,8,2,30,,339816,4,0,8,1,70,,339827,4,0,8,2,30,,339817,4,0,8,1,70,,339828,4,0,8,2,30,,339818,4,0,8,1,70,,339829,4,0,8,2,30,,339819,4,0,8,1,70,,339830,4,0,8,2,30,,339820,4,0,8,1,70,,339831,4,0,8,2,30,,339821,4,0,8,1,70,,339832,4,0,8,2,30,,339822,4,0,8,1,70,,339833,4,0,8,2
20103,'H60S000S-83-S',603,,339836,4,0,8,1,27,,339852,4,0,8,1,29,,339837,4,0,8,1,68,,339853,4,0,8,1,31,,339838,4,0,8,1,71,,339854,4,0,8,1,72,,339839,4,0,8,1,30,,339855,4,0,8,1,71,,339840,4,0,8,1,31,,339856,4,0,8,1,72,,339841,4,0,8,1,32,,339857,4,0,8,1,72,,339842,4,0,8,1,32,,339858,4,0,8,1,71,,339843,4,0,8,1,30,,339859,4,0,8,1,68,,339844,4,0,8,1,29,,339860,4,0,8,1,67,,339845,4,0,8,1,31,,339861,4,0,8,1,63,,339846,4,0,8,1,32,,339862,4,0,8,1,72,,339847,4,0,8,1,31,,339863,4,0,8,1,71,,339848,4,0,8,1,31,,339864,4,0,8,1,70,,339849,4,0,8,1,30,,339865,4,0,8,1,70,,339850,4,0,8,1,28,,339866,4,0,8,1,70,,339851,4,0,8,1,107,,339834,4,0,8,1,98,,339835,4,0,8,1
20103,'H60S100F-80-F1',831,,339867,4,0,8,1,70,,339878,4,0,8,2,30,,339868,4,0,8,1,69,,339879,4,0,8,2,30,,339869,4,0,8,1,70,,339880,4,0,8,2,30,,339870,4,0,8,1,70,,339881,4,0,8,2,30,,339871,4,0,8,1,70,,339882,4,0,8,2,30,,339872,4,0,8,1,70,,339883,4,0,8,2,30,,339873,4,0,8,1,70,,339884,4,0,8,2,30,,339874,4,0,8,1,70,,339885,4,0,8,2,30,,339875,4,0,8,1,70,,339886,4,0,8,2,30,,339876,4,0,8,1,70,,339887,4,0,8,2,30,,339877,4,0,8,1,70,,339888,4,0,8,2
20103,'H60S200F-80-F2',831,,339889,4,0,8,1,70,,339900,4,0,8,2,30,,339890,4,0,8,1,69,,339901,4,0,8,2,30,,339891,4,0,8,1,70,,339902,4,0,8,2,30,,339892,4,0,8,1,70,,339903,4,0,8,2,30,,339893,4,0,8,1,70,,339904,4,0,8,2,30,,339894,4,0,8,1,70,,339905,4,0,8,2,30,,339895,4,0,8,1,70,,339906,4,0,8,2,30,,339896,4,0,8,1,70,,339907,4,0,8,2,30,,339897,4,0,8,1,70,,339908,4,0,8,2,30,,339898,4,0,8,1,70,,339909,4,0,8,2,30,,339899,4,0,8,1,70,,339910,4,0,8,2
38201,'H60S000A-80-A',2553,,347353,4,0,5,1,85,,347355,4,0,5,1,85,,347354,4,0,5,1,85,,347356,4,0,5,1
38201,'H60S000I-81-I',2553,,347357,4,0,5,1,85,,347360,4,0,5,1,85,,347359,4,0,5,1,85,,347358,4,0,5,1
38201,'H60S000S-83-S',2552,,347362,4,0,5,1,86,,347363,4,0,5,1,85,,347361,4,0,5,2,85,,347364,4,0,5,1
38201,'H60S100F-80-F1',2553,,347366,4,0,5,2,85,,347368,4,0,5,1,85,,347367,4,0,5,1,85,,347365,4,0,5,1
38201,'H60S200F-80-F2',2553,,347370,4,0,5,2,85,,347372,4,0,5,1,85,,347371,4,0,5,1,85,,347369,4,0,5,1
