5101,'H50S000S-82-S',710,,301228,18,0,5,2,4,,301226,18,0,5,1,14,,301230,18,0,5,2,72,,301225,18,4,,2,12,,301224,18,4,,2,23,,301227,18,4,,2,699,,301229,18,4,,1
5101,'H56S000S-82-S',615,,301235,18,4,,1,90,,301231,18,0,5,1,40,,301236,18,4,,1,11,,301232,18,4,,1,52,,301233,18,4,,1,13,,301234,18,4,,1
5101,'H57S000A-80-A',533,,301237,18,0,5,1,70,,301246,18,0,5,1,33,,301250,18,0,5,1,71,,301238,18,0,5,1,30,,301257,18,0,5,1,12,,301261,18,0,5,1,51,,301267,18,0,5,1,12,,301251,18,0,5,1,11,,301272,18,0,5,1,10,,301282,18,0,5,1,10,,301283,18,0,5,1,10,,301239,18,0,5,1,50,,301293,18,0,5,1,10,,301262,18,0,5,1,10,,301258,18,0,5,1,10,,301300,18,0,5,1,10,,301302,18,0,5,1,9,,301273,18,0,5,1,7,,301268,18,0,5,1,47,,301304,18,0,5,1,7,,301252,18,0,5,1,8,,301240,18,0,5,1,7,,301308,18,0,5,2,8,,301284,18,0,5,1,8,,301263,18,0,5,1,7,,301259,18,0,5,1,7,,301294,18,0,5,1,48,,301314,18,0,5,1,8,,301318,18,0,5,1,8,,301274,18,0,5,1,7,,301247,18,0,5,1,7,,301305,18,0,5,1,7,,301253,18,0,5,1,6,,301303,18,0,5,1,8,,301309,18,0,5,2,47,,301269,18,0,5,1,7,,301321,18,0,5,1,7,,301322,18,0,5,2,6,,301241,18,0,5,1,7,,301295,18,0,5,1,7,,301285,18,0,5,1,6,,301323,18,0,5,1,6,,301264,18,0,5,1,6,,301275,18,0,5,1,47,,301315,18,0,5,1,7,,301306,18,0,5,1,7,,301319,18,0,5,1,7,,301326,18,0,5,2,8,,301248,18,0,5,1,8,,301279,18,0,5,1,8,,301254,18,0,5,1,9,,301310,18,0,5,2,48,,301296,18,0,5,1,8,,301290,18,0,5,1,8,,301270,18,0,5,1,8,,301242,18,0,5,1,8,,301316,18,0,5,1,8,,301286,18,0,5,1,8,,301265,18,0,5,1,48,,301276,18,0,5,1,9,,301307,18,0,5,1,9,,301320,18,0,5,1,9,,301327,18,0,5,2,8,,301249,18,0,5,1,8,,301280,18,0,5,1,7,,301255,18,0,5,1,7,,301311,18,0,5,2,46,,301297,18,0,5,1,6,,301332,18,0,5,1,6,,301291,18,0,5,1,7,,301271,18,0,5,1,7,,301243,18,0,5,1,8,,301317,18,0,5,1,9,,301287,18,0,5,1,9,,301266,18,0,5,1,49,,301277,18,0,5,1,11,,301312,18,0,5,1,12,,301328,18,0,5,2,12,,301281,18,0,5,1,11,,301256,18,0,5,1,52,,301298,18,0,5,1,12,,301292,18,0,5,1,14,,301244,18,0,5,1,15,,301288,18,0,5,1,58,,301278,18,0,5,1,19,,301313,18,0,5,1,21,,301333,18,0,5,1,62,,301299,18,0,5,1,29,,301245,18,0,5,1,18,,301289,18,0,5,1,65,,301329,18,0,5,2,29,,301334,18,0,5,1,69,,301301,18,0,5,1,29,,301324,18,0,5,1,68,,301330,18,0,5,2,27,,301335,18,0,5,1,72,,301260,18,0,5,2,33,,301325,18,0,5,1,72,,301331,18,0,5,2,33,,301336,18,0,5,1
5101,'H57S000I-80-I',530,,301337,18,0,5,1,73,,301339,18,0,5,1,32,,301349,18,0,5,1,70,,301357,18,0,5,1,30,,301340,18,0,5,1,18,,301363,18,0,5,1,57,,301350,18,0,5,1,19,,301369,18,0,5,2,16,,301358,18,0,5,1,14,,301375,18,0,5,1,52,,301381,18,0,5,1,13,,301341,18,0,5,1,11,,301351,18,0,5,1,9,,301384,18,0,5,1,9,,301364,18,0,5,1,49,,301388,18,0,5,1,10,,301359,18,0,5,1,10,,301370,18,0,5,2,9,,301389,18,0,5,1,10,,301382,18,0,5,1,11,,301376,18,0,5,1,51,,301352,18,0,5,1,11,,301385,18,0,5,1,11,,301342,18,0,5,1,10,,301393,18,0,5,2,11,,301365,18,0,5,1,11,,301371,18,0,5,2,50,,301360,18,0,5,1,10,,301383,18,0,5,1,10,,301390,18,0,5,1,10,,301353,18,0,5,1,10,,301377,18,0,5,1,10,,301396,18,0,5,1,50,,301386,18,0,5,1,10,,301398,18,0,5,1,9,,301343,18,0,5,1,10,,301394,18,0,5,2,10,,301366,18,0,5,1,10,,301372,18,0,5,2,50,,301374,18,0,5,1,10,,301361,18,0,5,1,8,,301391,18,0,5,1,8,,301354,18,0,5,1,6,,301387,18,0,5,1,8,,301378,18,0,5,1,9,,301402,18,0,5,1,49,,301397,18,0,5,1,9,,301399,18,0,5,1,10,,301344,18,0,5,1,11,,301395,18,0,5,2,12,,301367,18,0,5,1,13,,301373,18,0,5,2,54,,301362,18,0,5,1,14,,301392,18,0,5,1,14,,301379,18,0,5,1,14,,301403,18,0,5,1,55,,301400,18,0,5,1,17,,301345,18,0,5,1,17,,301338,18,0,5,1,57,,301404,18,0,5,1,17,,301355,18,0,5,1,25,,301380,18,0,5,1,65,,301401,18,0,5,1,25,,301408,18,0,5,2,68,,301405,18,0,5,1,26,,301368,18,0,5,1,32,,301346,18,0,5,1,73,,301409,18,0,5,2,73,,301406,18,0,5,1,31,,301356,18,0,5,1,73,,301347,18,0,5,1,33,,301410,18,0,5,1,73,,301407,18,0,5,1,32,,301348,18,0,5,1,72,,301411,18,0,5,1
5101,'H57S000S-80-S',505,,301412,18,0,5,1,26,,301417,18,0,5,1,11,,301429,18,4,,1,11,,301441,18,0,5,1,52,,301421,18,0,5,1,20,,301430,18,0,5,1,10,,301454,18,0,5,1,10,,301466,18,4,,1,7,,301469,18,0,5,2,6,,301448,18,4,,1,60,,301485,18,0,5,2,4,,301418,18,0,5,1,3,,301443,18,4,,1,5,,301486,18,0,5,1,4,,301424,18,4,,1,3,,301475,18,0,5,1,4,,301467,18,4,,1,2,,301432,18,0,5,2,4,,301433,18,0,5,1,3,,301442,18,0,5,1,2,,301488,18,4,,2,3,,301446,18,0,5,1,3,,301496,18,0,5,1,44,,301449,18,0,5,2,2,,301422,18,4,,1,2,,301445,18,0,5,1,4,,301501,18,0,5,1,5,,301440,18,0,5,1,2,,301453,18,4,,1,1,,301507,18,0,5,2,6,,301470,18,0,5,1,3,,301444,18,4,,1,3,,301431,18,0,5,1,2,,301461,18,0,5,1,6,,301455,18,0,5,1,4,,301447,18,4,,1,3,,301425,18,0,5,1,2,,301468,18,4,,1,3,,301502,18,0,5,2,3,,301465,18,0,5,1,6,,301491,18,0,5,1,44,,301423,18,0,5,1,6,,301413,18,0,5,1,6,,301503,18,0,5,1,7,,301508,18,0,5,1,7,,301514,18,0,5,1,7,,301419,18,4,,1,6,,301513,18,0,5,2,6,,301520,18,0,5,1,7,,301476,18,0,5,1,48,,301434,18,0,5,1,8,,301497,18,0,5,1,8,,301522,18,0,5,1,7,,301420,18,0,5,1,8,,301471,18,0,5,1,8,,301462,18,0,5,1,8,,301426,18,0,5,1,8,,301492,18,0,5,1,48,,301414,18,0,5,1,8,,301504,18,0,5,1,8,,301450,18,0,5,1,8,,301509,18,0,5,1,9,,301515,18,0,5,1,7,,301456,18,0,5,1,7,,301521,18,0,5,1,6,,301477,18,0,5,1,47,,301435,18,0,5,1,7,,301498,18,0,5,1,8,,301523,18,0,5,1,9,,301493,18,0,5,1,9,,301472,18,0,5,1,9,,301463,18,0,5,1,9,,301427,18,0,5,1,49,,301415,18,0,5,1,9,,301505,18,0,5,1,9,,301451,18,0,5,1,9,,301510,18,0,5,1,9,,301516,18,0,5,1,8,,301457,18,0,5,1,8,,301478,18,0,5,1,49,,301436,18,0,5,1,9,,301494,18,0,5,1,9,,301499,18,0,5,1,9,,301524,18,0,5,1,8,,301473,18,0,5,1,8,,301464,18,0,5,1,50,,301526,18,0,5,1,9,,301428,18,0,5,1,7,,301416,18,0,5,1,7,,301489,18,0,5,1,5,,301506,18,0,5,1,11,,301452,18,0,5,1,4,,301511,18,0,5,1,9,,301517,18,0,5,1,6,,301458,18,4,,1,44,,301528,18,0,5,1,4,,301535,18,0,5,1,4,,301479,18,4,,1,4,,301533,18,0,5,1,6,,301437,18,0,5,1,6,,301538,18,0,5,2,7,,301495,18,0,5,1,7,,301536,18,0,5,1,7,,301527,18,0,5,1,7,,301525,18,0,5,1,47,,301539,18,0,5,1,8,,301459,18,0,5,1,8,,301544,18,0,5,2,8,,301480,18,0,5,1,8,,301542,18,0,5,1,9,,301490,18,0,5,1,9,,301546,18,0,5,1,49,,301512,18,0,5,1,10,,301518,18,0,5,1,9,,301529,18,0,5,1,9,,301534,18,0,5,1,9,,301438,18,0,5,1,10,,301474,18,0,5,1,10,,301487,18,0,5,1,50,,301537,18,0,5,1,9,,301540,18,0,5,1,10,,301460,18,0,5,1,11,,301481,18,0,5,1,12,,301500,18,0,5,1,52,,301547,18,0,5,1,12,,301519,18,0,5,1,15,,301530,18,0,5,1,15,,301439,18,0,5,1,63,,301541,18,0,5,1,25,,301482,18,0,5,1,25,,301548,18,0,5,1,65,,301531,18,0,5,1,30,,301543,18,0,5,1,69,,301483,18,0,5,1,30,,301545,18,0,5,1,71,,301532,18,0,5,1,31,,301549,18,0,5,1,73,,301484,18,0,5,1
5101,'H57S100F-80-F1',530,,301550,18,0,5,1,73,,301552,18,0,5,1,32,,301562,18,0,5,1,70,,301570,18,0,5,1,30,,301553,18,0,5,1,18,,301576,18,0,5,1,57,,301563,18,0,5,1,19,,301582,18,0,5,2,16,,301571,18,0,5,1,14,,301588,18,0,5,1,52,,301594,18,0,5,1,13,,301554,18,0,5,1,11,,301564,18,0,5,1,9,,301597,18,0,5,1,9,,301577,18,0,5,1,49,,301601,18,0,5,1,10,,301572,18,0,5,1,10,,301583,18,0,5,2,9,,301602,18,0,5,1,10,,301595,18,0,5,1,11,,301589,18,0,5,1,51,,301565,18,0,5,1,11,,301598,18,0,5,1,11,,301555,18,0,5,1,10,,301606,18,0,5,2,11,,301578,18,0,5,1,11,,301584,18,0,5,2,50,,301573,18,0,5,1,10,,301596,18,0,5,1,10,,301603,18,0,5,1,10,,301566,18,0,5,1,10,,301590,18,0,5,1,10,,301609,18,0,5,1,50,,301599,18,0,5,1,10,,301611,18,0,5,1,9,,301556,18,0,5,1,10,,301607,18,0,5,2,10,,301579,18,0,5,1,10,,301585,18,0,5,2,50,,301587,18,0,5,1,10,,301574,18,0,5,1,8,,301604,18,0,5,1,8,,301567,18,0,5,1,6,,301600,18,0,5,1,8,,301591,18,0,5,1,9,,301615,18,0,5,1,49,,301610,18,0,5,1,9,,301612,18,0,5,1,10,,301557,18,0,5,1,11,,301608,18,0,5,2,12,,301580,18,0,5,1,13,,301586,18,0,5,2,54,,301575,18,0,5,1,14,,301605,18,0,5,1,14,,301592,18,0,5,1,14,,301616,18,0,5,1,55,,301613,18,0,5,1,17,,301558,18,0,5,1,17,,301551,18,0,5,1,57,,301617,18,0,5,1,17,,301568,18,0,5,1,25,,301593,18,0,5,1,65,,301614,18,0,5,1,25,,301621,18,0,5,2,68,,301618,18,0,5,1,26,,301581,18,0,5,1,32,,301559,18,0,5,1,73,,301622,18,0,5,2,73,,301619,18,0,5,1,31,,301569,18,0,5,1,73,,301560,18,0,5,1,33,,301623,18,0,5,1,73,,301620,18,0,5,1,32,,301561,18,0,5,1,72,,301624,18,0,5,1
5101,'H57S200F-80-F2',530,,301625,18,0,5,1,73,,301627,18,0,5,1,32,,301637,18,0,5,1,70,,301645,18,0,5,1,30,,301628,18,0,5,1,18,,301651,18,0,5,1,57,,301638,18,0,5,1,19,,301657,18,0,5,2,16,,301646,18,0,5,1,14,,301663,18,0,5,1,52,,301669,18,0,5,1,13,,301629,18,0,5,1,11,,301639,18,0,5,1,9,,301672,18,0,5,1,9,,301652,18,0,5,1,49,,301676,18,0,5,1,10,,301647,18,0,5,1,10,,301658,18,0,5,2,9,,301677,18,0,5,1,10,,301670,18,0,5,1,11,,301664,18,0,5,1,51,,301640,18,0,5,1,11,,301673,18,0,5,1,11,,301630,18,0,5,1,10,,301681,18,0,5,2,11,,301653,18,0,5,1,11,,301659,18,0,5,2,50,,301648,18,0,5,1,10,,301671,18,0,5,1,10,,301678,18,0,5,1,10,,301641,18,0,5,1,10,,301665,18,0,5,1,10,,301684,18,0,5,1,50,,301674,18,0,5,1,10,,301686,18,0,5,1,9,,301631,18,0,5,1,10,,301682,18,0,5,2,10,,301654,18,0,5,1,10,,301660,18,0,5,2,50,,301662,18,0,5,1,10,,301649,18,0,5,1,8,,301679,18,0,5,1,8,,301642,18,0,5,1,6,,301675,18,0,5,1,8,,301666,18,0,5,1,9,,301690,18,0,5,1,49,,301685,18,0,5,1,9,,301687,18,0,5,1,10,,301632,18,0,5,1,11,,301683,18,0,5,2,12,,301655,18,0,5,1,13,,301661,18,0,5,2,54,,301650,18,0,5,1,14,,301680,18,0,5,1,14,,301667,18,0,5,1,14,,301691,18,0,5,1,55,,301688,18,0,5,1,17,,301633,18,0,5,1,17,,301626,18,0,5,1,57,,301692,18,0,5,1,17,,301643,18,0,5,1,25,,301668,18,0,5,1,65,,301689,18,0,5,1,25,,301696,18,0,5,2,68,,301693,18,0,5,1,26,,301656,18,0,5,1,32,,301634,18,0,5,1,73,,301697,18,0,5,2,73,,301694,18,0,5,1,31,,301644,18,0,5,1,73,,301635,18,0,5,1,33,,301698,18,0,5,1,73,,301695,18,0,5,1,32,,301636,18,0,5,1,72,,301699,18,0,5,1
16604,'H50S000A-82-A',834,,331316,11,0,9,2,72,,331303,11,0,9,1,31,,331317,11,0,9,2,72,,331304,11,0,9,1,32,,331318,11,0,9,2,73,,331305,11,0,9,1,32,,331319,11,0,9,2,70,,331302,11,0,9,2,29,,331306,11,0,9,1,68,,331320,11,0,9,2,28,,331324,11,0,9,1,68,,331307,11,0,9,1,29,,331321,11,0,9,2,69,,331325,11,0,9,1,29,,331308,11,0,9,1,69,,331322,11,0,9,2,29,,331326,11,0,9,1,70,,331309,11,0,9,1,30,,331323,11,0,9,2,70,,331327,11,0,9,1,33,,331310,11,0,9,1,73,,331328,11,0,9,1,33,,331311,11,0,9,1,74,,331329,11,0,9,1,36,,331312,11,0,9,1,76,,331330,11,0,9,1,77,,331313,11,0,9,1,37,,331331,11,0,9,1,77,,331314,11,0,9,1,38,,331332,11,0,9,1,78,,331315,11,0,9,1
16604,'H50S000I-82-I',908,,331350,11,0,9,1,31,,331333,11,0,9,2,71,,331351,11,0,9,1,31,,331334,11,0,9,2,71,,331352,11,0,9,1,32,,331335,11,0,9,2,73,,331353,11,0,9,1,33,,331336,11,0,9,2,73,,331354,11,0,9,1,33,,331337,11,0,9,2,70,,331346,11,0,9,1,29,,331355,11,0,9,1,68,,331338,11,0,9,2,28,,331347,11,0,9,1,68,,331356,11,0,9,1,28,,331339,11,0,9,2,68,,331348,11,0,9,1,28,,331357,11,0,9,1,68,,331340,11,0,9,2,28,,331349,11,0,9,1,69,,331358,11,0,9,1,31,,331341,11,0,9,2,72,,331359,11,0,9,1,32,,331342,11,0,9,2,74,,331360,11,0,9,1,36,,331343,11,0,9,2,77,,331361,11,0,9,1,78,,331344,11,0,9,2,38,,331362,11,0,9,1,79,,331345,11,0,9,2
16604,'H50S000S-82-S',610,,331366,11,0,9,2,30,,331378,11,0,9,2,70,,331388,11,0,9,1,33,,331367,11,0,9,2,71,,331379,11,0,9,1,31,,331389,11,0,9,1,68,,331368,11,0,9,2,30,,331380,11,0,9,1,71,,331390,11,0,9,1,30,,331369,11,0,9,2,70,,331381,11,0,9,1,30,,331391,11,0,9,1,70,,331370,11,0,9,2,30,,331382,11,0,9,1,69,,331392,11,0,9,1,29,,331371,11,0,9,2,69,,331383,11,0,9,1,30,,331393,11,0,9,1,70,,331372,11,0,9,2,30,,331384,11,0,104,1,70,,331394,11,0,104,1,30,,331373,11,0,104,2,70,,331385,11,0,104,1,30,,331395,11,0,104,1,69,,331374,11,0,104,2,30,,331386,11,0,104,1,70,,331396,11,0,9,1,31,,331375,11,0,9,2,72,,331387,11,0,9,1,33,,331397,11,0,9,1,75,,331376,11,0,9,2,37,,331398,11,0,9,1,77,,331377,11,0,9,2,78,,331364,11,0,9,1,37,,331363,11,0,9,1,74,,331365,11,0,9,1
16604,'H50S100F-80-F1',908,,331416,11,0,9,1,31,,331399,11,0,9,2,71,,331417,11,0,9,1,31,,331400,11,0,9,2,71,,331418,11,0,9,1,32,,331401,11,0,9,2,73,,331419,11,0,9,1,33,,331402,11,0,9,2,73,,331420,11,0,9,1,33,,331403,11,0,9,2,70,,331412,11,0,9,1,29,,331421,11,0,9,1,68,,331404,11,0,9,2,28,,331413,11,0,9,1,68,,331422,11,0,9,1,28,,331405,11,0,9,2,68,,331414,11,0,9,1,28,,331423,11,0,9,1,68,,331406,11,0,9,2,28,,331415,11,0,9,1,69,,331424,11,0,9,1,31,,331407,11,0,9,2,72,,331425,11,0,9,1,32,,331408,11,0,9,2,74,,331426,11,0,9,1,36,,331409,11,0,9,2,77,,331427,11,0,9,1,78,,331410,11,0,9,2,38,,331428,11,0,9,1,79,,331411,11,0,9,2
16604,'H50S200F-80-F2',908,,331446,11,0,9,1,31,,331429,11,0,9,2,71,,331447,11,0,9,1,31,,331430,11,0,9,2,71,,331448,11,0,9,1,32,,331431,11,0,9,2,73,,331449,11,0,9,1,33,,331432,11,0,9,2,73,,331450,11,0,9,1,33,,331433,11,0,9,2,70,,331442,11,0,9,1,29,,331451,11,0,9,1,68,,331434,11,0,9,2,28,,331443,11,0,9,1,68,,331452,11,0,9,1,28,,331435,11,0,9,2,68,,331444,11,0,9,1,28,,331453,11,0,9,1,68,,331436,11,0,9,2,28,,331445,11,0,9,1,69,,331454,11,0,9,1,31,,331437,11,0,9,2,72,,331455,11,0,9,1,32,,331438,11,0,9,2,74,,331456,11,0,9,1,36,,331439,11,0,9,2,77,,331457,11,0,9,1,78,,331440,11,0,9,2,38,,331458,11,0,9,1,79,,331441,11,0,9,2
