2804,'H54S000A-80-A',518,,293353,24,0,9,1,31,,293361,24,0,9,1,71,,293355,24,0,9,2,31,,293354,24,0,9,1,71,,293362,24,0,9,1,32,,293356,24,0,9,2,71,,293337,24,0,9,1,31,,293363,24,0,9,1,71,,293357,24,0,9,2,31,,293338,24,0,9,1,71,,293346,24,0,9,2,71,,293329,24,0,9,1,31,,293367,24,0,9,1,71,,293364,24,0,9,1,31,,293358,24,0,9,2,71,,293339,24,0,9,1,31,,293347,24,0,9,2,72,,293330,24,0,9,1,31,,293368,24,0,9,1,71,,293365,24,0,9,1,31,,293359,24,0,9,2,71,,293340,24,0,9,1,31,,293348,24,0,9,2,71,,293331,24,0,9,1,31,,293369,24,0,9,1,71,,293366,24,0,9,1,31,,293360,24,0,9,2,70,,293341,24,0,9,1,31,,293349,24,0,9,2,71,,293332,24,0,9,1,31,,293342,24,0,9,1,71,,293350,24,0,9,2,30,,293333,24,0,9,1,71,,293343,24,0,9,1,32,,293351,24,0,9,2,71,,293334,24,0,9,1,32,,293344,24,0,9,1,72,,293335,24,0,9,1,72,,293352,24,0,9,2,33,,293345,24,0,9,1,73,,293336,24,0,9,1
2804,'H54S000I-80-I',519,,293382,24,0,9,1,32,,293400,24,0,9,2,70,,293394,24,0,9,2,29,,293383,24,0,9,1,69,,293401,24,0,9,2,30,,293395,24,0,9,2,70,,293406,24,0,9,1,30,,293402,24,0,9,2,70,,293396,24,0,9,2,30,,293384,24,0,9,1,70,,293392,24,0,9,1,30,,293370,24,0,9,2,70,,293407,24,0,9,1,30,,293403,24,0,9,2,70,,293397,24,0,9,2,30,,293385,24,0,9,1,70,,293377,24,0,9,2,30,,293371,24,0,9,2,70,,293408,24,0,9,1,30,,293404,24,0,9,2,70,,293398,24,0,9,2,30,,293386,24,0,9,1,70,,293378,24,0,9,2,30,,293372,24,0,9,2,70,,293409,24,0,9,1,30,,293405,24,0,9,2,69,,293399,24,0,9,2,30,,293387,24,0,9,1,70,,293379,24,0,9,2,30,,293373,24,0,9,2,70,,293388,24,0,9,1,30,,293380,24,0,9,2,70,,293374,24,0,9,2,30,,293389,24,0,9,1,70,,293381,24,0,9,2,31,,293375,24,0,9,1,71,,293390,24,0,9,2,30,,293410,24,0,9,1,72,,293376,24,0,9,1,32,,293391,24,0,9,2,72,,293393,24,0,9,1
2804,'H54S000S-80-S',516,,293412,24,0,9,2,30,,293432,24,0,9,2,70,,293416,24,0,9,1,20,,293454,7,0,9,1,12,,293413,24,0,9,2,56,,293456,7,0,9,2,14,,293433,24,0,9,2,12,,293457,7,0,9,2,21,,293414,24,0,9,1,54,,293455,7,0,9,2,15,,293436,24,0,9,2,28,,293434,24,0,9,2,54,,293453,7,0,9,2,13,,293427,24,0,9,1,6,,293415,7,0,9,1,25,,293437,24,0,9,2,71,,293435,24,0,9,2,31,,293428,24,0,9,1,72,,293417,24,0,9,1,30,,293438,24,0,9,1,70,,293429,24,0,9,1,29,,293418,24,0,9,1,69,,293439,24,0,9,1,28,,293430,24,0,9,1,69,,293419,24,0,9,1,31,,293440,24,0,9,1,61,,293447,24,0,9,2,18,,293431,24,0,9,1,18,,293420,24,0,9,1,59,,293448,24,0,9,2,17,,293441,24,0,9,1,5,,293452,24,0,9,1,12,,293442,24,0,9,2,19,,293461,24,0,9,2,63,,293421,24,0,9,1,22,,293449,24,0,9,2,60,,293451,24,0,9,2,23,,293443,24,0,9,2,24,,293422,24,0,9,1,71,,293458,24,0,9,2,31,,293444,24,0,9,2,70,,293423,24,0,9,1,30,,293459,24,0,9,2,70,,293445,24,0,9,2,31,,293424,24,0,9,1,70,,293460,24,0,9,2,29,,293446,24,0,9,2,71,,293425,24,0,9,1,30,,293450,24,0,9,1,69,,293462,24,0,9,1,31,,293426,24,0,9,1,73,,293411,24,0,9,1
2804,'H54S100F-80-F1',519,,293475,24,0,9,1,32,,293493,24,0,9,2,70,,293487,24,0,9,2,29,,293476,24,0,9,1,69,,293494,24,0,9,2,30,,293488,24,0,9,2,70,,293499,24,0,9,1,30,,293495,24,0,9,2,70,,293489,24,0,9,2,30,,293477,24,0,9,1,70,,293485,24,0,9,1,30,,293463,24,0,9,2,70,,293500,24,0,9,1,30,,293496,24,0,9,2,70,,293490,24,0,9,2,30,,293478,24,0,9,1,70,,293470,24,0,9,2,30,,293464,24,0,9,2,70,,293501,24,0,9,1,30,,293497,24,0,9,2,70,,293491,24,0,9,2,30,,293479,24,0,9,1,70,,293471,24,0,9,2,30,,293465,24,0,9,2,70,,293502,24,0,9,1,30,,293498,24,0,9,2,69,,293492,24,0,9,2,30,,293480,24,0,9,1,70,,293472,24,0,9,2,30,,293466,24,0,9,2,70,,293481,24,0,9,1,30,,293473,24,0,9,2,70,,293467,24,0,9,2,30,,293482,24,0,9,1,70,,293474,24,0,9,2,31,,293468,24,0,9,1,71,,293483,24,0,9,2,30,,293503,24,0,9,1,72,,293469,24,0,9,1,32,,293484,24,0,9,2,72,,293486,24,0,9,1
2804,'H54S200F-80-F2',519,,293516,24,0,9,1,32,,293534,24,0,9,2,70,,293528,24,0,9,2,29,,293517,24,0,9,1,69,,293535,24,0,9,2,30,,293529,24,0,9,2,70,,293540,24,0,9,1,30,,293536,24,0,9,2,70,,293530,24,0,9,2,30,,293518,24,0,9,1,70,,293526,24,0,9,1,30,,293504,24,0,9,2,70,,293541,24,0,9,1,30,,293537,24,0,9,2,70,,293531,24,0,9,2,30,,293519,24,0,9,1,70,,293511,24,0,9,2,30,,293505,24,0,9,2,70,,293542,24,0,9,1,30,,293538,24,0,9,2,70,,293532,24,0,9,2,30,,293520,24,0,9,1,70,,293512,24,0,9,2,30,,293506,24,0,9,2,70,,293543,24,0,9,1,30,,293539,24,0,9,2,69,,293533,24,0,9,2,30,,293521,24,0,9,1,70,,293513,24,0,9,2,30,,293507,24,0,9,2,70,,293522,24,0,9,1,30,,293514,24,0,9,2,70,,293508,24,0,9,2,30,,293523,24,0,9,1,70,,293515,24,0,9,2,31,,293509,24,0,9,1,71,,293524,24,0,9,2,30,,293544,24,0,9,1,72,,293510,24,0,9,1,32,,293525,24,0,9,2,72,,293527,24,0,9,1
2804,'H57S000S-80-S',741,,293545,7,0,9,1
36402,'H54S000A-80-A',2458,,346815,19,0,10,1,86,,346817,19,0,10,2,86,,346814,19,0,10,1,85,,346813,19,0,10,1,85,,346816,19,0,10,1,39,,346818,19,0,10,2
36402,'H54S000I-80-I',2459,,346822,19,0,10,1,85,,346820,19,0,10,1,85,,346823,19,0,10,2,85,,346821,19,0,10,1,44,,346819,19,0,10,1
36402,'H54S000S-80-S',2459,,346827,19,0,10,2,87,,346828,19,0,10,1,84,,346826,19,0,10,2,86,,346824,19,0,10,1,42,,346825,19,0,10,1
36402,'H54S100F-80-F1',2459,,346832,19,0,10,1,85,,346830,19,0,10,1,85,,346833,19,0,10,2,85,,346831,19,0,10,1,44,,346829,19,0,10,1
36402,'H54S200F-80-F2',2459,,346837,19,0,10,1,85,,346835,19,0,10,1,85,,346838,19,0,10,2,85,,346836,19,0,10,1,44,,346834,19,0,10,1
