20302,'H60S000A-80-A',617,,340618,4,0,10,2,29,,340612,4,0,10,1,70,,340622,4,0,10,2,29,,340605,4,0,10,1,70,,340610,4,0,10,1,30,,340623,4,0,10,2,70,,340606,4,0,10,1,30,,340611,4,0,10,1,71,,340624,4,0,10,2,31,,340607,4,0,10,1,71,,340619,4,0,10,2,30,,340613,4,0,10,1,70,,340629,4,0,10,2,30,,340636,4,0,10,1,70,,340633,4,0,10,1,30,,340625,4,0,10,2,70,,340608,4,0,10,1,30,,340620,4,0,10,2,70,,340614,4,0,10,1,30,,340630,4,0,10,2,70,,340637,4,0,10,1,30,,340634,4,0,10,1,70,,340626,4,0,10,2,30,,340609,4,0,10,1,70,,340621,4,0,10,2,30,,340615,4,0,10,1,70,,340631,4,0,10,2,30,,340638,4,0,10,1,71,,340635,4,0,10,1,32,,340627,4,0,10,2,73,,340639,4,0,10,1,33,,340616,4,0,10,1,67,,340632,4,0,10,2,29,,340640,4,0,10,1,70,,340617,4,0,10,1,29,,340628,4,0,10,2
20302,'H60S000I-81-I',714,,340655,4,0,10,1,29,,340653,4,0,10,2,72,,340657,4,0,10,1,32,,340662,4,0,10,2,70,,340648,4,0,10,1,33,,340642,4,0,10,1,72,,340656,4,0,10,1,30,,340654,4,0,10,2,72,,340658,4,0,10,1,32,,340663,4,0,10,2,73,,340649,4,0,10,1,73,,340643,4,0,10,1,25,,340673,4,0,10,2,26,,340667,4,0,10,1,66,,340671,4,0,10,1,28,,340659,4,0,10,1,69,,340664,4,0,10,2,30,,340650,4,0,10,1,70,,340644,4,0,10,1,30,,340674,4,0,10,2,69,,340668,4,0,10,1,31,,340672,4,0,10,1,68,,340660,4,0,10,1,31,,340669,4,0,10,1,72,,340651,4,0,10,1,32,,340661,4,0,10,1,73,,340665,4,0,10,2,32,,340646,4,0,10,1,68,,340645,4,0,10,1,29,,340670,4,0,10,1,71,,340652,4,0,10,1,32,,340641,4,0,10,1,72,,340666,4,0,10,2,30,,340647,4,0,10,1
20302,'H60S000S-83-S',607,,340686,4,0,10,1,33,,340681,4,0,10,2,75,,340679,4,0,10,1,29,,340687,4,0,10,1,69,,340675,4,0,10,1,30,,340695,4,0,10,2,67,,340697,4,0,10,1,31,,340690,4,0,10,1,73,,340701,4,0,10,1,33,,340698,4,0,10,1,72,,340691,4,0,10,1,33,,340702,4,0,10,1,71,,340699,4,0,10,1,30,,340692,4,0,10,1,73,,340678,4,0,10,1,31,,340700,4,0,10,1,70,,340693,4,0,10,1,30,,340676,4,0,10,2,74,,340685,4,0,10,1,73,,340688,4,0,10,1,30,,340682,4,0,10,1,24,,340706,4,0,10,2,61,,340680,4,0,10,1,17,,340703,4,0,10,1,20,,340677,4,0,10,1,65,,340696,4,0,10,2,28,,340710,4,0,10,1,70,,340704,4,0,10,1,31,,340689,4,0,10,1,70,,340683,4,0,10,1,31,,340707,4,0,10,2,71,,340694,4,0,10,2,30,,340709,4,0,10,1,69,,340708,4,0,10,2,29,,340705,4,0,10,1,68,,340711,4,0,10,2,29,,340684,4,0,10,1
20302,'H60S100F-80-F1',714,,340730,4,0,10,1,29,,340723,4,0,10,1,72,,340732,4,0,10,2,32,,340739,4,0,10,1,70,,340718,4,0,10,2,33,,340712,4,0,10,1,72,,340731,4,0,10,1,30,,340724,4,0,10,1,72,,340733,4,0,10,2,32,,340740,4,0,10,1,73,,340719,4,0,10,2,73,,340713,4,0,10,1,25,,340744,4,0,10,2,26,,340726,4,0,10,1,66,,340737,4,0,10,1,28,,340734,4,0,10,2,69,,340741,4,0,10,1,30,,340720,4,0,10,2,70,,340714,4,0,10,1,30,,340745,4,0,10,2,69,,340727,4,0,10,1,31,,340738,4,0,10,1,68,,340735,4,0,10,2,31,,340728,4,0,10,1,72,,340721,4,0,10,2,32,,340736,4,0,10,2,73,,340742,4,0,10,1,32,,340716,4,0,10,2,68,,340715,4,0,10,1,29,,340729,4,0,10,1,71,,340722,4,0,10,2,32,,340725,4,0,10,1,72,,340743,4,0,10,1,30,,340717,4,0,10,2
20302,'H60S200F-80-F2',714,,340764,4,0,10,1,29,,340757,4,0,10,1,72,,340766,4,0,10,2,32,,340773,4,0,10,1,70,,340752,4,0,10,2,33,,340746,4,0,10,1,72,,340765,4,0,10,1,30,,340758,4,0,10,1,72,,340767,4,0,10,2,32,,340774,4,0,10,1,73,,340753,4,0,10,2,73,,340747,4,0,10,1,25,,340778,4,0,10,2,26,,340760,4,0,10,1,66,,340771,4,0,10,1,28,,340768,4,0,10,2,69,,340775,4,0,10,1,30,,340754,4,0,10,2,70,,340748,4,0,10,1,30,,340779,4,0,10,2,69,,340761,4,0,10,1,31,,340772,4,0,10,1,68,,340769,4,0,10,2,31,,340762,4,0,10,1,72,,340755,4,0,10,2,32,,340770,4,0,10,2,73,,340776,4,0,10,1,32,,340750,4,0,10,2,68,,340749,4,0,10,1,29,,340763,4,0,10,1,71,,340756,4,0,10,2,32,,340759,4,0,10,1,72,,340777,4,0,10,1,30,,340751,4,0,10,2
20401,'H60S000A-80-A',610,,340780,33,0,5,1,34,,340792,33,0,5,1,72,,340804,33,0,5,1,31,,340781,33,0,5,1,71,,340793,33,0,5,1,31,,340805,33,0,5,1,72,,340782,33,0,5,1,31,,340794,33,0,5,1,72,,340806,33,0,5,1,32,,340783,33,0,5,1,72,,340795,33,0,5,1,72,,340807,33,0,5,1,33,,340784,33,0,5,1,73,,340796,33,0,5,1,33,,340808,33,0,5,1,73,,340785,33,0,5,1,32,,340797,33,0,5,1,74,,340809,33,0,5,1,31,,340786,33,0,5,1,72,,340798,33,0,5,1,33,,340810,33,0,5,1,73,,340787,33,0,5,1,73,,340799,33,0,5,1,32,,340811,33,0,5,1,73,,340788,33,0,5,1,29,,340800,33,0,5,1,70,,340812,33,0,5,1,30,,340789,33,0,5,1,70,,340801,33,0,5,1,30,,340813,33,0,5,1,70,,340790,33,0,5,1,30,,340802,33,0,5,1,70,,340814,33,0,5,1,29,,340791,33,0,5,1,69,,340803,33,0,5,1,29,,340815,33,0,5,1
20401,'H60S000I-81-I',746,,340818,33,0,5,1,73,,340839,33,0,5,1,31,,340828,33,0,5,1,72,,340819,33,0,5,1,32,,340840,33,0,5,1,72,,340829,33,0,5,1,32,,340820,33,0,5,1,71,,340841,33,0,5,1,30,,340830,33,0,5,1,71,,340821,33,0,5,1,71,,340842,33,0,5,1,30,,340831,33,0,5,1,70,,340822,33,0,5,1,32,,340843,33,0,5,1,70,,340832,33,0,5,1,30,,340823,33,0,5,1,70,,340844,33,0,5,1,29,,340833,33,0,5,1,70,,340824,33,0,5,1,29,,340845,33,0,5,1,71,,340834,33,0,5,1,31,,340825,33,0,5,1,70,,340846,33,0,5,1,29,,340835,33,0,5,1,70,,340826,33,0,5,1,30,,340847,33,0,5,1,72,,340836,33,0,5,1,33,,340827,33,0,5,1,71,,340848,33,0,5,1,33,,340837,33,0,5,1,71,,340816,33,0,5,1,31,,340849,33,0,5,1,69,,340838,33,0,5,1,30,,340817,33,0,5,1
20401,'H60S000S-83-S',619,,340873,33,0,5,1,33,,340850,33,0,5,1,73,,340867,33,0,5,1,31,,340874,33,0,5,1,70,,340851,33,0,5,1,32,,340868,33,0,5,1,69,,340857,33,0,5,1,31,,340852,33,0,5,1,72,,340869,33,0,5,1,73,,340858,33,0,5,1,33,,340853,33,0,5,1,73,,340870,33,0,5,1,33,,340859,33,0,5,1,73,,340854,33,0,5,1,33,,340871,33,0,5,1,71,,340860,33,0,5,1,32,,340855,33,0,5,1,71,,340872,33,0,5,1,31,,340861,33,0,5,1,72,,340856,33,0,5,1,32,,340875,33,0,5,1,72,,340862,33,0,5,1,30,,340881,33,0,5,1,70,,340876,33,0,5,1,73,,340863,33,0,5,1,32,,340882,33,0,5,1,71,,340877,33,0,5,1,32,,340864,33,0,5,1,72,,340883,33,0,5,1,31,,340878,33,0,5,1,71,,340865,33,0,5,1,31,,340884,33,0,5,1,71,,340879,33,0,5,1,30,,340866,33,0,5,1,67,,340885,33,0,5,1,29,,340880,33,0,5,1
20401,'H60S100F-80-F1',746,,340888,33,0,5,1,73,,340911,33,0,5,1,31,,340900,33,0,5,1,72,,340889,33,0,5,1,32,,340912,33,0,5,1,72,,340901,33,0,5,1,32,,340890,33,0,5,1,71,,340913,33,0,5,1,30,,340902,33,0,5,1,71,,340891,33,0,5,1,71,,340914,33,0,5,1,30,,340903,33,0,5,1,70,,340892,33,0,5,1,32,,340915,33,0,5,1,70,,340904,33,0,5,1,30,,340893,33,0,5,1,70,,340916,33,0,5,1,29,,340905,33,0,5,1,70,,340894,33,0,5,1,29,,340917,33,0,5,1,71,,340906,33,0,5,1,31,,340895,33,0,5,1,70,,340918,33,0,5,1,29,,340907,33,0,5,1,70,,340896,33,0,5,1,30,,340919,33,0,5,1,72,,340908,33,0,5,1,33,,340897,33,0,5,1,71,,340886,33,0,5,1,33,,340909,33,0,5,1,71,,340898,33,0,5,1,31,,340887,33,0,5,1,69,,340910,33,0,5,1,30,,340899,33,0,5,1
20401,'H60S200F-80-F2',746,,340922,33,0,5,1,73,,340945,33,0,5,1,31,,340934,33,0,5,1,72,,340923,33,0,5,1,32,,340946,33,0,5,1,72,,340935,33,0,5,1,32,,340924,33,0,5,1,71,,340947,33,0,5,1,30,,340936,33,0,5,1,71,,340925,33,0,5,1,71,,340948,33,0,5,1,30,,340937,33,0,5,1,70,,340926,33,0,5,1,32,,340949,33,0,5,1,70,,340938,33,0,5,1,30,,340927,33,0,5,1,70,,340950,33,0,5,1,29,,340939,33,0,5,1,70,,340928,33,0,5,1,29,,340951,33,0,5,1,71,,340940,33,0,5,1,31,,340929,33,0,5,1,70,,340952,33,0,5,1,29,,340941,33,0,5,1,70,,340930,33,0,5,1,30,,340953,33,0,5,1,72,,340942,33,0,5,1,33,,340931,33,0,5,1,71,,340920,33,0,5,1,33,,340943,33,0,5,1,71,,340932,33,0,5,1,31,,340921,33,0,5,1,69,,340944,33,0,5,1,30,,340933,33,0,5,1
21102,'H56S000A-80-A',610,,343377,5,0,10,1,28,,343405,5,0,10,2,68,,343384,5,0,10,1,28,,343391,5,0,10,2,69,,343409,5,0,10,1,29,,343394,5,0,10,1,69,,343406,5,0,10,2,29,,343385,5,0,10,1,72,,343392,5,0,10,2,30,,343410,5,0,10,1,69,,343395,5,0,10,1,29,,343407,5,0,10,2,70,,343386,5,0,10,1,31,,343393,5,0,10,2,71,,343411,5,0,10,1,30,,343396,5,0,10,1,70,,343408,5,0,10,2,32,,343387,5,0,10,1,68,,343412,5,0,10,2,33,,343401,5,0,10,1,71,,343397,5,0,10,1,30,,343399,5,0,10,2,70,,343388,5,0,10,1,30,,343403,5,0,10,2,69,,343402,5,0,10,1,30,,343398,5,0,10,1,67,,343400,5,0,10,2,29,,343389,5,0,10,1,71,,343404,5,0,10,2,29,,343381,5,0,10,2,69,,343379,5,0,10,1,30,,343413,5,0,10,2,71,,343390,5,0,10,1,31,,343382,5,0,10,2,71,,343380,5,0,10,1,30,,343383,5,0,10,2,69,,343378,5,0,10,2
21102,'H56S000I-80-I',610,,343421,5,0,10,1,28,,343425,5,0,10,2,69,,343418,5,0,10,1,26,,343432,5,0,10,1,68,,343424,5,0,10,1,30,,343422,5,0,10,1,69,,343426,5,0,10,2,29,,343433,5,0,10,1,71,,343441,5,0,10,2,29,,343423,5,0,10,1,29,,343427,5,0,10,2,72,,343434,5,0,10,1,72,,343442,5,0,10,2,31,,343445,5,0,10,1,72,,343428,5,0,10,2,30,,343438,5,0,10,1,70,,343435,5,0,10,1,30,,343443,5,0,10,2,70,,343446,5,0,10,1,30,,343429,5,0,10,2,70,,343439,5,0,10,1,30,,343436,5,0,10,1,69,,343444,5,0,10,2,30,,343447,5,0,10,1,68,,343430,5,0,10,2,27,,343440,5,0,10,1,28,,343437,5,0,10,1,70,,343450,5,0,10,1,31,,343414,5,0,10,1,70,,343431,5,0,10,2,30,,343416,5,0,10,1,72,,343419,5,0,10,1,71,,343448,5,0,10,1,30,,343415,5,0,10,1,69,,343417,5,0,10,1,30,,343420,5,0,10,1,70,,343449,5,0,10,2
21102,'H56S000S-82-S',601,,343452,5,0,10,1,17,,343474,5,0,10,2,16,,343501,5,0,99 137,2,17,,343457,5,0,10,1,56,,343482,5,0,99 137,2,13,,343468,5,0,10,2,18,,343522,5,0,99 137,1,15,,343514,5,0,10,1,54,,343481,5,0,99 137,2,15,,343453,5,0,10,1,15,,343475,5,0,99 137,2,16,,343521,5,0,10,2,55,,343502,5,0,99 137,2,16,,343458,5,0,10,1,15,,343467,5,0,10,1,16,,343469,5,0,10,2,57,,343486,5,0,10,2,18,,343483,5,0,10,1,19,,343454,5,0,10,1,60,,343476,5,0,10,2,20,,343515,5,0,10,2,20,,343503,5,0,10,2,60,,343509,5,0,10,1,20,,343470,5,0,10,2,20,,343487,5,0,10,2,63,,343484,5,0,10,1,20,,343477,5,0,10,2,20,,343506,5,0,10,1,57,,343504,5,0,10,2,16,,343510,5,0,10,1,15,,343471,5,0,10,2,15,,343490,5,0,10,2,55,,343488,5,0,10,2,16,,343485,5,0,10,1,12,,343492,5,0,10,2,11,,343478,5,0,10,2,51,,343516,5,0,10,2,11,,343507,5,0,10,1,9,,343496,5,0,99 137,2,10,,343462,5,0,10,1,11,,343505,5,0,10,2,9,,343511,5,0,99 137,1,50,,343497,5,0,10,2,9,,343472,5,0,10,2,11,,343465,5,0,99 137,1,11,,343491,5,0,10,2,9,,343494,5,0,10,1,9,,343489,5,0,99 137,2,9,,343499,5,0,10,1,50,,343519,5,0,10,2,10,,343493,5,0,99 137,2,7,,343520,5,0,10,2,8,,343479,5,0,10,2,12,,343508,5,0,99 137,1,8,,343460,5,0,10,1,49,,343463,5,0,10,1,15,,343459,5,0,10,1,14,,343498,5,0,10,2,16,,343473,5,0,10,2,54,,343495,5,0,10,1,16,,343500,5,0,10,1,14,,343455,5,0,10,1,16,,343480,5,0,10,2,54,,343517,5,0,10,2,15,,343464,5,0,10,1,15,,343518,5,0,10,2,25,,343466,5,0,10,2,69,,343523,5,0,10,2,30,,343456,5,0,10,1,70,,343461,5,0,10,1,29,,343512,5,0,10,1,70,,343451,5,0,10,2,30,,343513,5,0,10,1
21102,'H56S100F-80-F1',610,,343531,5,0,10,1,28,,343535,5,0,10,2,69,,343528,5,0,10,1,26,,343542,5,0,10,1,68,,343534,5,0,10,1,30,,343532,5,0,10,1,69,,343536,5,0,10,2,29,,343543,5,0,10,1,71,,343551,5,0,10,2,29,,343533,5,0,10,1,29,,343537,5,0,10,2,72,,343544,5,0,10,1,72,,343552,5,0,10,2,31,,343555,5,0,10,1,72,,343538,5,0,10,2,30,,343548,5,0,10,1,70,,343545,5,0,10,1,30,,343553,5,0,10,2,70,,343556,5,0,10,1,30,,343539,5,0,10,2,70,,343549,5,0,10,1,30,,343546,5,0,10,1,69,,343554,5,0,10,2,30,,343557,5,0,10,1,68,,343540,5,0,10,2,27,,343550,5,0,10,1,28,,343547,5,0,10,1,70,,343560,5,0,10,1,31,,343524,5,0,10,1,70,,343541,5,0,10,2,30,,343526,5,0,10,1,72,,343529,5,0,10,1,71,,343558,5,0,10,1,30,,343525,5,0,10,1,69,,343527,5,0,10,1,30,,343530,5,0,10,1,70,,343559,5,0,10,2
21102,'H56S200F-80-F2',610,,343568,5,0,10,1,28,,343572,5,0,10,2,69,,343565,5,0,10,1,26,,343579,5,0,10,1,68,,343571,5,0,10,1,30,,343569,5,0,10,1,69,,343573,5,0,10,2,29,,343580,5,0,10,1,71,,343588,5,0,10,2,29,,343570,5,0,10,1,29,,343574,5,0,10,2,72,,343581,5,0,10,1,72,,343589,5,0,10,2,31,,343592,5,0,10,1,72,,343575,5,0,10,2,30,,343585,5,0,10,1,70,,343582,5,0,10,1,30,,343590,5,0,10,2,70,,343593,5,0,10,1,30,,343576,5,0,10,2,70,,343586,5,0,10,1,30,,343583,5,0,10,1,69,,343591,5,0,10,2,30,,343594,5,0,10,1,68,,343577,5,0,10,2,27,,343587,5,0,10,1,28,,343584,5,0,10,1,70,,343597,5,0,10,1,31,,343561,5,0,10,1,70,,343578,5,0,10,2,30,,343563,5,0,10,1,72,,343566,5,0,10,1,71,,343595,5,0,10,1,30,,343562,5,0,10,1,69,,343564,5,0,10,1,30,,343567,5,0,10,1,70,,343596,5,0,10,2
