13904,'H58S000A-80-A',529,,325593,40,0,9,1,28,,325616,40,0,9,2,63,,325620,40,0,9,1,22,,325589,40,0,9,2,15,,325594,40,0,9,1,51,,325618,40,0,9,1,11,,325609,40,0,9,1,11,,325617,40,0,9,2,9,,325604,40,0,9,1,9,,325628,40,0,9,2,10,,325621,40,0,9,1,52,,325619,40,0,9,1,13,,325590,40,0,9,2,15,,325595,40,0,9,1,20,,325610,40,0,9,1,70,,325605,40,0,9,1,30,,325622,40,0,9,1,72,,325596,40,0,9,1,71,,325611,40,0,9,1,30,,325606,40,0,9,1,71,,325623,40,0,9,1,31,,325597,40,0,9,1,71,,325612,40,0,9,1,31,,325607,40,0,9,1,70,,325624,40,0,9,1,30,,325598,40,0,9,1,70,,325613,40,0,9,1,29,,325608,40,0,9,1,70,,325625,40,0,9,1,30,,325599,40,0,9,1,70,,325614,40,0,9,1,27,,325633,40,0,9,1,69,,325586,40,0,9,2,23,,325600,40,0,9,1,27,,325615,40,0,9,1,69,,325591,40,0,9,2,30,,325587,40,0,9,2,70,,325601,40,0,9,1,30,,325630,40,0,9,2,70,,325592,40,0,9,2,29,,325588,40,0,9,2,69,,325629,40,0,9,1,28,,325602,40,0,9,1,68,,325626,40,0,9,2,31,,325631,40,0,9,2,71,,325603,40,0,9,1,31,,325627,40,0,9,2,73,,325632,40,0,9,2
13904,'H58S000I-80-I',528,,325635,40,0,9,2,30,,325648,40,0,9,1,61,,325652,40,0,9,1,21,,325645,40,0,9,2,60,,325636,40,0,9,2,17,,325661,40,0,9,1,15,,325649,40,0,9,1,15,,325667,40,0,9,2,55,,325653,40,0,9,1,15,,325651,40,0,9,2,23,,325637,40,0,9,2,66,,325662,40,0,9,1,26,,325668,40,0,9,2,69,,325654,40,0,9,1,27,,325638,40,0,9,2,31,,325663,40,0,9,1,68,,325669,40,0,9,2,73,,325655,40,0,9,1,32,,325639,40,0,9,2,68,,325664,40,0,9,1,30,,325670,40,0,9,2,71,,325656,40,0,9,1,29,,325640,40,0,9,2,70,,325665,40,0,9,1,30,,325671,40,0,9,2,71,,325657,40,0,9,1,26,,325641,40,0,9,2,29,,325666,40,0,9,1,69,,325672,40,0,9,2,31,,325658,40,0,9,1,69,,325642,40,0,9,2,29,,325676,40,0,9,2,68,,325673,40,0,9,2,28,,325659,40,0,9,1,69,,325643,40,0,9,2,29,,325677,40,0,9,2,65,,325674,40,0,9,2,25,,325660,40,0,9,1,65,,325644,40,0,9,2,26,,325678,40,0,9,2,26,,325675,40,0,9,2,64,,325650,40,0,9,1,27,,325647,40,0,9,1,68,,325646,40,0,9,1,30,,325634,40,0,9,1,72,,325679,40,0,9,2
13904,'H58S000S-83-S',531,,325687,40,0,9,1,74,,325696,40,0,9,2,35,,325681,40,0,9,1,71,,325690,40,0,9,2,34,,325688,40,0,9,1,72,,325697,40,0,9,2,29,,325682,40,0,9,1,66,,325691,40,0,9,2,30,,325689,40,0,9,1,70,,325698,40,0,9,2,30,,325683,40,0,9,1,69,,325692,40,0,9,2,30,,325713,40,0,9,1,71,,325699,40,0,9,2,30,,325684,40,0,9,1,71,,325693,40,0,9,2,32,,325714,40,0,9,1,72,,325700,40,0,9,2,32,,325685,40,0,9,1,70,,325694,40,0,9,2,32,,325715,40,0,9,1,75,,325701,40,0,9,2,32,,325686,40,0,9,1,71,,325695,40,0,9,2,30,,325716,40,0,9,1,68,,325705,40,0,9,1,26,,325702,40,0,9,2,65,,325708,40,0,9,1,27,,325717,40,0,9,1,68,,325706,40,0,9,1,29,,325703,40,0,9,2,69,,325709,40,0,9,1,30,,325718,40,0,9,1,70,,325707,40,0,9,1,30,,325704,40,0,9,2,69,,325710,40,0,9,1,26,,325719,40,0,9,2,70,,325712,40,0,9,1,29,,325680,40,0,9,1,66,,325711,40,0,9,1,20,,325720,40,0,9,2
13904,'H58S100F-80-F1',528,,325721,40,0,9,1,30,,325741,40,0,9,1,61,,325744,40,0,9,2,21,,325754,40,0,9,2,60,,325722,40,0,9,1,17,,325757,40,0,9,2,15,,325742,40,0,9,1,15,,325732,40,0,9,1,55,,325745,40,0,9,2,15,,325743,40,0,9,2,23,,325723,40,0,9,1,66,,325758,40,0,9,2,26,,325733,40,0,9,1,69,,325746,40,0,9,2,27,,325724,40,0,9,1,31,,325759,40,0,9,2,68,,325734,40,0,9,1,73,,325747,40,0,9,2,32,,325725,40,0,9,1,68,,325760,40,0,9,2,30,,325735,40,0,9,1,71,,325748,40,0,9,2,29,,325726,40,0,9,1,70,,325761,40,0,9,2,30,,325736,40,0,9,1,71,,325749,40,0,9,2,26,,325727,40,0,9,1,29,,325762,40,0,9,2,69,,325737,40,0,9,1,31,,325750,40,0,9,2,69,,325728,40,0,9,1,29,,325763,40,0,9,2,68,,325738,40,0,9,1,28,,325751,40,0,9,2,69,,325729,40,0,9,1,29,,325764,40,0,9,2,65,,325739,40,0,9,1,25,,325752,40,0,9,2,65,,325730,40,0,9,1,26,,325755,40,0,9,1,26,,325765,40,0,9,2,64,,325753,40,0,9,2,27,,325766,40,0,9,2,68,,325740,40,0,9,1,30,,325731,40,0,9,2,72,,325756,40,0,9,1
13904,'H58S200F-80-F2',528,,325770,40,0,9,1,30,,325808,40,0,9,1,61,,325780,40,0,9,2,21,,325768,40,0,9,2,60,,325771,40,0,9,1,17,,325799,40,0,9,2,15,,325809,40,0,9,1,15,,325790,40,0,9,1,55,,325781,40,0,9,2,15,,325769,40,0,9,2,23,,325772,40,0,9,1,66,,325800,40,0,9,2,26,,325791,40,0,9,1,69,,325782,40,0,9,2,27,,325773,40,0,9,1,31,,325801,40,0,9,2,68,,325792,40,0,9,1,73,,325783,40,0,9,2,32,,325774,40,0,9,1,68,,325802,40,0,9,2,30,,325793,40,0,9,1,71,,325784,40,0,9,2,29,,325775,40,0,9,1,70,,325803,40,0,9,2,30,,325794,40,0,9,1,71,,325785,40,0,9,2,26,,325776,40,0,9,1,29,,325804,40,0,9,2,69,,325795,40,0,9,1,31,,325786,40,0,9,2,69,,325777,40,0,9,1,29,,325805,40,0,9,2,68,,325796,40,0,9,1,28,,325787,40,0,9,2,69,,325778,40,0,9,1,29,,325806,40,0,9,2,65,,325797,40,0,9,1,25,,325788,40,0,9,2,65,,325779,40,0,9,1,26,,325810,40,0,9,1,26,,325807,40,0,9,2,64,,325789,40,0,9,2,27,,325812,40,0,9,2,68,,325798,40,0,9,1,30,,325767,40,0,9,2,72,,325811,40,0,9,1
43904,'H58S000A-80-A',833,,348499,23,0,121,1,20,,348502,35,0,121,1,51,,348519,23,0,121,1,10,,348513,35,0,121,1,11,,348526,35,0,121,1,6,,348548,23,0,121,1,6,,348542,35,0,121,1,10,,348554,35,0,121,1,11,,348523,23,0,121,1,49,,348508,35,0,121,1,6,,348564,23,0,121,1,10,,348530,35,0,121,1,16,,348536,35,0,121,1,6,,348500,23,0,121,1,9,,348559,35,0,121,1,56,,348503,35,0,121,1,6,,348520,23,0,121,1,9,,348514,35,0,121,1,13,,348570,35,0,121,1,8,,348555,23,0,121,1,7,,348575,35,0,121,1,53,,348543,35,0,121,1,8,,348579,23,0,121,1,7,,348524,35,0,121,1,8,,348509,35,0,121,1,13,,348531,35,0,121,1,5,,348565,23,0,121,1,7,,348550,35,0,121,1,52,,348501,35,0,121,1,7,,348560,23,0,121,1,8,,348556,35,0,121,1,8,,348528,35,0,121,1,13,,348521,35,0,121,1,5,,348585,23,0,121,1,7,,348544,35,0,121,1,58,,348571,35,0,121,1,8,,348580,23,0,121,1,7,,348576,35,0,121,1,12,,348525,35,0,121,1,7,,348532,23,0,121,1,7,,348510,35,0,121,1,54,,348566,35,0,121,1,8,,348561,23,0,121,1,9,,348551,35,0,121,1,17,,348557,35,0,121,1,5,,348522,23,0,121,1,7,,348516,35,0,121,1,47,,348586,35,0,121,1,8,,348529,23,0,121,1,7,,348545,35,0,121,1,15,,348572,35,0,121,1,8,,348533,23,0,121,1,6,,348581,35,0,121,1,56,,348577,35,0,121,1,9,,348567,23,0,121,1,9,,348511,35,0,121,1,10,,348562,35,0,121,1,8,,348558,23,0,121,1,8,,348552,35,0,121,1,10,,348590,35,0,121,1,51,,348546,23,0,121,1,9,,348517,35,0,121,1,8,,348573,23,0,121,1,8,,348587,35,0,121,1,9,,348540,35,0,121,1,9,,348582,23,0,121,1,11,,348534,35,0,121,1,51,,348593,35,0,121,1,7,,348568,23,0,121,1,8,,348578,35,0,121,1,14,,348563,35,0,121,1,7,,348512,23,0,121,1,7,,348553,35,0,121,1,54,,348591,35,0,121,1,7,,348547,23,0,121,1,8,,348507,35,0,121,1,15,,348518,35,0,121,1,8,,348541,23,0,121,1,9,,348588,35,0,121,1,55,,348583,35,0,121,1,7,,348594,23,0,121,1,9,,348535,35,0,121,1,14,,348569,35,0,121,1
43904,'H58S000I-80-I',833,,348595,23,0,121,1,20,,348601,35,0,121,1,52,,348608,35,0,121,1,4,,348626,23,0,121,1,12,,348632,35,0,121,1,8,,348641,23,0,121,1,12,,348647,35,0,121,1,8,,348659,35,0,121,1,9,,348615,23,0,121,1,47,,348603,35,0,121,1,8,,348667,23,0,121,1,9,,348621,35,0,121,1,15,,348636,35,0,121,1,7,,348596,23,0,121,1,8,,348653,35,0,121,1,56,,348602,35,0,121,1,5,,348671,23,0,121,1,10,,348627,35,0,121,1,15,,348633,35,0,121,1,4,,348660,23,0,121,1,10,,348648,35,0,121,1,56,,348637,35,0,121,1,6,,348676,23,0,121,1,9,,348604,35,0,121,1,15,,348622,35,0,121,1,6,,348668,23,0,121,1,9,,348597,35,0,121,1,55,,348666,35,0,121,1,8,,348611,23,0,121,1,7,,348672,35,0,121,1,15,,348628,35,0,121,1,8,,348634,23,0,121,1,7,,348661,35,0,121,1,54,,348680,35,0,121,1,8,,348677,23,0,121,1,7,,348649,35,0,121,1,17,,348605,35,0,121,1,7,,348669,23,0,121,1,7,,348623,35,0,121,1,56,,348638,35,0,121,1,7,,348612,23,0,121,1,8,,348598,35,0,121,1,14,,348673,35,0,121,1,6,,348629,23,0,121,1,5,,348688,35,0,121,1,7,,348635,35,0,121,1,48,,348662,35,0,121,1,7,,348678,23,0,121,1,9,,348682,35,0,121,1,15,,348618,35,0,121,1,6,,348670,23,0,121,1,11,,348650,35,0,121,1,56,,348606,35,0,121,1,5,,348639,23,0,121,1,13,,348624,35,0,121,1,10,,348645,35,0,121,1,7,,348674,23,0,121,1,13,,348599,35,0,121,1,49,,348613,35,0,121,1,3,,348663,23,0,121,1,13,,348679,35,0,121,1,4,,348686,23,0,121,1,13,,348683,35,0,121,1,6,,348657,23,0,121,1,10,,348619,35,0,121,1,53,,348651,35,0,121,1,5,,348607,23,0,121,1,10,,348630,35,0,121,1,15,,348640,35,0,121,1,5,,348625,23,0,121,1,10,,348646,35,0,121,1,55,,348600,35,0,121,1,4,,348664,23,0,121,1,10,,348675,35,0,121,1,15,,348687,35,0,121,1,6,,348684,23,0,121,1,10,,348614,35,0,121,1,56,,348620,35,0,121,1,5,,348652,23,0,121,1,10,,348658,35,0,121,1,15,,348631,35,0,121,1
43904,'H58S000S-83-S',551,,348689,35,0,121,1,50,,348691,35,0,121,1,10,,348693,35,0,121,1,10,,348696,35,0,121,1,11,,348698,35,0,121,1,8,,348704,23,0,121,1,4,,348706,35,0,121,1,8,,348712,35,0,121,1,49,,348723,23,0,121,1,3,,348721,35,0,121,1,11,,348728,35,0,121,1,7,,348733,35,0,121,1,4,,348741,23,0,121,1,8,,348739,35,0,121,1,11,,348751,35,0,121,1,4,,348759,23,0,121,1,4,,348758,35,0,121,1,4,,348763,23,0,121,1,47,,348760,35,0,121,1,6,,348694,23,0,121,1,3,,348690,35,0,121,1,6,,348735,23,0,121,1,9,,348692,35,0,121,1,4,,348747,23,0,121,1,8,,348697,35,0,121,1,6,,348707,23,0,121,1,4,,348699,35,0,121,1,8,,348757,35,0,121,1,45,,348724,23,0,121,1,5,,348705,35,0,121,1,7,,348713,35,0,121,1,7,,348787,23,0,121,1,5,,348722,35,0,121,1,8,,348729,35,0,121,1,4,,348740,23,0,121,1,6,,348742,35,0,121,1,8,,348798,35,0,121,1,47,,348695,23,0,121,1,5,,348752,35,0,121,1,9,,348764,35,0,121,1,10,,348773,35,0,121,1,7,,348780,23,0,121,1,5,,348736,35,0,121,1,11,,348792,35,0,121,1,10,,348748,35,0,121,1,47,,348708,23,0,121,1,8,,348700,35,0,121,1,11,,348725,35,0,121,1,6,,348714,23,0,121,1,9,,348788,35,0,121,1,11,,348730,35,0,121,1,8,,348743,23,0,121,1,46,,348781,35,0,121,1,8,,348799,35,0,121,1,10,,348753,35,0,121,1,7,,348765,23,0,121,1,7,,348802,35,0,121,1,10,,348774,35,0,121,1,10,,348793,23,0,121,1,45,,348737,35,0,121,1,11,,348749,35,0,121,1,9,,348709,35,0,121,1,6,,348701,23,0,121,1,7,,348731,35,0,121,1,9,,348726,35,0,121,1,9,,348715,23,0,121,1,8,,348789,35,0,121,1,51,,348754,35,0,121,1,8,,348744,35,0,121,1,7,,348800,23,0,121,1,8,,348782,35,0,121,1,10,,348766,35,0,121,1,7,,348775,23,0,121,1,5,,348710,35,0,121,1,51,,348803,35,0,121,1,10,,348794,35,0,121,1,8,,348750,23,0,121,1,7,,348738,35,0,121,1,8,,348808,35,0,121,1,8,,348702,35,0,121,1,7,,348727,23,0,121,1,46,,348732,35,0,121,1,9,,348813,35,0,121,1,9,,348716,35,0,121,1,6,,348755,23,0,121,1,8,,348810,35,0,121,1,10,,348821,35,0,121,1,9,,348745,35,0,121,1,6,,348711,23,0,121,1,47,,348783,35,0,121,1,10,,348767,35,0,121,1,8,,348814,23,0,121,1,7,,348776,35,0,121,1,10,,348804,35,0,121,1,10,,348825,23,0,121,1,7,,348817,35,0,121,1,50,,348809,35,0,121,1,12,,348703,35,0,121,1,4,,348836,23,0,121,1,10,,348832,35,0,121,1,12,,348717,35,0,121,1,5,,348826,23,0,121,1,10,,348811,35,0,121,1,52,,348822,35,0,121,1,7,,348829,23,0,121,1,12,,348768,35,0,121,1,12,,348815,35,0,121,1,6,,348805,23,0,121,1,52,,348777,35,0,121,1,11,,348818,35,0,121,1,12,,348833,23,0,121,1,16,,348837,35,0,121,1,8,,348718,23,0,121,1,62,,348827,35,0,121,1,8,,348823,23,0,121,1,22,,348830,35,0,121,1,8,,348806,23,0,121,1,61,,348816,35,0,121,1,9,,348819,23,0,121,1,20,,348834,35,0,121,1,10,,348719,23,0,121,1,60,,348812,35,0,121,1,10,,348769,23,0,121,1,20,,348824,35,0,121,1,9,,348831,23,0,121,1,60,,348807,35,0,121,1,10,,348820,23,0,121,1,20,,348828,35,0,121,1,10,,348835,23,0,121,1,56,,348720,35,0,121,1
43904,'H58S100F-80-F1',833,,348838,23,0,121,1,20,,348844,35,0,121,1,52,,348851,35,0,121,1,4,,348869,23,0,121,1,12,,348875,35,0,121,1,8,,348884,23,0,121,1,12,,348890,35,0,121,1,8,,348902,35,0,121,1,9,,348858,23,0,121,1,47,,348846,35,0,121,1,8,,348910,23,0,121,1,9,,348864,35,0,121,1,15,,348879,35,0,121,1,7,,348839,23,0,121,1,8,,348896,35,0,121,1,56,,348845,35,0,121,1,5,,348914,23,0,121,1,10,,348870,35,0,121,1,15,,348876,35,0,121,1,4,,348903,23,0,121,1,10,,348891,35,0,121,1,56,,348880,35,0,121,1,6,,348919,23,0,121,1,9,,348847,35,0,121,1,15,,348865,35,0,121,1,6,,348911,23,0,121,1,9,,348840,35,0,121,1,55,,348909,35,0,121,1,8,,348854,23,0,121,1,7,,348915,35,0,121,1,15,,348871,35,0,121,1,8,,348877,23,0,121,1,7,,348904,35,0,121,1,54,,348923,35,0,121,1,8,,348920,23,0,121,1,7,,348892,35,0,121,1,17,,348848,35,0,121,1,7,,348912,23,0,121,1,7,,348866,35,0,121,1,56,,348881,35,0,121,1,7,,348855,23,0,121,1,8,,348841,35,0,121,1,14,,348916,35,0,121,1,6,,348872,23,0,121,1,5,,348931,35,0,121,1,7,,348878,35,0,121,1,48,,348905,35,0,121,1,7,,348921,23,0,121,1,9,,348925,35,0,121,1,15,,348861,35,0,121,1,6,,348913,23,0,121,1,11,,348893,35,0,121,1,56,,348849,35,0,121,1,5,,348882,23,0,121,1,13,,348867,35,0,121,1,10,,348888,35,0,121,1,7,,348917,23,0,121,1,13,,348842,35,0,121,1,49,,348856,35,0,121,1,3,,348906,23,0,121,1,13,,348922,35,0,121,1,4,,348929,23,0,121,1,13,,348926,35,0,121,1,6,,348900,23,0,121,1,10,,348862,35,0,121,1,53,,348894,35,0,121,1,5,,348850,23,0,121,1,10,,348873,35,0,121,1,15,,348883,35,0,121,1,5,,348868,23,0,121,1,10,,348889,35,0,121,1,55,,348843,35,0,121,1,4,,348907,23,0,121,1,10,,348918,35,0,121,1,15,,348930,35,0,121,1,6,,348927,23,0,121,1,10,,348857,35,0,121,1,56,,348863,35,0,121,1,5,,348895,23,0,121,1,10,,348901,35,0,121,1,15,,348874,35,0,121,1
43904,'H58S200F-80-F2',833,,348932,23,0,121,1,20,,348938,35,0,121,1,52,,348940,35,0,121,1,4,,348958,23,0,121,1,12,,348964,35,0,121,1,8,,348978,23,0,121,1,12,,348984,35,0,121,1,8,,348990,35,0,121,1,9,,348952,23,0,121,1,47,,348947,35,0,121,1,8,,349004,23,0,121,1,9,,348968,35,0,121,1,15,,348973,35,0,121,1,7,,348933,23,0,121,1,8,,348996,35,0,121,1,56,,348939,35,0,121,1,5,,349008,23,0,121,1,10,,348959,35,0,121,1,15,,348965,35,0,121,1,4,,348991,23,0,121,1,10,,348985,35,0,121,1,56,,348974,35,0,121,1,6,,349013,23,0,121,1,9,,348948,35,0,121,1,15,,348969,35,0,121,1,6,,349005,23,0,121,1,9,,348934,35,0,121,1,55,,349003,35,0,121,1,8,,348943,23,0,121,1,7,,349009,35,0,121,1,15,,348960,35,0,121,1,8,,348966,23,0,121,1,7,,348992,35,0,121,1,54,,349017,35,0,121,1,8,,349014,23,0,121,1,7,,348986,35,0,121,1,17,,348949,35,0,121,1,7,,349006,23,0,121,1,7,,348970,35,0,121,1,56,,348975,35,0,121,1,7,,348944,23,0,121,1,8,,348935,35,0,121,1,14,,349010,35,0,121,1,6,,348961,23,0,121,1,5,,349022,35,0,121,1,7,,348967,35,0,121,1,48,,348993,35,0,121,1,7,,349015,23,0,121,1,9,,349019,35,0,121,1,15,,348955,35,0,121,1,6,,349007,23,0,121,1,11,,348987,35,0,121,1,56,,348950,35,0,121,1,5,,348976,23,0,121,1,13,,348971,35,0,121,1,10,,348982,35,0,121,1,7,,349011,23,0,121,1,13,,348936,35,0,121,1,49,,348945,35,0,121,1,3,,348994,23,0,121,1,13,,349016,35,0,121,1,4,,349024,23,0,121,1,13,,349020,35,0,121,1,6,,349000,23,0,121,1,10,,348956,35,0,121,1,53,,348988,35,0,121,1,5,,348951,23,0,121,1,10,,348962,35,0,121,1,15,,348977,35,0,121,1,5,,348972,23,0,121,1,10,,348983,35,0,121,1,55,,348937,35,0,121,1,4,,348995,23,0,121,1,10,,349012,35,0,121,1,15,,349025,35,0,121,1,6,,349021,23,0,121,1,10,,348946,35,0,121,1,56,,348957,35,0,121,1,5,,348989,23,0,121,1,10,,349001,35,0,121,1,15,,348963,35,0,121,1
