35401,'H56S000A-80-A',2544,,346083,18,0,5,1,85,,346086,18,0,5,2,85,,346084,18,0,5,1,45,,346085,18,0,5,1,85,,346082,18,0,5,1
35401,'H56S000I-80-I',2545,,346090,18,0,5,2,85,,346087,18,0,5,1,86,,346089,18,0,5,1,85,,346091,18,0,5,2,44,,346088,18,0,5,1
35401,'H56S000S-82-S',2544,,346094,18,0,5,1,87,,346096,18,0,5,2,86,,346093,18,0,5,1,86,,346095,18,0,5,1,45,,346092,18,0,5,1
35401,'H56S100F-80-F1',2545,,346100,18,0,5,2,85,,346097,18,0,5,1,86,,346099,18,0,5,1,85,,346101,18,0,5,2,44,,346098,18,0,5,1
35401,'H56S200F-80-F2',2545,,346105,18,0,5,2,85,,346102,18,0,5,1,86,,346104,18,0,5,1,85,,346106,18,0,5,2,44,,346103,18,0,5,1
35601,'H56S000A-80-A',2536,,346198,28,0,5,2,83,,346199,28,0,5,1,93,,346195,28,0,5,2,93,,346197,28,0,5,1,42,,346196,28,0,5,1
35601,'H56S000I-80-I',2534,,346201,28,0,5,1,81,,346205,28,0,5,2,40,,346202,28,0,5,1,80,,346200,28,0,5,1,83,,346204,28,0,5,1,84,,346203,28,0,5,1
35601,'H56S000S-82-S',2545,,346208,28,0,5,1,73,,346210,28,0,5,1,34,,346211,28,0,5,2,74,,346206,28,0,5,1,86,,346209,28,0,5,2,89,,346207,28,0,5,1
35601,'H56S100F-80-F1',2534,,346213,28,0,5,1,81,,346217,28,0,5,2,40,,346214,28,0,5,1,80,,346212,28,0,5,1,83,,346216,28,0,5,1,84,,346215,28,0,5,1
35601,'H56S200F-80-F2',2534,,346219,28,0,5,1,81,,346223,28,0,5,2,40,,346220,28,0,5,1,80,,346218,28,0,5,1,83,,346222,28,0,5,1,84,,346221,28,0,5,1
