20301,'H60S000A-80-A',612,,340434,11,0,5,1,30,,340444,11,0,5,2,71,,340426,11,0,5,1,30,,340432,11,0,5,1,70,,340445,11,0,5,2,30,,340427,11,0,5,1,70,,340433,11,0,5,1,30,,340446,11,0,5,2,69,,340428,11,0,5,1,29,,340441,11,0,5,2,70,,340435,11,0,5,1,30,,340451,11,0,5,2,70,,340458,11,0,5,1,31,,340455,11,0,5,1,71,,340447,11,0,5,2,30,,340429,11,0,5,1,70,,340442,11,0,5,2,30,,340436,11,0,5,1,70,,340452,11,0,5,2,30,,340459,11,0,5,1,70,,340456,11,0,5,1,30,,340448,11,0,5,2,70,,340430,11,0,5,1,30,,340443,11,0,5,2,70,,340437,11,0,5,1,30,,340453,11,0,5,2,70,,340460,11,0,5,1,33,,340457,11,0,5,1,73,,340449,11,0,5,2,33,,340461,11,0,5,1,72,,340438,11,0,5,1,30,,340454,11,0,5,2,70,,340462,11,0,5,1,30,,340439,11,0,5,1,69,,340450,11,0,5,2,28,,340431,11,0,5,1,68,,340440,11,0,5,1
20301,'H60S000I-81-I',711,,340476,11,0,5,2,32,,340479,11,0,5,1,72,,340484,11,0,5,2,30,,340471,11,0,5,1,73,,340464,11,0,5,1,32,,340478,11,0,5,1,70,,340477,11,0,5,2,32,,340480,11,0,5,1,72,,340485,11,0,5,2,32,,340472,11,0,5,1,73,,340465,11,0,5,1,25,,340496,11,0,5,2,66,,340489,11,0,5,1,26,,340494,11,0,5,1,67,,340481,11,0,5,1,30,,340486,11,0,5,2,70,,340473,11,0,5,1,30,,340466,11,0,5,1,70,,340497,11,0,5,2,27,,340490,11,0,5,1,73,,340495,11,0,5,1,28,,340482,11,0,5,1,72,,340491,11,0,5,1,32,,340474,11,0,5,1,72,,340483,11,0,5,1,33,,340487,11,0,5,2,72,,340469,11,0,5,1,28,,340467,11,0,5,1,70,,340492,11,0,5,1,31,,340475,11,0,5,1,73,,340463,11,0,5,1,32,,340488,11,0,5,2,70,,340470,11,0,5,1,30,,340468,11,0,5,1,68,,340493,11,0,5,1
20301,'H60S000S-83-S',606,,340506,11,0,5,2,33,,340503,11,0,5,1,68,,340511,11,0,5,1,29,,340498,11,0,5,1,70,,340519,11,0,5,2,26,,340521,11,0,5,1,72,,340514,11,0,5,1,33,,340525,11,0,5,1,73,,340522,11,0,5,1,32,,340515,11,0,5,1,72,,340526,11,0,5,1,33,,340523,11,0,5,1,72,,340516,11,0,5,1,33,,340502,11,0,5,1,71,,340524,11,0,5,1,30,,340517,11,0,5,1,63,,340500,11,0,5,2,32,,340510,11,0,5,1,73,,340512,11,0,5,1,31,,340507,11,0,5,1,65,,340505,11,0,5,1,25,,340504,11,0,5,1,73,,340501,11,0,5,1,28,,340520,11,0,5,2,70,,340533,11,0,5,1,31,,340528,11,0,5,1,71,,340513,11,0,5,1,31,,340508,11,0,5,1,70,,340530,11,0,5,2,32,,340518,11,0,5,2,70,,340532,11,0,5,1,30,,340531,11,0,5,2,71,,340529,11,0,5,1,29,,340534,11,0,5,2,69,,340509,11,0,5,1,28,,340527,11,0,5,1,68,,340499,11,0,5,2
20301,'H60S100F-80-F1',711,,340547,11,0,5,1,32,,340556,11,0,5,2,72,,340563,11,0,5,1,30,,340542,11,0,5,2,73,,340535,11,0,5,1,32,,340555,11,0,5,1,70,,340548,11,0,5,1,32,,340557,11,0,5,2,72,,340564,11,0,5,1,32,,340543,11,0,5,2,73,,340536,11,0,5,1,25,,340568,11,0,5,2,66,,340550,11,0,5,1,26,,340561,11,0,5,1,67,,340558,11,0,5,2,30,,340565,11,0,5,1,70,,340544,11,0,5,2,30,,340537,11,0,5,1,70,,340569,11,0,5,2,27,,340551,11,0,5,1,73,,340562,11,0,5,1,28,,340559,11,0,5,2,72,,340552,11,0,5,1,32,,340545,11,0,5,2,72,,340560,11,0,5,2,33,,340566,11,0,5,1,72,,340540,11,0,5,2,28,,340538,11,0,5,1,70,,340553,11,0,5,1,31,,340546,11,0,5,2,73,,340549,11,0,5,1,32,,340567,11,0,5,1,70,,340541,11,0,5,2,30,,340539,11,0,5,1,68,,340554,11,0,5,1
20301,'H60S200F-80-F2',711,,340582,11,0,5,1,32,,340591,11,0,5,2,72,,340598,11,0,5,1,30,,340577,11,0,5,2,73,,340570,11,0,5,1,32,,340590,11,0,5,1,70,,340583,11,0,5,1,32,,340592,11,0,5,2,72,,340599,11,0,5,1,32,,340578,11,0,5,2,73,,340571,11,0,5,1,25,,340603,11,0,5,2,66,,340585,11,0,5,1,26,,340596,11,0,5,1,67,,340593,11,0,5,2,30,,340600,11,0,5,1,70,,340579,11,0,5,2,30,,340572,11,0,5,1,70,,340604,11,0,5,2,27,,340586,11,0,5,1,73,,340597,11,0,5,1,28,,340594,11,0,5,2,72,,340587,11,0,5,1,32,,340580,11,0,5,2,72,,340595,11,0,5,2,33,,340601,11,0,5,1,72,,340575,11,0,5,2,28,,340573,11,0,5,1,70,,340588,11,0,5,1,31,,340581,11,0,5,2,73,,340584,11,0,5,1,32,,340602,11,0,5,1,70,,340576,11,0,5,2,30,,340574,11,0,5,1,68,,340589,11,0,5,1
23002,'H60S000A-80-A',515,,345756,12,0,10,1,30,,345782,12,0,10,2,71,,345769,12,0,10,1,32,,345757,12,0,10,1,71,,345783,12,0,10,2,31,,345770,12,0,10,1,71,,345758,12,0,10,1,31,,345784,12,0,10,2,70,,345771,12,0,10,1,31,,345759,12,0,10,1,73,,345785,12,0,10,2,33,,345772,12,0,10,1,71,,345760,12,0,10,1,73,,345786,12,0,10,2,33,,345773,12,0,10,1,71,,345761,12,0,10,1,33,,345787,12,0,10,2,73,,345774,12,0,10,1,33,,345762,12,0,10,1,73,,345788,12,0,10,2,33,,345775,12,0,10,1,73,,345763,12,0,10,1,33,,345789,12,0,10,2,73,,345776,12,0,10,1,73,,345764,12,0,10,1,32,,345790,12,0,10,2,73,,345777,12,0,10,1,32,,345765,12,0,10,1,70,,345791,12,0,10,2,32,,345778,12,0,10,1,72,,345766,12,0,10,1,30,,345792,12,0,10,2,72,,345779,12,0,10,1,32,,345767,12,0,10,1,70,,345793,12,0,10,2,31,,345780,12,0,10,1,71,,345768,12,0,10,1,31,,345794,12,0,10,2,71,,345781,12,0,10,1
23002,'H60S000I-81-I',515,,345795,12,0,10,1,30,,345821,12,0,10,2,71,,345808,12,0,10,1,32,,345796,12,0,10,1,71,,345822,12,0,10,2,31,,345809,12,0,10,1,71,,345797,12,0,10,1,31,,345823,12,0,10,2,71,,345810,12,0,10,1,31,,345798,12,0,10,1,69,,345824,12,0,10,2,32,,345811,12,0,10,1,70,,345799,12,0,10,1,30,,345825,12,0,10,2,72,,345812,12,0,10,1,30,,345800,12,0,10,1,70,,345826,12,0,10,2,32,,345813,12,0,10,1,70,,345801,12,0,10,1,72,,345827,12,0,10,2,33,,345814,12,0,10,1,70,,345802,12,0,10,1,32,,345828,12,0,10,2,73,,345815,12,0,10,1,30,,345803,12,0,10,1,71,,345829,12,0,10,2,31,,345816,12,0,10,1,70,,345804,12,0,10,1,30,,345830,12,0,10,2,71,,345817,12,0,10,1,29,,345805,12,0,10,1,70,,345831,12,0,10,2,31,,345818,12,0,10,1,70,,345806,12,0,10,1,30,,345832,12,0,10,2,72,,345819,12,0,10,1,33,,345807,12,0,10,1,73,,345833,12,0,10,2,33,,345820,12,0,10,1
23002,'H60S000S-83-S',510,,345834,12,0,10,2,27,,345850,12,0,10,1,63,,345860,12,0,99 94,1,18,,345848,12,0,10,2,12,,345841,12,0,10,2,11,,345868,12,0,99 94,1,11,,345881,12,0,10,2,50,,345879,12,0,99 94,2,13,,345835,12,0,10,2,15,,345880,12,0,99 94,2,15,,345861,12,0,10,1,56,,345849,12,0,99 94,2,17,,345842,12,0,10,2,19,,345869,12,0,99 94,1,70,,345836,12,0,10,2,29,,345862,12,0,10,1,70,,345843,12,0,10,2,27,,345870,12,0,10,1,70,,345837,12,0,10,2,30,,345863,12,0,10,1,70,,345844,12,0,10,2,30,,345871,12,0,10,1,70,,345838,12,0,10,2,30,,345864,12,0,10,1,72,,345845,12,0,10,2,33,,345872,12,0,10,1,65,,345839,12,0,10,2,26,,345865,12,0,10,1,23,,345846,12,0,10,2,61,,345882,12,0,10,1,18,,345873,12,0,10,1,15,,345884,12,0,10,2,58,,345840,12,0,10,2,14,,345866,12,0,10,1,14,,345851,12,0,10,1,15,,345847,12,0,10,2,56,,345883,12,0,10,1,18,,345874,12,0,10,1,20,,345856,12,0,10,1,64,,345867,12,0,10,1,24,,345852,12,0,10,1,71,,345875,12,0,10,1,33,,345857,12,0,10,1,73,,345853,12,0,10,1,31,,345876,12,0,10,1,73,,345858,12,0,10,1,32,,345854,12,0,10,1,73,,345877,12,0,10,1,33,,345859,12,0,10,1,73,,345855,12,0,10,1,33,,345878,12,0,10,1
23002,'H60S100F-80-F1',515,,345885,12,0,10,1,30,,345909,12,0,10,2,71,,345896,12,0,10,1,32,,345886,12,0,10,1,71,,345910,12,0,10,2,31,,345897,12,0,10,1,71,,345887,12,0,10,1,31,,345911,12,0,10,2,71,,345898,12,0,10,1,31,,345888,12,0,10,1,69,,345912,12,0,10,2,32,,345899,12,0,10,1,70,,345889,12,0,10,1,30,,345913,12,0,10,2,72,,345900,12,0,10,1,30,,345890,12,0,10,1,70,,345914,12,0,10,2,32,,345901,12,0,10,1,70,,345891,12,0,10,1,72,,345915,12,0,10,2,33,,345902,12,0,10,1,70,,345892,12,0,10,1,32,,345916,12,0,10,2,73,,345903,12,0,10,1,30,,345893,12,0,10,1,71,,345917,12,0,10,2,31,,345904,12,0,10,1,70,,345894,12,0,10,1,30,,345918,12,0,10,2,71,,345905,12,0,10,1,29,,345895,12,0,10,1,70,,345919,12,0,10,2,31,,345906,12,0,10,1,70,,345922,12,0,10,1,30,,345920,12,0,10,2,72,,345907,12,0,10,1,33,,345923,12,0,10,1,73,,345921,12,0,10,2,33,,345908,12,0,10,1
23002,'H60S200F-80-F2',515,,345924,12,0,10,1,30,,345948,12,0,10,2,71,,345935,12,0,10,1,32,,345925,12,0,10,1,71,,345949,12,0,10,2,31,,345936,12,0,10,1,71,,345926,12,0,10,1,31,,345950,12,0,10,2,71,,345937,12,0,10,1,31,,345927,12,0,10,1,69,,345951,12,0,10,2,32,,345938,12,0,10,1,70,,345928,12,0,10,1,30,,345952,12,0,10,2,72,,345939,12,0,10,1,30,,345929,12,0,10,1,70,,345953,12,0,10,2,32,,345940,12,0,10,1,70,,345930,12,0,10,1,72,,345954,12,0,10,2,33,,345941,12,0,10,1,70,,345931,12,0,10,1,32,,345955,12,0,10,2,73,,345942,12,0,10,1,30,,345932,12,0,10,1,71,,345956,12,0,10,2,31,,345943,12,0,10,1,70,,345933,12,0,10,1,30,,345957,12,0,10,2,71,,345944,12,0,10,1,29,,345934,12,0,10,1,70,,345958,12,0,10,2,31,,345945,12,0,10,1,70,,345961,12,0,10,1,30,,345959,12,0,10,2,72,,345946,12,0,10,1,33,,345962,12,0,10,1,73,,345960,12,0,10,2,33,,345947,12,0,10,1
