5102,'H50S000S-82-S',827,,301705,24,0,10,2,801,,301702,24,0,10,2,30,,301704,24,0,10,1,68,,301708,24,0,10,2,18,,301701,24,0,10,1,173,,301703,24,0,10,1
5102,'H56S000S-82-S',818,,301709,24,0,10,1
5102,'H57S000A-80-A',524,,301720,24,0,10,1,28,,301726,24,0,10,1,71,,301711,24,0,10,1,32,,301734,24,0,10,1,73,,301727,24,0,10,1,76,,301712,24,0,10,1,30,,301735,24,0,10,1,71,,301742,24,0,10,1,21,,301728,24,0,10,1,21,,301755,24,0,10,1,62,,301765,24,0,10,1,22,,301721,24,0,10,1,21,,301771,24,0,10,1,60,,301743,24,0,10,1,20,,301713,24,0,10,1,14,,301756,24,0,10,1,12,,301738,24,0,10,1,52,,301780,24,0,10,1,13,,301783,24,0,10,1,13,,301722,24,0,10,1,15,,301729,24,0,10,1,54,,301774,24,0,10,2,14,,301744,24,0,10,1,12,,301714,24,0,10,1,13,,301757,24,0,10,1,12,,301739,24,0,10,1,50,,301747,24,0,10,1,10,,301772,24,0,10,1,9,,301784,24,0,10,1,9,,301790,24,0,10,2,8,,301723,24,0,10,1,7,,301751,24,0,10,1,7,,301730,24,0,10,1,48,,301775,24,0,10,2,9,,301766,24,0,10,1,8,,301762,24,0,10,1,8,,301745,24,0,10,1,8,,301715,24,0,10,1,8,,301781,24,0,10,1,7,,301758,24,0,10,1,48,,301740,24,0,10,1,9,,301748,24,0,10,1,8,,301777,24,0,10,1,7,,301773,24,0,10,1,6,,301785,24,0,10,1,6,,301791,24,0,10,2,7,,301724,24,0,10,1,7,,301752,24,0,10,1,8,,301731,24,0,10,1,48,,301776,24,0,10,2,7,,301767,24,0,10,1,5,,301796,24,0,10,1,7,,301763,24,0,10,1,6,,301746,24,0,10,1,7,,301716,24,0,10,1,7,,301782,24,0,10,1,8,,301759,24,0,10,1,48,,301741,24,0,10,1,6,,301786,24,0,10,1,4,,301749,24,0,10,1,8,,301725,24,0,10,1,6,,301733,24,0,10,1,7,,301778,24,0,10,1,7,,301792,24,0,10,2,7,,301753,24,0,10,1,8,,301797,24,0,10,1,48,,301732,24,0,10,1,7,,301768,24,0,10,1,13,,301764,24,0,10,1,13,,301717,24,0,10,1,13,,301754,24,0,10,1,52,,301760,24,0,10,1,13,,301750,24,0,10,1,13,,301793,24,0,10,2,13,,301779,24,0,10,1,15,,301798,24,0,10,1,55,,301769,24,0,10,1,15,,301770,24,0,10,1,14,,301718,24,0,10,1,14,,301787,24,0,10,1,54,,301761,24,0,10,1,14,,301794,24,0,10,2,14,,301801,24,0,10,1,16,,301799,24,0,10,1,57,,301719,24,0,10,1,20,,301736,24,0,10,2,22,,301788,24,0,10,1,62,,301795,24,0,10,2,22,,301803,24,0,10,1,22,,301802,24,0,10,1,63,,301737,24,0,10,2,23,,301789,24,0,10,1,60,,301800,24,0,10,1
5102,'H57S000I-80-I',525,,301806,24,0,10,1,28,,301817,24,0,10,1,70,,301825,24,0,10,1,32,,301807,24,0,10,1,72,,301818,24,0,10,1,31,,301826,24,0,10,1,74,,301808,24,0,10,1,70,,301833,24,0,10,1,29,,301840,24,0,10,2,28,,301846,24,0,10,1,69,,301809,24,0,10,1,27,,301834,24,0,10,1,61,,301827,24,0,10,1,21,,301854,24,0,10,1,19,,301847,24,0,10,1,60,,301852,24,0,10,1,15,,301810,24,0,10,1,13,,301858,24,0,10,2,11,,301835,24,0,10,1,51,,301841,24,0,10,2,11,,301828,24,0,10,1,13,,301855,24,0,10,1,13,,301819,24,0,10,1,13,,301848,24,0,10,1,54,,301862,24,0,10,1,14,,301866,24,0,10,1,10,,301811,24,0,10,1,9,,301859,24,0,10,2,10,,301836,24,0,10,1,50,,301842,24,0,10,2,10,,301844,24,0,10,1,10,,301829,24,0,10,1,10,,301856,24,0,10,1,10,,301820,24,0,10,1,9,,301849,24,0,10,1,49,,301870,24,0,10,1,9,,301863,24,0,10,1,9,,301867,24,0,10,1,9,,301832,24,0,10,1,8,,301812,24,0,10,1,7,,301860,24,0,10,2,7,,301804,24,0,10,1,7,,301837,24,0,10,1,47,,301843,24,0,10,2,7,,301873,24,0,10,1,7,,301830,24,0,10,1,7,,301821,24,0,10,1,7,,301857,24,0,10,1,7,,301880,24,0,10,2,7,,301864,24,0,10,1,7,,301850,24,0,10,1,47,,301871,24,0,10,1,9,,301845,24,0,10,1,9,,301868,24,0,10,1,7,,301872,24,0,10,1,9,,301813,24,0,10,1,9,,301877,24,0,10,2,10,,301805,24,0,10,1,49,,301865,24,0,10,1,9,,301874,24,0,10,1,11,,301822,24,0,10,1,12,,301838,24,0,10,1,15,,301851,24,0,10,1,56,,301814,24,0,10,1,15,,301869,24,0,10,1,15,,301878,24,0,10,2,15,,301831,24,0,10,1,56,,301875,24,0,10,1,19,,301839,24,0,10,1,21,,301823,24,0,10,1,62,,301815,24,0,10,1,22,,301879,24,0,10,2,22,,301881,24,0,10,1,62,,301876,24,0,10,1,25,,301824,24,0,10,1,66,,301816,24,0,10,1,32,,301882,24,0,10,1,72,,301853,24,0,10,1,32,,301861,24,0,10,1
5102,'H57S000S-80-S',521,,301890,24,0,10,1,32,,301915,24,0,10,1,72,,301888,24,0,10,1,13,,301909,24,0,10,1,10,,301937,24,0,10,1,10,,301908,24,0,10,1,50,,301891,24,0,10,1,10,,301907,24,0,10,1,10,,301899,24,0,10,1,5,,301922,24,0,10,1,7,,301916,24,0,10,1,5,,301911,24,0,10,1,3,,301961,24,0,10,2,5,,301964,24,0,10,2,4,,301952,24,0,10,1,47,,301929,24,0,10,2,5,,301960,24,0,10,1,6,,301883,24,0,10,1,7,,301965,24,0,10,1,8,,301970,24,0,10,1,6,,301976,24,0,10,1,6,,301889,24,0,10,1,7,,301975,24,0,10,2,6,,301983,24,0,10,1,45,,301938,24,0,10,1,7,,301900,24,0,10,1,10,,301956,24,0,10,1,10,,301985,24,0,10,1,11,,301930,24,0,10,1,9,,301923,24,0,10,1,10,,301894,24,0,10,1,50,,301953,24,0,10,1,9,,301884,24,0,10,1,9,,301966,24,0,10,1,10,,301971,24,0,10,1,10,,301977,24,0,10,1,10,,301984,24,0,10,1,49,,301939,24,0,10,1,8,,301901,24,0,10,1,9,,301957,24,0,10,1,11,,301986,24,0,10,1,11,,301931,24,0,10,1,11,,301924,24,0,10,1,51,,301895,24,0,10,1,10,,301885,24,0,10,1,8,,301967,24,0,10,1,8,,301912,24,0,10,1,8,,301972,24,0,10,1,9,,301978,24,0,10,1,10,,301917,24,0,10,1,50,,301940,24,0,10,1,10,,301902,24,0,10,1,10,,301958,24,0,10,1,10,,301987,24,0,10,1,9,,301932,24,0,10,1,10,,301925,24,0,10,1,50,,301896,24,0,10,1,10,,301886,24,0,10,1,10,,301968,24,0,10,1,10,,301913,24,0,10,1,8,,301973,24,0,10,1,8,,301979,24,0,10,1,48,,301918,24,0,10,1,8,,301941,24,0,10,1,7,,302000,24,0,10,1,7,,301903,24,0,10,1,8,,301954,24,0,10,1,7,,302006,24,0,10,1,6,,301959,24,0,10,1,4,,302012,24,0,10,2,6,,301988,24,0,10,1,5,,301933,24,0,10,1,44,,302014,24,0,10,1,4,,301926,24,0,10,1,5,,302023,24,0,10,2,6,,301991,24,0,10,1,5,,302025,24,0,10,2,9,,302018,24,0,10,1,3,,301887,24,0,10,1,3,,301897,24,0,10,1,4,,301950,24,0,10,1,4,,302031,24,0,10,1,4,,301969,24,0,10,1,4,,302032,24,0,10,1,48,,301974,24,0,10,1,4,,302005,24,0,10,2,4,,301980,24,0,10,1,5,,302008,24,0,10,1,6,,301995,24,0,10,1,12,,302001,24,0,10,1,6,,301904,24,0,10,1,11,,301955,24,0,10,1,7,,302007,24,0,10,1,46,,301947,24,0,10,1,6,,301993,24,0,10,1,6,,301989,24,0,10,1,6,,302015,24,0,10,1,7,,301920,24,0,10,1,8,,302024,24,0,10,2,7,,301943,24,0,10,1,7,,302019,24,0,10,1,7,,301962,24,0,10,1,47,,301951,24,0,10,1,7,,302033,24,0,10,1,14,,301981,24,0,10,1,9,,301996,24,0,10,1,10,,302002,24,0,10,1,8,,301905,24,0,10,1,7,,301936,24,0,10,1,46,,301948,24,0,10,1,7,,302010,24,0,10,1,8,,302016,24,0,10,1,7,,302020,24,0,10,1,7,,301921,24,0,10,1,10,,301944,24,0,10,1,12,,301963,24,0,10,1,52,,302034,24,0,10,1,13,,301982,24,0,10,1,13,,301997,24,0,10,1,13,,301906,24,0,10,1,53,,302021,24,0,10,1,13,,302017,24,0,10,1,14,,302028,24,0,10,1,14,,301945,24,0,10,1,15,,302029,24,0,10,1,55,,302035,24,0,10,1,14,,301998,24,0,10,1,15,,302036,24,0,10,1,17,,302022,24,0,10,1,63,,301946,24,0,10,1,29,,302030,24,0,10,1,71,,301999,24,0,10,1,33,,302037,24,0,10,1
5102,'H57S100F-80-F1',525,,302040,24,0,10,1,28,,302051,24,0,10,1,70,,302059,24,0,10,1,32,,302041,24,0,10,1,72,,302052,24,0,10,1,31,,302060,24,0,10,1,74,,302042,24,0,10,1,70,,302067,24,0,10,1,29,,302074,24,0,10,2,28,,302080,24,0,10,1,69,,302043,24,0,10,1,27,,302068,24,0,10,1,61,,302061,24,0,10,1,21,,302088,24,0,10,1,19,,302081,24,0,10,1,60,,302086,24,0,10,1,15,,302044,24,0,10,1,13,,302092,24,0,10,2,11,,302069,24,0,10,1,51,,302075,24,0,10,2,11,,302062,24,0,10,1,13,,302089,24,0,10,1,13,,302053,24,0,10,1,13,,302082,24,0,10,1,54,,302096,24,0,10,1,14,,302100,24,0,10,1,10,,302045,24,0,10,1,9,,302093,24,0,10,2,10,,302070,24,0,10,1,50,,302076,24,0,10,2,10,,302078,24,0,10,1,10,,302063,24,0,10,1,10,,302090,24,0,10,1,10,,302054,24,0,10,1,9,,302083,24,0,10,1,49,,302104,24,0,10,1,9,,302097,24,0,10,1,9,,302101,24,0,10,1,9,,302066,24,0,10,1,8,,302046,24,0,10,1,7,,302094,24,0,10,2,7,,302038,24,0,10,1,7,,302071,24,0,10,1,47,,302077,24,0,10,2,7,,302107,24,0,10,1,7,,302064,24,0,10,1,7,,302055,24,0,10,1,7,,302091,24,0,10,1,7,,302114,24,0,10,2,7,,302098,24,0,10,1,7,,302084,24,0,10,1,47,,302105,24,0,10,1,9,,302079,24,0,10,1,9,,302102,24,0,10,1,7,,302106,24,0,10,1,9,,302047,24,0,10,1,9,,302111,24,0,10,2,10,,302039,24,0,10,1,49,,302099,24,0,10,1,9,,302108,24,0,10,1,11,,302056,24,0,10,1,12,,302072,24,0,10,1,15,,302085,24,0,10,1,56,,302048,24,0,10,1,15,,302103,24,0,10,1,15,,302112,24,0,10,2,15,,302065,24,0,10,1,56,,302109,24,0,10,1,19,,302073,24,0,10,1,21,,302057,24,0,10,1,62,,302049,24,0,10,1,22,,302113,24,0,10,2,22,,302115,24,0,10,1,62,,302110,24,0,10,1,25,,302058,24,0,10,1,66,,302050,24,0,10,1,32,,302116,24,0,10,1,72,,302087,24,0,10,1,32,,302095,24,0,10,1
5102,'H57S200F-80-F2',525,,302119,24,0,10,1,28,,302130,24,0,10,1,70,,302138,24,0,10,1,32,,302120,24,0,10,1,72,,302131,24,0,10,1,31,,302139,24,0,10,1,74,,302121,24,0,10,1,70,,302146,24,0,10,1,29,,302153,24,0,10,2,28,,302159,24,0,10,1,69,,302122,24,0,10,1,27,,302147,24,0,10,1,61,,302140,24,0,10,1,21,,302167,24,0,10,1,19,,302160,24,0,10,1,60,,302165,24,0,10,1,15,,302123,24,0,10,1,13,,302171,24,0,10,2,11,,302148,24,0,10,1,51,,302154,24,0,10,2,11,,302141,24,0,10,1,13,,302168,24,0,10,1,13,,302132,24,0,10,1,13,,302161,24,0,10,1,54,,302175,24,0,10,1,14,,302179,24,0,10,1,10,,302124,24,0,10,1,9,,302172,24,0,10,2,10,,302149,24,0,10,1,50,,302155,24,0,10,2,10,,302157,24,0,10,1,10,,302142,24,0,10,1,10,,302169,24,0,10,1,10,,302133,24,0,10,1,9,,302162,24,0,10,1,49,,302183,24,0,10,1,9,,302176,24,0,10,1,9,,302180,24,0,10,1,9,,302145,24,0,10,1,8,,302125,24,0,10,1,7,,302173,24,0,10,2,7,,302117,24,0,10,1,7,,302150,24,0,10,1,47,,302156,24,0,10,2,7,,302186,24,0,10,1,7,,302143,24,0,10,1,7,,302134,24,0,10,1,7,,302170,24,0,10,1,7,,302193,24,0,10,2,7,,302177,24,0,10,1,7,,302163,24,0,10,1,47,,302184,24,0,10,1,9,,302158,24,0,10,1,9,,302181,24,0,10,1,7,,302185,24,0,10,1,9,,302126,24,0,10,1,9,,302190,24,0,10,2,10,,302118,24,0,10,1,49,,302178,24,0,10,1,9,,302187,24,0,10,1,11,,302135,24,0,10,1,12,,302151,24,0,10,1,15,,302164,24,0,10,1,56,,302127,24,0,10,1,15,,302182,24,0,10,1,15,,302191,24,0,10,2,15,,302144,24,0,10,1,56,,302188,24,0,10,1,19,,302152,24,0,10,1,21,,302136,24,0,10,1,62,,302128,24,0,10,1,22,,302192,24,0,10,2,22,,302194,24,0,10,1,62,,302189,24,0,10,1,25,,302137,24,0,10,1,66,,302129,24,0,10,1,32,,302195,24,0,10,1,72,,302166,24,0,10,1,32,,302174,24,0,10,1
16603,'H50S000A-82-A',840,,331141,19,0,8,1,71,,331155,19,0,8,2,32,,331142,19,0,8,1,72,,331156,19,0,8,2,31,,331143,19,0,8,1,72,,331157,19,0,8,2,33,,331144,19,0,8,1,72,,331158,19,0,8,2,30,,331139,19,0,8,2,71,,331145,19,0,8,1,29,,331159,19,0,8,2,69,,331163,19,0,8,1,30,,331146,19,0,8,1,69,,331160,19,0,8,2,29,,331164,19,0,8,1,69,,331147,19,0,8,1,29,,331161,19,0,8,2,69,,331165,19,0,8,1,29,,331148,19,0,8,1,69,,331162,19,0,8,2,29,,331166,19,0,8,1,73,,331149,19,0,8,1,33,,331167,19,0,8,1,73,,331150,19,0,8,1,33,,331168,19,0,8,1,78,,331151,19,0,8,1,77,,331169,19,0,8,1,37,,331152,19,0,8,1,77,,331170,19,0,8,1,78,,331153,19,0,8,1,40,,331140,19,0,8,2,80,,331154,19,0,8,1
16603,'H50S000I-82-I',911,,331171,19,0,8,2,33,,331189,19,0,8,1,71,,331172,19,0,8,2,31,,331190,19,0,8,1,71,,331173,19,0,8,2,33,,331191,19,0,8,1,73,,331174,19,0,8,2,33,,331192,19,0,8,1,73,,331175,19,0,8,2,30,,331185,19,0,8,1,68,,331193,19,0,8,1,28,,331176,19,0,8,2,68,,331186,19,0,8,1,28,,331194,19,0,8,1,68,,331177,19,0,8,2,28,,331187,19,0,8,1,68,,331195,19,0,8,1,28,,331178,19,0,8,2,69,,331188,19,0,8,1,30,,331196,19,0,8,1,72,,331179,19,0,8,2,32,,331197,19,0,8,1,72,,331180,19,0,8,2,32,,331198,19,0,8,1,75,,331181,19,0,8,2,76,,331199,19,0,8,1,37,,331182,19,0,8,2,77,,331200,19,0,8,1,37,,331183,19,0,8,2,77,,331201,19,0,8,1,84,,331184,19,0,8,2
16603,'H50S000S-82-S',631,,331228,19,0,8,1,69,,331206,19,0,8,2,29,,331218,19,0,8,2,72,,331229,19,0,8,1,34,,331207,19,0,8,2,73,,331219,19,0,8,1,27,,331230,19,0,8,1,70,,331208,19,0,8,2,29,,331220,19,0,8,1,70,,331231,19,0,8,1,31,,331209,19,0,8,2,70,,331221,19,0,8,1,30,,331232,19,0,8,1,70,,331210,19,0,8,2,30,,331222,19,0,8,1,71,,331233,19,0,8,1,30,,331211,19,0,8,2,70,,331223,19,0,8,1,31,,331234,19,0,8,1,70,,331212,21,0,8,2,29,,331224,21,0,8,1,69,,331235,21,0,8,1,29,,331213,21,0,8,2,69,,331225,21,0,8,1,28,,331236,21,0,8,1,69,,331214,19,0,8,2,28,,331226,19,0,8,1,30,,331237,19,0,8,1,70,,331215,19,0,8,2,31,,331227,19,0,8,1,71,,331238,19,0,8,1,71,,331216,19,0,8,2,30,,331203,19,0,8,1,69,,331239,19,0,8,1,29,,331217,19,0,8,2,29,,331204,19,0,8,1,74,,331202,19,0,8,1,75,,331205,19,0,8,1
16603,'H50S100F-80-F1',911,,331240,19,0,8,2,33,,331258,19,0,8,1,71,,331241,19,0,8,2,31,,331259,19,0,8,1,71,,331242,19,0,8,2,33,,331260,19,0,8,1,73,,331243,19,0,8,2,33,,331261,19,0,8,1,73,,331244,19,0,8,2,30,,331254,19,0,8,1,68,,331262,19,0,8,1,28,,331245,19,0,8,2,68,,331255,19,0,8,1,28,,331263,19,0,8,1,68,,331246,19,0,8,2,28,,331256,19,0,8,1,68,,331264,19,0,8,1,28,,331247,19,0,8,2,69,,331257,19,0,8,1,30,,331265,19,0,8,1,72,,331248,19,0,8,2,32,,331266,19,0,8,1,72,,331249,19,0,8,2,32,,331267,19,0,8,1,75,,331250,19,0,8,2,76,,331268,19,0,8,1,37,,331251,19,0,8,2,77,,331269,19,0,8,1,37,,331252,19,0,8,2,77,,331270,19,0,8,1,84,,331253,19,0,8,2
16603,'H50S200F-80-F2',911,,331271,19,0,8,2,33,,331289,19,0,8,1,71,,331272,19,0,8,2,31,,331290,19,0,8,1,71,,331273,19,0,8,2,33,,331291,19,0,8,1,73,,331274,19,0,8,2,33,,331292,19,0,8,1,73,,331275,19,0,8,2,30,,331285,19,0,8,1,68,,331293,19,0,8,1,28,,331276,19,0,8,2,68,,331286,19,0,8,1,28,,331294,19,0,8,1,68,,331277,19,0,8,2,28,,331287,19,0,8,1,68,,331295,19,0,8,1,28,,331278,19,0,8,2,69,,331288,19,0,8,1,30,,331296,19,0,8,1,72,,331279,19,0,8,2,32,,331297,19,0,8,1,72,,331280,19,0,8,2,32,,331298,19,0,8,1,75,,331281,19,0,8,2,76,,331299,19,0,8,1,37,,331282,19,0,8,2,77,,331300,19,0,8,1,37,,331283,19,0,8,2,77,,331301,19,0,8,1,84,,331284,19,0,8,2
36802,'H57S000A-80-A',2629,,346929,48,0,10,1,19,,346927,48,0,10,1,59,,346925,48,0,10,1,30,,346931,48,0,10,1,70,,346926,48,0,10,2,38,,346930,48,0,10,1,80,,346928,48,0,10,1
36802,'H57S000I-80-I',2625,,346935,48,0,10,1,85,,346932,48,0,10,1,42,,346933,48,0,10,1,88,,346934,48,0,10,1,86,,346936,48,0,10,1
36802,'H57S000S-80-S',2625,,346940,48,0,10,1,81,,346938,48,0,10,1,94,,346937,48,0,10,1,53,,346939,48,0,10,1,77,,346941,48,0,10,1
36802,'H57S100F-80-F1',2625,,346945,48,0,10,1,85,,346942,48,0,10,1,42,,346943,48,0,10,1,88,,346944,48,0,10,1,86,,346946,48,0,10,1
36802,'H57S200F-80-F2',2625,,346950,48,0,10,1,85,,346947,48,0,10,1,42,,346948,48,0,10,1,88,,346949,48,0,10,1,86,,346951,48,0,10,1
71102,'H50S000A-82-A',822,,351147,20,0,10,1,29,,351164,20,0,10,1,73,,351156,20,0,10,1,28,,351148,20,0,10,1,75,,351165,20,0,10,1,29,,351157,20,0,10,1,70,,351149,20,0,10,1,30,,351166,20,0,10,1,68,,351158,20,0,10,1,32,,351150,20,0,10,1,75,,351167,20,0,10,1,28,,351159,20,0,10,1,72,,351151,20,0,10,1,27,,351168,20,0,10,1,72,,351160,20,0,10,1,27,,351152,20,0,10,1,69,,351169,20,0,10,1,32,,351161,20,0,10,1,70,,351153,20,0,10,1,30,,351170,20,0,10,1,69,,351162,20,0,10,1,27,,351154,20,0,10,1,67,,351171,20,0,10,1,33,,351163,20,0,10,1,64,,351155,20,0,10,1
71102,'H50S000I-82-I',817,,351172,20,0,10,1,30,,351189,20,0,10,1,70,,351181,20,0,10,1,30,,351173,20,0,10,1,72,,351190,20,0,10,1,32,,351182,20,0,10,1,70,,351174,20,0,10,1,30,,351191,20,0,10,1,70,,351183,20,0,10,1,30,,351175,20,0,10,1,73,,351192,20,0,10,1,30,,351184,20,0,10,1,69,,351176,20,0,10,1,31,,351193,20,0,10,1,71,,351185,20,0,10,1,31,,351177,20,0,10,1,71,,351194,20,0,10,1,30,,351186,20,0,10,1,70,,351178,20,0,10,1,30,,351195,20,0,10,1,67,,351187,20,0,10,1,29,,351179,20,0,10,1,70,,351196,20,0,10,1,30,,351188,20,0,10,1,68,,351180,20,0,10,1
71102,'H50S100F-80-F1',817,,351197,20,0,10,1,30,,351214,20,0,10,1,70,,351206,20,0,10,1,30,,351198,20,0,10,1,72,,351215,20,0,10,1,32,,351207,20,0,10,1,70,,351199,20,0,10,1,30,,351216,20,0,10,1,70,,351208,20,0,10,1,30,,351200,20,0,10,1,73,,351217,20,0,10,1,30,,351209,20,0,10,1,69,,351201,20,0,10,1,31,,351218,20,0,10,1,71,,351210,20,0,10,1,31,,351202,20,0,10,1,71,,351219,20,0,10,1,30,,351211,20,0,10,1,70,,351203,20,0,10,1,30,,351220,20,0,10,1,67,,351212,20,0,10,1,29,,351204,20,0,10,1,70,,351221,20,0,10,1,30,,351213,20,0,10,1,68,,351205,20,0,10,1
71102,'H50S200F-80-F2',817,,351222,20,0,10,1,30,,351239,20,0,10,1,70,,351231,20,0,10,1,30,,351223,20,0,10,1,72,,351240,20,0,10,1,32,,351232,20,0,10,1,70,,351224,20,0,10,1,30,,351241,20,0,10,1,70,,351233,20,0,10,1,30,,351225,20,0,10,1,73,,351242,20,0,10,1,30,,351234,20,0,10,1,69,,351226,20,0,10,1,31,,351243,20,0,10,1,71,,351235,20,0,10,1,31,,351227,20,0,10,1,71,,351244,20,0,10,1,30,,351236,20,0,10,1,70,,351228,20,0,10,1,30,,351245,20,0,10,1,67,,351237,20,0,10,1,29,,351229,20,0,10,1,70,,351246,20,0,10,1,30,,351238,20,0,10,1,68,,351230,20,0,10,1
