8003,'H50S000A-82-A',518,,309718,4,0,8,2,29,,309679,4,0,8,2,70,,309670,4,0,8,1,30,,309719,4,0,8,2,70,,309680,4,0,8,2,30,,309671,4,0,8,1,70,,309720,4,0,8,2,30,,309681,4,0,8,2,70,,309672,4,0,8,1,30,,309721,4,0,8,2,70,,309682,4,0,8,2,30,,309729,4,0,8,1,65,,309686,4,0,8,1,23,,309667,4,0,8,2,20,,309683,4,0,8,2,60,,309673,4,0,8,1,19,,309693,4,0,8,2,20,,309687,4,0,8,1,60,,309700,4,0,8,2,20,,309684,4,0,8,2,16,,309708,4,0,8,1,56,,309674,4,0,8,1,18,,309694,4,0,8,2,13,,309688,4,0,8,1,12,,309668,4,0,8,1,52,,309701,4,0,8,2,11,,309685,4,0,8,2,10,,309706,4,0,8,2,11,,309709,4,0,8,1,11,,309675,4,0,8,1,11,,309712,4,0,8,2,51,,309695,4,0,8,2,12,,309689,4,0,8,1,12,,309691,4,0,8,2,10,,309669,4,0,8,1,10,,309702,4,0,8,2,50,,309707,4,0,8,2,9,,309710,4,0,8,1,11,,309676,4,0,8,1,11,,309713,4,0,8,2,12,,309696,4,0,8,2,11,,309690,4,0,8,1,51,,309726,4,0,8,2,11,,309692,4,0,8,2,11,,309703,4,0,8,2,11,,309728,4,0,8,2,11,,309711,4,0,8,1,51,,309677,4,0,8,1,18,,309697,4,0,8,2,21,,309727,4,0,8,2,62,,309704,4,0,8,2,20,,309722,4,0,8,1,19,,309678,4,0,8,1,19,,309698,4,0,8,2,60,,309714,4,0,8,1,20,,309705,4,0,8,2,20,,309723,4,0,8,1,66,,309699,4,0,8,2,29,,309715,4,0,8,1,70,,309724,4,0,8,1,30,,309730,4,0,8,1,70,,309716,4,0,8,1,30,,309725,4,0,8,1,69,,309731,4,0,8,1,29,,309717,4,0,8,1
8003,'H50S000I-82-I',517,,309732,4,0,8,2,30,,309764,4,0,8,2,71,,309791,4,0,8,1,30,,309733,4,0,8,2,69,,309765,4,0,8,2,29,,309777,4,0,8,1,70,,309734,4,0,8,2,29,,309766,4,0,8,2,69,,309778,4,0,8,1,29,,309735,4,0,8,2,66,,309793,4,0,8,1,14,,309767,4,0,8,2,19,,309779,4,0,8,1,66,,309792,4,0,8,1,22,,309736,4,0,8,2,21,,309768,4,0,8,2,63,,309780,4,0,8,1,21,,309741,4,0,8,1,21,,309745,4,0,8,1,58,,309737,4,0,8,2,16,,309769,4,0,8,2,15,,309748,4,0,8,1,14,,309781,4,0,8,1,54,,309742,4,0,8,1,13,,309751,4,0,8,1,13,,309746,4,0,8,1,12,,309738,4,0,8,2,52,,309754,4,0,8,2,12,,309770,4,0,8,2,12,,309749,4,0,8,1,13,,309782,4,0,8,1,13,,309743,4,0,8,1,54,,309752,4,0,8,1,13,,309747,4,0,8,1,10,,309762,4,0,8,1,10,,309739,4,0,8,2,10,,309790,4,0,8,2,51,,309755,4,0,8,2,11,,309750,4,0,8,1,10,,309783,4,0,8,1,11,,309744,4,0,8,1,11,,309771,4,0,8,1,10,,309753,4,0,8,1,50,,309763,4,0,8,1,9,,309785,4,0,8,2,11,,309740,4,0,8,2,15,,309756,4,0,8,2,19,,309784,4,0,8,1,60,,309772,4,0,8,1,28,,309786,4,0,8,2,69,,309757,4,0,8,2,29,,309773,4,0,8,1,69,,309787,4,0,8,2,29,,309758,4,0,8,2,68,,309774,4,0,8,1,28,,309788,4,0,8,2,67,,309759,4,0,8,2,28,,309775,4,0,8,1,68,,309789,4,0,8,2,27,,309760,4,0,8,2,29,,309776,4,0,8,1,66,,309761,4,0,8,2
8003,'H50S000S-82-S',517,,309801,4,0,8,1,23,,309856,4,0,8,1,65,,309804,4,0,8,2,24,,309802,4,0,8,1,25,,309857,4,0,8,1,61,,309815,4,0,8,1,22,,309805,4,0,8,2,22,,309803,4,0,8,1,61,,309859,4,0,8,2,23,,309820,4,0,8,2,62,,309821,4,0,8,1,23,,309806,4,0,8,2,23,,309841,4,0,8,2,62,,309816,4,0,8,1,21,,309811,4,0,8,1,22,,309822,4,0,8,1,63,,309860,4,0,8,2,22,,309842,4,0,8,2,62,,309848,4,0,8,2,22,,309812,4,0,8,1,16,,309807,4,0,8,2,17,,309823,4,0,8,1,56,,309817,4,0,8,1,17,,309843,4,0,8,2,17,,309849,4,0,8,2,57,,309813,4,0,8,1,18,,309808,4,0,8,2,17,,309824,4,0,8,1,12,,309829,4,0,8,1,52,,309818,4,0,8,1,12,,309844,4,0,8,2,12,,309861,4,0,8,2,11,,309850,4,0,8,2,8,,309831,4,0,8,2,7,,309814,4,0,8,1,51,,309853,4,0,8,1,9,,309809,4,0,8,2,19,,309825,4,0,8,1,7,,309830,4,0,8,1,60,,309819,4,0,8,1,10,,309845,4,0,8,2,6,,309834,4,0,8,2,10,,309851,4,0,8,2,8,,309832,4,0,8,2,7,,309835,4,0,8,1,12,,309858,4,0,8,2,50,,309854,4,0,8,1,11,,309810,4,0,8,2,12,,309826,4,0,8,1,29,,309846,4,0,8,2,60,,309852,4,0,8,2,11,,309836,4,0,8,1,18,,309855,4,0,8,1,56,,309827,4,0,8,1,19,,309797,4,0,8,2,20,,309847,4,0,8,2,20,,309837,4,0,8,1,60,,309794,4,0,8,1,20,,309828,4,0,8,1,62,,309798,4,0,8,2,27,,309838,4,0,8,1,29,,309795,4,0,8,1,69,,309799,4,0,8,2,29,,309839,4,0,8,1,68,,309796,4,0,8,1,27,,309800,4,0,8,2,68,,309840,4,0,8,1
8003,'H50S100F-80-F1',517,,309862,4,0,8,2,30,,309894,4,0,8,2,71,,309921,4,0,8,1,30,,309863,4,0,8,2,69,,309895,4,0,8,2,29,,309907,4,0,8,1,70,,309864,4,0,8,2,29,,309896,4,0,8,2,69,,309908,4,0,8,1,29,,309865,4,0,8,2,66,,309923,4,0,8,1,14,,309897,4,0,8,2,19,,309909,4,0,8,1,66,,309922,4,0,8,1,22,,309866,4,0,8,2,21,,309898,4,0,8,2,63,,309910,4,0,8,1,21,,309871,4,0,8,1,21,,309875,4,0,8,1,58,,309867,4,0,8,2,16,,309899,4,0,8,2,15,,309878,4,0,8,1,14,,309911,4,0,8,1,54,,309872,4,0,8,1,13,,309881,4,0,8,1,13,,309876,4,0,8,1,12,,309868,4,0,8,2,52,,309884,4,0,8,2,12,,309900,4,0,8,2,12,,309879,4,0,8,1,13,,309912,4,0,8,1,13,,309873,4,0,8,1,54,,309882,4,0,8,1,13,,309877,4,0,8,1,10,,309892,4,0,8,1,10,,309869,4,0,8,2,10,,309920,4,0,8,2,51,,309885,4,0,8,2,11,,309880,4,0,8,1,10,,309913,4,0,8,1,11,,309874,4,0,8,1,11,,309901,4,0,8,1,10,,309883,4,0,8,1,50,,309893,4,0,8,1,9,,309915,4,0,8,2,11,,309870,4,0,8,2,15,,309886,4,0,8,2,19,,309914,4,0,8,1,60,,309902,4,0,8,1,28,,309916,4,0,8,2,69,,309887,4,0,8,2,29,,309903,4,0,8,1,69,,309917,4,0,8,2,29,,309888,4,0,8,2,68,,309904,4,0,8,1,28,,309918,4,0,8,2,67,,309889,4,0,8,2,28,,309905,4,0,8,1,68,,309919,4,0,8,2,27,,309890,4,0,8,2,29,,309906,4,0,8,1,66,,309891,4,0,8,2
8003,'H50S200F-80-F2',517,,309924,4,0,8,2,30,,309956,4,0,8,2,71,,309983,4,0,8,1,30,,309925,4,0,8,2,69,,309957,4,0,8,2,29,,309969,4,0,8,1,70,,309926,4,0,8,2,29,,309958,4,0,8,2,69,,309970,4,0,8,1,29,,309927,4,0,8,2,66,,309985,4,0,8,1,14,,309959,4,0,8,2,19,,309971,4,0,8,1,66,,309984,4,0,8,1,22,,309928,4,0,8,2,21,,309960,4,0,8,2,63,,309972,4,0,8,1,21,,309933,4,0,8,1,21,,309937,4,0,8,1,58,,309929,4,0,8,2,16,,309961,4,0,8,2,15,,309940,4,0,8,1,14,,309973,4,0,8,1,54,,309934,4,0,8,1,13,,309943,4,0,8,1,13,,309938,4,0,8,1,12,,309930,4,0,8,2,52,,309946,4,0,8,2,12,,309962,4,0,8,2,12,,309941,4,0,8,1,13,,309974,4,0,8,1,13,,309935,4,0,8,1,54,,309944,4,0,8,1,13,,309939,4,0,8,1,10,,309954,4,0,8,1,10,,309931,4,0,8,2,10,,309982,4,0,8,2,51,,309947,4,0,8,2,11,,309942,4,0,8,1,10,,309975,4,0,8,1,11,,309936,4,0,8,1,11,,309963,4,0,8,1,10,,309945,4,0,8,1,50,,309955,4,0,8,1,9,,309977,4,0,8,2,11,,309932,4,0,8,2,15,,309948,4,0,8,2,19,,309976,4,0,8,1,60,,309964,4,0,8,1,28,,309978,4,0,8,2,69,,309949,4,0,8,2,29,,309965,4,0,8,1,69,,309979,4,0,8,2,29,,309950,4,0,8,2,68,,309966,4,0,8,1,28,,309980,4,0,8,2,67,,309951,4,0,8,2,28,,309967,4,0,8,1,68,,309981,4,0,8,2,27,,309952,4,0,8,2,29,,309968,4,0,8,1,66,,309953,4,0,8,2
8003,'H51S000S-81-S',1652,,309986,4,0,8,1,185,,309987,4,0,8,1
8003,'H58S000S-83-S',1626,,309988,4,0,8,2
12903,'H51S000A-80-A',628,,323580,9,0,8,1,82,,323575,9,0,8,2,33,,323592,9,0,8,1,72,,323581,9,0,8,1,32,,323576,9,0,8,2,71,,323593,9,0,8,1,32,,323582,9,0,8,1,72,,323577,9,0,8,2,32,,323594,9,0,8,1,72,,323583,9,0,8,1,32,,323578,9,0,8,2,74,,323595,9,0,8,1,69,,323584,9,0,8,1,26,,323606,9,0,8,1,26,,323579,9,0,8,2,71,,323596,9,0,8,1,31,,323585,9,0,8,1,70,,323607,9,0,8,1,30,,323603,9,0,8,1,71,,323597,9,0,8,1,28,,323586,9,0,8,1,68,,323608,9,0,8,1,28,,323604,9,0,8,1,68,,323598,9,0,8,1,28,,323587,9,0,8,1,67,,323609,9,0,8,1,29,,323605,9,0,8,1,66,,323599,8,0,98,1,29,,323588,8,0,98,1,70,,323610,8,0,98,1,29,,323600,8,0,98,1,70,,323589,8,0,98,1,30,,323611,8,0,98,1,69,,323601,8,0,98,1,40,,323590,8,0,98,1,81,,323602,8,0,98,1,80,,323591,8,0,98,1
12903,'H51S000I-80-I',619,,323616,9,0,8,1,82,,323625,9,0,8,2,42,,323617,9,0,8,1,83,,323626,9,0,8,2,84,,323618,9,0,8,1,34,,323612,9,0,8,1,74,,323627,9,0,8,2,33,,323619,9,0,8,1,73,,323613,9,0,8,1,35,,323628,9,0,8,2,73,,323620,9,0,8,1,73,,323614,9,0,8,1,33,,323629,9,0,8,1,73,,323621,9,0,8,1,27,,323637,9,0,8,2,67,,323615,9,0,8,1,27,,323630,9,0,8,1,71,,323622,9,0,8,1,32,,323638,9,0,8,2,71,,323631,9,0,8,1,30,,323623,9,0,8,1,70,,323639,9,0,8,2,30,,323632,9,0,8,1,71,,323624,9,0,8,1,32,,323640,9,0,8,2,65,,323633,8,0,98,1,33,,323644,8,0,98,2,77,,323641,8,0,98,2,37,,323634,8,0,98,1,77,,323645,8,0,98,2,76,,323642,8,0,98,2,40,,323635,8,0,98,1,82,,323643,8,0,98,2,82,,323636,8,0,98,1
12903,'H51S000S-81-S',712,,323646,9,0,8,1,31,,323655,9,0,8,2,6,,323656,9,0,8,1,72,,323661,9,0,8,2,33,,323666,9,0,8,1,73,,323647,9,0,8,1,31,,323657,9,0,8,1,72,,323662,9,0,8,2,73,,323667,9,0,8,1,32,,323648,9,0,8,1,72,,323658,9,0,8,1,30,,323663,9,0,8,2,70,,323668,9,0,8,1,25,,323670,9,0,8,1,20,,323649,9,0,8,1,60,,323659,9,0,8,1,18,,323677,9,0,8,1,13,,323664,9,0,8,2,64,,323669,9,0,8,1,9,,323682,9,0,8,2,9,,323671,9,0,8,1,9,,323685,9,0,8,2,19,,323650,9,0,8,1,50,,323691,9,0,8,1,11,,323660,9,0,8,1,17,,323672,9,0,8,1,17,,323678,9,0,8,1,58,,323665,9,0,8,2,19,,323683,9,0,8,2,23,,323686,9,0,8,2,63,,323651,9,0,8,1,24,,323673,9,0,8,1,24,,323679,9,0,8,1,64,,323684,9,0,8,2,16,,323687,9,0,98,2,68,,323652,8,0,98,1,31,,323674,8,0,98,1,71,,323680,8,0,98,1,30,,323688,8,0,98,2,69,,323653,8,0,98,1,30,,323675,8,0,98,1,70,,323681,8,0,98,1,30,,323689,8,0,98,2,70,,323654,8,0,98,1,30,,323676,8,0,98,1,71,,323690,8,0,98,2
12903,'H51S100F-80-F1',619,,323692,9,0,8,1,82,,323701,9,0,8,2,42,,323693,9,0,8,1,83,,323702,9,0,8,2,84,,323694,9,0,8,1,34,,323712,9,0,8,1,74,,323703,9,0,8,2,33,,323695,9,0,8,1,73,,323713,9,0,8,1,35,,323704,9,0,8,2,73,,323696,9,0,8,1,73,,323714,9,0,8,1,33,,323716,9,0,8,1,73,,323697,9,0,8,1,27,,323705,9,0,8,2,67,,323715,9,0,8,1,27,,323717,9,0,8,1,71,,323698,9,0,8,1,32,,323706,9,0,8,2,71,,323718,9,0,8,1,30,,323699,9,0,8,1,70,,323707,9,0,8,2,30,,323719,9,0,8,1,71,,323700,9,0,8,1,32,,323708,9,0,8,2,65,,323720,8,0,98,1,33,,323724,8,0,98,2,77,,323709,8,0,98,2,37,,323721,8,0,98,1,77,,323725,8,0,98,2,76,,323710,8,0,98,2,40,,323722,8,0,98,1,82,,323711,8,0,98,2,82,,323723,8,0,98,1
12903,'H51S200F-80-F2',619,,323726,9,0,8,1,82,,323735,9,0,8,2,42,,323727,9,0,8,1,83,,323736,9,0,8,2,84,,323728,9,0,8,1,34,,323746,9,0,8,1,74,,323737,9,0,8,2,33,,323729,9,0,8,1,73,,323747,9,0,8,1,35,,323738,9,0,8,2,73,,323730,9,0,8,1,73,,323748,9,0,8,1,33,,323750,9,0,8,1,73,,323731,9,0,8,1,27,,323739,9,0,8,2,67,,323749,9,0,8,1,27,,323751,9,0,8,1,71,,323732,9,0,8,1,32,,323740,9,0,8,2,71,,323752,9,0,8,1,30,,323733,9,0,8,1,70,,323741,9,0,8,2,30,,323753,9,0,8,1,71,,323734,9,0,8,1,32,,323742,9,0,8,2,65,,323754,8,0,98,1,33,,323758,8,0,98,2,77,,323743,8,0,98,2,37,,323755,8,0,98,1,77,,323759,8,0,98,2,76,,323744,8,0,98,2,40,,323756,8,0,98,1,82,,323745,8,0,98,2,82,,323757,8,0,98,1
12903,'H57S000S-80-S',1455,,323760,9,0,8,1,88,,323761,9,0,8,2
12903,'H59S000S-80-S',610,,323762,9,0,8,1,30,,323763,9,0,8,2
36503,'H58S000A-80-A',2621,,346842,6,0,8,1,32,,346840,6,0,8,1,73,,346841,6,0,8,1,32,,346844,6,0,8,1,76,,346839,6,0,8,1,77,,346843,6,0,8,1
36503,'H58S000I-80-I',2550,,346849,6,0,8,1,80,,346845,6,0,8,1,80,,346847,6,0,8,1,40,,346850,6,0,8,1,80,,346846,6,0,8,1,80,,346848,6,0,8,1
36503,'H58S000S-83-S',2550,,346852,6,0,8,1,80,,346854,6,0,8,1,80,,346856,6,0,8,1,40,,346851,6,0,8,1,80,,346853,6,0,8,1,80,,346855,6,0,8,1
36503,'H58S100F-80-F1',2550,,346861,6,0,8,1,80,,346859,6,0,8,1,80,,346857,6,0,8,1,40,,346862,6,0,8,1,80,,346860,6,0,8,1,80,,346858,6,0,8,1
36503,'H58S200F-80-F2',2550,,346867,6,0,8,1,80,,346863,6,0,8,1,80,,346865,6,0,8,1,40,,346868,6,0,8,1,80,,346864,6,0,8,1,80,,346866,6,0,8,1
48003,'H50S000S-82-S',1512,,350379,13,0,8,2,23,,350380,13,0,8,1,66,,350381,13,0,8,2,20,,350382,13,0,8,2,26,,350374,13,0,8,1,75,,350383,13,0,8,2,26,,350376,13,0,8,1,61,,350375,13,0,8,2,12,,350373,13,0,8,1,25,,350378,13,0,8,2,60,,350372,13,0,8,1,32,,350377,13,0,8,1
48003,'H57S000S-80-S',1706,,350384,13,0,8,1
