7901,'H58S000A-80-A',503,,309231,9,0,5,1,40,,309235,9,0,5,2,74,,309244,9,0,5,2,27,,309232,9,0,5,1,70,,309236,9,0,5,2,30,,309249,9,0,5,2,70,,309237,9,0,5,1,30,,309242,9,0,5,2,70,,309245,9,0,5,2,31,,309233,9,0,5,1,70,,309266,9,0,5,2,30,,309246,9,0,5,2,70,,309238,9,0,5,1,30,,309243,9,0,5,2,70,,309250,9,0,5,2,30,,309234,9,0,5,1,70,,309267,9,0,5,2,30,,309247,9,0,5,2,70,,309239,9,0,5,1,33,,309268,9,0,5,2,73,,309251,9,0,5,2,33,,309240,9,0,5,1,61,,309272,9,0,5,2,30,,309248,9,0,5,2,70,,309263,9,0,5,1,30,,309269,9,0,5,2,71,,309252,9,0,5,2,31,,309241,9,0,5,1,70,,309255,9,0,5,1,30,,309261,9,0,5,1,69,,309264,9,0,5,1,29,,309256,9,0,5,1,69,,309253,9,0,5,2,30,,309270,9,0,5,1,70,,309258,9,0,5,2,30,,309262,9,0,5,1,70,,309271,9,0,5,1,30,,309259,9,0,5,2,70,,309254,9,0,5,2,30,,309265,9,0,5,1,70,,309260,9,0,5,2,26,,309257,9,0,5,1
7901,'H58S000I-80-I',504,,309273,9,0,5,1,40,,309277,9,0,5,1,74,,309297,9,0,5,2,26,,309274,9,0,5,1,70,,309278,9,0,5,1,30,,309280,9,0,5,2,70,,309284,9,0,5,1,30,,309300,9,0,5,1,70,,309276,9,0,5,2,31,,309275,9,0,5,1,70,,309279,9,0,5,1,30,,309281,9,0,5,2,70,,309285,9,0,5,1,30,,309301,9,0,5,1,70,,309282,9,0,5,2,30,,309305,9,0,5,2,70,,309302,9,0,5,1,30,,309290,9,0,5,2,70,,309286,9,0,5,1,33,,309307,9,0,5,2,73,,309283,9,0,5,2,33,,309306,9,0,5,2,61,,309304,9,0,5,1,30,,309291,9,0,5,2,70,,309287,9,0,5,1,30,,309308,9,0,5,2,70,,309292,9,0,5,2,30,,309288,9,0,5,1,70,,309309,9,0,5,2,30,,309293,9,0,5,2,69,,309289,9,0,5,1,30,,309303,9,0,5,1,70,,309294,9,0,5,2,30,,309310,9,0,5,2,70,,309298,9,0,5,1,30,,309295,9,0,5,2,70,,309311,9,0,5,2,30,,309299,9,0,5,1,70,,309313,9,0,5,2,30,,309312,9,0,5,2,60,,309296,9,0,5,2
7901,'H58S000S-83-S',601,,309318,9,0,5,2,15,,309356,9,0,5,2,16,,309322,9,0,5,1,16,,309357,9,0,5,2,55,,309325,9,0,5,2,15,,309358,9,0,5,2,16,,309319,9,0,5,2,15,,309359,9,0,5,2,56,,309314,9,0,5,1,31,,309326,9,0,5,2,70,,309329,9,0,5,1,29,,309320,9,0,5,2,70,,309315,9,0,5,1,30,,309327,9,0,5,2,70,,309342,9,0,5,1,30,,309321,9,0,5,2,70,,309340,9,0,5,1,30,,309316,9,0,5,1,70,,309328,9,0,5,2,29,,309343,9,0,5,1,69,,309341,9,0,5,1,16,,309360,9,0,5,2,15,,309335,9,0,5,1,15,,309361,9,0,5,2,55,,309317,9,0,5,1,13,,309362,9,0,5,2,13,,309347,9,0,5,2,13,,309363,9,0,5,2,13,,309350,9,0,5,2,61,,309336,9,0,5,1,20,,309323,9,0,5,1,19,,309330,9,0,5,1,59,,309354,9,0,5,2,20,,309349,9,0,5,2,20,,309348,9,0,5,2,60,,309331,9,0,5,1,22,,309324,9,0,5,1,67,,309355,9,0,5,2,30,,309337,9,0,5,2,70,,309332,9,0,5,1,31,,309344,9,0,5,1,72,,309351,9,0,5,1,32,,309338,9,0,5,2,73,,309333,9,0,5,1,33,,309345,9,0,5,1,68,,309352,9,0,5,1,28,,309339,9,0,5,2,59,,309334,9,0,5,1,31,,309346,9,0,5,1,73,,309353,9,0,5,1
7901,'H58S100F-80-F1',504,,309365,9,0,5,1,40,,309374,9,0,5,2,74,,309384,9,0,5,1,26,,309366,9,0,5,1,70,,309375,9,0,5,2,30,,309385,9,0,5,1,70,,309376,9,0,5,1,30,,309378,9,0,5,2,70,,309393,9,0,5,1,31,,309367,9,0,5,1,70,,309364,9,0,5,1,30,,309394,9,0,5,1,70,,309368,9,0,5,1,30,,309379,9,0,5,2,70,,309386,9,0,5,1,30,,309369,9,0,5,1,70,,309395,9,0,5,1,30,,309382,9,0,5,2,70,,309370,9,0,5,1,33,,309380,9,0,5,2,73,,309387,9,0,5,1,33,,309399,9,0,5,1,61,,309396,9,0,5,1,30,,309383,9,0,5,2,70,,309371,9,0,5,1,30,,309381,9,0,5,2,70,,309388,9,0,5,1,30,,309400,9,0,5,1,70,,309377,9,0,5,2,30,,309389,9,0,5,1,69,,309401,9,0,5,1,30,,309397,9,0,5,1,70,,309390,9,0,5,1,30,,309402,9,0,5,2,70,,309372,9,0,5,1,30,,309391,9,0,5,1,70,,309403,9,0,5,2,30,,309373,9,0,5,1,70,,309398,9,0,5,1,30,,309404,9,0,5,2,60,,309392,9,0,5,1
7901,'H58S200F-80-F2',504,,309421,9,0,5,1,40,,309405,9,0,5,2,74,,309420,9,0,5,1,26,,309422,9,0,5,1,70,,309406,9,0,5,2,30,,309432,9,0,5,1,70,,309413,9,0,5,1,30,,309428,9,0,5,2,70,,309417,9,0,5,1,31,,309423,9,0,5,1,70,,309415,9,0,5,1,30,,309418,9,0,5,1,70,,309424,9,0,5,1,30,,309429,9,0,5,2,70,,309433,9,0,5,1,30,,309425,9,0,5,1,70,,309407,9,0,5,1,30,,309411,9,0,5,2,70,,309426,9,0,5,1,33,,309430,9,0,5,2,73,,309434,9,0,5,1,33,,309440,9,0,5,1,61,,309408,9,0,5,1,30,,309412,9,0,5,2,70,,309427,9,0,5,1,30,,309431,9,0,5,2,70,,309435,9,0,5,1,30,,309441,9,0,5,1,70,,309416,9,0,5,2,30,,309436,9,0,5,1,69,,309442,9,0,5,1,30,,309414,9,0,5,1,70,,309437,9,0,5,1,30,,309443,9,0,5,2,70,,309409,9,0,5,1,30,,309438,9,0,5,1,70,,309444,9,0,5,2,30,,309410,9,0,5,1,70,,309419,9,0,5,1,30,,309445,9,0,5,2,60,,309439,9,0,5,1
7901,'H60S000S-83-S',444,,309446,9,0,5,1,60,,309447,9,0,5,2,26,,309448,9,0,5,1
35601,'H56S000A-80-A',2519,,346198,9,0,5,2,83,,346199,9,0,5,1,53,,346195,9,0,5,2,93,,346197,9,0,5,1,82,,346196,9,0,5,1
35601,'H56S000I-80-I',2515,,346201,9,0,5,1,41,,346205,9,0,5,2,80,,346202,9,0,5,1,80,,346200,9,0,5,1,43,,346204,9,0,5,1,84,,346203,9,0,5,1
35601,'H56S000S-82-S',2528,,346208,9,0,5,1,73,,346210,9,0,5,1,34,,346211,9,0,5,2,74,,346206,9,0,5,1,46,,346209,9,0,5,2,88,,346207,9,0,5,1
35601,'H56S100F-80-F1',2515,,346213,9,0,5,1,41,,346217,9,0,5,2,80,,346214,9,0,5,1,80,,346212,9,0,5,1,43,,346216,9,0,5,1,84,,346215,9,0,5,1
35601,'H56S200F-80-F2',2515,,346219,9,0,5,1,41,,346223,9,0,5,2,80,,346220,9,0,5,1,80,,346218,9,0,5,1,43,,346222,9,0,5,1,84,,346221,9,0,5,1
38201,'H60S000A-80-A',2621,,347353,48,0,5,1,85,,347355,48,0,5,1,45,,347354,48,0,5,1,85,,347356,48,0,5,1
38201,'H60S000I-81-I',2621,,347357,48,0,5,1,85,,347360,48,0,5,1,45,,347359,48,0,5,1,85,,347358,48,0,5,1
38201,'H60S000S-83-S',2615,,347362,48,0,5,1,89,,347363,48,0,5,1,45,,347361,48,0,5,2,88,,347364,48,0,5,1
38201,'H60S100F-80-F1',2621,,347366,48,0,5,2,85,,347368,48,0,5,1,45,,347367,48,0,5,1,85,,347365,48,0,5,1
38201,'H60S200F-80-F2',2621,,347370,48,0,5,2,85,,347372,48,0,5,1,45,,347371,48,0,5,1,85,,347369,48,0,5,1
