4404,'H51S000S-81-S',717,,298391,21,0,9,2,17,,298392,21,0,9,2
4404,'H54S000A-80-A',505,,298442,21,0,9,1,30,,298401,21,0,9,2,69,,298449,21,0,9,1,30,,298443,21,0,9,1,68,,298402,21,0,9,2,24,,298450,21,0,9,1,21,,298444,21,0,9,1,62,,298423,21,0,9,1,23,,298403,21,0,9,2,23,,298451,21,0,9,1,61,,298445,21,0,9,1,20,,298424,21,0,9,1,20,,298404,21,0,9,2,59,,298452,21,0,9,1,18,,298446,21,0,9,1,15,,298436,21,0,9,2,55,,298425,21,0,9,1,14,,298405,21,0,9,2,14,,298395,21,0,9,1,14,,298453,21,0,9,1,13,,298447,21,0,9,1,52,,298426,21,0,9,1,12,,298397,21,0,9,2,13,,298437,21,0,9,2,14,,298406,21,0,9,2,53,,298415,21,0,9,2,13,,298398,21,0,9,1,13,,298448,21,0,9,1,12,,298427,21,0,9,1,12,,298455,21,0,9,1,53,,298438,21,0,9,2,14,,298407,21,0,9,2,15,,298416,21,0,9,2,15,,298399,21,0,9,1,54,,298428,21,0,9,1,15,,298456,21,0,9,1,13,,298439,21,0,9,2,14,,298408,21,0,9,2,57,,298417,21,0,9,2,17,,298400,21,0,9,1,17,,298429,21,0,9,1,16,,298440,21,0,9,2,50,,298454,21,0,9,1,11,,298409,21,0,9,2,13,,298418,21,0,9,2,17,,298396,21,0,9,1,16,,298430,21,0,9,1,57,,298441,21,0,9,2,16,,298410,21,0,9,2,22,,298419,21,0,9,2,66,,298431,21,0,9,1,27,,298411,21,0,9,2,69,,298420,21,0,9,2,29,,298432,21,0,9,1,68,,298412,21,0,9,2,28,,298421,21,0,9,2,68,,298433,21,0,9,1,29,,298413,21,0,9,2,73,,298422,21,0,9,2,31,,298434,21,0,9,1,72,,298393,21,0,9,1,31,,298414,21,0,9,2,71,,298435,21,0,9,1,29,,298394,21,0,9,1
4404,'H54S000I-80-I',502,,298472,21,0,9,2,33,,298506,21,0,9,1,73,,298473,21,0,9,2,33,,298507,21,0,9,1,72,,298459,21,0,9,1,26,,298474,21,0,9,2,66,,298482,21,0,9,1,20,,298460,21,0,9,1,21,,298469,21,0,9,1,60,,298475,21,0,9,2,21,,298483,21,0,9,1,21,,298470,21,0,9,1,61,,298461,21,0,9,1,18,,298476,21,0,9,2,20,,298484,21,0,9,1,59,,298471,21,0,9,1,19,,298462,21,0,9,1,19,,298465,21,0,9,1,59,,298477,21,0,9,2,20,,298485,21,0,9,1,20,,298463,21,0,9,1,16,,298490,21,0,9,1,54,,298466,21,0,9,1,14,,298478,21,0,9,2,15,,298486,21,0,9,1,14,,298498,21,0,9,2,55,,298464,21,0,9,1,15,,298491,21,0,9,1,14,,298479,21,0,9,2,14,,298467,21,0,9,1,56,,298487,21,0,9,1,20,,298499,21,0,9,2,20,,298492,21,0,9,1,58,,298480,21,0,9,2,19,,298468,21,0,9,1,19,,298457,21,0,9,2,55,,298500,21,0,9,2,15,,298493,21,0,9,1,16,,298481,21,0,9,2,15,,298488,21,0,9,1,56,,298458,21,0,9,2,29,,298494,21,0,9,1,69,,298489,21,0,9,1,29,,298508,21,0,9,1,70,,298495,21,0,9,1,33,,298501,21,0,9,2,73,,298496,21,0,9,1,33,,298502,21,0,9,2,73,,298497,21,0,9,1,29,,298509,21,0,9,1,73,,298503,21,0,9,2,33,,298510,21,0,9,1,72,,298504,21,0,9,2,32,,298511,21,0,9,1,72,,298505,21,0,9,2
4404,'H54S000S-80-S',503,,298521,21,0,9,2,27,,298547,21,0,9,2,26,,298514,21,0,9,2,64,,298522,21,0,9,2,15,,298524,21,0,9,2,10,,298549,21,0,9,1,11,,298548,21,0,9,2,55,,298576,21,0,9,1,14,,298533,21,0,9,2,18,,298525,21,0,9,1,9,,298523,21,0,9,2,50,,298531,21,0,9,2,11,,298550,21,0,9,1,10,,298515,21,0,9,1,18,,298535,21,0,9,1,10,,298534,21,0,9,2,50,,298553,21,0,9,2,10,,298542,21,0,9,2,11,,298526,21,0,9,1,11,,298532,21,0,9,2,12,,298516,21,0,9,1,60,,298536,21,0,9,1,21,,298554,21,0,9,2,21,,298527,21,0,9,1,61,,298517,21,0,9,1,21,,298537,21,0,9,1,20,,298555,21,0,9,2,61,,298528,21,0,9,1,22,,298543,21,0,9,2,22,,298538,21,0,9,1,57,,298513,21,0,9,1,14,,298556,21,0,9,2,14,,298529,21,0,9,1,17,,298574,21,0,9,1,58,,298544,21,0,9,2,21,,298539,21,0,9,1,21,,298557,21,0,9,2,60,,298551,21,0,9,2,15,,298575,21,0,9,1,14,,298545,21,0,9,2,58,,298540,21,0,9,1,16,,298530,21,0,9,1,16,,298518,21,0,9,1,14,,298520,21,0,9,1,54,,298552,21,0,9,2,14,,298546,21,0,9,2,18,,298541,21,0,9,1,22,,298558,21,0,9,1,66,,298562,21,0,9,1,22,,298561,21,0,9,2,62,,298519,21,0,9,1,22,,298559,21,0,9,1,24,,298563,21,0,9,1,64,,298567,21,0,9,2,26,,298560,21,0,9,1,71,,298564,21,0,9,1,32,,298568,21,0,9,2,72,,298571,21,0,9,1,31,,298565,21,0,9,1,71,,298569,21,0,9,2,32,,298572,21,0,9,1,1,,298566,4,0,9,1,69,,298573,21,0,9,2,30,,298570,21,0,9,2,71,,298512,21,0,9,1
4404,'H54S100F-80-F1',502,,298592,21,0,9,2,33,,298626,21,0,9,1,73,,298593,21,0,9,2,33,,298627,21,0,9,1,72,,298579,21,0,9,1,26,,298594,21,0,9,2,66,,298602,21,0,9,1,20,,298580,21,0,9,1,21,,298589,21,0,9,1,60,,298595,21,0,9,2,21,,298603,21,0,9,1,21,,298590,21,0,9,1,61,,298581,21,0,9,1,18,,298596,21,0,9,2,20,,298604,21,0,9,1,59,,298591,21,0,9,1,19,,298582,21,0,9,1,19,,298585,21,0,9,1,59,,298597,21,0,9,2,20,,298605,21,0,9,1,20,,298583,21,0,9,1,16,,298610,21,0,9,1,54,,298586,21,0,9,1,14,,298598,21,0,9,2,15,,298606,21,0,9,1,14,,298618,21,0,9,2,55,,298584,21,0,9,1,15,,298611,21,0,9,1,14,,298599,21,0,9,2,14,,298587,21,0,9,1,56,,298607,21,0,9,1,20,,298619,21,0,9,2,20,,298612,21,0,9,1,58,,298600,21,0,9,2,19,,298588,21,0,9,1,19,,298577,21,0,9,2,55,,298620,21,0,9,2,15,,298613,21,0,9,1,16,,298601,21,0,9,2,15,,298608,21,0,9,1,56,,298578,21,0,9,2,29,,298614,21,0,9,1,69,,298609,21,0,9,1,29,,298628,21,0,9,1,70,,298615,21,0,9,1,33,,298621,21,0,9,2,73,,298616,21,0,9,1,33,,298622,21,0,9,2,73,,298617,21,0,9,1,29,,298629,21,0,9,1,73,,298623,21,0,9,2,33,,298630,21,0,9,1,72,,298624,21,0,9,2,32,,298631,21,0,9,1,72,,298625,21,0,9,2
4404,'H54S200F-80-F2',502,,298647,21,0,9,2,33,,298681,21,0,9,1,73,,298648,21,0,9,2,33,,298682,21,0,9,1,72,,298634,21,0,9,1,26,,298649,21,0,9,2,66,,298657,21,0,9,1,20,,298635,21,0,9,1,21,,298644,21,0,9,1,60,,298650,21,0,9,2,21,,298658,21,0,9,1,21,,298645,21,0,9,1,61,,298636,21,0,9,1,18,,298651,21,0,9,2,20,,298659,21,0,9,1,59,,298646,21,0,9,1,19,,298637,21,0,9,1,19,,298640,21,0,9,1,59,,298652,21,0,9,2,20,,298660,21,0,9,1,20,,298638,21,0,9,1,16,,298665,21,0,9,1,54,,298641,21,0,9,1,14,,298653,21,0,9,2,15,,298661,21,0,9,1,14,,298673,21,0,9,2,55,,298639,21,0,9,1,15,,298666,21,0,9,1,14,,298654,21,0,9,2,14,,298642,21,0,9,1,56,,298662,21,0,9,1,20,,298674,21,0,9,2,20,,298667,21,0,9,1,58,,298655,21,0,9,2,19,,298643,21,0,9,1,19,,298632,21,0,9,2,55,,298675,21,0,9,2,15,,298668,21,0,9,1,16,,298656,21,0,9,2,15,,298663,21,0,9,1,56,,298633,21,0,9,2,29,,298669,21,0,9,1,69,,298664,21,0,9,1,29,,298683,21,0,9,1,70,,298670,21,0,9,1,33,,298676,21,0,9,2,73,,298671,21,0,9,1,33,,298677,21,0,9,2,73,,298672,21,0,9,1,29,,298684,21,0,9,1,73,,298678,21,0,9,2,33,,298685,21,0,9,1,72,,298679,21,0,9,2,32,,298686,21,0,9,1,72,,298680,21,0,9,2
4404,'H58S000S-83-S',704,,298687,21,0,9,2,127,,298688,21,0,9,2
37202,'H54S000A-80-A',2555,,347183,30,0,10,1,90,,347182,30,0,10,1,85,,347184,30,0,10,1,84,,347185,30,0,10,1,90,,347181,30,0,10,2
37202,'H54S000I-80-I',2600,,347189,30,0,10,1,45,,347188,30,0,10,2,87,,347187,30,0,10,1,88,,347186,30,0,10,1,90,,347190,30,0,10,1
37202,'H54S000S-80-S',2536,,347194,30,0,10,2,80,,347193,30,0,10,2,39,,347191,30,0,10,1,83,,347196,30,0,10,2,82,,347192,30,0,10,1,88,,347195,30,0,10,2
37202,'H54S100F-80-F1',2600,,347200,30,0,10,1,45,,347199,30,0,10,2,87,,347198,30,0,10,1,88,,347197,30,0,10,1,90,,347201,30,0,10,1
37202,'H54S200F-80-F2',2600,,347205,30,0,10,1,45,,347204,30,0,10,2,87,,347203,30,0,10,1,88,,347202,30,0,10,1,90,,347206,30,0,10,1
