4001,'H54S000S-80-S',630,,297541,39,0,5,2,73,,297533,39,0,5,1,37,,297521,39,0,5,2,78,,297522,39,0,53 111,1,39,,297534,39,0,5,1,80,,297520,39,0,5,2,81,,297523,39,0,5,1,38,,297535,39,0,5,1,81,,297528,39,0,5,1,82,,297524,39,0,5,1,82,,297536,39,0,5,1,40,,297529,39,0,5,1,80,,297525,39,0,5,1,82,,297537,39,0,5,1,41,,297530,39,0,5,1,80,,297526,39,0,5,1,25,,297538,39,0,5,1,64,,297539,39,0,5,2,35,,297531,39,0,5,2,72,,297527,39,0,5,1,35,,297540,39,0,5,2,74,,297532,39,0,5,2
8601,'H54S000A-80-A',643,,310975,78,0,5,2,73,,310956,78,0,5,1,33,,310964,78,0,5,2,74,,310970,78,0,5,2,32,,310982,78,0,5,1,74,,310976,78,0,5,2,73,,310957,78,0,5,1,34,,310965,78,0,5,2,72,,310971,78,0,5,2,32,,310983,78,0,5,1,73,,310977,78,0,5,2,33,,310958,78,0,5,1,73,,310966,78,0,5,2,33,,310972,78,0,5,2,73,,310984,78,0,5,1,32,,310978,78,0,5,2,73,,310959,78,0,5,1,73,,310967,78,0,5,2,31,,310973,78,0,5,2,73,,310985,78,0,5,1,32,,310979,78,0,5,2,73,,310960,78,0,5,1,31,,310968,78,0,5,2,71,,310974,78,0,5,2,33,,310986,78,0,5,1,72,,310980,78,0,5,2,33,,310961,78,0,5,1,73,,310969,78,0,5,2,33,,310989,78,0,5,2,71,,310987,78,0,5,1,72,,310981,78,0,5,2,32,,310962,78,0,5,1,71,,310954,78,0,5,1,32,,310990,78,0,5,2,71,,310988,78,0,5,1,33,,310963,78,0,5,1,72,,310955,78,0,5,1,31,,310991,78,0,5,2
8601,'H54S000I-80-I',643,,311015,78,0,5,2,72,,310996,78,0,5,1,33,,311002,78,0,5,2,70,,311010,78,0,5,1,31,,311022,78,0,5,1,73,,311016,78,0,5,2,32,,310997,78,0,5,1,74,,311003,78,0,5,2,73,,311011,78,0,5,1,33,,311023,78,0,5,1,73,,311017,78,0,5,2,32,,310998,78,0,5,1,72,,311004,78,0,5,2,32,,311012,78,0,5,1,72,,311024,78,0,5,1,32,,311018,78,0,5,2,72,,310999,78,0,5,1,33,,311005,78,0,5,2,72,,311013,78,0,5,1,31,,311025,78,0,5,1,73,,311019,78,0,5,2,73,,311000,78,0,5,1,32,,311006,78,0,5,2,73,,311014,78,0,5,1,33,,311026,78,0,5,1,70,,311020,78,0,5,2,32,,311001,78,0,5,1,71,,311007,78,0,5,2,31,,310994,78,0,5,1,70,,310995,78,0,5,2,30,,311021,78,0,5,2,68,,311028,78,0,5,1,30,,311008,78,0,5,2,71,,311029,78,0,5,1,32,,310992,78,0,5,1,72,,311030,78,0,5,2,30,,311009,78,0,5,2,70,,311027,78,0,5,1,30,,310993,78,0,5,1
8601,'H54S000S-80-S',639,,311044,78,0,5,1,67,,311031,78,0,5,2,30,,311037,78,0,5,2,74,,311038,78,0,5,2,35,,311062,78,0,5,1,69,,311045,78,0,5,1,29,,311032,78,0,5,2,71,,311065,78,0,5,1,31,,311039,78,0,5,2,70,,311063,78,0,5,1,29,,311052,78,0,5,2,66,,311046,78,0,5,1,25,,311033,78,0,5,2,70,,311066,78,0,5,1,30,,311040,78,0,5,2,69,,311064,78,0,5,1,31,,311053,78,0,5,2,71,,311047,78,0,5,1,30,,311034,78,0,5,2,71,,311067,78,0,5,1,31,,311041,78,0,5,2,72,,311058,78,0,5,1,32,,311054,78,0,5,2,73,,311048,78,0,5,1,27,,311035,78,0,5,2,71,,311042,78,0,5,2,31,,311059,78,0,5,1,68,,311055,78,0,5,2,29,,311049,78,0,5,1,69,,311036,78,0,5,2,29,,311043,78,0,5,2,69,,311060,78,0,5,1,29,,311056,78,0,5,2,68,,311050,78,0,5,1,25,,311070,78,0,5,1,28,,311068,78,0,5,2,70,,311061,78,0,5,1,30,,311057,78,0,5,2,71,,311051,78,0,5,1,71,,311071,78,0,5,1,31,,311069,78,0,5,2
8601,'H54S100F-80-F1',643,,311095,78,0,5,2,72,,311076,78,0,5,1,33,,311082,78,0,5,2,70,,311090,78,0,5,1,31,,311102,78,0,5,1,73,,311096,78,0,5,2,32,,311077,78,0,5,1,74,,311083,78,0,5,2,73,,311091,78,0,5,1,33,,311103,78,0,5,1,73,,311097,78,0,5,2,32,,311078,78,0,5,1,72,,311084,78,0,5,2,32,,311092,78,0,5,1,72,,311104,78,0,5,1,32,,311098,78,0,5,2,72,,311079,78,0,5,1,33,,311085,78,0,5,2,72,,311093,78,0,5,1,31,,311105,78,0,5,1,73,,311099,78,0,5,2,73,,311080,78,0,5,1,32,,311086,78,0,5,2,73,,311094,78,0,5,1,33,,311106,78,0,5,1,70,,311100,78,0,5,2,32,,311081,78,0,5,1,71,,311087,78,0,5,2,31,,311074,78,0,5,1,70,,311075,78,0,5,2,30,,311101,78,0,5,2,68,,311108,78,0,5,1,30,,311088,78,0,5,2,71,,311109,78,0,5,1,32,,311072,78,0,5,1,72,,311110,78,0,5,2,30,,311089,78,0,5,2,70,,311107,78,0,5,1,30,,311073,78,0,5,1
8601,'H54S200F-80-F2',643,,311134,78,0,5,2,72,,311115,78,0,5,1,33,,311121,78,0,5,2,70,,311129,78,0,5,1,31,,311141,78,0,5,1,73,,311135,78,0,5,2,32,,311116,78,0,5,1,74,,311122,78,0,5,2,73,,311130,78,0,5,1,33,,311142,78,0,5,1,73,,311136,78,0,5,2,32,,311117,78,0,5,1,72,,311123,78,0,5,2,32,,311131,78,0,5,1,72,,311143,78,0,5,1,32,,311137,78,0,5,2,72,,311118,78,0,5,1,33,,311124,78,0,5,2,72,,311132,78,0,5,1,31,,311144,78,0,5,1,73,,311138,78,0,5,2,73,,311119,78,0,5,1,32,,311125,78,0,5,2,73,,311133,78,0,5,1,33,,311145,78,0,5,1,70,,311139,78,0,5,2,32,,311120,78,0,5,1,71,,311126,78,0,5,2,31,,311113,78,0,5,1,70,,311114,78,0,5,2,30,,311140,78,0,5,2,68,,311147,78,0,5,1,30,,311127,78,0,5,2,71,,311148,78,0,5,1,32,,311111,78,0,5,1,72,,311149,78,0,5,2,30,,311128,78,0,5,2,70,,311146,78,0,5,1,30,,311112,78,0,5,1
18702,'H54S000A-80-A',447,,335997,5,0,10,1,71,,335982,5,0,10,1,31,,335988,5,0,10,1,70,,335998,5,0,10,1,30,,335983,5,0,10,2,68,,335989,5,0,10,1,25,,335999,5,0,10,1,59,,335984,5,0,10,2,17,,336005,5,0,10,1,17,,335990,5,0,10,1,17,,336021,5,0,10,1,60,,336000,5,0,10,1,22,,336006,5,0,10,1,20,,335991,5,0,10,2,60,,336022,5,0,10,1,19,,336007,5,0,10,1,18,,336001,5,0,10,1,61,,335992,5,0,10,2,21,,336008,5,0,10,1,21,,336013,5,0,10,1,62,,336002,5,0,10,1,23,,335993,5,0,10,2,61,,336018,5,0,10,2,19,,336009,5,0,10,1,19,,336003,5,0,10,1,18,,335976,5,0,10,2,59,,335994,5,0,10,2,19,,336019,5,0,10,2,18,,336023,5,0,10,1,58,,336004,5,0,10,1,23,,335977,5,0,10,2,26,,336020,5,0,10,2,66,,336024,5,0,10,1,29,,335978,5,0,10,2,72,,335979,5,0,10,1,30,,335980,5,0,10,2,70,,336025,5,0,10,1,32,,335985,5,0,10,1,72,,335981,5,0,10,2,73,,336014,5,0,10,1,33,,335986,5,0,10,1,72,,336010,5,0,10,1,30,,336015,5,0,10,1,70,,335987,5,0,10,1,30,,336011,5,0,10,1,70,,336016,5,0,10,1,31,,335995,5,0,10,1,71,,336012,5,0,10,1,31,,336017,5,0,10,1,71,,335996,5,0,10,1
18702,'H54S000I-80-I',445,,336029,5,0,10,2,73,,336033,5,0,10,1,33,,336030,5,0,10,2,71,,336034,5,0,10,1,30,,336035,5,0,10,1,73,,336031,5,0,10,2,25,,336067,5,0,10,1,61,,336036,5,0,10,1,22,,336032,5,0,10,2,23,,336065,5,0,10,2,65,,336068,5,0,10,1,23,,336037,5,0,10,1,65,,336066,5,0,10,2,18,,336027,5,0,10,1,18,,336069,5,0,10,1,68,,336038,5,0,10,1,29,,336028,5,0,10,1,70,,336070,5,0,10,1,18,,336026,5,0,10,2,17,,336047,5,0,10,2,57,,336051,5,0,10,2,17,,336060,5,0,10,1,24,,336039,5,0,10,1,67,,336048,5,0,10,2,29,,336052,5,0,10,2,72,,336040,5,0,10,1,33,,336049,5,0,10,2,73,,336053,5,0,10,2,33,,336041,5,0,10,1,72,,336050,5,0,10,2,33,,336054,5,0,10,2,73,,336042,5,0,10,1,73,,336061,5,0,10,1,29,,336055,5,0,10,2,68,,336043,5,0,10,1,27,,336062,5,0,10,1,27,,336056,5,0,10,2,67,,336044,5,0,10,1,27,,336063,5,0,10,1,67,,336057,5,0,10,2,27,,336045,5,0,10,1,73,,336064,5,0,10,1,32,,336058,5,0,10,2,73,,336046,5,0,10,1,33,,336059,5,0,10,2
18702,'H54S000S-80-S',445,,336072,5,0,10,1,55,,336093,5,0,10,1,16,,336083,5,0,10,1,14,,336084,5,0,10,2,10,,336141,5,0,10,2,9,,336106,5,0,10,2,10,,336071,5,0,10,1,51,,336101,5,0,10,1,10,,336103,5,0,10,2,9,,336094,5,0,10,1,5,,336085,5,0,10,1,5,,336105,5,0,10,2,5,,336108,5,0,10,2,9,,336090,5,0,10,2,5,,336110,5,0,10,2,45,,336142,5,0,10,2,8,,336112,5,0,10,2,5,,336119,5,0,10,2,9,,336121,5,0,10,2,6,,336104,5,0,10,2,10,,336086,5,0,10,1,7,,336102,5,0,10,1,53,,336111,5,0,10,2,10,,336095,5,0,10,1,10,,336120,5,0,10,2,10,,336123,5,0,10,2,9,,336113,5,0,10,2,10,,336143,5,0,10,2,51,,336075,5,0,10,1,24,,336087,5,0,10,1,12,,336096,5,0,10,1,15,,336144,5,0,10,2,55,,336114,5,0,10,2,15,,336088,5,0,10,1,16,,336091,5,0,10,2,15,,336145,5,0,10,2,55,,336097,5,0,10,1,15,,336089,5,0,10,1,15,,336115,5,0,10,2,16,,336126,5,0,10,1,58,,336092,5,0,10,2,18,,336098,5,0,10,1,16,,336128,5,0,10,1,56,,336124,5,0,10,2,16,,336116,5,0,10,2,17,,336127,5,0,10,1,17,,336099,5,0,10,1,59,,336129,5,0,10,1,23,,336125,5,0,10,2,24,,336117,5,0,10,2,67,,336100,5,0,10,1,28,,336133,5,0,10,2,68,,336137,5,0,10,2,28,,336136,5,0,10,2,68,,336074,5,0,10,1,29,,336130,5,0,10,1,70,,336138,5,0,10,2,29,,336134,5,0,10,2,69,,336131,5,0,10,1,30,,336139,5,0,10,2,70,,336135,5,0,10,2,31,,336132,5,0,10,1,70,,336140,5,0,10,2,31,,336082,5,0,10,1,70,,336078,5,0,10,1,31,,336080,5,0,10,1,72,,336076,5,0,10,2,30,,336079,5,0,10,1,71,,336081,5,0,10,1,31,,336077,5,0,10,2
18702,'H54S100F-80-F1',445,,336150,5,0,10,2,73,,336154,5,0,10,1,33,,336151,5,0,10,2,71,,336155,5,0,10,1,30,,336156,5,0,10,1,73,,336152,5,0,10,2,25,,336188,5,0,10,1,61,,336157,5,0,10,1,22,,336153,5,0,10,2,23,,336186,5,0,10,2,65,,336189,5,0,10,1,23,,336158,5,0,10,1,65,,336187,5,0,10,2,18,,336148,5,0,10,1,18,,336190,5,0,10,1,68,,336159,5,0,10,1,29,,336149,5,0,10,1,70,,336191,5,0,10,1,18,,336147,5,0,10,2,17,,336168,5,0,10,2,57,,336172,5,0,10,2,17,,336181,5,0,10,1,24,,336160,5,0,10,1,67,,336169,5,0,10,2,29,,336173,5,0,10,2,72,,336161,5,0,10,1,33,,336170,5,0,10,2,73,,336174,5,0,10,2,33,,336162,5,0,10,1,72,,336171,5,0,10,2,33,,336175,5,0,10,2,73,,336163,5,0,10,1,73,,336182,5,0,10,1,29,,336176,5,0,10,2,68,,336164,5,0,10,1,27,,336183,5,0,10,1,27,,336177,5,0,10,2,67,,336165,5,0,10,1,27,,336184,5,0,10,1,67,,336178,5,0,10,2,27,,336166,5,0,10,1,73,,336185,5,0,10,1,32,,336179,5,0,10,2,73,,336167,5,0,10,1,33,,336180,5,0,10,2
18702,'H54S200F-80-F2',445,,336195,5,0,10,2,73,,336199,5,0,10,1,33,,336196,5,0,10,2,71,,336200,5,0,10,1,30,,336201,5,0,10,1,73,,336197,5,0,10,2,25,,336233,5,0,10,1,61,,336202,5,0,10,1,22,,336198,5,0,10,2,23,,336231,5,0,10,2,65,,336234,5,0,10,1,23,,336203,5,0,10,1,65,,336232,5,0,10,2,18,,336193,5,0,10,1,18,,336235,5,0,10,1,68,,336204,5,0,10,1,29,,336194,5,0,10,1,70,,336236,5,0,10,1,18,,336192,5,0,10,2,17,,336213,5,0,10,2,57,,336217,5,0,10,2,17,,336226,5,0,10,1,24,,336205,5,0,10,1,67,,336214,5,0,10,2,29,,336218,5,0,10,2,72,,336206,5,0,10,1,33,,336215,5,0,10,2,73,,336219,5,0,10,2,33,,336207,5,0,10,1,72,,336216,5,0,10,2,33,,336220,5,0,10,2,73,,336208,5,0,10,1,73,,336227,5,0,10,1,29,,336221,5,0,10,2,68,,336209,5,0,10,1,27,,336228,5,0,10,1,27,,336222,5,0,10,2,67,,336210,5,0,10,1,27,,336229,5,0,10,1,67,,336223,5,0,10,2,27,,336211,5,0,10,1,73,,336230,5,0,10,1,32,,336224,5,0,10,2,73,,336212,5,0,10,1,33,,336225,5,0,10,2
18702,'H59S000S-80-S',913,,336237,5,0,10,1
