3501,'H56S000A-80-A',620,,295964,24,0,5,1,30,,295945,24,0,5,1,70,,295966,24,0,5,1,31,,295963,24,0,5,1,72,,295965,24,0,5,1,31,,295946,24,0,5,1,72,,295953,24,0,5,2,29,,295938,24,0,5,1,71,,295960,24,0,5,2,28,,295947,24,0,5,1,69,,295954,24,0,5,2,31,,295939,24,0,5,1,70,,295961,24,0,5,2,30,,295948,24,0,5,1,70,,295955,24,0,5,2,30,,295940,24,0,5,1,71,,295962,24,0,5,2,32,,295949,24,0,5,1,72,,295956,24,0,5,2,71,,295941,24,0,5,1,30,,295968,24,0,5,2,71,,295950,24,0,5,1,31,,295957,24,0,5,2,70,,295942,24,0,5,1,30,,295969,24,0,5,2,70,,295951,24,0,5,1,30,,295958,24,0,5,2,68,,295943,24,0,5,1,28,,295970,24,0,5,2,28,,295952,24,0,5,1,68,,295959,24,0,5,2,30,,295944,24,0,5,1,69,,295971,24,0,5,2,29,,295967,24,0,5,1
3501,'H56S000I-80-I',619,,295997,24,0,5,1,33,,295984,24,0,5,2,69,,296005,24,0,5,1,30,,295972,24,0,5,1,69,,295998,24,0,5,1,29,,296001,24,0,5,1,73,,295985,24,0,5,2,32,,295992,24,0,5,1,71,,295973,24,0,5,1,28,,296002,24,0,5,1,70,,295986,24,0,5,2,31,,295993,24,0,5,1,70,,295974,24,0,5,1,32,,295978,24,0,5,1,69,,295987,24,0,5,2,29,,295994,24,0,5,1,70,,295975,24,0,5,1,30,,295979,24,0,5,1,68,,295988,24,0,5,2,30,,295995,24,0,5,1,69,,295976,24,0,5,1,31,,295980,24,0,5,1,72,,295989,24,0,5,2,31,,295996,24,0,5,1,70,,295977,24,0,5,1,30,,295981,24,0,5,1,71,,295990,24,0,5,2,30,,296003,24,0,5,1,68,,295999,24,0,5,1,28,,295982,24,0,5,1,69,,295991,24,0,5,2,29,,296004,24,0,5,1,70,,296000,24,0,5,1,30,,295983,24,0,5,1
3501,'H56S000S-82-S',635,,296042,24,0,5,1,22,,296040,24,0,5,1,68,,296006,24,0,5,2,19,,296023,24,0,5,1,60,,296007,24,0,5,2,20,,296037,24,0,5,2,22,,296043,24,0,5,1,61,,296041,24,0,5,1,23,,296030,24,0,5,2,25,,296020,24,0,5,1,68,,296008,24,0,5,1,29,,296014,24,0,5,2,68,,296024,24,0,5,1,30,,296031,24,0,5,2,69,,296021,24,0,5,1,29,,296009,24,0,5,1,70,,296015,24,0,5,2,29,,296025,24,0,5,1,70,,296032,24,0,5,2,27,,296022,24,0,5,1,70,,296010,24,0,5,1,27,,296016,24,0,5,2,65,,296026,24,0,5,1,27,,296033,24,0,5,2,67,,296038,24,0,5,2,30,,296011,24,0,5,1,72,,296017,24,0,5,2,26,,296027,24,0,5,1,27,,296034,24,0,5,2,65,,296039,24,0,5,2,23,,296012,24,0,5,1,67,,296018,24,0,5,2,29,,296028,24,0,5,1,68,,296035,24,0,5,2,31,,296013,24,0,5,1,71,,296019,24,0,5,2,30,,296029,24,0,5,1,70,,296036,24,0,5,2
3501,'H56S100F-80-F1',619,,296069,24,0,5,1,33,,296056,24,0,5,2,69,,296077,24,0,5,1,30,,296044,24,0,5,1,69,,296070,24,0,5,1,29,,296073,24,0,5,1,73,,296057,24,0,5,2,32,,296064,24,0,5,1,71,,296045,24,0,5,1,28,,296074,24,0,5,1,70,,296058,24,0,5,2,31,,296065,24,0,5,1,70,,296046,24,0,5,1,32,,296050,24,0,5,1,69,,296059,24,0,5,2,29,,296066,24,0,5,1,70,,296047,24,0,5,1,30,,296051,24,0,5,1,68,,296060,24,0,5,2,30,,296067,24,0,5,1,69,,296048,24,0,5,1,31,,296052,24,0,5,1,72,,296061,24,0,5,2,31,,296068,24,0,5,1,70,,296049,24,0,5,1,30,,296053,24,0,5,1,71,,296062,24,0,5,2,30,,296075,24,0,5,1,68,,296071,24,0,5,1,28,,296054,24,0,5,1,69,,296063,24,0,5,2,29,,296076,24,0,5,1,70,,296072,24,0,5,1,30,,296055,24,0,5,1
3501,'H56S200F-80-F2',619,,296103,24,0,5,1,33,,296090,24,0,5,2,69,,296111,24,0,5,1,30,,296078,24,0,5,1,69,,296104,24,0,5,1,29,,296107,24,0,5,1,73,,296091,24,0,5,2,32,,296098,24,0,5,1,71,,296079,24,0,5,1,28,,296108,24,0,5,1,70,,296092,24,0,5,2,31,,296099,24,0,5,1,70,,296080,24,0,5,1,32,,296084,24,0,5,1,69,,296093,24,0,5,2,29,,296100,24,0,5,1,70,,296081,24,0,5,1,30,,296085,24,0,5,1,68,,296094,24,0,5,2,30,,296101,24,0,5,1,69,,296082,24,0,5,1,31,,296086,24,0,5,1,72,,296095,24,0,5,2,31,,296102,24,0,5,1,70,,296083,24,0,5,1,30,,296087,24,0,5,1,71,,296096,24,0,5,2,30,,296109,24,0,5,1,68,,296105,24,0,5,1,28,,296088,24,0,5,1,69,,296097,24,0,5,2,29,,296110,24,0,5,1,70,,296106,24,0,5,1,30,,296089,24,0,5,1
3601,'H56S000A-80-A',545,,296312,24,0,5,1,70,,296300,24,0,5,1,32,,296316,24,0,5,1,70,,296313,24,0,5,1,30,,296301,24,0,5,1,70,,296317,24,0,5,1,33,,296314,24,0,5,1,73,,296302,24,0,5,1,33,,296318,24,0,5,1,72,,296315,24,0,5,1,73,,296303,24,0,5,1,32,,296311,24,0,5,1,73,,296321,24,0,5,1,32,,296287,24,0,5,1,74,,296293,24,0,5,1,32,,296284,24,0,5,1,72,,296304,24,0,5,1,32,,296288,24,0,5,1,72,,296294,24,0,5,1,31,,296285,24,0,5,1,71,,296305,24,0,5,1,31,,296289,24,0,5,1,71,,296295,24,0,5,1,31,,296286,24,0,5,1,69,,296306,24,0,5,1,30,,296290,24,0,5,1,71,,296296,24,0,5,1,33,,296307,24,0,5,1,71,,296291,24,0,5,1,71,,296297,24,0,5,1,30,,296308,24,0,5,1,29,,296292,24,0,5,1,69,,296298,24,0,5,1,31,,296309,24,0,5,1,71,,296319,24,0,5,1,29,,296299,24,0,5,1,71,,296310,24,0,5,1,72,,296320,24,0,5,1
3601,'H56S000I-80-I',544,,296322,24,0,5,1,70,,296328,24,0,5,1,30,,296335,24,0,5,1,70,,296323,24,0,5,1,30,,296329,24,0,5,1,73,,296336,24,0,5,1,34,,296324,24,0,5,1,69,,296330,24,0,5,1,32,,296337,24,0,5,1,71,,296325,24,0,5,1,34,,296331,24,0,5,1,73,,296338,24,0,5,1,73,,296326,24,0,5,1,33,,296332,24,0,5,1,74,,296339,24,0,5,1,34,,296327,24,0,5,1,74,,296333,24,0,5,1,33,,296340,24,0,5,1,73,,296351,24,0,5,1,32,,296342,24,0,5,1,72,,296334,24,0,5,1,73,,296341,24,0,5,1,31,,296352,24,0,5,1,72,,296343,24,0,5,1,31,,296348,24,0,5,1,70,,296356,24,0,5,1,29,,296353,24,0,5,1,67,,296344,24,0,5,1,30,,296349,24,0,5,1,70,,296357,24,0,5,1,31,,296345,24,0,5,1,71,,296350,24,0,5,1,31,,296358,24,0,5,1,70,,296346,24,0,5,1,30,,296354,24,0,5,1,71,,296359,24,0,5,1,29,,296347,24,0,5,1,69,,296355,24,0,5,1
3601,'H56S000S-82-S',547,,296360,24,0,5,1,70,,296363,24,0,5,1,24,,296375,24,0,5,1,60,,296392,24,0,5,1,19,,296383,24,0,5,1,18,,296361,24,0,5,1,16,,296387,24,0,5,1,57,,296364,24,0,5,1,18,,296376,24,0,5,1,16,,296411,24,0,5,1,55,,296393,24,0,5,1,15,,296384,24,0,5,1,18,,296362,24,0,5,1,16,,296402,24,0,5,1,58,,296365,24,0,5,1,21,,296377,24,0,5,1,22,,296394,24,0,5,1,63,,296385,24,0,5,1,24,,296403,24,0,5,1,65,,296366,24,0,5,1,25,,296378,24,0,5,1,25,,296395,24,0,5,1,59,,296386,24,0,5,1,20,,296404,24,0,5,1,21,,296367,24,0,5,1,62,,296379,24,0,5,1,21,,296372,24,0,5,1,22,,296396,24,0,5,1,61,,296405,24,0,5,1,21,,296368,24,0,5,1,62,,296380,24,0,5,1,21,,296373,24,0,5,1,18,,296388,24,0,5,1,18,,296397,24,0,5,1,60,,296406,24,0,5,1,20,,296369,24,0,5,1,20,,296381,24,0,5,1,60,,296374,24,0,5,1,16,,296389,24,0,5,1,19,,296398,24,0,5,1,61,,296407,24,0,5,1,21,,296370,24,0,5,1,19,,296382,24,0,5,1,62,,296390,24,0,5,1,21,,296399,24,0,5,1,67,,296408,24,0,5,1,29,,296371,24,0,5,1,69,,296391,24,0,5,1,30,,296400,24,0,5,1,69,,296409,24,0,5,1,27,,296412,24,0,5,1,30,,296401,24,0,5,1,70,,296410,24,0,5,1
3601,'H56S100F-80-F1',544,,296413,24,0,5,1,70,,296419,24,0,5,1,30,,296426,24,0,5,1,70,,296414,24,0,5,1,30,,296420,24,0,5,1,73,,296427,24,0,5,1,34,,296415,24,0,5,1,69,,296421,24,0,5,1,32,,296428,24,0,5,1,71,,296416,24,0,5,1,34,,296422,24,0,5,1,73,,296429,24,0,5,1,73,,296417,24,0,5,1,33,,296423,24,0,5,1,74,,296430,24,0,5,1,34,,296418,24,0,5,1,74,,296424,24,0,5,1,33,,296431,24,0,5,1,73,,296442,24,0,5,1,32,,296433,24,0,5,1,72,,296425,24,0,5,1,73,,296432,24,0,5,1,31,,296443,24,0,5,1,72,,296434,24,0,5,1,31,,296439,24,0,5,1,70,,296447,24,0,5,1,29,,296444,24,0,5,1,67,,296435,24,0,5,1,30,,296440,24,0,5,1,70,,296448,24,0,5,1,31,,296436,24,0,5,1,71,,296441,24,0,5,1,31,,296449,24,0,5,1,70,,296437,24,0,5,1,30,,296445,24,0,5,1,71,,296450,24,0,5,1,29,,296438,24,0,5,1,69,,296446,24,0,5,1
3601,'H56S200F-80-F2',544,,296451,24,0,5,1,70,,296457,24,0,5,1,30,,296464,24,0,5,1,70,,296452,24,0,5,1,30,,296458,24,0,5,1,73,,296465,24,0,5,1,34,,296453,24,0,5,1,69,,296459,24,0,5,1,32,,296466,24,0,5,1,71,,296454,24,0,5,1,34,,296460,24,0,5,1,73,,296467,24,0,5,1,73,,296455,24,0,5,1,33,,296461,24,0,5,1,74,,296468,24,0,5,1,34,,296456,24,0,5,1,74,,296462,24,0,5,1,33,,296469,24,0,5,1,73,,296480,24,0,5,1,32,,296471,24,0,5,1,72,,296463,24,0,5,1,73,,296470,24,0,5,1,31,,296481,24,0,5,1,72,,296472,24,0,5,1,31,,296477,24,0,5,1,70,,296485,24,0,5,1,29,,296482,24,0,5,1,67,,296473,24,0,5,1,30,,296478,24,0,5,1,70,,296486,24,0,5,1,31,,296474,24,0,5,1,71,,296479,24,0,5,1,31,,296487,24,0,5,1,70,,296475,24,0,5,1,30,,296483,24,0,5,1,71,,296488,24,0,5,1,29,,296476,24,0,5,1,69,,296484,24,0,5,1
