6802,'H60S000A-80-A',505,,306984,26,0,10,1,29,,306985,26,0,10,1,69,,307010,26,0,10,2,30,,306998,26,0,10,2,70,,306986,26,0,10,1,30,,307011,26,0,10,2,70,,306999,26,0,10,2,32,,306987,26,0,10,1,70,,307012,26,0,10,2,32,,307000,26,0,10,2,71,,306988,26,0,10,1,32,,307013,26,0,10,2,73,,307001,26,0,10,2,33,,306989,26,0,10,1,70,,307014,26,0,10,2,33,,307002,26,0,10,2,71,,306990,26,0,10,1,29,,307015,26,0,10,2,72,,307003,26,0,10,2,31,,306991,26,0,10,1,69,,307016,26,0,10,2,32,,307004,26,0,10,2,71,,306992,26,0,10,1,29,,307017,26,0,10,2,72,,307005,26,0,10,2,31,,306993,26,0,10,1,69,,307018,26,0,10,2,30,,307006,26,0,10,2,71,,306994,26,0,10,1,29,,307019,26,0,10,2,70,,307007,26,0,10,2,27,,306995,26,0,10,1,69,,307020,26,0,10,2,29,,307008,26,0,10,2,67,,306996,26,0,10,1,28,,307021,26,0,10,2,70,,307009,26,0,10,2,32,,306997,26,0,10,1,73,,307022,26,0,10,2,31,,307024,26,0,10,1,70,,307023,26,0,10,1,30,,307025,26,0,10,1
6802,'H60S000I-81-I',505,,307027,26,0,10,1,36,,307040,26,0,10,1,77,,307041,26,0,10,2,35,,307028,26,0,10,1,73,,307054,26,0,10,2,33,,307042,26,0,10,2,74,,307029,26,0,10,1,72,,307055,26,0,10,2,33,,307043,26,0,10,2,73,,307030,26,0,10,1,31,,307056,26,0,10,2,69,,307044,26,0,10,2,28,,307031,26,0,10,1,70,,307057,26,0,10,2,32,,307045,26,0,10,2,70,,307032,26,0,10,1,30,,307058,26,0,10,2,70,,307046,26,0,10,2,30,,307033,26,0,10,1,71,,307059,26,0,10,2,30,,307047,26,0,10,2,70,,307034,26,0,10,1,30,,307060,26,0,10,2,71,,307048,26,0,10,2,30,,307035,26,0,10,1,69,,307061,26,0,10,2,29,,307049,26,0,10,2,70,,307036,26,0,10,1,30,,307062,26,0,10,2,70,,307050,26,0,10,2,27,,307037,26,0,10,1,67,,307063,26,0,10,2,30,,307051,26,0,10,2,67,,307038,26,0,10,1,27,,307064,26,0,10,2,30,,307052,26,0,10,2,67,,307039,26,0,10,1,28,,307065,26,0,10,2,75,,307053,26,0,10,2,73,,307026,26,0,10,1,35,,307066,26,0,10,1
6802,'H60S000S-83-S',503,,307072,26,0,10,1,37,,307077,26,0,10,1,77,,307075,26,0,10,1,35,,307083,26,0,10,1,74,,307085,26,0,10,2,74,,307076,26,0,10,1,35,,307084,26,0,10,1,74,,307086,26,0,10,2,30,,307078,26,0,96 97,1,70,,307087,26,0,96 97,1,30,,307067,26,0,96 97,1,69,,307079,26,0,96 97,1,29,,307088,26,0,96 97,1,72,,307068,26,0,96 97,1,32,,307080,26,0,96 97,1,72,,307089,26,0,96 97,1,24,,307069,26,0,96 97,1,20,,307081,26,0,10,1,55,,307073,26,0,96 97,2,13,,307090,26,0,10,1,12,,307094,26,0,96 97,2,13,,307096,26,0,10,2,54,,307070,26,0,96 97,1,13,,307092,26,0,10,2,12,,307074,26,0,96 97,2,12,,307082,26,0,10,1,11,,307095,26,0,96 97,2,52,,307105,26,0,10,1,12,,307091,26,0,96 97,1,10,,307118,26,0,10,1,9,,307098,26,0,96 97,2,8,,307071,26,0,10,1,9,,307097,26,0,96 97,2,50,,307111,26,0,10,2,13,,307093,26,0,96 97,2,14,,307100,26,0,10,1,14,,307120,26,0,96 97,2,14,,307099,26,0,10,1,54,,307119,26,0,96 97,1,11,,307106,26,0,10,1,19,,307112,26,0,96 97,2,62,,307113,26,0,10,1,28,,307101,26,0,10,1,72,,307107,26,0,10,1,33,,307114,26,0,10,1,70,,307102,26,0,10,1,32,,307108,26,0,10,1,73,,307115,26,0,10,1,31,,307103,26,0,10,1,73,,307109,26,0,10,1,33,,307116,26,0,10,1,73,,307104,26,0,10,1,30,,307110,26,0,10,1,70,,307117,26,0,10,1
6802,'H60S100F-80-F1',505,,307121,26,0,10,1,36,,307135,26,0,10,1,77,,307136,26,0,10,2,35,,307122,26,0,10,1,73,,307149,26,0,10,1,33,,307137,26,0,10,2,74,,307123,26,0,10,1,72,,307150,26,0,10,1,33,,307138,26,0,10,2,73,,307124,26,0,10,1,31,,307151,26,0,10,1,69,,307139,26,0,10,2,28,,307125,26,0,10,1,70,,307152,26,0,10,1,32,,307140,26,0,10,2,70,,307126,26,0,10,1,30,,307153,26,0,10,1,70,,307141,26,0,10,2,30,,307127,26,0,10,1,71,,307154,26,0,10,1,30,,307142,26,0,10,2,70,,307128,26,0,10,1,30,,307155,26,0,10,1,71,,307143,26,0,10,2,30,,307129,26,0,10,1,69,,307156,26,0,10,1,29,,307144,26,0,10,2,70,,307130,26,0,10,1,30,,307157,26,0,10,1,70,,307145,26,0,10,2,27,,307131,26,0,10,1,67,,307158,26,0,10,1,30,,307146,26,0,10,2,67,,307132,26,0,10,1,27,,307159,26,0,10,1,30,,307147,26,0,10,2,67,,307133,26,0,10,1,28,,307160,26,0,10,1,75,,307148,26,0,10,2,73,,307134,26,0,10,2,35,,307161,26,0,10,1
6802,'H60S200F-80-F2',505,,307162,26,0,10,1,36,,307176,26,0,10,1,77,,307177,26,0,10,2,35,,307163,26,0,10,1,73,,307190,26,0,10,1,33,,307178,26,0,10,2,74,,307164,26,0,10,1,72,,307191,26,0,10,1,33,,307179,26,0,10,2,73,,307165,26,0,10,1,31,,307192,26,0,10,1,69,,307180,26,0,10,2,28,,307166,26,0,10,1,70,,307193,26,0,10,1,32,,307181,26,0,10,2,70,,307167,26,0,10,1,30,,307194,26,0,10,1,70,,307182,26,0,10,2,30,,307168,26,0,10,1,71,,307195,26,0,10,1,30,,307183,26,0,10,2,70,,307169,26,0,10,1,30,,307196,26,0,10,1,71,,307184,26,0,10,2,30,,307170,26,0,10,1,69,,307197,26,0,10,1,29,,307185,26,0,10,2,70,,307171,26,0,10,1,30,,307198,26,0,10,1,70,,307186,26,0,10,2,27,,307172,26,0,10,1,67,,307199,26,0,10,1,30,,307187,26,0,10,2,67,,307173,26,0,10,1,27,,307200,26,0,10,1,30,,307188,26,0,10,2,67,,307174,26,0,10,1,28,,307201,26,0,10,1,75,,307189,26,0,10,2,73,,307175,26,0,10,2,35,,307202,26,0,10,1
37602,'H60S000A-80-A',2705,,347234,40,0,10,1,45,,347232,40,0,10,1,85,,347235,40,0,10,1,85,,347233,40,0,10,1
37602,'H60S000I-81-I',2621,,347237,40,0,10,1,86,,347240,40,0,10,1,44,,347236,40,0,10,1,85,,347239,40,0,10,1,84,,347238,40,0,10,1
37602,'H60S000S-83-S',2621,,347242,40,0,10,1,85,,347245,40,0,10,1,46,,347241,40,0,10,2,84,,347244,40,0,10,1,85,,347243,40,0,10,1
37602,'H60S100F-80-F1',2621,,347249,40,0,10,1,86,,347247,40,0,10,1,44,,347248,40,0,10,1,85,,347246,40,0,10,1,84,,347250,40,0,10,1
37602,'H60S200F-80-F2',2621,,347254,40,0,10,1,86,,347252,40,0,10,1,44,,347253,40,0,10,1,85,,347251,40,0,10,1,84,,347255,40,0,10,1
46802,'H50S000S-82-S',1510,,349671,25,0,10,1
46802,'H60S000A-80-A',715,,349686,25,0,10,2,31,,349672,25,0,10,1,71,,349679,25,0,10,2,32,,349693,25,0,10,1,70,,349687,25,0,10,2,33,,349673,25,0,10,1,73,,349680,25,0,10,2,31,,349694,25,0,10,1,70,,349688,25,0,10,2,32,,349674,25,0,10,1,73,,349681,25,0,10,2,72,,349695,25,0,10,1,31,,349689,25,0,10,2,71,,349675,25,0,10,1,33,,349682,25,0,10,2,72,,349696,25,0,10,1,33,,349690,25,0,10,2,73,,349676,25,0,10,1,32,,349683,25,0,10,2,71,,349697,25,0,10,1,32,,349691,25,0,10,2,73,,349677,25,0,10,1,32,,349684,25,0,10,2,70,,349698,25,0,10,1,32,,349692,25,0,10,2,73,,349678,25,0,10,1,71,,349685,25,0,10,2,28,,349699,25,0,10,1
46802,'H60S000I-81-I',719,,349714,25,0,10,2,30,,349700,25,0,10,1,70,,349707,25,0,10,2,30,,349721,25,0,10,1,73,,349715,25,0,10,2,31,,349701,25,0,10,1,72,,349708,25,0,10,2,30,,349722,25,0,10,1,73,,349716,25,0,10,2,31,,349702,25,0,10,1,72,,349709,25,0,10,2,71,,349723,25,0,10,1,32,,349717,25,0,10,2,72,,349703,25,0,10,1,32,,349710,25,0,10,2,71,,349724,25,0,10,1,33,,349718,25,0,10,2,73,,349704,25,0,10,1,33,,349711,25,0,10,2,71,,349725,25,0,10,1,31,,349719,25,0,10,2,73,,349705,25,0,10,1,31,,349712,25,0,10,2,72,,349726,25,0,10,1,30,,349720,25,0,10,2,73,,349706,25,0,10,1,72,,349713,25,0,10,2,31,,349727,25,0,10,1
46802,'H60S000S-83-S',647,,349731,25,0,10,1,53,,349728,25,0,10,1,12,,349742,25,0,10,1,12,,349729,25,0,10,2,13,,349735,25,0,10,2,14,,349736,25,0,10,1,53,,349741,25,0,10,2,12,,349754,25,0,10,2,12,,349730,25,0,10,1,12,,349751,25,0,10,2,17,,349732,25,0,10,1,61,,349743,25,0,10,1,21,,349750,25,0,10,1,62,,349737,25,0,10,1,26,,349755,25,0,10,2,30,,349733,25,0,10,1,71,,349744,25,0,10,1,31,,349738,25,0,10,1,70,,349756,25,0,10,2,30,,349734,25,0,10,1,67,,349745,25,0,10,1,31,,349739,25,0,10,1,79,,349757,25,0,10,2,106,,349746,25,0,10,1,69,,349759,25,0,10,2,30,,349740,25,0,10,1,69,,349758,25,0,10,2,26,,349763,25,0,10,2,69,,349747,25,0,10,1,32,,349764,25,0,10,1,68,,349760,25,0,10,2,26,,349752,25,0,10,1,71,,349748,25,0,10,1,32,,349765,25,0,10,1,71,,349761,25,0,10,2,30,,349753,25,0,10,1,70,,349749,25,0,10,1,29,,349766,25,0,10,1,71,,349762,25,0,10,2
46802,'H60S100F-80-F1',719,,349781,25,0,10,1,30,,349767,25,0,10,2,70,,349774,25,0,10,1,30,,349788,25,0,10,2,73,,349782,25,0,10,1,31,,349768,25,0,10,2,72,,349775,25,0,10,1,30,,349789,25,0,10,2,73,,349783,25,0,10,1,31,,349769,25,0,10,2,72,,349776,25,0,10,1,71,,349790,25,0,10,2,32,,349784,25,0,10,1,72,,349770,25,0,10,2,32,,349777,25,0,10,1,71,,349791,25,0,10,2,33,,349785,25,0,10,1,73,,349771,25,0,10,2,33,,349778,25,0,10,1,71,,349792,25,0,10,2,31,,349786,25,0,10,1,73,,349772,25,0,10,2,31,,349779,25,0,10,1,72,,349793,25,0,10,2,30,,349787,25,0,10,1,73,,349773,25,0,10,2,72,,349780,25,0,10,1,31,,349794,25,0,10,2
46802,'H60S200F-80-F2',719,,349809,25,0,10,1,30,,349795,25,0,10,2,70,,349802,25,0,10,1,30,,349816,25,0,10,2,73,,349810,25,0,10,1,31,,349796,25,0,10,2,72,,349803,25,0,10,1,30,,349817,25,0,10,2,73,,349811,25,0,10,1,31,,349797,25,0,10,2,72,,349804,25,0,10,1,71,,349818,25,0,10,2,32,,349812,25,0,10,1,72,,349798,25,0,10,2,32,,349805,25,0,10,1,71,,349819,25,0,10,2,33,,349813,25,0,10,1,73,,349799,25,0,10,2,33,,349806,25,0,10,1,71,,349820,25,0,10,2,31,,349814,25,0,10,1,73,,349800,25,0,10,2,31,,349807,25,0,10,1,72,,349821,25,0,10,2,30,,349815,25,0,10,1,73,,349801,25,0,10,2,72,,349808,25,0,10,1,31,,349822,25,0,10,2
47002,'H50S000A-82-A',610,,350157,20,0,10,1,30,,350174,20,0,10,2,70,,350182,20,0,10,1,30,,350166,20,0,10,2,71,,350158,20,0,10,1,30,,350175,20,0,10,2,70,,350183,20,0,10,1,31,,350167,20,0,10,2,71,,350159,20,0,10,1,30,,350176,20,0,10,2,70,,350184,20,0,10,1,30,,350168,20,0,10,2,70,,350160,20,0,10,1,31,,350177,20,0,10,2,73,,350185,20,0,10,1,30,,350169,20,0,10,2,71,,350161,20,0,10,1,31,,350178,20,0,10,2,71,,350186,20,0,10,1,32,,350170,20,0,10,2,72,,350162,20,0,10,1,31,,350179,20,0,10,2,71,,350187,20,0,10,1,30,,350171,20,0,10,2,71,,350163,20,0,10,1,28,,350180,20,0,10,2,67,,350188,20,0,10,1,29,,350172,20,0,10,2,68,,350164,20,0,10,1,29,,350181,20,0,10,2,68,,350189,20,0,10,1,28,,350173,20,0,10,2,68,,350165,20,0,10,1
47002,'H50S000I-82-I',609,,350214,20,0,10,1,30,,350198,20,0,10,2,70,,350206,20,0,10,1,32,,350190,20,0,10,2,70,,350215,20,0,10,1,30,,350199,20,0,10,2,70,,350207,20,0,10,1,30,,350191,20,0,10,2,70,,350216,20,0,10,1,30,,350200,20,0,10,2,71,,350208,20,0,10,1,30,,350192,20,0,10,2,70,,350217,20,0,10,1,30,,350201,20,0,10,2,69,,350209,20,0,10,1,30,,350193,20,0,10,2,71,,350218,20,0,10,1,30,,350202,20,0,10,2,71,,350210,20,0,10,1,32,,350194,20,0,10,2,70,,350219,20,0,10,1,30,,350203,20,0,10,2,71,,350211,20,0,10,1,30,,350195,20,0,10,2,71,,350220,20,0,10,1,30,,350204,20,0,10,2,69,,350212,20,0,10,1,29,,350196,20,0,10,2,70,,350221,20,0,10,1,30,,350205,20,0,10,2,66,,350213,20,0,10,1,29,,350197,20,0,10,2,69,,350222,20,0,10,1
47002,'H50S000S-82-S',539,,350237,20,0,10,2,69,,350226,20,0,10,1,30,,350228,20,0,10,2,70,,350263,20,0,10,2,20,,350265,20,0,10,1,19,,350238,20,0,10,2,59,,350227,20,0,10,1,18,,350255,20,0,10,1,20,,350229,20,0,10,2,62,,350248,20,0,10,1,24,,350224,20,0,10,1,25,,350239,20,0,10,2,67,,350256,20,0,10,1,28,,350230,20,0,10,2,68,,350249,20,0,10,1,28,,350240,20,0,10,2,69,,350257,20,0,10,1,30,,350231,20,0,10,2,70,,350250,20,0,10,1,26,,350241,20,0,10,2,18,,350264,20,0,10,2,58,,350258,20,0,10,1,18,,350266,20,0,10,1,19,,350232,20,0,10,2,58,,350251,20,0,10,1,16,,350223,20,0,10,1,16,,350242,20,0,10,2,12,,350225,20,0,10,1,52,,350246,20,0,10,2,11,,350259,20,0,10,1,11,,350247,20,0,10,2,11,,350267,20,0,10,1,60,,350233,20,0,10,2,26,,350252,20,0,10,1,13,,350268,20,0,10,1,12,,350243,20,0,10,2,73,,350260,20,0,10,1,76,,350234,20,0,10,2,27,,350253,20,0,10,1,21,,350244,20,0,10,2,70,,350261,20,0,10,1,30,,350235,20,0,10,2,68,,350254,20,0,10,1,30,,350245,20,0,10,2,70,,350262,20,0,10,1,27,,350236,20,0,10,2
47002,'H50S100F-80-F1',609,,350293,20,0,10,1,30,,350277,20,0,10,2,70,,350285,20,0,10,1,32,,350269,20,0,10,2,70,,350294,20,0,10,1,30,,350278,20,0,10,2,70,,350286,20,0,10,1,30,,350270,20,0,10,2,70,,350295,20,0,10,1,30,,350279,20,0,10,2,71,,350287,20,0,10,1,30,,350271,20,0,10,2,70,,350296,20,0,10,1,30,,350280,20,0,10,2,69,,350288,20,0,10,1,30,,350272,20,0,10,2,71,,350297,20,0,10,1,30,,350281,20,0,10,2,71,,350289,20,0,10,1,32,,350273,20,0,10,2,70,,350298,20,0,10,1,30,,350282,20,0,10,2,71,,350290,20,0,10,1,30,,350274,20,0,10,2,71,,350299,20,0,10,1,30,,350283,20,0,10,2,69,,350291,20,0,10,1,29,,350275,20,0,10,2,70,,350300,20,0,10,1,30,,350284,20,0,10,2,66,,350292,20,0,10,1,29,,350276,20,0,10,2,69,,350301,20,0,10,1
47002,'H50S200F-80-F2',609,,350326,20,0,10,1,30,,350310,20,0,10,2,70,,350318,20,0,10,1,32,,350302,20,0,10,2,70,,350327,20,0,10,1,30,,350311,20,0,10,2,70,,350319,20,0,10,1,30,,350303,20,0,10,2,70,,350328,20,0,10,1,30,,350312,20,0,10,2,71,,350320,20,0,10,1,30,,350304,20,0,10,2,70,,350329,20,0,10,1,30,,350313,20,0,10,2,69,,350321,20,0,10,1,30,,350305,20,0,10,2,71,,350330,20,0,10,1,30,,350314,20,0,10,2,71,,350322,20,0,10,1,32,,350306,20,0,10,2,70,,350331,20,0,10,1,30,,350315,20,0,10,2,71,,350323,20,0,10,1,30,,350307,20,0,10,2,71,,350332,20,0,10,1,30,,350316,20,0,10,2,69,,350324,20,0,10,1,29,,350308,20,0,10,2,70,,350333,20,0,10,1,30,,350317,20,0,10,2,66,,350325,20,0,10,1,29,,350309,20,0,10,2,69,,350334,20,0,10,1
47002,'H60S000S-83-S',1651,,350339,20,0,10,2,63,,350335,20,0,10,2,89,,350340,20,0,10,2,11,,350337,20,0,10,1,22,,350336,20,0,10,1,11,,350338,20,0,10,2,69,,350341,20,0,10,2
