12502,'H59S000A-80-A',536,,322627,22,0,10,2,76,,322616,22,0,10,1,31,,322640,22,0,10,1,71,,322628,22,0,10,2,32,,322617,22,0,10,1,72,,322641,22,0,10,1,35,,322629,22,0,10,2,75,,322618,22,0,10,1,31,,322642,22,0,10,1,70,,322634,22,0,10,1,29,,322630,22,0,10,2,70,,322619,22,0,10,1,31,,322643,22,0,10,1,70,,322635,22,0,10,1,23,,322631,22,0,10,2,71,,322620,22,0,10,1,29,,322656,22,0,10,2,61,,322644,22,0,10,1,26,,322636,22,0,10,1,64,,322632,22,0,10,2,30,,322621,22,0,10,1,73,,322645,22,0,10,1,29,,322637,22,0,10,1,69,,322633,22,0,10,2,29,,322622,22,0,10,1,67,,322646,22,0,10,1,29,,322638,22,0,10,1,24,,322614,22,0,10,2,59,,322648,22,0,10,1,25,,322623,22,0,10,1,67,,322615,22,0,10,2,27,,322639,22,0,10,1,28,,322649,22,0,10,1,69,,322624,22,0,10,1,72,,322653,22,0,10,2,32,,322650,22,0,10,1,68,,322625,22,0,10,1,28,,322654,22,0,10,2,30,,322651,22,0,10,1,72,,322626,22,0,10,1,27,,322655,22,0,10,2,63,,322652,22,0,10,1,19,,322647,22,0,10,1
12502,'H59S000I-81-I',536,,322673,22,0,10,1,73,,322661,22,0,10,1,32,,322685,22,0,10,1,71,,322674,22,0,10,1,32,,322662,22,0,10,1,72,,322686,22,0,10,1,34,,322675,22,0,10,1,73,,322663,22,0,10,1,31,,322687,22,0,10,1,69,,322688,22,0,10,1,27,,322676,22,0,10,1,68,,322664,22,0,10,1,28,,322657,22,0,10,2,68,,322689,22,0,10,1,29,,322677,22,0,10,1,68,,322665,22,0,10,1,32,,322658,22,0,10,2,62,,322691,22,0,10,1,25,,322690,22,0,10,1,25,,322678,22,0,10,1,66,,322666,22,0,10,1,28,,322659,22,0,10,2,69,,322692,22,0,10,1,31,,322679,22,0,10,1,71,,322667,22,0,10,1,28,,322660,22,0,10,2,67,,322693,22,0,10,1,31,,322680,22,0,10,1,73,,322668,22,0,10,1,32,,322694,22,0,10,1,70,,322681,22,0,10,1,30,,322669,22,0,10,1,70,,322695,22,0,10,1,30,,322682,22,0,10,1,69,,322670,22,0,10,1,29,,322696,22,0,10,1,70,,322683,22,0,10,1,29,,322671,22,0,10,1,68,,322697,22,0,10,1,30,,322684,22,0,10,1,70,,322672,22,0,10,1
12502,'H59S000S-80-S',539,,322699,22,0,10,1,69,,322706,22,0,10,1,35,,322716,22,0,10,1,66,,322705,22,0,10,2,26,,322700,22,0,10,1,21,,322707,22,0,10,1,60,,322732,22,0,10,2,21,,322717,22,0,10,1,22,,322726,22,0,10,1,59,,322742,22,0,10,1,23,,322701,22,0,10,1,65,,322708,22,0,10,1,32,,322718,22,0,10,1,72,,322727,22,0,10,1,31,,322702,22,0,10,1,72,,322709,22,0,10,1,29,,322719,22,0,10,1,70,,322728,22,0,10,1,30,,322703,22,0,10,1,69,,322710,22,0,10,1,32,,322720,22,0,10,1,70,,322729,22,0,10,1,31,,322704,22,0,10,1,70,,322711,22,0,10,1,32,,322721,22,0,10,1,69,,322733,22,0,10,1,31,,322738,22,0,10,1,73,,322712,22,0,10,1,32,,322722,22,0,10,1,70,,322734,22,0,10,1,29,,322739,22,0,10,1,68,,322713,22,0,10,1,31,,322723,22,0,10,1,71,,322735,22,0,10,1,30,,322740,22,0,10,1,70,,322714,22,0,10,1,30,,322724,22,0,10,1,69,,322736,22,0,10,1,31,,322741,22,0,10,1,68,,322715,22,0,10,1,30,,322725,22,0,10,1,70,,322737,22,0,10,1
12502,'H59S100F-80-F1',536,,322757,22,0,10,1,73,,322745,22,0,10,1,32,,322783,22,0,10,1,71,,322758,22,0,10,1,32,,322746,22,0,10,1,72,,322784,22,0,10,1,34,,322759,22,0,10,1,73,,322747,22,0,10,1,31,,322785,22,0,10,1,69,,322769,22,0,10,1,27,,322760,22,0,10,1,68,,322748,22,0,10,1,28,,322779,22,0,10,2,68,,322770,22,0,10,1,29,,322761,22,0,10,1,68,,322749,22,0,10,1,32,,322780,22,0,10,2,62,,322772,22,0,10,1,25,,322771,22,0,10,1,25,,322762,22,0,10,1,66,,322750,22,0,10,1,28,,322781,22,0,10,2,69,,322773,22,0,10,1,31,,322763,22,0,10,1,71,,322751,22,0,10,1,28,,322782,22,0,10,2,67,,322774,22,0,10,1,31,,322764,22,0,10,1,73,,322752,22,0,10,1,32,,322775,22,0,10,1,70,,322765,22,0,10,1,30,,322753,22,0,10,1,70,,322776,22,0,10,1,30,,322766,22,0,10,1,69,,322754,22,0,10,1,29,,322777,22,0,10,1,70,,322767,22,0,10,1,29,,322755,22,0,10,1,68,,322778,22,0,10,1,30,,322768,22,0,10,1,70,,322756,22,0,10,1
12502,'H59S200F-80-F2',536,,322798,22,0,10,1,73,,322786,22,0,10,1,32,,322824,22,0,10,1,71,,322799,22,0,10,1,32,,322787,22,0,10,1,72,,322825,22,0,10,1,34,,322800,22,0,10,1,73,,322788,22,0,10,1,31,,322826,22,0,10,1,69,,322810,22,0,10,1,27,,322801,22,0,10,1,68,,322789,22,0,10,1,28,,322820,22,0,10,2,68,,322811,22,0,10,1,29,,322802,22,0,10,1,68,,322790,22,0,10,1,32,,322821,22,0,10,2,62,,322813,22,0,10,1,25,,322812,22,0,10,1,25,,322803,22,0,10,1,66,,322791,22,0,10,1,28,,322822,22,0,10,2,69,,322814,22,0,10,1,31,,322804,22,0,10,1,71,,322792,22,0,10,1,28,,322823,22,0,10,2,67,,322815,22,0,10,1,31,,322805,22,0,10,1,73,,322793,22,0,10,1,32,,322816,22,0,10,1,70,,322806,22,0,10,1,30,,322794,22,0,10,1,70,,322817,22,0,10,1,30,,322807,22,0,10,1,69,,322795,22,0,10,1,29,,322818,22,0,10,1,70,,322808,22,0,10,1,29,,322796,22,0,10,1,68,,322819,22,0,10,1,30,,322809,22,0,10,1,70,,322797,22,0,10,1
36002,'H56S000A-80-A',2531,,346517,2,0,10,1,85,,346513,2,0,10,2,85,,346514,2,0,10,1,45,,346515,2,0,10,1,85,,346516,2,0,10,1
36002,'H56S000I-80-I',2530,,346520,2,0,10,1,85,,346518,2,0,10,1,85,,346522,2,0,10,2,45,,346519,2,0,10,1,85,,346521,2,0,10,2
36002,'H56S000S-82-S',2531,,346523,2,0,10,1,85,,346526,2,0,10,1,84,,346524,2,0,10,1,45,,346527,2,0,10,1,85,,346525,2,0,10,2
36002,'H56S100F-80-F1',2530,,346530,2,0,10,1,85,,346528,2,0,10,1,85,,346532,2,0,10,2,45,,346529,2,0,10,1,85,,346531,2,0,10,2
36002,'H56S200F-80-F2',2530,,346535,2,0,10,1,85,,346533,2,0,10,1,85,,346537,2,0,10,2,45,,346534,2,0,10,1,85,,346536,2,0,10,2
