1003,'H59S000A-80-A',605,,287497,26,4,,1,26,,287500,26,4,,1,69,,287498,26,4,,1,32,,287501,26,4,,1,69,,287499,26,4,,1,30,,287502,26,4,,1,69,,287516,26,4,,2,25,,287530,26,4,,2,24,,287503,26,4,,1,65,,287517,26,4,,2,27,,287531,26,4,,2,70,,287504,26,4,,1,27,,287518,26,4,,2,68,,287532,26,4,,2,28,,287505,26,4,,1,70,,287519,26,4,,2,28,,287533,26,4,,2,68,,287506,26,4,,1,28,,287520,26,4,,2,28,,287534,26,4,,2,68,,287507,26,4,,1,28,,287521,26,4,,2,68,,287535,26,4,,2,29,,287508,26,4,,1,68,,287522,26,4,,2,28,,287536,26,4,,2,67,,287509,26,4,,1,26,,287523,26,4,,2,70,,287537,26,4,,2,27,,287510,26,4,,1,67,,287524,26,4,,2,28,,287538,26,4,,2,70,,287511,26,4,,1,29,,287525,26,4,,2,30,,287539,26,4,,2,70,,287512,26,4,,1,72,,287526,26,4,,2,32,,287513,26,4,,1,70,,287527,26,4,,2,32,,287514,26,4,,1,67,,287528,26,4,,2,30,,287515,26,4,,1,27,,287529,26,4,,2
1003,'H59S000I-81-I',604,,287540,26,4,,1,28,,287557,26,4,,2,68,,287541,26,4,,1,32,,287558,26,4,,2,70,,287542,26,4,,1,29,,287559,26,4,,2,72,,287543,26,4,,1,28,,287574,26,4,,2,70,,287560,26,4,,2,29,,287544,26,4,,1,28,,287575,26,4,,2,69,,287561,26,4,,2,29,,287545,26,4,,1,67,,287576,26,4,,2,34,,287562,26,4,,2,69,,287546,26,4,,1,30,,287577,26,4,,2,70,,287563,26,4,,2,29,,287547,26,4,,1,67,,287578,26,4,,2,28,,287564,26,4,,2,69,,287548,26,4,,1,29,,287579,26,4,,2,68,,287565,26,4,,2,30,,287549,26,4,,1,69,,287580,26,4,,2,27,,287566,26,4,,2,72,,287550,26,4,,1,32,,287567,26,4,,2,71,,287551,26,4,,1,32,,287568,26,4,,2,70,,287552,26,4,,1,29,,287569,26,4,,2,71,,287553,26,4,,1,28,,287570,26,4,,2,68,,287554,26,4,,1,27,,287571,26,4,,2,66,,287555,26,4,,1,26,,287572,26,4,,2,67,,287556,26,4,,1,25,,287573,26,4,,2
1003,'H59S000S-80-S',608,,287595,26,4,,1,30,,287610,26,4,,2,75,,287581,26,4,,1,33,,287596,26,4,,1,72,,287611,26,4,,2,31,,287582,26,4,,1,67,,287597,26,4,,1,28,,287612,26,4,,2,68,,287583,26,4,,1,28,,287598,26,4,,1,71,,287613,26,4,,2,26,,287584,26,4,,1,70,,287599,26,4,,1,30,,287614,26,4,,2,68,,287585,26,4,,1,28,,287600,26,4,,1,68,,287615,26,4,,2,28,,287586,26,4,,1,72,,287601,26,4,,1,34,,287616,26,4,,2,72,,287587,26,4,,1,33,,287602,26,4,,1,73,,287617,26,4,,2,28,,287588,26,4,,1,71,,287603,26,4,,1,28,,287618,26,4,,2,66,,287589,26,4,,1,27,,287604,26,4,,1,26,,287619,26,4,,2,65,,287590,26,4,,1,27,,287605,26,4,,1,68,,287620,26,4,,2,29,,287591,26,4,,1,69,,287606,26,4,,1,27,,287621,26,4,,2,66,,287592,26,4,,1,30,,287607,26,4,,1,71,,287593,26,4,,1,26,,287608,26,4,,1,69,,287594,26,4,,1,25,,287609,26,4,,1
1003,'H59S100F-80-F1',604,,287622,26,4,,1,28,,287639,26,4,,2,68,,287623,26,4,,1,32,,287640,26,4,,2,70,,287624,26,4,,1,29,,287641,26,4,,2,72,,287625,26,4,,1,28,,287662,26,4,,2,70,,287642,26,4,,2,29,,287626,26,4,,1,28,,287656,26,4,,2,69,,287643,26,4,,2,29,,287627,26,4,,1,67,,287657,26,4,,2,34,,287644,26,4,,2,69,,287628,26,4,,1,30,,287658,26,4,,2,70,,287645,26,4,,2,29,,287629,26,4,,1,67,,287659,26,4,,2,28,,287646,26,4,,2,69,,287630,26,4,,1,29,,287660,26,4,,2,68,,287647,26,4,,2,30,,287631,26,4,,1,69,,287661,26,4,,2,27,,287648,26,4,,2,72,,287632,26,4,,1,32,,287649,26,4,,2,71,,287633,26,4,,1,32,,287650,26,4,,2,70,,287634,26,4,,1,29,,287651,26,4,,2,71,,287635,26,4,,1,28,,287652,26,4,,2,68,,287636,26,4,,1,27,,287653,26,4,,2,66,,287637,26,4,,1,26,,287654,26,4,,2,67,,287638,26,4,,1,25,,287655,26,4,,2
1003,'H59S200F-80-F2',604,,287663,26,4,,1,28,,287680,26,4,,2,68,,287664,26,4,,1,32,,287681,26,4,,2,70,,287665,26,4,,1,29,,287682,26,4,,2,72,,287666,26,4,,1,28,,287703,26,4,,2,70,,287683,26,4,,2,29,,287667,26,4,,1,28,,287697,26,4,,2,69,,287684,26,4,,2,29,,287668,26,4,,1,67,,287698,26,4,,2,34,,287685,26,4,,2,69,,287669,26,4,,1,30,,287699,26,4,,2,70,,287686,26,4,,2,29,,287670,26,4,,1,67,,287700,26,4,,2,28,,287687,26,4,,2,69,,287671,26,4,,1,29,,287701,26,4,,2,68,,287688,26,4,,2,30,,287672,26,4,,1,69,,287702,26,4,,2,27,,287689,26,4,,2,72,,287673,26,4,,1,32,,287690,26,4,,2,71,,287674,26,4,,1,32,,287691,26,4,,2,70,,287675,26,4,,1,29,,287692,26,4,,2,71,,287676,26,4,,1,28,,287693,26,4,,2,68,,287677,26,4,,1,27,,287694,26,4,,2,66,,287678,26,4,,1,26,,287695,26,4,,2,67,,287679,26,4,,1,25,,287696,26,4,,2
1004,'H59S000A-80-A',511,,287704,1,0,9,1,29,,287708,1,0,9,1,68,,287705,1,0,9,1,28,,287709,1,0,9,1,68,,287706,1,0,9,1,31,,287710,1,0,9,1,70,,287707,1,0,9,1,29,,287711,1,0,9,1,69,,287724,1,0,9,2,27,,287737,1,0,9,2,27,,287712,1,0,9,1,67,,287725,1,0,9,2,27,,287738,1,0,9,2,67,,287713,1,0,9,1,27,,287726,1,0,9,2,70,,287739,1,0,9,2,26,,287714,1,0,9,1,67,,287727,1,0,9,2,28,,287740,1,0,9,2,68,,287715,1,0,9,1,28,,287728,1,0,9,2,69,,287741,1,0,9,2,28,,287716,1,0,9,1,28,,287729,1,0,9,2,69,,287742,1,0,9,2,29,,287717,1,0,9,1,69,,287730,1,0,9,2,29,,287743,1,0,9,2,68,,287718,1,0,9,1,28,,287731,1,0,9,2,67,,287744,1,0,9,2,26,,287719,1,0,9,1,68,,287732,1,0,9,2,29,,287745,1,0,9,2,71,,287720,1,0,9,1,26,,287733,1,0,9,2,69,,287746,1,0,9,2,28,,287721,1,0,9,1,71,,287734,1,0,9,2,32,,287722,1,0,9,1,70,,287735,1,0,9,2,32,,287723,1,0,9,1,67,,287736,1,0,9,2
1004,'H59S000I-81-I',511,,287747,1,0,9,1,29,,287764,1,0,9,2,69,,287748,1,0,9,1,28,,287765,1,0,9,2,69,,287749,1,0,9,1,29,,287766,1,0,9,2,70,,287750,1,0,9,1,30,,287767,1,0,9,2,71,,287751,1,0,9,1,30,,287781,1,0,9,2,70,,287768,1,0,9,2,31,,287752,1,0,9,1,71,,287782,1,0,9,2,31,,287769,1,0,9,2,71,,287753,1,0,9,1,30,,287783,1,0,9,2,70,,287770,1,0,9,2,29,,287754,1,0,9,1,67,,287784,1,0,9,2,27,,287771,1,0,9,2,68,,287755,1,0,9,1,28,,287785,1,0,9,2,28,,287772,1,0,9,2,68,,287756,1,0,9,1,28,,287786,1,0,9,2,69,,287773,1,0,9,2,29,,287757,1,0,9,1,69,,287787,1,0,9,2,26,,287774,1,0,9,2,72,,287758,1,0,9,1,32,,287775,1,0,9,2,72,,287759,1,0,9,1,31,,287776,1,0,9,2,71,,287760,1,0,9,1,28,,287777,1,0,9,2,72,,287761,1,0,9,1,27,,287778,1,0,9,2,68,,287762,1,0,9,1,27,,287779,1,0,9,2,66,,287763,1,0,9,1,27,,287780,1,0,9,2
1004,'H59S000S-80-S',509,,287802,1,0,9,1,27,,287817,1,0,9,2,67,,287788,1,0,9,1,27,,287803,1,0,9,1,26,,287818,1,0,9,2,66,,287789,1,0,9,1,28,,287804,1,0,9,1,73,,287819,1,0,9,2,32,,287790,1,0,9,1,71,,287805,1,0,9,1,26,,287820,1,0,9,2,73,,287791,1,0,9,1,26,,287806,1,0,9,1,69,,287821,1,0,9,2,29,,287792,1,0,9,1,67,,287807,1,0,9,1,28,,287822,1,0,9,2,68,,287793,1,0,9,1,28,,287808,1,0,9,1,71,,287823,1,0,9,2,27,,287794,1,0,9,1,69,,287809,1,0,9,1,32,,287824,1,0,9,2,72,,287795,1,0,9,1,32,,287810,1,0,9,1,73,,287825,1,0,9,2,30,,287796,1,0,9,1,71,,287811,1,0,9,1,30,,287826,1,0,9,2,68,,287797,1,0,9,1,28,,287812,1,0,9,1,69,,287827,1,0,9,2,30,,287798,1,0,9,1,70,,287813,1,0,9,1,30,,287828,1,0,9,2,69,,287799,1,0,9,1,31,,287814,1,0,9,1,72,,287800,1,0,9,1,29,,287815,1,0,9,1,71,,287801,1,0,9,1,26,,287816,1,0,9,1
1004,'H59S100F-80-F1',511,,287829,1,0,9,1,29,,287846,1,0,9,2,69,,287830,1,0,9,1,28,,287847,1,0,9,2,69,,287831,1,0,9,1,29,,287848,1,0,9,2,70,,287832,1,0,9,1,30,,287849,1,0,9,2,71,,287833,1,0,9,1,30,,287869,1,0,9,2,70,,287850,1,0,9,2,31,,287834,1,0,9,1,71,,287863,1,0,9,2,31,,287851,1,0,9,2,71,,287835,1,0,9,1,30,,287864,1,0,9,2,70,,287852,1,0,9,2,29,,287836,1,0,9,1,67,,287865,1,0,9,2,27,,287853,1,0,9,2,68,,287837,1,0,9,1,28,,287866,1,0,9,2,28,,287854,1,0,9,2,68,,287838,1,0,9,1,28,,287867,1,0,9,2,69,,287855,1,0,9,2,29,,287839,1,0,9,1,69,,287868,1,0,9,2,26,,287856,1,0,9,2,72,,287840,1,0,9,1,32,,287857,1,0,9,2,72,,287841,1,0,9,1,31,,287858,1,0,9,2,71,,287842,1,0,9,1,28,,287859,1,0,9,2,72,,287843,1,0,9,1,27,,287860,1,0,9,2,68,,287844,1,0,9,1,27,,287861,1,0,9,2,66,,287845,1,0,9,1,27,,287862,1,0,9,2
1004,'H59S200F-80-F2',511,,287870,1,0,9,1,29,,287887,1,0,9,2,69,,287871,1,0,9,1,28,,287888,1,0,9,2,69,,287872,1,0,9,1,29,,287889,1,0,9,2,70,,287873,1,0,9,1,30,,287890,1,0,9,2,71,,287874,1,0,9,1,30,,287910,1,0,9,2,70,,287891,1,0,9,2,31,,287875,1,0,9,1,71,,287904,1,0,9,2,31,,287892,1,0,9,2,71,,287876,1,0,9,1,30,,287905,1,0,9,2,70,,287893,1,0,9,2,29,,287877,1,0,9,1,67,,287906,1,0,9,2,27,,287894,1,0,9,2,68,,287878,1,0,9,1,28,,287907,1,0,9,2,28,,287895,1,0,9,2,68,,287879,1,0,9,1,28,,287908,1,0,9,2,69,,287896,1,0,9,2,29,,287880,1,0,9,1,69,,287909,1,0,9,2,26,,287897,1,0,9,2,72,,287881,1,0,9,1,32,,287898,1,0,9,2,72,,287882,1,0,9,1,31,,287899,1,0,9,2,71,,287883,1,0,9,1,28,,287900,1,0,9,2,72,,287884,1,0,9,1,27,,287901,1,0,9,2,68,,287885,1,0,9,1,27,,287902,1,0,9,2,66,,287886,1,0,9,1,27,,287903,1,0,9,2
