20001,'H56S000S-82-S',751,,339475,21,0,5,1
20001,'H60S000A-80-A',624,,339476,21,0,5,1,30,,339487,21,0,5,2,69,,339497,21,0,5,2,29,,339477,21,0,5,1,73,,339488,21,0,5,2,32,,339498,21,0,5,2,70,,339478,21,0,5,1,29,,339489,21,0,5,2,69,,339499,21,0,5,2,30,,339479,21,0,5,1,68,,339490,21,0,5,2,29,,339500,21,0,5,2,70,,339480,21,0,5,1,30,,339491,21,0,5,2,70,,339501,21,0,5,2,31,,339481,21,0,5,1,71,,339492,21,0,5,2,29,,339502,21,0,5,2,70,,339482,21,0,5,1,30,,339493,21,0,5,2,70,,339503,21,0,5,2,29,,339483,21,0,5,1,69,,339494,21,0,5,2,30,,339504,21,0,5,2,71,,339484,21,0,5,1,32,,339495,21,0,5,1,71,,339505,21,0,5,2,28,,339485,21,0,5,1,70,,339496,21,0,5,1,30,,339506,21,0,5,2,70,,339486,21,0,5,1
20001,'H60S000I-81-I',756,,339525,21,0,5,1,70,,339507,21,0,5,1,30,,339516,21,0,5,2,69,,339526,21,0,5,1,29,,339508,21,0,5,1,69,,339517,21,0,5,2,30,,339527,21,0,5,1,71,,339509,21,0,5,1,29,,339518,21,0,5,2,70,,339528,21,0,5,1,30,,339510,21,0,5,1,70,,339519,21,0,5,2,30,,339529,21,0,5,1,70,,339511,21,0,5,1,29,,339520,21,0,5,2,70,,339530,21,0,5,1,30,,339512,21,0,5,1,69,,339521,21,0,5,2,29,,339531,21,0,5,1,71,,339513,21,0,5,1,32,,339522,21,0,5,2,71,,339532,21,0,5,1,32,,339514,21,0,5,1,69,,339523,21,0,5,2,30,,339533,21,0,5,1,69,,339515,21,0,5,1,29,,339524,21,0,5,2,70,,339534,21,0,5,1
20001,'H60S000S-83-S',611,,339543,21,0,5,1,20,,339541,21,0,5,1,24,,339555,21,0,5,2,61,,339562,21,0,5,2,20,,339544,21,0,5,1,69,,339535,21,0,5,2,13,,339542,21,0,5,1,14,,339556,21,0,5,2,14,,339554,21,0,5,1,55,,339563,21,0,5,2,17,,339545,21,0,5,1,20,,339536,21,0,5,2,62,,339557,21,0,5,2,29,,339564,21,0,5,2,30,,339546,21,0,5,1,70,,339558,21,0,5,2,71,,339565,21,0,5,2,31,,339547,21,0,5,1,71,,339559,21,0,5,2,30,,339566,21,0,5,2,70,,339548,21,0,5,1,28,,339560,21,0,5,2,71,,339567,21,0,5,2,31,,339549,21,0,5,1,71,,339561,21,0,5,2,32,,339568,21,0,5,2,24,,339570,21,0,5,1,60,,339550,21,0,5,1,23,,339537,21,0,5,1,63,,339569,21,0,5,2,24,,339571,21,0,5,1,24,,339551,21,0,5,1,68,,339538,21,0,5,1,31,,339572,21,0,5,1,70,,339552,21,0,5,1,29,,339539,21,0,5,1,69,,339573,21,0,5,1,29,,339553,21,0,5,1,72,,339540,21,0,5,1
20001,'H60S100F-80-F1',756,,339592,21,0,5,1,70,,339574,21,0,5,1,30,,339583,21,0,5,1,69,,339593,21,0,5,1,29,,339575,21,0,5,1,69,,339584,21,0,5,1,30,,339594,21,0,5,1,71,,339576,21,0,5,1,29,,339585,21,0,5,1,70,,339595,21,0,5,1,30,,339577,21,0,5,1,70,,339586,21,0,5,1,30,,339596,21,0,5,1,70,,339578,21,0,5,1,29,,339587,21,0,5,1,70,,339597,21,0,5,1,30,,339579,21,0,5,1,69,,339588,21,0,5,1,29,,339598,21,0,5,1,71,,339580,21,0,5,1,32,,339589,21,0,5,1,71,,339599,21,0,5,1,32,,339581,21,0,5,1,69,,339590,21,0,5,1,30,,339600,21,0,5,1,69,,339582,21,0,5,1,29,,339591,21,0,5,1,70,,339601,21,0,5,1
20001,'H60S200F-80-F2',756,,339620,21,0,5,1,70,,339602,21,0,5,1,30,,339611,21,0,5,1,69,,339621,21,0,5,1,29,,339603,21,0,5,1,69,,339612,21,0,5,1,30,,339622,21,0,5,1,71,,339604,21,0,5,1,29,,339613,21,0,5,1,70,,339623,21,0,5,1,30,,339605,21,0,5,1,70,,339614,21,0,5,1,30,,339624,21,0,5,1,70,,339606,21,0,5,1,29,,339615,21,0,5,1,70,,339625,21,0,5,1,30,,339607,21,0,5,1,69,,339616,21,0,5,1,29,,339626,21,0,5,1,71,,339608,21,0,5,1,32,,339617,21,0,5,1,71,,339627,21,0,5,1,32,,339609,21,0,5,1,69,,339618,21,0,5,1,30,,339628,21,0,5,1,69,,339610,21,0,5,1,29,,339619,21,0,5,1,70,,339629,21,0,5,1
41101,'H56S000A-80-A',607,,347447,21,0,5,2,30,,347448,21,0,5,1,69,,347428,21,0,5,1,30,,347411,21,0,5,2,71,,347421,21,0,5,2,32,,347449,21,0,5,1,71,,347429,21,0,5,1,30,,347433,21,0,5,1,68,,347422,21,0,5,2,30,,347439,21,0,5,1,70,,347430,21,0,5,1,27,,347434,21,0,5,1,71,,347423,21,0,5,2,31,,347440,21,0,5,1,70,,347431,21,0,5,1,30,,347435,21,0,5,1,71,,347424,21,0,5,2,30,,347441,21,0,5,1,70,,347432,21,0,5,1,30,,347436,21,0,5,1,70,,347425,21,0,5,2,29,,347442,21,0,5,1,69,,347419,21,0,5,2,30,,347437,21,0,5,1,69,,347426,21,0,5,2,31,,347443,21,0,5,1,72,,347420,21,0,5,2,29,,347438,21,0,5,1,69,,347427,21,0,5,2,31,,347444,21,0,5,1,71,,347416,21,0,5,1,29,,347412,21,0,5,1,69,,347414,21,0,5,2,31,,347445,21,0,5,1,71,,347417,21,0,5,2,31,,347413,21,0,5,1,71,,347415,21,0,5,2,22,,347446,21,0,5,1,70,,347418,21,0,5,2
41101,'H56S000I-80-I',637,,347483,21,0,5,1,73,,347456,21,0,5,2,30,,347450,21,0,5,1,70,,347465,21,0,5,2,30,,347484,21,0,5,1,69,,347457,21,0,5,2,29,,347477,21,0,5,1,69,,347466,21,0,5,2,31,,347472,21,0,5,1,71,,347458,21,0,5,2,30,,347478,21,0,5,1,69,,347467,21,0,5,2,29,,347473,21,0,5,1,71,,347459,21,0,5,2,30,,347479,21,0,5,1,69,,347468,21,0,5,2,30,,347474,21,0,5,1,70,,347460,21,0,5,2,30,,347480,21,0,5,1,69,,347469,21,0,5,2,29,,347475,21,0,5,1,70,,347461,21,0,5,2,32,,347481,21,0,5,1,71,,347470,21,0,5,2,33,,347476,21,0,5,1,68,,347462,21,0,5,2,30,,347482,21,0,5,1,69,,347471,21,0,5,2,30,,347455,21,0,5,1,69,,347463,21,0,5,2,29,,347453,21,0,5,1,70,,347485,21,0,5,2,30,,347451,21,0,5,1,70,,347464,21,0,5,2,31,,347454,21,0,5,1,71,,347486,21,0,5,2,30,,347452,21,0,5,1
41101,'H56S000S-82-S',512,,347490,21,0,5,1,100,,347492,21,0,5,2,41,,347488,21,0,5,2,59,,347491,21,0,5,1,21,,347493,21,0,5,2,22,,347522,21,0,5,2,59,,347525,21,0,5,2,20,,347531,21,0,5,2,20,,347521,21,0,5,1,60,,347541,21,0,5,1,14,,347499,21,0,5,1,14,,347511,21,0,5,1,15,,347494,21,0,5,2,55,,347523,21,0,5,2,14,,347526,21,0,5,2,14,,347532,21,0,5,2,15,,347543,21,0,5,1,57,,347516,21,0,5,1,20,,347500,21,0,5,1,20,,347512,21,0,5,1,60,,347495,21,0,5,2,24,,347527,21,0,5,2,20,,347533,21,0,5,2,60,,347517,21,0,5,1,21,,347501,21,0,5,1,22,,347513,21,0,5,1,61,,347496,21,0,5,2,21,,347524,21,0,5,2,17,,347528,21,0,5,2,57,,347534,21,0,5,2,14,,347518,21,0,5,1,13,,347502,21,0,5,1,14,,347542,21,0,5,2,55,,347514,21,0,5,1,16,,347497,21,0,5,2,15,,347536,21,0,5,2,12,,347506,21,0,5,1,49,,347537,21,0,5,2,10,,347538,21,0,5,2,10,,347529,21,0,5,2,14,,347535,21,0,5,2,19,,347519,21,0,5,1,59,,347503,21,0,5,1,20,,347515,21,0,5,1,21,,347498,21,0,5,2,62,,347507,21,0,5,1,22,,347530,21,0,5,2,66,,347520,21,0,5,1,30,,347504,21,0,5,1,70,,347539,21,0,5,2,29,,347508,21,0,5,1,70,,347489,21,0,5,1,30,,347505,21,0,5,1,70,,347540,21,0,5,2,30,,347509,21,0,5,1,69,,347510,21,0,5,2,24,,347487,21,0,5,1
41101,'H56S100F-80-F1',637,,347577,21,0,5,1,73,,347550,21,0,5,2,30,,347544,21,0,5,1,70,,347559,21,0,5,2,30,,347578,21,0,5,1,69,,347551,21,0,5,2,29,,347571,21,0,5,1,69,,347560,21,0,5,2,31,,347566,21,0,5,1,71,,347552,21,0,5,2,30,,347572,21,0,5,1,69,,347561,21,0,5,2,29,,347567,21,0,5,1,71,,347553,21,0,5,2,30,,347573,21,0,5,1,69,,347562,21,0,5,2,30,,347568,21,0,5,1,70,,347554,21,0,5,2,30,,347574,21,0,5,1,69,,347563,21,0,5,2,29,,347569,21,0,5,1,70,,347555,21,0,5,2,32,,347575,21,0,5,1,71,,347564,21,0,5,2,33,,347570,21,0,5,1,68,,347556,21,0,5,2,30,,347576,21,0,5,1,69,,347565,21,0,5,2,30,,347549,21,0,5,1,69,,347557,21,0,5,2,29,,347547,21,0,5,1,70,,347579,21,0,5,2,30,,347545,21,0,5,1,70,,347558,21,0,5,2,31,,347548,21,0,5,1,71,,347580,21,0,5,2,30,,347546,21,0,5,1
41101,'H56S200F-80-F2',637,,347614,21,0,5,1,73,,347587,21,0,5,2,30,,347581,21,0,5,1,70,,347596,21,0,5,2,30,,347615,21,0,5,1,69,,347588,21,0,5,2,29,,347608,21,0,5,1,69,,347597,21,0,5,2,31,,347603,21,0,5,1,71,,347589,21,0,5,2,30,,347609,21,0,5,1,69,,347598,21,0,5,2,29,,347604,21,0,5,1,71,,347590,21,0,5,2,30,,347610,21,0,5,1,69,,347599,21,0,5,2,30,,347605,21,0,5,1,70,,347591,21,0,5,2,30,,347611,21,0,5,1,69,,347600,21,0,5,2,29,,347606,21,0,5,1,70,,347592,21,0,5,2,32,,347612,21,0,5,1,71,,347601,21,0,5,2,33,,347607,21,0,5,1,68,,347593,21,0,5,2,30,,347613,21,0,5,1,69,,347602,21,0,5,2,30,,347586,21,0,5,1,69,,347594,21,0,5,2,29,,347584,21,0,5,1,70,,347616,21,0,5,2,30,,347582,21,0,5,1,70,,347595,21,0,5,2,31,,347585,21,0,5,1,71,,347617,21,0,5,2,30,,347583,21,0,5,1
41101,'H60S000S-83-S',544,,347618,21,0,5,2,89,,347619,21,0,5,1
