19604,'H50S000S-82-S',701,,338442,51,0,9,2
19604,'H56S000S-82-S',643,,338443,51,0,9,1,6,,338445,51,0,9,1,60,,338444,51,0,9,1,14,,338446,51,0,9,1
19604,'H60S000S-83-S',613,,338447,51,0,9,1,15,,338455,51,0,9,1,7,,338456,51,0,9,1,20,,338465,51,0,9,2,60,,338468,51,0,9,2,14,,338473,51,0,9,2,6,,338475,51,0,9,1,8,,338464,51,0,9,2,6,,338483,51,0,9,2,6,,338450,51,0,9,1,45,,338467,51,0,9,2,6,,338474,51,0,9,2,7,,338470,51,0,9,1,7,,338482,51,0,9,2,7,,338463,51,0,9,2,8,,338457,51,0,9,1,8,,338489,51,0,9,2,9,,338466,51,0,9,2,50,,338485,51,0,9,1,11,,338469,51,0,9,2,11,,338481,51,0,9,2,8,,338476,51,0,9,1,11,,338484,51,0,9,2,12,,338451,51,0,9,1,52,,338471,51,0,9,1,20,,338458,51,0,9,1,24,,338486,51,0,9,1,69,,338477,51,0,9,1,28,,338452,51,0,9,1,68,,338459,51,0,9,1,29,,338487,51,0,9,1,69,,338478,51,0,9,1,26,,338453,51,0,9,1,62,,338448,51,0,9,1,20,,338460,51,0,9,1,19,,338472,51,0,9,1,60,,338488,51,0,9,1,20,,338479,51,0,9,1,20,,338454,51,0,9,1,62,,338449,51,0,9,1,24,,338461,51,0,9,1,30,,338491,51,0,9,1,70,,338480,51,0,9,1,28,,338494,51,0,9,2,69,,338462,51,0,9,1,26,,338492,51,0,9,1,63,,338493,51,0,9,1,24,,338490,51,0,9,1
19604,'H60S100F-80-F1',628,,338496,51,0,9,1,31,,338503,51,0,9,2,71,,338495,51,0,9,1,72,,338511,51,0,9,2,32,,338497,51,0,9,1,70,,338504,51,0,9,2,31,,338507,51,0,9,1,66,,338512,51,0,9,2,25,,338498,51,0,9,1,24,,338513,51,0,9,2,69,,338505,51,0,9,2,29,,338508,51,0,9,1,68,,338499,51,0,9,1,29,,338514,51,0,9,2,69,,338506,51,0,9,2,28,,338509,51,0,9,1,69,,338500,51,0,9,1,27,,338515,51,0,9,2,63,,338519,51,0,9,1,25,,338518,51,0,9,1,26,,338510,51,0,9,1,74,,338501,51,0,9,1,32,,338516,51,0,9,2,69,,338520,51,0,9,1,28,,338522,51,0,9,1,68,,338523,51,0,9,1,25,,338517,51,0,9,1,65,,338502,51,0,9,1,24,,338521,51,0,9,1
19604,'H60S200F-80-F2',628,,338525,51,0,9,1,31,,338532,51,0,9,2,71,,338524,51,0,9,1,72,,338540,51,0,9,2,32,,338526,51,0,9,1,70,,338533,51,0,9,2,31,,338536,51,0,9,1,66,,338541,51,0,9,2,25,,338527,51,0,9,1,24,,338542,51,0,9,2,69,,338534,51,0,9,2,29,,338537,51,0,9,1,68,,338528,51,0,9,1,29,,338543,51,0,9,2,69,,338535,51,0,9,2,28,,338538,51,0,9,1,69,,338529,51,0,9,1,27,,338544,51,0,9,2,63,,338548,51,0,9,1,25,,338547,51,0,9,1,26,,338539,51,0,9,1,74,,338530,51,0,9,1,32,,338545,51,0,9,2,69,,338549,51,0,9,1,28,,338551,51,0,9,1,68,,338552,51,0,9,1,25,,338546,51,0,9,1,65,,338531,51,0,9,1,24,,338550,51,0,9,1
35601,'H56S000A-80-A',2559,,346198,42,0,5,2,83,,346199,42,0,5,1,93,,346195,42,0,5,2,92,,346197,42,0,5,1,82,,346196,42,0,5,1
35601,'H56S000I-80-I',2559,,346201,42,0,5,1,81,,346205,42,0,5,2,80,,346202,42,0,5,1,80,,346200,42,0,5,1,44,,346204,42,0,5,1,84,,346203,42,0,5,1
35601,'H56S000S-82-S',2612,,346208,42,0,5,1,33,,346210,42,0,5,1,74,,346211,42,0,5,2,34,,346206,42,0,5,1,86,,346209,42,0,5,2,89,,346207,42,0,5,1
35601,'H56S100F-80-F1',2559,,346213,42,0,5,1,81,,346217,42,0,5,2,80,,346214,42,0,5,1,80,,346212,42,0,5,1,44,,346216,42,0,5,1,84,,346215,42,0,5,1
35601,'H56S200F-80-F2',2559,,346219,42,0,5,1,81,,346223,42,0,5,2,80,,346220,42,0,5,1,80,,346218,42,0,5,1,44,,346222,42,0,5,1,84,,346221,42,0,5,1
49601,'H50S000S-82-S',1501,,350543,9,0,5,1
49601,'H56S000A-80-A',648,,350547,9,0,5,1,70,,350544,9,0,5,1,27,,350580,9,0,5,2,68,,350548,9,0,5,1,26,,350545,9,0,5,1,20,,350551,9,0,5,2,60,,350581,9,0,5,2,18,,350549,9,0,5,1,18,,350563,9,0,5,2,58,,350585,9,0,5,1,18,,350550,9,0,5,1,18,,350582,9,0,5,2,58,,350552,9,0,5,2,19,,350564,9,0,5,2,20,,350586,9,0,5,1,57,,350546,9,0,5,1,20,,350583,9,0,5,2,20,,350565,9,0,5,2,57,,350555,9,0,5,2,17,,350587,9,0,5,1,17,,350572,9,0,5,2,16,,350584,9,0,5,2,55,,350556,9,0,5,2,16,,350566,9,0,5,2,18,,350588,9,0,5,1,20,,350573,9,0,5,2,60,,350553,9,0,5,2,21,,350567,9,0,5,2,19,,350589,9,0,5,1,60,,350574,9,0,5,2,20,,350554,9,0,5,2,20,,350558,9,0,5,1,59,,350568,9,0,5,2,25,,350575,9,0,5,2,67,,350559,9,0,5,1,30,,350569,9,0,5,2,69,,350576,9,0,5,2,29,,350560,9,0,5,1,72,,350570,9,0,5,2,33,,350577,9,0,5,2,73,,350561,9,0,5,1,30,,350571,9,0,5,2,69,,350578,9,0,5,2,30,,350562,9,0,5,1,70,,350557,9,0,5,2,31,,350579,9,0,5,2
49601,'H56S000I-80-I',647,,350618,9,0,5,1,69,,350605,9,0,5,1,30,,350602,9,0,5,2,70,,350619,9,0,5,1,27,,350606,9,0,5,1,66,,350603,9,0,5,2,24,,350592,9,0,5,1,23,,350620,9,0,5,1,63,,350613,9,0,5,1,22,,350596,9,0,5,1,62,,350593,9,0,5,1,22,,350621,9,0,5,1,21,,350614,9,0,5,1,60,,350627,9,0,5,2,21,,350597,9,0,5,1,20,,350622,9,0,5,1,59,,350598,9,0,5,2,19,,350615,9,0,5,1,21,,350628,9,0,5,2,57,,350608,9,0,5,2,20,,350623,9,0,5,1,20,,350616,9,0,5,1,60,,350629,9,0,5,2,19,,350609,9,0,5,2,19,,350624,9,0,5,1,59,,350617,9,0,5,1,19,,350630,9,0,5,2,24,,350610,9,0,5,2,65,,350625,9,0,5,1,27,,350631,9,0,5,2,15,,350590,9,0,5,1,55,,350611,9,0,5,2,31,,350626,9,0,5,1,15,,350632,9,0,5,2,55,,350591,9,0,5,1,30,,350612,9,0,5,2,73,,350633,9,0,5,2,33,,350607,9,0,5,1,73,,350594,9,0,5,1,32,,350599,9,0,5,2,72,,350601,9,0,5,1,29,,350595,9,0,5,1,69,,350600,9,0,5,2,29,,350604,9,0,5,2
49601,'H56S000S-82-S',536,,350678,9,0,5,1,22,,350656,9,0,5,1,60,,350654,9,0,5,1,13,,350659,9,0,5,2,12,,350704,9,0,5,2,8,,350679,9,0,5,1,8,,350661,9,0,5,2,48,,350693,9,0,5,2,8,,350657,9,0,5,1,6,,350663,9,0,5,2,7,,350664,9,0,5,2,6,,350641,9,0,5,2,6,,350655,9,0,5,1,7,,350674,9,0,5,2,8,,350686,9,0,5,1,48,,350660,9,0,5,2,9,,350705,9,0,5,2,10,,350680,9,0,5,1,9,,350662,9,0,5,2,11,,350643,9,0,5,1,11,,350658,9,0,5,1,51,,350665,9,0,5,2,12,,350642,9,0,5,2,12,,350687,9,0,5,1,20,,350681,9,0,5,1,59,,350644,9,0,5,1,20,,350666,9,0,5,2,19,,350688,9,0,5,1,61,,350682,9,0,5,1,20,,350645,9,0,5,1,19,,350667,9,0,5,2,58,,350689,9,0,5,1,15,,350694,9,0,5,1,15,,350683,9,0,5,1,15,,350646,9,0,5,1,56,,350668,9,0,5,2,20,,350690,9,0,5,1,20,,350695,9,0,5,1,59,,350684,9,0,5,1,22,,350669,9,0,5,2,21,,350691,9,0,5,1,66,,350696,9,0,5,1,11,,350698,9,0,5,2,11,,350685,9,0,5,1,12,,350675,9,0,5,2,53,,350670,9,0,5,2,15,,350652,9,0,5,2,10,,350692,9,0,5,1,13,,350653,9,0,5,2,16,,350697,9,0,5,1,55,,350699,9,0,5,2,16,,350676,9,0,5,2,17,,350671,9,0,5,2,60,,350677,9,0,5,2,19,,350636,9,0,5,1,20,,350700,9,0,5,2,60,,350651,9,0,5,2,21,,350672,9,0,5,2,22,,350637,9,0,5,1,62,,350701,9,0,5,2,22,,350647,9,0,5,1,21,,350673,9,0,5,2,60,,350638,9,0,5,1,20,,350702,9,0,5,2,20,,350650,9,0,5,1,60,,350648,9,0,5,1,22,,350639,9,0,5,1,25,,350634,9,0,5,1,68,,350649,9,0,5,1,29,,350640,9,0,5,1,70,,350635,9,0,5,1,31,,350703,9,0,5,2
49601,'H56S100F-80-F1',647,,350734,9,0,5,1,69,,350721,9,0,5,1,30,,350718,9,0,5,2,70,,350735,9,0,5,1,27,,350722,9,0,5,1,66,,350719,9,0,5,2,24,,350708,9,0,5,1,23,,350736,9,0,5,1,63,,350729,9,0,5,1,22,,350712,9,0,5,1,62,,350709,9,0,5,1,22,,350737,9,0,5,1,21,,350730,9,0,5,1,60,,350743,9,0,5,2,21,,350713,9,0,5,1,20,,350738,9,0,5,1,59,,350714,9,0,5,2,19,,350731,9,0,5,1,21,,350744,9,0,5,2,57,,350724,9,0,5,2,20,,350739,9,0,5,1,20,,350732,9,0,5,1,60,,350745,9,0,5,2,19,,350725,9,0,5,2,19,,350740,9,0,5,1,59,,350733,9,0,5,1,19,,350746,9,0,5,2,24,,350726,9,0,5,2,65,,350741,9,0,5,1,27,,350747,9,0,5,2,15,,350706,9,0,5,1,55,,350727,9,0,5,2,31,,350742,9,0,5,1,15,,350748,9,0,5,2,55,,350707,9,0,5,1,30,,350728,9,0,5,2,73,,350749,9,0,5,2,33,,350723,9,0,5,1,73,,350710,9,0,5,1,32,,350715,9,0,5,2,72,,350717,9,0,5,1,29,,350711,9,0,5,1,69,,350716,9,0,5,2,29,,350720,9,0,5,2
49601,'H56S200F-80-F2',647,,350778,9,0,5,1,69,,350765,9,0,5,1,30,,350762,9,0,5,2,70,,350779,9,0,5,1,27,,350766,9,0,5,1,66,,350763,9,0,5,2,24,,350752,9,0,5,1,23,,350780,9,0,5,1,63,,350773,9,0,5,1,22,,350756,9,0,5,1,62,,350753,9,0,5,1,22,,350781,9,0,5,1,21,,350774,9,0,5,1,60,,350787,9,0,5,2,21,,350757,9,0,5,1,20,,350782,9,0,5,1,59,,350758,9,0,5,2,19,,350775,9,0,5,1,21,,350788,9,0,5,2,57,,350768,9,0,5,2,20,,350783,9,0,5,1,20,,350776,9,0,5,1,60,,350789,9,0,5,2,19,,350769,9,0,5,2,19,,350784,9,0,5,1,59,,350777,9,0,5,1,19,,350790,9,0,5,2,24,,350770,9,0,5,2,65,,350785,9,0,5,1,27,,350791,9,0,5,2,15,,350750,9,0,5,1,55,,350771,9,0,5,2,31,,350786,9,0,5,1,15,,350792,9,0,5,2,55,,350751,9,0,5,1,30,,350772,9,0,5,2,73,,350793,9,0,5,2,33,,350767,9,0,5,1,73,,350754,9,0,5,1,32,,350759,9,0,5,2,72,,350761,9,0,5,1,29,,350755,9,0,5,1,69,,350760,9,0,5,2,29,,350764,9,0,5,2
