3304,'H50S000S-82-S',1018,,295154,49,0,9,1
3304,'H54S000A-80-A',509,,295156,49,0,106,1,27,,295162,49,0,106,1,68,,295175,49,0,106,1,29,,295157,49,0,9,1,72,,295166,49,0,9,1,28,,295163,49,0,9,1,23,,295181,49,0,9,1,62,,295176,49,0,9,1,19,,295158,49,0,9,1,19,,295171,49,0,9,1,59,,295167,49,0,9,1,22,,295164,49,0,9,1,14,,295186,49,0,9,1,52,,295182,49,0,9,1,13,,295226,49,0,9,1,14,,295177,49,0,9,1,15,,295159,49,0,9,1,57,,295202,49,0,9,1,17,,295172,49,0,9,1,15,,295168,49,0,9,1,15,,295205,49,0,9,1,53,,295165,49,0,9,1,10,,295187,49,0,9,1,10,,295197,49,0,9,1,10,,295183,49,0,9,1,9,,295227,49,0,9,1,10,,295178,49,0,9,1,50,,295194,49,0,9,1,8,,295160,49,0,9,1,8,,295199,49,0,9,1,8,,295213,49,0,9,2,12,,295203,49,0,9,1,12,,295173,49,0,9,1,52,,295208,49,0,9,2,10,,295169,49,0,9,1,10,,295206,49,0,9,1,9,,295220,49,0,9,1,10,,295188,49,0,9,1,10,,295198,49,0,9,1,50,,295223,49,0,9,1,9,,295184,49,0,9,1,10,,295179,49,0,9,1,10,,295195,49,0,9,1,10,,295161,49,0,9,1,10,,295214,49,0,9,2,51,,295204,49,0,9,1,10,,295174,49,0,9,1,12,,295209,49,0,9,2,10,,295170,49,0,9,1,10,,295207,49,0,9,1,12,,295221,49,0,9,1,53,,295189,49,0,9,1,13,,295224,49,0,9,1,10,,295185,49,0,9,1,11,,295180,49,0,9,1,11,,295196,49,0,9,1,56,,295215,49,0,9,2,16,,295216,49,0,9,1,15,,295210,49,0,9,2,17,,295225,49,0,9,1,63,,295190,49,0,106,1,22,,295200,49,0,106,1,64,,295228,49,0,106,1,23,,295217,49,0,106,1,26,,295211,49,0,106,2,66,,295191,49,0,106,1,21,,295201,49,0,106,1,63,,295229,49,0,106,1,23,,295218,49,0,106,1,30,,295212,49,0,106,2,70,,295192,49,0,106,1,32,,295230,49,0,106,1,70,,295155,49,0,106,1,28,,295219,49,0,106,1,65,,295222,49,0,106,2,25,,295193,49,0,106,1
3304,'H54S000I-80-I',515,,295239,49,0,106,1,29,,295245,49,0,106,1,68,,295263,49,0,106,1,30,,295235,49,0,9,1,72,,295240,49,0,9,1,29,,295246,49,0,9,1,70,,295264,49,0,9,1,27,,295236,49,0,9,1,62,,295259,49,0,9,1,23,,295241,49,0,9,1,21,,295247,49,0,9,1,57,,295271,49,0,9,1,17,,295265,49,0,9,1,16,,295276,49,0,9,2,16,,295237,49,0,9,1,57,,295260,49,0,9,1,15,,295280,49,0,9,1,15,,295242,49,0,9,1,15,,295283,49,0,9,2,51,,295248,49,0,9,1,12,,295272,49,0,9,1,15,,295269,49,0,9,1,14,,295266,49,0,9,1,12,,295277,49,0,9,2,51,,295238,49,0,9,1,12,,295284,49,0,9,2,12,,295261,49,0,9,1,13,,295281,49,0,9,1,11,,295285,49,0,9,1,51,,295243,49,0,9,1,11,,295287,49,0,9,2,11,,295249,49,0,9,1,12,,295273,49,0,9,1,13,,295270,49,0,9,1,53,,295293,49,0,9,1,13,,295267,49,0,9,1,13,,295278,49,0,9,2,16,,295262,49,0,9,1,55,,295282,49,0,9,1,14,,295286,49,0,9,1,15,,295244,49,0,9,1,16,,295288,49,0,9,2,56,,295250,49,0,9,1,15,,295274,49,0,9,1,17,,295232,49,0,9,2,16,,295268,49,0,9,1,57,,295279,49,0,9,2,15,,295255,49,0,9,1,20,,295231,49,0,106,1,65,,295251,49,0,106,1,24,,295275,49,0,106,1,67,,295233,49,0,106,2,28,,295256,49,0,106,1,71,,295234,49,0,106,2,28,,295252,49,0,106,1,29,,295290,49,0,106,1,69,,295257,49,0,106,1,28,,295292,49,0,106,1,70,,295253,49,0,106,1,29,,295291,49,0,106,1,67,,295258,49,0,106,1,30,,295289,49,0,106,2,70,,295254,49,0,106,1
3304,'H54S000S-80-S',526,,295303,49,0,106,1,14,,295305,49,0,106,2,15,,295316,49,0,106,1,57,,295377,49,0,106,1,16,,295317,49,0,9,1,11,,295323,49,0,9,1,11,,295299,49,0,9,2,6,,295325,23,0,9,1,47,,295307,49,0,9,1,6,,295300,23,0,9,2,5,,295379,49,0,9,1,10,,295332,49,0,9,1,6,,295322,23,0,9,1,5,,295295,49,0,9,1,6,,295333,49,0,9,2,4,,295341,23,0,9,1,5,,295304,49,0,9,1,52,,295337,49,0,9,1,3,,295347,23,0,9,1,8,,295306,49,0,9,2,7,,295345,49,0,9,1,4,,295301,23,0,9,1,8,,295346,49,0,9,1,8,,295312,23,0,9,1,3,,295376,49,0,9,2,12,,295318,49,0,9,1,50,,295358,49,0,9,2,12,,295326,49,0,9,1,12,,295308,49,0,9,1,23,,295351,49,0,9,1,52,,295342,49,0,9,1,28,,295348,49,0,9,1,13,,295302,49,0,9,1,13,,295313,49,0,9,1,53,,295338,49,0,9,2,13,,295319,49,0,9,1,14,,295327,49,0,9,1,14,,295324,49,0,9,2,53,,295309,49,0,9,1,12,,295352,49,0,9,1,12,,295297,49,0,9,2,14,,295343,49,0,9,1,13,,295349,49,0,9,1,53,,295355,49,0,9,1,13,,295335,49,0,9,1,13,,295314,49,0,9,1,11,,295339,49,0,9,2,11,,295320,49,0,9,1,51,,295328,49,0,9,1,12,,295359,49,0,9,2,11,,295310,49,0,9,1,12,,295353,49,0,9,1,12,,295298,49,0,9,2,50,,295357,49,0,9,1,10,,295344,49,0,9,1,9,,295350,49,0,9,1,11,,295356,49,0,9,1,11,,295334,49,0,9,2,10,,295336,49,0,9,1,52,,295315,49,0,9,1,11,,295340,49,0,9,2,10,,295321,49,0,9,1,10,,295294,49,0,9,1,10,,295329,49,0,9,1,10,,295360,49,0,9,2,51,,295311,49,0,9,1,10,,295363,49,0,9,2,8,,295354,49,0,9,1,8,,295378,49,0,9,1,10,,295361,49,0,9,1,10,,295365,49,0,9,2,51,,295366,49,0,9,1,21,,295296,49,0,9,1,74,,295374,49,0,9,1,20,,295330,49,0,106,1,21,,295364,49,0,106,2,62,,295362,49,0,106,1,22,,295367,49,0,106,2,29,,295372,49,0,106,1,70,,295370,49,0,106,1,30,,295331,49,0,106,1,71,,295368,49,0,106,1,30,,295373,49,0,106,1,67,,295371,49,0,106,1,30,,295381,49,0,106,1,69,,295369,49,0,106,1,29,,295380,49,0,106,1,70,,295375,49,0,106,1
3304,'H54S100F-80-F1',515,,295390,49,0,106,1,29,,295396,49,0,106,1,68,,295414,49,0,106,1,30,,295386,49,0,9,1,72,,295391,49,0,9,1,29,,295397,49,0,9,1,70,,295415,49,0,9,1,27,,295387,49,0,9,1,62,,295410,49,0,9,1,23,,295392,49,0,9,1,21,,295398,49,0,9,1,57,,295422,49,0,9,1,17,,295416,49,0,9,1,16,,295427,49,0,9,2,16,,295388,49,0,9,1,57,,295411,49,0,9,1,15,,295431,49,0,9,1,15,,295393,49,0,9,1,15,,295434,49,0,9,2,51,,295399,49,0,9,1,12,,295423,49,0,9,1,15,,295420,49,0,9,1,14,,295417,49,0,9,1,12,,295428,49,0,9,2,51,,295389,49,0,9,1,12,,295435,49,0,9,2,12,,295412,49,0,9,1,13,,295432,49,0,9,1,11,,295436,49,0,9,1,51,,295394,49,0,9,1,11,,295438,49,0,9,2,11,,295400,49,0,9,1,12,,295424,49,0,9,1,13,,295421,49,0,9,1,53,,295444,49,0,9,1,13,,295418,49,0,9,1,13,,295429,49,0,9,2,16,,295413,49,0,9,1,55,,295433,49,0,9,1,14,,295437,49,0,9,1,15,,295395,49,0,9,1,16,,295439,49,0,9,2,56,,295401,49,0,9,1,15,,295425,49,0,9,1,17,,295383,49,0,9,2,16,,295419,49,0,9,1,57,,295430,49,0,9,2,15,,295406,49,0,9,1,20,,295382,49,0,106,1,65,,295402,49,0,106,1,24,,295426,49,0,106,1,67,,295384,49,0,106,2,28,,295407,49,0,106,1,71,,295385,49,0,106,2,28,,295403,49,0,106,1,29,,295441,49,0,106,1,69,,295408,49,0,106,1,28,,295443,49,0,106,1,70,,295404,49,0,106,1,29,,295442,49,0,106,1,67,,295409,49,0,106,1,30,,295440,49,0,106,2,70,,295405,49,0,106,1
3304,'H54S200F-80-F2',515,,295453,49,0,106,1,29,,295459,49,0,106,1,68,,295477,49,0,106,1,30,,295449,49,0,9,1,72,,295454,49,0,9,1,29,,295460,49,0,9,1,70,,295478,49,0,9,1,27,,295450,49,0,9,1,62,,295473,49,0,9,1,23,,295455,49,0,9,1,21,,295461,49,0,9,1,57,,295485,49,0,9,1,17,,295479,49,0,9,1,16,,295490,49,0,9,2,16,,295451,49,0,9,1,57,,295474,49,0,9,1,15,,295494,49,0,9,1,15,,295456,49,0,9,1,15,,295497,49,0,9,2,51,,295462,49,0,9,1,12,,295486,49,0,9,1,15,,295483,49,0,9,1,14,,295480,49,0,9,1,12,,295491,49,0,9,2,51,,295452,49,0,9,1,12,,295498,49,0,9,2,12,,295475,49,0,9,1,13,,295495,49,0,9,1,11,,295499,49,0,9,1,51,,295457,49,0,9,1,11,,295501,49,0,9,2,11,,295463,49,0,9,1,12,,295487,49,0,9,1,13,,295484,49,0,9,1,53,,295507,49,0,9,1,13,,295481,49,0,9,1,13,,295492,49,0,9,2,16,,295476,49,0,9,1,55,,295496,49,0,9,1,14,,295500,49,0,9,1,15,,295458,49,0,9,1,16,,295502,49,0,9,2,56,,295464,49,0,9,1,15,,295488,49,0,9,1,17,,295446,49,0,9,2,16,,295482,49,0,9,1,57,,295493,49,0,9,2,15,,295469,49,0,9,1,20,,295445,49,0,106,1,65,,295465,49,0,106,1,24,,295489,49,0,106,1,67,,295447,49,0,106,2,28,,295470,49,0,106,1,71,,295448,49,0,106,2,28,,295466,49,0,106,1,29,,295504,49,0,106,1,69,,295471,49,0,106,1,28,,295506,49,0,106,1,70,,295467,49,0,106,1,29,,295505,49,0,106,1,67,,295472,49,0,106,1,30,,295503,49,0,106,2,70,,295468,49,0,106,1
3304,'H57S000S-80-S',718,,295508,23,0,9,1,36,,295510,23,0,9,1,187,,295509,49,0,9,1
3304,'H59S000S-80-S',1846,,295511,49,0,9,1
19701,'H50S000S-82-S',1649,,338553,35,0,5,2
19701,'H51S000A-80-A',523,,338554,35,0,5,1,29,,338563,35,0,5,1,72,,338555,35,0,5,2,34,,338564,35,0,5,1,74,,338556,35,0,5,2,69,,338572,35,0,5,1,29,,338565,35,0,5,1,71,,338557,35,0,5,2,29,,338573,35,0,99 51,1,71,,338566,35,0,99 51,1,30,,338558,35,0,99 51,2,70,,338574,35,0,99 51,1,32,,338578,35,0,99 51,2,71,,338559,35,0,99 51,2,30,,338575,35,0,99 51,1,72,,338579,35,0,99 51,2,29,,338560,35,0,99 51,2,68,,338576,35,0,99 51,1,28,,338586,35,0,99 51,2,25,,338584,35,0,99 51,2,60,,338561,35,0,99 51,2,20,,338577,35,0,99 51,1,20,,338580,35,0,99 51,2,58,,338587,35,0,99 51,2,17,,338585,35,0,99 51,2,16,,338594,35,0,99 51,1,54,,338562,35,0,5,2,16,,338582,35,0,5,2,15,,338581,35,0,5,2,15,,338589,35,0,5,2,55,,338588,35,0,5,2,15,,338595,35,0,5,1,17,,338567,35,0,5,1,18,,338583,35,0,5,2,60,,338590,35,0,5,2,24,,338596,35,0,5,1,65,,338568,35,0,5,1,26,,338591,35,0,5,2,26,,338597,35,0,5,1,64,,338569,35,0,5,1,26,,338592,35,0,5,2,66,,338598,35,0,5,1,26,,338570,35,0,5,1,68,,338593,35,0,5,2,28,,338601,35,0,5,2,69,,338599,35,0,5,1,31,,338571,35,0,5,1,72,,338602,35,0,5,2,32,,338600,35,0,5,1,73,,338603,35,0,5,2
19701,'H51S000I-80-I',520,,338616,35,0,5,1,30,,338604,35,0,5,1,73,,338617,35,0,5,1,32,,338605,35,0,5,1,73,,338618,35,0,5,1,72,,338606,35,0,5,1,29,,338619,35,0,5,2,72,,338626,35,0,5,2,30,,338607,35,0,99 51,1,70,,338620,35,0,99 51,2,30,,338627,35,0,99 51,2,70,,338608,35,0,99 51,1,29,,338621,35,0,99 51,2,71,,338628,35,0,99 51,2,30,,338609,35,0,99 51,1,70,,338622,35,0,99 51,2,32,,338629,35,0,99 51,2,74,,338610,35,0,99 51,1,30,,338623,35,0,99 51,2,68,,338630,35,0,99 51,2,28,,338611,35,0,99 51,1,70,,338624,35,0,99 51,2,28,,338631,35,0,99 51,2,26,,338612,35,0,99 51,1,59,,338640,35,0,5,1,20,,338625,35,0,5,2,19,,338632,35,0,5,2,60,,338636,35,0,5,2,19,,338613,35,0,5,1,20,,338641,35,0,5,1,63,,338633,35,0,5,2,26,,338637,35,0,5,2,68,,338642,35,0,5,1,28,,338634,35,0,5,2,68,,338638,35,0,5,2,27,,338643,35,0,5,1,68,,338635,35,0,5,2,28,,338645,35,0,5,2,71,,338639,35,0,5,2,32,,338644,35,0,5,1,71,,338646,35,0,5,2,31,,338614,35,0,5,1,71,,338647,35,0,5,2,29,,338615,35,0,5,1
19701,'H51S000S-81-S',521,,338650,35,0,5,1,32,,338648,35,0,5,2,72,,338651,35,0,5,1,31,,338655,35,0,5,2,64,,338649,35,0,5,2,15,,338677,35,0,99 51,2,11,,338663,35,0,99 51,2,12,,338664,35,0,99 51,2,53,,338652,35,0,99 51,1,12,,338665,35,0,99 51,2,20,,338687,35,0,99 51,2,71,,338678,35,0,99 51,2,30,,338653,35,0,99 51,1,69,,338666,35,0,99 51,2,30,,338672,35,0,99 51,1,70,,338679,35,0,99 51,2,32,,338667,35,0,99 51,2,67,,338682,35,0,99 51,2,27,,338673,35,0,99 51,1,67,,338689,35,0,99 51,1,27,,338668,35,0,99 51,2,67,,338683,35,0,99 51,2,26,,338674,35,0,99 51,1,24,,338690,35,0,99 51,1,57,,338669,35,0,99 51,2,25,,338680,35,0,99 51,2,11,,338702,35,0,99 51,2,9,,338684,35,0,99 51,2,48,,338707,35,0,99 51,2,9,,338654,35,0,5,2,9,,338675,35,0,5,1,9,,338709,35,0,5,2,8,,338691,35,0,5,1,6,,338705,35,0,5,2,16,,338670,35,0,5,2,58,,338681,35,0,5,2,7,,338703,35,0,5,2,15,,338685,35,0,5,2,7,,338657,35,0,5,1,12,,338676,35,0,5,1,47,,338686,35,0,5,2,7,,338708,35,0,5,2,6,,338692,35,0,5,1,7,,338711,35,0,5,2,7,,338671,35,0,5,2,8,,338710,35,0,5,2,7,,338697,35,0,5,2,8,,338704,35,0,5,2,49,,338688,35,0,5,2,10,,338658,35,0,5,1,30,,338693,35,0,5,1,63,,338698,35,0,5,2,25,,338659,35,0,5,1,70,,338694,35,0,5,1,30,,338699,35,0,5,2,70,,338660,35,0,5,1,30,,338695,35,0,5,1,70,,338700,35,0,5,2,28,,338661,35,0,5,1,30,,338696,35,0,5,1,62,,338701,35,0,5,2,22,,338706,35,0,5,1,67,,338662,35,0,5,1,28,,338656,35,0,5,1
19701,'H51S100F-80-F1',520,,338714,35,0,5,1,30,,338727,35,0,5,1,73,,338715,35,0,5,1,32,,338728,35,0,5,1,73,,338716,35,0,5,1,72,,338729,35,0,5,1,29,,338720,35,0,5,2,72,,338717,35,0,5,2,30,,338730,35,0,99 51,1,70,,338721,35,0,99 51,2,30,,338718,35,0,99 51,2,70,,338731,35,0,99 51,1,29,,338722,35,0,99 51,2,71,,338719,35,0,99 51,2,30,,338732,35,0,99 51,1,70,,338723,35,0,99 51,2,32,,338737,35,0,99 51,2,74,,338733,35,0,99 51,1,30,,338724,35,0,99 51,2,68,,338738,35,0,99 51,2,28,,338734,35,0,99 51,1,70,,338725,35,0,99 51,2,28,,338739,35,0,99 51,2,26,,338735,35,0,99 51,1,59,,338748,35,0,5,1,20,,338726,35,0,5,2,19,,338740,35,0,5,2,60,,338744,35,0,5,2,19,,338736,35,0,5,1,20,,338749,35,0,5,1,63,,338741,35,0,5,2,26,,338745,35,0,5,2,68,,338750,35,0,5,1,28,,338742,35,0,5,2,68,,338746,35,0,5,2,27,,338751,35,0,5,1,68,,338743,35,0,5,2,28,,338753,35,0,5,2,71,,338747,35,0,5,2,32,,338752,35,0,5,1,71,,338754,35,0,5,2,31,,338712,35,0,5,1,71,,338755,35,0,5,2,29,,338713,35,0,5,1
19701,'H51S200F-80-F2',520,,338758,35,0,5,1,30,,338771,35,0,5,1,73,,338759,35,0,5,1,32,,338772,35,0,5,1,73,,338760,35,0,5,1,72,,338773,35,0,5,1,29,,338764,35,0,5,2,72,,338761,35,0,5,2,30,,338774,35,0,99 51,1,70,,338765,35,0,99 51,2,30,,338762,35,0,99 51,2,70,,338775,35,0,99 51,1,29,,338766,35,0,99 51,2,71,,338763,35,0,99 51,2,30,,338776,35,0,99 51,1,70,,338767,35,0,99 51,2,32,,338781,35,0,99 51,2,74,,338777,35,0,99 51,1,30,,338768,35,0,99 51,2,68,,338782,35,0,99 51,2,28,,338778,35,0,99 51,1,70,,338769,35,0,99 51,2,28,,338783,35,0,99 51,2,26,,338779,35,0,99 51,1,59,,338792,35,0,5,1,20,,338770,35,0,5,2,19,,338784,35,0,5,2,60,,338788,35,0,5,2,19,,338780,35,0,5,1,20,,338793,35,0,5,1,63,,338785,35,0,5,2,26,,338789,35,0,5,2,68,,338794,35,0,5,1,28,,338786,35,0,5,2,68,,338790,35,0,5,2,27,,338795,35,0,5,1,68,,338787,35,0,5,2,28,,338797,35,0,5,2,71,,338791,35,0,5,2,32,,338796,35,0,5,1,71,,338798,35,0,5,2,31,,338756,35,0,5,1,71,,338799,35,0,5,2,29,,338757,35,0,5,1
19701,'H54S000S-80-S',1519,,338800,35,0,99 51,1
19701,'H57S000S-80-S',1927,,338801,35,0,5,1
19701,'H59S000S-80-S',1706,,338803,35,0,5,1,23,,338802,35,0,5,2,21,,338804,35,0,5,2
37001,'H51S000A-80-A',2609,,347028,69,0,5,2,45,,347026,69,0,5,1,85,,347027,69,0,5,2,85,,347029,69,0,5,1,83,,347030,69,0,5,2
37001,'H51S000I-80-I',2606,,347032,69,0,5,2,45,,347034,69,0,5,1,85,,347031,69,0,5,1,85,,347033,69,0,5,2,85,,347035,69,0,5,1
37001,'H51S000S-81-S',2607,,347039,69,0,5,2,45,,347037,69,0,5,1,83,,347036,69,0,5,1,86,,347040,69,0,5,2,86,,347038,69,0,5,1
37001,'H51S100F-80-F1',2606,,347042,69,0,5,2,45,,347044,69,0,5,1,85,,347041,69,0,5,1,85,,347043,69,0,5,2,85,,347045,69,0,5,1
37001,'H51S200F-80-F2',2606,,347047,69,0,5,2,45,,347049,69,0,5,1,85,,347046,69,0,5,1,85,,347048,69,0,5,2,85,,347050,69,0,5,1
