10102,'H56S000S-82-S',552,,314989,18,0,10,1,72,,314981,18,0,10,1,27,,314995,18,0,10,1,71,,314975,18,0,10,2,31,,314990,18,0,10,1,71,,314982,18,0,10,1,30,,314996,18,0,10,1,71,,314976,18,0,10,2,30,,314991,18,0,10,1,70,,314983,18,0,10,1,32,,314971,18,0,10,1,71,,314977,18,0,10,2,29,,314992,18,0,10,1,69,,314984,18,0,10,1,31,,314972,18,0,10,1,70,,314978,18,0,10,2,32,,314993,18,0,10,1,70,,314985,18,0,10,1,30,,314973,18,0,10,1,71,,314979,18,0,10,2,74,,314994,18,0,10,1,32,,314986,18,0,10,1,70,,314974,18,0,10,1,30,,314980,18,0,10,2,65,,314988,18,0,10,2,27,,314987,18,0,10,1
10602,'H56S000A-80-A',508,,317567,3,0,10,1,33,,317610,3,0,10,1,73,,317623,3,0,10,1,29,,317544,3,0,10,1,68,,317624,3,0,10,1,28,,317545,3,0,10,1,66,,317547,3,0,10,2,25,,317546,3,0,10,1,23,,317586,3,0,10,1,62,,317611,3,0,10,1,22,,317614,3,0,10,1,20,,317587,3,0,10,1,59,,317612,3,0,10,1,19,,317568,3,0,10,1,18,,317588,3,0,10,1,56,,317608,3,0,10,1,15,,317613,3,0,10,1,16,,317569,3,0,10,1,17,,317589,3,0,10,1,54,,317594,3,0,10,1,12,,317609,3,0,10,1,10,,317563,3,0,10,1,11,,317570,3,0,10,1,11,,317621,3,0,10,1,51,,317590,3,0,10,1,11,,317595,3,0,10,1,9,,317548,3,0,10,1,10,,317564,3,0,10,1,11,,317571,3,0,10,1,11,,317622,3,0,10,1,51,,317591,3,0,10,1,10,,317596,3,0,10,1,9,,317549,3,0,10,1,10,,317565,3,0,10,1,10,,317559,3,0,10,2,11,,317572,3,0,10,1,52,,317592,3,0,10,1,9,,317597,3,0,10,1,9,,317550,3,0,10,1,10,,317566,3,0,10,1,10,,317560,3,0,10,2,8,,317602,3,0,10,1,46,,317573,3,0,10,1,6,,317617,3,0,10,1,7,,317593,3,0,10,1,7,,317598,3,0,10,1,7,,317551,3,0,10,1,7,,317554,3,0,10,1,6,,317603,3,0,10,1,5,,317574,3,0,10,1,8,,317561,3,0,10,2,48,,317576,3,0,10,1,7,,317599,3,0,10,1,7,,317618,3,0,10,1,6,,317555,3,0,10,1,7,,317552,3,0,10,1,7,,317604,3,0,10,1,6,,317562,3,0,10,2,4,,317575,3,0,10,1,6,,317615,3,0,10,2,47,,317577,3,0,10,1,7,,317556,3,0,10,1,7,,317553,3,0,10,1,9,,317619,3,0,10,1,12,,317605,3,0,10,1,14,,317578,3,0,10,1,52,,317616,3,0,10,2,12,,317557,3,0,10,1,12,,317606,3,0,10,1,13,,317620,3,0,10,1,17,,317579,3,0,10,1,58,,317607,3,0,10,1,18,,317625,3,0,10,1,18,,317580,3,0,10,1,55,,317600,3,0,10,1,14,,317626,3,0,10,1,17,,317558,3,0,10,1,19,,317581,3,0,10,1,59,,317627,3,0,10,1,18,,317601,3,0,10,1,20,,317582,3,0,10,1,62,,317631,3,0,10,2,21,,317628,3,0,10,1,24,,317583,3,0,10,1,68,,317629,3,0,10,1,29,,317584,3,0,10,1,70,,317630,3,0,10,1,30,,317585,3,0,10,1
10602,'H56S000I-80-I',512,,317665,3,0,10,1,30,,317694,3,0,10,1,72,,317666,3,0,10,1,31,,317643,3,0,10,1,69,,317667,3,0,10,1,32,,317644,3,0,10,1,71,,317668,3,0,10,1,29,,317645,3,0,10,1,70,,317669,3,0,10,1,31,,317646,3,0,10,1,71,,317670,3,0,10,1,21,,317678,3,0,10,2,19,,317647,3,0,10,1,60,,317635,3,0,10,2,20,,317679,3,0,10,2,17,,317648,3,0,10,1,56,,317671,3,0,10,1,18,,317636,3,0,10,2,17,,317685,3,0,10,2,54,,317649,3,0,10,1,15,,317672,3,0,10,1,13,,317680,3,0,10,2,14,,317637,3,0,10,2,10,,317686,3,0,10,2,51,,317653,3,0,10,1,12,,317650,3,0,10,1,12,,317673,3,0,10,1,12,,317681,3,0,10,2,11,,317638,3,0,10,2,52,,317687,3,0,10,2,11,,317654,3,0,10,1,10,,317651,3,0,10,1,10,,317674,3,0,10,1,10,,317682,3,0,10,2,10,,317639,3,0,10,2,50,,317688,3,0,10,2,10,,317655,3,0,10,1,11,,317652,3,0,10,1,9,,317690,3,0,10,2,10,,317675,3,0,10,1,10,,317640,3,0,10,2,48,,317683,3,0,10,2,8,,317689,3,0,10,2,9,,317656,3,0,10,1,9,,317676,3,0,10,1,8,,317691,3,0,10,2,9,,317684,3,0,10,2,9,,317641,3,0,10,2,49,,317698,3,0,10,1,11,,317677,3,0,10,1,13,,317657,3,0,10,1,13,,317642,3,0,10,2,16,,317692,3,0,10,2,57,,317699,3,0,10,1,15,,317658,3,0,10,1,15,,317693,3,0,10,2,16,,317632,3,0,10,1,58,,317700,3,0,10,2,18,,317659,3,0,10,1,21,,317633,3,0,10,1,62,,317660,3,0,10,1,21,,317701,3,0,10,2,21,,317634,3,0,10,1,62,,317661,3,0,10,1,25,,317702,3,0,10,2,68,,317662,3,0,10,1,26,,317695,3,0,10,1,68,,317663,3,0,10,1,28,,317696,3,0,10,1,68,,317664,3,0,10,1,28,,317697,3,0,10,1
10602,'H56S000S-82-S',524,,317711,3,0,10,1,24,,317788,3,0,10,1,66,,317712,3,0,10,1,27,,317789,3,0,10,1,67,,317713,3,0,10,1,22,,317801,3,0,10,2,19,,317728,3,0,10,2,61,,317729,3,0,10,1,10,,317708,3,0,10,1,21,,317706,3,0,10,1,12,,317783,3,0,10,1,59,,317730,3,0,10,1,20,,317705,3,0,10,2,19,,317707,3,0,10,1,56,,317784,3,0,10,1,17,,317731,3,0,10,1,17,,317722,3,0,10,2,59,,317785,3,0,10,1,10,,317716,3,0,10,2,11,,317732,3,0,10,1,18,,317723,3,0,10,2,17,,317745,3,0,10,1,55,,317717,3,0,10,2,14,,317733,3,0,10,1,12,,317791,3,0,10,1,11,,317724,3,0,10,2,11,,317746,3,0,10,1,51,,317718,3,0,10,2,12,,317734,3,0,10,1,11,,317792,3,0,10,1,12,,317725,3,0,10,2,12,,317747,3,0,10,1,51,,317719,3,0,10,2,10,,317735,3,0,10,1,8,,317806,3,0,10,2,9,,317793,3,0,10,1,10,,317726,3,0,10,2,11,,317748,3,0,10,1,50,,317720,3,0,10,2,10,,317757,3,0,10,2,8,,317736,3,0,10,1,7,,317790,3,0,10,1,6,,317794,3,0,10,1,6,,317749,3,0,10,1,5,,317768,3,0,10,2,5,,317715,3,0,10,2,5,,317727,3,0,10,2,46,,317797,3,0,10,1,6,,317721,3,0,10,2,6,,317755,3,0,10,2,6,,317714,3,0,10,1,4,,317772,3,0,10,2,5,,317758,3,0,10,2,5,,317774,3,0,10,2,5,,317787,3,0,10,2,5,,317737,3,0,10,1,5,,317795,3,0,10,1,5,,317802,3,0,10,2,45,,317769,3,0,10,2,6,,317781,3,0,10,2,7,,317773,3,0,10,2,5,,317756,3,0,10,2,5,,317775,3,0,10,2,4,,317750,3,0,10,2,5,,317799,3,0,10,2,4,,317759,3,0,10,2,5,,317796,3,0,10,1,5,,317803,3,0,10,2,5,,317738,3,0,10,1,6,,317782,3,0,10,2,46,,317770,3,0,10,2,6,,317777,3,0,10,2,6,,317751,3,0,10,2,7,,317800,3,0,10,2,6,,317776,3,0,10,2,5,,317760,3,0,10,1,5,,317739,3,0,10,1,6,,317804,3,0,10,2,7,,317771,3,0,10,2,48,,317752,3,0,10,2,7,,317778,3,0,10,2,8,,317761,3,0,10,1,9,,317805,3,0,10,2,8,,317740,3,0,10,1,9,,317753,3,0,10,2,13,,317762,3,0,10,1,52,,317779,3,0,10,2,14,,317754,3,0,10,2,13,,317741,3,0,10,1,13,,317780,3,0,10,2,13,,317763,3,0,10,1,54,,317703,3,0,10,1,14,,317742,3,0,10,1,13,,317807,3,0,10,2,12,,317704,3,0,10,1,53,,317764,3,0,10,1,16,,317808,3,0,10,2,19,,317743,3,0,10,1,63,,317765,3,0,10,1,22,,317744,3,0,10,1,20,,317798,3,0,10,2,62,,317766,3,0,10,1,22,,317786,3,0,10,2,18,,317709,3,0,10,1,61,,317767,3,0,10,1,24,,317710,3,0,10,1
10602,'H56S100F-80-F1',512,,317842,3,0,10,1,30,,317871,3,0,10,1,72,,317843,3,0,10,1,31,,317820,3,0,10,1,69,,317844,3,0,10,1,32,,317821,3,0,10,1,71,,317845,3,0,10,1,29,,317822,3,0,10,1,70,,317846,3,0,10,1,31,,317823,3,0,10,1,71,,317847,3,0,10,1,21,,317855,3,0,10,2,19,,317824,3,0,10,1,60,,317812,3,0,10,2,20,,317856,3,0,10,2,17,,317825,3,0,10,1,56,,317848,3,0,10,1,18,,317813,3,0,10,2,17,,317862,3,0,10,2,54,,317826,3,0,10,1,15,,317849,3,0,10,1,13,,317857,3,0,10,2,14,,317814,3,0,10,2,10,,317863,3,0,10,2,51,,317830,3,0,10,1,12,,317827,3,0,10,1,12,,317850,3,0,10,1,12,,317858,3,0,10,2,11,,317815,3,0,10,2,52,,317864,3,0,10,2,11,,317831,3,0,10,1,10,,317828,3,0,10,1,10,,317851,3,0,10,1,10,,317859,3,0,10,2,10,,317816,3,0,10,2,50,,317865,3,0,10,2,10,,317832,3,0,10,1,11,,317829,3,0,10,1,9,,317867,3,0,10,2,10,,317852,3,0,10,1,10,,317817,3,0,10,2,48,,317860,3,0,10,2,8,,317866,3,0,10,2,9,,317833,3,0,10,1,9,,317853,3,0,10,1,8,,317868,3,0,10,2,9,,317861,3,0,10,2,9,,317818,3,0,10,2,49,,317875,3,0,10,1,11,,317854,3,0,10,1,13,,317834,3,0,10,1,13,,317819,3,0,10,2,16,,317869,3,0,10,2,57,,317876,3,0,10,1,15,,317835,3,0,10,1,15,,317870,3,0,10,2,16,,317809,3,0,10,1,58,,317877,3,0,10,2,18,,317836,3,0,10,1,21,,317810,3,0,10,1,62,,317837,3,0,10,1,21,,317878,3,0,10,2,21,,317811,3,0,10,1,62,,317838,3,0,10,1,25,,317879,3,0,10,2,68,,317839,3,0,10,1,26,,317872,3,0,10,1,68,,317840,3,0,10,1,28,,317873,3,0,10,1,68,,317841,3,0,10,1,28,,317874,3,0,10,1
10602,'H56S200F-80-F2',512,,317913,3,0,10,1,30,,317942,3,0,10,1,72,,317914,3,0,10,1,31,,317891,3,0,10,1,69,,317915,3,0,10,1,32,,317892,3,0,10,1,71,,317916,3,0,10,1,29,,317893,3,0,10,1,70,,317917,3,0,10,1,31,,317894,3,0,10,1,71,,317918,3,0,10,1,21,,317926,3,0,10,2,19,,317895,3,0,10,1,60,,317883,3,0,10,2,20,,317927,3,0,10,2,17,,317896,3,0,10,1,56,,317919,3,0,10,1,18,,317884,3,0,10,2,17,,317933,3,0,10,2,54,,317897,3,0,10,1,15,,317920,3,0,10,1,13,,317928,3,0,10,2,14,,317885,3,0,10,2,10,,317934,3,0,10,2,51,,317901,3,0,10,1,12,,317898,3,0,10,1,12,,317921,3,0,10,1,12,,317929,3,0,10,2,11,,317886,3,0,10,2,52,,317935,3,0,10,2,11,,317902,3,0,10,1,10,,317899,3,0,10,1,10,,317922,3,0,10,1,10,,317930,3,0,10,2,10,,317887,3,0,10,2,50,,317936,3,0,10,2,10,,317903,3,0,10,1,11,,317900,3,0,10,1,9,,317938,3,0,10,2,10,,317923,3,0,10,1,10,,317888,3,0,10,2,48,,317931,3,0,10,2,8,,317937,3,0,10,2,9,,317904,3,0,10,1,9,,317924,3,0,10,1,8,,317939,3,0,10,2,9,,317932,3,0,10,2,9,,317889,3,0,10,2,49,,317946,3,0,10,1,11,,317925,3,0,10,1,13,,317905,3,0,10,1,13,,317890,3,0,10,2,16,,317940,3,0,10,2,57,,317947,3,0,10,1,15,,317906,3,0,10,1,15,,317941,3,0,10,2,16,,317880,3,0,10,1,58,,317948,3,0,10,2,18,,317907,3,0,10,1,21,,317881,3,0,10,1,62,,317908,3,0,10,1,21,,317949,3,0,10,2,21,,317882,3,0,10,1,62,,317909,3,0,10,1,25,,317950,3,0,10,2,68,,317910,3,0,10,1,26,,317943,3,0,10,1,68,,317911,3,0,10,1,28,,317944,3,0,10,1,68,,317912,3,0,10,1,28,,317945,3,0,10,1
11002,'H56S000A-80-A',550,,318996,3,0,10,1,69,,319001,3,0,10,1,31,,319005,3,0,10,1,69,,319032,3,0,10,1,30,,318997,3,0,10,1,70,,319002,3,0,10,1,32,,319006,3,0,10,1,72,,319033,3,0,10,1,31,,318998,3,0,10,1,70,,319003,3,0,10,1,31,,318995,3,0,10,1,70,,319004,3,0,10,1,32,,319011,3,0,10,1,72,,319018,3,0,10,1,73,,319026,3,0,10,1,33,,319023,3,0,10,1,73,,319007,3,0,10,1,29,,319012,3,0,10,1,69,,319019,3,0,10,1,30,,319027,3,0,10,1,69,,319024,3,0,10,1,28,,319008,3,0,10,1,25,,319013,3,0,10,1,69,,319020,3,0,10,1,28,,319028,3,0,10,1,67,,319025,3,0,10,1,30,,319009,3,0,10,1,73,,319014,3,0,10,1,32,,319021,3,0,10,1,73,,319029,3,0,10,1,72,,319010,3,0,10,1,31,,319015,3,0,10,1,71,,319022,3,0,10,1,28,,318994,3,0,10,1,27,,319034,3,0,10,1,66,,319016,3,0,10,1,27,,319030,3,0,10,1,68,,318999,3,0,10,1,29,,319035,3,0,10,1,68,,319017,3,0,10,1,26,,319031,3,0,10,1,68,,319000,3,0,10,1
11002,'H56S000I-80-I',618,,319040,3,0,10,1,29,,319071,3,0,10,1,72,,319073,3,0,10,1,30,,319047,3,0,10,1,70,,319041,3,0,10,1,32,,319072,3,0,10,1,72,,319074,3,0,10,1,31,,319048,3,0,10,1,71,,319042,3,0,10,1,30,,319046,3,0,10,1,70,,319075,3,0,10,1,31,,319045,3,0,10,1,71,,319068,3,0,10,1,73,,319065,3,0,10,1,33,,319049,3,0,10,1,72,,319055,3,0,10,1,32,,319063,3,0,10,1,69,,319069,3,0,10,1,28,,319066,3,0,10,1,69,,319050,3,0,10,1,29,,319056,3,0,10,1,68,,319064,3,0,10,1,28,,319070,3,0,10,1,28,,319067,3,0,10,1,71,,319051,3,0,10,1,31,,319057,3,0,10,1,71,,319043,3,0,10,1,73,,319036,3,0,10,1,32,,319052,3,0,10,1,70,,319058,3,0,10,1,29,,319044,3,0,10,1,69,,319037,3,0,10,1,30,,319053,3,0,10,1,69,,319059,3,0,10,1,27,,319061,3,0,10,1,27,,319038,3,0,10,1,68,,319054,3,0,10,1,28,,319060,3,0,10,1,67,,319062,3,0,10,1,26,,319039,3,0,10,1
11002,'H56S000S-82-S',530,,319076,3,0,10,1,71,,319085,3,0,10,1,32,,319112,3,0,10,1,16,,319094,3,0,10,1,70,,319102,3,0,10,1,31,,319077,3,0,10,1,71,,319086,3,0,10,1,33,,319106,3,0,10,1,73,,319095,3,0,10,1,29,,319103,3,0,10,1,71,,319078,3,0,10,1,31,,319087,3,0,10,1,71,,319107,3,0,10,1,73,,319096,3,0,10,1,29,,319104,3,0,10,1,69,,319079,3,0,10,1,29,,319088,3,0,10,1,30,,319100,3,0,10,1,73,,319097,3,0,10,1,70,,319105,3,0,10,1,30,,319080,3,0,10,1,69,,319089,3,0,10,1,27,,319101,3,0,10,1,26,,319110,3,0,10,1,65,,319098,3,0,10,1,15,,319111,3,0,10,1,15,,319108,3,0,10,1,70,,319081,3,0,10,1,29,,319090,3,0,10,1,69,,319113,3,0,10,1,28,,319099,3,0,10,1,68,,319109,3,0,10,1,27,,319082,3,0,10,1,67,,319091,3,0,10,1,30,,319114,3,0,10,1,71,,319117,3,0,10,1,32,,319083,3,0,10,1,73,,319092,3,0,10,1,32,,319115,3,0,10,1,70,,319118,3,0,10,1,28,,319084,3,0,10,1,69,,319093,3,0,10,1,25,,319116,3,0,10,1
11002,'H56S100F-80-F1',618,,319123,3,0,10,1,29,,319154,3,0,10,1,72,,319156,3,0,10,1,30,,319130,3,0,10,1,70,,319124,3,0,10,1,32,,319155,3,0,10,1,72,,319157,3,0,10,1,31,,319131,3,0,10,1,71,,319125,3,0,10,1,30,,319129,3,0,10,1,70,,319158,3,0,10,1,31,,319128,3,0,10,1,71,,319151,3,0,10,1,73,,319148,3,0,10,1,33,,319132,3,0,10,1,72,,319138,3,0,10,1,32,,319146,3,0,10,1,69,,319152,3,0,10,1,28,,319149,3,0,10,1,69,,319133,3,0,10,1,29,,319139,3,0,10,1,68,,319147,3,0,10,1,28,,319153,3,0,10,1,28,,319150,3,0,10,1,71,,319134,3,0,10,1,31,,319140,3,0,10,1,71,,319126,3,0,10,1,73,,319119,3,0,10,1,32,,319135,3,0,10,1,70,,319141,3,0,10,1,29,,319127,3,0,10,1,69,,319120,3,0,10,1,30,,319136,3,0,10,1,69,,319142,3,0,10,1,27,,319144,3,0,10,1,27,,319121,3,0,10,1,68,,319137,3,0,10,1,28,,319143,3,0,10,1,67,,319145,3,0,10,1,26,,319122,3,0,10,1
11002,'H56S200F-80-F2',618,,319163,3,0,10,1,29,,319194,3,0,10,1,72,,319196,3,0,10,1,30,,319170,3,0,10,1,70,,319164,3,0,10,1,32,,319195,3,0,10,1,72,,319197,3,0,10,1,31,,319171,3,0,10,1,71,,319165,3,0,10,1,30,,319169,3,0,10,1,70,,319198,3,0,10,1,31,,319168,3,0,10,1,71,,319191,3,0,10,1,73,,319188,3,0,10,1,33,,319172,3,0,10,1,72,,319178,3,0,10,1,32,,319186,3,0,10,1,69,,319192,3,0,10,1,28,,319189,3,0,10,1,69,,319173,3,0,10,1,29,,319179,3,0,10,1,68,,319187,3,0,10,1,28,,319193,3,0,10,1,28,,319190,3,0,10,1,71,,319174,3,0,10,1,31,,319180,3,0,10,1,71,,319166,3,0,10,1,73,,319159,3,0,10,1,32,,319175,3,0,10,1,70,,319181,3,0,10,1,29,,319167,3,0,10,1,69,,319160,3,0,10,1,30,,319176,3,0,10,1,69,,319182,3,0,10,1,27,,319184,3,0,10,1,27,,319161,3,0,10,1,68,,319177,3,0,10,1,28,,319183,3,0,10,1,67,,319185,3,0,10,1,26,,319162,3,0,10,1
11403,'H56S000A-80-A',602,,320157,23,0,8,1,29,,320150,23,0,8,1,69,,320164,23,0,8,1,29,,320158,23,0,8,1,29,,320151,23,0,8,1,69,,320165,23,0,8,1,73,,320159,23,0,8,1,30,,320152,23,0,8,1,70,,320166,23,0,8,1,31,,320160,23,0,8,1,71,,320171,23,0,8,2,32,,320167,23,0,8,1,73,,320161,23,0,8,1,33,,320172,23,0,8,2,72,,320168,23,0,8,1,32,,320162,23,0,8,1,73,,320173,23,0,8,2,33,,320169,23,0,8,1,73,,320163,23,0,8,1,33,,320174,23,0,8,2,73,,320170,23,0,8,1,29,,320149,23,0,8,2,69,,320177,23,0,8,1,31,,320175,23,0,8,2,71,,320155,23,0,8,1,72,,320178,23,0,8,1,30,,320176,23,0,8,2,69,,320156,23,0,8,1,30,,320179,23,0,8,1,70,,320153,23,0,8,1,30,,320184,23,0,8,1,70,,320180,23,0,8,1,28,,320154,23,0,8,1,30,,320185,23,0,8,1,71,,320181,23,0,8,1,71,,320188,23,0,8,1,30,,320186,23,0,8,1,70,,320182,23,0,8,1,30,,320189,23,0,8,1,71,,320187,23,0,8,1,31,,320183,23,0,8,1
11403,'H56S000I-80-I',603,,320222,23,0,8,2,30,,320208,23,0,8,2,69,,320215,23,0,8,1,29,,320223,23,0,8,2,71,,320209,23,0,8,2,30,,320216,23,0,8,1,70,,320224,23,0,8,2,30,,320210,23,0,8,2,70,,320217,23,0,8,1,31,,320225,23,0,8,2,71,,320211,23,0,8,2,32,,320218,23,0,8,1,71,,320226,23,0,8,2,35,,320212,23,0,8,2,73,,320219,23,0,8,1,32,,320201,23,0,8,1,73,,320213,23,0,8,2,33,,320220,23,0,8,1,72,,320202,23,0,8,1,33,,320214,23,0,8,2,73,,320221,23,0,8,1,72,,320203,23,0,8,1,28,,320190,23,0,8,1,69,,320204,23,0,8,2,31,,320196,23,0,8,1,72,,320191,23,0,8,1,30,,320205,23,0,8,2,70,,320197,23,0,8,1,28,,320192,23,0,8,1,70,,320206,23,0,8,2,30,,320198,23,0,8,1,70,,320193,23,0,8,1,30,,320207,23,0,8,2,69,,320199,23,0,8,1,30,,320194,23,0,8,1,70,,320227,23,0,8,2,30,,320200,23,0,8,1,70,,320195,23,0,8,1,30,,320228,23,0,8,2,70,,320229,23,0,8,2
11403,'H56S000S-82-S',524,,320264,23,0,8,1,33,,320237,23,0,8,1,77,,320235,23,0,8,1,72,,320265,23,0,8,1,32,,320238,23,0,8,1,71,,320230,23,0,8,1,31,,320256,23,0,8,1,71,,320266,23,0,8,1,30,,320239,23,0,8,1,72,,320231,23,0,8,1,32,,320257,23,0,8,1,72,,320267,23,0,8,1,32,,320240,23,0,8,1,73,,320248,23,0,8,1,32,,320270,23,0,8,1,72,,320232,23,0,8,1,32,,320258,23,0,8,1,72,,320268,23,0,8,1,72,,320241,23,0,8,1,34,,320249,23,0,8,1,72,,320259,23,0,8,1,30,,320236,23,0,8,2,70,,320242,23,0,8,1,30,,320250,23,0,8,1,70,,320260,23,0,8,1,28,,320269,23,0,8,2,65,,320243,23,0,8,1,30,,320251,23,0,8,1,71,,320261,23,0,8,1,31,,320244,23,0,8,1,70,,320252,23,0,8,1,32,,320262,23,0,8,1,71,,320245,23,0,8,1,31,,320253,23,0,8,1,70,,320263,23,0,8,1,31,,320246,23,0,8,1,71,,320254,23,0,8,1,31,,320233,23,0,8,1,71,,320247,23,0,8,1,29,,320255,23,0,8,1,70,,320234,23,0,8,1
11403,'H56S100F-80-F1',603,,320303,23,0,8,2,30,,320289,23,0,8,2,69,,320296,23,0,8,1,29,,320304,23,0,8,2,71,,320290,23,0,8,2,30,,320297,23,0,8,1,70,,320305,23,0,8,2,30,,320291,23,0,8,2,70,,320298,23,0,8,1,31,,320306,23,0,8,2,71,,320292,23,0,8,2,32,,320299,23,0,8,1,71,,320307,23,0,8,2,35,,320293,23,0,8,2,73,,320300,23,0,8,1,32,,320282,23,0,8,1,73,,320294,23,0,8,2,33,,320301,23,0,8,1,72,,320283,23,0,8,1,33,,320295,23,0,8,2,73,,320302,23,0,8,1,72,,320284,23,0,8,1,28,,320271,23,0,8,1,69,,320285,23,0,8,2,31,,320277,23,0,8,1,72,,320272,23,0,8,1,30,,320286,23,0,8,2,70,,320278,23,0,8,1,28,,320273,23,0,8,1,70,,320287,23,0,8,2,30,,320279,23,0,8,1,70,,320274,23,0,8,1,30,,320288,23,0,8,2,69,,320280,23,0,8,1,30,,320275,23,0,8,1,70,,320308,23,0,8,2,30,,320281,23,0,8,1,70,,320276,23,0,8,1,30,,320309,23,0,8,2,70,,320310,23,0,8,2
11403,'H56S200F-80-F2',603,,320343,23,0,8,2,30,,320329,23,0,8,2,69,,320336,23,0,8,1,29,,320344,23,0,8,2,71,,320330,23,0,8,2,30,,320337,23,0,8,1,70,,320345,23,0,8,2,30,,320331,23,0,8,2,70,,320338,23,0,8,1,31,,320346,23,0,8,2,71,,320332,23,0,8,2,32,,320339,23,0,8,1,71,,320347,23,0,8,2,35,,320333,23,0,8,2,73,,320340,23,0,8,1,32,,320322,23,0,8,1,73,,320334,23,0,8,2,33,,320341,23,0,8,1,72,,320323,23,0,8,1,33,,320335,23,0,8,2,73,,320342,23,0,8,1,72,,320324,23,0,8,1,28,,320311,23,0,8,1,69,,320325,23,0,8,2,31,,320317,23,0,8,1,72,,320312,23,0,8,1,30,,320326,23,0,8,2,70,,320318,23,0,8,1,28,,320313,23,0,8,1,70,,320327,23,0,8,2,30,,320319,23,0,8,1,70,,320314,23,0,8,1,30,,320328,23,0,8,2,69,,320320,23,0,8,1,30,,320315,23,0,8,1,70,,320348,23,0,8,2,30,,320321,23,0,8,1,70,,320316,23,0,8,1,30,,320349,23,0,8,2,70,,320350,23,0,8,2
19502,'H56S000A-80-A',543,,338073,3,0,10,2,72,,338072,3,0,10,1,31,,338084,3,0,10,2,71,,338088,3,0,10,1,31,,338074,3,0,10,2,71,,338103,3,0,10,1,31,,338085,3,0,10,2,72,,338089,3,0,10,1,30,,338075,3,0,10,2,71,,338104,3,0,10,1,31,,338086,3,0,10,2,70,,338090,3,0,10,1,29,,338076,3,0,10,2,70,,338105,3,0,10,1,30,,338087,3,0,10,2,72,,338091,3,0,10,1,31,,338077,3,0,10,2,70,,338106,3,0,10,1,31,,338098,3,0,10,2,71,,338092,3,0,10,1,31,,338078,3,0,10,2,71,,338107,3,0,10,1,71,,338099,3,0,10,2,30,,338093,3,0,10,1,70,,338079,3,0,10,2,30,,338108,3,0,10,1,69,,338100,3,0,10,2,28,,338094,3,0,10,1,29,,338080,3,0,10,2,69,,338109,3,0,10,1,30,,338101,3,0,10,2,70,,338095,3,0,10,1,29,,338081,3,0,10,2,69,,338110,3,0,10,1,29,,338102,3,0,10,2,70,,338096,3,0,10,1,30,,338082,3,0,10,2,69,,338111,3,0,10,1,29,,338113,3,0,10,2,69,,338097,3,0,10,1,29,,338083,3,0,10,2,69,,338112,3,0,10,1
19502,'H56S000I-80-I',543,,338114,3,0,10,2,72,,338116,3,0,10,1,31,,338126,3,0,10,2,71,,338134,3,0,10,1,31,,338115,3,0,10,2,71,,338117,3,0,10,1,30,,338127,3,0,10,2,72,,338135,3,0,10,1,31,,338144,3,0,10,2,71,,338118,3,0,10,1,30,,338128,3,0,10,2,68,,338136,3,0,10,1,30,,338145,3,0,10,2,70,,338119,3,0,10,1,30,,338129,3,0,10,2,71,,338139,3,0,10,1,31,,338146,3,0,10,2,70,,338120,3,0,10,1,30,,338130,3,0,10,2,69,,338140,3,0,10,1,30,,338147,3,0,10,2,71,,338121,3,0,10,1,30,,338131,3,0,10,2,70,,338141,3,0,10,1,30,,338148,3,0,10,2,71,,338122,3,0,10,1,30,,338132,3,0,10,2,70,,338142,3,0,10,1,28,,338149,3,0,10,2,70,,338123,3,0,10,1,30,,338133,3,0,10,2,70,,338143,3,0,10,1,30,,338150,3,0,10,2,70,,338124,3,0,10,1,30,,338137,3,0,10,1,70,,338153,3,0,10,1,30,,338151,3,0,10,2,69,,338125,3,0,10,1,29,,338138,3,0,10,1,69,,338154,3,0,10,1,28,,338152,3,0,10,2
19502,'H56S000S-82-S',516,,338173,3,0,10,1,29,,338172,3,0,10,2,70,,338162,3,0,10,1,26,,338161,3,0,10,2,68,,338174,3,0,10,1,20,,338182,3,0,10,1,15,,338186,3,0,10,2,58,,338194,3,0,10,2,3,,338155,3,0,10,1,25,,338163,3,0,10,1,23,,338156,3,0,10,1,64,,338175,3,0,10,1,30,,338183,3,0,10,1,70,,338187,3,0,10,2,31,,338164,3,0,10,1,71,,338176,3,0,10,1,31,,338184,3,0,10,1,70,,338188,3,0,10,2,31,,338165,3,0,10,1,70,,338177,3,0,10,1,30,,338185,3,0,10,1,70,,338189,3,0,10,2,30,,338166,3,0,10,1,68,,338195,3,0,10,2,29,,338158,3,0,10,2,70,,338157,3,0,10,1,31,,338190,3,0,10,2,72,,338167,3,0,10,1,34,,338196,3,0,10,2,73,,338178,3,0,10,1,72,,338191,3,0,10,2,29,,338168,3,0,10,1,28,,338197,3,0,10,2,68,,338179,3,0,10,1,29,,338192,3,0,10,2,70,,338169,3,0,10,1,29,,338198,3,0,10,2,70,,338180,3,0,10,1,29,,338193,3,0,10,2,70,,338170,3,0,10,1,30,,338159,3,0,10,1,69,,338181,3,0,10,1,29,,338199,3,0,10,2,69,,338171,3,0,10,1,29,,338160,3,0,10,1
19502,'H56S100F-80-F1',543,,338200,3,0,10,2,72,,338202,3,0,10,1,31,,338212,3,0,10,2,71,,338220,3,0,10,1,31,,338201,3,0,10,2,71,,338203,3,0,10,1,30,,338213,3,0,10,2,72,,338221,3,0,10,1,31,,338230,3,0,10,2,71,,338204,3,0,10,1,30,,338214,3,0,10,2,68,,338222,3,0,10,1,30,,338231,3,0,10,2,70,,338205,3,0,10,1,30,,338215,3,0,10,2,71,,338225,3,0,10,1,31,,338232,3,0,10,2,70,,338206,3,0,10,1,30,,338216,3,0,10,2,69,,338226,3,0,10,1,30,,338233,3,0,10,2,71,,338207,3,0,10,1,30,,338217,3,0,10,2,70,,338227,3,0,10,1,30,,338234,3,0,10,2,71,,338208,3,0,10,1,30,,338218,3,0,10,2,70,,338228,3,0,10,1,28,,338235,3,0,10,2,70,,338209,3,0,10,1,30,,338219,3,0,10,2,70,,338229,3,0,10,1,30,,338236,3,0,10,2,70,,338210,3,0,10,1,30,,338223,3,0,10,1,70,,338239,3,0,10,1,30,,338237,3,0,10,2,69,,338211,3,0,10,1,29,,338224,3,0,10,1,69,,338240,3,0,10,1,28,,338238,3,0,10,2
19502,'H56S200F-80-F2',543,,338241,3,0,10,2,72,,338243,3,0,10,1,31,,338253,3,0,10,2,71,,338261,3,0,10,1,31,,338242,3,0,10,2,71,,338244,3,0,10,1,30,,338254,3,0,10,2,72,,338262,3,0,10,1,31,,338271,3,0,10,2,71,,338245,3,0,10,1,30,,338255,3,0,10,2,68,,338263,3,0,10,1,30,,338272,3,0,10,2,70,,338246,3,0,10,1,30,,338256,3,0,10,2,71,,338266,3,0,10,1,31,,338273,3,0,10,2,70,,338247,3,0,10,1,30,,338257,3,0,10,2,69,,338267,3,0,10,1,30,,338274,3,0,10,2,71,,338248,3,0,10,1,30,,338258,3,0,10,2,70,,338268,3,0,10,1,30,,338275,3,0,10,2,71,,338249,3,0,10,1,30,,338259,3,0,10,2,70,,338269,3,0,10,1,28,,338276,3,0,10,2,70,,338250,3,0,10,1,30,,338260,3,0,10,2,70,,338270,3,0,10,1,30,,338277,3,0,10,2,70,,338251,3,0,10,1,30,,338264,3,0,10,1,70,,338280,3,0,10,1,30,,338278,3,0,10,2,69,,338252,3,0,10,1,29,,338265,3,0,10,1,69,,338281,3,0,10,1,28,,338279,3,0,10,2
35002,'H56S000A-80-A',2557,,345988,60,0,10,1,81,,345997,60,0,10,1,67,,346000,60,0,10,1,17,,346002,60,0,10,2,11,,345995,60,0,10,1,10,,345994,60,0,10,2,10,,345992,60,0,10,1,50,,345993,60,0,10,1,10,,345989,60,0,10,1,10,,345990,60,0,10,2,11,,345999,60,0,10,2,10,,345996,60,0,10,1,10,,345998,60,0,10,1,50,,345991,60,0,10,1,14,,346001,60,0,10,1
35002,'H56S000I-80-I',2549,,346008,60,0,10,1,68,,346003,60,0,10,1,26,,346005,60,0,10,1,67,,346010,60,0,10,2,27,,346007,60,0,10,1,66,,346009,60,0,10,1,26,,346004,60,0,10,2,26,,346006,60,0,10,1
35002,'H56S000S-82-S',2552,,346012,60,0,10,1,85,,346016,60,0,10,2,93,,346015,60,0,10,1,85,,346013,60,0,10,1,29,,346014,60,0,10,1,15,,346011,60,0,10,1
35002,'H56S100F-80-F1',2549,,346022,60,0,10,1,68,,346017,60,0,10,1,26,,346019,60,0,10,1,67,,346024,60,0,10,2,27,,346021,60,0,10,1,66,,346023,60,0,10,1,26,,346018,60,0,10,2,26,,346020,60,0,10,1
35002,'H56S200F-80-F2',2549,,346030,60,0,10,1,68,,346025,60,0,10,1,26,,346027,60,0,10,1,67,,346032,60,0,10,2,27,,346029,60,0,10,1,66,,346031,60,0,10,1,26,,346026,60,0,10,2,26,,346028,60,0,10,1
