17003,'H60S000A-80-A',642,,331861,26,4,,1,69,,331881,26,4,,2,30,,331862,26,4,,1,70,,331848,26,4,,2,30,,331863,26,4,,1,71,,331849,26,4,,2,30,,331864,26,4,,1,71,,331850,26,4,,2,30,,331865,26,4,,1,69,,331851,26,4,,2,29,,331866,26,4,,1,69,,331852,26,4,,2,28,,331867,26,4,,1,69,,331853,26,4,,2,28,,331868,26,4,,1,69,,331854,26,4,,2,30,,331869,26,4,,1,67,,331855,26,4,,2,18,,331882,26,4,,2,19,,331870,26,4,,1,20,,331856,26,4,,2,58,,331883,26,4,,2,19,,331871,26,4,,1,20,,331857,26,4,,2,60,,331884,26,4,,2,19,,331872,26,4,,1,18,,331858,26,4,,2,60,,331885,26,4,,2,20,,331873,26,4,,1,21,,331859,26,4,,2,63,,331886,26,4,,2,24,,331874,26,4,,1,65,,331860,26,4,,2,24,,331887,26,4,,2,26,,331875,26,4,,1,68,,331888,26,4,,2,31,,331876,26,4,,1,71,,331889,26,4,,2,30,,331877,26,4,,1,69,,331890,26,4,,2,28,,331878,26,4,,1,69,,331891,26,4,,2,31,,331879,26,4,,1,71,,331892,26,4,,2,31,,331880,26,4,,1
17003,'H60S000I-81-I',651,,331915,26,4,,2,73,,331897,26,4,,1,33,,331916,26,4,,2,72,,331898,26,4,,1,72,,331917,26,4,,2,32,,331899,26,4,,1,72,,331918,26,4,,2,30,,331900,26,4,,1,69,,331919,26,4,,2,30,,331901,26,4,,1,71,,331920,26,4,,2,29,,331902,26,4,,1,68,,331921,26,4,,2,29,,331903,26,4,,1,69,,331922,26,4,,2,28,,331904,26,4,,1,30,,331923,26,4,,2,68,,331905,26,4,,1,30,,331924,26,4,,2,70,,331906,26,4,,1,28,,331925,26,4,,2,63,,331928,26,4,,2,20,,331907,26,4,,1,20,,331926,26,4,,2,64,,331929,26,4,,2,21,,331908,26,4,,1,61,,331927,26,4,,2,21,,331930,26,4,,2,25,,331909,26,4,,1,69,,331931,26,4,,2,27,,331910,26,4,,1,68,,331932,26,4,,2,28,,331911,26,4,,1,69,,331893,26,4,,1,29,,331912,26,4,,1,70,,331894,26,4,,1,31,,331913,26,4,,1,71,,331895,26,4,,1,33,,331914,26,4,,1,71,,331896,26,4,,1
17003,'H60S000S-83-S',553,,331939,26,4,,1,73,,331948,26,4,,1,74,,331953,26,4,,2,33,,331949,26,4,,1,71,,331954,26,4,,2,34,,331950,26,4,,1,68,,331955,26,4,,2,29,,331940,26,4,,1,23,,331951,26,4,,1,63,,331947,26,4,,1,23,,331941,26,4,,1,70,,331933,26,4,,1,29,,331942,26,4,,1,71,,331934,26,4,,1,30,,331943,26,4,,1,70,,331935,26,4,,1,30,,331944,26,4,,1,70,,331936,26,4,,1,30,,331945,26,4,,1,60,,331956,26,4,,2,20,,331937,26,4,,1,18,,331961,26,4,,2,15,,331958,26,4,,2,50,,331957,26,4,,2,9,,331960,26,4,,2,9,,331963,26,4,,1,9,,331938,26,4,,1,9,,331968,26,4,,2,8,,331965,26,4,,2,7,,331966,26,4,,2,49,,331959,26,4,,2,9,,331979,26,4,,2,10,,331969,26,4,,1,11,,331964,26,4,,1,12,,331962,26,4,,2,51,,331986,26,4,,2,11,,331967,26,4,,2,11,,331971,26,4,,1,14,,331970,26,4,,1,15,,331952,26,4,,1,56,,331987,26,4,,2,19,,331972,26,4,,1,20,,331980,26,4,,2,60,,331946,26,4,,1,21,,331973,26,4,,1,27,,331981,26,4,,2,69,,331974,26,4,,1,29,,331982,26,4,,2,69,,331975,26,4,,1,31,,331983,26,4,,2,70,,331976,26,4,,1,29,,331984,26,4,,2,69,,331977,26,4,,1,30,,331985,26,4,,2,71,,331978,26,4,,1
17003,'H60S100F-80-F1',651,,332010,26,4,,1,73,,331992,26,4,,1,33,,332011,26,4,,1,72,,331993,26,4,,1,72,,332012,26,4,,1,32,,331994,26,4,,1,72,,332013,26,4,,1,30,,331995,26,4,,1,69,,332014,26,4,,1,30,,331996,26,4,,1,71,,332015,26,4,,1,29,,331997,26,4,,1,68,,332016,26,4,,1,29,,331998,26,4,,1,69,,332017,26,4,,1,28,,331999,26,4,,1,30,,332018,26,4,,1,68,,332000,26,4,,1,30,,332019,26,4,,1,70,,332001,26,4,,1,28,,332025,26,4,,2,63,,332020,26,4,,1,20,,332002,26,4,,1,20,,332026,26,4,,2,64,,332021,26,4,,1,21,,332003,26,4,,1,61,,332027,26,4,,2,21,,332022,26,4,,1,25,,332004,26,4,,1,69,,332023,26,4,,1,27,,332005,26,4,,1,68,,332024,26,4,,1,28,,332006,26,4,,1,69,,331988,26,4,,1,29,,332007,26,4,,1,70,,331989,26,4,,1,31,,332008,26,4,,1,71,,331990,26,4,,1,33,,332009,26,4,,1,71,,331991,26,4,,1
17003,'H60S200F-80-F2',651,,332050,26,4,,1,73,,332032,26,4,,1,33,,332051,26,4,,1,72,,332033,26,4,,1,72,,332052,26,4,,1,32,,332034,26,4,,1,72,,332053,26,4,,1,30,,332035,26,4,,1,69,,332054,26,4,,1,30,,332036,26,4,,1,71,,332055,26,4,,1,29,,332037,26,4,,1,68,,332056,26,4,,1,29,,332038,26,4,,1,69,,332057,26,4,,1,28,,332039,26,4,,1,30,,332058,26,4,,1,68,,332040,26,4,,1,30,,332059,26,4,,1,70,,332041,26,4,,1,28,,332065,26,4,,2,63,,332060,26,4,,1,20,,332042,26,4,,1,20,,332066,26,4,,2,64,,332061,26,4,,1,21,,332043,26,4,,1,61,,332067,26,4,,2,21,,332062,26,4,,1,25,,332044,26,4,,1,69,,332063,26,4,,1,27,,332045,26,4,,1,68,,332064,26,4,,1,28,,332046,26,4,,1,69,,332028,26,4,,1,29,,332047,26,4,,1,70,,332029,26,4,,1,31,,332048,26,4,,1,71,,332030,26,4,,1,33,,332049,26,4,,1,71,,332031,26,4,,1
17004,'H58S000S-83-S',757,,332068,1,0,9,2
17004,'H60S000A-80-A',552,,332081,1,0,9,1,68,,332101,1,0,9,2,30,,332082,1,0,9,1,70,,332102,1,0,9,2,30,,332083,1,0,9,1,70,,332069,1,0,9,2,30,,332084,1,0,9,1,70,,332070,1,0,9,2,30,,332085,1,0,9,1,69,,332071,1,0,9,2,29,,332086,1,0,9,1,68,,332072,1,0,9,2,28,,332087,1,0,9,1,69,,332073,1,0,9,2,28,,332088,1,0,9,1,69,,332074,1,0,9,2,28,,332089,1,0,9,1,69,,332075,1,0,9,2,30,,332090,1,0,9,1,67,,332076,1,0,9,2,18,,332103,1,0,9,2,19,,332091,1,0,9,1,60,,332077,1,0,9,2,20,,332104,1,0,9,2,19,,332092,1,0,9,1,19,,332078,1,0,9,2,60,,332105,1,0,9,2,20,,332093,1,0,9,1,61,,332079,1,0,9,2,23,,332106,1,0,9,2,24,,332094,1,0,9,1,65,,332080,1,0,9,2,24,,332107,1,0,9,2,66,,332095,1,0,9,1,30,,332108,1,0,9,2,71,,332096,1,0,9,1,30,,332109,1,0,9,2,70,,332097,1,0,9,1,30,,332110,1,0,9,2,69,,332098,1,0,9,1,29,,332111,1,0,9,2,69,,332099,1,0,9,1,30,,332112,1,0,9,2,70,,332100,1,0,9,1
17004,'H60S000I-81-I',559,,332134,1,0,9,2,71,,332116,1,0,9,1,73,,332135,1,0,9,2,33,,332117,1,0,9,1,73,,332136,1,0,9,2,31,,332118,1,0,9,1,72,,332137,1,0,9,2,30,,332119,1,0,9,1,69,,332138,1,0,9,2,29,,332120,1,0,9,1,72,,332139,1,0,9,2,28,,332121,1,0,9,1,68,,332140,1,0,9,2,29,,332122,1,0,9,1,69,,332141,1,0,9,2,28,,332123,1,0,9,1,69,,332142,1,0,9,2,28,,332124,1,0,9,1,70,,332143,1,0,9,2,30,,332125,1,0,9,1,28,,332144,1,0,9,2,71,,332126,1,0,9,1,27,,332145,1,0,9,2,65,,332147,1,0,9,2,19,,332127,1,0,9,1,59,,332146,1,0,9,2,25,,332148,1,0,9,2,31,,332128,1,0,9,1,71,,332149,1,0,9,2,26,,332129,1,0,9,1,68,,332150,1,0,9,2,29,,332130,1,0,9,1,70,,332151,1,0,9,2,29,,332131,1,0,9,1,70,,332113,1,0,9,1,31,,332132,1,0,9,1,71,,332114,1,0,9,1,33,,332133,1,0,9,1,73,,332115,1,0,9,1
17004,'H60S000S-83-S',501,,332157,1,0,9,1,30,,332167,1,0,9,1,25,,332158,1,0,9,1,62,,332174,1,0,9,2,17,,332168,1,0,9,1,12,,332178,1,0,9,2,10,,332180,1,0,9,2,48,,332175,1,0,9,2,6,,332182,1,0,9,2,6,,332183,1,0,9,2,6,,332184,1,0,9,2,6,,332185,1,0,9,2,8,,332169,1,0,9,1,10,,332186,1,0,9,2,60,,332176,1,0,9,2,10,,332172,1,0,9,1,10,,332181,1,0,9,2,10,,332159,1,0,9,1,10,,332179,1,0,9,1,11,,332170,1,0,9,1,53,,332177,1,0,9,2,14,,332165,1,0,9,1,18,,332160,1,0,9,1,59,,332171,1,0,9,1,22,,332166,1,0,9,1,23,,332161,1,0,9,1,70,,332152,1,0,9,1,30,,332162,1,0,9,1,70,,332153,1,0,9,1,30,,332163,1,0,9,1,70,,332154,1,0,9,1,30,,332164,1,0,9,1,70,,332155,1,0,9,1,25,,332189,1,0,9,2,65,,332187,1,0,9,2,23,,332156,1,0,9,1,73,,332188,1,0,9,2,30,,332190,1,0,9,1,70,,332191,1,0,9,2,30,,332192,1,0,9,1,70,,332205,1,0,9,2,29,,332193,1,0,9,1,69,,332173,1,0,9,1,29,,332194,1,0,9,1,70,,332200,1,0,9,2,30,,332195,1,0,9,1,70,,332201,1,0,9,2,30,,332196,1,0,9,1,71,,332202,1,0,9,2,30,,332197,1,0,9,1,70,,332203,1,0,9,2,30,,332198,1,0,9,1,70,,332204,1,0,9,2,30,,332199,1,0,9,1
17004,'H60S100F-80-F1',559,,332227,1,0,9,1,71,,332209,1,0,9,1,73,,332228,1,0,9,1,33,,332210,1,0,9,1,73,,332229,1,0,9,1,31,,332211,1,0,9,1,72,,332230,1,0,9,1,30,,332212,1,0,9,1,69,,332231,1,0,9,1,29,,332213,1,0,9,1,72,,332232,1,0,9,1,28,,332214,1,0,9,1,68,,332233,1,0,9,1,29,,332215,1,0,9,1,69,,332234,1,0,9,1,28,,332216,1,0,9,1,69,,332235,1,0,9,1,28,,332217,1,0,9,1,70,,332236,1,0,9,1,30,,332218,1,0,9,1,28,,332237,1,0,9,1,71,,332219,1,0,9,1,27,,332243,1,0,9,2,65,,332238,1,0,9,1,19,,332220,1,0,9,1,59,,332244,1,0,9,2,25,,332239,1,0,9,1,31,,332221,1,0,9,1,71,,332240,1,0,9,1,26,,332222,1,0,9,1,68,,332241,1,0,9,1,29,,332223,1,0,9,1,70,,332242,1,0,9,1,29,,332224,1,0,9,1,70,,332206,1,0,9,1,31,,332225,1,0,9,1,71,,332207,1,0,9,1,33,,332226,1,0,9,1,73,,332208,1,0,9,1
17004,'H60S200F-80-F2',559,,332266,1,0,9,1,71,,332248,1,0,9,1,73,,332267,1,0,9,1,33,,332249,1,0,9,1,73,,332268,1,0,9,1,31,,332250,1,0,9,1,72,,332269,1,0,9,1,30,,332251,1,0,9,1,69,,332270,1,0,9,1,29,,332252,1,0,9,1,72,,332271,1,0,9,1,28,,332253,1,0,9,1,68,,332272,1,0,9,1,29,,332254,1,0,9,1,69,,332273,1,0,9,1,28,,332255,1,0,9,1,69,,332274,1,0,9,1,28,,332256,1,0,9,1,70,,332275,1,0,9,1,30,,332257,1,0,9,1,28,,332276,1,0,9,1,71,,332258,1,0,9,1,27,,332282,1,0,9,2,65,,332277,1,0,9,1,19,,332259,1,0,9,1,59,,332283,1,0,9,2,25,,332278,1,0,9,1,31,,332260,1,0,9,1,71,,332279,1,0,9,1,26,,332261,1,0,9,1,68,,332280,1,0,9,1,29,,332262,1,0,9,1,70,,332281,1,0,9,1,29,,332263,1,0,9,1,70,,332245,1,0,9,1,31,,332264,1,0,9,1,71,,332246,1,0,9,1,33,,332265,1,0,9,1,73,,332247,1,0,9,1
