18602,'H54S000A-80-A',456,,335533,34,0,10,1,70,,335497,34,0,10,1,30,,335534,34,0,10,1,71,,335498,34,0,10,1,31,,335535,34,0,10,1,72,,335499,34,0,10,1,75,,335536,34,0,10,1,34,,335500,34,0,10,1,73,,335494,34,0,10,1,33,,335537,34,0,10,1,71,,335501,34,0,10,1,27,,335495,34,0,10,1,63,,335528,34,0,10,1,22,,335502,34,0,10,1,21,,335507,34,0,10,1,60,,335538,34,0,10,1,22,,335529,34,0,10,1,22,,335508,34,0,10,1,61,,335503,34,0,10,1,21,,335539,34,0,10,1,20,,335530,34,0,10,1,60,,335509,34,0,10,1,20,,335504,34,0,10,1,66,,335540,34,0,10,1,26,,335531,34,0,10,1,27,,335505,34,0,10,1,66,,335523,34,0,10,2,26,,335510,34,0,10,1,61,,335532,34,0,10,1,20,,335506,34,0,10,1,25,,335517,34,0,10,1,68,,335511,34,0,10,1,28,,335524,34,0,10,2,69,,335518,34,0,10,1,26,,335512,34,0,10,1,68,,335525,34,0,10,2,28,,335519,34,0,10,1,66,,335513,34,0,10,1,27,,335526,34,0,10,2,68,,335520,34,0,10,1,30,,335514,34,0,10,1,73,,335527,34,0,10,2,32,,335521,34,0,10,1,71,,335515,34,0,10,1,31,,335496,34,0,10,1,72,,335522,34,0,10,1,32,,335516,34,0,10,1
18602,'H54S000I-80-I',454,,335542,34,0,10,1,71,,335562,34,0,10,1,33,,335543,34,0,10,1,71,,335563,34,0,10,1,71,,335544,34,0,10,1,32,,335564,34,0,10,1,72,,335545,34,0,10,1,32,,335565,34,0,10,1,73,,335546,34,0,10,1,32,,335566,34,0,10,1,72,,335541,34,0,10,2,31,,335547,34,0,10,1,70,,335567,34,0,10,1,30,,335572,34,0,10,2,70,,335558,34,0,10,1,29,,335568,34,0,10,1,69,,335573,34,0,10,2,19,,335582,34,0,10,2,19,,335559,34,0,10,1,67,,335574,34,0,10,2,27,,335553,34,0,10,2,67,,335560,34,0,10,1,27,,335575,34,0,10,2,67,,335554,34,0,10,2,27,,335561,34,0,10,1,71,,335576,34,0,10,2,32,,335577,34,0,10,1,70,,335580,34,0,10,1,30,,335555,34,0,10,2,68,,335578,34,0,10,1,27,,335551,34,0,10,1,28,,335556,34,0,10,2,72,,335579,34,0,10,1,72,,335552,34,0,10,1,31,,335557,34,0,10,2,67,,335569,34,0,10,1,31,,335548,34,0,10,1,71,,335570,34,0,10,1,31,,335549,34,0,10,1,71,,335571,34,0,10,1,31,,335550,34,0,10,1,20,,335581,34,0,10,1
18602,'H54S000S-80-S',457,,335600,34,0,10,2,57,,335603,34,0,10,1,17,,335584,34,0,10,1,21,,335589,34,0,10,2,60,,335601,34,0,10,2,41,,335591,34,0,10,2,55,,335590,34,0,10,2,15,,335634,34,0,10,1,14,,335602,34,0,10,2,71,,335604,34,0,10,1,30,,335599,34,0,10,2,70,,335621,34,0,10,2,31,,335605,34,0,10,1,70,,335615,34,0,10,2,28,,335622,34,0,10,2,68,,335606,34,0,10,1,20,,335626,34,0,10,1,20,,335616,34,0,10,2,60,,335623,34,0,10,2,20,,335617,34,0,10,2,19,,335607,34,0,10,1,60,,335627,34,0,10,1,23,,335624,34,0,10,2,20,,335618,34,0,10,2,60,,335608,34,0,10,1,20,,335628,34,0,10,1,15,,335593,34,0,10,2,15,,335625,34,0,10,2,56,,335619,34,0,10,2,23,,335609,34,0,10,1,21,,335629,34,0,10,1,59,,335594,34,0,10,2,25,,335620,34,0,10,2,65,,335598,34,0,10,2,25,,335630,34,0,10,1,21,,335595,34,0,10,2,65,,335583,34,0,10,1,25,,335596,34,0,10,2,64,,335610,34,0,10,2,26,,335632,34,0,10,1,70,,335597,34,0,10,2,31,,335611,34,0,10,2,71,,335587,34,0,10,1,31,,335585,34,0,10,1,69,,335612,34,0,10,2,29,,335588,34,0,10,1,67,,335586,34,0,10,1,30,,335613,34,0,10,2,29,,335633,34,0,10,2,68,,335631,34,0,10,1,28,,335614,34,0,10,2
18602,'H54S100F-80-F1',454,,335636,34,0,10,1,71,,335656,34,0,10,1,33,,335637,34,0,10,1,71,,335657,34,0,10,1,71,,335638,34,0,10,1,32,,335658,34,0,10,1,72,,335639,34,0,10,1,32,,335659,34,0,10,1,73,,335640,34,0,10,1,32,,335660,34,0,10,1,72,,335635,34,0,10,2,31,,335641,34,0,10,1,70,,335661,34,0,10,1,30,,335666,34,0,10,2,70,,335652,34,0,10,1,29,,335662,34,0,10,1,69,,335667,34,0,10,2,19,,335676,34,0,10,2,19,,335653,34,0,10,1,67,,335668,34,0,10,2,27,,335647,34,0,10,2,67,,335654,34,0,10,1,27,,335669,34,0,10,2,67,,335648,34,0,10,2,27,,335655,34,0,10,1,71,,335670,34,0,10,2,32,,335671,34,0,10,1,70,,335674,34,0,10,1,30,,335649,34,0,10,2,68,,335672,34,0,10,1,27,,335645,34,0,10,1,28,,335650,34,0,10,2,72,,335673,34,0,10,1,72,,335646,34,0,10,1,31,,335651,34,0,10,2,67,,335663,34,0,10,1,31,,335642,34,0,10,1,71,,335664,34,0,10,1,31,,335643,34,0,10,1,71,,335665,34,0,10,1,31,,335644,34,0,10,1,20,,335675,34,0,10,1
18602,'H54S200F-80-F2',454,,335678,34,0,10,1,71,,335698,34,0,10,1,33,,335679,34,0,10,1,71,,335699,34,0,10,1,71,,335680,34,0,10,1,32,,335700,34,0,10,1,72,,335681,34,0,10,1,32,,335701,34,0,10,1,73,,335682,34,0,10,1,32,,335702,34,0,10,1,72,,335677,34,0,10,2,31,,335683,34,0,10,1,70,,335703,34,0,10,1,30,,335708,34,0,10,2,70,,335694,34,0,10,1,29,,335704,34,0,10,1,69,,335709,34,0,10,2,19,,335718,34,0,10,2,19,,335695,34,0,10,1,67,,335710,34,0,10,2,27,,335689,34,0,10,2,67,,335696,34,0,10,1,27,,335711,34,0,10,2,67,,335690,34,0,10,2,27,,335697,34,0,10,1,71,,335712,34,0,10,2,32,,335713,34,0,10,1,70,,335716,34,0,10,1,30,,335691,34,0,10,2,68,,335714,34,0,10,1,27,,335687,34,0,10,1,28,,335692,34,0,10,2,72,,335715,34,0,10,1,72,,335688,34,0,10,1,31,,335693,34,0,10,2,67,,335705,34,0,10,1,31,,335684,34,0,10,1,71,,335706,34,0,10,1,31,,335685,34,0,10,1,71,,335707,34,0,10,1,31,,335686,34,0,10,1,20,,335717,34,0,10,1
18602,'H57S000S-80-S',633,,335719,34,0,10,1
18702,'H54S000A-80-A',508,,335997,39,0,10,1,31,,335982,39,0,10,1,71,,335988,39,0,10,1,30,,335998,39,0,10,1,71,,335983,39,0,10,2,28,,335989,39,0,10,1,65,,335999,39,0,10,1,19,,335984,39,0,10,2,17,,336005,39,0,10,1,17,,335990,39,0,10,1,58,,336021,39,0,10,1,20,,336000,39,0,10,1,22,,336006,39,0,10,1,60,,335991,39,0,10,2,20,,336022,39,0,10,1,19,,336007,39,0,10,1,58,,336001,39,0,10,1,21,,335992,39,0,10,2,21,,336008,39,0,10,1,62,,336013,39,0,10,1,22,,336002,39,0,10,1,63,,335993,39,0,10,2,21,,336018,39,0,10,2,19,,336009,39,0,10,1,59,,336003,39,0,10,1,18,,335976,39,0,10,2,19,,335994,39,0,10,2,19,,336019,39,0,10,2,58,,336023,39,0,10,1,17,,336004,39,0,10,1,23,,335977,39,0,10,2,66,,336020,39,0,10,2,26,,336024,39,0,10,1,69,,335978,39,0,10,2,32,,335979,39,0,10,1,70,,335980,39,0,10,2,30,,336025,39,0,10,1,72,,335985,39,0,10,1,32,,335981,39,0,10,2,72,,336014,39,0,10,1,33,,335986,39,0,10,1,72,,336010,39,0,10,1,70,,336015,39,0,10,1,28,,335987,39,0,10,1,30,,336011,39,0,10,1,70,,336016,39,0,10,1,31,,335995,39,0,10,1,70,,336012,39,0,10,1,71,,336017,39,0,10,1,31,,335996,39,0,10,1
18702,'H54S000I-80-I',504,,336029,39,0,10,2,33,,336033,39,0,10,1,74,,336030,39,0,10,2,31,,336034,39,0,10,1,70,,336035,39,0,10,1,33,,336031,39,0,10,2,66,,336067,39,0,10,1,21,,336036,39,0,10,1,22,,336032,39,0,10,2,63,,336065,39,0,10,2,26,,336068,39,0,10,1,63,,336037,39,0,10,1,25,,336066,39,0,10,2,18,,336027,39,0,10,1,58,,336069,39,0,10,1,28,,336038,39,0,10,1,69,,336028,39,0,10,1,30,,336070,39,0,10,1,19,,336026,39,0,10,2,57,,336047,39,0,10,2,17,,336051,39,0,10,2,17,,336060,39,0,10,1,64,,336039,39,0,10,1,27,,336048,39,0,10,2,69,,336052,39,0,10,2,32,,336040,39,0,10,1,73,,336049,39,0,10,2,33,,336053,39,0,10,2,73,,336041,39,0,10,1,32,,336050,39,0,10,2,73,,336054,39,0,10,2,33,,336042,39,0,10,1,71,,336061,39,0,10,1,29,,336055,39,0,10,2,68,,336043,39,0,10,1,27,,336062,39,0,10,1,67,,336056,39,0,10,2,26,,336044,39,0,10,1,67,,336063,39,0,10,1,27,,336057,39,0,10,2,66,,336045,39,0,10,1,33,,336064,39,0,10,1,71,,336058,39,0,10,2,33,,336046,39,0,10,1,73,,336059,39,0,10,2
18702,'H54S000S-80-S',509,,336072,39,0,10,1,15,,336093,39,0,10,1,16,,336083,39,0,10,1,14,,336084,39,0,10,2,50,,336141,39,0,10,2,9,,336106,39,0,10,2,10,,336071,39,0,10,1,11,,336101,39,0,10,1,10,,336103,39,0,10,2,9,,336094,39,0,10,1,5,,336085,39,0,10,1,45,,336107,22,0,10,2,5,,336108,39,0,10,2,5,,336146,22,0,10,1,4,,336090,39,0,10,2,5,,336110,39,0,10,2,5,,336142,39,0,10,2,3,,336118,22,0,10,2,5,,336112,39,0,10,2,5,,336119,39,0,10,2,4,,336122,22,0,10,2,5,,336121,39,0,10,2,7,,336104,39,0,10,2,46,,336109,22,0,10,2,5,,336086,39,0,10,1,7,,336102,39,0,10,1,7,,336073,22,0,10,1,6,,336111,39,0,10,2,10,,336095,39,0,10,1,9,,336120,39,0,10,2,9,,336123,39,0,10,2,49,,336113,39,0,10,2,10,,336143,39,0,10,2,11,,336075,39,0,10,1,22,,336087,39,0,10,1,12,,336096,39,0,10,1,55,,336144,39,0,10,2,15,,336114,39,0,10,2,18,,336088,39,0,10,1,56,,336091,39,0,10,2,15,,336145,39,0,10,2,15,,336097,39,0,10,1,15,,336089,39,0,10,1,55,,336115,39,0,10,2,16,,336126,39,0,10,1,18,,336092,39,0,10,2,18,,336098,39,0,10,1,56,,336128,39,0,10,1,16,,336124,39,0,10,2,16,,336116,39,0,10,2,57,,336127,39,0,10,1,17,,336099,39,0,10,1,19,,336129,39,0,10,1,23,,336125,39,0,10,2,64,,336117,39,0,10,2,28,,336100,39,0,10,1,68,,336133,39,0,10,2,28,,336137,39,0,10,2,68,,336136,39,0,10,2,28,,336074,39,0,10,1,69,,336130,39,0,10,1,29,,336138,39,0,10,2,67,,336134,39,0,10,2,28,,336131,39,0,10,1,70,,336139,39,0,10,2,29,,336135,39,0,10,2,71,,336132,39,0,10,1,30,,336140,39,0,10,2,71,,336082,39,0,10,1,30,,336078,39,0,10,1,71,,336080,39,0,10,1,31,,336076,39,0,10,2,69,,336079,39,0,10,1,31,,336081,39,0,10,1,71,,336077,39,0,10,2
18702,'H54S100F-80-F1',504,,336150,39,0,10,2,33,,336154,39,0,10,1,74,,336151,39,0,10,2,31,,336155,39,0,10,1,70,,336156,39,0,10,1,33,,336152,39,0,10,2,66,,336188,39,0,10,1,21,,336157,39,0,10,1,22,,336153,39,0,10,2,63,,336186,39,0,10,2,26,,336189,39,0,10,1,63,,336158,39,0,10,1,25,,336187,39,0,10,2,18,,336148,39,0,10,1,58,,336190,39,0,10,1,28,,336159,39,0,10,1,69,,336149,39,0,10,1,30,,336191,39,0,10,1,19,,336147,39,0,10,2,57,,336168,39,0,10,2,17,,336172,39,0,10,2,17,,336181,39,0,10,1,64,,336160,39,0,10,1,27,,336169,39,0,10,2,69,,336173,39,0,10,2,32,,336161,39,0,10,1,73,,336170,39,0,10,2,33,,336174,39,0,10,2,73,,336162,39,0,10,1,32,,336171,39,0,10,2,73,,336175,39,0,10,2,33,,336163,39,0,10,1,71,,336182,39,0,10,1,29,,336176,39,0,10,2,68,,336164,39,0,10,1,27,,336183,39,0,10,1,67,,336177,39,0,10,2,26,,336165,39,0,10,1,67,,336184,39,0,10,1,27,,336178,39,0,10,2,66,,336166,39,0,10,1,33,,336185,39,0,10,1,71,,336179,39,0,10,2,33,,336167,39,0,10,1,73,,336180,39,0,10,2
18702,'H54S200F-80-F2',504,,336195,39,0,10,2,33,,336199,39,0,10,1,74,,336196,39,0,10,2,31,,336200,39,0,10,1,70,,336201,39,0,10,1,33,,336197,39,0,10,2,66,,336233,39,0,10,1,21,,336202,39,0,10,1,22,,336198,39,0,10,2,63,,336231,39,0,10,2,26,,336234,39,0,10,1,63,,336203,39,0,10,1,25,,336232,39,0,10,2,18,,336193,39,0,10,1,58,,336235,39,0,10,1,28,,336204,39,0,10,1,69,,336194,39,0,10,1,30,,336236,39,0,10,1,19,,336192,39,0,10,2,57,,336213,39,0,10,2,17,,336217,39,0,10,2,17,,336226,39,0,10,1,64,,336205,39,0,10,1,27,,336214,39,0,10,2,69,,336218,39,0,10,2,32,,336206,39,0,10,1,73,,336215,39,0,10,2,33,,336219,39,0,10,2,73,,336207,39,0,10,1,32,,336216,39,0,10,2,73,,336220,39,0,10,2,33,,336208,39,0,10,1,71,,336227,39,0,10,1,29,,336221,39,0,10,2,68,,336209,39,0,10,1,27,,336228,39,0,10,1,67,,336222,39,0,10,2,26,,336210,39,0,10,1,67,,336229,39,0,10,1,27,,336223,39,0,10,2,66,,336211,39,0,10,1,33,,336230,39,0,10,1,71,,336224,39,0,10,2,33,,336212,39,0,10,1,73,,336225,39,0,10,2
18702,'H59S000S-80-S',936,,336237,39,0,10,1
