3304,'H50S000S-82-S',1019,,295154,50,0,9,1
3304,'H54S000A-80-A',510,,295156,50,0,106,1,27,,295162,50,0,106,1,68,,295175,50,0,106,1,29,,295157,50,0,9,1,72,,295166,50,0,9,1,28,,295163,50,0,9,1,23,,295181,50,0,9,1,62,,295176,50,0,9,1,19,,295158,50,0,9,1,19,,295171,50,0,9,1,59,,295167,50,0,9,1,22,,295164,50,0,9,1,14,,295186,50,0,9,1,52,,295182,50,0,9,1,13,,295226,50,0,9,1,14,,295177,50,0,9,1,15,,295159,50,0,9,1,57,,295202,50,0,9,1,17,,295172,50,0,9,1,15,,295168,50,0,9,1,15,,295205,50,0,9,1,53,,295165,50,0,9,1,10,,295187,50,0,9,1,10,,295197,50,0,9,1,10,,295183,50,0,9,1,9,,295227,50,0,9,1,10,,295178,50,0,9,1,50,,295194,50,0,9,1,8,,295160,50,0,9,1,8,,295199,50,0,9,1,8,,295213,50,0,9,2,12,,295203,50,0,9,1,12,,295173,50,0,9,1,52,,295208,50,0,9,2,10,,295169,50,0,9,1,10,,295206,50,0,9,1,9,,295220,50,0,9,1,10,,295188,50,0,9,1,10,,295198,50,0,9,1,50,,295223,50,0,9,1,9,,295184,50,0,9,1,10,,295179,50,0,9,1,10,,295195,50,0,9,1,10,,295161,50,0,9,1,10,,295214,50,0,9,2,51,,295204,50,0,9,1,10,,295174,50,0,9,1,12,,295209,50,0,9,2,10,,295170,50,0,9,1,10,,295207,50,0,9,1,12,,295221,50,0,9,1,53,,295189,50,0,9,1,13,,295224,50,0,9,1,10,,295185,50,0,9,1,11,,295180,50,0,9,1,11,,295196,50,0,9,1,56,,295215,50,0,9,2,16,,295216,50,0,9,1,15,,295210,50,0,9,2,17,,295225,50,0,9,1,63,,295190,50,0,106,1,22,,295200,50,0,106,1,64,,295228,50,0,106,1,23,,295217,50,0,106,1,26,,295211,50,0,106,2,66,,295191,50,0,106,1,21,,295201,50,0,106,1,63,,295229,50,0,106,1,23,,295218,50,0,106,1,30,,295212,50,0,106,2,70,,295192,50,0,106,1,72,,295230,50,0,106,1,30,,295155,50,0,106,1,28,,295219,50,0,106,1,65,,295222,50,0,106,2,25,,295193,50,0,106,1
3304,'H54S000I-80-I',516,,295239,50,0,106,1,29,,295245,50,0,106,1,68,,295263,50,0,106,1,30,,295235,50,0,9,1,72,,295240,50,0,9,1,29,,295246,50,0,9,1,70,,295264,50,0,9,1,27,,295236,50,0,9,1,62,,295259,50,0,9,1,23,,295241,50,0,9,1,21,,295247,50,0,9,1,57,,295271,50,0,9,1,17,,295265,50,0,9,1,16,,295276,50,0,9,2,16,,295237,50,0,9,1,57,,295260,50,0,9,1,15,,295280,50,0,9,1,15,,295242,50,0,9,1,15,,295283,50,0,9,2,51,,295248,50,0,9,1,12,,295272,50,0,9,1,15,,295269,50,0,9,1,14,,295266,50,0,9,1,12,,295277,50,0,9,2,51,,295238,50,0,9,1,12,,295284,50,0,9,2,12,,295261,50,0,9,1,13,,295281,50,0,9,1,11,,295285,50,0,9,1,51,,295243,50,0,9,1,11,,295287,50,0,9,2,11,,295249,50,0,9,1,12,,295273,50,0,9,1,13,,295270,50,0,9,1,53,,295293,50,0,9,1,13,,295267,50,0,9,1,13,,295278,50,0,9,2,16,,295262,50,0,9,1,55,,295282,50,0,9,1,14,,295286,50,0,9,1,15,,295244,50,0,9,1,16,,295288,50,0,9,2,56,,295250,50,0,9,1,15,,295274,50,0,9,1,17,,295232,50,0,9,2,16,,295268,50,0,9,1,57,,295279,50,0,9,2,15,,295255,50,0,9,1,20,,295231,50,0,106,1,65,,295251,50,0,106,1,24,,295275,50,0,106,1,67,,295233,50,0,106,2,28,,295256,50,0,106,1,71,,295234,50,0,106,2,28,,295252,50,0,106,1,29,,295290,50,0,106,1,69,,295257,50,0,106,1,28,,295292,50,0,106,1,70,,295253,50,0,106,1,29,,295291,50,0,106,1,67,,295258,50,0,106,1,30,,295289,50,0,106,2,70,,295254,50,0,106,1
3304,'H54S000S-80-S',527,,295303,50,0,106,1,14,,295305,50,0,106,2,14,,295316,50,0,106,1,57,,295377,50,0,106,1,16,,295317,50,0,9,1,11,,295323,50,0,9,1,11,,295299,50,0,9,2,6,,295325,24,0,9,1,48,,295307,50,0,9,1,6,,295300,24,0,9,2,5,,295379,50,0,9,1,10,,295332,50,0,9,1,6,,295322,24,0,9,1,5,,295295,50,0,9,1,6,,295333,50,0,9,2,4,,295341,24,0,9,1,5,,295304,50,0,9,1,52,,295337,50,0,9,1,3,,295347,24,0,9,1,8,,295306,50,0,9,2,7,,295345,50,0,9,1,4,,295301,24,0,9,1,8,,295346,50,0,9,1,8,,295312,24,0,9,1,3,,295376,50,0,9,2,12,,295318,50,0,9,1,50,,295358,50,0,9,2,12,,295326,50,0,9,1,12,,295308,50,0,9,1,23,,295351,50,0,9,1,52,,295342,50,0,9,1,28,,295348,50,0,9,1,13,,295302,50,0,9,1,13,,295313,50,0,9,1,53,,295338,50,0,9,2,13,,295319,50,0,9,1,14,,295327,50,0,9,1,14,,295324,50,0,9,2,53,,295309,50,0,9,1,12,,295352,50,0,9,1,12,,295297,50,0,9,2,14,,295343,50,0,9,1,13,,295349,50,0,9,1,53,,295355,50,0,9,1,13,,295335,50,0,9,1,13,,295314,50,0,9,1,11,,295339,50,0,9,2,11,,295320,50,0,9,1,51,,295328,50,0,9,1,12,,295359,50,0,9,2,11,,295310,50,0,9,1,12,,295353,50,0,9,1,12,,295298,50,0,9,2,50,,295357,50,0,9,1,10,,295344,50,0,9,1,9,,295350,50,0,9,1,12,,295356,50,0,9,1,11,,295334,50,0,9,2,10,,295336,50,0,9,1,52,,295315,50,0,9,1,11,,295340,50,0,9,2,10,,295321,50,0,9,1,10,,295294,50,0,9,1,10,,295329,50,0,9,1,50,,295360,50,0,9,2,11,,295311,50,0,9,1,10,,295363,50,0,9,2,8,,295354,50,0,9,1,8,,295378,50,0,9,1,10,,295361,50,0,9,1,10,,295365,50,0,9,2,51,,295366,50,0,9,1,20,,295296,50,0,9,1,74,,295374,50,0,9,1,20,,295330,50,0,106,1,21,,295364,50,0,106,2,61,,295362,50,0,106,1,22,,295367,50,0,106,2,29,,295372,50,0,106,1,70,,295370,50,0,106,1,30,,295331,50,0,106,1,71,,295368,50,0,106,1,31,,295373,50,0,106,1,67,,295371,50,0,106,1,30,,295381,50,0,106,1,69,,295369,50,0,106,1,29,,295380,50,0,106,1,70,,295375,50,0,106,1
3304,'H54S100F-80-F1',516,,295390,50,0,106,1,29,,295396,50,0,106,1,68,,295414,50,0,106,1,30,,295386,50,0,9,1,72,,295391,50,0,9,1,29,,295397,50,0,9,1,70,,295415,50,0,9,1,27,,295387,50,0,9,1,62,,295410,50,0,9,1,23,,295392,50,0,9,1,21,,295398,50,0,9,1,57,,295422,50,0,9,1,17,,295416,50,0,9,1,16,,295427,50,0,9,2,16,,295388,50,0,9,1,57,,295411,50,0,9,1,15,,295431,50,0,9,1,15,,295393,50,0,9,1,15,,295434,50,0,9,2,51,,295399,50,0,9,1,12,,295423,50,0,9,1,15,,295420,50,0,9,1,14,,295417,50,0,9,1,12,,295428,50,0,9,2,51,,295389,50,0,9,1,12,,295435,50,0,9,2,12,,295412,50,0,9,1,13,,295432,50,0,9,1,11,,295436,50,0,9,1,51,,295394,50,0,9,1,11,,295438,50,0,9,2,11,,295400,50,0,9,1,12,,295424,50,0,9,1,13,,295421,50,0,9,1,53,,295444,50,0,9,1,13,,295418,50,0,9,1,13,,295429,50,0,9,2,16,,295413,50,0,9,1,55,,295433,50,0,9,1,14,,295437,50,0,9,1,15,,295395,50,0,9,1,16,,295439,50,0,9,2,56,,295401,50,0,9,1,15,,295425,50,0,9,1,17,,295383,50,0,9,2,16,,295419,50,0,9,1,57,,295430,50,0,9,2,15,,295406,50,0,9,1,20,,295382,50,0,106,1,65,,295402,50,0,106,1,24,,295426,50,0,106,1,67,,295384,50,0,106,2,28,,295407,50,0,106,1,71,,295385,50,0,106,2,28,,295403,50,0,106,1,29,,295441,50,0,106,1,69,,295408,50,0,106,1,28,,295443,50,0,106,1,70,,295404,50,0,106,1,29,,295442,50,0,106,1,67,,295409,50,0,106,1,30,,295440,50,0,106,2,70,,295405,50,0,106,1
3304,'H54S200F-80-F2',516,,295453,50,0,106,1,29,,295459,50,0,106,1,68,,295477,50,0,106,1,30,,295449,50,0,9,1,72,,295454,50,0,9,1,29,,295460,50,0,9,1,70,,295478,50,0,9,1,27,,295450,50,0,9,1,62,,295473,50,0,9,1,23,,295455,50,0,9,1,21,,295461,50,0,9,1,57,,295485,50,0,9,1,17,,295479,50,0,9,1,16,,295490,50,0,9,2,16,,295451,50,0,9,1,57,,295474,50,0,9,1,15,,295494,50,0,9,1,15,,295456,50,0,9,1,15,,295497,50,0,9,2,51,,295462,50,0,9,1,12,,295486,50,0,9,1,15,,295483,50,0,9,1,14,,295480,50,0,9,1,12,,295491,50,0,9,2,51,,295452,50,0,9,1,12,,295498,50,0,9,2,12,,295475,50,0,9,1,13,,295495,50,0,9,1,11,,295499,50,0,9,1,51,,295457,50,0,9,1,11,,295501,50,0,9,2,11,,295463,50,0,9,1,12,,295487,50,0,9,1,13,,295484,50,0,9,1,53,,295507,50,0,9,1,13,,295481,50,0,9,1,13,,295492,50,0,9,2,16,,295476,50,0,9,1,55,,295496,50,0,9,1,14,,295500,50,0,9,1,15,,295458,50,0,9,1,16,,295502,50,0,9,2,56,,295464,50,0,9,1,15,,295488,50,0,9,1,17,,295446,50,0,9,2,16,,295482,50,0,9,1,57,,295493,50,0,9,2,15,,295469,50,0,9,1,20,,295445,50,0,106,1,65,,295465,50,0,106,1,24,,295489,50,0,106,1,67,,295447,50,0,106,2,28,,295470,50,0,106,1,71,,295448,50,0,106,2,28,,295466,50,0,106,1,29,,295504,50,0,106,1,69,,295471,50,0,106,1,28,,295506,50,0,106,1,70,,295467,50,0,106,1,29,,295505,50,0,106,1,67,,295472,50,0,106,1,30,,295503,50,0,106,2,70,,295468,50,0,106,1
3304,'H57S000S-80-S',719,,295508,24,0,9,1,36,,295510,24,0,9,1,187,,295509,50,0,9,1
3304,'H59S000S-80-S',1847,,295511,50,0,9,1
19701,'H50S000S-82-S',1650,,338553,36,0,5,2
19701,'H51S000A-80-A',523,,338554,36,0,5,1,29,,338563,36,0,5,1,72,,338555,36,0,5,2,35,,338564,36,0,5,1,74,,338556,36,0,5,2,69,,338572,36,0,5,1,29,,338565,36,0,5,1,71,,338557,36,0,5,2,29,,338573,36,0,99 51,1,71,,338566,36,0,99 51,1,30,,338558,36,0,99 51,2,70,,338574,36,0,99 51,1,32,,338578,36,0,99 51,2,71,,338559,36,0,99 51,2,30,,338575,36,0,99 51,1,72,,338579,36,0,99 51,2,29,,338560,36,0,99 51,2,68,,338576,36,0,99 51,1,28,,338586,36,0,99 51,2,25,,338584,36,0,99 51,2,60,,338561,36,0,99 51,2,20,,338577,36,0,99 51,1,20,,338580,36,0,99 51,2,58,,338587,36,0,99 51,2,17,,338585,36,0,99 51,2,16,,338594,36,0,99 51,1,54,,338562,36,0,5,2,16,,338582,36,0,5,2,15,,338581,36,0,5,2,15,,338589,36,0,5,2,55,,338588,36,0,5,2,15,,338595,36,0,5,1,17,,338567,36,0,5,1,18,,338583,36,0,5,2,60,,338590,36,0,5,2,24,,338596,36,0,5,1,65,,338568,36,0,5,1,26,,338591,36,0,5,2,26,,338597,36,0,5,1,64,,338569,36,0,5,1,26,,338592,36,0,5,2,66,,338598,36,0,5,1,26,,338570,36,0,5,1,68,,338593,36,0,5,2,28,,338601,36,0,5,2,69,,338599,36,0,5,1,31,,338571,36,0,5,1,72,,338602,36,0,5,2,32,,338600,36,0,5,1,73,,338603,36,0,5,2
19701,'H51S000I-80-I',521,,338616,36,0,5,1,30,,338604,36,0,5,1,73,,338617,36,0,5,1,32,,338605,36,0,5,1,73,,338618,36,0,5,1,72,,338606,36,0,5,1,29,,338619,36,0,5,2,72,,338626,36,0,5,2,30,,338607,36,0,99 51,1,70,,338620,36,0,99 51,2,30,,338627,36,0,99 51,2,70,,338608,36,0,99 51,1,29,,338621,36,0,99 51,2,71,,338628,36,0,99 51,2,30,,338609,36,0,99 51,1,70,,338622,36,0,99 51,2,32,,338629,36,0,99 51,2,74,,338610,36,0,99 51,1,30,,338623,36,0,99 51,2,68,,338630,36,0,99 51,2,28,,338611,36,0,99 51,1,70,,338624,36,0,99 51,2,28,,338631,36,0,99 51,2,26,,338612,36,0,99 51,1,59,,338640,36,0,5,1,20,,338625,36,0,5,2,19,,338632,36,0,5,2,60,,338636,36,0,5,2,19,,338613,36,0,5,1,20,,338641,36,0,5,1,63,,338633,36,0,5,2,26,,338637,36,0,5,2,68,,338642,36,0,5,1,28,,338634,36,0,5,2,68,,338638,36,0,5,2,27,,338643,36,0,5,1,68,,338635,36,0,5,2,28,,338645,36,0,5,2,71,,338639,36,0,5,2,32,,338644,36,0,5,1,71,,338646,36,0,5,2,31,,338614,36,0,5,1,71,,338647,36,0,5,2,29,,338615,36,0,5,1
19701,'H51S000S-81-S',522,,338650,36,0,5,1,32,,338648,36,0,5,2,72,,338651,36,0,5,1,31,,338655,36,0,5,2,64,,338649,36,0,5,2,15,,338677,36,0,99 51,2,11,,338663,36,0,99 51,2,12,,338664,36,0,99 51,2,53,,338652,36,0,99 51,1,12,,338665,36,0,99 51,2,20,,338687,36,0,99 51,2,71,,338678,36,0,99 51,2,30,,338653,36,0,99 51,1,69,,338666,36,0,99 51,2,30,,338672,36,0,99 51,1,70,,338679,36,0,99 51,2,32,,338667,36,0,99 51,2,67,,338682,36,0,99 51,2,27,,338673,36,0,99 51,1,67,,338689,36,0,99 51,1,27,,338668,36,0,99 51,2,67,,338683,36,0,99 51,2,26,,338674,36,0,99 51,1,24,,338690,36,0,99 51,1,57,,338669,36,0,99 51,2,25,,338680,36,0,99 51,2,11,,338702,36,0,99 51,2,9,,338684,36,0,99 51,2,48,,338707,36,0,99 51,2,9,,338654,36,0,5,2,9,,338675,36,0,5,1,9,,338709,36,0,5,2,8,,338691,36,0,5,1,6,,338705,36,0,5,2,16,,338670,36,0,5,2,58,,338681,36,0,5,2,7,,338703,36,0,5,2,15,,338685,36,0,5,2,7,,338657,36,0,5,1,12,,338676,36,0,5,1,47,,338686,36,0,5,2,7,,338708,36,0,5,2,6,,338692,36,0,5,1,7,,338711,36,0,5,2,7,,338671,36,0,5,2,8,,338710,36,0,5,2,7,,338697,36,0,5,2,8,,338704,36,0,5,2,49,,338688,36,0,5,2,10,,338658,36,0,5,1,30,,338693,36,0,5,1,63,,338698,36,0,5,2,25,,338659,36,0,5,1,70,,338694,36,0,5,1,30,,338699,36,0,5,2,70,,338660,36,0,5,1,30,,338695,36,0,5,1,70,,338700,36,0,5,2,28,,338661,36,0,5,1,30,,338696,36,0,5,1,62,,338701,36,0,5,2,22,,338706,36,0,5,1,67,,338662,36,0,5,1,28,,338656,36,0,5,1
19701,'H51S100F-80-F1',521,,338714,36,0,5,1,30,,338727,36,0,5,1,73,,338715,36,0,5,1,32,,338728,36,0,5,1,73,,338716,36,0,5,1,72,,338729,36,0,5,1,29,,338720,36,0,5,2,72,,338717,36,0,5,2,30,,338730,36,0,99 51,1,70,,338721,36,0,99 51,2,30,,338718,36,0,99 51,2,70,,338731,36,0,99 51,1,29,,338722,36,0,99 51,2,71,,338719,36,0,99 51,2,30,,338732,36,0,99 51,1,70,,338723,36,0,99 51,2,32,,338737,36,0,99 51,2,74,,338733,36,0,99 51,1,30,,338724,36,0,99 51,2,68,,338738,36,0,99 51,2,28,,338734,36,0,99 51,1,70,,338725,36,0,99 51,2,28,,338739,36,0,99 51,2,26,,338735,36,0,99 51,1,59,,338748,36,0,5,1,20,,338726,36,0,5,2,19,,338740,36,0,5,2,60,,338744,36,0,5,2,19,,338736,36,0,5,1,20,,338749,36,0,5,1,63,,338741,36,0,5,2,26,,338745,36,0,5,2,68,,338750,36,0,5,1,28,,338742,36,0,5,2,68,,338746,36,0,5,2,27,,338751,36,0,5,1,68,,338743,36,0,5,2,28,,338753,36,0,5,2,71,,338747,36,0,5,2,32,,338752,36,0,5,1,71,,338754,36,0,5,2,31,,338712,36,0,5,1,71,,338755,36,0,5,2,29,,338713,36,0,5,1
19701,'H51S200F-80-F2',521,,338758,36,0,5,1,30,,338771,36,0,5,1,73,,338759,36,0,5,1,32,,338772,36,0,5,1,73,,338760,36,0,5,1,72,,338773,36,0,5,1,29,,338764,36,0,5,2,72,,338761,36,0,5,2,30,,338774,36,0,99 51,1,70,,338765,36,0,99 51,2,30,,338762,36,0,99 51,2,70,,338775,36,0,99 51,1,29,,338766,36,0,99 51,2,71,,338763,36,0,99 51,2,30,,338776,36,0,99 51,1,70,,338767,36,0,99 51,2,32,,338781,36,0,99 51,2,74,,338777,36,0,99 51,1,30,,338768,36,0,99 51,2,68,,338782,36,0,99 51,2,28,,338778,36,0,99 51,1,70,,338769,36,0,99 51,2,28,,338783,36,0,99 51,2,26,,338779,36,0,99 51,1,59,,338792,36,0,5,1,20,,338770,36,0,5,2,19,,338784,36,0,5,2,60,,338788,36,0,5,2,19,,338780,36,0,5,1,20,,338793,36,0,5,1,63,,338785,36,0,5,2,26,,338789,36,0,5,2,68,,338794,36,0,5,1,28,,338786,36,0,5,2,68,,338790,36,0,5,2,27,,338795,36,0,5,1,68,,338787,36,0,5,2,28,,338797,36,0,5,2,71,,338791,36,0,5,2,32,,338796,36,0,5,1,71,,338798,36,0,5,2,31,,338756,36,0,5,1,71,,338799,36,0,5,2,29,,338757,36,0,5,1
19701,'H54S000S-80-S',1520,,338800,36,0,99 51,1
19701,'H57S000S-80-S',1928,,338801,36,0,5,1
19701,'H59S000S-80-S',1707,,338803,36,0,5,1,23,,338802,36,0,5,2,21,,338804,36,0,5,2
37001,'H51S000A-80-A',2610,,347028,70,0,5,2,45,,347026,70,0,5,1,85,,347027,70,0,5,2,85,,347029,70,0,5,1,83,,347030,70,0,5,2
37001,'H51S000I-80-I',2607,,347032,70,0,5,2,45,,347034,70,0,5,1,85,,347031,70,0,5,1,85,,347033,70,0,5,2,85,,347035,70,0,5,1
37001,'H51S000S-81-S',2608,,347039,70,0,5,2,45,,347037,70,0,5,1,83,,347036,70,0,5,1,86,,347040,70,0,5,2,86,,347038,70,0,5,1
37001,'H51S100F-80-F1',2607,,347042,70,0,5,2,45,,347044,70,0,5,1,85,,347041,70,0,5,1,85,,347043,70,0,5,2,85,,347045,70,0,5,1
37001,'H51S200F-80-F2',2607,,347047,70,0,5,2,45,,347049,70,0,5,1,85,,347046,70,0,5,1,85,,347048,70,0,5,2,85,,347050,70,0,5,1
