4403,'H54S000A-80-A',537,,298137,17,0,8,1,71,,298097,17,0,8,2,32,,298143,17,0,8,1,72,,298138,17,0,8,1,33,,298098,17,0,8,2,71,,298144,17,0,8,1,15,,298139,17,0,8,1,15,,298119,17,0,8,1,67,,298099,17,0,8,2,21,,298145,17,0,8,1,20,,298140,17,0,8,1,63,,298120,17,0,8,1,20,,298100,17,0,8,2,20,,298146,17,0,8,1,61,,298141,17,0,8,1,21,,298131,17,0,8,2,61,,298101,17,0,8,2,21,,298110,17,0,8,2,20,,298142,17,0,8,1,18,,298121,17,0,8,1,58,,298132,17,0,8,2,17,,298102,17,0,8,2,16,,298111,17,0,8,2,56,,298094,17,0,8,1,16,,298122,17,0,8,1,14,,298149,17,0,8,1,14,,298133,17,0,8,2,55,,298103,17,0,8,2,15,,298112,17,0,8,2,14,,298095,17,0,8,1,14,,298123,17,0,8,1,54,,298150,17,0,8,1,10,,298134,17,0,8,2,10,,298147,17,0,8,1,11,,298104,17,0,8,2,11,,298113,17,0,8,2,12,,298092,17,0,8,1,51,,298096,17,0,8,1,13,,298124,17,0,8,1,13,,298135,17,0,8,2,11,,298148,17,0,8,1,11,,298105,17,0,8,2,53,,298114,17,0,8,2,15,,298093,17,0,8,1,16,,298125,17,0,8,1,16,,298136,17,0,8,2,56,,298106,17,0,8,2,24,,298115,17,0,8,2,67,,298126,17,0,8,1,27,,298107,17,0,8,2,27,,298116,17,0,8,2,67,,298127,17,0,8,1,27,,298108,17,0,8,2,68,,298117,17,0,8,2,27,,298128,17,0,8,1,66,,298089,17,0,8,1,32,,298109,17,0,8,2,71,,298118,17,0,8,2,31,,298129,17,0,8,1,70,,298090,17,0,8,1,31,,298130,17,0,8,1,69,,298091,17,0,8,1
4403,'H54S000I-80-I',535,,298165,17,0,8,2,73,,298201,17,0,8,1,34,,298166,17,0,8,2,72,,298174,17,0,8,1,32,,298154,17,0,8,1,72,,298167,17,0,8,2,30,,298175,17,0,8,1,69,,298155,17,0,8,1,25,,298168,17,0,8,2,62,,298176,17,0,8,1,21,,298164,17,0,8,1,21,,298156,17,0,8,1,65,,298169,17,0,8,2,26,,298177,17,0,8,1,67,,298157,17,0,8,1,20,,298160,17,0,8,1,19,,298170,17,0,8,2,60,,298178,17,0,8,1,20,,298158,17,0,8,1,19,,298184,17,0,8,1,60,,298161,17,0,8,1,20,,298179,17,0,8,1,15,,298192,17,0,8,2,15,,298159,17,0,8,1,55,,298185,17,0,8,1,15,,298171,17,0,8,2,15,,298162,17,0,8,1,14,,298180,17,0,8,1,54,,298151,17,0,8,2,15,,298193,17,0,8,2,15,,298186,17,0,8,1,13,,298172,17,0,8,2,53,,298181,17,0,8,1,12,,298163,17,0,8,1,13,,298152,17,0,8,2,14,,298194,17,0,8,2,15,,298187,17,0,8,1,55,,298173,17,0,8,2,15,,298182,17,0,8,1,16,,298153,17,0,8,2,15,,298202,17,0,8,1,61,,298188,17,0,8,1,21,,298183,17,0,8,1,21,,298195,17,0,8,2,73,,298189,17,0,8,1,73,,298196,17,0,8,2,33,,298190,17,0,8,1,73,,298197,17,0,8,2,33,,298191,17,0,8,1,69,,298203,17,0,8,1,31,,298198,17,0,8,2,73,,298204,17,0,8,1,32,,298199,17,0,8,2,71,,298205,17,0,8,1,32,,298200,17,0,8,2
4403,'H54S000S-80-S',539,,298219,17,0,8,2,15,,298221,17,0,8,2,56,,298243,17,0,8,2,17,,298279,17,0,8,1,20,,298222,17,0,8,1,60,,298220,17,0,8,2,21,,298244,17,0,8,1,79,,298231,17,0,8,2,19,,298223,17,0,8,1,18,,298230,17,0,8,2,59,,298211,17,0,8,1,18,,298232,17,0,8,1,19,,298248,17,0,8,2,62,,298224,17,0,8,1,22,,298212,17,0,8,1,21,,298233,17,0,8,1,61,,298249,17,0,8,2,21,,298225,17,0,8,1,15,,298239,17,0,8,2,14,,298213,17,0,8,1,54,,298234,17,0,8,1,20,,298250,17,0,8,2,20,,298226,17,0,8,1,57,,298276,17,0,8,1,16,,298240,17,0,8,2,17,,298235,17,0,8,1,15,,298210,17,0,8,1,54,,298251,17,0,8,2,12,,298227,17,0,8,1,11,,298245,17,0,8,2,12,,298277,17,0,8,1,12,,298241,17,0,8,2,51,,298206,17,0,8,1,10,,298236,17,0,8,1,13,,298228,17,0,8,1,10,,298252,17,0,8,2,9,,298214,17,0,8,1,10,,298217,17,0,8,1,49,,298246,17,0,8,2,6,,298278,17,0,8,1,6,,298272,17,0,8,2,9,,298242,17,0,8,2,10,,298275,17,0,8,2,8,,298237,17,0,8,1,8,,298257,17,0,8,2,48,,298229,17,0,8,1,8,,298253,17,0,8,1,10,,298215,17,0,8,1,10,,298218,17,0,8,1,8,,298260,17,0,8,1,8,,298247,17,0,8,2,9,,298207,17,0,8,2,50,,298258,17,0,8,2,11,,298238,17,0,8,1,12,,298216,17,0,8,1,12,,298208,17,0,8,2,12,,298254,17,0,8,1,56,,298261,17,0,8,1,15,,298259,17,0,8,2,17,,298264,17,0,8,2,65,,298255,17,0,8,1,25,,298262,17,0,8,1,25,,298265,17,0,8,2,64,,298256,17,0,8,1,23,,298269,17,0,8,1,64,,298263,17,0,8,1,25,,298266,17,0,8,2,25,,298270,17,0,8,1,70,,298273,17,0,8,2,28,,298267,17,0,8,2,68,,298271,17,0,8,1,30,,298274,17,0,8,2,70,,298268,17,0,8,2,30,,298209,17,0,8,1
4403,'H54S100F-80-F1',535,,298294,17,0,8,2,73,,298330,17,0,8,1,34,,298295,17,0,8,2,72,,298303,17,0,8,1,32,,298283,17,0,8,1,72,,298296,17,0,8,2,30,,298304,17,0,8,1,69,,298284,17,0,8,1,25,,298297,17,0,8,2,62,,298305,17,0,8,1,21,,298293,17,0,8,1,21,,298285,17,0,8,1,65,,298298,17,0,8,2,26,,298306,17,0,8,1,67,,298286,17,0,8,1,20,,298289,17,0,8,1,19,,298299,17,0,8,2,60,,298307,17,0,8,1,20,,298287,17,0,8,1,19,,298313,17,0,8,1,60,,298290,17,0,8,1,20,,298308,17,0,8,1,15,,298321,17,0,8,2,15,,298288,17,0,8,1,55,,298314,17,0,8,1,15,,298300,17,0,8,2,15,,298291,17,0,8,1,14,,298309,17,0,8,1,54,,298280,17,0,8,2,15,,298322,17,0,8,2,15,,298315,17,0,8,1,13,,298301,17,0,8,2,53,,298310,17,0,8,1,12,,298292,17,0,8,1,13,,298281,17,0,8,2,14,,298323,17,0,8,2,15,,298316,17,0,8,1,55,,298302,17,0,8,2,15,,298311,17,0,8,1,16,,298282,17,0,8,2,15,,298331,17,0,8,1,61,,298317,17,0,8,1,21,,298312,17,0,8,1,21,,298324,17,0,8,2,73,,298318,17,0,8,1,73,,298325,17,0,8,2,33,,298319,17,0,8,1,73,,298326,17,0,8,2,33,,298320,17,0,8,1,69,,298332,17,0,8,1,31,,298327,17,0,8,2,73,,298333,17,0,8,1,32,,298328,17,0,8,2,71,,298334,17,0,8,1,32,,298329,17,0,8,2
4403,'H54S200F-80-F2',535,,298349,17,0,8,2,73,,298385,17,0,8,1,34,,298350,17,0,8,2,72,,298358,17,0,8,1,32,,298338,17,0,8,1,72,,298351,17,0,8,2,30,,298359,17,0,8,1,69,,298339,17,0,8,1,25,,298352,17,0,8,2,62,,298360,17,0,8,1,21,,298348,17,0,8,1,21,,298340,17,0,8,1,65,,298353,17,0,8,2,26,,298361,17,0,8,1,67,,298341,17,0,8,1,20,,298344,17,0,8,1,19,,298354,17,0,8,2,60,,298362,17,0,8,1,20,,298342,17,0,8,1,19,,298368,17,0,8,1,60,,298345,17,0,8,1,20,,298363,17,0,8,1,15,,298376,17,0,8,2,15,,298343,17,0,8,1,55,,298369,17,0,8,1,15,,298355,17,0,8,2,15,,298346,17,0,8,1,14,,298364,17,0,8,1,54,,298335,17,0,8,2,15,,298377,17,0,8,2,15,,298370,17,0,8,1,13,,298356,17,0,8,2,53,,298365,17,0,8,1,12,,298347,17,0,8,1,13,,298336,17,0,8,2,14,,298378,17,0,8,2,15,,298371,17,0,8,1,55,,298357,17,0,8,2,15,,298366,17,0,8,1,16,,298337,17,0,8,2,15,,298386,17,0,8,1,61,,298372,17,0,8,1,21,,298367,17,0,8,1,21,,298379,17,0,8,2,73,,298373,17,0,8,1,73,,298380,17,0,8,2,33,,298374,17,0,8,1,73,,298381,17,0,8,2,33,,298375,17,0,8,1,69,,298387,17,0,8,1,31,,298382,17,0,8,2,73,,298388,17,0,8,1,32,,298383,17,0,8,2,71,,298389,17,0,8,1,32,,298384,17,0,8,2
4403,'H58S000S-83-S',747,,298390,17,0,8,2
19201,'H54S000A-80-A',557,,336864,42,0,5,1,73,,336878,42,0,5,2,73,,336866,42,0,5,1,33,,336865,42,0,5,1,73,,336879,42,0,5,2,33,,336867,42,0,5,1,76,,336898,42,0,5,1,33,,336880,42,0,5,2,72,,336868,42,0,5,1,31,,336899,42,0,5,1,74,,336892,42,0,5,1,72,,336885,42,0,5,2,31,,336872,42,0,5,1,71,,336875,42,0,5,2,31,,336869,42,0,5,1,71,,336900,42,0,5,1,31,,336893,42,0,5,1,71,,336886,42,0,5,2,31,,336873,42,0,5,1,71,,336876,42,0,5,2,31,,336870,42,0,5,1,71,,336901,42,0,5,1,31,,336894,42,0,5,1,71,,336887,42,0,5,2,29,,336874,42,0,5,1,70,,336877,42,0,5,2,31,,336871,42,0,5,1,68,,336902,42,0,5,1,31,,336895,42,0,5,1,71,,336888,42,0,5,2,31,,336881,42,0,5,1,70,,336896,42,0,5,1,31,,336889,42,0,5,2,71,,336882,42,0,5,1,29,,336897,42,0,5,1,71,,336890,42,0,5,2,30,,336883,42,0,5,1,70,,336903,42,0,5,2,31,,336891,42,0,5,2,61,,336884,42,0,5,1
19201,'H54S000I-80-I',558,,336919,42,0,5,1,74,,336921,42,0,5,1,74,,336904,42,0,5,2,33,,336920,42,0,5,1,70,,336922,42,0,5,1,30,,336905,42,0,5,2,75,,336913,42,0,5,1,30,,336923,42,0,5,1,70,,336906,42,0,5,2,30,,336939,42,0,5,1,70,,336931,42,0,5,2,30,,336924,42,0,5,2,70,,336914,42,0,5,1,30,,336910,42,0,5,2,70,,336907,42,0,5,2,33,,336940,42,0,5,1,69,,336932,42,0,5,2,29,,336925,42,0,5,2,70,,336915,42,0,5,1,30,,336911,42,0,5,2,70,,336908,42,0,5,2,30,,336941,42,0,5,1,70,,336933,42,0,5,2,30,,336926,42,0,5,2,69,,336916,42,0,5,1,30,,336912,42,0,5,2,69,,336909,42,0,5,2,29,,336942,42,0,5,1,70,,336934,42,0,5,2,30,,336927,42,0,5,2,70,,336943,42,0,5,1,30,,336935,42,0,5,2,70,,336928,42,0,5,2,26,,336944,42,0,5,1,70,,336936,42,0,5,2,30,,336929,42,0,5,2,70,,336917,42,0,5,1,29,,336937,42,0,5,2,69,,336930,42,0,5,2,30,,336918,42,0,5,1,23,,336938,42,0,5,2
19201,'H54S000S-80-S',605,,336956,42,0,5,2,25,,336958,42,0,5,2,16,,336960,42,0,5,2,57,,336973,42,0,5,2,18,,336974,42,0,5,2,17,,336952,42,0,5,1,19,,336957,42,0,5,2,60,,336959,42,0,5,2,19,,336961,42,0,5,2,21,,336949,42,0,5,1,68,,336953,42,0,5,1,29,,336971,42,0,5,2,68,,336962,42,0,5,2,28,,336950,42,0,5,1,69,,336954,42,0,5,1,29,,336972,42,0,5,2,69,,336963,42,0,5,2,31,,336951,42,0,5,2,72,,336964,42,0,5,1,30,,336988,42,0,5,2,70,,336968,42,0,5,1,30,,336975,42,0,5,2,71,,336965,42,0,5,1,34,,336955,42,0,5,2,70,,336969,42,0,5,1,31,,336976,42,0,5,2,70,,336966,42,0,5,1,29,,336989,42,0,5,1,67,,336970,42,0,5,1,28,,336977,42,0,5,2,63,,336967,42,0,5,1,24,,336978,42,0,5,2,69,,336983,42,0,5,2,30,,336945,42,0,5,1,68,,336979,42,0,5,2,30,,336984,42,0,5,2,70,,336946,42,0,5,1,28,,336980,42,0,5,2,69,,336985,42,0,5,2,30,,336947,42,0,5,1,70,,336981,42,0,5,2,28,,336986,42,0,5,2,29,,336948,42,0,5,1,70,,336982,42,0,5,2,72,,336987,42,0,5,2
19201,'H54S100F-80-F1',558,,337005,42,0,5,1,74,,337007,42,0,5,1,74,,336990,42,0,5,2,33,,337006,42,0,5,1,70,,337008,42,0,5,1,30,,336991,42,0,5,2,75,,336999,42,0,5,1,30,,337009,42,0,5,1,70,,336992,42,0,5,2,30,,337025,42,0,5,1,70,,337017,42,0,5,2,30,,337010,42,0,5,2,70,,337000,42,0,5,1,30,,336996,42,0,5,2,70,,336993,42,0,5,2,33,,337026,42,0,5,1,69,,337018,42,0,5,2,29,,337011,42,0,5,2,70,,337001,42,0,5,1,30,,336997,42,0,5,2,70,,336994,42,0,5,2,30,,337027,42,0,5,1,70,,337019,42,0,5,2,30,,337012,42,0,5,2,69,,337002,42,0,5,1,30,,336998,42,0,5,2,69,,336995,42,0,5,2,29,,337028,42,0,5,1,70,,337020,42,0,5,2,30,,337013,42,0,5,2,70,,337029,42,0,5,1,30,,337021,42,0,5,2,70,,337014,42,0,5,2,26,,337030,42,0,5,1,70,,337022,42,0,5,2,30,,337015,42,0,5,2,70,,337003,42,0,5,1,29,,337023,42,0,5,2,69,,337016,42,0,5,2,30,,337004,42,0,5,1,23,,337024,42,0,5,2
19201,'H54S200F-80-F2',558,,337046,42,0,5,1,74,,337048,42,0,5,1,74,,337031,42,0,5,2,33,,337047,42,0,5,1,70,,337049,42,0,5,1,30,,337032,42,0,5,2,75,,337040,42,0,5,1,30,,337050,42,0,5,1,70,,337033,42,0,5,2,30,,337066,42,0,5,1,70,,337058,42,0,5,2,30,,337051,42,0,5,2,70,,337041,42,0,5,1,30,,337037,42,0,5,2,70,,337034,42,0,5,2,33,,337067,42,0,5,1,69,,337059,42,0,5,2,29,,337052,42,0,5,2,70,,337042,42,0,5,1,30,,337038,42,0,5,2,70,,337035,42,0,5,2,30,,337068,42,0,5,1,70,,337060,42,0,5,2,30,,337053,42,0,5,2,69,,337043,42,0,5,1,30,,337039,42,0,5,2,69,,337036,42,0,5,2,29,,337069,42,0,5,1,70,,337061,42,0,5,2,30,,337054,42,0,5,2,70,,337070,42,0,5,1,30,,337062,42,0,5,2,70,,337055,42,0,5,2,26,,337071,42,0,5,1,70,,337063,42,0,5,2,30,,337056,42,0,5,2,70,,337044,42,0,5,1,29,,337064,42,0,5,2,69,,337057,42,0,5,2,30,,337045,42,0,5,1,23,,337065,42,0,5,2
19201,'H58S000S-83-S',617,,337072,42,0,5,2
37201,'H54S000A-80-A',2602,,347150,78,0,5,2,48,,347154,78,0,5,1,86,,347152,78,0,5,1,90,,347155,78,0,5,1,83,,347151,78,0,5,1
37201,'H54S000I-80-I',2604,,347158,78,0,5,1,49,,347156,78,0,5,1,85,,347157,78,0,5,1,85,,347161,78,0,5,1,86,,347160,78,0,5,2
37201,'H54S000S-80-S',2605,,347164,78,0,5,1,34,,347167,78,0,5,2,77,,347165,78,0,5,1,40,,347166,78,0,5,2,80,,347162,78,0,5,1,81,,347163,78,0,5,1
37201,'H54S100F-80-F1',2604,,347171,78,0,5,1,49,,347169,78,0,5,1,85,,347170,78,0,5,1,85,,347174,78,0,5,1,86,,347173,78,0,5,2
37201,'H54S200F-80-F2',2604,,347177,78,0,5,1,49,,347175,78,0,5,1,85,,347176,78,0,5,1,85,,347180,78,0,5,1,86,,347179,78,0,5,2
