12502,'H59S000S-80-S',1627,,322744,21,4,,1,31,,322743,21,4,,1,71,,322730,21,4,,1,30,,322698,21,4,,2,72,,322731,21,4,,1
35001,'H56S000A-80-A',2639,,345964,105,4,,1,94,,345966,105,4,,1,88,,345963,105,4,,1,81,,345965,105,4,,1,44,,345967,105,4,,2
35001,'H56S000I-80-I',2630,,345971,105,4,,1,89,,345970,105,4,,2,87,,345969,105,4,,1,44,,345968,105,4,,1,87,,345972,105,4,,2
35001,'H56S000S-82-S',2629,,345976,105,4,,2,88,,345975,105,4,,1,88,,345973,105,4,,2,45,,345974,105,4,,1,88,,345977,105,4,,1
35001,'H56S100F-80-F1',2630,,345981,105,4,,1,89,,345980,105,4,,2,87,,345979,105,4,,1,44,,345978,105,4,,1,87,,345982,105,4,,2
35001,'H56S200F-80-F2',2630,,345986,105,4,,1,89,,345985,105,4,,2,87,,345984,105,4,,1,44,,345983,105,4,,1,87,,345987,105,4,,2
35002,'H56S000A-80-A',2456,,345988,1,0,10,1,81,,345997,1,0,10,1,67,,346000,1,0,10,1,17,,346002,1,0,10,2,11,,345995,1,0,10,1,10,,345994,1,0,10,2,10,,345992,1,0,10,1,50,,345993,1,0,10,1,10,,345989,1,0,10,1,10,,345990,1,0,10,2,11,,345999,1,0,10,2,10,,345996,1,0,10,1,10,,345998,1,0,10,1,50,,345991,1,0,10,1,14,,346001,1,0,10,1
35002,'H56S000I-80-I',2453,,346008,1,0,10,1,68,,346003,1,0,10,1,26,,346005,1,0,10,1,67,,346010,1,0,10,2,27,,346007,1,0,10,1,66,,346009,1,0,10,1,26,,346004,1,0,10,2,26,,346006,1,0,10,1
35002,'H56S000S-82-S',2457,,346012,1,0,10,1,85,,346016,1,0,10,2,92,,346015,1,0,10,1,86,,346013,1,0,10,1,29,,346014,1,0,10,1,55,,346011,1,0,10,1
35002,'H56S100F-80-F1',2453,,346022,1,0,10,1,68,,346017,1,0,10,1,26,,346019,1,0,10,1,67,,346024,1,0,10,2,27,,346021,1,0,10,1,66,,346023,1,0,10,1,26,,346018,1,0,10,2,26,,346020,1,0,10,1
35002,'H56S200F-80-F2',2453,,346030,1,0,10,1,68,,346025,1,0,10,1,26,,346027,1,0,10,1,67,,346032,1,0,10,2,27,,346029,1,0,10,1,66,,346031,1,0,10,1,26,,346026,1,0,10,2,26,,346028,1,0,10,1
35301,'H54S000A-80-A',2620,,346036,1,0,5,1,85,,346034,1,0,5,2,45,,346035,1,0,5,1,80,,346033,1,0,5,1
35301,'H54S000I-80-I',2535,,346038,1,0,5,1,85,,346040,1,0,5,1,85,,346041,1,0,5,1,45,,346037,1,0,5,2,80,,346039,1,0,5,1
35301,'H54S000S-80-S',2535,,346042,1,0,5,1,85,,346044,1,0,5,1,85,,346045,1,0,5,1,45,,346043,1,0,5,2,80,,346046,1,0,5,2
35301,'H54S100F-80-F1',2535,,346048,1,0,5,1,85,,346050,1,0,5,1,85,,346051,1,0,5,1,45,,346047,1,0,5,2,80,,346049,1,0,5,1
35301,'H54S200F-80-F2',2535,,346053,1,0,5,1,85,,346055,1,0,5,1,85,,346056,1,0,5,1,45,,346052,1,0,5,2,80,,346054,1,0,5,1
35302,'H54S000A-80-A',2559,,346060,89,4,,1,85,,346058,89,4,,1,85,,346059,89,4,,1,87,,346057,89,4,,2,85,,346061,89,4,,1
35302,'H54S000I-80-I',2559,,346064,89,4,,1,85,,346066,89,4,,1,86,,346062,89,4,,2,85,,346063,89,4,,1,85,,346065,89,4,,1
35302,'H54S000S-80-S',2600,,346069,89,4,,1,45,,346070,89,4,,1,85,,346067,89,4,,1,86,,346071,89,4,,2,85,,346068,89,4,,1
35302,'H54S100F-80-F1',2559,,346074,89,4,,1,85,,346076,89,4,,1,86,,346072,89,4,,2,85,,346073,89,4,,1,85,,346075,89,4,,1
35302,'H54S200F-80-F2',2559,,346079,89,4,,1,85,,346081,89,4,,1,86,,346077,89,4,,2,85,,346078,89,4,,1,85,,346080,89,4,,1
35504,'H54S000A-80-A',2554,,346166,51,0,9,2,86,,346165,51,0,9,1,84,,346168,51,0,9,1,84,,346170,51,0,9,1,44,,346167,51,0,9,2,65,,346169,51,0,9,1
35504,'H54S000I-80-I',2547,,346173,51,0,9,1,87,,346172,51,0,9,2,85,,346171,51,0,9,1,87,,346176,51,0,9,2,50,,346174,51,0,9,1,71,,346175,51,0,9,2
35504,'H54S000S-80-S',2552,,346177,51,0,9,1,85,,346181,51,0,9,2,85,,346180,51,0,9,1,86,,346179,51,0,9,2,46,,346178,51,0,9,1,73,,346182,51,0,9,2
35504,'H54S100F-80-F1',2547,,346185,51,0,9,1,87,,346184,51,0,9,2,85,,346183,51,0,9,1,87,,346188,51,0,9,2,50,,346186,51,0,9,1,71,,346187,51,0,9,2
35504,'H54S200F-80-F2',2547,,346191,51,0,9,1,87,,346190,51,0,9,2,85,,346189,51,0,9,1,87,,346194,51,0,9,2,50,,346192,51,0,9,1,71,,346193,51,0,9,2
35704,'H59S000A-80-A',2618,,346282,44,0,9,2,85,,346280,44,0,9,1,44,,346283,44,0,9,2,85,,346281,44,0,9,1,86,,346284,44,0,9,2
35704,'H59S000I-81-I',2528,,346285,44,0,9,1,85,,346288,44,0,9,2,45,,346286,44,0,9,1,83,,346289,44,0,9,2,88,,346287,44,0,9,1,85,,346290,44,0,9,2
35704,'H59S000S-80-S',2530,,346294,44,0,9,2,84,,346291,44,0,9,1,44,,346295,44,0,9,2,85,,346292,44,0,9,1,87,,346296,44,0,9,2,85,,346293,44,0,9,1
35704,'H59S100F-80-F1',2528,,346297,44,0,9,1,85,,346300,44,0,9,2,45,,346298,44,0,9,1,83,,346301,44,0,9,2,88,,346299,44,0,9,1,85,,346302,44,0,9,2
35704,'H59S200F-80-F2',2528,,346303,44,0,9,1,85,,346306,44,0,9,2,45,,346304,44,0,9,1,83,,346307,44,0,9,2,88,,346305,44,0,9,1,85,,346308,44,0,9,2
36001,'H56S000A-80-A',2627,,346492,30,0,5,1,85,,346488,30,0,5,2,44,,346489,30,0,5,1,85,,346490,30,0,5,1,85,,346491,30,0,5,1
36001,'H56S000I-80-I',2623,,346495,30,0,5,1,85,,346493,30,0,5,1,45,,346497,30,0,5,2,84,,346494,30,0,5,1,86,,346496,30,0,5,2
36001,'H56S000S-82-S',2625,,346498,30,0,5,1,85,,346500,30,0,5,1,43,,346499,30,0,5,1,86,,346501,30,0,5,1,86,,346502,30,0,5,2
36001,'H56S100F-80-F1',2623,,346505,30,0,5,1,85,,346503,30,0,5,1,45,,346507,30,0,5,2,84,,346504,30,0,5,1,86,,346506,30,0,5,2
36001,'H56S200F-80-F2',2623,,346510,30,0,5,1,85,,346508,30,0,5,1,45,,346512,30,0,5,2,84,,346509,30,0,5,1,86,,346511,30,0,5,2
36202,'H54S000A-80-A',2637,,346682,108,0,10,2,88,,346684,108,0,10,1,85,,346681,108,0,10,1,45,,346680,108,0,10,1,82,,346683,108,0,10,1
36202,'H54S000I-80-I',2636,,346688,108,0,10,2,85,,346686,108,0,10,1,85,,346687,108,0,10,2,49,,346685,108,0,10,1,85,,346689,108,0,10,2
36202,'H54S000S-80-S',2637,,346691,108,0,10,2,85,,346694,108,0,10,1,85,,346693,108,0,10,1,49,,346690,108,0,10,1,85,,346692,108,0,10,1
36202,'H54S100F-80-F1',2636,,346698,108,0,10,2,85,,346696,108,0,10,1,85,,346697,108,0,10,2,49,,346695,108,0,10,1,85,,346699,108,0,10,2
36202,'H54S200F-80-F2',2636,,346703,108,0,10,2,85,,346701,108,0,10,1,85,,346702,108,0,10,2,49,,346700,108,0,10,1,85,,346704,108,0,10,2
36402,'H54S000A-80-A',2525,,346815,60,0,10,1,87,,346817,60,0,10,2,45,,346814,60,0,10,1,85,,346813,60,0,10,1,85,,346816,60,0,10,1,79,,346818,60,0,10,2
36402,'H54S000I-80-I',2526,,346822,60,0,10,1,84,,346820,60,0,10,1,44,,346823,60,0,10,2,86,,346821,60,0,10,1,84,,346819,60,0,10,1
36402,'H54S000S-80-S',2525,,346827,60,0,10,2,86,,346828,60,0,10,1,44,,346826,60,0,10,2,86,,346824,60,0,10,1,82,,346825,60,0,10,1
36402,'H54S100F-80-F1',2526,,346832,60,0,10,1,84,,346830,60,0,10,1,44,,346833,60,0,10,2,86,,346831,60,0,10,1,84,,346829,60,0,10,1
36402,'H54S200F-80-F2',2526,,346837,60,0,10,1,84,,346835,60,0,10,1,44,,346838,60,0,10,2,86,,346836,60,0,10,1,84,,346834,60,0,10,1
36801,'H57S000A-80-A',2627,,346903,73,0,5,1,84,,346900,73,0,5,2,47,,346902,73,0,5,1,80,,346901,73,0,5,1,84,,346904,73,0,5,1
36801,'H57S000I-80-I',2627,,346905,73,0,5,1,85,,346906,73,0,5,1,45,,346908,73,0,5,1,83,,346909,73,0,5,1,84,,346907,73,0,5,1
36801,'H57S000S-80-S',2625,,346910,73,0,5,1,84,,346913,73,0,5,1,91,,346914,73,0,5,1,36,,346912,73,0,5,1,96,,346911,73,0,5,1
36801,'H57S100F-80-F1',2627,,346915,73,0,5,1,85,,346916,73,0,5,1,45,,346918,73,0,5,1,83,,346919,73,0,5,1,84,,346917,73,0,5,1
36801,'H57S200F-80-F2',2627,,346920,73,0,5,1,85,,346921,73,0,5,1,45,,346923,73,0,5,1,83,,346924,73,0,5,1,84,,346922,73,0,5,1
