9301,'H50S000A-82-A',524,,312352,14,0,5,2,30,,312322,14,0,5,1,70,,312353,14,0,5,2,31,,312323,14,0,5,1,71,,312314,14,0,5,1,30,,312324,14,0,5,1,69,,312315,14,0,5,1,29,,312325,14,0,5,1,70,,312316,14,0,5,1,30,,312326,14,0,5,1,70,,312317,14,0,5,1,33,,312327,14,0,5,1,71,,312318,14,0,5,1,31,,312328,14,0,5,1,71,,312319,14,0,5,1,74,,312329,14,0,5,1,33,,312320,14,0,5,1,73,,312330,14,0,5,1,32,,312321,14,0,5,1,66,,312331,14,0,5,1,33,,312342,14,0,5,2,73,,312332,14,0,5,1,33,,312343,14,0,5,2,73,,312333,14,0,5,1,29,,312344,14,0,5,2,71,,312334,14,0,5,1,28,,312345,14,0,5,2,70,,312335,14,0,5,1,27,,312346,14,0,5,2,69,,312336,14,0,5,1,28,,312347,14,0,5,2,70,,312337,14,0,5,1,29,,312348,14,0,5,2,68,,312338,14,0,5,1,28,,312349,14,0,5,2,69,,312339,14,0,5,1,30,,312350,14,0,5,2,70,,312340,14,0,5,1,30,,312351,14,0,5,2,70,,312341,14,0,5,1
9301,'H50S000I-82-I',543,,312354,14,0,5,1,70,,312374,14,0,5,2,30,,312355,14,0,5,1,70,,312375,14,0,5,2,30,,312356,14,0,5,1,70,,312376,14,0,5,2,32,,312357,14,0,5,1,70,,312377,14,0,5,2,33,,312358,14,0,5,1,70,,312378,14,0,5,2,30,,312359,14,0,5,1,70,,312379,14,0,5,2,30,,312360,14,0,5,1,70,,312380,14,0,5,2,32,,312361,14,0,5,1,70,,312381,14,0,5,2,30,,312362,14,0,5,1,70,,312382,14,0,5,2,30,,312363,14,0,5,1,70,,312383,14,0,5,2,32,,312364,14,0,5,1,69,,312384,14,0,5,2,32,,312365,14,0,5,1,69,,312385,14,0,5,2,31,,312366,14,0,5,1,69,,312386,14,0,5,2,28,,312367,14,0,5,1,69,,312387,14,0,5,2,29,,312368,14,0,5,1,70,,312388,14,0,5,2,30,,312369,14,0,5,1,70,,312389,14,0,5,2,30,,312370,14,0,5,1,70,,312390,14,0,5,2,30,,312371,14,0,5,1,69,,312391,14,0,5,2,29,,312372,14,0,5,1,70,,312392,14,0,5,2,29,,312373,14,0,5,1,69,,312393,14,0,5,2
9301,'H50S000S-82-S',524,,312417,14,0,5,1,30,,312394,14,0,5,2,70,,312418,14,0,5,1,32,,312395,14,0,5,2,71,,312419,14,0,5,1,30,,312396,14,0,5,2,69,,312420,14,0,5,1,31,,312397,14,0,5,2,70,,312421,14,0,5,1,31,,312398,14,0,5,2,69,,312422,14,0,5,1,31,,312399,14,0,5,2,70,,312423,14,0,5,1,30,,312400,14,0,5,2,72,,312424,14,0,5,1,28,,312401,14,0,5,2,75,,312425,14,0,5,1,72,,312402,14,0,5,2,33,,312426,14,0,5,1,72,,312403,14,0,5,2,32,,312406,14,0,5,2,72,,312404,14,0,5,1,32,,312408,14,0,5,1,72,,312407,14,0,5,2,32,,312405,14,0,5,1,71,,312409,14,0,5,1,31,,312427,14,0,5,2,70,,312410,14,0,5,1,29,,312428,14,0,5,2,69,,312411,14,0,5,1,30,,312429,14,0,5,2,70,,312412,14,0,5,1,29,,312430,14,0,5,2,70,,312413,14,0,5,1,28,,312431,14,0,5,2,67,,312414,14,0,5,1,28,,312432,14,0,5,2,67,,312415,14,0,5,1,27,,312433,14,0,5,2,67,,312416,14,0,5,1
9301,'H50S100F-80-F1',543,,312434,14,0,5,1,70,,312454,14,0,5,2,30,,312435,14,0,5,1,70,,312455,14,0,5,2,30,,312436,14,0,5,1,70,,312456,14,0,5,2,32,,312437,14,0,5,1,70,,312457,14,0,5,2,33,,312438,14,0,5,1,70,,312458,14,0,5,2,30,,312439,14,0,5,1,70,,312459,14,0,5,2,30,,312440,14,0,5,1,70,,312460,14,0,5,2,32,,312441,14,0,5,1,70,,312461,14,0,5,2,30,,312442,14,0,5,1,70,,312462,14,0,5,2,30,,312443,14,0,5,1,70,,312463,14,0,5,2,32,,312444,14,0,5,1,69,,312464,14,0,5,2,32,,312445,14,0,5,1,69,,312465,14,0,5,2,31,,312446,14,0,5,1,69,,312466,14,0,5,2,28,,312447,14,0,5,1,69,,312467,14,0,5,2,29,,312448,14,0,5,1,70,,312468,14,0,5,2,30,,312449,14,0,5,1,70,,312469,14,0,5,2,30,,312450,14,0,5,1,70,,312470,14,0,5,2,30,,312451,14,0,5,1,69,,312471,14,0,5,2,29,,312452,14,0,5,1,70,,312472,14,0,5,2,29,,312453,14,0,5,1,69,,312473,14,0,5,2
9301,'H50S200F-80-F2',543,,312474,14,0,5,1,70,,312494,14,0,5,2,30,,312475,14,0,5,1,70,,312495,14,0,5,2,30,,312476,14,0,5,1,70,,312496,14,0,5,2,32,,312477,14,0,5,1,70,,312497,14,0,5,2,33,,312478,14,0,5,1,70,,312498,14,0,5,2,30,,312479,14,0,5,1,70,,312499,14,0,5,2,30,,312480,14,0,5,1,70,,312500,14,0,5,2,32,,312481,14,0,5,1,70,,312501,14,0,5,2,30,,312482,14,0,5,1,70,,312502,14,0,5,2,30,,312483,14,0,5,1,70,,312503,14,0,5,2,32,,312484,14,0,5,1,69,,312504,14,0,5,2,32,,312485,14,0,5,1,69,,312505,14,0,5,2,31,,312486,14,0,5,1,69,,312506,14,0,5,2,28,,312487,14,0,5,1,69,,312507,14,0,5,2,29,,312488,14,0,5,1,70,,312508,14,0,5,2,30,,312489,14,0,5,1,70,,312509,14,0,5,2,30,,312490,14,0,5,1,70,,312510,14,0,5,2,30,,312491,14,0,5,1,69,,312511,14,0,5,2,29,,312492,14,0,5,1,70,,312512,14,0,5,2,29,,312493,14,0,5,1,69,,312513,14,0,5,2
37201,'H54S000A-80-A',2536,,347150,36,0,5,2,88,,347154,36,0,5,1,84,,347152,36,0,5,1,50,,347155,36,0,5,1,85,,347151,36,0,5,1,80,,347153,36,0,6 7,1
37201,'H54S000I-80-I',2541,,347158,36,0,5,1,87,,347156,36,0,5,1,85,,347157,36,0,5,1,45,,347161,36,0,5,1,86,,347160,36,0,5,2,85,,347159,36,0,6 7,1
37201,'H54S000S-80-S',2540,,347164,36,0,5,1,74,,347167,36,0,5,2,37,,347165,36,0,5,1,80,,347166,36,0,5,2,80,,347162,36,0,5,1,41,,347163,36,0,5,1,85,,347168,36,0,6 7,2
37201,'H54S100F-80-F1',2541,,347171,36,0,5,1,87,,347169,36,0,5,1,85,,347170,36,0,5,1,45,,347174,36,0,5,1,86,,347173,36,0,5,2,85,,347172,36,0,6 7,1
37201,'H54S200F-80-F2',2541,,347177,36,0,5,1,87,,347175,36,0,5,1,85,,347176,36,0,5,1,45,,347180,36,0,5,1,86,,347179,36,0,5,2,85,,347178,36,0,6 7,1
