4503,'H51S000S-81-S',1725,,298689,25,0,8,1
4503,'H57S000S-80-S',1537,,298691,25,0,8,1,76,,298695,25,0,8,1,24,,298697,25,0,8,2,12,,298690,25,0,8,1,52,,298693,25,0,8,2,36,,298696,25,0,8,1,64,,298692,25,0,8,1,12,,298694,25,0,8,1
4503,'H58S000A-80-A',608,,298698,25,0,8,1,31,,298710,25,0,8,1,70,,298721,25,0,8,2,31,,298699,25,0,8,1,71,,298711,25,0,8,1,30,,298722,25,0,8,2,72,,298700,25,0,8,1,34,,298712,25,0,8,1,76,,298723,25,0,8,2,33,,298701,25,0,8,1,74,,298727,25,0,8,2,28,,298713,25,0,8,1,72,,298724,25,0,8,2,73,,298702,25,0,8,1,31,,298728,25,0,8,2,24,,298714,25,0,8,1,64,,298736,25,0,8,2,24,,298725,25,0,8,2,60,,298739,25,0,8,1,18,,298703,25,0,8,1,18,,298729,25,0,8,2,59,,298726,25,0,8,1,19,,298715,25,0,8,1,20,,298737,25,0,8,2,63,,298704,25,0,8,1,26,,298740,25,0,8,1,25,,298730,25,0,8,2,65,,298716,25,0,8,1,26,,298738,25,0,8,2,66,,298705,25,0,8,1,25,,298741,25,0,8,1,67,,298731,25,0,8,2,25,,298717,25,0,8,1,26,,298706,25,0,8,1,65,,298742,25,0,8,1,24,,298732,25,0,8,2,70,,298718,25,0,8,1,30,,298707,25,0,8,1,70,,298733,25,0,8,2,31,,298719,25,0,8,1,69,,298708,25,0,8,1,28,,298734,25,0,8,1,69,,298720,25,0,8,1,29,,298709,25,0,8,1,69,,298735,25,0,8,2
4503,'H58S000I-80-I',609,,298746,25,0,8,1,31,,298758,25,0,8,2,69,,298771,25,0,8,2,29,,298747,25,0,8,1,72,,298759,25,0,8,2,30,,298772,25,0,8,2,71,,298748,25,0,8,1,33,,298760,25,0,8,2,75,,298773,25,0,8,2,33,,298749,25,0,8,1,72,,298761,25,0,8,2,33,,298743,25,0,8,1,73,,298774,25,0,8,2,71,,298750,25,0,8,1,32,,298762,25,0,8,2,72,,298744,25,0,8,1,32,,298775,25,0,8,2,72,,298751,25,0,8,1,32,,298781,25,0,8,1,73,,298745,25,0,8,1,24,,298763,25,0,8,2,65,,298752,25,0,8,1,25,,298766,25,0,8,2,27,,298776,25,0,8,1,70,,298765,25,0,8,2,28,,298764,25,0,8,2,72,,298753,25,0,8,1,31,,298767,25,0,8,2,72,,298777,25,0,8,1,31,,298754,25,0,8,1,71,,298768,25,0,8,2,73,,298778,25,0,8,1,31,,298755,25,0,8,1,70,,298769,25,0,8,2,30,,298779,25,0,8,1,68,,298756,25,0,8,1,28,,298770,25,0,8,2,71,,298780,25,0,8,1,32,,298757,25,0,8,1
4503,'H58S000S-83-S',558,,298792,25,0,8,2,70,,298800,25,0,8,2,72,,298810,25,0,8,2,32,,298794,25,0,8,1,79,,298793,25,0,8,2,20,,298803,25,0,8,1,71,,298811,25,0,8,2,27,,298782,25,0,8,1,29,,298795,25,0,8,1,67,,298804,25,0,8,1,25,,298789,25,0,8,2,64,,298812,25,0,8,2,24,,298783,25,0,8,1,65,,298796,25,0,8,1,25,,298805,25,0,8,1,24,,298790,25,0,8,2,68,,298813,25,0,8,2,28,,298784,25,0,8,1,68,,298797,25,0,8,1,29,,298806,25,0,8,1,61,,298791,25,0,8,2,95,,298785,25,0,8,1,24,,298798,25,0,8,1,88,,298807,25,0,8,1,36,,298819,25,0,8,2,75,,298786,25,0,8,1,10,,298799,25,0,8,1,17,,298801,25,0,8,2,66,,298808,25,0,8,1,30,,298820,25,0,8,2,70,,298787,25,0,8,1,29,,298802,25,0,8,2,68,,298809,25,0,8,1,29,,298821,25,0,8,2,69,,298788,25,0,8,1,30,,298824,25,0,8,2,66,,298815,25,0,8,1,30,,298822,25,0,8,2,71,,298814,25,0,8,1,26,,298816,25,0,8,1,68,,298817,25,0,8,1,16,,298823,25,0,8,2,16,,298818,25,0,8,1
4503,'H58S100F-80-F1',609,,298825,25,0,8,2,31,,298835,25,0,8,1,69,,298847,25,0,8,2,29,,298826,25,0,8,2,72,,298836,25,0,8,1,30,,298848,25,0,8,2,71,,298827,25,0,8,2,33,,298837,25,0,8,1,75,,298849,25,0,8,2,33,,298828,25,0,8,2,72,,298838,25,0,8,1,33,,298829,25,0,8,1,73,,298850,25,0,8,2,71,,298832,25,0,8,1,32,,298839,25,0,8,1,72,,298830,25,0,8,1,32,,298851,25,0,8,2,72,,298833,25,0,8,1,32,,298840,25,0,8,1,73,,298831,25,0,8,1,24,,298852,25,0,8,2,65,,298834,25,0,8,1,25,,298859,25,0,8,1,27,,298841,25,0,8,1,70,,298846,25,0,8,2,28,,298853,25,0,8,2,72,,298858,25,0,8,1,31,,298860,25,0,8,2,72,,298842,25,0,8,1,31,,298854,25,0,8,2,71,,298861,25,0,8,2,73,,298843,25,0,8,1,31,,298855,25,0,8,2,70,,298862,25,0,8,2,30,,298844,25,0,8,1,68,,298856,25,0,8,2,28,,298863,25,0,8,2,71,,298845,25,0,8,1,32,,298857,25,0,8,2
4503,'H58S200F-80-F2',609,,298865,25,0,8,2,31,,298869,25,0,8,1,69,,298880,25,0,8,2,29,,298866,25,0,8,2,72,,298870,25,0,8,1,30,,298881,25,0,8,2,71,,298867,25,0,8,2,33,,298871,25,0,8,1,75,,298882,25,0,8,2,33,,298868,25,0,8,2,72,,298872,25,0,8,1,33,,298895,25,0,8,1,73,,298883,25,0,8,2,71,,298898,25,0,8,1,32,,298873,25,0,8,1,72,,298896,25,0,8,1,32,,298884,25,0,8,2,72,,298899,25,0,8,1,32,,298874,25,0,8,1,73,,298897,25,0,8,1,24,,298885,25,0,8,2,65,,298900,25,0,8,1,25,,298864,25,0,8,1,27,,298875,25,0,8,1,70,,298902,25,0,8,2,28,,298886,25,0,8,2,72,,298901,25,0,8,1,31,,298891,25,0,8,2,72,,298876,25,0,8,1,31,,298887,25,0,8,2,71,,298892,25,0,8,2,73,,298877,25,0,8,1,31,,298888,25,0,8,2,70,,298893,25,0,8,2,30,,298878,25,0,8,1,68,,298889,25,0,8,2,28,,298894,25,0,8,2,71,,298879,25,0,8,1,32,,298890,25,0,8,2
4503,'H59S000S-80-S',718,,298903,25,0,8,2,28,,298904,25,0,8,2,12,,298905,25,0,8,2,767,,298906,25,0,8,2,24,,298907,25,0,8,2
35903,'H57S000A-80-A',2633,,346419,25,0,8,1,20,,346420,25,0,8,1,60,,346424,25,0,8,2,26,,346423,25,0,8,1,74,,346421,25,0,8,1,36,,346425,25,0,8,2,75,,346422,25,0,8,1
35903,'H57S000I-80-I',2554,,346426,25,0,8,1,75,,346430,25,0,8,1,75,,346427,25,0,8,1,35,,346431,25,0,8,1,75,,346428,25,0,8,1,35,,346432,25,0,8,1,76,,346429,25,0,8,1
35903,'H57S000S-80-S',2555,,346434,25,0,8,1,74,,346437,25,0,8,1,78,,346435,25,0,8,1,32,,346433,25,0,8,1,75,,346438,25,0,8,1,35,,346436,25,0,8,1,76,,346439,25,0,8,1
35903,'H57S100F-80-F1',2554,,346440,25,0,8,1,75,,346444,25,0,8,1,75,,346441,25,0,8,1,35,,346445,25,0,8,1,75,,346442,25,0,8,1,35,,346446,25,0,8,1,76,,346443,25,0,8,1
35903,'H57S200F-80-F2',2554,,346447,25,0,8,1,75,,346451,25,0,8,1,75,,346448,25,0,8,1,35,,346452,25,0,8,1,75,,346449,25,0,8,1,35,,346453,25,0,8,1,76,,346450,25,0,8,1
