11704,'H60S000A-80-A',720,,320637,17,0,9,1,86,,320638,17,0,9,1,46,,320639,17,0,9,1,86,,320640,17,0,9,1,87,,320641,17,0,9,1,87,,320642,17,0,9,1,47,,320643,17,0,9,1,88,,320644,17,0,9,1,88,,320645,17,0,9,1,88,,320646,17,0,9,1,89,,320647,17,0,9,1,91,,320648,17,0,9,1,50,,320649,17,0,9,1,89,,320650,17,0,9,1,88,,320651,17,0,9,1,86,,320652,17,0,9,1,86,,320653,17,0,9,1
11704,'H60S000I-81-I',920,,320654,17,0,9,1,88,,320655,17,0,9,1,49,,320656,17,0,9,1,89,,320657,17,0,9,1,89,,320658,17,0,9,1,89,,320659,17,0,9,1,90,,320660,17,0,9,1,90,,320661,17,0,9,1,50,,320662,17,0,9,1,90,,320663,17,0,9,1,88,,320664,17,0,9,1,85,,320665,17,0,9,1,85,,320666,17,0,9,1,45,,320667,17,0,9,1,85,,320668,17,0,9,1
11704,'H60S000S-83-S',617,,320679,17,0,9,1,26,,320683,17,0,9,2,64,,320680,17,0,9,1,18,,320687,17,0,9,2,21,,320684,17,0,9,2,67,,320681,17,0,9,1,33,,320685,17,0,9,2,71,,320682,17,0,9,1,33,,320686,17,0,9,2,85,,320669,17,0,9,1,91,,320670,17,0,9,1,91,,320671,17,0,9,1,91,,320672,17,0,9,1,92,,320673,17,0,9,1,52,,320674,17,0,9,1,71,,320688,17,0,9,1,31,,320675,17,0,9,1,72,,320689,17,0,9,1,30,,320676,17,0,9,1,72,,320690,17,0,9,1,30,,320677,17,0,9,1,72,,320691,17,0,9,1,78,,320678,17,0,9,1
11704,'H60S100F-80-F1',920,,320692,17,0,9,1,88,,320693,17,0,9,1,49,,320694,17,0,9,1,89,,320695,17,0,9,1,89,,320696,17,0,9,1,89,,320697,17,0,9,1,90,,320698,17,0,9,1,90,,320699,17,0,9,1,50,,320700,17,0,9,1,90,,320701,17,0,9,1,88,,320702,17,0,9,1,85,,320703,17,0,9,1,85,,320704,17,0,9,1,45,,320705,17,0,9,1,85,,320706,17,0,9,1
11704,'H60S200F-80-F2',920,,320707,17,0,9,1,88,,320708,17,0,9,1,49,,320709,17,0,9,1,89,,320710,17,0,9,1,89,,320711,17,0,9,1,89,,320712,17,0,9,1,90,,320713,17,0,9,1,90,,320714,17,0,9,1,50,,320715,17,0,9,1,90,,320716,17,0,9,1,88,,320717,17,0,9,1,85,,320718,17,0,9,1,85,,320719,17,0,9,1,45,,320720,17,0,9,1,85,,320721,17,0,9,1
12803,'H50S000A-82-A',701,,323225,62,0,8,1,27,,323208,62,0,8,2,78,,323243,62,0,8,1,40,,323230,62,0,8,2,73,,323226,62,0,8,1,28,,323209,62,0,8,2,71,,323234,62,0,8,1,30,,323238,62,0,8,2,70,,323213,62,0,8,1,31,,323227,62,0,8,1,70,,323218,62,0,8,2,29,,323231,62,0,8,2,70,,323222,62,0,8,1,24,,323210,62,0,8,2,77,,323235,62,0,8,1,24,,323239,62,0,8,2,66,,323214,62,0,8,1,28,,323228,62,0,8,1,78,,323219,62,0,8,2,28,,323232,62,0,8,2,67,,323223,62,0,8,1,30,,323211,62,0,8,2,75,,323236,62,0,8,1,27,,323240,62,0,8,2,62,,323215,62,0,8,1,28,,323229,62,0,8,1,69,,323220,62,0,8,2,28,,323233,62,0,8,2,26,,323224,62,0,8,1,70,,323212,62,0,8,2,30,,323237,62,0,8,1,71,,323241,62,0,8,2,29,,323216,62,0,8,1,68,,323207,62,0,8,1,78,,323221,62,0,8,2,38,,323242,62,0,8,2,69,,323217,62,0,8,1
12803,'H50S000I-82-I',703,,323249,62,0,8,2,33,,323259,62,0,8,1,72,,323255,62,0,8,1,33,,323268,62,0,8,2,71,,323265,62,0,8,2,31,,323244,62,0,8,1,69,,323272,62,0,8,1,29,,323250,62,0,8,2,70,,323260,62,0,8,1,28,,323256,62,0,8,1,69,,323269,62,0,8,2,38,,323266,62,0,8,2,73,,323245,62,0,8,1,30,,323273,62,0,8,1,71,,323251,62,0,8,2,32,,323261,62,0,8,1,62,,323267,62,0,8,2,28,,323246,62,0,8,1,65,,323274,62,0,8,1,31,,323252,62,0,8,2,72,,323262,62,0,8,1,37,,323278,62,0,8,2,70,,323257,62,0,8,1,31,,323270,62,0,8,2,70,,323247,62,0,8,1,29,,323275,62,0,8,1,70,,323253,62,0,8,2,27,,323263,62,0,8,1,71,,323279,62,0,8,2,29,,323258,62,0,8,1,64,,323271,62,0,8,2,27,,323248,62,0,8,1,68,,323276,62,0,8,1,30,,323254,62,0,8,2,70,,323264,62,0,8,1,27,,323280,62,0,8,2,74,,323277,62,0,8,1
12803,'H50S000S-82-S',617,,323281,62,0,8,1,35,,323316,62,0,8,1,71,,323284,62,0,8,1,35,,323309,62,0,8,1,70,,323302,62,0,8,1,73,,323296,62,0,8,1,30,,323317,62,0,8,1,71,,323285,62,0,8,1,25,,323310,62,0,8,1,27,,323303,62,0,8,1,70,,323297,62,0,8,1,78,,323318,62,0,8,1,25,,323286,62,0,8,1,26,,323311,62,0,8,1,67,,323304,62,0,8,1,34,,323298,62,0,8,1,72,,323319,62,0,8,1,31,,323287,62,0,8,1,69,,323282,62,0,8,1,80,,323305,62,0,8,1,40,,323299,62,0,8,1,64,,323292,62,0,8,1,35,,323315,62,0,8,1,64,,323313,62,0,8,1,33,,323288,62,0,8,1,68,,323306,62,0,8,1,23,,323300,62,0,8,1,68,,323293,62,0,8,1,30,,323314,62,0,8,1,25,,323289,62,0,8,1,66,,323307,62,0,8,1,25,,323301,62,0,8,1,68,,323294,62,0,8,1,27,,323283,62,0,8,2,71,,323290,62,0,8,1,32,,323308,62,0,8,1,71,,323295,62,0,8,1,30,,323312,62,0,8,1,66,,323291,62,0,8,1
12803,'H50S100F-80-F1',703,,323325,62,0,8,2,33,,323335,62,0,8,1,72,,323331,62,0,8,1,33,,323344,62,0,8,2,71,,323341,62,0,8,2,31,,323320,62,0,8,1,69,,323348,62,0,8,1,29,,323326,62,0,8,2,70,,323336,62,0,8,1,28,,323332,62,0,8,1,69,,323345,62,0,8,2,38,,323342,62,0,8,2,73,,323321,62,0,8,1,30,,323349,62,0,8,1,71,,323327,62,0,8,2,32,,323337,62,0,8,1,62,,323343,62,0,8,2,28,,323322,62,0,8,1,65,,323350,62,0,8,1,31,,323328,62,0,8,2,72,,323338,62,0,8,1,37,,323354,62,0,8,2,70,,323333,62,0,8,1,31,,323346,62,0,8,2,70,,323323,62,0,8,1,29,,323351,62,0,8,1,70,,323329,62,0,8,2,27,,323339,62,0,8,1,71,,323355,62,0,8,2,29,,323334,62,0,8,1,64,,323347,62,0,8,2,27,,323324,62,0,8,1,68,,323352,62,0,8,1,30,,323330,62,0,8,2,70,,323340,62,0,8,1,27,,323356,62,0,8,2,74,,323353,62,0,8,1
12803,'H50S200F-80-F2',703,,323362,62,0,8,2,33,,323372,62,0,8,1,72,,323368,62,0,8,1,33,,323381,62,0,8,2,71,,323378,62,0,8,2,31,,323357,62,0,8,1,69,,323385,62,0,8,1,29,,323363,62,0,8,2,70,,323373,62,0,8,1,28,,323369,62,0,8,1,69,,323382,62,0,8,2,38,,323379,62,0,8,2,73,,323358,62,0,8,1,30,,323386,62,0,8,1,71,,323364,62,0,8,2,32,,323374,62,0,8,1,62,,323380,62,0,8,2,28,,323359,62,0,8,1,65,,323387,62,0,8,1,31,,323365,62,0,8,2,72,,323375,62,0,8,1,37,,323391,62,0,8,2,70,,323370,62,0,8,1,31,,323383,62,0,8,2,70,,323360,62,0,8,1,29,,323388,62,0,8,1,70,,323366,62,0,8,2,27,,323376,62,0,8,1,71,,323392,62,0,8,2,29,,323371,62,0,8,1,64,,323384,62,0,8,2,27,,323361,62,0,8,1,68,,323389,62,0,8,1,30,,323367,62,0,8,2,70,,323377,62,0,8,1,27,,323393,62,0,8,2,74,,323390,62,0,8,1
