5102,'H50S000S-82-S',805,,301705,9,0,10,2,803,,301702,9,0,10,2,30,,301704,9,0,10,1,69,,301708,9,0,10,2,18,,301701,9,0,10,1,175,,301703,9,0,10,1
5102,'H56S000S-82-S',756,,301709,9,0,10,1
5102,'H57S000A-80-A',512,,301720,9,0,10,1,28,,301726,9,0,10,1,71,,301711,9,0,10,1,32,,301734,9,0,10,1,73,,301727,9,0,10,1,34,,301712,9,0,10,1,70,,301735,9,0,10,1,28,,301742,9,0,10,1,61,,301728,9,0,10,1,21,,301755,9,0,10,1,22,,301765,9,0,10,1,62,,301721,9,0,10,1,21,,301771,9,0,10,1,20,,301743,9,0,10,1,60,,301713,9,0,10,1,14,,301756,9,0,10,1,12,,301738,9,0,10,1,12,,301780,9,0,10,1,53,,301783,9,0,10,1,13,,301722,9,0,10,1,14,,301729,9,0,10,1,14,,301774,9,0,10,2,54,,301744,9,0,10,1,14,,301714,9,0,10,1,13,,301757,9,0,10,1,12,,301739,9,0,10,1,10,,301747,9,0,10,1,50,,301772,9,0,10,1,9,,301784,9,0,10,1,9,,301790,9,0,10,2,8,,301723,9,0,10,1,7,,301751,9,0,10,1,7,,301730,9,0,10,1,8,,301775,9,0,10,2,9,,301766,9,0,10,1,48,,301762,9,0,10,1,8,,301745,9,0,10,1,8,,301715,9,0,10,1,8,,301781,9,0,10,1,7,,301758,9,0,10,1,8,,301740,9,0,10,1,9,,301748,9,0,10,1,48,,301777,9,0,10,1,7,,301773,9,0,10,1,6,,301785,9,0,10,1,6,,301791,9,0,10,2,7,,301724,9,0,10,1,7,,301752,9,0,10,1,8,,301731,9,0,10,1,8,,301776,9,0,10,2,7,,301767,9,0,10,1,45,,301796,9,0,10,1,7,,301763,9,0,10,1,6,,301746,9,0,10,1,7,,301716,9,0,10,1,7,,301782,9,0,10,1,8,,301759,9,0,10,1,8,,301741,9,0,10,1,6,,301786,9,0,10,1,4,,301749,9,0,10,1,48,,301725,9,0,10,1,6,,301733,9,0,10,1,7,,301778,9,0,10,1,7,,301792,9,0,10,2,7,,301753,9,0,10,1,8,,301797,9,0,10,1,8,,301732,9,0,10,1,7,,301768,9,0,10,1,53,,301764,9,0,10,1,13,,301717,9,0,10,1,13,,301754,9,0,10,1,12,,301760,9,0,10,1,13,,301750,9,0,10,1,53,,301793,9,0,10,2,13,,301779,9,0,10,1,15,,301798,9,0,10,1,15,,301769,9,0,10,1,55,,301770,9,0,10,1,14,,301718,9,0,10,1,14,,301787,9,0,10,1,14,,301761,9,0,10,1,54,,301794,9,0,10,2,14,,301801,9,0,10,1,16,,301799,9,0,10,1,18,,301719,9,0,10,1,61,,301736,9,0,10,2,22,,301788,9,0,10,1,22,,301795,9,0,10,2,62,,301803,9,0,10,1,22,,301802,9,0,10,1,63,,301737,9,0,10,2,23,,301789,9,0,10,1,20,,301800,9,0,10,1
5102,'H57S000I-80-I',512,,301806,9,0,10,1,28,,301817,9,0,10,1,70,,301825,9,0,10,1,32,,301807,9,0,10,1,72,,301818,9,0,10,1,31,,301826,9,0,10,1,72,,301808,9,0,10,1,30,,301833,9,0,10,1,69,,301840,9,0,10,2,28,,301846,9,0,10,1,68,,301809,9,0,10,1,27,,301834,9,0,10,1,20,,301827,9,0,10,1,61,,301854,9,0,10,1,19,,301847,9,0,10,1,20,,301852,9,0,10,1,55,,301810,9,0,10,1,13,,301858,9,0,10,2,11,,301835,9,0,10,1,11,,301841,9,0,10,2,51,,301828,9,0,10,1,13,,301855,9,0,10,1,13,,301819,9,0,10,1,13,,301848,9,0,10,1,14,,301862,9,0,10,1,54,,301866,9,0,10,1,10,,301811,9,0,10,1,9,,301859,9,0,10,2,10,,301836,9,0,10,1,10,,301842,9,0,10,2,10,,301844,9,0,10,1,50,,301829,9,0,10,1,10,,301856,9,0,10,1,10,,301820,9,0,10,1,9,,301849,9,0,10,1,9,,301870,9,0,10,1,9,,301863,9,0,10,1,49,,301867,9,0,10,1,9,,301832,9,0,10,1,8,,301812,9,0,10,1,7,,301860,9,0,10,2,7,,301804,9,0,10,1,7,,301837,9,0,10,1,7,,301843,9,0,10,2,7,,301873,9,0,10,1,47,,301830,9,0,10,1,7,,301821,9,0,10,1,7,,301857,9,0,10,1,7,,301880,9,0,10,2,7,,301864,9,0,10,1,7,,301850,9,0,10,1,7,,301871,9,0,10,1,9,,301845,9,0,10,1,49,,301868,9,0,10,1,7,,301872,9,0,10,1,9,,301813,9,0,10,1,9,,301877,9,0,10,2,10,,301805,9,0,10,1,9,,301865,9,0,10,1,9,,301874,9,0,10,1,51,,301822,9,0,10,1,13,,301838,9,0,10,1,16,,301851,9,0,10,1,16,,301814,9,0,10,1,55,,301869,9,0,10,1,15,,301878,9,0,10,2,15,,301831,9,0,10,1,16,,301875,9,0,10,1,60,,301839,9,0,10,1,21,,301823,9,0,10,1,22,,301815,9,0,10,1,62,,301879,9,0,10,2,22,,301881,9,0,10,1,62,,301876,9,0,10,1,25,,301824,9,0,10,1,27,,301816,9,0,10,1,72,,301882,9,0,10,1,32,,301853,9,0,10,1,72,,301861,9,0,10,1
5102,'H57S000S-80-S',508,,301890,9,0,10,1,32,,301915,9,0,10,1,70,,301888,9,0,10,1,12,,301909,9,0,10,1,10,,301937,9,0,10,1,10,,301908,9,0,10,1,10,,301891,9,0,10,1,49,,301907,9,0,10,1,8,,301899,9,0,10,1,5,,301922,9,0,10,1,7,,301916,9,0,10,1,5,,301911,9,0,10,1,3,,301961,9,0,10,2,5,,301964,9,0,10,2,4,,301952,9,0,10,1,5,,301929,9,0,10,2,4,,301960,9,0,10,1,6,,301883,9,0,10,1,47,,301965,9,0,10,1,8,,301970,9,0,10,1,6,,301976,9,0,10,1,7,,301889,9,0,10,1,7,,301975,9,0,10,2,7,,301983,9,0,10,1,7,,301938,9,0,10,1,8,,301900,9,0,10,1,50,,301956,9,0,10,1,10,,301985,9,0,10,1,11,,301930,9,0,10,1,9,,301923,9,0,10,1,10,,301894,9,0,10,1,10,,301953,9,0,10,1,9,,301884,9,0,10,1,49,,301966,9,0,10,1,10,,301971,9,0,10,1,10,,301977,9,0,10,1,10,,301984,9,0,10,1,9,,301939,9,0,10,1,8,,301901,9,0,10,1,49,,301957,9,0,10,1,10,,301986,9,0,10,1,11,,301931,9,0,10,1,11,,301924,9,0,10,1,11,,301895,9,0,10,1,10,,301885,9,0,10,1,48,,301967,9,0,10,1,8,,301912,9,0,10,1,8,,301972,9,0,10,1,9,,301978,9,0,10,1,10,,301917,9,0,10,1,10,,301940,9,0,10,1,50,,301902,9,0,10,1,10,,301958,9,0,10,1,10,,301987,9,0,10,1,10,,301932,9,0,10,1,10,,301925,9,0,10,1,10,,301896,9,0,10,1,50,,301886,9,0,10,1,10,,301968,9,0,10,1,10,,301913,9,0,10,1,8,,301973,9,0,10,1,8,,301979,9,0,10,1,8,,301918,9,0,10,1,7,,301941,9,0,10,1,6,,302000,9,0,10,1,46,,301903,9,0,10,1,8,,301954,9,0,10,1,7,,302006,9,0,10,1,6,,301959,9,0,10,1,4,,302012,9,0,10,2,6,,301988,9,0,10,1,5,,301933,9,0,10,1,4,,302014,9,0,10,1,4,,301926,9,0,10,1,5,,302023,9,0,10,2,6,,301991,9,0,10,1,45,,302025,9,0,10,2,9,,302018,9,0,10,1,3,,301887,9,0,10,1,3,,301897,9,0,10,1,4,,301950,9,0,10,1,4,,302031,9,0,10,1,4,,301969,9,0,10,1,4,,302032,9,0,10,1,8,,301974,9,0,10,1,4,,302005,9,0,10,2,5,,301980,9,0,10,1,5,,302008,9,0,10,1,46,,301995,9,0,10,1,12,,302001,9,0,10,1,6,,301904,9,0,10,1,11,,301955,9,0,10,1,7,,302007,9,0,10,1,6,,301947,9,0,10,1,6,,301993,9,0,10,1,6,,301989,9,0,10,1,46,,302015,9,0,10,1,7,,301920,9,0,10,1,8,,302024,9,0,10,2,7,,301943,9,0,10,1,7,,302019,9,0,10,1,7,,301962,9,0,10,1,7,,301951,9,0,10,1,7,,302033,9,0,10,1,56,,301981,9,0,10,1,9,,301996,9,0,10,1,10,,302002,9,0,10,1,9,,301905,9,0,10,1,8,,301936,9,0,10,1,6,,301948,9,0,10,1,7,,302010,9,0,10,1,48,,302016,9,0,10,1,7,,302020,9,0,10,1,7,,301921,9,0,10,1,10,,301944,9,0,10,1,12,,301963,9,0,10,1,12,,302034,9,0,10,1,53,,301982,9,0,10,1,13,,301997,9,0,10,1,13,,301906,9,0,10,1,13,,302021,9,0,10,1,14,,302017,9,0,10,1,54,,302028,9,0,10,1,14,,301945,9,0,10,1,15,,302029,9,0,10,1,15,,302035,9,0,10,1,54,,301998,9,0,10,1,15,,302036,9,0,10,1,17,,302022,9,0,10,1,63,,301946,9,0,10,1,29,,302030,9,0,10,1,71,,301999,9,0,10,1,33,,302037,9,0,10,1
5102,'H57S100F-80-F1',512,,302040,9,0,10,1,28,,302051,9,0,10,1,70,,302059,9,0,10,1,32,,302041,9,0,10,1,72,,302052,9,0,10,1,31,,302060,9,0,10,1,72,,302042,9,0,10,1,30,,302067,9,0,10,1,69,,302074,9,0,10,2,28,,302080,9,0,10,1,68,,302043,9,0,10,1,27,,302068,9,0,10,1,20,,302061,9,0,10,1,61,,302088,9,0,10,1,19,,302081,9,0,10,1,20,,302086,9,0,10,1,55,,302044,9,0,10,1,13,,302092,9,0,10,2,11,,302069,9,0,10,1,11,,302075,9,0,10,2,51,,302062,9,0,10,1,13,,302089,9,0,10,1,13,,302053,9,0,10,1,13,,302082,9,0,10,1,14,,302096,9,0,10,1,54,,302100,9,0,10,1,10,,302045,9,0,10,1,9,,302093,9,0,10,2,10,,302070,9,0,10,1,10,,302076,9,0,10,2,10,,302078,9,0,10,1,50,,302063,9,0,10,1,10,,302090,9,0,10,1,10,,302054,9,0,10,1,9,,302083,9,0,10,1,9,,302104,9,0,10,1,9,,302097,9,0,10,1,49,,302101,9,0,10,1,9,,302066,9,0,10,1,8,,302046,9,0,10,1,7,,302094,9,0,10,2,7,,302038,9,0,10,1,7,,302071,9,0,10,1,7,,302077,9,0,10,2,7,,302107,9,0,10,1,47,,302064,9,0,10,1,7,,302055,9,0,10,1,7,,302091,9,0,10,1,7,,302114,9,0,10,2,7,,302098,9,0,10,1,7,,302084,9,0,10,1,7,,302105,9,0,10,1,9,,302079,9,0,10,1,49,,302102,9,0,10,1,7,,302106,9,0,10,1,9,,302047,9,0,10,1,9,,302111,9,0,10,2,10,,302039,9,0,10,1,9,,302099,9,0,10,1,9,,302108,9,0,10,1,51,,302056,9,0,10,1,13,,302072,9,0,10,1,16,,302085,9,0,10,1,16,,302048,9,0,10,1,55,,302103,9,0,10,1,15,,302112,9,0,10,2,15,,302065,9,0,10,1,16,,302109,9,0,10,1,60,,302073,9,0,10,1,21,,302057,9,0,10,1,22,,302049,9,0,10,1,62,,302113,9,0,10,2,22,,302115,9,0,10,1,62,,302110,9,0,10,1,25,,302058,9,0,10,1,27,,302050,9,0,10,1,72,,302116,9,0,10,1,32,,302087,9,0,10,1,72,,302095,9,0,10,1
5102,'H57S200F-80-F2',512,,302119,9,0,10,1,28,,302130,9,0,10,1,70,,302138,9,0,10,1,32,,302120,9,0,10,1,72,,302131,9,0,10,1,31,,302139,9,0,10,1,72,,302121,9,0,10,1,30,,302146,9,0,10,1,69,,302153,9,0,10,2,28,,302159,9,0,10,1,68,,302122,9,0,10,1,27,,302147,9,0,10,1,20,,302140,9,0,10,1,61,,302167,9,0,10,1,19,,302160,9,0,10,1,20,,302165,9,0,10,1,55,,302123,9,0,10,1,13,,302171,9,0,10,2,11,,302148,9,0,10,1,11,,302154,9,0,10,2,51,,302141,9,0,10,1,13,,302168,9,0,10,1,13,,302132,9,0,10,1,13,,302161,9,0,10,1,14,,302175,9,0,10,1,54,,302179,9,0,10,1,10,,302124,9,0,10,1,9,,302172,9,0,10,2,10,,302149,9,0,10,1,10,,302155,9,0,10,2,10,,302157,9,0,10,1,50,,302142,9,0,10,1,10,,302169,9,0,10,1,10,,302133,9,0,10,1,9,,302162,9,0,10,1,9,,302183,9,0,10,1,9,,302176,9,0,10,1,49,,302180,9,0,10,1,9,,302145,9,0,10,1,8,,302125,9,0,10,1,7,,302173,9,0,10,2,7,,302117,9,0,10,1,7,,302150,9,0,10,1,7,,302156,9,0,10,2,7,,302186,9,0,10,1,47,,302143,9,0,10,1,7,,302134,9,0,10,1,7,,302170,9,0,10,1,7,,302193,9,0,10,2,7,,302177,9,0,10,1,7,,302163,9,0,10,1,7,,302184,9,0,10,1,9,,302158,9,0,10,1,49,,302181,9,0,10,1,7,,302185,9,0,10,1,9,,302126,9,0,10,1,9,,302190,9,0,10,2,10,,302118,9,0,10,1,9,,302178,9,0,10,1,9,,302187,9,0,10,1,51,,302135,9,0,10,1,13,,302151,9,0,10,1,16,,302164,9,0,10,1,16,,302127,9,0,10,1,55,,302182,9,0,10,1,15,,302191,9,0,10,2,15,,302144,9,0,10,1,16,,302188,9,0,10,1,60,,302152,9,0,10,1,21,,302136,9,0,10,1,22,,302128,9,0,10,1,62,,302192,9,0,10,2,22,,302194,9,0,10,1,62,,302189,9,0,10,1,25,,302137,9,0,10,1,27,,302129,9,0,10,1,72,,302195,9,0,10,1,32,,302166,9,0,10,1,72,,302174,9,0,10,1
12903,'H51S000A-80-A',636,,323580,18,0,8,1,82,,323575,18,0,8,2,34,,323592,18,0,8,1,72,,323581,18,0,8,1,32,,323576,18,0,8,2,72,,323593,18,0,8,1,72,,323582,18,0,8,1,32,,323577,18,0,8,2,72,,323594,18,0,8,1,32,,323583,18,0,8,1,72,,323578,18,0,8,2,34,,323595,18,0,8,1,70,,323584,18,0,8,1,26,,323606,18,0,8,1,66,,323579,18,0,8,2,31,,323596,18,0,8,1,71,,323585,18,0,8,1,30,,323607,18,0,8,1,70,,323603,18,0,8,1,31,,323597,18,0,8,1,68,,323586,18,0,8,1,28,,323608,18,0,8,1,68,,323604,18,0,8,1,28,,323598,18,0,8,1,28,,323587,18,0,8,1,65,,323609,18,0,8,1,29,,323605,18,0,8,1,66,,323599,17,0,98,1,29,,323588,17,0,98,1,70,,323610,17,0,98,1,29,,323600,17,0,98,1,70,,323589,17,0,98,1,30,,323611,17,0,98,1,69,,323601,17,0,98,1,40,,323590,17,0,98,1,81,,323602,17,0,98,1,80,,323591,17,0,98,1
12903,'H51S000I-80-I',627,,323616,18,0,8,1,82,,323625,18,0,8,2,42,,323617,18,0,8,1,83,,323626,18,0,8,2,86,,323618,18,0,8,1,34,,323612,18,0,8,1,74,,323627,18,0,8,2,73,,323619,18,0,8,1,35,,323613,18,0,8,1,75,,323628,18,0,8,2,33,,323620,18,0,8,1,73,,323614,18,0,8,1,33,,323629,18,0,8,1,73,,323621,18,0,8,1,27,,323637,18,0,8,2,67,,323615,18,0,8,1,27,,323630,18,0,8,1,70,,323622,18,0,8,1,32,,323638,18,0,8,2,71,,323631,18,0,8,1,30,,323623,18,0,8,1,70,,323639,18,0,8,2,29,,323632,18,0,8,1,71,,323624,18,0,8,1,32,,323640,18,0,8,2,65,,323633,17,0,98,1,33,,323644,17,0,98,2,77,,323641,17,0,98,2,77,,323634,17,0,98,1,37,,323645,17,0,98,2,76,,323642,17,0,98,2,39,,323635,17,0,98,1,81,,323643,17,0,98,2,82,,323636,17,0,98,1
12903,'H51S000S-81-S',724,,323646,18,0,8,1,31,,323655,18,0,8,2,46,,323656,18,0,8,1,32,,323661,18,0,8,2,73,,323666,18,0,8,1,33,,323647,18,0,8,1,71,,323657,18,0,8,1,32,,323662,18,0,8,2,73,,323667,18,0,8,1,32,,323648,18,0,8,1,72,,323658,18,0,8,1,30,,323663,18,0,8,2,70,,323668,18,0,8,1,25,,323670,18,0,8,1,60,,323649,18,0,8,1,22,,323659,18,0,8,1,18,,323677,18,0,8,1,13,,323664,18,0,8,2,64,,323669,18,0,8,1,9,,323682,18,0,8,2,9,,323671,18,0,8,1,9,,323685,18,0,8,2,59,,323650,18,0,8,1,10,,323691,18,0,8,1,11,,323660,18,0,8,1,17,,323672,18,0,8,1,56,,323678,18,0,8,1,18,,323665,18,0,8,2,19,,323683,18,0,8,2,62,,323686,18,0,8,2,23,,323651,18,0,8,1,24,,323673,18,0,8,1,64,,323679,18,0,8,1,23,,323684,18,0,8,2,15,,323687,18,0,98,2,68,,323652,17,0,98,1,31,,323674,17,0,98,1,71,,323680,17,0,98,1,29,,323688,17,0,98,2,69,,323653,17,0,98,1,30,,323675,17,0,98,1,70,,323681,17,0,98,1,30,,323689,17,0,98,2,69,,323654,17,0,98,1,30,,323676,17,0,98,1,71,,323690,17,0,98,2
12903,'H51S100F-80-F1',627,,323692,18,0,8,1,82,,323701,18,0,8,2,42,,323693,18,0,8,1,83,,323702,18,0,8,2,86,,323694,18,0,8,1,34,,323712,18,0,8,1,74,,323703,18,0,8,2,73,,323695,18,0,8,1,35,,323713,18,0,8,1,75,,323704,18,0,8,2,33,,323696,18,0,8,1,73,,323714,18,0,8,1,33,,323716,18,0,8,1,73,,323697,18,0,8,1,27,,323705,18,0,8,2,67,,323715,18,0,8,1,27,,323717,18,0,8,1,70,,323698,18,0,8,1,32,,323706,18,0,8,2,71,,323718,18,0,8,1,30,,323699,18,0,8,1,70,,323707,18,0,8,2,29,,323719,18,0,8,1,71,,323700,18,0,8,1,32,,323708,18,0,8,2,65,,323720,17,0,98,1,33,,323724,17,0,98,2,77,,323709,17,0,98,2,77,,323721,17,0,98,1,37,,323725,17,0,98,2,76,,323710,17,0,98,2,39,,323722,17,0,98,1,81,,323711,17,0,98,2,82,,323723,17,0,98,1
12903,'H51S200F-80-F2',627,,323726,18,0,8,1,82,,323735,18,0,8,2,42,,323727,18,0,8,1,83,,323736,18,0,8,2,86,,323728,18,0,8,1,34,,323746,18,0,8,1,74,,323737,18,0,8,2,73,,323729,18,0,8,1,35,,323747,18,0,8,1,75,,323738,18,0,8,2,33,,323730,18,0,8,1,73,,323748,18,0,8,1,33,,323750,18,0,8,1,73,,323731,18,0,8,1,27,,323739,18,0,8,2,67,,323749,18,0,8,1,27,,323751,18,0,8,1,70,,323732,18,0,8,1,32,,323740,18,0,8,2,71,,323752,18,0,8,1,30,,323733,18,0,8,1,70,,323741,18,0,8,2,29,,323753,18,0,8,1,71,,323734,18,0,8,1,32,,323742,18,0,8,2,65,,323754,17,0,98,1,33,,323758,17,0,98,2,77,,323743,17,0,98,2,77,,323755,17,0,98,1,37,,323759,17,0,98,2,76,,323744,17,0,98,2,39,,323756,17,0,98,1,81,,323745,17,0,98,2,82,,323757,17,0,98,1
12903,'H57S000S-80-S',1509,,323760,18,0,8,1,48,,323761,18,0,8,2
12903,'H59S000S-80-S',620,,323762,18,0,8,1,30,,323763,18,0,8,2
36802,'H57S000A-80-A',2613,,346929,30,0,10,1,20,,346927,30,0,10,1,19,,346925,30,0,10,1,70,,346931,30,0,10,1,30,,346926,30,0,10,2,78,,346930,30,0,10,1,80,,346928,30,0,10,1
36802,'H57S000I-80-I',2612,,346935,30,0,10,1,45,,346932,30,0,10,1,84,,346933,30,0,10,1,86,,346934,30,0,10,1,86,,346936,30,0,10,1
36802,'H57S000S-80-S',2610,,346940,30,0,10,1,41,,346938,30,0,10,1,94,,346937,30,0,10,1,93,,346939,30,0,10,1,77,,346941,30,0,10,1
36802,'H57S100F-80-F1',2612,,346945,30,0,10,1,45,,346942,30,0,10,1,84,,346943,30,0,10,1,86,,346944,30,0,10,1,86,,346946,30,0,10,1
36802,'H57S200F-80-F2',2612,,346950,30,0,10,1,45,,346947,30,0,10,1,84,,346948,30,0,10,1,86,,346949,30,0,10,1,86,,346951,30,0,10,1
