17101,'H50S000A-82-A',507,,332284,11,0,5,2,31,,332325,11,0,5,1,71,,332285,11,0,5,2,32,,332305,11,0,5,1,71,,332286,11,0,5,2,31,,332306,11,0,5,1,71,,332287,11,0,5,2,31,,332307,11,0,5,1,71,,332288,11,0,5,2,30,,332308,11,0,5,1,70,,332289,11,0,5,2,30,,332309,11,0,5,1,70,,332290,11,0,5,2,31,,332310,11,0,5,1,71,,332291,11,0,5,2,30,,332311,11,0,5,1,70,,332292,11,0,5,2,31,,332312,11,0,5,1,71,,332293,11,0,5,2,30,,332313,11,0,5,1,70,,332294,11,0,5,2,30,,332314,11,0,5,1,71,,332295,11,0,5,2,31,,332315,11,0,5,1,71,,332296,11,0,5,2,31,,332316,11,0,5,1,70,,332297,11,0,5,2,31,,332317,11,0,5,1,71,,332298,11,0,5,2,32,,332318,11,0,5,1,71,,332299,11,0,5,2,71,,332319,11,0,5,1,31,,332300,11,0,5,2,71,,332320,11,0,5,1,31,,332301,11,0,5,2,71,,332321,11,0,5,1,30,,332302,11,0,5,2,71,,332322,11,0,5,1,31,,332303,11,0,5,2,71,,332323,11,0,5,1,29,,332304,11,0,5,2,72,,332324,11,0,5,1
17101,'H50S000I-82-I',507,,332365,11,0,5,2,30,,332366,11,0,5,1,70,,332327,11,0,5,2,31,,332346,11,0,5,1,68,,332328,11,0,5,2,27,,332326,11,0,5,1,67,,332347,11,0,5,1,28,,332329,11,0,5,2,29,,332348,11,0,5,1,71,,332330,11,0,5,2,31,,332349,11,0,5,1,70,,332331,11,0,5,2,30,,332350,11,0,5,1,70,,332332,11,0,5,2,30,,332351,11,0,5,1,71,,332333,11,0,5,2,71,,332352,11,0,5,1,32,,332334,11,0,5,2,71,,332353,11,0,5,1,31,,332335,11,0,5,2,71,,332354,11,0,5,1,31,,332336,11,0,5,2,71,,332355,11,0,5,1,30,,332337,11,0,5,2,70,,332356,11,0,5,1,30,,332338,11,0,5,2,70,,332357,11,0,5,1,30,,332339,11,0,5,2,68,,332358,11,0,5,1,30,,332340,11,0,5,2,70,,332359,11,0,5,1,29,,332341,11,0,5,2,70,,332360,11,0,5,1,30,,332342,11,0,5,2,70,,332361,11,0,5,1,30,,332343,11,0,5,2,70,,332362,11,0,5,1,31,,332344,11,0,5,2,71,,332363,11,0,5,1,31,,332345,11,0,5,2,71,,332364,11,0,5,1
17101,'H50S000S-82-S',508,,332373,11,0,5,2,29,,332378,11,0,5,1,68,,332381,11,0,5,2,23,,332384,11,0,5,2,17,,332379,11,0,5,1,56,,332382,11,0,5,2,17,,332374,11,0,5,1,17,,332385,11,0,5,2,16,,332380,11,0,5,1,57,,332383,11,0,5,2,19,,332375,11,0,5,1,20,,332411,11,0,5,2,61,,332415,11,0,5,1,22,,332376,11,0,5,1,23,,332412,11,0,5,2,65,,332416,11,0,5,1,27,,332377,11,0,5,1,68,,332413,11,0,5,2,28,,332417,11,0,5,1,71,,332414,11,0,5,2,29,,332418,11,0,5,1,69,,332367,11,0,5,2,30,,332372,11,0,5,1,70,,332368,11,0,5,2,30,,332403,11,0,5,1,68,,332393,11,0,5,2,23,,332369,11,0,5,2,23,,332404,11,0,5,1,59,,332386,11,0,5,1,18,,332394,11,0,5,2,17,,332370,11,0,5,2,57,,332405,11,0,5,1,15,,332387,11,0,5,1,15,,332388,11,0,5,1,14,,332395,11,0,5,2,55,,332371,11,0,5,2,15,,332406,11,0,5,1,19,,332389,11,0,5,1,19,,332396,11,0,5,2,62,,332407,11,0,5,1,26,,332390,11,0,5,1,69,,332397,11,0,5,2,30,,332391,11,0,5,1,70,,332398,11,0,5,2,30,,332392,11,0,5,1,69,,332399,11,0,5,2,30,,332408,11,0,5,1,70,,332400,11,0,5,2,29,,332409,11,0,5,1,69,,332401,11,0,5,2,28,,332410,11,0,5,1,68,,332402,11,0,5,2
17101,'H50S100F-80-F1',507,,332458,11,0,5,2,30,,332459,11,0,5,1,70,,332420,11,0,5,2,31,,332439,11,0,5,1,68,,332421,11,0,5,2,27,,332419,11,0,5,1,67,,332440,11,0,5,1,28,,332422,11,0,5,2,29,,332441,11,0,5,1,71,,332423,11,0,5,2,31,,332442,11,0,5,1,70,,332424,11,0,5,2,30,,332443,11,0,5,1,70,,332425,11,0,5,2,30,,332444,11,0,5,1,71,,332426,11,0,5,2,71,,332445,11,0,5,1,32,,332427,11,0,5,2,71,,332446,11,0,5,1,31,,332428,11,0,5,2,71,,332447,11,0,5,1,31,,332429,11,0,5,2,71,,332448,11,0,5,1,30,,332430,11,0,5,2,70,,332449,11,0,5,1,30,,332431,11,0,5,2,70,,332450,11,0,5,1,30,,332432,11,0,5,2,68,,332451,11,0,5,1,30,,332433,11,0,5,2,70,,332452,11,0,5,1,29,,332434,11,0,5,2,70,,332453,11,0,5,1,30,,332435,11,0,5,2,70,,332454,11,0,5,1,30,,332436,11,0,5,2,70,,332455,11,0,5,1,31,,332437,11,0,5,2,71,,332456,11,0,5,1,31,,332438,11,0,5,2,71,,332457,11,0,5,1
17101,'H50S200F-80-F2',507,,332499,11,0,5,2,30,,332500,11,0,5,1,70,,332461,11,0,5,2,31,,332480,11,0,5,1,68,,332462,11,0,5,2,27,,332460,11,0,5,1,67,,332481,11,0,5,1,28,,332463,11,0,5,2,29,,332482,11,0,5,1,71,,332464,11,0,5,2,31,,332483,11,0,5,1,70,,332465,11,0,5,2,30,,332484,11,0,5,1,70,,332466,11,0,5,2,30,,332485,11,0,5,1,71,,332467,11,0,5,2,71,,332486,11,0,5,1,32,,332468,11,0,5,2,71,,332487,11,0,5,1,31,,332469,11,0,5,2,71,,332488,11,0,5,1,31,,332470,11,0,5,2,71,,332489,11,0,5,1,30,,332471,11,0,5,2,70,,332490,11,0,5,1,30,,332472,11,0,5,2,70,,332491,11,0,5,1,30,,332473,11,0,5,2,68,,332492,11,0,5,1,30,,332474,11,0,5,2,70,,332493,11,0,5,1,29,,332475,11,0,5,2,70,,332494,11,0,5,1,30,,332476,11,0,5,2,70,,332495,11,0,5,1,30,,332477,11,0,5,2,70,,332496,11,0,5,1,31,,332478,11,0,5,2,71,,332497,11,0,5,1,31,,332479,11,0,5,2,71,,332498,11,0,5,1
38001,'H50S000A-82-A',2607,,347292,23,0,5,1,48,,347291,23,0,5,1,85,,347295,23,0,5,1,85,,347293,23,0,5,1
38001,'H50S000I-82-I',2521,,347299,23,0,5,1,86,,347297,23,0,5,2,44,,347298,23,0,5,1,84,,347296,23,0,5,1,85,,347300,23,0,5,1
38001,'H50S000S-82-S',2533,,347303,23,0,5,1,84,,347305,23,0,5,1,87,,347301,23,0,5,1,42,,347302,23,0,5,1,88,,347304,23,0,5,1
38001,'H50S100F-80-F1',2521,,347310,23,0,5,1,86,,347308,23,0,5,2,44,,347309,23,0,5,1,84,,347307,23,0,5,1,85,,347311,23,0,5,1
38001,'H50S200F-80-F2',2521,,347315,23,0,5,1,86,,347313,23,0,5,2,44,,347314,23,0,5,1,84,,347312,23,0,5,1,85,,347316,23,0,5,1
