2803,'H54S000A-80-A',510,,293099,15,0,8,1,22,,293125,15,0,8,2,22,,293123,15,0,8,1,71,,293132,15,0,8,1,31,,293126,15,0,8,2,71,,293124,15,0,8,1,31,,293133,15,0,8,1,71,,293127,15,0,8,2,71,,293106,15,0,8,1,31,,293134,15,0,8,1,71,,293128,15,0,8,2,31,,293107,15,0,8,1,71,,293115,15,0,8,2,31,,293100,15,0,8,1,71,,293138,15,0,8,1,31,,293135,15,0,8,1,71,,293129,15,0,8,2,31,,293108,15,0,8,1,71,,293116,15,0,8,2,31,,293101,15,0,8,1,71,,293139,15,0,8,1,31,,293136,15,0,8,1,71,,293130,15,0,8,2,31,,293109,15,0,8,1,71,,293117,15,0,8,2,31,,293102,15,0,8,1,71,,293140,15,0,8,1,31,,293137,15,0,8,1,71,,293131,15,0,8,2,31,,293110,15,0,8,1,71,,293118,15,0,8,2,31,,293103,15,0,8,1,71,,293111,15,0,8,1,31,,293119,15,0,8,2,71,,293104,15,0,8,1,31,,293112,15,0,8,1,71,,293141,15,0,8,2,31,,293120,15,0,8,2,71,,293113,15,0,8,1,71,,293105,15,0,8,1,31,,293121,15,0,8,2,71,,293114,15,0,8,1,27,,293122,15,0,8,2
2803,'H54S000I-80-I',509,,293142,15,0,8,2,24,,293167,15,0,8,2,25,,293156,15,0,8,1,66,,293174,15,0,8,2,28,,293168,15,0,8,2,70,,293157,15,0,8,1,30,,293175,15,0,8,2,70,,293169,15,0,8,2,30,,293180,15,0,8,1,70,,293176,15,0,8,2,30,,293170,15,0,8,2,70,,293158,15,0,8,1,30,,293150,15,0,8,2,70,,293143,15,0,8,2,30,,293181,15,0,8,1,70,,293177,15,0,8,2,30,,293171,15,0,8,2,70,,293159,15,0,8,1,30,,293151,15,0,8,2,70,,293144,15,0,8,2,30,,293182,15,0,8,1,70,,293178,15,0,8,2,30,,293172,15,0,8,2,70,,293160,15,0,8,1,30,,293152,15,0,8,2,70,,293145,15,0,8,2,30,,293183,15,0,8,1,70,,293179,15,0,8,2,30,,293173,15,0,8,2,70,,293161,15,0,8,1,30,,293153,15,0,8,2,70,,293146,15,0,8,2,30,,293162,15,0,8,1,70,,293154,15,0,8,2,30,,293147,15,0,8,2,69,,293163,15,0,8,1,30,,293155,15,0,8,2,70,,293148,15,0,8,1,29,,293164,15,0,8,2,69,,293184,15,0,8,1,32,,293149,15,0,8,1,70,,293165,15,0,8,2,31,,293166,15,0,8,1
2803,'H54S000S-80-S',511,,293231,15,0,8,2,30,,293228,15,0,8,1,16,,293187,15,0,8,2,56,,293232,15,0,8,2,12,,293206,15,0,8,2,23,,293191,15,0,8,1,52,,293189,15,0,8,1,18,,293230,15,0,8,2,10,,293210,15,0,8,2,9,,293188,15,0,8,2,10,,293233,15,0,8,2,11,,293207,15,0,8,2,57,,293201,15,0,8,1,17,,293190,15,0,8,1,23,,293211,15,0,8,2,70,,293208,15,0,8,2,30,,293202,15,0,8,1,69,,293212,15,0,8,2,31,,293209,15,0,8,2,70,,293203,15,0,8,1,31,,293192,15,0,8,1,72,,293213,15,0,8,1,28,,293204,15,0,8,1,69,,293193,15,0,8,1,28,,293214,15,0,8,1,68,,293205,15,0,8,1,29,,293194,15,0,8,1,72,,293215,15,0,8,1,33,,293221,15,0,8,2,72,,293195,15,0,8,1,20,,293222,2,0,8,2,10,,293216,15,0,8,1,56,,293226,2,0,8,2,14,,293217,15,0,8,2,13,,293237,2,0,8,2,14,,293196,15,0,8,1,58,,293238,2,0,8,2,12,,293223,15,0,8,2,16,,293185,2,0,8,1,15,,293218,15,0,8,2,70,,293197,15,0,8,1,30,,293235,15,0,8,2,71,,293219,15,0,8,2,31,,293198,15,0,8,1,70,,293236,15,0,8,2,29,,293220,15,0,8,2,71,,293199,15,0,8,1,30,,293224,15,0,8,1,70,,293239,15,0,8,1,29,,293200,15,0,8,1,70,,293225,15,0,8,1,30,,293240,15,0,8,1,70,,293229,15,0,8,1,29,,293186,15,0,8,1
2803,'H54S100F-80-F1',509,,293241,15,0,8,2,24,,293266,15,0,8,2,25,,293255,15,0,8,1,66,,293273,15,0,8,2,28,,293267,15,0,8,2,70,,293256,15,0,8,1,30,,293274,15,0,8,2,70,,293268,15,0,8,2,30,,293279,15,0,8,1,70,,293275,15,0,8,2,30,,293269,15,0,8,2,70,,293257,15,0,8,1,30,,293249,15,0,8,2,70,,293242,15,0,8,2,30,,293280,15,0,8,1,70,,293276,15,0,8,2,30,,293270,15,0,8,2,70,,293258,15,0,8,1,30,,293250,15,0,8,2,70,,293243,15,0,8,2,30,,293281,15,0,8,1,70,,293277,15,0,8,2,30,,293271,15,0,8,2,70,,293259,15,0,8,1,30,,293251,15,0,8,2,70,,293244,15,0,8,2,30,,293282,15,0,8,1,70,,293278,15,0,8,2,30,,293272,15,0,8,2,70,,293260,15,0,8,1,30,,293252,15,0,8,2,70,,293245,15,0,8,2,30,,293261,15,0,8,1,70,,293253,15,0,8,2,30,,293246,15,0,8,2,69,,293262,15,0,8,1,30,,293254,15,0,8,2,70,,293247,15,0,8,1,29,,293263,15,0,8,2,69,,293283,15,0,8,1,32,,293248,15,0,8,1,70,,293264,15,0,8,2,31,,293265,15,0,8,1
2803,'H54S200F-80-F2',509,,293284,15,0,8,2,24,,293309,15,0,8,2,25,,293298,15,0,8,1,66,,293316,15,0,8,2,28,,293310,15,0,8,2,70,,293299,15,0,8,1,30,,293317,15,0,8,2,70,,293311,15,0,8,2,30,,293322,15,0,8,1,70,,293318,15,0,8,2,30,,293312,15,0,8,2,70,,293300,15,0,8,1,30,,293292,15,0,8,2,70,,293285,15,0,8,2,30,,293323,15,0,8,1,70,,293319,15,0,8,2,30,,293313,15,0,8,2,70,,293301,15,0,8,1,30,,293293,15,0,8,2,70,,293286,15,0,8,2,30,,293324,15,0,8,1,70,,293320,15,0,8,2,30,,293314,15,0,8,2,70,,293302,15,0,8,1,30,,293294,15,0,8,2,70,,293287,15,0,8,2,30,,293325,15,0,8,1,70,,293321,15,0,8,2,30,,293315,15,0,8,2,70,,293303,15,0,8,1,30,,293295,15,0,8,2,70,,293288,15,0,8,2,30,,293304,15,0,8,1,70,,293296,15,0,8,2,30,,293289,15,0,8,2,69,,293305,15,0,8,1,30,,293297,15,0,8,2,70,,293290,15,0,8,1,29,,293306,15,0,8,2,69,,293326,15,0,8,1,32,,293291,15,0,8,1,70,,293307,15,0,8,2,31,,293308,15,0,8,1
2803,'H57S000S-80-S',637,,293327,15,0,8,1,72,,293328,15,0,8,1
36401,'H54S000A-80-A',2629,,346786,58,0,5,1,88,,346788,58,0,5,1,31,,346789,58,0,5,2,10,,346784,58,0,5,1,85,,346785,58,0,5,2,83,,346787,58,0,5,1
36401,'H54S000I-80-I',2622,,346793,58,0,5,1,85,,346795,58,0,5,1,30,,346790,58,0,5,1,71,,346792,58,0,5,2,31,,346791,58,0,5,1,81,,346794,58,0,5,1
36401,'H54S000S-80-S',2623,,346796,58,0,5,1,84,,346798,58,0,5,1,45,,346800,58,0,5,1,85,,346799,58,0,5,2,84,,346797,58,0,5,1
36401,'H54S100F-80-F1',2622,,346804,58,0,5,1,85,,346806,58,0,5,1,30,,346801,58,0,5,1,71,,346803,58,0,5,2,31,,346802,58,0,5,1,81,,346805,58,0,5,1
36401,'H54S200F-80-F2',2622,,346810,58,0,5,1,85,,346812,58,0,5,1,30,,346807,58,0,5,1,71,,346809,58,0,5,2,31,,346808,58,0,5,1,81,,346811,58,0,5,1
