8501,'H54S000S-80-S',1911,,310626,26,0,5,1
8501,'H59S000A-80-A',604,,310627,26,0,5,1,42,,310644,26,0,5,2,84,,310633,26,0,5,1,82,,310628,26,0,5,1,43,,310645,26,0,5,2,82,,310634,26,0,5,1,81,,310629,26,0,5,1,82,,310646,26,0,5,2,42,,310635,26,0,5,1,83,,310630,26,0,5,1,32,,310647,26,0,5,2,74,,310638,26,0,5,1,74,,310636,26,0,5,1,33,,310631,26,0,5,1,73,,310648,26,0,5,2,33,,310639,26,0,5,1,74,,310637,26,0,5,1,34,,310632,26,0,5,1,72,,310649,26,0,5,2,83,,310640,26,0,5,1,42,,310654,26,0,5,1,82,,310650,26,0,5,2,81,,310641,26,0,5,1,42,,310655,26,0,5,1,83,,310651,26,0,5,2,83,,310642,26,0,5,1,84,,310656,26,0,5,1,44,,310652,26,0,5,2,84,,310643,26,0,5,1,82,,310657,26,0,5,1,45,,310653,26,0,5,2
8501,'H59S000I-81-I',549,,310668,26,0,5,1,82,,310681,26,0,5,1,83,,310662,26,0,5,2,42,,310669,26,0,5,1,82,,310682,26,0,5,1,82,,310663,26,0,5,2,84,,310670,26,0,5,1,41,,310683,26,0,5,1,81,,310664,26,0,5,2,81,,310671,26,0,5,1,42,,310684,26,0,5,1,82,,310665,26,0,5,2,81,,310672,26,0,5,1,33,,310687,26,0,5,2,72,,310685,26,0,5,1,33,,310666,26,0,5,2,72,,310673,26,0,5,1,33,,310688,26,0,5,2,73,,310686,26,0,5,1,74,,310667,26,0,5,2,34,,310674,26,0,5,1,76,,310658,26,0,5,1,42,,310678,26,0,5,1,82,,310675,26,0,5,1,80,,310659,26,0,5,1,41,,310679,26,0,5,1,82,,310676,26,0,5,1,81,,310660,26,0,5,1,83,,310680,26,0,5,1,44,,310677,26,0,5,1,82,,310661,26,0,5,1
8501,'H59S000S-80-S',523,,310693,26,0,5,1,29,,310706,26,0,5,2,69,,310723,26,0,5,1,32,,310692,26,0,5,2,73,,310701,26,0,5,2,33,,310694,26,0,5,1,71,,310707,26,0,5,2,70,,310724,26,0,5,1,31,,310725,26,0,5,1,28,,310702,26,0,5,2,71,,310695,26,0,5,1,71,,310711,26,0,5,2,32,,310708,26,0,5,1,73,,310703,26,0,5,2,33,,310696,26,0,5,1,73,,310712,26,0,5,2,27,,310720,26,0,5,2,66,,310709,26,0,5,1,27,,310704,26,0,5,2,68,,310715,26,0,5,2,35,,310697,26,0,5,1,73,,310713,26,0,5,2,30,,310710,26,0,5,1,66,,310705,26,0,5,2,21,,310721,26,0,5,1,26,,310716,26,0,5,2,64,,310698,26,0,5,1,28,,310714,26,0,5,2,95,,310722,26,0,5,1,72,,310717,26,0,5,2,44,,310699,26,0,5,1,84,,310690,26,0,5,1,83,,310718,26,0,5,2,83,,310700,26,0,5,1,49,,310691,26,0,5,1,88,,310719,26,0,5,2,89,,310689,26,0,5,1
8501,'H59S100F-80-F1',549,,310732,26,0,5,1,82,,310745,26,0,5,1,83,,310726,26,0,5,2,42,,310733,26,0,5,1,82,,310746,26,0,5,1,82,,310727,26,0,5,2,84,,310734,26,0,5,1,41,,310747,26,0,5,1,81,,310728,26,0,5,2,81,,310735,26,0,5,1,42,,310748,26,0,5,1,82,,310729,26,0,5,2,81,,310736,26,0,5,1,33,,310755,26,0,5,2,72,,310749,26,0,5,1,33,,310730,26,0,5,2,72,,310737,26,0,5,1,33,,310756,26,0,5,2,73,,310750,26,0,5,1,74,,310731,26,0,5,2,34,,310738,26,0,5,1,76,,310751,26,0,5,1,42,,310742,26,0,5,1,82,,310739,26,0,5,1,80,,310752,26,0,5,1,41,,310743,26,0,5,1,82,,310740,26,0,5,1,81,,310753,26,0,5,1,83,,310744,26,0,5,1,44,,310741,26,0,5,1,82,,310754,26,0,5,1
8501,'H59S200F-80-F2',549,,310763,26,0,5,1,82,,310776,26,0,5,1,83,,310757,26,0,5,2,42,,310764,26,0,5,1,82,,310777,26,0,5,1,82,,310758,26,0,5,2,84,,310765,26,0,5,1,41,,310778,26,0,5,1,81,,310759,26,0,5,2,81,,310766,26,0,5,1,42,,310779,26,0,5,1,82,,310760,26,0,5,2,81,,310767,26,0,5,1,33,,310786,26,0,5,2,72,,310780,26,0,5,1,33,,310761,26,0,5,2,72,,310768,26,0,5,1,33,,310787,26,0,5,2,73,,310781,26,0,5,1,74,,310762,26,0,5,2,34,,310769,26,0,5,1,76,,310782,26,0,5,1,42,,310773,26,0,5,1,82,,310770,26,0,5,1,80,,310783,26,0,5,1,41,,310774,26,0,5,1,82,,310771,26,0,5,1,81,,310784,26,0,5,1,83,,310775,26,0,5,1,44,,310772,26,0,5,1,82,,310785,26,0,5,1
36201,'H54S000A-80-A',2641,,346656,25,0,5,1,85,,346657,25,0,5,2,85,,346659,25,0,5,1,45,,346658,25,0,5,2
36201,'H54S000I-80-I',2555,,346662,25,0,5,2,85,,346660,25,0,5,1,84,,346664,25,0,5,2,85,,346661,25,0,5,1,45,,346663,25,0,5,2
36201,'H54S000S-80-S',2555,,346667,25,0,5,1,85,,346666,25,0,5,1,85,,346665,25,0,5,1,85,,346669,25,0,5,1,45,,346668,25,0,5,1
36201,'H54S100F-80-F1',2555,,346672,25,0,5,2,85,,346670,25,0,5,1,84,,346674,25,0,5,2,85,,346671,25,0,5,1,45,,346673,25,0,5,2
36201,'H54S200F-80-F2',2555,,346677,25,0,5,2,85,,346675,25,0,5,1,84,,346679,25,0,5,2,85,,346676,25,0,5,1,45,,346678,25,0,5,2
