20201,'H50S000S-82-S',744,,340035,12,0,5,1,868,,340034,12,0,5,1,45,,340033,12,0,5,1
20201,'H60S000A-80-A',639,,340047,52,0,5,1,71,,340036,52,0,5,1,30,,340048,52,0,5,1,71,,340061,52,0,5,1,32,,340064,52,0,5,1,66,,340058,52,0,5,1,29,,340037,52,0,5,1,74,,340049,52,0,5,1,31,,340062,52,0,5,1,69,,340065,52,0,5,1,30,,340059,52,0,5,1,70,,340038,52,0,5,1,27,,340050,52,0,5,1,65,,340044,52,0,5,1,23,,340070,52,0,5,1,24,,340066,52,0,5,1,63,,340043,52,0,5,1,23,,340063,52,0,5,1,22,,340039,52,0,5,1,63,,340051,52,0,5,1,23,,340045,52,0,5,1,62,,340071,52,0,5,1,20,,340067,52,0,5,1,17,,340054,52,0,5,2,57,,340074,52,0,5,1,21,,340068,52,0,5,2,23,,340040,52,0,5,1,61,,340052,52,0,5,1,21,,340046,52,0,5,1,22,,340072,52,0,5,1,67,,340055,52,0,5,2,30,,340075,52,0,5,1,69,,340041,52,0,5,1,28,,340053,52,0,5,1,70,,340073,52,0,5,1,29,,340056,52,0,5,2,67,,340076,52,0,5,1,31,,340042,52,0,5,1,70,,340060,52,0,5,2,30,,340069,52,0,5,1,70,,340057,52,0,5,2,29,,340077,52,0,5,1
20201,'H60S000I-81-I',740,,340092,52,0,5,1,71,,340101,52,0,5,1,32,,340109,52,0,5,1,71,,340111,52,0,5,1,33,,340099,52,0,5,1,73,,340093,52,0,5,1,33,,340102,52,0,5,1,69,,340110,52,0,5,1,30,,340112,52,0,5,1,70,,340100,52,0,5,1,31,,340094,52,0,5,1,70,,340103,52,0,5,1,32,,340080,52,0,5,1,70,,340085,52,0,5,1,33,,340097,52,0,5,1,73,,340095,52,0,5,1,69,,340104,52,0,5,1,32,,340081,52,0,5,1,70,,340086,52,0,5,1,30,,340098,52,0,5,1,73,,340096,52,0,5,1,31,,340105,52,0,5,1,73,,340082,52,0,5,1,31,,340087,52,0,5,1,68,,340078,52,0,5,1,29,,340108,52,0,5,1,68,,340106,52,0,5,1,30,,340083,52,0,5,1,67,,340088,52,0,5,1,27,,340090,52,0,5,1,27,,340079,52,0,5,1,68,,340107,52,0,5,1,27,,340084,52,0,5,1,69,,340089,52,0,5,1,29,,340091,52,0,5,1
20201,'H60S000S-83-S',627,,340125,52,0,5,1,29,,340137,52,0,5,2,61,,340129,12,0,5,1,6,,340136,52,0,5,2,18,,340114,52,0,5,1,69,,340133,52,0,5,1,33,,340138,52,0,5,1,70,,340122,52,0,5,1,29,,340126,52,0,5,1,67,,340130,52,0,5,1,17,,340121,52,0,5,1,19,,340115,52,0,5,1,62,,340134,52,0,5,1,26,,340139,52,0,5,1,67,,340123,52,0,5,1,31,,340127,52,0,5,1,75,,340131,52,0,5,1,29,,340116,52,0,5,1,67,,340135,52,0,5,1,36,,340140,52,0,5,1,9,,340124,52,0,5,1,60,,340148,12,0,5,2,16,,340128,52,0,5,1,25,,340144,52,0,5,1,65,,340132,52,0,5,1,6,,340154,12,0,5,1,7,,340155,12,0,5,2,14,,340117,52,0,5,1,70,,340156,52,0,5,1,22,,340113,12,0,5,1,11,,340141,52,0,5,1,70,,340149,52,0,5,2,29,,340145,52,0,5,1,71,,340152,52,0,5,1,27,,340118,52,0,5,1,68,,340157,52,0,5,1,27,,340142,52,0,5,1,70,,340150,52,0,5,2,25,,340146,52,0,5,1,22,,340153,52,0,5,1,60,,340119,52,0,5,1,30,,340158,52,0,5,1,70,,340143,52,0,5,1,28,,340151,52,0,5,2,68,,340147,52,0,5,1,32,,340120,52,0,5,1
20201,'H60S100F-80-F1',740,,340179,52,0,5,1,71,,340182,52,0,5,2,32,,340185,52,0,5,1,71,,340183,52,0,5,1,33,,340159,52,0,5,1,73,,340164,52,0,5,2,33,,340168,52,0,5,1,69,,340180,52,0,5,1,30,,340184,52,0,5,1,70,,340160,52,0,5,1,31,,340165,52,0,5,2,70,,340169,52,0,5,1,32,,340186,52,0,5,1,70,,340174,52,0,5,2,33,,340181,52,0,5,1,73,,340166,52,0,5,2,69,,340170,52,0,5,1,32,,340187,52,0,5,1,70,,340175,52,0,5,2,30,,340191,52,0,5,1,73,,340167,52,0,5,2,31,,340171,52,0,5,1,73,,340188,52,0,5,1,31,,340176,52,0,5,2,68,,340161,52,0,5,1,29,,340192,52,0,5,2,68,,340172,52,0,5,1,30,,340189,52,0,5,1,67,,340177,52,0,5,2,27,,340162,52,0,5,1,27,,340193,52,0,5,2,68,,340173,52,0,5,1,27,,340190,52,0,5,1,69,,340178,52,0,5,2,29,,340163,52,0,5,1
20201,'H60S200F-80-F2',740,,340214,52,0,5,1,71,,340217,52,0,5,2,32,,340220,52,0,5,1,71,,340218,52,0,5,1,33,,340194,52,0,5,1,73,,340199,52,0,5,2,33,,340203,52,0,5,1,69,,340215,52,0,5,1,30,,340219,52,0,5,1,70,,340195,52,0,5,1,31,,340200,52,0,5,2,70,,340204,52,0,5,1,32,,340221,52,0,5,1,70,,340209,52,0,5,2,33,,340216,52,0,5,1,73,,340201,52,0,5,2,69,,340205,52,0,5,1,32,,340222,52,0,5,1,70,,340210,52,0,5,2,30,,340226,52,0,5,1,73,,340202,52,0,5,2,31,,340206,52,0,5,1,73,,340223,52,0,5,1,31,,340211,52,0,5,2,68,,340196,52,0,5,1,29,,340227,52,0,5,2,68,,340207,52,0,5,1,30,,340224,52,0,5,1,67,,340212,52,0,5,2,27,,340197,52,0,5,1,27,,340228,52,0,5,2,68,,340208,52,0,5,1,27,,340225,52,0,5,1,69,,340213,52,0,5,2,29,,340198,52,0,5,1
37801,'H60S000A-80-A',2537,,347259,13,0,5,1,90,,347256,13,0,5,1,92,,347257,13,0,5,1,92,,347258,13,0,5,1
37801,'H60S000I-81-I',2536,,347261,13,0,5,1,90,,347263,13,0,5,1,91,,347260,13,0,5,1,93,,347262,13,0,5,1
37801,'H60S000S-83-S',2536,,347266,13,0,5,1,91,,347264,13,0,5,1,97,,347267,13,0,5,1,90,,347265,13,0,5,1
37801,'H60S100F-80-F1',2536,,347268,13,0,5,1,90,,347271,13,0,5,1,91,,347270,13,0,5,1,93,,347269,13,0,5,1
37801,'H60S200F-80-F2',2536,,347272,13,0,5,1,90,,347275,13,0,5,1,91,,347274,13,0,5,1,93,,347273,13,0,5,1
46001,'H50S000S-82-S',1450,,349272,9,0,99 30,2,187,,349273,9,0,99 30,2
46001,'H58S000S-83-S',542,,349276,9,0,99 30,2,101,,349274,9,0,99 30,2,68,,349277,9,0,99 30,1,14,,349278,9,0,99 30,1,31,,349280,9,0,99 30,2,71,,349281,9,0,99 30,2,28,,349282,9,0,99 30,1,62,,349275,9,0,99 30,2,30,,349283,9,0,99 30,2,557,,349286,9,0,99 30,1,10,,349288,9,0,99 30,1,10,,349291,9,0,99 30,2,10,,349293,9,0,99 30,2,9,,349296,9,0,99 30,2,10,,349298,9,0,99 30,2,49,,349299,9,0,99 30,2,9,,349300,9,0,99 30,2,8,,349295,9,0,99 30,2,9,,349302,9,0,99 30,1,16,,349284,9,0,99 30,1,9,,349290,9,0,99 30,2,47,,349292,9,0,99 30,1,14,,349279,9,0,99 30,1,16,,349297,9,0,99 30,2,22,,349289,9,0,99 30,2,86,,349287,9,0,99 30,1,63,,349294,9,0,99 30,2,20,,349301,9,0,99 30,2,21,,349285,9,0,99 30,1
46001,'H58S100F-80-F1',542,,349309,9,0,99 30,1,70,,349312,9,0,99 30,2,31,,349305,9,0,99 30,1,64,,349308,9,0,99 30,2,18,,349311,9,0,99 30,2,31,,349313,9,0,99 30,2,71,,349315,9,0,99 30,1,28,,349314,9,0,99 30,2,62,,349310,9,0,99 30,1,30,,349306,9,0,99 30,1,503,,349317,9,0,99 30,1,70,,349319,9,0,99 30,2,25,,349322,9,0,99 30,2,65,,349323,9,0,99 30,2,25,,349303,9,0,99 30,1,65,,349321,9,0,99 30,2,26,,349307,9,0,99 30,2,29,,349316,9,0,99 30,1,70,,349318,9,0,99 30,1,30,,349320,9,0,99 30,2,69,,349324,9,0,99 30,2,18,,349304,9,0,99 30,1
46001,'H58S200F-80-F2',542,,349343,9,0,99 30,1,70,,349335,9,0,99 30,2,31,,349326,9,0,99 30,1,64,,349333,9,0,99 30,2,18,,349334,9,0,99 30,2,31,,349336,9,0,99 30,2,71,,349328,9,0,99 30,1,28,,349337,9,0,99 30,2,62,,349344,9,0,99 30,1,30,,349327,9,0,99 30,1,503,,349338,9,0,99 30,1,70,,349340,9,0,99 30,2,25,,349331,9,0,99 30,2,65,,349345,9,0,99 30,2,25,,349329,9,0,99 30,1,65,,349342,9,0,99 30,2,26,,349325,9,0,99 30,2,29,,349332,9,0,99 30,1,70,,349339,9,0,99 30,1,30,,349341,9,0,99 30,2,69,,349346,9,0,99 30,2,18,,349330,9,0,99 30,1
46001,'H59S000S-80-S',1815,,349347,9,0,99 30,2
46001,'H60S000S-83-S',612,,349348,9,0,99 30,2
