1204,'H56S000A-80-A',540,,288590,28,0,9,1,73,,288605,28,0,9,1,32,,288591,28,0,9,1,72,,288606,28,0,9,1,32,,288592,28,0,9,1,73,,288607,28,0,9,1,32,,288593,28,0,9,1,73,,288608,28,0,9,1,22,,288621,28,0,9,1,62,,288594,28,0,9,1,23,,288609,28,0,9,1,22,,288622,28,0,9,1,63,,288595,28,0,9,1,24,,288610,28,0,9,1,64,,288623,28,0,9,1,23,,288596,28,0,9,1,26,,288611,28,0,9,1,64,,288624,28,0,9,1,23,,288597,28,0,9,1,67,,288612,28,0,9,1,24,,288625,28,0,9,1,23,,288598,28,0,9,1,67,,288613,28,0,9,1,24,,288626,28,0,9,1,63,,288599,28,0,9,1,26,,288614,28,0,9,1,64,,288627,28,0,9,1,24,,288600,28,0,9,1,25,,288615,28,0,9,1,65,,288628,28,0,9,1,22,,288601,28,0,9,1,64,,288616,28,0,9,1,25,,288629,28,0,9,1,24,,288602,28,0,9,1,63,,288617,28,0,9,1,23,,288630,28,0,9,1,64,,288603,28,0,9,1,24,,288618,28,0,9,1,25,,288631,28,0,9,1,66,,288604,28,0,9,1,32,,288619,28,0,9,1,73,,288632,28,0,9,1,32,,288620,28,0,9,1,73,,288633,28,0,9,1
1204,'H56S000I-80-I',539,,288634,28,0,9,1,73,,288649,28,0,9,1,33,,288635,28,0,9,1,73,,288650,28,0,9,1,32,,288636,28,0,9,1,73,,288651,28,0,9,1,32,,288637,28,0,9,1,71,,288652,28,0,9,1,22,,288664,28,0,9,1,62,,288638,28,0,9,1,22,,288653,28,0,9,1,22,,288665,28,0,9,1,63,,288639,28,0,9,1,22,,288654,28,0,9,1,62,,288666,28,0,9,1,24,,288640,28,0,9,1,23,,288655,28,0,9,1,62,,288667,28,0,9,1,24,,288641,28,0,9,1,25,,288656,28,0,9,1,63,,288668,28,0,9,1,24,,288642,28,0,9,1,66,,288657,28,0,9,1,24,,288669,28,0,9,1,22,,288643,28,0,9,1,65,,288658,28,0,9,1,24,,288670,28,0,9,1,62,,288644,28,0,9,1,25,,288659,28,0,9,1,23,,288671,28,0,9,1,62,,288645,28,0,9,1,25,,288660,28,0,9,1,63,,288672,28,0,9,1,22,,288646,28,0,9,1,22,,288661,28,0,9,1,60,,288673,28,0,9,1,22,,288647,28,0,9,1,21,,288662,28,0,9,1,60,,288674,28,0,9,1,23,,288648,28,0,9,1,21,,288663,28,0,9,1,59,,288675,28,0,9,1,32,,288678,28,0,9,1,71,,288676,28,0,9,1,32,,288679,28,0,9,1,71,,288677,28,0,9,1
1204,'H56S000S-82-S',602,,288708,28,0,9,1,31,,288707,28,0,9,1,71,,288680,28,0,9,1,33,,288709,28,0,9,1,68,,288687,28,0,9,1,20,,288681,28,0,9,1,20,,288699,28,0,9,1,60,,288710,28,0,9,1,19,,288688,28,0,9,1,24,,288682,28,0,9,1,68,,288711,28,0,9,1,30,,288689,28,0,9,1,70,,288683,28,0,9,1,31,,288712,28,0,9,1,71,,288690,28,0,9,1,30,,288684,28,0,9,1,70,,288713,28,0,9,1,31,,288691,28,0,9,1,70,,288685,28,0,9,1,23,,288714,28,0,9,1,16,,288700,28,0,9,1,56,,288692,28,0,9,1,16,,288693,28,0,9,1,23,,288686,28,0,9,1,4,,288720,28,0,9,1,63,,288701,28,0,9,1,17,,288722,28,0,9,1,15,,288694,28,0,9,1,57,,288721,28,0,9,1,20,,288715,28,0,9,1,26,,288702,28,0,9,1,63,,288695,28,0,9,1,26,,288716,28,0,9,1,68,,288703,28,0,9,1,26,,288696,28,0,9,1,67,,288717,28,0,9,1,28,,288704,28,0,9,1,68,,288697,28,0,9,1,29,,288718,28,0,9,1,28,,288705,28,0,9,1,67,,288698,28,0,9,1,27,,288719,28,0,9,1,70,,288706,28,0,9,1
1204,'H56S100F-80-F1',539,,288723,28,0,9,1,73,,288738,28,0,9,1,33,,288724,28,0,9,1,73,,288739,28,0,9,1,32,,288725,28,0,9,1,73,,288740,28,0,9,1,32,,288726,28,0,9,1,71,,288741,28,0,9,1,22,,288753,28,0,9,1,62,,288727,28,0,9,1,22,,288742,28,0,9,1,22,,288754,28,0,9,1,63,,288728,28,0,9,1,22,,288743,28,0,9,1,62,,288755,28,0,9,1,24,,288729,28,0,9,1,23,,288744,28,0,9,1,62,,288756,28,0,9,1,24,,288730,28,0,9,1,25,,288745,28,0,9,1,63,,288757,28,0,9,1,24,,288731,28,0,9,1,66,,288746,28,0,9,1,24,,288758,28,0,9,1,22,,288732,28,0,9,1,65,,288747,28,0,9,1,24,,288759,28,0,9,1,62,,288733,28,0,9,1,25,,288748,28,0,9,1,23,,288760,28,0,9,1,62,,288734,28,0,9,1,25,,288749,28,0,9,1,63,,288761,28,0,9,1,22,,288735,28,0,9,1,22,,288750,28,0,9,1,60,,288762,28,0,9,1,22,,288736,28,0,9,1,21,,288751,28,0,9,1,60,,288763,28,0,9,1,23,,288737,28,0,9,1,21,,288752,28,0,9,1,59,,288764,28,0,9,1,32,,288767,28,0,9,1,71,,288765,28,0,9,1,32,,288768,28,0,9,1,71,,288766,28,0,9,1
1204,'H56S200F-80-F2',539,,288769,28,0,9,1,73,,288784,28,0,9,1,33,,288770,28,0,9,1,73,,288785,28,0,9,1,32,,288771,28,0,9,1,73,,288786,28,0,9,1,32,,288772,28,0,9,1,71,,288787,28,0,9,1,22,,288799,28,0,9,1,62,,288773,28,0,9,1,22,,288788,28,0,9,1,22,,288800,28,0,9,1,63,,288774,28,0,9,1,22,,288789,28,0,9,1,62,,288801,28,0,9,1,24,,288775,28,0,9,1,23,,288790,28,0,9,1,62,,288802,28,0,9,1,24,,288776,28,0,9,1,25,,288791,28,0,9,1,63,,288803,28,0,9,1,24,,288777,28,0,9,1,66,,288792,28,0,9,1,24,,288804,28,0,9,1,22,,288778,28,0,9,1,65,,288793,28,0,9,1,24,,288805,28,0,9,1,62,,288779,28,0,9,1,25,,288794,28,0,9,1,23,,288806,28,0,9,1,62,,288780,28,0,9,1,25,,288795,28,0,9,1,63,,288807,28,0,9,1,22,,288781,28,0,9,1,22,,288796,28,0,9,1,60,,288808,28,0,9,1,22,,288782,28,0,9,1,21,,288797,28,0,9,1,60,,288809,28,0,9,1,23,,288783,28,0,9,1,21,,288798,28,0,9,1,59,,288810,28,0,9,1,32,,288813,28,0,9,1,71,,288811,28,0,9,1,32,,288814,28,0,9,1,71,,288812,28,0,9,1
16804,'H59S000A-80-A',654,,331653,23,0,9,1,73,,331666,23,0,9,2,30,,331679,23,0,9,2,70,,331654,23,0,9,1,31,,331667,23,0,9,2,68,,331680,23,0,9,2,31,,331655,23,0,9,1,70,,331668,23,0,9,2,32,,331681,23,0,9,2,70,,331656,23,0,9,1,73,,331669,23,0,9,2,29,,331682,23,0,9,2,69,,331657,23,0,9,1,30,,331670,23,0,9,2,71,,331683,23,0,9,2,31,,331658,23,0,9,1,70,,331671,23,0,9,2,31,,331684,23,0,9,2,72,,331659,23,0,9,1,30,,331672,23,0,9,2,68,,331685,23,0,9,2,27,,331660,23,0,9,1,70,,331673,23,0,9,2,30,,331686,23,0,9,2,70,,331661,23,0,9,1,29,,331674,23,0,9,2,30,,331687,23,0,9,2,70,,331662,23,0,9,1,30,,331675,23,0,9,2,71,,331688,23,0,9,2,71,,331663,23,0,9,1,28,,331676,23,0,9,2,29,,331689,23,0,9,2,70,,331664,23,0,9,1,31,,331677,23,0,9,2,71,,331690,23,0,9,2,70,,331665,23,0,9,1,30,,331678,23,0,9,2,71,,331691,23,0,9,2
16804,'H59S000I-81-I',654,,331692,23,0,9,1,72,,331705,23,0,9,1,31,,331693,23,0,9,1,70,,331718,23,0,9,2,30,,331706,23,0,9,1,71,,331694,23,0,9,1,29,,331719,23,0,9,2,70,,331707,23,0,9,1,30,,331695,23,0,9,1,70,,331720,23,0,9,2,29,,331708,23,0,9,1,72,,331696,23,0,9,1,72,,331721,23,0,9,2,29,,331709,23,0,9,1,30,,331697,23,0,9,1,70,,331722,23,0,9,2,30,,331710,23,0,9,1,70,,331698,23,0,9,1,71,,331723,23,0,9,2,30,,331711,23,0,9,1,29,,331699,23,0,9,1,69,,331724,23,0,9,2,31,,331712,23,0,9,1,70,,331700,23,0,9,1,29,,331725,23,0,9,2,72,,331713,23,0,9,1,28,,331701,23,0,9,1,69,,331726,23,0,9,2,30,,331714,23,0,9,1,70,,331702,23,0,9,1,32,,331727,23,0,9,2,68,,331715,23,0,9,1,30,,331703,23,0,9,1,69,,331728,23,0,9,2,30,,331716,23,0,9,1,70,,331704,23,0,9,1,32,,331729,23,0,9,2,73,,331717,23,0,9,1
16804,'H59S000S-80-S',604,,331731,23,0,9,2,32,,331746,23,0,9,1,64,,331753,23,0,9,2,27,,331732,23,0,9,2,32,,331747,23,0,9,1,74,,331754,23,0,9,2,70,,331733,23,0,9,2,30,,331748,23,0,9,1,67,,331755,23,0,9,2,29,,331734,23,0,9,2,28,,331749,23,0,9,1,69,,331756,23,0,9,2,29,,331735,23,0,9,2,70,,331750,23,0,9,1,30,,331757,23,0,9,2,69,,331736,23,0,9,2,30,,331751,23,0,9,1,71,,331758,23,0,9,2,30,,331737,23,0,9,2,69,,331752,23,0,9,1,30,,331759,23,0,9,2,66,,331738,23,0,9,2,17,,331764,23,0,9,2,67,,331739,23,0,9,1,25,,331760,23,0,9,2,18,,331730,23,0,9,1,58,,331765,23,0,9,2,26,,331740,23,0,9,1,71,,331761,23,0,9,2,28,,331766,23,0,9,2,27,,331741,23,0,9,1,68,,331762,23,0,9,2,29,,331767,23,0,9,2,68,,331742,23,0,9,1,28,,331763,23,0,9,2,65,,331768,23,0,9,2,32,,331743,23,0,9,1,72,,331769,23,0,9,2,33,,331744,23,0,9,1,72,,331770,23,0,9,2,32,,331745,23,0,9,1,73,,331771,23,0,9,2
16804,'H59S100F-80-F1',654,,331787,23,0,9,1,72,,331772,23,0,9,1,31,,331788,23,0,9,1,70,,331775,23,0,9,2,30,,331773,23,0,9,1,71,,331789,23,0,9,1,29,,331776,23,0,9,2,70,,331774,23,0,9,1,30,,331790,23,0,9,1,70,,331777,23,0,9,2,29,,331800,23,0,9,1,72,,331791,23,0,9,1,72,,331778,23,0,9,2,29,,331801,23,0,9,1,30,,331792,23,0,9,1,70,,331779,23,0,9,2,30,,331802,23,0,9,1,70,,331793,23,0,9,1,71,,331780,23,0,9,2,30,,331803,23,0,9,1,29,,331794,23,0,9,1,69,,331781,23,0,9,2,31,,331804,23,0,9,1,70,,331795,23,0,9,1,29,,331782,23,0,9,2,72,,331805,23,0,9,1,28,,331796,23,0,9,1,69,,331783,23,0,9,2,30,,331806,23,0,9,1,70,,331797,23,0,9,1,32,,331784,23,0,9,2,68,,331807,23,0,9,1,30,,331798,23,0,9,1,69,,331785,23,0,9,2,30,,331808,23,0,9,1,70,,331799,23,0,9,1,32,,331786,23,0,9,2,73,,331809,23,0,9,1
16804,'H59S200F-80-F2',654,,331825,23,0,9,1,72,,331810,23,0,9,1,31,,331826,23,0,9,1,70,,331813,23,0,9,2,30,,331811,23,0,9,1,71,,331827,23,0,9,1,29,,331814,23,0,9,2,70,,331812,23,0,9,1,30,,331828,23,0,9,1,70,,331815,23,0,9,2,29,,331838,23,0,9,1,72,,331829,23,0,9,1,72,,331816,23,0,9,2,29,,331839,23,0,9,1,30,,331830,23,0,9,1,70,,331817,23,0,9,2,30,,331840,23,0,9,1,70,,331831,23,0,9,1,71,,331818,23,0,9,2,30,,331841,23,0,9,1,29,,331832,23,0,9,1,69,,331819,23,0,9,2,31,,331842,23,0,9,1,70,,331833,23,0,9,1,29,,331820,23,0,9,2,72,,331843,23,0,9,1,28,,331834,23,0,9,1,69,,331821,23,0,9,2,30,,331844,23,0,9,1,70,,331835,23,0,9,1,32,,331822,23,0,9,2,68,,331845,23,0,9,1,30,,331836,23,0,9,1,69,,331823,23,0,9,2,30,,331846,23,0,9,1,70,,331837,23,0,9,1,32,,331824,23,0,9,2,73,,331847,23,0,9,1
17604,'H59S000A-80-A',1106,,333271,10,0,9,1,20,,333259,10,0,9,2,20,,333272,10,0,9,1,60,,333260,10,0,9,2,20,,333273,10,0,9,1,20,,333261,10,0,9,2,60,,333274,10,0,9,1,21,,333262,10,0,9,2,20,,333275,10,0,9,1,60,,333263,10,0,9,2,20,,333276,10,0,9,1,20,,333264,10,0,9,2,60,,333277,10,0,9,1,20,,333265,10,0,9,2,20,,333278,10,0,9,1,60,,333266,10,0,9,2,20,,333279,10,0,9,1,20,,333267,10,0,9,2,60,,333280,10,0,9,1,21,,333268,10,0,9,2,20,,333281,10,0,9,1,60,,333269,10,0,9,2,20,,333282,10,0,9,1,20,,333270,10,0,9,2,60,,333283,10,0,9,1
17604,'H59S000I-81-I',1107,,333296,10,0,9,2,20,,333284,10,0,9,1,20,,333297,10,0,9,2,60,,333285,10,0,9,1,20,,333298,10,0,9,2,20,,333286,10,0,9,1,60,,333299,10,0,9,2,20,,333287,10,0,9,1,20,,333300,10,0,9,2,60,,333288,10,0,9,1,20,,333301,10,0,9,2,20,,333289,10,0,9,1,60,,333302,10,0,9,2,20,,333290,10,0,9,1,20,,333303,10,0,9,2,60,,333291,10,0,9,1,20,,333304,10,0,9,2,21,,333292,10,0,9,1,60,,333305,10,0,9,2,20,,333293,10,0,9,1,20,,333306,10,0,9,2,60,,333294,10,0,9,1,20,,333307,10,0,9,2,19,,333295,10,0,9,1,60,,333308,10,0,9,2
17604,'H59S000S-80-S',542,,333309,10,0,9,1,67,,333310,10,0,9,1,28,,333311,10,0,9,1,68,,333312,10,0,9,1,31,,333313,10,0,9,1,21,,333338,10,0,9,2,49,,333314,10,0,9,1,11,,333337,10,0,9,2,13,,333339,10,0,9,2,7,,333315,10,0,9,1,21,,333340,10,0,9,2,66,,333316,10,0,9,1,11,,333341,10,0,9,2,17,,333317,10,0,9,1,68,,333342,10,0,9,2,27,,333318,10,0,9,1,68,,333319,10,0,9,1,28,,333320,10,0,9,1,69,,333321,10,0,9,1,29,,333322,10,0,9,1,70,,333323,10,0,9,1,29,,333324,10,0,9,1,71,,333325,10,0,9,1,32,,333351,10,0,9,2,12,,333326,10,0,9,1,59,,333352,10,0,9,2,20,,333327,10,0,9,1,18,,333353,10,0,9,2,53,,333328,10,0,9,1,12,,333343,10,0,9,2,10,,333354,10,0,9,2,10,,333329,10,0,9,1,10,,333344,10,0,9,2,10,,333355,10,0,9,2,50,,333330,10,0,9,1,11,,333345,10,0,9,2,11,,333356,10,0,9,2,10,,333331,10,0,9,1,14,,333346,10,0,9,2,56,,333332,10,0,9,1,14,,333347,10,0,9,2,16,,333333,10,0,9,1,18,,333348,10,0,9,2,60,,333334,10,0,9,1,26,,333349,10,0,9,2,67,,333335,10,0,9,1,27,,333350,10,0,9,2,70,,333336,10,0,9,1
17604,'H59S100F-80-F1',1107,,333369,10,0,9,2,20,,333357,10,0,9,1,20,,333370,10,0,9,2,60,,333358,10,0,9,1,20,,333371,10,0,9,2,20,,333359,10,0,9,1,60,,333372,10,0,9,2,20,,333360,10,0,9,1,20,,333373,10,0,9,2,60,,333361,10,0,9,1,20,,333374,10,0,9,2,20,,333362,10,0,9,1,60,,333375,10,0,9,2,20,,333363,10,0,9,1,20,,333376,10,0,9,2,60,,333364,10,0,9,1,20,,333377,10,0,9,2,21,,333365,10,0,9,1,60,,333378,10,0,9,2,20,,333366,10,0,9,1,20,,333379,10,0,9,2,60,,333367,10,0,9,1,20,,333380,10,0,9,2,19,,333368,10,0,9,1,60,,333381,10,0,9,2
17604,'H59S200F-80-F2',1107,,333394,10,0,9,2,20,,333382,10,0,9,1,20,,333395,10,0,9,2,60,,333383,10,0,9,1,20,,333396,10,0,9,2,20,,333384,10,0,9,1,60,,333397,10,0,9,2,20,,333385,10,0,9,1,20,,333398,10,0,9,2,60,,333386,10,0,9,1,20,,333399,10,0,9,2,20,,333387,10,0,9,1,60,,333400,10,0,9,2,20,,333388,10,0,9,1,20,,333401,10,0,9,2,60,,333389,10,0,9,1,20,,333402,10,0,9,2,21,,333390,10,0,9,1,60,,333403,10,0,9,2,20,,333391,10,0,9,1,20,,333404,10,0,9,2,60,,333392,10,0,9,1,20,,333405,10,0,9,2,19,,333393,10,0,9,1,60,,333406,10,0,9,2
