6101,'H56S000A-80-A',607,,304135,41,0,5,1,33,,304156,41,0,5,1,73,,304146,41,0,5,2,32,,304136,41,0,5,1,74,,304157,41,0,5,1,35,,304147,41,0,5,2,73,,304137,41,0,5,1,28,,304166,41,0,5,1,67,,304158,41,0,5,1,28,,304148,41,0,5,2,68,,304138,41,0,5,1,29,,304167,41,0,5,1,70,,304159,41,0,5,1,29,,304149,41,0,5,2,69,,304139,41,0,5,1,31,,304168,41,0,5,1,70,,304160,41,0,5,1,30,,304150,41,0,5,2,70,,304140,41,0,5,1,33,,304169,41,0,5,1,71,,304161,41,0,5,1,30,,304151,41,0,5,2,73,,304141,41,0,5,1,30,,304170,41,0,5,1,71,,304162,41,0,5,1,30,,304152,41,0,5,2,71,,304142,41,0,5,1,28,,304171,41,0,5,1,68,,304163,41,0,5,1,28,,304153,41,0,5,2,68,,304143,41,0,5,1,28,,304172,41,0,5,1,67,,304164,41,0,5,1,28,,304154,41,0,5,2,69,,304144,41,0,5,1,30,,304173,41,0,5,2,67,,304165,41,0,5,1,30,,304155,41,0,5,2,70,,304145,41,0,5,1,33,,304174,41,0,5,2
6101,'H56S000I-80-I',608,,304175,41,0,5,1,32,,304196,41,0,5,2,73,,304186,41,0,5,2,33,,304176,41,0,5,1,71,,304197,41,0,5,2,31,,304187,41,0,5,2,75,,304177,41,0,5,1,33,,304198,41,0,5,2,70,,304206,41,0,5,1,27,,304188,41,0,5,2,67,,304178,41,0,5,1,29,,304199,41,0,5,2,69,,304207,41,0,5,1,29,,304189,41,0,5,2,67,,304179,41,0,5,1,30,,304200,41,0,5,2,70,,304208,41,0,5,1,30,,304190,41,0,5,2,70,,304180,41,0,5,1,30,,304201,41,0,5,2,71,,304209,41,0,5,1,30,,304191,41,0,5,2,70,,304181,41,0,5,1,30,,304202,41,0,5,2,70,,304210,41,0,5,1,30,,304192,41,0,5,2,69,,304182,41,0,5,1,30,,304203,41,0,5,2,70,,304211,41,0,5,1,29,,304193,41,0,5,2,69,,304183,41,0,5,1,28,,304204,41,0,5,2,69,,304212,41,0,5,1,30,,304194,41,0,5,2,68,,304184,41,0,5,1,30,,304205,41,0,5,2,69,,304213,41,0,5,1,30,,304195,41,0,5,2,68,,304185,41,0,5,1
6101,'H56S000S-82-S',541,,304214,41,0,5,2,18,,304274,41,0,5,1,59,,304240,4,0,5,2,15,,304276,41,0,5,1,15,,304275,4,0,5,1,54,,304217,41,0,5,1,14,,304216,4,0,5,1,13,,304235,41,0,5,2,12,,304229,4,0,5,2,11,,304218,4,0,5,1,50,,304247,41,0,5,2,12,,304241,4,0,5,1,12,,304236,4,0,5,2,10,,304246,41,0,5,1,9,,304219,4,0,5,1,11,,304248,4,0,5,2,51,,304237,41,0,5,1,14,,304215,4,0,5,2,14,,304249,41,0,5,2,68,,304230,41,0,5,2,28,,304242,41,0,5,1,70,,304220,41,0,5,1,31,,304238,41,0,5,1,71,,304223,41,0,5,1,30,,304231,41,0,5,1,70,,304243,41,0,5,1,30,,304221,41,0,5,1,71,,304239,41,0,5,1,31,,304224,41,0,5,1,16,,304222,4,0,5,1,56,,304232,41,0,5,1,16,,304272,4,0,5,2,17,,304244,41,0,5,1,17,,304269,4,0,5,1,56,,304258,41,0,5,1,16,,304273,4,0,5,2,15,,304250,41,0,5,2,11,,304270,4,0,5,1,51,,304255,4,0,5,2,11,,304225,41,0,5,1,11,,304263,4,0,5,2,11,,304265,4,0,5,2,9,,304233,41,0,5,1,11,,304271,4,0,5,1,51,,304256,4,0,5,2,10,,304245,41,0,5,1,11,,304264,4,0,5,2,9,,304259,41,0,5,1,12,,304234,4,0,5,1,56,,304251,41,0,5,2,26,,304226,41,0,5,1,23,,304266,41,0,5,2,60,,304257,41,0,5,2,24,,304260,41,0,5,1,67,,304252,41,0,5,2,29,,304227,41,0,5,1,69,,304267,41,0,5,2,30,,304261,41,0,5,1,70,,304253,41,0,5,2,25,,304228,41,0,5,1,27,,304268,41,0,5,2,70,,304262,41,0,5,1,30,,304254,41,0,5,2
6101,'H56S100F-80-F1',608,,304277,41,0,5,1,32,,304298,41,0,5,2,73,,304288,41,0,5,2,33,,304278,41,0,5,1,71,,304299,41,0,5,2,31,,304289,41,0,5,2,75,,304279,41,0,5,1,33,,304300,41,0,5,2,70,,304308,41,0,5,1,27,,304290,41,0,5,2,67,,304280,41,0,5,1,29,,304301,41,0,5,2,69,,304309,41,0,5,1,29,,304291,41,0,5,2,67,,304281,41,0,5,1,30,,304302,41,0,5,2,70,,304310,41,0,5,1,30,,304292,41,0,5,2,70,,304282,41,0,5,1,30,,304303,41,0,5,2,71,,304311,41,0,5,1,30,,304293,41,0,5,2,70,,304283,41,0,5,1,30,,304304,41,0,5,2,70,,304312,41,0,5,1,30,,304294,41,0,5,2,69,,304284,41,0,5,1,30,,304305,41,0,5,2,70,,304313,41,0,5,1,29,,304295,41,0,5,2,69,,304285,41,0,5,1,28,,304306,41,0,5,2,69,,304314,41,0,5,1,30,,304296,41,0,5,2,68,,304286,41,0,5,1,30,,304307,41,0,5,2,69,,304315,41,0,5,1,30,,304297,41,0,5,2,68,,304287,41,0,5,1
6101,'H56S200F-80-F2',608,,304316,41,0,5,1,32,,304337,41,0,5,2,73,,304327,41,0,5,2,33,,304317,41,0,5,1,71,,304338,41,0,5,2,31,,304328,41,0,5,2,75,,304318,41,0,5,1,33,,304339,41,0,5,2,70,,304347,41,0,5,1,27,,304329,41,0,5,2,67,,304319,41,0,5,1,29,,304340,41,0,5,2,69,,304348,41,0,5,1,29,,304330,41,0,5,2,67,,304320,41,0,5,1,30,,304341,41,0,5,2,70,,304349,41,0,5,1,30,,304331,41,0,5,2,70,,304321,41,0,5,1,30,,304342,41,0,5,2,71,,304350,41,0,5,1,30,,304332,41,0,5,2,70,,304322,41,0,5,1,30,,304343,41,0,5,2,70,,304351,41,0,5,1,30,,304333,41,0,5,2,69,,304323,41,0,5,1,30,,304344,41,0,5,2,70,,304352,41,0,5,1,29,,304334,41,0,5,2,69,,304324,41,0,5,1,28,,304345,41,0,5,2,69,,304353,41,0,5,1,30,,304335,41,0,5,2,68,,304325,41,0,5,1,30,,304346,41,0,5,2,69,,304354,41,0,5,1,30,,304336,41,0,5,2,68,,304326,41,0,5,1
7104,'H56S000A-80-A',534,,308436,11,0,9,1,73,,308449,11,0,9,2,34,,308437,11,0,9,1,74,,308450,11,0,9,2,34,,308438,11,0,9,1,73,,308451,11,0,9,2,33,,308462,11,0,9,2,68,,308439,11,0,9,1,30,,308452,11,0,9,2,68,,308463,11,0,9,2,28,,308440,11,0,9,1,69,,308453,11,0,9,2,30,,308464,11,0,9,2,69,,308441,11,0,9,1,30,,308454,11,0,9,2,70,,308465,11,0,9,2,30,,308442,11,0,9,1,70,,308455,11,0,9,2,30,,308466,11,0,9,2,70,,308443,11,0,9,1,31,,308456,11,0,9,2,70,,308467,11,0,9,2,30,,308444,11,0,9,1,69,,308457,11,0,9,2,30,,308468,11,0,9,2,70,,308445,11,0,9,1,29,,308458,11,0,9,2,71,,308469,11,0,9,2,30,,308446,11,0,9,1,70,,308459,11,0,9,2,29,,308470,11,0,9,2,70,,308447,11,0,9,1,30,,308460,11,0,9,2,70,,308471,11,0,9,2,29,,308448,11,0,9,1,69,,308461,11,0,9,2,28,,308473,11,0,9,2,72,,308472,11,0,9,1
7104,'H56S000I-80-I',533,,308474,11,0,9,2,73,,308488,11,0,9,1,33,,308475,11,0,9,2,73,,308489,11,0,9,1,34,,308476,11,0,9,2,73,,308490,11,0,9,1,34,,308477,11,0,9,2,73,,308491,11,0,9,1,27,,308502,11,0,9,1,70,,308478,11,0,9,2,29,,308492,11,0,9,1,69,,308503,11,0,9,1,30,,308479,11,0,9,2,69,,308493,11,0,9,1,29,,308504,11,0,9,1,69,,308480,11,0,9,2,29,,308494,11,0,9,1,69,,308505,11,0,9,1,29,,308481,11,0,9,2,69,,308495,11,0,9,1,30,,308506,11,0,9,1,70,,308482,11,0,9,2,31,,308496,11,0,9,1,72,,308507,11,0,9,1,29,,308483,11,0,9,2,70,,308497,11,0,9,1,30,,308508,11,0,9,1,70,,308484,11,0,9,2,30,,308498,11,0,9,1,70,,308509,11,0,9,1,30,,308485,11,0,9,2,70,,308499,11,0,9,1,30,,308510,11,0,9,1,70,,308486,11,0,9,2,28,,308500,11,0,9,1,70,,308511,11,0,9,1,30,,308487,11,0,9,2,70,,308501,11,0,9,1
7104,'H56S000S-82-S',522,,308518,11,0,9,2,33,,308519,11,0,9,1,71,,308537,11,0,9,1,29,,308527,11,0,9,2,71,,308520,11,0,9,1,30,,308538,11,0,9,1,71,,308528,11,0,9,2,31,,308521,11,0,9,1,70,,308539,11,0,9,1,30,,308529,11,0,9,2,70,,308522,11,0,9,1,29,,308540,11,0,9,1,68,,308530,11,0,9,2,29,,308523,11,0,9,1,69,,308541,11,0,9,1,29,,308531,11,0,9,2,70,,308524,11,0,9,1,30,,308542,11,0,9,1,70,,308532,11,0,9,2,31,,308525,11,0,9,1,71,,308543,11,0,9,1,32,,308533,11,0,9,2,73,,308526,11,0,9,1,74,,308544,11,0,9,1,32,,308534,11,0,9,2,70,,308512,11,0,9,1,32,,308545,11,0,9,1,68,,308535,11,0,9,2,29,,308513,11,0,9,1,69,,308546,11,0,9,1,30,,308536,11,0,9,2,69,,308514,11,0,9,1,30,,308547,11,0,9,1,73,,308548,11,0,9,1,33,,308515,11,0,9,1,73,,308549,11,0,9,1,32,,308516,11,0,9,1,72,,308550,11,0,9,1,32,,308517,11,0,9,1,73,,308551,11,0,9,1
7104,'H56S100F-80-F1',533,,308552,11,0,9,2,73,,308566,11,0,9,1,33,,308553,11,0,9,2,73,,308567,11,0,9,1,34,,308554,11,0,9,2,73,,308568,11,0,9,1,34,,308555,11,0,9,2,73,,308569,11,0,9,1,27,,308580,11,0,9,1,70,,308556,11,0,9,2,29,,308570,11,0,9,1,69,,308581,11,0,9,1,30,,308557,11,0,9,2,69,,308571,11,0,9,1,29,,308582,11,0,9,1,69,,308558,11,0,9,2,29,,308572,11,0,9,1,69,,308583,11,0,9,1,29,,308559,11,0,9,2,69,,308573,11,0,9,1,30,,308584,11,0,9,1,70,,308560,11,0,9,2,31,,308574,11,0,9,1,72,,308585,11,0,9,1,29,,308561,11,0,9,2,70,,308575,11,0,9,1,30,,308586,11,0,9,1,70,,308562,11,0,9,2,30,,308576,11,0,9,1,70,,308587,11,0,9,1,30,,308563,11,0,9,2,70,,308577,11,0,9,1,30,,308588,11,0,9,1,70,,308564,11,0,9,2,28,,308578,11,0,9,1,70,,308589,11,0,9,1,30,,308565,11,0,9,2,70,,308579,11,0,9,1
7104,'H56S200F-80-F2',533,,308590,11,0,9,2,73,,308604,11,0,9,1,33,,308591,11,0,9,2,73,,308605,11,0,9,1,34,,308592,11,0,9,2,73,,308606,11,0,9,1,34,,308593,11,0,9,2,73,,308607,11,0,9,1,27,,308618,11,0,9,1,70,,308594,11,0,9,2,29,,308608,11,0,9,1,69,,308619,11,0,9,1,30,,308595,11,0,9,2,69,,308609,11,0,9,1,29,,308620,11,0,9,1,69,,308596,11,0,9,2,29,,308610,11,0,9,1,69,,308621,11,0,9,1,29,,308597,11,0,9,2,69,,308611,11,0,9,1,30,,308622,11,0,9,1,70,,308598,11,0,9,2,31,,308612,11,0,9,1,72,,308623,11,0,9,1,29,,308599,11,0,9,2,70,,308613,11,0,9,1,30,,308624,11,0,9,1,70,,308600,11,0,9,2,30,,308614,11,0,9,1,70,,308625,11,0,9,1,30,,308601,11,0,9,2,70,,308615,11,0,9,1,30,,308626,11,0,9,1,70,,308602,11,0,9,2,28,,308616,11,0,9,1,70,,308627,11,0,9,1,30,,308603,11,0,9,2,70,,308617,11,0,9,1
