6802,'H60S000A-80-A',455,,306984,10,0,10,1,69,,306985,10,0,10,1,28,,307010,10,0,10,2,70,,306998,10,0,10,2,30,,306986,10,0,10,1,70,,307011,10,0,10,2,30,,306999,10,0,10,2,71,,306987,10,0,10,1,30,,307012,10,0,10,2,71,,307000,10,0,10,2,31,,306988,10,0,10,1,72,,307013,10,0,10,2,73,,307001,10,0,10,2,33,,306989,10,0,10,1,70,,307014,10,0,10,2,33,,307002,10,0,10,2,71,,306990,10,0,10,1,29,,307015,10,0,10,2,72,,307003,10,0,10,2,31,,306991,10,0,10,1,69,,307016,10,0,10,2,32,,307004,10,0,10,2,71,,306992,10,0,10,1,29,,307017,10,0,10,2,72,,307005,10,0,10,2,31,,306993,10,0,10,1,69,,307018,10,0,10,2,30,,307006,10,0,10,2,71,,306994,10,0,10,1,30,,307019,10,0,10,2,70,,307007,10,0,10,2,27,,306995,10,0,10,1,69,,307020,10,0,10,2,30,,307008,10,0,10,2,67,,306996,10,0,10,1,28,,307021,10,0,10,2,70,,307009,10,0,10,2,32,,306997,10,0,10,1,73,,307022,10,0,10,2,31,,307024,10,0,10,1,70,,307023,10,0,10,1,30,,307025,10,0,10,1
6802,'H60S000I-81-I',457,,307027,10,0,10,1,76,,307040,10,0,10,1,76,,307041,10,0,10,2,34,,307028,10,0,10,1,73,,307054,10,0,10,2,33,,307042,10,0,10,2,73,,307029,10,0,10,1,32,,307055,10,0,10,2,73,,307043,10,0,10,2,73,,307030,10,0,10,1,31,,307056,10,0,10,2,69,,307044,10,0,10,2,28,,307031,10,0,10,1,30,,307057,10,0,10,2,71,,307045,10,0,10,2,30,,307032,10,0,10,1,70,,307058,10,0,10,2,30,,307046,10,0,10,2,70,,307033,10,0,10,1,30,,307059,10,0,10,2,70,,307047,10,0,10,2,30,,307034,10,0,10,1,70,,307060,10,0,10,2,71,,307048,10,0,10,2,30,,307035,10,0,10,1,29,,307061,10,0,10,2,70,,307049,10,0,10,2,30,,307036,10,0,10,1,70,,307062,10,0,10,2,30,,307050,10,0,10,2,67,,307037,10,0,10,1,29,,307063,10,0,10,2,70,,307051,10,0,10,2,27,,307038,10,0,10,1,67,,307064,10,0,10,2,30,,307052,10,0,10,2,67,,307039,10,0,10,1,28,,307065,10,0,10,2,75,,307053,10,0,10,2,35,,307026,10,0,10,1,75,,307066,10,0,10,1
6802,'H60S000S-83-S',453,,307072,10,0,10,1,77,,307077,10,0,10,1,77,,307075,10,0,10,1,33,,307083,10,0,10,1,74,,307085,10,0,10,2,34,,307076,10,0,10,1,75,,307084,10,0,10,1,34,,307086,10,0,10,2,70,,307078,10,0,96 97,1,30,,307087,10,0,96 97,1,70,,307067,10,0,96 97,1,29,,307079,10,0,96 97,1,69,,307088,10,0,96 97,1,32,,307068,10,0,96 97,1,72,,307080,10,0,96 97,1,72,,307089,10,0,96 97,1,24,,307069,10,0,96 97,1,20,,307081,10,0,10,1,55,,307073,10,0,96 97,2,13,,307090,10,0,10,1,12,,307094,10,0,96 97,2,13,,307096,10,0,10,2,13,,307070,10,0,96 97,1,53,,307092,10,0,10,2,12,,307074,10,0,96 97,2,12,,307082,10,0,10,1,11,,307095,10,0,96 97,2,12,,307105,10,0,10,1,52,,307091,10,0,96 97,1,10,,307118,10,0,10,1,9,,307098,10,0,96 97,2,8,,307071,10,0,10,1,9,,307097,10,0,96 97,2,10,,307111,10,0,10,2,53,,307093,10,0,96 97,2,14,,307100,10,0,10,1,14,,307120,10,0,96 97,2,14,,307099,10,0,10,1,14,,307119,10,0,96 97,1,52,,307106,10,0,10,1,20,,307112,10,0,96 97,2,22,,307113,10,0,10,1,68,,307101,10,0,10,1,32,,307107,10,0,10,1,73,,307114,10,0,10,1,30,,307102,10,0,10,1,72,,307108,10,0,10,1,73,,307115,10,0,10,1,33,,307103,10,0,10,1,73,,307109,10,0,10,1,33,,307116,10,0,10,1,73,,307104,10,0,10,1,30,,307110,10,0,10,1,70,,307117,10,0,10,1
6802,'H60S100F-80-F1',457,,307121,10,0,10,1,76,,307135,10,0,10,1,76,,307136,10,0,10,2,34,,307122,10,0,10,1,73,,307149,10,0,10,1,33,,307137,10,0,10,2,73,,307123,10,0,10,1,32,,307150,10,0,10,1,73,,307138,10,0,10,2,73,,307124,10,0,10,1,31,,307151,10,0,10,1,69,,307139,10,0,10,2,28,,307125,10,0,10,1,30,,307152,10,0,10,1,71,,307140,10,0,10,2,30,,307126,10,0,10,1,70,,307153,10,0,10,1,30,,307141,10,0,10,2,70,,307127,10,0,10,1,30,,307154,10,0,10,1,70,,307142,10,0,10,2,30,,307128,10,0,10,1,70,,307155,10,0,10,1,71,,307143,10,0,10,2,30,,307129,10,0,10,1,29,,307156,10,0,10,1,70,,307144,10,0,10,2,30,,307130,10,0,10,1,70,,307157,10,0,10,1,30,,307145,10,0,10,2,67,,307131,10,0,10,1,29,,307158,10,0,10,1,70,,307146,10,0,10,2,27,,307132,10,0,10,1,67,,307159,10,0,10,1,30,,307147,10,0,10,2,67,,307133,10,0,10,1,28,,307160,10,0,10,1,75,,307148,10,0,10,2,35,,307134,10,0,10,2,75,,307161,10,0,10,1
6802,'H60S200F-80-F2',457,,307162,10,0,10,1,76,,307176,10,0,10,1,76,,307177,10,0,10,2,34,,307163,10,0,10,1,73,,307190,10,0,10,1,33,,307178,10,0,10,2,73,,307164,10,0,10,1,32,,307191,10,0,10,1,73,,307179,10,0,10,2,73,,307165,10,0,10,1,31,,307192,10,0,10,1,69,,307180,10,0,10,2,28,,307166,10,0,10,1,30,,307193,10,0,10,1,71,,307181,10,0,10,2,30,,307167,10,0,10,1,70,,307194,10,0,10,1,30,,307182,10,0,10,2,70,,307168,10,0,10,1,30,,307195,10,0,10,1,70,,307183,10,0,10,2,30,,307169,10,0,10,1,70,,307196,10,0,10,1,71,,307184,10,0,10,2,30,,307170,10,0,10,1,29,,307197,10,0,10,1,70,,307185,10,0,10,2,30,,307171,10,0,10,1,70,,307198,10,0,10,1,30,,307186,10,0,10,2,67,,307172,10,0,10,1,29,,307199,10,0,10,1,70,,307187,10,0,10,2,27,,307173,10,0,10,1,67,,307200,10,0,10,1,30,,307188,10,0,10,2,67,,307174,10,0,10,1,28,,307201,10,0,10,1,75,,307189,10,0,10,2,35,,307175,10,0,10,2,75,,307202,10,0,10,1
38202,'H60S000A-80-A',2625,,347374,70,0,10,1,85,,347376,70,0,10,1,45,,347373,70,0,10,1,85,,347375,70,0,10,1
38202,'H60S000I-81-I',2626,,347379,70,0,10,1,84,,347378,70,0,10,1,44,,347377,70,0,10,1,85,,347380,70,0,10,1
38202,'H60S000S-83-S',2626,,347381,70,0,10,2,85,,347384,70,0,10,1,44,,347382,70,0,10,1,85,,347383,70,0,10,1
38202,'H60S100F-80-F1',2626,,347387,70,0,10,1,84,,347385,70,0,10,1,44,,347386,70,0,10,2,85,,347388,70,0,10,1
38202,'H60S200F-80-F2',2626,,347391,70,0,10,1,84,,347389,70,0,10,1,44,,347390,70,0,10,2,85,,347392,70,0,10,1
46802,'H50S000S-82-S',1459,,349671,18,0,10,1
46802,'H60S000A-80-A',703,,349686,18,0,10,2,31,,349672,18,0,10,1,71,,349679,18,0,10,2,32,,349693,18,0,10,1,70,,349687,18,0,10,2,33,,349673,18,0,10,1,73,,349680,18,0,10,2,31,,349694,18,0,10,1,70,,349688,18,0,10,2,32,,349674,18,0,10,1,73,,349681,18,0,10,2,32,,349695,18,0,10,1,71,,349689,18,0,10,2,31,,349675,18,0,10,1,73,,349682,18,0,10,2,32,,349696,18,0,10,1,73,,349690,18,0,10,2,73,,349676,18,0,10,1,32,,349683,18,0,10,2,71,,349697,18,0,10,1,32,,349691,18,0,10,2,73,,349677,18,0,10,1,32,,349684,18,0,10,2,70,,349698,18,0,10,1,32,,349692,18,0,10,2,73,,349678,18,0,10,1,31,,349685,18,0,10,2,68,,349699,18,0,10,1
46802,'H60S000I-81-I',707,,349714,18,0,10,2,30,,349700,18,0,10,1,70,,349707,18,0,10,2,30,,349721,18,0,10,1,73,,349715,18,0,10,2,31,,349701,18,0,10,1,72,,349708,18,0,10,2,30,,349722,18,0,10,1,73,,349716,18,0,10,2,31,,349702,18,0,10,1,72,,349709,18,0,10,2,31,,349723,18,0,10,1,72,,349717,18,0,10,2,32,,349703,18,0,10,1,72,,349710,18,0,10,2,31,,349724,18,0,10,1,73,,349718,18,0,10,2,73,,349704,18,0,10,1,33,,349711,18,0,10,2,71,,349725,18,0,10,1,31,,349719,18,0,10,2,73,,349705,18,0,10,1,31,,349712,18,0,10,2,72,,349726,18,0,10,1,30,,349720,18,0,10,2,73,,349706,18,0,10,1,32,,349713,18,0,10,2,71,,349727,18,0,10,1
46802,'H60S000S-83-S',636,,349731,18,0,10,1,13,,349728,18,0,10,1,52,,349742,18,0,10,1,12,,349729,18,0,10,2,13,,349735,18,0,10,2,14,,349736,18,0,10,1,13,,349741,18,0,10,2,52,,349754,18,0,10,2,12,,349730,18,0,10,1,12,,349751,18,0,10,2,17,,349732,18,0,10,1,61,,349743,18,0,10,1,21,,349750,18,0,10,1,22,,349737,18,0,10,1,66,,349755,18,0,10,2,30,,349733,18,0,10,1,71,,349744,18,0,10,1,31,,349738,18,0,10,1,70,,349756,18,0,10,2,30,,349734,18,0,10,1,67,,349745,18,0,10,1,31,,349739,18,0,10,1,79,,349757,18,0,10,2,106,,349746,18,0,10,1,69,,349759,18,0,10,2,30,,349740,18,0,10,1,29,,349758,18,0,10,2,66,,349763,18,0,10,2,29,,349747,18,0,10,1,72,,349764,18,0,10,1,28,,349760,18,0,10,2,66,,349752,18,0,10,1,31,,349748,18,0,10,1,72,,349765,18,0,10,1,31,,349761,18,0,10,2,70,,349753,18,0,10,1,30,,349749,18,0,10,1,69,,349766,18,0,10,1,31,,349762,18,0,10,2
46802,'H60S100F-80-F1',707,,349781,18,0,10,1,30,,349767,18,0,10,2,70,,349774,18,0,10,1,30,,349788,18,0,10,2,73,,349782,18,0,10,1,31,,349768,18,0,10,2,72,,349775,18,0,10,1,30,,349789,18,0,10,2,73,,349783,18,0,10,1,31,,349769,18,0,10,2,72,,349776,18,0,10,1,31,,349790,18,0,10,2,72,,349784,18,0,10,1,32,,349770,18,0,10,2,72,,349777,18,0,10,1,31,,349791,18,0,10,2,73,,349785,18,0,10,1,73,,349771,18,0,10,2,33,,349778,18,0,10,1,71,,349792,18,0,10,2,31,,349786,18,0,10,1,73,,349772,18,0,10,2,31,,349779,18,0,10,1,72,,349793,18,0,10,2,30,,349787,18,0,10,1,73,,349773,18,0,10,2,32,,349780,18,0,10,1,71,,349794,18,0,10,2
46802,'H60S200F-80-F2',707,,349809,18,0,10,1,30,,349795,18,0,10,2,70,,349802,18,0,10,1,30,,349816,18,0,10,2,73,,349810,18,0,10,1,31,,349796,18,0,10,2,72,,349803,18,0,10,1,30,,349817,18,0,10,2,73,,349811,18,0,10,1,31,,349797,18,0,10,2,72,,349804,18,0,10,1,31,,349818,18,0,10,2,72,,349812,18,0,10,1,32,,349798,18,0,10,2,72,,349805,18,0,10,1,31,,349819,18,0,10,2,73,,349813,18,0,10,1,73,,349799,18,0,10,2,33,,349806,18,0,10,1,71,,349820,18,0,10,2,31,,349814,18,0,10,1,73,,349800,18,0,10,2,31,,349807,18,0,10,1,72,,349821,18,0,10,2,30,,349815,18,0,10,1,73,,349801,18,0,10,2,32,,349808,18,0,10,1,71,,349822,18,0,10,2
