12102,'H58S000A-80-A',517,,321336,42,0,10,1,29,,321342,42,0,10,1,72,,321340,42,0,10,1,26,,321337,42,0,10,1,65,,321348,42,0,10,1,26,,321343,42,0,10,1,24,,321341,42,0,10,1,65,,321338,42,0,10,1,23,,321354,42,0,10,1,58,,321349,42,0,10,1,20,,321379,42,0,10,1,16,,321344,42,0,10,1,15,,321363,42,0,10,1,56,,321355,42,0,10,1,15,,321371,42,0,10,1,16,,321339,42,0,10,1,16,,321350,42,0,10,1,55,,321360,42,0,10,1,15,,321380,42,0,10,1,16,,321356,42,0,10,1,14,,321345,42,0,10,1,56,,321364,42,0,10,1,15,,321372,42,0,10,1,15,,321387,42,0,10,1,14,,321351,42,0,10,1,54,,321361,42,0,10,1,13,,321397,42,0,10,1,12,,321381,42,0,10,1,12,,321357,42,0,10,1,51,,321346,42,0,10,1,12,,321394,42,0,10,1,12,,321365,42,0,10,1,13,,321373,42,0,10,1,12,,321388,42,0,10,1,52,,321352,42,0,10,1,11,,321401,42,0,10,1,12,,321362,42,0,10,1,10,,321398,42,0,10,1,11,,321382,42,0,10,1,11,,321358,42,0,10,1,53,,321347,42,0,10,1,13,,321395,42,0,10,1,14,,321366,42,0,10,1,14,,321374,42,0,10,1,55,,321389,42,0,10,1,15,,321353,42,0,10,1,13,,321402,42,0,10,1,11,,321399,42,0,10,1,13,,321383,42,0,10,1,54,,321359,42,0,10,1,15,,321396,42,0,10,1,16,,321367,42,0,10,1,16,,321375,42,0,10,1,56,,321390,42,0,10,1,23,,321400,42,0,10,1,66,,321384,42,0,10,1,30,,321368,42,0,10,1,70,,321376,42,0,10,1,27,,321391,42,0,10,1,72,,321385,42,0,10,1,30,,321369,42,0,10,1,70,,321377,42,0,10,1,31,,321392,42,0,10,1,67,,321386,42,0,10,1,31,,321370,42,0,10,1,69,,321378,42,0,10,1,33,,321393,42,0,10,1
12102,'H58S000I-80-I',520,,321403,42,0,10,1,29,,321422,42,0,10,1,70,,321411,42,0,10,1,32,,321404,42,0,10,1,70,,321423,42,0,10,1,31,,321412,42,0,10,1,66,,321429,42,0,10,1,25,,321405,42,0,10,1,66,,321424,42,0,10,1,24,,321413,42,0,10,1,26,,321439,42,0,10,1,62,,321430,42,0,10,1,18,,321406,42,0,10,1,19,,321425,42,0,10,1,57,,321453,42,0,10,1,16,,321449,42,0,10,1,16,,321414,42,0,10,1,58,,321440,42,0,10,1,18,,321431,42,0,10,1,18,,321407,42,0,10,1,18,,321426,42,0,10,1,55,,321442,42,0,10,1,13,,321454,42,0,10,1,12,,321450,42,0,10,1,13,,321415,42,0,10,1,53,,321456,42,0,10,1,15,,321441,42,0,10,1,14,,321432,42,0,10,1,14,,321408,42,0,10,1,55,,321427,42,0,10,1,13,,321443,42,0,10,1,14,,321451,42,0,10,1,15,,321455,42,0,10,1,56,,321416,42,0,10,1,16,,321457,42,0,10,1,18,,321433,42,0,10,1,18,,321409,42,0,10,1,58,,321428,42,0,10,1,17,,321444,42,0,10,1,16,,321452,42,0,10,1,58,,321417,42,0,10,1,20,,321458,42,0,10,1,20,,321434,42,0,10,1,61,,321410,42,0,10,1,25,,321445,42,0,10,1,28,,321418,42,0,10,1,69,,321459,42,0,10,1,31,,321435,42,0,10,1,72,,321446,42,0,10,1,31,,321419,42,0,10,1,72,,321460,42,0,10,1,71,,321436,42,0,10,1,29,,321447,42,0,10,1,72,,321420,42,0,10,1,31,,321437,42,0,10,1,70,,321448,42,0,10,1,27,,321421,42,0,10,1,24,,321438,42,0,10,1
12102,'H58S000S-83-S',525,,321468,42,0,10,1,9,,321476,42,0,10,1,9,,321487,42,0,10,1,11,,321503,42,0,10,1,50,,321511,42,0,10,1,11,,321513,42,0,10,1,9,,321474,42,0,10,1,9,,321461,42,0,10,1,8,,321519,42,0,10,1,8,,321493,42,0,10,1,8,,321521,42,0,10,1,48,,321523,42,0,10,1,9,,321530,42,0,10,1,6,,321536,42,0,10,1,6,,321469,42,0,10,1,6,,321542,42,0,10,1,9,,321477,42,0,10,1,6,,321544,42,0,10,1,5,,321488,42,0,10,1,5,,321545,42,0,10,1,46,,321546,42,0,10,1,6,,321504,42,0,10,1,7,,321512,42,0,10,1,5,,321547,42,0,10,1,3,,321549,25,0,10,1,3,,321514,42,0,10,1,5,,321548,42,0,10,1,5,,321475,42,0,10,1,4,,321543,25,0,10,1,2,,321462,42,0,10,1,6,,321520,42,0,10,1,3,,321494,25,0,10,1,7,,321522,42,0,10,1,48,,321524,42,0,10,1,8,,321531,42,0,10,1,9,,321537,42,0,10,1,10,,321470,42,0,10,1,10,,321478,42,0,10,1,11,,321489,42,0,10,1,52,,321505,42,0,10,1,12,,321550,42,0,10,1,12,,321515,42,0,10,1,12,,321463,42,0,10,1,12,,321495,42,0,10,1,52,,321525,42,0,10,1,12,,321532,42,0,10,1,12,,321538,42,0,10,1,12,,321471,42,0,10,1,12,,321479,42,0,10,1,52,,321490,42,0,10,1,11,,321506,42,0,10,1,10,,321551,42,0,10,1,10,,321516,42,0,10,1,11,,321464,42,0,10,1,51,,321496,42,0,10,1,11,,321526,42,0,10,1,12,,321533,42,0,10,1,11,,321539,42,0,10,1,11,,321472,42,0,10,1,10,,321552,42,0,10,1,51,,321480,42,0,10,1,10,,321491,42,0,10,1,10,,321507,42,0,10,1,12,,321517,42,0,10,1,12,,321465,42,0,10,1,52,,321497,42,0,10,1,14,,321527,42,0,10,1,12,,321534,42,0,10,1,12,,321540,42,0,10,1,9,,321563,42,0,10,1,10,,321473,42,0,10,1,49,,321553,42,0,10,1,8,,321572,42,0,10,1,9,,321481,42,0,10,1,9,,321492,42,0,10,1,4,,321571,25,0,10,1,4,,321568,42,0,10,1,7,,321535,42,0,10,1,3,,321508,42,0,10,1,48,,321518,42,0,10,1,8,,321466,42,0,10,1,8,,321498,42,0,10,1,10,,321570,42,0,10,1,10,,321528,42,0,10,1,10,,321561,42,0,10,1,10,,321541,42,0,10,1,50,,321559,42,0,10,1,9,,321564,42,0,10,1,11,,321554,42,0,10,1,6,,321573,25,0,10,1,5,,321482,42,0,10,1,11,,321569,42,0,10,1,52,,321509,42,0,10,1,12,,321467,42,0,10,1,12,,321499,42,0,10,1,10,,321529,42,0,10,1,10,,321562,42,0,10,1,11,,321560,42,0,10,1,51,,321565,42,0,10,1,11,,321555,42,0,10,1,12,,321483,42,0,10,1,24,,321510,42,0,10,1,68,,321500,42,0,10,1,27,,321566,42,0,10,1,65,,321556,42,0,10,1,24,,321484,42,0,10,1,67,,321501,42,0,10,1,30,,321567,42,0,10,1,67,,321557,42,0,10,1,31,,321485,42,0,10,1,72,,321502,42,0,10,1,29,,321558,42,0,10,1,26,,321486,42,0,10,1
12102,'H58S100F-80-F1',520,,321574,42,0,10,1,29,,321588,42,0,10,1,70,,321582,42,0,10,1,32,,321575,42,0,10,1,70,,321589,42,0,10,1,31,,321583,42,0,10,1,66,,321602,42,0,10,1,25,,321576,42,0,10,1,66,,321590,42,0,10,1,24,,321584,42,0,10,1,26,,321612,42,0,10,1,62,,321603,42,0,10,1,18,,321577,42,0,10,1,19,,321591,42,0,10,1,57,,321624,42,0,10,1,16,,321617,42,0,10,1,16,,321585,42,0,10,1,58,,321613,42,0,10,1,18,,321604,42,0,10,1,18,,321578,42,0,10,1,18,,321599,42,0,10,1,55,,321592,42,0,10,1,13,,321625,42,0,10,1,12,,321618,42,0,10,1,13,,321586,42,0,10,1,53,,321627,42,0,10,1,15,,321614,42,0,10,1,14,,321605,42,0,10,1,14,,321579,42,0,10,1,55,,321600,42,0,10,1,13,,321593,42,0,10,1,14,,321615,42,0,10,1,15,,321626,42,0,10,1,56,,321587,42,0,10,1,16,,321628,42,0,10,1,18,,321606,42,0,10,1,18,,321580,42,0,10,1,58,,321601,42,0,10,1,17,,321594,42,0,10,1,16,,321616,42,0,10,1,58,,321619,42,0,10,1,20,,321629,42,0,10,1,20,,321607,42,0,10,1,61,,321581,42,0,10,1,25,,321595,42,0,10,1,28,,321620,42,0,10,1,69,,321630,42,0,10,1,31,,321608,42,0,10,1,72,,321596,42,0,10,1,31,,321621,42,0,10,1,72,,321631,42,0,10,1,71,,321609,42,0,10,1,29,,321597,42,0,10,1,72,,321622,42,0,10,1,31,,321610,42,0,10,1,70,,321598,42,0,10,1,27,,321623,42,0,10,1,24,,321611,42,0,10,1
12102,'H58S200F-80-F2',520,,321637,42,0,10,1,29,,321651,42,0,10,1,70,,321645,42,0,10,1,32,,321638,42,0,10,1,70,,321652,42,0,10,1,31,,321646,42,0,10,1,66,,321662,42,0,10,1,25,,321639,42,0,10,1,66,,321653,42,0,10,1,24,,321647,42,0,10,1,26,,321672,42,0,10,1,62,,321663,42,0,10,1,18,,321640,42,0,10,1,19,,321654,42,0,10,1,57,,321682,42,0,10,1,16,,321675,42,0,10,1,16,,321648,42,0,10,1,58,,321673,42,0,10,1,18,,321664,42,0,10,1,18,,321641,42,0,10,1,18,,321632,42,0,10,1,55,,321655,42,0,10,1,13,,321683,42,0,10,1,12,,321676,42,0,10,1,13,,321649,42,0,10,1,53,,321685,42,0,10,1,15,,321674,42,0,10,1,14,,321665,42,0,10,1,14,,321642,42,0,10,1,55,,321633,42,0,10,1,13,,321656,42,0,10,1,14,,321635,42,0,10,1,15,,321684,42,0,10,1,56,,321650,42,0,10,1,16,,321686,42,0,10,1,18,,321666,42,0,10,1,18,,321643,42,0,10,1,58,,321634,42,0,10,1,17,,321657,42,0,10,1,16,,321636,42,0,10,1,58,,321677,42,0,10,1,20,,321687,42,0,10,1,20,,321667,42,0,10,1,61,,321644,42,0,10,1,25,,321658,42,0,10,1,28,,321678,42,0,10,1,69,,321688,42,0,10,1,31,,321668,42,0,10,1,72,,321659,42,0,10,1,31,,321679,42,0,10,1,72,,321689,42,0,10,1,71,,321669,42,0,10,1,29,,321660,42,0,10,1,72,,321680,42,0,10,1,31,,321670,42,0,10,1,70,,321661,42,0,10,1,27,,321681,42,0,10,1,24,,321671,42,0,10,1
37103,'H50S000A-82-A',2608,,347082,47,0,8,2,31,,347084,47,0,8,1,67,,347080,47,0,8,2,31,,347086,47,0,8,1,70,,347083,47,0,8,2,30,,347085,47,0,8,1,69,,347081,47,0,8,2
37103,'H50S000I-82-I',2604,,347090,47,0,8,2,29,,347087,47,0,8,2,72,,347089,47,0,8,2,30,,347092,47,0,8,1,71,,347091,47,0,8,2,31,,347088,47,0,8,2,71,,347093,47,0,8,1
37103,'H50S000S-82-S',2607,,347096,47,0,8,2,30,,347094,47,0,8,1,70,,347098,47,0,8,2,28,,347100,47,0,8,1,71,,347097,47,0,8,2,32,,347095,47,0,8,1,70,,347099,47,0,8,2
37103,'H50S100F-80-F1',2604,,347104,47,0,8,2,29,,347101,47,0,8,2,72,,347103,47,0,8,2,30,,347106,47,0,8,1,71,,347105,47,0,8,2,31,,347102,47,0,8,2,71,,347107,47,0,8,1
37103,'H50S200F-80-F2',2604,,347111,47,0,8,2,29,,347108,47,0,8,2,72,,347110,47,0,8,2,30,,347113,47,0,8,1,71,,347112,47,0,8,2,31,,347109,47,0,8,2,71,,347114,47,0,8,1
