12404,'H50S000A-82-A',640,,322229,40,0,9,2,72,,322242,40,0,9,2,30,,322237,40,0,9,1,70,,322230,40,0,9,2,31,,322243,40,0,9,2,71,,322238,40,0,9,1,30,,322231,40,0,9,2,70,,322244,40,0,9,2,32,,322255,40,0,9,2,70,,322248,40,0,9,1,30,,322233,40,0,9,2,70,,322259,40,0,9,1,30,,322262,40,0,9,2,70,,322239,40,0,9,1,30,,322252,40,0,9,1,70,,322245,40,0,9,2,30,,322256,40,0,9,2,70,,322249,40,0,9,1,31,,322234,40,0,9,2,71,,322260,40,0,9,1,31,,322263,40,0,9,2,70,,322240,40,0,9,1,31,,322253,40,0,9,1,68,,322246,40,0,9,2,27,,322257,40,0,9,2,69,,322250,40,0,9,1,29,,322235,40,0,9,2,69,,322261,40,0,9,1,29,,322264,40,0,9,2,69,,322241,40,0,9,1,27,,322254,40,0,9,1,69,,322247,40,0,9,2,30,,322258,40,0,9,2,70,,322251,40,0,9,1,30,,322236,40,0,9,2,68,,322232,40,0,9,2
12404,'H50S000I-82-I',729,,322265,40,0,9,2,30,,322266,40,0,9,1,70,,322290,40,0,9,1,72,,322270,40,0,9,2,31,,322280,40,0,9,1,70,,322274,40,0,9,1,30,,322285,40,0,9,2,73,,322284,40,0,9,2,32,,322267,40,0,9,1,70,,322291,40,0,9,1,28,,322271,40,0,9,2,70,,322281,40,0,9,1,30,,322275,40,0,9,1,70,,322286,40,0,9,2,27,,322294,40,0,9,2,72,,322276,40,0,9,1,30,,322287,40,0,9,2,70,,322295,40,0,9,2,30,,322277,40,0,9,1,71,,322288,40,0,9,2,33,,322268,40,0,9,1,73,,322292,40,0,9,1,30,,322272,40,0,9,2,70,,322282,40,0,9,1,29,,322296,40,0,9,2,71,,322278,40,0,9,1,22,,322289,40,0,9,2,70,,322269,40,0,9,1,30,,322293,40,0,9,1,70,,322273,40,0,9,2,29,,322283,40,0,9,1,70,,322297,40,0,9,2,30,,322279,40,0,9,1,26,,322298,40,0,9,1
12404,'H50S000S-82-S',620,,322327,40,0,9,1,33,,322326,40,0,9,1,69,,322309,40,0,9,1,79,,322299,40,0,9,2,35,,322305,40,0,9,1,69,,322310,40,0,9,1,27,,322311,40,0,9,1,92,,322306,40,0,9,1,30,,322317,40,0,9,2,70,,322312,40,0,9,1,30,,322307,40,0,9,1,70,,322318,40,0,9,2,31,,322313,40,0,9,1,71,,322308,40,0,9,1,31,,322319,40,0,9,2,72,,322314,40,0,9,1,73,,322328,40,0,9,1,36,,322320,40,0,9,2,75,,322315,40,0,9,1,30,,322324,40,0,9,1,69,,322329,40,0,9,1,29,,322321,40,0,9,2,66,,322316,40,0,9,1,29,,322325,40,0,9,1,65,,322330,40,0,9,1,27,,322322,40,0,9,2,29,,322300,40,0,9,1,69,,322331,40,0,9,1,26,,322323,40,0,9,2,70,,322301,40,0,9,1,30,,322332,40,0,9,1,70,,322333,40,0,9,1,30,,322302,40,0,9,1,68,,322304,40,0,9,1,30,,322334,40,0,9,1,70,,322303,40,0,9,1
12404,'H50S100F-80-F1',729,,322335,40,0,9,2,30,,322336,40,0,9,1,70,,322360,40,0,9,1,72,,322340,40,0,9,2,31,,322350,40,0,9,1,70,,322344,40,0,9,1,30,,322355,40,0,9,2,73,,322354,40,0,9,2,32,,322337,40,0,9,1,70,,322361,40,0,9,1,28,,322341,40,0,9,2,70,,322351,40,0,9,1,30,,322345,40,0,9,1,70,,322356,40,0,9,2,27,,322364,40,0,9,2,72,,322346,40,0,9,1,30,,322357,40,0,9,2,70,,322365,40,0,9,2,30,,322347,40,0,9,1,71,,322358,40,0,9,2,33,,322338,40,0,9,1,73,,322362,40,0,9,1,30,,322342,40,0,9,2,70,,322352,40,0,9,1,29,,322366,40,0,9,2,71,,322348,40,0,9,1,22,,322359,40,0,9,2,70,,322339,40,0,9,1,30,,322363,40,0,9,1,70,,322343,40,0,9,2,29,,322353,40,0,9,1,70,,322367,40,0,9,2,30,,322349,40,0,9,1,26,,322368,40,0,9,1
12404,'H50S200F-80-F2',729,,322369,40,0,9,2,30,,322370,40,0,9,1,70,,322394,40,0,9,1,72,,322374,40,0,9,2,31,,322384,40,0,9,1,70,,322378,40,0,9,1,30,,322389,40,0,9,2,73,,322388,40,0,9,2,32,,322371,40,0,9,1,70,,322395,40,0,9,1,28,,322375,40,0,9,2,70,,322385,40,0,9,1,30,,322379,40,0,9,1,70,,322390,40,0,9,2,27,,322398,40,0,9,2,72,,322380,40,0,9,1,30,,322391,40,0,9,2,70,,322399,40,0,9,2,30,,322381,40,0,9,1,71,,322392,40,0,9,2,33,,322372,40,0,9,1,73,,322396,40,0,9,1,30,,322376,40,0,9,2,70,,322386,40,0,9,1,29,,322400,40,0,9,2,71,,322382,40,0,9,1,22,,322393,40,0,9,2,70,,322373,40,0,9,1,30,,322397,40,0,9,1,70,,322377,40,0,9,2,29,,322387,40,0,9,1,70,,322401,40,0,9,2,30,,322383,40,0,9,1,26,,322402,40,0,9,1
12404,'H51S000S-81-S',959,,322403,40,0,9,2
13801,'H56S000A-80-A',623,,325111,32,0,5,1,80,,325102,32,0,5,1,41,,325112,32,0,5,1,87,,325103,32,0,5,1,83,,325113,32,0,5,1,86,,325104,32,0,5,1,47,,325114,32,0,5,1,89,,325105,32,0,5,1,91,,325115,32,0,5,1,88,,325106,32,0,5,1,91,,325116,32,0,5,1,48,,325107,32,0,5,1,90,,325117,32,0,5,1,90,,325108,32,0,5,1,90,,325118,32,0,5,1,86,,325109,32,0,5,1,46,,325119,32,0,5,1,86,,325110,32,0,5,1,86,,325120,32,0,5,1
13801,'H56S000I-80-I',631,,325121,32,0,5,1,78,,325131,32,0,5,1,39,,325122,32,0,5,1,82,,325132,32,0,5,1,87,,325123,32,0,5,1,88,,325133,32,0,5,1,42,,325124,32,0,5,1,88,,325134,32,0,5,1,89,,325125,32,0,5,1,83,,325135,32,0,5,1,52,,325126,32,0,5,1,88,,325136,32,0,5,1,89,,325127,32,0,5,1,87,,325137,32,0,5,1,87,,325128,32,0,5,1,46,,325138,32,0,5,1,89,,325129,32,0,5,1,83,,325139,32,0,5,1,85,,325130,32,0,5,1,44,,325140,32,0,5,1
13801,'H56S000S-82-S',614,,325175,32,0,5,1,42,,325143,32,0,5,1,71,,325164,32,0,5,1,32,,325154,32,0,5,1,67,,325155,32,0,5,1,79,,325144,32,0,5,1,34,,325165,32,0,5,1,72,,325156,32,0,5,1,35,,325145,32,0,5,1,76,,325166,32,0,5,1,36,,325157,32,0,5,1,76,,325146,32,0,5,1,79,,325167,32,0,5,1,37,,325158,32,0,5,1,78,,325147,32,0,5,1,76,,325168,32,0,5,1,39,,325159,32,0,5,1,81,,325148,32,0,5,1,82,,325169,32,0,5,1,38,,325160,32,0,5,1,78,,325149,32,0,5,1,79,,325170,32,0,5,1,34,,325161,32,0,5,1,72,,325150,32,0,5,1,33,,325171,32,0,5,1,70,,325162,32,0,5,1,32,,325151,32,0,5,1,72,,325172,32,0,5,1,29,,325163,32,0,5,1,71,,325152,32,0,5,1,30,,325173,32,0,5,1,66,,325141,32,0,5,1,28,,325153,32,0,5,1,67,,325174,32,0,5,1,25,,325142,32,0,5,1
13801,'H56S100F-80-F1',631,,325176,32,0,5,1,78,,325186,32,0,5,1,39,,325177,32,0,5,1,82,,325187,32,0,5,1,87,,325178,32,0,5,1,88,,325188,32,0,5,1,42,,325179,32,0,5,1,88,,325189,32,0,5,1,89,,325180,32,0,5,1,83,,325190,32,0,5,1,52,,325181,32,0,5,1,88,,325191,32,0,5,1,89,,325182,32,0,5,1,87,,325192,32,0,5,1,87,,325183,32,0,5,1,46,,325193,32,0,5,1,89,,325184,32,0,5,1,83,,325194,32,0,5,1,85,,325185,32,0,5,1,44,,325195,32,0,5,1
13801,'H56S200F-80-F2',631,,325196,32,0,5,1,78,,325206,32,0,5,1,39,,325197,32,0,5,1,82,,325207,32,0,5,1,87,,325198,32,0,5,1,88,,325208,32,0,5,1,42,,325199,32,0,5,1,88,,325209,32,0,5,1,89,,325200,32,0,5,1,83,,325210,32,0,5,1,52,,325201,32,0,5,1,88,,325211,32,0,5,1,89,,325202,32,0,5,1,87,,325212,32,0,5,1,87,,325203,32,0,5,1,46,,325213,32,0,5,1,89,,325204,32,0,5,1,83,,325214,32,0,5,1,85,,325205,32,0,5,1,44,,325215,32,0,5,1
