4403,'H54S000A-80-A',547,,298137,30,0,8,1,71,,298097,30,0,8,2,32,,298143,30,0,8,1,72,,298138,30,0,8,1,35,,298098,30,0,8,2,71,,298144,30,0,8,1,15,,298139,30,0,8,1,15,,298119,30,0,8,1,67,,298099,30,0,8,2,21,,298145,30,0,8,1,60,,298140,30,0,8,1,23,,298120,30,0,8,1,20,,298100,30,0,8,2,60,,298146,30,0,8,1,21,,298141,30,0,8,1,22,,298131,30,0,8,2,61,,298101,30,0,8,2,21,,298110,30,0,8,2,20,,298142,30,0,8,1,58,,298121,30,0,8,1,18,,298132,30,0,8,2,17,,298102,30,0,8,2,56,,298111,30,0,8,2,16,,298094,30,0,8,1,16,,298122,30,0,8,1,14,,298149,30,0,8,1,54,,298133,30,0,8,2,15,,298103,30,0,8,2,15,,298112,30,0,8,2,14,,298095,30,0,8,1,54,,298123,30,0,8,1,14,,298150,30,0,8,1,10,,298134,30,0,8,2,10,,298147,30,0,8,1,11,,298104,30,0,8,2,11,,298113,30,0,8,2,52,,298092,30,0,8,1,11,,298096,30,0,8,1,13,,298124,30,0,8,1,12,,298135,30,0,8,2,11,,298148,30,0,8,1,51,,298105,30,0,8,2,13,,298114,30,0,8,2,15,,298093,30,0,8,1,16,,298125,30,0,8,1,56,,298136,30,0,8,2,16,,298106,30,0,8,2,24,,298115,30,0,8,2,67,,298126,30,0,8,1,27,,298107,30,0,8,2,67,,298116,30,0,8,2,27,,298127,30,0,8,1,67,,298108,30,0,8,2,28,,298117,30,0,8,2,25,,298128,30,0,8,1,66,,298089,30,0,8,1,32,,298109,30,0,8,2,71,,298118,30,0,8,2,31,,298129,30,0,8,1,69,,298090,30,0,8,1,31,,298130,30,0,8,1,69,,298091,30,0,8,1
4403,'H54S000I-80-I',545,,298165,30,0,8,2,73,,298201,30,0,8,1,35,,298166,30,0,8,2,72,,298174,30,0,8,1,32,,298154,30,0,8,1,73,,298167,30,0,8,2,70,,298175,30,0,8,1,29,,298155,30,0,8,1,25,,298168,30,0,8,2,62,,298176,30,0,8,1,21,,298164,30,0,8,1,21,,298156,30,0,8,1,65,,298169,30,0,8,2,26,,298177,30,0,8,1,67,,298157,30,0,8,1,20,,298160,30,0,8,1,19,,298170,30,0,8,2,60,,298178,30,0,8,1,21,,298158,30,0,8,1,20,,298184,30,0,8,1,60,,298161,30,0,8,1,20,,298179,30,0,8,1,15,,298192,30,0,8,2,55,,298159,30,0,8,1,15,,298185,30,0,8,1,15,,298171,30,0,8,2,15,,298162,30,0,8,1,54,,298180,30,0,8,1,14,,298151,30,0,8,2,14,,298193,30,0,8,2,14,,298186,30,0,8,1,53,,298172,30,0,8,2,13,,298181,30,0,8,1,12,,298163,30,0,8,1,13,,298152,30,0,8,2,14,,298194,30,0,8,2,55,,298187,30,0,8,1,15,,298173,30,0,8,2,14,,298182,30,0,8,1,16,,298153,30,0,8,2,55,,298202,30,0,8,1,21,,298188,30,0,8,1,21,,298183,30,0,8,1,61,,298195,30,0,8,2,33,,298189,30,0,8,1,73,,298196,30,0,8,2,33,,298190,30,0,8,1,73,,298197,30,0,8,2,33,,298191,30,0,8,1,69,,298203,30,0,8,1,30,,298198,30,0,8,2,73,,298204,30,0,8,1,32,,298199,30,0,8,2,71,,298205,30,0,8,1,72,,298200,30,0,8,2
4403,'H54S000S-80-S',553,,298219,30,0,8,2,55,,298221,30,0,8,2,16,,298243,30,0,8,2,17,,298279,30,0,8,1,60,,298222,30,0,8,1,20,,298220,30,0,8,2,21,,298244,30,0,8,1,79,,298231,30,0,8,2,19,,298223,30,0,8,1,18,,298230,30,0,8,2,59,,298211,30,0,8,1,18,,298232,30,0,8,1,19,,298248,30,0,8,2,62,,298224,30,0,8,1,22,,298212,30,0,8,1,62,,298233,30,0,8,1,21,,298249,30,0,8,2,21,,298225,30,0,8,1,15,,298239,30,0,8,2,54,,298213,30,0,8,1,15,,298234,30,0,8,1,20,,298250,30,0,8,2,60,,298226,30,0,8,1,17,,298276,30,0,8,1,16,,298240,30,0,8,2,17,,298235,30,0,8,1,55,,298210,30,0,8,1,14,,298251,30,0,8,2,12,,298227,30,0,8,1,11,,298245,30,0,8,2,52,,298277,30,0,8,1,12,,298241,30,0,8,2,11,,298206,30,0,8,1,10,,298236,30,0,8,1,13,,298228,30,0,8,1,10,,298252,30,0,8,2,49,,298214,30,0,8,1,10,,298217,30,0,8,1,9,,298246,30,0,8,2,6,,298278,30,0,8,1,6,,298272,30,0,8,2,9,,298242,30,0,8,2,10,,298275,30,0,8,2,48,,298237,30,0,8,1,8,,298257,30,0,8,2,8,,298229,30,0,8,1,8,,298253,30,0,8,1,10,,298215,30,0,8,1,10,,298218,30,0,8,1,8,,298260,30,0,8,1,48,,298247,30,0,8,2,6,,298207,30,0,8,2,9,,298258,30,0,8,2,11,,298238,30,0,8,1,12,,298216,30,0,8,1,12,,298208,30,0,8,2,52,,298254,30,0,8,1,16,,298261,30,0,8,1,15,,298259,30,0,8,2,17,,298264,30,0,8,2,65,,298255,30,0,8,1,25,,298262,30,0,8,1,65,,298265,30,0,8,2,24,,298256,30,0,8,1,23,,298269,30,0,8,1,64,,298263,30,0,8,1,25,,298266,30,0,8,2,65,,298270,30,0,8,1,29,,298273,30,0,8,2,68,,298267,30,0,8,2,28,,298271,30,0,8,1,70,,298274,30,0,8,2,29,,298268,30,0,8,2,70,,298209,30,0,8,1
4403,'H54S100F-80-F1',545,,298294,30,0,8,2,73,,298330,30,0,8,1,35,,298295,30,0,8,2,72,,298303,30,0,8,1,32,,298283,30,0,8,1,73,,298296,30,0,8,2,70,,298304,30,0,8,1,29,,298284,30,0,8,1,25,,298297,30,0,8,2,62,,298305,30,0,8,1,21,,298293,30,0,8,1,21,,298285,30,0,8,1,65,,298298,30,0,8,2,26,,298306,30,0,8,1,67,,298286,30,0,8,1,20,,298289,30,0,8,1,19,,298299,30,0,8,2,60,,298307,30,0,8,1,21,,298287,30,0,8,1,20,,298313,30,0,8,1,60,,298290,30,0,8,1,20,,298308,30,0,8,1,15,,298321,30,0,8,2,55,,298288,30,0,8,1,15,,298314,30,0,8,1,15,,298300,30,0,8,2,15,,298291,30,0,8,1,54,,298309,30,0,8,1,14,,298280,30,0,8,2,14,,298322,30,0,8,2,14,,298315,30,0,8,1,53,,298301,30,0,8,2,13,,298310,30,0,8,1,12,,298292,30,0,8,1,13,,298281,30,0,8,2,14,,298323,30,0,8,2,55,,298316,30,0,8,1,15,,298302,30,0,8,2,14,,298311,30,0,8,1,16,,298282,30,0,8,2,55,,298331,30,0,8,1,21,,298317,30,0,8,1,21,,298312,30,0,8,1,61,,298324,30,0,8,2,33,,298318,30,0,8,1,73,,298325,30,0,8,2,33,,298319,30,0,8,1,73,,298326,30,0,8,2,33,,298320,30,0,8,1,69,,298332,30,0,8,1,30,,298327,30,0,8,2,73,,298333,30,0,8,1,32,,298328,30,0,8,2,71,,298334,30,0,8,1,72,,298329,30,0,8,2
4403,'H54S200F-80-F2',545,,298349,30,0,8,2,73,,298385,30,0,8,1,35,,298350,30,0,8,2,72,,298358,30,0,8,1,32,,298338,30,0,8,1,73,,298351,30,0,8,2,70,,298359,30,0,8,1,29,,298339,30,0,8,1,25,,298352,30,0,8,2,62,,298360,30,0,8,1,21,,298348,30,0,8,1,21,,298340,30,0,8,1,65,,298353,30,0,8,2,26,,298361,30,0,8,1,67,,298341,30,0,8,1,20,,298344,30,0,8,1,19,,298354,30,0,8,2,60,,298362,30,0,8,1,21,,298342,30,0,8,1,20,,298368,30,0,8,1,60,,298345,30,0,8,1,20,,298363,30,0,8,1,15,,298376,30,0,8,2,55,,298343,30,0,8,1,15,,298369,30,0,8,1,15,,298355,30,0,8,2,15,,298346,30,0,8,1,54,,298364,30,0,8,1,14,,298335,30,0,8,2,14,,298377,30,0,8,2,14,,298370,30,0,8,1,53,,298356,30,0,8,2,13,,298365,30,0,8,1,12,,298347,30,0,8,1,13,,298336,30,0,8,2,14,,298378,30,0,8,2,55,,298371,30,0,8,1,15,,298357,30,0,8,2,14,,298366,30,0,8,1,16,,298337,30,0,8,2,55,,298386,30,0,8,1,21,,298372,30,0,8,1,21,,298367,30,0,8,1,61,,298379,30,0,8,2,33,,298373,30,0,8,1,73,,298380,30,0,8,2,33,,298374,30,0,8,1,73,,298381,30,0,8,2,33,,298375,30,0,8,1,69,,298387,30,0,8,1,30,,298382,30,0,8,2,73,,298388,30,0,8,1,32,,298383,30,0,8,2,71,,298389,30,0,8,1,72,,298384,30,0,8,2
4403,'H58S000S-83-S',801,,298390,30,0,8,2
37201,'H54S000A-80-A',2612,,347150,90,0,5,2,88,,347154,90,0,5,1,46,,347152,90,0,5,1,90,,347155,90,0,5,1,83,,347151,90,0,5,1
37201,'H54S000I-80-I',2614,,347158,90,0,5,1,89,,347156,90,0,5,1,45,,347157,90,0,5,1,85,,347161,90,0,5,1,86,,347160,90,0,5,2
37201,'H54S000S-80-S',2615,,347164,90,0,5,1,34,,347167,90,0,5,2,77,,347165,90,0,5,1,80,,347166,90,0,5,2,40,,347162,90,0,5,1,81,,347163,90,0,5,1
37201,'H54S100F-80-F1',2614,,347171,90,0,5,1,89,,347169,90,0,5,1,45,,347170,90,0,5,1,85,,347174,90,0,5,1,86,,347173,90,0,5,2
37201,'H54S200F-80-F2',2614,,347177,90,0,5,1,89,,347175,90,0,5,1,45,,347176,90,0,5,1,85,,347180,90,0,5,1,86,,347179,90,0,5,2
44903,'H54S000S-80-S',654,,349189,14,0,8,2,74,,349194,14,0,8,1,73,,349217,14,0,8,1,30,,349202,14,0,8,2,69,,349207,14,0,8,2,28,,349190,14,0,8,1,29,,349181,14,0,8,2,68,,349208,14,0,8,2,30,,349195,14,0,8,1,73,,349191,14,0,8,1,73,,349209,14,0,8,2,30,,349196,14,0,8,1,70,,349203,14,0,8,2,29,,349192,14,0,8,1,29,,349210,14,0,8,2,69,,349197,14,0,8,1,27,,349204,14,0,8,2,69,,349193,14,0,8,1,27,,349211,14,0,8,2,54,,349185,14,0,8,1,14,,349198,14,0,8,1,12,,349218,14,0,8,2,12,,349212,14,0,8,2,9,,349205,14,0,8,2,49,,349178,14,0,8,2,10,,349214,14,0,8,2,10,,349220,14,0,8,2,10,,349215,14,0,8,1,7,,349180,14,0,8,1,9,,349186,14,0,8,2,9,,349213,14,0,8,2,50,,349182,14,0,8,2,11,,349219,14,0,8,2,12,,349199,14,0,8,1,18,,349206,14,0,8,2,65,,349216,14,0,8,1,29,,349183,14,0,8,2,69,,349200,14,0,8,1,29,,349187,14,0,8,2,69,,349179,14,0,8,2,28,,349184,14,0,8,2,69,,349201,14,0,8,1,31,,349188,14,0,8,2
44903,'H57S000S-80-S',620,,349221,14,0,8,1
