9001,'H56S000A-80-A',536,,311347,37,0,5,1,70,,311400,37,0,5,1,30,,311353,37,0,5,1,70,,311402,37,0,5,1,25,,311348,37,0,5,1,21,,311401,37,0,5,1,60,,311354,37,0,5,1,22,,311374,37,0,5,1,19,,311403,37,0,5,1,59,,311395,37,0,5,1,19,,311349,37,0,5,1,19,,311352,37,0,5,1,56,,311381,37,0,5,1,19,,311375,37,0,5,1,17,,311362,37,0,5,1,16,,311366,37,0,5,1,55,,311404,37,0,5,1,15,,311358,37,0,5,1,16,,311386,37,0,5,2,57,,311382,37,0,5,1,15,,311363,37,0,5,1,14,,311376,37,0,5,1,13,,311390,37,0,5,1,13,,311367,37,0,5,1,53,,311387,37,0,5,2,14,,311405,37,0,5,1,16,,311359,37,0,5,1,15,,311377,37,0,5,1,54,,311383,37,0,5,1,14,,311364,37,0,5,1,14,,311388,37,0,5,2,14,,311391,37,0,5,1,54,,311368,37,0,5,1,17,,311406,37,0,5,1,16,,311360,37,0,5,1,14,,311378,37,0,5,1,53,,311384,37,0,5,1,14,,311365,37,0,5,1,14,,311398,37,0,5,1,14,,311389,37,0,5,2,56,,311392,37,0,5,1,18,,311369,37,0,5,1,18,,311361,37,0,5,1,19,,311379,37,0,5,1,57,,311385,37,0,5,1,18,,311399,37,0,5,1,24,,311393,37,0,5,1,66,,311370,37,0,5,1,28,,311380,37,0,5,1,69,,311355,37,0,5,1,29,,311394,37,0,5,1,68,,311371,37,0,5,1,28,,311397,37,0,5,2,70,,311356,37,0,5,1,30,,311396,37,0,5,1,69,,311372,37,0,5,1,32,,311350,37,0,5,1,72,,311357,37,0,5,1,32,,311373,37,0,5,1,72,,311351,37,0,5,1
9001,'H56S000I-80-I',620,,311425,37,0,5,1,29,,311451,37,0,5,1,69,,311413,37,0,5,1,29,,311444,37,0,5,1,70,,311417,37,0,5,1,28,,311426,37,0,5,1,61,,311452,37,0,5,1,18,,311414,37,0,5,1,19,,311454,37,0,5,1,60,,311418,37,0,5,1,22,,311427,37,0,5,1,17,,311422,37,0,5,2,16,,311453,37,0,5,1,56,,311437,37,0,5,1,17,,311455,37,0,5,1,15,,311428,37,0,5,1,58,,311419,37,0,5,1,19,,311411,37,0,5,1,20,,311423,37,0,5,2,60,,311438,37,0,5,1,17,,311445,37,0,5,2,16,,311429,37,0,5,1,16,,311412,37,0,5,1,56,,311420,37,0,5,1,17,,311440,37,0,5,1,18,,311424,37,0,5,2,58,,311435,37,0,5,1,16,,311439,37,0,5,1,16,,311446,37,0,5,2,22,,311430,37,0,5,1,64,,311421,37,0,5,1,23,,311441,37,0,5,1,63,,311436,37,0,5,1,23,,311447,37,0,5,2,24,,311431,37,0,5,1,65,,311415,37,0,5,1,28,,311442,37,0,5,1,68,,311408,37,0,5,1,28,,311432,37,0,5,1,68,,311416,37,0,5,1,28,,311443,37,0,5,1,68,,311409,37,0,5,1,28,,311433,37,0,5,1,26,,311448,37,0,5,1,68,,311456,37,0,5,1,27,,311410,37,0,5,1,68,,311434,37,0,5,1,27,,311449,37,0,5,1,70,,311457,37,0,5,1,30,,311407,37,0,5,1,71,,311450,37,0,5,1
9001,'H56S000S-82-S',518,,311530,37,0,5,1,20,,311526,37,0,5,1,21,,311470,37,0,5,1,58,,311480,37,0,5,1,18,,311486,37,0,5,1,18,,311488,37,0,5,1,52,,311531,37,0,5,1,6,,311490,37,0,5,2,5,,311492,37,0,5,1,6,,311503,17,0,5,2,7,,311495,37,0,5,1,6,,311527,37,0,5,1,7,,311511,17,0,5,2,5,,311460,37,0,5,1,6,,311506,37,0,5,1,6,,311513,17,0,5,2,45,,311512,37,0,5,1,5,,311471,37,0,5,1,6,,311494,17,0,5,2,6,,311481,37,0,5,1,7,,311528,37,0,5,1,7,,311504,17,0,5,2,5,,311487,37,0,5,1,6,,311507,17,0,5,1,6,,311505,37,0,5,2,48,,311489,37,0,5,1,8,,311532,37,0,5,1,10,,311491,37,0,5,2,11,,311493,37,0,5,1,11,,311496,37,0,5,1,11,,311461,37,0,5,1,52,,311465,37,0,5,1,12,,311472,37,0,5,1,13,,311499,37,0,5,1,15,,311508,37,0,5,1,16,,311482,37,0,5,1,55,,311533,37,0,5,1,15,,311466,37,0,5,1,15,,311497,37,0,5,1,15,,311500,37,0,5,1,56,,311473,37,0,5,1,17,,311458,37,0,5,1,18,,311509,37,0,5,1,58,,311483,37,0,5,1,17,,311514,37,0,5,1,17,,311467,37,0,5,1,16,,311498,37,0,5,1,56,,311501,37,0,5,1,15,,311529,37,0,5,2,15,,311474,37,0,5,1,15,,311510,37,0,5,1,55,,311484,37,0,5,1,16,,311459,37,0,5,1,16,,311515,37,0,5,1,56,,311468,37,0,5,1,17,,311516,37,0,5,1,19,,311502,37,0,5,1,63,,311475,37,0,5,1,23,,311485,37,0,5,1,22,,311521,37,0,5,2,65,,311469,37,0,5,1,28,,311525,37,0,5,1,67,,311476,37,0,5,1,25,,311517,37,0,5,1,28,,311522,37,0,5,1,70,,311462,37,0,5,1,29,,311477,37,0,5,1,70,,311518,37,0,5,1,29,,311523,37,0,5,1,69,,311463,37,0,5,1,28,,311478,37,0,5,1,68,,311519,37,0,5,1,28,,311524,37,0,5,1,68,,311464,37,0,5,1,32,,311479,37,0,5,1,72,,311520,37,0,5,1
9001,'H56S100F-80-F1',620,,311552,37,0,5,1,29,,311578,37,0,5,1,69,,311540,37,0,5,1,29,,311571,37,0,5,1,70,,311544,37,0,5,1,28,,311553,37,0,5,1,61,,311579,37,0,5,1,18,,311541,37,0,5,1,19,,311581,37,0,5,1,60,,311545,37,0,5,1,22,,311554,37,0,5,1,17,,311549,37,0,5,2,16,,311580,37,0,5,1,56,,311564,37,0,5,1,17,,311582,37,0,5,1,15,,311555,37,0,5,1,58,,311546,37,0,5,1,19,,311538,37,0,5,1,20,,311550,37,0,5,2,60,,311565,37,0,5,1,17,,311572,37,0,5,2,16,,311556,37,0,5,1,16,,311539,37,0,5,1,56,,311547,37,0,5,1,17,,311567,37,0,5,1,18,,311551,37,0,5,2,58,,311562,37,0,5,1,16,,311566,37,0,5,1,16,,311573,37,0,5,2,22,,311557,37,0,5,1,64,,311548,37,0,5,1,23,,311568,37,0,5,1,63,,311563,37,0,5,1,23,,311574,37,0,5,2,24,,311558,37,0,5,1,65,,311542,37,0,5,1,28,,311569,37,0,5,1,68,,311535,37,0,5,1,28,,311559,37,0,5,1,68,,311543,37,0,5,1,28,,311570,37,0,5,1,68,,311536,37,0,5,1,28,,311560,37,0,5,1,26,,311575,37,0,5,1,68,,311583,37,0,5,1,27,,311537,37,0,5,1,68,,311561,37,0,5,1,27,,311576,37,0,5,1,70,,311584,37,0,5,1,30,,311534,37,0,5,1,71,,311577,37,0,5,1
9001,'H56S200F-80-F2',620,,311603,37,0,5,1,29,,311629,37,0,5,1,69,,311591,37,0,5,1,29,,311622,37,0,5,1,70,,311595,37,0,5,1,28,,311604,37,0,5,1,61,,311630,37,0,5,1,18,,311592,37,0,5,1,19,,311632,37,0,5,1,60,,311596,37,0,5,1,22,,311605,37,0,5,1,17,,311600,37,0,5,2,16,,311631,37,0,5,1,56,,311615,37,0,5,1,17,,311633,37,0,5,1,15,,311606,37,0,5,1,58,,311597,37,0,5,1,19,,311589,37,0,5,1,20,,311601,37,0,5,2,60,,311616,37,0,5,1,17,,311623,37,0,5,2,16,,311607,37,0,5,1,16,,311590,37,0,5,1,56,,311598,37,0,5,1,17,,311618,37,0,5,1,18,,311602,37,0,5,2,58,,311613,37,0,5,1,16,,311617,37,0,5,1,16,,311624,37,0,5,2,22,,311608,37,0,5,1,64,,311599,37,0,5,1,23,,311619,37,0,5,1,63,,311614,37,0,5,1,23,,311625,37,0,5,2,24,,311609,37,0,5,1,65,,311593,37,0,5,1,28,,311620,37,0,5,1,68,,311586,37,0,5,1,28,,311610,37,0,5,1,68,,311594,37,0,5,1,28,,311621,37,0,5,1,68,,311587,37,0,5,1,28,,311611,37,0,5,1,26,,311626,37,0,5,1,68,,311634,37,0,5,1,27,,311588,37,0,5,1,68,,311612,37,0,5,1,27,,311627,37,0,5,1,70,,311635,37,0,5,1,30,,311585,37,0,5,1,71,,311628,37,0,5,1
10401,'H50S000S-82-S',721,,315922,23,0,5,1,6,,315923,23,0,5,2
10401,'H56S000A-80-A',639,,315926,23,0,5,1,74,,315938,23,0,5,2,19,,315924,23,0,5,1,75,,315927,23,0,5,1,35,,315939,23,0,5,2,61,,315925,23,0,5,1,37,,315928,23,0,5,1,81,,315940,23,0,5,2,28,,315950,23,0,5,1,72,,315929,23,0,5,1,81,,315941,23,0,5,2,29,,315951,23,0,5,1,77,,315930,23,0,5,1,38,,315942,23,0,5,2,69,,315952,23,0,5,1,37,,315931,23,0,5,1,78,,315943,23,0,5,2,29,,315953,23,0,5,1,77,,315932,23,0,5,1,78,,315944,23,0,5,2,31,,315954,23,0,5,1,72,,315933,23,0,5,1,39,,315945,23,0,5,2,69,,315955,23,0,5,1,31,,315934,23,0,5,1,73,,315946,23,0,5,2,29,,315956,23,0,5,1,70,,315935,23,0,5,1,73,,315947,23,0,5,2,28,,315957,23,0,5,1,29,,315936,23,0,5,1,71,,315948,23,0,5,2,29,,315958,23,0,5,1,68,,315937,23,0,5,1,28,,315949,23,0,5,2,69,,315959,23,0,5,1
10401,'H56S000I-80-I',653,,315971,23,0,5,2,70,,315960,23,0,5,1,81,,315982,23,0,5,1,36,,315972,23,0,5,2,16,,315961,23,0,5,1,80,,315983,23,0,5,1,84,,315973,23,0,5,2,38,,315962,23,0,5,1,55,,315984,23,0,5,1,43,,315974,23,0,5,2,83,,315963,23,0,5,1,80,,315985,23,0,5,1,16,,315975,23,0,5,2,85,,315964,23,0,5,1,81,,315986,23,0,5,1,42,,315976,23,0,5,2,59,,315965,23,0,5,1,41,,315987,23,0,5,1,82,,315977,23,0,5,2,80,,315966,23,0,5,1,16,,315988,23,0,5,1,37,,315978,23,0,5,2,83,,315967,23,0,5,1,73,,315989,23,0,5,1,18,,315979,23,0,5,2,77,,315968,23,0,5,1,31,,315990,23,0,5,1,72,,315980,23,0,5,2,33,,315969,23,0,5,1,72,,315991,23,0,5,1,33,,315981,23,0,5,2,72,,315970,23,0,5,1,32,,315992,23,0,5,1
10401,'H56S000S-82-S',634,,315997,23,0,5,2,66,,316008,23,0,5,1,9,,316002,23,0,5,2,24,,316000,23,0,5,2,6,,316032,23,0,5,1,7,,316018,23,0,5,1,7,,316031,23,0,5,2,6,,315999,23,0,5,1,46,,316001,23,0,5,2,24,,316023,23,0,5,1,13,,315998,23,0,5,2,68,,316009,23,0,5,1,36,,316019,23,0,5,1,76,,316024,23,0,5,1,35,,316010,23,0,5,1,75,,316020,23,0,5,1,76,,316025,23,0,5,1,36,,316011,23,0,5,1,76,,316021,23,0,5,1,39,,316026,23,0,5,1,78,,316012,23,0,5,1,80,,316022,23,0,5,1,42,,316027,23,0,5,1,77,,316028,23,0,5,2,75,,316029,23,0,5,2,41,,316003,23,0,5,1,78,,316016,23,0,5,1,79,,316030,23,0,5,2,33,,316004,23,0,5,1,75,,316017,23,0,5,1,30,,315993,23,0,5,1,71,,316013,23,0,5,2,31,,316005,23,0,5,1,70,,315994,23,0,5,1,31,,316014,23,0,5,2,69,,316006,23,0,5,1,29,,315995,23,0,5,1,69,,316015,23,0,5,2,27,,316007,23,0,5,1,66,,315996,23,0,5,1
10401,'H56S100F-80-F1',653,,316044,23,0,5,2,70,,316033,23,0,5,1,81,,316055,23,0,5,1,36,,316045,23,0,5,2,16,,316034,23,0,5,1,80,,316056,23,0,5,1,84,,316046,23,0,5,2,38,,316035,23,0,5,1,55,,316057,23,0,5,1,43,,316047,23,0,5,2,83,,316036,23,0,5,1,80,,316058,23,0,5,1,16,,316048,23,0,5,2,85,,316037,23,0,5,1,81,,316059,23,0,5,1,42,,316049,23,0,5,2,59,,316038,23,0,5,1,41,,316060,23,0,5,1,82,,316050,23,0,5,2,80,,316039,23,0,5,1,16,,316061,23,0,5,1,37,,316051,23,0,5,2,83,,316040,23,0,5,1,73,,316062,23,0,5,1,18,,316052,23,0,5,2,77,,316041,23,0,5,1,31,,316063,23,0,5,1,72,,316053,23,0,5,2,33,,316042,23,0,5,1,72,,316064,23,0,5,1,33,,316054,23,0,5,2,72,,316043,23,0,5,1,32,,316065,23,0,5,1
10401,'H56S200F-80-F2',653,,316077,23,0,5,2,70,,316066,23,0,5,1,81,,316088,23,0,5,1,36,,316078,23,0,5,2,16,,316067,23,0,5,1,80,,316089,23,0,5,1,84,,316079,23,0,5,2,38,,316068,23,0,5,1,55,,316090,23,0,5,1,43,,316080,23,0,5,2,83,,316069,23,0,5,1,80,,316091,23,0,5,1,16,,316081,23,0,5,2,85,,316070,23,0,5,1,81,,316092,23,0,5,1,42,,316082,23,0,5,2,59,,316071,23,0,5,1,41,,316093,23,0,5,1,82,,316083,23,0,5,2,80,,316072,23,0,5,1,16,,316094,23,0,5,1,37,,316084,23,0,5,2,83,,316073,23,0,5,1,73,,316095,23,0,5,1,18,,316085,23,0,5,2,77,,316074,23,0,5,1,31,,316096,23,0,5,1,72,,316086,23,0,5,2,33,,316075,23,0,5,1,72,,316097,23,0,5,1,33,,316087,23,0,5,2,72,,316076,23,0,5,1,32,,316098,23,0,5,1
