3502,'H56S000A-80-A',619,,296145,24,0,10,2,29,,296137,24,0,10,1,69,,296139,24,0,10,1,29,,296119,24,0,10,1,70,,296141,24,0,10,1,31,,296138,24,0,10,1,70,,296140,24,0,10,1,32,,296120,24,0,10,1,75,,296127,24,0,10,2,35,,296112,24,0,10,1,72,,296134,24,0,10,2,70,,296121,24,0,10,1,30,,296128,24,0,10,2,71,,296113,24,0,10,1,31,,296135,24,0,10,2,71,,296122,24,0,10,1,32,,296129,24,0,10,2,71,,296114,24,0,10,1,30,,296136,24,0,10,2,71,,296123,24,0,10,1,32,,296130,24,0,10,2,71,,296115,24,0,10,1,30,,296142,24,0,10,2,71,,296124,24,0,10,1,31,,296131,24,0,10,2,67,,296116,24,0,10,1,29,,296143,24,0,10,2,67,,296125,24,0,10,1,29,,296132,24,0,10,2,66,,296117,24,0,10,1,28,,296144,24,0,10,2,27,,296126,24,0,10,1,68,,296133,24,0,10,2,30,,296118,24,0,10,1
3502,'H56S000I-80-I',616,,296178,24,0,10,1,29,,296146,24,0,10,1,69,,296171,24,0,10,1,29,,296158,24,0,10,2,71,,296179,24,0,10,1,30,,296147,24,0,10,1,71,,296172,24,0,10,1,33,,296174,24,0,10,1,73,,296159,24,0,10,2,32,,296166,24,0,10,1,76,,296148,24,0,10,1,29,,296175,24,0,10,1,70,,296160,24,0,10,2,31,,296167,24,0,10,1,71,,296149,24,0,10,1,72,,296153,24,0,10,1,29,,296161,24,0,10,2,69,,296168,24,0,10,1,30,,296150,24,0,10,1,70,,296154,24,0,10,1,29,,296162,24,0,10,2,30,,296169,24,0,10,1,67,,296151,24,0,10,1,29,,296155,24,0,10,1,70,,296163,24,0,10,2,30,,296170,24,0,10,1,68,,296152,24,0,10,1,28,,296156,24,0,10,1,70,,296164,24,0,10,2,30,,296176,24,0,10,1,70,,296173,24,0,10,1,30,,296157,24,0,10,1,70,,296165,24,0,10,2,31,,296177,24,0,10,1
3502,'H56S000S-82-S',557,,296212,24,0,10,1,71,,296180,24,0,10,2,76,,296182,24,0,10,2,33,,296214,24,0,10,1,70,,296213,24,0,10,1,31,,296181,24,0,10,2,70,,296198,24,0,10,1,28,,296210,24,0,10,2,71,,296215,24,0,10,1,30,,296204,24,0,10,2,70,,296195,24,0,10,1,31,,296183,24,0,10,1,69,,296189,24,0,10,2,32,,296199,24,0,10,1,69,,296205,24,0,10,2,29,,296196,24,0,10,1,68,,296184,24,0,10,1,28,,296190,24,0,10,2,68,,296200,24,0,10,1,28,,296206,24,0,10,2,29,,296197,24,0,10,1,70,,296185,24,0,10,1,72,,296191,24,0,10,2,29,,296201,24,0,10,1,27,,296207,24,0,10,2,66,,296211,24,0,10,2,27,,296186,24,0,10,1,65,,296192,24,0,10,2,30,,296202,24,0,10,1,69,,296208,24,0,10,2,31,,296187,24,0,10,1,70,,296193,24,0,10,2,28,,296203,24,0,10,1,63,,296209,24,0,10,2,30,,296188,24,0,10,1,73,,296194,24,0,10,2
3502,'H56S100F-80-F1',616,,296248,24,0,10,1,29,,296216,24,0,10,1,69,,296241,24,0,10,1,29,,296228,24,0,10,2,71,,296249,24,0,10,1,30,,296217,24,0,10,1,71,,296242,24,0,10,1,33,,296244,24,0,10,1,73,,296229,24,0,10,2,32,,296236,24,0,10,1,76,,296218,24,0,10,1,29,,296245,24,0,10,1,70,,296230,24,0,10,2,31,,296237,24,0,10,1,71,,296219,24,0,10,1,72,,296223,24,0,10,1,29,,296231,24,0,10,2,69,,296238,24,0,10,1,30,,296220,24,0,10,1,70,,296224,24,0,10,1,29,,296232,24,0,10,2,30,,296239,24,0,10,1,67,,296221,24,0,10,1,29,,296225,24,0,10,1,70,,296233,24,0,10,2,30,,296240,24,0,10,1,68,,296222,24,0,10,1,28,,296226,24,0,10,1,70,,296234,24,0,10,2,30,,296246,24,0,10,1,70,,296243,24,0,10,1,30,,296227,24,0,10,1,70,,296235,24,0,10,2,31,,296247,24,0,10,1
3502,'H56S200F-80-F2',616,,296282,24,0,10,1,29,,296250,24,0,10,1,69,,296275,24,0,10,1,29,,296262,24,0,10,2,71,,296283,24,0,10,1,30,,296251,24,0,10,1,71,,296276,24,0,10,1,33,,296278,24,0,10,1,73,,296263,24,0,10,2,32,,296270,24,0,10,1,76,,296252,24,0,10,1,29,,296279,24,0,10,1,70,,296264,24,0,10,2,31,,296271,24,0,10,1,71,,296253,24,0,10,1,72,,296257,24,0,10,1,29,,296265,24,0,10,2,69,,296272,24,0,10,1,30,,296254,24,0,10,1,70,,296258,24,0,10,1,29,,296266,24,0,10,2,30,,296273,24,0,10,1,67,,296255,24,0,10,1,29,,296259,24,0,10,1,70,,296267,24,0,10,2,30,,296274,24,0,10,1,68,,296256,24,0,10,1,28,,296260,24,0,10,1,70,,296268,24,0,10,2,30,,296280,24,0,10,1,70,,296277,24,0,10,1,30,,296261,24,0,10,1,70,,296269,24,0,10,2,31,,296281,24,0,10,1
3602,'H56S000A-80-A',450,,296517,14,0,10,1,70,,296505,14,0,10,1,31,,296522,14,0,10,1,72,,296518,14,0,10,1,32,,296506,14,0,10,1,70,,296523,14,0,10,1,32,,296519,14,0,10,1,71,,296507,14,0,10,1,31,,296524,14,0,10,1,71,,296520,14,0,10,1,72,,296508,14,0,10,1,33,,296525,14,0,10,1,74,,296521,14,0,10,1,33,,296509,14,0,10,1,73,,296516,14,0,10,1,33,,296527,14,0,10,1,73,,296492,14,0,10,1,33,,296498,14,0,10,1,73,,296489,14,0,10,1,73,,296510,14,0,10,1,32,,296493,14,0,10,1,71,,296499,14,0,10,1,33,,296490,14,0,10,1,71,,296511,14,0,10,1,30,,296494,14,0,10,1,69,,296500,14,0,10,1,29,,296491,14,0,10,1,69,,296512,14,0,10,1,30,,296495,14,0,10,1,69,,296501,14,0,10,1,31,,296513,14,0,10,1,71,,296496,14,0,10,1,31,,296502,14,0,10,1,71,,296514,14,0,10,1,31,,296497,14,0,10,1,71,,296503,14,0,10,1,31,,296515,14,0,10,1,71,,296526,14,0,10,1,31,,296504,14,0,10,1
3602,'H56S000I-80-I',449,,296528,14,0,10,1,70,,296534,14,0,10,1,30,,296541,14,0,10,1,71,,296529,14,0,10,1,31,,296535,14,0,10,1,71,,296542,14,0,10,1,31,,296530,14,0,10,1,71,,296536,14,0,10,1,32,,296543,14,0,10,1,73,,296531,14,0,10,1,72,,296537,14,0,10,1,33,,296544,14,0,10,1,72,,296532,14,0,10,1,32,,296538,14,0,10,1,73,,296545,14,0,10,1,33,,296533,14,0,10,1,73,,296539,14,0,10,1,33,,296546,14,0,10,1,72,,296558,14,0,10,1,32,,296548,14,0,10,1,72,,296540,14,0,10,1,32,,296547,14,0,10,1,73,,296559,14,0,10,1,71,,296549,14,0,10,1,31,,296554,14,0,10,1,71,,296562,14,0,10,1,31,,296560,14,0,10,1,69,,296550,14,0,10,1,31,,296555,14,0,10,1,71,,296563,14,0,10,1,31,,296551,14,0,10,1,71,,296556,14,0,10,1,31,,296564,14,0,10,1,71,,296552,14,0,10,1,31,,296557,14,0,10,1,71,,296565,14,0,10,1,31,,296553,14,0,10,1,69,,296561,14,0,10,1,31,,296566,14,0,10,1
3602,'H56S000S-82-S',450,,296567,14,0,10,1,67,,296570,14,0,10,1,29,,296582,14,0,10,1,70,,296591,14,0,10,1,24,,296568,14,0,10,1,62,,296571,14,0,10,1,22,,296583,14,0,10,1,26,,296599,14,0,10,1,62,,296592,14,0,10,1,22,,296569,14,0,10,1,24,,296572,14,0,10,1,63,,296584,14,0,10,1,22,,296600,14,0,10,1,63,,296593,14,0,10,1,24,,296610,14,0,10,1,22,,296573,14,0,10,1,63,,296585,14,0,10,1,22,,296601,14,0,10,1,65,,296594,14,0,10,1,21,,296611,14,0,10,1,23,,296574,14,0,10,1,63,,296586,14,0,10,1,24,,296579,14,0,10,1,22,,296602,14,0,10,1,61,,296612,14,0,10,1,21,,296575,14,0,10,1,22,,296587,14,0,10,1,60,,296580,14,0,10,1,24,,296603,14,0,10,1,63,,296613,14,0,10,1,18,,296576,14,0,10,1,15,,296609,14,0,10,1,15,,296588,14,0,10,1,60,,296581,14,0,10,1,17,,296595,14,0,10,1,19,,296604,14,0,10,1,60,,296614,14,0,10,1,21,,296577,14,0,10,1,23,,296589,14,0,10,1,63,,296596,14,0,10,1,20,,296605,14,0,10,1,20,,296615,14,0,10,1,59,,296578,14,0,10,1,21,,296590,14,0,10,1,70,,296597,14,0,10,1,31,,296606,14,0,10,1,71,,296616,14,0,10,1,30,,296598,14,0,10,1,71,,296607,14,0,10,1,28,,296617,14,0,10,1,69,,296618,14,0,10,1,30,,296608,14,0,10,1
3602,'H56S100F-80-F1',449,,296619,14,0,10,1,70,,296625,14,0,10,1,30,,296632,14,0,10,1,71,,296620,14,0,10,1,31,,296626,14,0,10,1,71,,296633,14,0,10,1,31,,296621,14,0,10,1,71,,296627,14,0,10,1,32,,296634,14,0,10,1,73,,296622,14,0,10,1,72,,296628,14,0,10,1,33,,296635,14,0,10,1,72,,296623,14,0,10,1,32,,296629,14,0,10,1,73,,296636,14,0,10,1,33,,296624,14,0,10,1,73,,296630,14,0,10,1,33,,296637,14,0,10,1,72,,296649,14,0,10,1,32,,296639,14,0,10,1,72,,296631,14,0,10,1,32,,296638,14,0,10,1,73,,296650,14,0,10,1,71,,296640,14,0,10,1,31,,296645,14,0,10,1,71,,296653,14,0,10,1,31,,296651,14,0,10,1,69,,296641,14,0,10,1,31,,296646,14,0,10,1,71,,296654,14,0,10,1,31,,296642,14,0,10,1,71,,296647,14,0,10,1,31,,296655,14,0,10,1,71,,296643,14,0,10,1,31,,296648,14,0,10,1,71,,296656,14,0,10,1,31,,296644,14,0,10,1,69,,296652,14,0,10,1,31,,296657,14,0,10,1
3602,'H56S200F-80-F2',449,,296658,14,0,10,1,70,,296664,14,0,10,1,30,,296671,14,0,10,1,71,,296659,14,0,10,1,31,,296665,14,0,10,1,71,,296672,14,0,10,1,31,,296660,14,0,10,1,71,,296666,14,0,10,1,32,,296673,14,0,10,1,73,,296661,14,0,10,1,72,,296667,14,0,10,1,33,,296674,14,0,10,1,72,,296662,14,0,10,1,32,,296668,14,0,10,1,73,,296675,14,0,10,1,33,,296663,14,0,10,1,73,,296669,14,0,10,1,33,,296676,14,0,10,1,72,,296688,14,0,10,1,32,,296678,14,0,10,1,72,,296670,14,0,10,1,32,,296677,14,0,10,1,73,,296689,14,0,10,1,71,,296679,14,0,10,1,31,,296684,14,0,10,1,71,,296692,14,0,10,1,31,,296690,14,0,10,1,69,,296680,14,0,10,1,31,,296685,14,0,10,1,71,,296693,14,0,10,1,31,,296681,14,0,10,1,71,,296686,14,0,10,1,31,,296694,14,0,10,1,71,,296682,14,0,10,1,31,,296687,14,0,10,1,71,,296695,14,0,10,1,31,,296683,14,0,10,1,69,,296691,14,0,10,1,31,,296696,14,0,10,1
