4902,'H54S000S-80-S',1612,,300609,15,0,10,2
4902,'H57S000S-80-S',815,,300610,15,0,10,1
4902,'H58S000A-80-A',502,,300611,15,0,10,2,17,,300617,15,0,10,1,16,,300628,15,0,10,1,15,,300629,15,0,10,2,55,,300631,15,0,10,2,15,,300634,15,0,10,1,16,,300638,15,0,10,1,15,,300642,15,0,10,2,55,,300612,15,0,10,2,14,,300645,15,0,10,2,14,,300639,15,0,10,1,16,,300650,15,0,10,1,56,,300619,15,0,10,1,14,,300651,15,0,10,1,12,,300635,15,0,10,1,12,,300655,15,0,10,2,13,,300643,15,0,10,2,53,,300646,15,0,10,2,13,,300644,15,0,10,1,11,,300613,15,0,10,2,14,,300630,15,0,10,2,56,,300640,15,0,10,1,16,,300618,15,0,10,1,16,,300620,15,0,10,1,16,,300656,15,0,10,2,56,,300636,15,0,10,1,17,,300660,15,0,10,2,19,,300647,15,0,10,2,60,,300614,15,0,10,2,19,,300663,15,0,10,1,18,,300641,15,0,10,1,16,,300621,15,0,10,1,56,,300664,15,0,10,1,16,,300657,15,0,10,2,15,,300637,15,0,10,1,15,,300669,15,0,10,2,57,,300648,15,0,10,2,17,,300615,15,0,10,2,18,,300632,15,0,10,2,60,,300616,15,0,10,1,21,,300622,15,0,10,1,20,,300665,15,0,10,1,61,,300658,15,0,10,2,21,,300670,15,0,10,2,21,,300649,15,0,10,2,61,,300633,15,0,10,2,22,,300667,15,0,10,1,62,,300623,15,0,10,1,21,,300666,15,0,10,1,21,,300659,15,0,10,2,62,,300671,15,0,10,2,27,,300652,15,0,10,1,28,,300668,15,0,10,1,70,,300624,15,0,10,1,30,,300661,15,0,10,2,70,,300672,15,0,10,2,29,,300653,15,0,10,1,70,,300626,15,0,10,1,29,,300625,15,0,10,1,69,,300662,15,0,10,2,30,,300673,15,0,10,2,72,,300654,15,0,10,1,31,,300627,15,0,10,1
4902,'H58S000I-80-I',502,,300674,15,0,10,2,27,,300675,15,0,10,1,25,,300683,15,0,10,2,68,,300693,15,0,10,2,28,,300695,15,0,10,1,68,,300687,15,0,10,2,18,,300676,15,0,10,1,19,,300684,15,0,10,2,59,,300702,15,0,10,1,19,,300694,15,0,10,2,18,,300696,15,0,10,1,58,,300705,15,0,10,2,20,,300688,15,0,10,2,20,,300710,15,0,10,1,60,,300677,15,0,10,1,20,,300703,15,0,10,1,20,,300701,15,0,10,2,60,,300685,15,0,10,1,21,,300706,15,0,10,2,20,,300716,15,0,10,2,61,,300689,15,0,10,2,21,,300678,15,0,10,1,20,,300697,15,0,10,1,59,,300704,15,0,10,1,17,,300717,15,0,10,2,17,,300686,15,0,10,1,60,,300707,15,0,10,2,20,,300719,15,0,10,2,20,,300690,15,0,10,2,60,,300679,15,0,10,1,30,,300698,15,0,10,1,70,,300718,15,0,10,2,32,,300708,15,0,10,2,70,,300711,15,0,10,1,29,,300680,15,0,10,1,70,,300699,15,0,10,1,30,,300691,15,0,10,2,69,,300709,15,0,10,2,29,,300712,15,0,10,1,69,,300681,15,0,10,1,29,,300700,15,0,10,1,69,,300692,15,0,10,2,30,,300720,15,0,10,2,71,,300713,15,0,10,1,30,,300715,15,0,10,2,72,,300722,15,0,10,2,32,,300682,15,0,10,1,64,,300721,15,0,10,2,24,,300714,15,0,10,1
4902,'H58S000S-83-S',445,,300726,27,0,10,2,12,,300729,15,0,10,2,48,,300732,27,0,10,1,4,,300733,15,0,10,2,8,,300736,15,0,10,1,11,,300737,15,0,10,1,7,,300738,27,0,10,2,6,,300739,15,0,10,1,9,,300744,27,0,10,1,51,,300746,15,0,10,1,9,,300748,15,0,10,2,8,,300754,15,0,10,2,8,,300760,15,0,10,2,8,,300761,15,0,10,2,6,,300765,15,0,10,2,6,,300767,15,0,10,1,7,,300727,15,0,10,2,6,,300768,15,0,10,1,46,,300771,15,0,10,1,6,,300730,15,0,10,2,7,,300772,15,0,10,1,9,,300773,15,0,10,2,10,,300776,15,0,10,2,10,,300778,15,0,10,2,9,,300779,15,0,10,2,49,,300740,15,0,10,1,21,,300747,15,0,10,1,12,,300749,15,0,10,2,12,,300755,15,0,10,2,52,,300785,15,0,10,1,12,,300762,15,0,10,2,12,,300728,15,0,10,2,11,,300743,15,0,10,2,12,,300731,15,0,10,2,54,,300774,15,0,10,1,17,,300777,15,0,10,2,16,,300723,15,0,10,1,18,,300741,15,0,10,1,57,,300750,15,0,10,2,19,,300763,15,0,10,2,19,,300752,15,0,10,1,56,,300769,15,0,10,1,15,,300756,15,0,10,2,14,,300775,15,0,10,1,13,,300758,15,0,10,1,53,,300724,15,0,10,1,13,,300786,15,0,10,2,14,,300742,15,0,10,1,17,,300751,15,0,10,2,56,,300734,15,0,10,1,16,,300764,15,0,10,2,17,,300753,15,0,10,1,16,,300770,15,0,10,1,55,,300757,15,0,10,2,16,,300759,15,0,10,1,16,,300725,15,0,10,1,15,,300787,15,0,10,2,86,,300735,15,0,10,1,19,,300781,21,0,10,2,62,,300799,15,0,10,1,24,,300789,21,0,10,2,63,,300797,15,0,10,2,25,,300783,15,0,10,1,25,,300792,21,0,10,2,61,,300780,15,0,10,1,21,,300801,15,0,10,2,22,,300790,15,0,10,2,70,,300798,15,0,10,2,71,,300784,15,0,10,1,31,,300793,15,0,10,2,69,,300745,15,0,10,1,31,,300766,15,0,10,2,71,,300796,15,0,10,2,31,,300791,15,0,10,1,26,,300794,15,0,10,2,65,,300795,15,0,10,2
4902,'H58S100F-80-F1',502,,300805,15,0,10,2,17,,300817,15,0,10,1,16,,300824,15,0,10,1,15,,300830,15,0,10,2,55,,300832,15,0,10,1,15,,300833,15,0,10,1,16,,300837,15,0,10,2,15,,300840,15,0,10,2,55,,300806,15,0,10,2,14,,300802,15,0,10,1,14,,300821,15,0,10,1,16,,300825,15,0,10,2,56,,300810,15,0,10,2,14,,300843,15,0,10,2,12,,300826,15,0,10,2,12,,300844,15,0,10,1,13,,300841,15,0,10,2,53,,300845,15,0,10,2,13,,300823,15,0,10,1,11,,300807,15,0,10,2,14,,300849,15,0,10,1,56,,300822,15,0,10,1,16,,300831,15,0,10,1,16,,300811,15,0,10,2,16,,300827,15,0,10,2,56,,300818,15,0,10,1,17,,300842,15,0,10,1,19,,300846,15,0,10,2,60,,300808,15,0,10,2,19,,300851,15,0,10,2,18,,300850,15,0,10,1,16,,300812,15,0,10,2,56,,300834,15,0,10,1,16,,300828,15,0,10,2,15,,300803,15,0,10,1,15,,300859,15,0,10,2,57,,300847,15,0,10,2,17,,300809,15,0,10,2,18,,300860,15,0,10,1,60,,300852,15,0,10,2,21,,300813,15,0,10,2,20,,300835,15,0,10,1,61,,300829,15,0,10,2,21,,300804,15,0,10,1,21,,300848,15,0,10,2,61,,300861,15,0,10,1,22,,300853,15,0,10,2,62,,300814,15,0,10,2,21,,300836,15,0,10,1,21,,300862,15,0,10,2,62,,300856,15,0,10,1,27,,300819,15,0,10,1,28,,300854,15,0,10,2,70,,300815,15,0,10,2,30,,300838,15,0,10,2,70,,300857,15,0,10,1,29,,300820,15,0,10,1,70,,300855,15,0,10,2,28,,300816,15,0,10,2,70,,300839,15,0,10,2,30,,300858,15,0,10,1,68,,300863,15,0,10,2
4902,'H58S200F-80-F2',502,,300871,15,0,10,2,17,,300882,15,0,10,1,16,,300864,15,0,10,1,15,,300918,15,0,10,2,55,,300919,15,0,10,1,15,,300910,15,0,10,1,16,,300924,15,0,10,2,15,,300876,15,0,10,2,55,,300872,15,0,10,2,14,,300894,15,0,10,1,14,,300904,15,0,10,1,16,,300866,15,0,10,2,56,,300897,15,0,10,2,14,,300886,15,0,10,2,12,,300906,15,0,10,2,12,,300917,15,0,10,1,13,,300877,15,0,10,2,53,,300878,15,0,10,2,13,,300867,15,0,10,1,11,,300873,15,0,10,2,14,,300920,15,0,10,1,56,,300905,15,0,10,1,16,,300868,15,0,10,1,16,,300898,15,0,10,2,16,,300907,15,0,10,2,56,,300883,15,0,10,1,17,,300865,15,0,10,1,19,,300879,15,0,10,2,60,,300874,15,0,10,2,19,,300887,15,0,10,2,18,,300921,15,0,10,1,16,,300899,15,0,10,2,56,,300911,15,0,10,1,16,,300908,15,0,10,2,15,,300895,15,0,10,1,15,,300925,15,0,10,2,57,,300880,15,0,10,2,17,,300875,15,0,10,2,18,,300892,15,0,10,1,60,,300888,15,0,10,2,21,,300900,15,0,10,2,20,,300912,15,0,10,1,61,,300909,15,0,10,2,21,,300896,15,0,10,1,21,,300881,15,0,10,2,61,,300893,15,0,10,1,22,,300889,15,0,10,2,62,,300901,15,0,10,2,21,,300913,15,0,10,1,21,,300922,15,0,10,2,62,,300914,15,0,10,1,27,,300884,15,0,10,1,28,,300890,15,0,10,2,70,,300902,15,0,10,2,30,,300869,15,0,10,2,70,,300915,15,0,10,1,29,,300885,15,0,10,1,70,,300891,15,0,10,2,28,,300903,15,0,10,2,70,,300870,15,0,10,2,30,,300916,15,0,10,1,68,,300923,15,0,10,2
35302,'H54S000A-80-A',2502,,346060,6,0,10,1,45,,346058,6,0,10,1,85,,346059,6,0,10,1,85,,346057,6,0,10,2,85,,346061,6,0,10,1
35302,'H54S000I-80-I',2503,,346064,6,0,10,1,45,,346066,6,0,10,1,85,,346062,6,0,10,2,85,,346063,6,0,10,1,85,,346065,6,0,10,1
35302,'H54S000S-80-S',2502,,346069,6,0,10,1,45,,346070,6,0,10,1,85,,346067,6,0,10,1,85,,346071,6,0,10,2,85,,346068,6,0,10,1
35302,'H54S100F-80-F1',2503,,346074,6,0,10,1,45,,346076,6,0,10,1,85,,346072,6,0,10,2,85,,346073,6,0,10,1,85,,346075,6,0,10,1
35302,'H54S200F-80-F2',2503,,346079,6,0,10,1,45,,346081,6,0,10,1,85,,346077,6,0,10,2,85,,346078,6,0,10,1,85,,346080,6,0,10,1
44802,'H54S000S-80-S',546,,349174,8,0,99 47,1,58,,349156,8,0,99 47,1,18,,349160,8,0,99 47,2,16,,349173,8,0,99 47,2,14,,349175,8,0,99 47,1,52,,349157,8,0,99 47,1,13,,349163,8,0,99 47,1,14,,349167,8,0,99 47,2,19,,349161,8,0,99 47,2,60,,349168,8,0,99 47,2,20,,349159,8,0,99 47,2,21,,349164,8,0,99 47,1,62,,349162,8,0,99 47,2,22,,349177,8,0,99 47,2
