5504,'H58S000A-80-A',513,,303040,14,0,9,1,31,,303045,14,0,9,1,73,,303030,14,0,9,1,31,,303057,14,0,9,1,71,,303047,14,0,9,2,29,,303053,14,0,9,1,67,,303031,14,0,9,1,29,,303058,14,0,9,1,71,,303048,14,0,9,2,30,,303054,14,0,9,1,71,,303032,14,0,9,1,19,,303063,14,0,9,1,20,,303059,14,0,9,1,60,,303066,14,0,9,1,20,,303036,14,0,9,1,19,,303055,14,0,9,1,51,,303049,14,0,9,1,12,,303071,14,0,9,1,14,,303033,14,0,9,1,13,,303073,14,0,9,1,11,,303064,14,0,9,1,50,,303042,14,0,9,1,11,,303060,14,0,9,1,10,,303074,14,0,9,2,10,,303077,14,0,9,1,11,,303067,14,0,9,1,10,,303037,14,0,9,1,50,,303081,14,0,9,2,10,,303056,14,0,9,1,10,,303050,14,0,9,1,9,,303083,14,0,9,2,10,,303072,14,0,9,1,10,,303087,14,0,9,1,50,,303034,14,0,9,1,10,,303065,14,0,9,1,10,,303092,14,0,9,2,10,,303043,14,0,9,1,9,,303061,14,0,9,1,11,,303075,14,0,9,2,50,,303078,14,0,9,1,10,,303068,14,0,9,1,10,,303038,14,0,9,1,10,,303082,14,0,9,2,11,,303051,14,0,9,1,55,,303084,14,0,9,2,14,,303088,14,0,9,1,15,,303035,14,0,9,1,16,,303041,14,0,9,1,55,,303062,14,0,9,1,14,,303076,14,0,9,2,15,,303079,14,0,9,1,11,,303039,14,0,9,1,15,,303093,14,0,9,1,55,,303052,14,0,9,1,15,,303085,14,0,9,1,16,,303046,14,0,9,1,69,,303069,14,0,9,1,30,,303080,14,0,9,1,70,,303089,14,0,9,1,28,,303086,14,0,9,1,67,,303029,14,0,9,1,27,,303094,14,0,9,1,67,,303090,14,0,9,1,29,,303028,14,0,9,2,71,,303044,14,0,9,1,31,,303070,14,0,9,2,69,,303091,14,0,9,1
5504,'H58S000I-80-I',513,,303097,14,0,9,1,27,,303115,14,0,9,2,70,,303116,14,0,9,1,30,,303104,14,0,9,1,70,,303098,14,0,9,1,34,,303110,14,0,9,1,71,,303117,14,0,9,1,31,,303105,14,0,9,1,71,,303099,14,0,9,1,31,,303111,14,0,9,1,67,,303118,14,0,9,1,30,,303106,14,0,9,1,70,,303125,14,0,9,1,15,,303095,14,0,9,2,15,,303100,14,0,9,1,55,,303112,14,0,9,1,15,,303129,14,0,9,2,15,,303119,14,0,9,1,15,,303120,14,0,9,1,55,,303107,14,0,9,1,15,,303131,14,0,9,1,12,,303128,14,0,9,1,12,,303126,14,0,9,1,11,,303096,14,0,9,2,51,,303101,14,0,9,1,14,,303113,14,0,9,1,15,,303133,14,0,9,1,15,,303130,14,0,9,2,14,,303134,14,0,9,1,55,,303108,14,0,9,1,15,,303139,14,0,9,1,16,,303132,14,0,9,1,55,,303127,14,0,9,1,15,,303102,14,0,9,1,20,,303114,14,0,9,1,21,,303121,14,0,9,1,61,,303135,14,0,9,1,23,,303109,14,0,9,1,67,,303143,14,0,9,1,28,,303103,14,0,9,1,70,,303122,14,0,9,1,27,,303136,14,0,9,1,70,,303140,14,0,9,2,30,,303144,14,0,9,1,71,,303123,14,0,9,1,30,,303137,14,0,9,1,71,,303141,14,0,9,2,31,,303145,14,0,9,1,71,,303124,14,0,9,1,33,,303138,14,0,9,1,68,,303142,14,0,9,2,27,,303146,14,0,9,1
5504,'H58S000S-83-S',516,,303151,14,0,9,1,104,,303174,14,0,9,1,32,,303165,14,0,9,2,53,,303152,14,0,9,1,12,,303147,14,0,9,1,13,,303172,14,0,9,1,12,,303173,14,0,9,2,10,,303167,14,0,9,1,52,,303177,14,0,9,1,12,,303171,14,0,9,2,11,,303181,14,0,9,1,11,,303175,14,0,9,1,11,,303157,14,0,9,1,52,,303176,14,0,9,2,11,,303185,14,0,9,1,10,,303166,14,0,9,2,9,,303153,14,0,9,1,12,,303148,14,0,9,1,61,,303168,14,0,9,1,22,,303178,14,0,9,1,19,,303182,14,0,9,1,60,,303158,14,0,9,1,20,,303186,14,0,9,1,21,,303154,14,0,9,1,60,,303149,14,0,9,1,23,,303169,14,0,9,1,22,,303179,14,0,9,1,62,,303183,14,0,9,1,21,,303159,14,0,9,1,21,,303188,14,0,9,1,61,,303155,14,0,9,1,20,,303150,14,0,9,1,19,,303170,14,0,9,1,63,,303180,14,0,9,1,19,,303191,14,0,9,1,16,,303184,14,0,9,1,55,,303160,14,0,9,1,15,,303189,14,0,9,1,15,,303192,14,0,9,1,16,,303156,14,0,9,1,65,,303190,14,0,9,1,27,,303163,14,0,9,1,67,,303198,14,0,9,1,24,,303161,14,0,9,1,68,,303193,14,0,9,1,26,,303202,14,0,9,2,69,,303164,14,0,9,1,29,,303199,14,0,9,1,29,,303162,14,0,9,1,70,,303194,14,0,9,1,31,,303196,14,0,9,1,70,,303200,14,0,9,1,72,,303187,14,0,9,1,32,,303195,14,0,9,1,70,,303197,14,0,9,1,30,,303201,14,0,9,1
5504,'H58S100F-80-F1',513,,303212,14,0,9,1,27,,303222,14,0,9,1,70,,303203,14,0,9,1,30,,303214,14,0,9,1,70,,303225,14,0,9,1,34,,303223,14,0,9,1,71,,303204,14,0,9,1,31,,303215,14,0,9,1,71,,303226,14,0,9,1,31,,303233,14,0,9,1,67,,303205,14,0,9,1,30,,303216,14,0,9,1,70,,303224,14,0,9,1,15,,303210,14,0,9,1,15,,303227,14,0,9,1,55,,303234,14,0,9,1,15,,303213,14,0,9,1,15,,303206,14,0,9,1,15,,303237,14,0,9,2,55,,303217,14,0,9,1,15,,303238,14,0,9,1,12,,303231,14,0,9,1,12,,303208,14,0,9,1,11,,303211,14,0,9,1,51,,303228,14,0,9,1,14,,303235,14,0,9,1,15,,303239,14,0,9,1,15,,303207,14,0,9,1,14,,303240,14,0,9,1,55,,303218,14,0,9,1,15,,303245,14,0,9,1,16,,303232,14,0,9,1,55,,303209,14,0,9,1,15,,303229,14,0,9,1,20,,303236,14,0,9,1,21,,303246,14,0,9,1,61,,303241,14,0,9,1,23,,303250,14,0,9,2,67,,303251,14,0,9,1,28,,303230,14,0,9,1,70,,303247,14,0,9,1,27,,303242,14,0,9,1,70,,303219,14,0,9,1,30,,303252,14,0,9,1,71,,303248,14,0,9,1,30,,303243,14,0,9,1,71,,303220,14,0,9,1,31,,303253,14,0,9,1,71,,303249,14,0,9,1,33,,303244,14,0,9,1,68,,303221,14,0,9,1,27,,303254,14,0,9,1
5504,'H58S200F-80-F2',513,,303305,14,0,9,1,27,,303290,14,0,9,1,70,,303280,14,0,9,1,30,,303285,14,0,9,1,70,,303293,14,0,9,1,34,,303291,14,0,9,1,71,,303281,14,0,9,1,31,,303286,14,0,9,1,71,,303294,14,0,9,1,31,,303299,14,0,9,1,67,,303282,14,0,9,1,30,,303287,14,0,9,1,70,,303292,14,0,9,1,15,,303264,14,0,9,1,15,,303295,14,0,9,1,55,,303300,14,0,9,1,15,,303306,14,0,9,1,15,,303283,14,0,9,1,15,,303255,14,0,9,2,55,,303288,14,0,9,1,15,,303256,14,0,9,1,12,,303260,14,0,9,1,12,,303262,14,0,9,1,11,,303265,14,0,9,1,51,,303296,14,0,9,1,14,,303301,14,0,9,1,15,,303303,14,0,9,1,15,,303284,14,0,9,1,14,,303267,14,0,9,1,55,,303289,14,0,9,1,15,,303266,14,0,9,1,16,,303261,14,0,9,1,55,,303263,14,0,9,1,15,,303297,14,0,9,1,20,,303302,14,0,9,1,21,,303272,14,0,9,1,61,,303268,14,0,9,1,23,,303304,14,0,9,2,67,,303276,14,0,9,1,28,,303298,14,0,9,1,70,,303273,14,0,9,1,27,,303269,14,0,9,1,70,,303257,14,0,9,1,30,,303277,14,0,9,1,71,,303274,14,0,9,1,30,,303270,14,0,9,1,71,,303258,14,0,9,1,31,,303278,14,0,9,1,71,,303275,14,0,9,1,33,,303271,14,0,9,1,68,,303259,14,0,9,1,27,,303279,14,0,9,1
5504,'H60S000S-83-S',548,,303307,14,0,9,1
36304,'H51S000A-80-A',2558,,346756,14,0,9,1,84,,346755,14,0,9,1,83,,346758,14,0,9,2,84,,346757,14,0,9,1,45,,346759,14,0,9,2
36304,'H51S000I-80-I',2507,,346763,14,0,9,2,50,,346760,14,0,9,1,85,,346764,14,0,9,2,86,,346761,14,0,9,1,79,,346765,14,0,9,2,45,,346762,14,0,9,1
36304,'H51S000S-81-S',2515,,346769,14,0,9,2,85,,346766,14,0,9,1,46,,346770,14,0,9,2,83,,346768,14,0,9,1,84,,346771,14,0,9,2,40,,346767,14,0,9,1
36304,'H51S100F-80-F1',2507,,346775,14,0,9,2,50,,346774,14,0,9,1,85,,346776,14,0,9,2,86,,346772,14,0,9,1,79,,346777,14,0,9,2,45,,346773,14,0,9,1
36304,'H51S200F-80-F2',2507,,346781,14,0,9,2,50,,346780,14,0,9,1,85,,346782,14,0,9,2,86,,346778,14,0,9,1,79,,346783,14,0,9,2,45,,346779,14,0,9,1
