9202,'H50S000S-82-S',1638,,312102,12,0,10,1,196,,312103,12,0,10,1
9202,'H51S000A-80-A',552,,312117,12,0,10,1,73,,312104,12,0,10,1,33,,312129,12,0,10,1,73,,312118,12,0,10,1,72,,312105,12,0,10,1,32,,312130,12,0,10,1,71,,312119,12,0,10,1,30,,312106,12,0,10,1,71,,312131,12,0,10,1,32,,312120,12,0,10,1,71,,312107,12,0,10,1,32,,312132,12,0,10,1,72,,312121,12,0,10,1,33,,312108,12,0,10,1,74,,312133,12,0,10,1,35,,312122,12,0,10,1,74,,312109,12,0,10,1,72,,312142,12,0,10,2,29,,312134,12,0,10,1,73,,312123,12,0,10,1,33,,312110,12,0,10,1,74,,312135,12,0,10,1,32,,312124,12,0,10,1,73,,312111,12,0,10,1,31,,312136,12,0,10,1,72,,312125,12,0,10,1,32,,312112,12,0,10,1,71,,312137,12,0,10,1,30,,312126,12,0,10,1,70,,312113,12,0,10,1,30,,312138,12,0,10,1,70,,312127,12,0,10,1,30,,312114,12,0,10,1,70,,312139,12,0,10,1,30,,312128,12,0,10,1,70,,312115,12,0,10,1,30,,312140,12,0,10,1,73,,312116,12,0,10,1,33,,312141,12,0,10,1
9202,'H51S000I-80-I',518,,312143,12,0,10,1,33,,312147,12,0,10,2,73,,312163,12,0,10,2,32,,312158,12,0,10,1,70,,312148,12,0,10,2,30,,312164,12,0,10,2,72,,312159,12,0,10,1,30,,312149,12,0,10,2,70,,312165,12,0,10,2,30,,312160,12,0,10,1,71,,312150,12,0,10,2,72,,312166,12,0,10,2,32,,312161,12,0,10,1,73,,312151,12,0,10,2,33,,312167,12,0,10,2,73,,312162,12,0,10,1,33,,312152,12,0,10,2,74,,312168,12,0,10,2,33,,312175,12,0,10,1,73,,312153,12,0,10,2,34,,312169,12,0,10,2,73,,312176,12,0,10,1,72,,312154,12,0,10,2,32,,312170,12,0,10,2,72,,312177,12,0,10,1,31,,312155,12,0,10,2,72,,312171,12,0,10,2,32,,312178,12,0,10,1,71,,312156,12,0,10,2,31,,312172,12,0,10,2,72,,312179,12,0,10,1,32,,312157,12,0,10,2,72,,312173,12,0,10,2,31,,312180,12,0,10,1,72,,312144,12,0,10,1,31,,312174,12,0,10,2,72,,312181,12,0,10,1,31,,312145,12,0,10,1,70,,312182,12,0,10,1,30,,312146,12,0,10,1
9202,'H51S000S-81-S',513,,312183,12,0,10,1,25,,312190,12,0,10,2,18,,312196,12,0,10,1,59,,312207,12,0,10,1,17,,312184,12,0,10,1,15,,312209,12,0,10,2,55,,312191,12,0,10,2,15,,312215,12,0,10,1,15,,312197,12,0,10,1,16,,312223,12,0,10,2,55,,312208,12,0,10,1,15,,312185,12,0,10,1,16,,312192,12,0,10,2,16,,312210,12,0,10,2,60,,312216,12,0,10,1,28,,312198,12,0,10,1,68,,312186,12,0,10,1,28,,312211,12,0,10,2,68,,312217,12,0,10,1,28,,312199,12,0,10,1,28,,312187,12,0,10,1,70,,312212,12,0,10,2,28,,312218,12,0,10,1,68,,312200,12,0,10,1,28,,312188,12,0,10,1,68,,312213,12,0,10,2,27,,312219,12,0,10,1,64,,312232,12,0,10,2,16,,312201,12,0,10,1,16,,312225,12,0,10,1,16,,312189,12,0,10,1,56,,312214,12,0,10,2,85,,312220,12,0,10,1,23,,312233,12,0,10,2,23,,312226,12,0,10,1,64,,312202,12,0,10,1,90,,312193,12,0,10,2,30,,312227,12,0,10,1,29,,312203,12,0,10,1,68,,312194,12,0,10,2,30,,312228,12,0,10,1,70,,312204,12,0,10,1,30,,312195,12,0,10,2,70,,312229,12,0,10,1,30,,312205,12,0,10,1,70,,312221,12,0,10,1,29,,312230,12,0,10,1,69,,312206,12,0,10,1,30,,312222,12,0,10,1,70,,312231,12,0,10,1,32,,312224,12,0,10,1
9202,'H51S100F-80-F1',518,,312234,12,0,10,1,33,,312235,12,0,10,2,73,,312246,12,0,10,2,32,,312258,12,0,10,1,70,,312236,12,0,10,2,30,,312247,12,0,10,2,72,,312259,12,0,10,1,30,,312237,12,0,10,2,70,,312248,12,0,10,2,30,,312260,12,0,10,1,71,,312238,12,0,10,2,72,,312249,12,0,10,2,32,,312261,12,0,10,1,73,,312239,12,0,10,2,33,,312250,12,0,10,2,73,,312262,12,0,10,1,33,,312240,12,0,10,2,74,,312251,12,0,10,2,33,,312263,12,0,10,1,73,,312241,12,0,10,2,34,,312252,12,0,10,2,73,,312264,12,0,10,1,72,,312242,12,0,10,2,32,,312253,12,0,10,2,72,,312265,12,0,10,1,31,,312243,12,0,10,2,72,,312254,12,0,10,2,32,,312266,12,0,10,1,71,,312244,12,0,10,2,31,,312255,12,0,10,2,72,,312267,12,0,10,1,32,,312245,12,0,10,2,72,,312256,12,0,10,2,31,,312268,12,0,10,1,72,,312271,12,0,10,1,31,,312257,12,0,10,2,72,,312269,12,0,10,1,31,,312272,12,0,10,1,70,,312270,12,0,10,1,30,,312273,12,0,10,1
9202,'H51S200F-80-F2',518,,312274,12,0,10,1,33,,312275,12,0,10,2,73,,312286,12,0,10,2,32,,312298,12,0,10,1,70,,312276,12,0,10,2,30,,312287,12,0,10,2,72,,312299,12,0,10,1,30,,312277,12,0,10,2,70,,312288,12,0,10,2,30,,312300,12,0,10,1,71,,312278,12,0,10,2,72,,312289,12,0,10,2,32,,312301,12,0,10,1,73,,312279,12,0,10,2,33,,312290,12,0,10,2,73,,312302,12,0,10,1,33,,312280,12,0,10,2,74,,312291,12,0,10,2,33,,312303,12,0,10,1,73,,312281,12,0,10,2,34,,312292,12,0,10,2,73,,312304,12,0,10,1,72,,312282,12,0,10,2,32,,312293,12,0,10,2,72,,312305,12,0,10,1,31,,312283,12,0,10,2,72,,312294,12,0,10,2,32,,312306,12,0,10,1,71,,312284,12,0,10,2,31,,312295,12,0,10,2,72,,312307,12,0,10,1,32,,312285,12,0,10,2,72,,312296,12,0,10,2,31,,312308,12,0,10,1,72,,312311,12,0,10,1,31,,312297,12,0,10,2,72,,312309,12,0,10,1,31,,312312,12,0,10,1,70,,312310,12,0,10,1,30,,312313,12,0,10,1
37202,'H54S000A-80-A',2631,,347183,86,0,10,1,90,,347182,86,0,10,1,84,,347184,86,0,10,1,44,,347185,86,0,10,1,90,,347181,86,0,10,2
37202,'H54S000I-80-I',2633,,347189,86,0,10,1,86,,347188,86,0,10,2,87,,347187,86,0,10,1,50,,347186,86,0,10,1,90,,347190,86,0,10,1
37202,'H54S000S-80-S',2611,,347194,86,0,10,2,39,,347193,86,0,10,2,78,,347191,86,0,10,1,84,,347196,86,0,10,2,46,,347192,86,0,10,1,89,,347195,86,0,10,2
37202,'H54S100F-80-F1',2633,,347200,86,0,10,1,86,,347199,86,0,10,2,87,,347198,86,0,10,1,50,,347197,86,0,10,1,90,,347201,86,0,10,1
37202,'H54S200F-80-F2',2633,,347205,86,0,10,1,86,,347204,86,0,10,2,87,,347203,86,0,10,1,50,,347202,86,0,10,1,90,,347206,86,0,10,1
