3402,'H59S000A-80-A',536,,295729,21,0,10,1,69,,295751,21,0,10,2,32,,295730,21,0,10,1,68,,295752,21,0,10,2,26,,295731,21,0,10,1,27,,295753,21,0,10,2,66,,295732,21,0,10,1,28,,295754,21,0,10,2,67,,295733,21,0,10,1,31,,295755,21,0,10,2,69,,295734,21,0,10,1,31,,295756,21,0,10,2,69,,295735,21,0,10,1,31,,295757,21,0,10,2,71,,295736,21,0,10,1,32,,295758,21,0,10,2,71,,295737,21,0,10,1,32,,295759,21,0,10,2,71,,295738,21,0,10,1,73,,295760,21,0,10,2,31,,295739,21,0,10,1,73,,295761,21,0,10,2,32,,295740,21,0,10,1,72,,295762,21,0,10,2,32,,295741,21,0,10,1,71,,295763,21,0,10,2,31,,295742,21,0,10,1,70,,295764,21,0,10,2,28,,295743,21,0,10,1,68,,295765,21,0,10,2,27,,295744,21,0,10,1,67,,295766,21,0,10,2,26,,295745,21,0,10,1,25,,295767,21,0,10,2,66,,295746,21,0,10,1,25,,295768,21,0,10,2,66,,295747,21,0,10,1,25,,295769,21,0,10,2,65,,295748,21,0,10,1,25,,295770,21,0,10,2,25,,295749,21,0,10,1,63,,295771,21,0,10,2,22,,295750,21,0,10,1
3402,'H59S000I-81-I',535,,295772,21,0,10,2,69,,295792,21,0,10,1,31,,295773,21,0,10,2,70,,295793,21,0,10,1,30,,295774,21,0,10,2,70,,295794,21,0,10,1,30,,295775,21,0,10,2,70,,295795,21,0,10,1,31,,295776,21,0,10,2,69,,295796,21,0,10,1,29,,295777,21,0,10,2,68,,295797,21,0,10,1,31,,295778,21,0,10,2,68,,295798,21,0,10,1,31,,295779,21,0,10,2,70,,295799,21,0,10,1,32,,295780,21,0,10,2,70,,295800,21,0,10,1,32,,295781,21,0,10,2,71,,295801,21,0,10,1,31,,295782,21,0,10,2,71,,295802,21,0,10,1,31,,295783,21,0,10,2,71,,295803,21,0,10,1,29,,295784,21,0,10,2,70,,295804,21,0,10,1,30,,295785,21,0,10,2,71,,295805,21,0,10,1,29,,295786,21,0,10,2,68,,295806,21,0,10,1,28,,295787,21,0,10,2,70,,295807,21,0,10,1,30,,295788,21,0,10,2,69,,295808,21,0,10,1,30,,295789,21,0,10,2,70,,295809,21,0,10,1,30,,295790,21,0,10,2,68,,295810,21,0,10,1,30,,295791,21,0,10,2,70,,295811,21,0,10,1,31,,295812,21,0,10,1
3402,'H59S000S-80-S',539,,295821,21,0,10,1,73,,295840,21,0,10,2,34,,295822,21,0,10,1,65,,295841,21,0,10,2,28,,295832,21,0,10,2,19,,295823,21,0,10,1,61,,295842,21,0,10,2,23,,295833,21,0,10,2,63,,295824,21,0,10,1,22,,295843,21,0,10,2,25,,295834,21,0,10,2,70,,295825,21,0,10,1,32,,295835,21,0,10,2,70,,295826,21,0,10,1,32,,295836,21,0,10,2,70,,295827,21,0,10,1,30,,295837,21,0,10,2,72,,295828,21,0,10,1,31,,295838,21,0,10,2,72,,295829,21,0,10,1,71,,295854,21,0,10,1,28,,295844,21,0,10,2,26,,295830,21,0,10,1,66,,295855,21,0,10,1,26,,295845,21,0,10,2,63,,295831,21,0,10,1,28,,295839,21,0,10,2,68,,295846,21,0,10,2,29,,295820,21,0,10,2,69,,295813,21,0,10,1,29,,295847,21,0,10,2,72,,295814,21,0,10,1,30,,295848,21,0,10,2,69,,295815,21,0,10,1,30,,295849,21,0,10,2,70,,295816,21,0,10,1,29,,295850,21,0,10,2,70,,295817,21,0,10,1,30,,295851,21,0,10,2,68,,295818,21,0,10,1,28,,295852,21,0,10,2,29,,295819,21,0,10,1,72,,295853,21,0,10,2
3402,'H59S100F-80-F1',535,,295856,21,0,10,2,69,,295876,21,0,10,1,31,,295857,21,0,10,2,70,,295877,21,0,10,1,30,,295858,21,0,10,2,70,,295878,21,0,10,1,30,,295859,21,0,10,2,70,,295879,21,0,10,1,31,,295860,21,0,10,2,69,,295880,21,0,10,1,29,,295861,21,0,10,2,68,,295881,21,0,10,1,31,,295862,21,0,10,2,68,,295882,21,0,10,1,31,,295863,21,0,10,2,70,,295883,21,0,10,1,32,,295864,21,0,10,2,70,,295884,21,0,10,1,32,,295865,21,0,10,2,71,,295885,21,0,10,1,31,,295866,21,0,10,2,71,,295886,21,0,10,1,31,,295867,21,0,10,2,71,,295887,21,0,10,1,29,,295868,21,0,10,2,70,,295888,21,0,10,1,30,,295869,21,0,10,2,71,,295889,21,0,10,1,29,,295870,21,0,10,2,68,,295890,21,0,10,1,28,,295871,21,0,10,2,70,,295891,21,0,10,1,30,,295872,21,0,10,2,69,,295892,21,0,10,1,30,,295873,21,0,10,2,70,,295893,21,0,10,1,30,,295874,21,0,10,2,68,,295894,21,0,10,1,30,,295875,21,0,10,2,70,,295895,21,0,10,1,31,,295896,21,0,10,1
3402,'H59S200F-80-F2',535,,295897,21,0,10,2,69,,295917,21,0,10,1,31,,295898,21,0,10,2,70,,295918,21,0,10,1,30,,295899,21,0,10,2,70,,295919,21,0,10,1,30,,295900,21,0,10,2,70,,295920,21,0,10,1,31,,295901,21,0,10,2,69,,295921,21,0,10,1,29,,295902,21,0,10,2,68,,295922,21,0,10,1,31,,295903,21,0,10,2,68,,295923,21,0,10,1,31,,295904,21,0,10,2,70,,295924,21,0,10,1,32,,295905,21,0,10,2,70,,295925,21,0,10,1,32,,295906,21,0,10,2,71,,295926,21,0,10,1,31,,295907,21,0,10,2,71,,295927,21,0,10,1,31,,295908,21,0,10,2,71,,295928,21,0,10,1,29,,295909,21,0,10,2,70,,295929,21,0,10,1,30,,295910,21,0,10,2,71,,295930,21,0,10,1,29,,295911,21,0,10,2,68,,295931,21,0,10,1,28,,295912,21,0,10,2,70,,295932,21,0,10,1,30,,295913,21,0,10,2,69,,295933,21,0,10,1,30,,295914,21,0,10,2,70,,295934,21,0,10,1,30,,295915,21,0,10,2,68,,295935,21,0,10,1,30,,295916,21,0,10,2,70,,295936,21,0,10,1,31,,295937,21,0,10,1
35302,'H54S000A-80-A',2552,,346060,84,0,10,1,85,,346058,84,0,10,1,85,,346059,84,0,10,1,87,,346057,84,0,10,2,45,,346061,84,0,10,1
35302,'H54S000I-80-I',2553,,346064,84,0,10,1,85,,346066,84,0,10,1,86,,346062,84,0,10,2,85,,346063,84,0,10,1,45,,346065,84,0,10,1
35302,'H54S000S-80-S',2553,,346069,84,0,10,1,85,,346070,84,0,10,1,85,,346067,84,0,10,1,86,,346071,84,0,10,2,45,,346068,84,0,10,1
35302,'H54S100F-80-F1',2553,,346074,84,0,10,1,85,,346076,84,0,10,1,86,,346072,84,0,10,2,85,,346073,84,0,10,1,45,,346075,84,0,10,1
35302,'H54S200F-80-F2',2553,,346079,84,0,10,1,85,,346081,84,0,10,1,86,,346077,84,0,10,2,85,,346078,84,0,10,1,45,,346080,84,0,10,1
