6901,'H50S000A-82-A',519,,307263,7,0,5,1,32,,307266,7,0,5,2,72,,307203,7,0,5,2,29,,307204,7,0,5,1,69,,307264,7,0,5,1,29,,307210,7,0,5,2,68,,307260,7,0,5,2,26,,307217,7,0,5,2,63,,307205,7,0,5,1,20,,307224,7,0,5,1,19,,307227,7,0,5,1,60,,307211,7,0,5,2,21,,307261,7,0,5,2,21,,307229,7,0,5,1,60,,307218,7,0,5,2,20,,307206,7,0,5,1,20,,307225,7,0,5,1,60,,307228,7,0,5,1,19,,307212,7,0,5,2,14,,307262,7,0,5,2,14,,307238,7,0,5,1,52,,307230,7,0,5,1,12,,307241,7,0,5,1,12,,307219,7,0,5,2,12,,307207,7,0,5,1,12,,307244,7,0,5,1,52,,307226,7,0,5,1,14,,307232,7,0,5,1,14,,307247,7,0,5,1,16,,307213,7,0,5,2,55,,307250,7,0,5,2,11,,307239,7,0,5,1,10,,307231,7,0,5,1,10,,307242,7,0,5,1,10,,307220,7,0,5,2,10,,307259,7,0,5,1,50,,307208,7,0,5,1,15,,307245,7,0,5,1,15,,307233,7,0,5,1,14,,307248,7,0,5,1,56,,307214,7,0,5,2,15,,307251,7,0,5,2,15,,307240,7,0,5,1,12,,307255,7,0,5,1,52,,307243,7,0,5,1,12,,307221,7,0,5,2,12,,307209,7,0,5,1,12,,307246,7,0,5,1,13,,307234,7,0,5,1,54,,307249,7,0,5,1,16,,307215,7,0,5,2,22,,307252,7,0,5,2,65,,307256,7,0,5,1,27,,307222,7,0,5,2,67,,307235,7,0,5,1,27,,307216,7,0,5,2,25,,307253,7,0,5,2,69,,307257,7,0,5,1,31,,307223,7,0,5,2,72,,307236,7,0,5,1,32,,307254,7,0,5,2,70,,307258,7,0,5,1,29,,307267,7,0,5,1,67,,307237,7,0,5,1,22,,307265,7,0,5,1
6901,'H50S000I-82-I',517,,307270,7,0,5,2,32,,307314,7,0,5,1,72,,307268,7,0,5,2,32,,307323,7,0,5,1,72,,307271,7,0,5,2,32,,307315,7,0,5,1,69,,307269,7,0,5,2,28,,307284,7,0,5,2,66,,307276,7,0,5,1,25,,307272,7,0,5,2,65,,307316,7,0,5,1,26,,307289,7,0,5,1,69,,307285,7,0,5,2,30,,307277,7,0,5,1,68,,307273,7,0,5,2,24,,307301,7,0,5,1,22,,307290,7,0,5,1,56,,307296,7,0,5,1,15,,307286,7,0,5,2,15,,307299,7,0,5,1,15,,307278,7,0,5,1,55,,307318,7,0,5,2,15,,307274,7,0,5,2,15,,307305,7,0,5,2,15,,307302,7,0,5,1,55,,307291,7,0,5,1,15,,307297,7,0,5,1,15,,307287,7,0,5,2,15,,307300,7,0,5,1,55,,307279,7,0,5,1,14,,307310,7,0,5,2,12,,307319,7,0,5,2,11,,307303,7,0,5,1,12,,307275,7,0,5,2,52,,307306,7,0,5,2,16,,307292,7,0,5,1,16,,307298,7,0,5,1,15,,307320,7,0,5,2,55,,307288,7,0,5,2,15,,307280,7,0,5,1,16,,307311,7,0,5,2,20,,307304,7,0,5,1,60,,307307,7,0,5,2,20,,307293,7,0,5,1,20,,307317,7,0,5,1,61,,307321,7,0,5,2,26,,307281,7,0,5,1,71,,307312,7,0,5,2,32,,307308,7,0,5,2,72,,307294,7,0,5,1,32,,307282,7,0,5,1,70,,307313,7,0,5,2,30,,307309,7,0,5,2,70,,307295,7,0,5,1,29,,307283,7,0,5,1,64,,307322,7,0,5,2
6901,'H50S000S-82-S',505,,307333,7,0,5,1,28,,307344,7,0,5,2,70,,307326,7,0,5,1,13,,307328,7,0,5,2,12,,307341,7,0,5,2,11,,307365,7,0,5,2,10,,307343,7,0,5,1,10,,307352,7,0,5,1,50,,307334,7,0,5,1,10,,307374,7,0,5,1,5,,307353,7,0,5,1,5,,307363,7,0,5,1,10,,307417,7,0,5,2,5,,307388,7,0,5,2,7,,307345,7,0,5,2,7,,307364,7,0,5,1,47,,307358,7,0,5,1,7,,307370,7,0,5,1,7,,307327,7,0,5,1,10,,307412,7,0,5,2,10,,307329,7,0,5,2,8,,307382,7,0,5,2,11,,307387,7,0,5,1,53,,307393,7,0,5,2,17,,307342,7,0,5,2,17,,307335,7,0,5,1,55,,307375,7,0,5,1,16,,307389,7,0,5,2,16,,307346,7,0,5,2,15,,307359,7,0,5,1,54,,307366,7,0,5,2,14,,307330,7,0,5,2,14,,307383,7,0,5,2,15,,307394,7,0,5,2,15,,307354,7,0,5,1,52,,307336,7,0,5,1,12,,307371,7,0,5,1,11,,307376,7,0,5,1,11,,307390,7,0,5,2,11,,307347,7,0,5,2,49,,307401,7,0,5,1,9,,307360,7,0,5,1,10,,307367,7,0,5,2,10,,307403,7,0,5,2,9,,307331,7,0,5,2,9,,307384,7,0,5,2,49,,307408,7,0,5,1,9,,307395,7,0,5,2,9,,307400,7,0,5,1,10,,307355,7,0,5,1,10,,307337,7,0,5,1,10,,307372,7,0,5,1,9,,307377,7,0,5,1,48,,307415,7,0,5,1,8,,307391,7,0,5,2,8,,307348,7,0,5,2,8,,307402,7,0,5,1,8,,307361,7,0,5,1,8,,307399,7,0,5,1,7,,307368,7,0,5,2,55,,307404,7,0,5,2,7,,307332,7,0,5,2,8,,307385,7,0,5,2,8,,307409,7,0,5,1,9,,307396,7,0,5,2,60,,307356,7,0,5,1,20,,307338,7,0,5,1,11,,307373,7,0,5,1,11,,307378,7,0,5,1,11,,307392,7,0,5,2,51,,307349,7,0,5,2,11,,307362,7,0,5,1,11,,307419,7,0,5,1,9,,307369,7,0,5,2,9,,307405,7,0,5,2,15,,307386,7,0,5,2,55,,307397,7,0,5,2,16,,307357,7,0,5,1,16,,307339,7,0,5,1,55,,307418,7,0,5,2,15,,307379,7,0,5,1,15,,307414,7,0,5,1,14,,307350,7,0,5,2,14,,307406,7,0,5,2,54,,307413,7,0,5,1,14,,307398,7,0,5,2,14,,307410,7,0,5,2,17,,307340,7,0,5,1,60,,307324,7,0,5,1,20,,307380,7,0,5,1,62,,307351,7,0,5,2,23,,307407,7,0,5,2,30,,307411,7,0,5,2,71,,307325,7,0,5,1,30,,307381,7,0,5,1,63,,307416,7,0,5,1
6901,'H50S100F-80-F1',517,,307422,7,0,5,2,32,,307466,7,0,5,1,72,,307420,7,0,5,2,32,,307475,7,0,5,1,72,,307423,7,0,5,2,32,,307467,7,0,5,1,69,,307421,7,0,5,2,28,,307436,7,0,5,2,66,,307428,7,0,5,1,25,,307424,7,0,5,2,65,,307468,7,0,5,1,26,,307441,7,0,5,1,69,,307437,7,0,5,2,30,,307429,7,0,5,1,68,,307425,7,0,5,2,24,,307453,7,0,5,1,22,,307442,7,0,5,1,56,,307448,7,0,5,1,15,,307438,7,0,5,2,15,,307451,7,0,5,1,15,,307430,7,0,5,1,55,,307470,7,0,5,2,15,,307426,7,0,5,2,15,,307457,7,0,5,2,15,,307454,7,0,5,1,55,,307443,7,0,5,1,15,,307449,7,0,5,1,15,,307439,7,0,5,2,15,,307452,7,0,5,1,55,,307431,7,0,5,1,14,,307462,7,0,5,2,12,,307471,7,0,5,2,11,,307455,7,0,5,1,12,,307427,7,0,5,2,52,,307458,7,0,5,2,16,,307444,7,0,5,1,16,,307450,7,0,5,1,15,,307472,7,0,5,2,55,,307440,7,0,5,2,15,,307432,7,0,5,1,16,,307463,7,0,5,2,20,,307456,7,0,5,1,60,,307459,7,0,5,2,20,,307445,7,0,5,1,20,,307469,7,0,5,1,61,,307473,7,0,5,2,26,,307433,7,0,5,1,71,,307464,7,0,5,2,32,,307460,7,0,5,2,72,,307446,7,0,5,1,32,,307434,7,0,5,1,70,,307465,7,0,5,2,30,,307461,7,0,5,2,70,,307447,7,0,5,1,29,,307435,7,0,5,1,64,,307474,7,0,5,2
6901,'H50S200F-80-F2',517,,307478,7,0,5,2,32,,307522,7,0,5,1,72,,307476,7,0,5,2,32,,307531,7,0,5,1,72,,307479,7,0,5,2,32,,307523,7,0,5,1,69,,307477,7,0,5,2,28,,307492,7,0,5,2,66,,307484,7,0,5,1,25,,307480,7,0,5,2,65,,307524,7,0,5,1,26,,307497,7,0,5,1,69,,307493,7,0,5,2,30,,307485,7,0,5,1,68,,307481,7,0,5,2,24,,307509,7,0,5,1,22,,307498,7,0,5,1,56,,307504,7,0,5,1,15,,307494,7,0,5,2,15,,307507,7,0,5,1,15,,307486,7,0,5,1,55,,307526,7,0,5,2,15,,307482,7,0,5,2,15,,307513,7,0,5,2,15,,307510,7,0,5,1,55,,307499,7,0,5,1,15,,307505,7,0,5,1,15,,307495,7,0,5,2,15,,307508,7,0,5,1,55,,307487,7,0,5,1,14,,307518,7,0,5,2,12,,307527,7,0,5,2,11,,307511,7,0,5,1,12,,307483,7,0,5,2,52,,307514,7,0,5,2,16,,307500,7,0,5,1,16,,307506,7,0,5,1,15,,307528,7,0,5,2,55,,307496,7,0,5,2,15,,307488,7,0,5,1,16,,307519,7,0,5,2,20,,307512,7,0,5,1,60,,307515,7,0,5,2,20,,307501,7,0,5,1,20,,307525,7,0,5,1,61,,307529,7,0,5,2,26,,307489,7,0,5,1,71,,307520,7,0,5,2,32,,307516,7,0,5,2,72,,307502,7,0,5,1,32,,307490,7,0,5,1,70,,307521,7,0,5,2,30,,307517,7,0,5,2,70,,307503,7,0,5,1,29,,307491,7,0,5,1,64,,307530,7,0,5,2
6901,'H54S000S-80-S',1601,,307532,7,0,5,1,109,,307533,7,0,5,2
6901,'H58S000S-83-S',714,,307536,7,0,5,2,20,,307534,7,0,5,2,916,,307535,7,0,5,2
11704,'H60S000A-80-A',717,,320637,13,0,9,1,86,,320638,13,0,9,1,46,,320639,13,0,9,1,86,,320640,13,0,9,1,87,,320641,13,0,9,1,87,,320642,13,0,9,1,47,,320643,13,0,9,1,88,,320644,13,0,9,1,88,,320645,13,0,9,1,88,,320646,13,0,9,1,89,,320647,13,0,9,1,91,,320648,13,0,9,1,50,,320649,13,0,9,1,90,,320650,13,0,9,1,88,,320651,13,0,9,1,86,,320652,13,0,9,1,86,,320653,13,0,9,1
11704,'H60S000I-81-I',917,,320654,13,0,9,1,88,,320655,13,0,9,1,49,,320656,13,0,9,1,89,,320657,13,0,9,1,89,,320658,13,0,9,1,89,,320659,13,0,9,1,90,,320660,13,0,9,1,90,,320661,13,0,9,1,50,,320662,13,0,9,1,90,,320663,13,0,9,1,88,,320664,13,0,9,1,86,,320665,13,0,9,1,85,,320666,13,0,9,1,45,,320667,13,0,9,1,85,,320668,13,0,9,1
11704,'H60S000S-83-S',614,,320679,13,0,9,1,26,,320683,13,0,9,2,64,,320680,13,0,9,1,17,,320687,13,0,9,2,21,,320684,13,0,9,2,67,,320681,13,0,9,1,33,,320685,13,0,9,2,72,,320682,13,0,9,1,33,,320686,13,0,9,2,85,,320669,13,0,9,1,91,,320670,13,0,9,1,91,,320671,13,0,9,1,91,,320672,13,0,9,1,52,,320673,13,0,9,1,92,,320674,13,0,9,1,71,,320688,13,0,9,1,31,,320675,13,0,9,1,72,,320689,13,0,9,1,30,,320676,13,0,9,1,72,,320690,13,0,9,1,30,,320677,13,0,9,1,72,,320691,13,0,9,1,78,,320678,13,0,9,1
11704,'H60S100F-80-F1',917,,320692,13,0,9,1,88,,320693,13,0,9,1,49,,320694,13,0,9,1,89,,320695,13,0,9,1,89,,320696,13,0,9,1,89,,320697,13,0,9,1,90,,320698,13,0,9,1,90,,320699,13,0,9,1,50,,320700,13,0,9,1,90,,320701,13,0,9,1,88,,320702,13,0,9,1,86,,320703,13,0,9,1,85,,320704,13,0,9,1,45,,320705,13,0,9,1,85,,320706,13,0,9,1
11704,'H60S200F-80-F2',917,,320707,13,0,9,1,88,,320708,13,0,9,1,49,,320709,13,0,9,1,89,,320710,13,0,9,1,89,,320711,13,0,9,1,89,,320712,13,0,9,1,90,,320713,13,0,9,1,90,,320714,13,0,9,1,50,,320715,13,0,9,1,90,,320716,13,0,9,1,88,,320717,13,0,9,1,86,,320718,13,0,9,1,85,,320719,13,0,9,1,45,,320720,13,0,9,1,85,,320721,13,0,9,1
