12101,'H58S000A-80-A',526,,321010,32,0,5,1,29,,321006,32,0,5,1,70,,321013,32,0,5,1,75,,321011,32,0,5,1,30,,321007,32,0,5,1,73,,321019,32,0,5,1,31,,321014,32,0,5,1,70,,321012,32,0,5,1,29,,321008,32,0,5,1,23,,321020,32,0,5,1,66,,321049,32,0,5,1,21,,321015,32,0,5,1,60,,321033,32,0,5,1,20,,321041,32,0,5,1,17,,321009,32,0,5,1,15,,321021,32,0,5,1,55,,321029,32,0,5,1,16,,321050,32,0,5,1,15,,321025,32,0,5,1,14,,321016,32,0,5,1,54,,321063,32,0,5,1,12,,321034,32,0,5,1,12,,321042,32,0,5,1,12,,321057,32,0,5,1,13,,321022,32,0,5,1,55,,321030,32,0,5,1,15,,321066,32,0,5,1,12,,321051,32,0,5,1,12,,321026,32,0,5,1,53,,321017,32,0,5,1,12,,321064,32,0,5,1,12,,321035,32,0,5,1,13,,321043,32,0,5,1,12,,321058,32,0,5,1,51,,321023,32,0,5,1,11,,321069,32,0,5,1,11,,321031,32,0,5,1,12,,321067,32,0,5,1,12,,321052,32,0,5,1,51,,321027,32,0,5,1,12,,321018,32,0,5,1,12,,321065,32,0,5,1,13,,321036,32,0,5,1,12,,321044,32,0,5,1,52,,321032,32,0,5,1,12,,321059,32,0,5,1,13,,321024,32,0,5,1,13,,321068,32,0,5,1,15,,321053,32,0,5,1,57,,321028,32,0,5,1,21,,321037,32,0,5,1,24,,321045,32,0,5,1,66,,321060,32,0,5,1,29,,321054,32,0,5,1,69,,321038,32,0,5,1,30,,321046,32,0,5,1,70,,321061,32,0,5,1,31,,321055,32,0,5,1,70,,321039,32,0,5,1,26,,321047,32,0,5,1,69,,321062,32,0,5,1,30,,321056,32,0,5,1,72,,321040,32,0,5,1,33,,321048,32,0,5,1
12101,'H58S000I-80-I',525,,321077,32,0,5,1,75,,321070,32,0,5,1,30,,321088,32,0,5,1,70,,321078,32,0,5,1,32,,321071,32,0,5,1,73,,321089,32,0,5,1,30,,321079,32,0,5,1,71,,321095,32,0,5,1,28,,321072,32,0,5,1,23,,321090,32,0,5,1,64,,321113,32,0,5,1,21,,321080,32,0,5,1,59,,321104,32,0,5,1,19,,321096,32,0,5,1,19,,321073,32,0,5,1,18,,321091,32,0,5,1,57,,321117,32,0,5,1,17,,321114,32,0,5,1,17,,321081,32,0,5,1,58,,321105,32,0,5,1,19,,321097,32,0,5,1,16,,321074,32,0,5,1,15,,321092,32,0,5,1,56,,321106,32,0,5,1,20,,321118,32,0,5,1,20,,321082,32,0,5,1,60,,321120,32,0,5,1,18,,321098,32,0,5,1,17,,321075,32,0,5,1,54,,321093,32,0,5,1,15,,321107,32,0,5,1,15,,321115,32,0,5,1,15,,321119,32,0,5,1,57,,321083,32,0,5,1,16,,321121,32,0,5,1,16,,321099,32,0,5,1,16,,321076,32,0,5,1,56,,321094,32,0,5,1,14,,321108,32,0,5,1,14,,321116,32,0,5,1,19,,321084,32,0,5,1,64,,321122,32,0,5,1,28,,321100,32,0,5,1,70,,321109,32,0,5,1,29,,321085,32,0,5,1,70,,321123,32,0,5,1,31,,321101,32,0,5,1,68,,321110,32,0,5,1,29,,321086,32,0,5,1,71,,321124,32,0,5,1,30,,321102,32,0,5,1,71,,321111,32,0,5,1,29,,321087,32,0,5,1,69,,321103,32,0,5,1,32,,321112,32,0,5,1
12101,'H58S000S-83-S',528,,321138,32,0,5,1,25,,321155,32,0,5,1,71,,321132,32,0,5,1,11,,321140,32,0,5,1,10,,321150,32,0,5,1,10,,321166,32,0,5,1,51,,321174,32,0,5,1,10,,321175,32,0,5,1,9,,321139,32,0,5,1,6,,321125,32,0,5,1,7,,321181,32,0,5,1,7,,321156,32,0,5,1,5,,321182,32,0,5,1,6,,321201,32,0,5,1,46,,321183,32,0,5,1,7,,321190,32,0,5,1,8,,321196,32,0,5,1,10,,321133,32,0,5,1,11,,321141,32,0,5,1,10,,321151,32,0,5,1,10,,321202,32,0,5,1,49,,321167,32,0,5,1,9,,321203,32,0,5,1,11,,321176,32,0,5,1,11,,321126,32,0,5,1,11,,321157,32,0,5,1,51,,321184,32,0,5,1,11,,321191,32,0,5,1,11,,321197,32,0,5,1,11,,321134,32,0,5,1,11,,321142,32,0,5,1,12,,321152,32,0,5,1,51,,321168,32,0,5,1,12,,321204,32,0,5,1,12,,321177,32,0,5,1,12,,321127,32,0,5,1,12,,321158,32,0,5,1,52,,321185,32,0,5,1,12,,321192,32,0,5,1,12,,321198,32,0,5,1,13,,321135,32,0,5,1,12,,321143,32,0,5,1,52,,321153,32,0,5,1,12,,321169,32,0,5,1,12,,321178,32,0,5,1,12,,321128,32,0,5,1,12,,321159,32,0,5,1,52,,321186,32,0,5,1,12,,321193,32,0,5,1,12,,321199,32,0,5,1,13,,321136,32,0,5,1,13,,321205,32,0,5,1,52,,321144,32,0,5,1,14,,321154,32,0,5,1,13,,321170,32,0,5,1,12,,321179,32,0,5,1,6,,321129,32,0,5,1,49,,321160,32,0,5,1,9,,321222,32,0,5,1,8,,321187,32,0,5,1,7,,321194,32,0,5,1,7,,321213,32,0,5,1,7,,321200,32,0,5,1,7,,321215,32,0,5,1,7,,321211,32,0,5,1,46,,321216,32,0,5,1,7,,321137,32,0,5,1,7,,321206,32,0,5,1,6,,321225,32,0,5,1,7,,321145,32,0,5,1,7,,321224,32,0,5,1,6,,321220,32,0,5,1,7,,321195,32,0,5,1,6,,321171,32,0,5,1,46,,321180,32,0,5,1,6,,321130,32,0,5,1,8,,321161,32,0,5,1,9,,321223,32,0,5,1,10,,321188,32,0,5,1,12,,321214,32,0,5,1,12,,321212,32,0,5,1,51,,321217,32,0,5,1,12,,321207,32,0,5,1,12,,321146,32,0,5,1,12,,321221,32,0,5,1,11,,321172,32,0,5,1,50,,321131,32,0,5,1,12,,321162,32,0,5,1,11,,321189,32,0,5,1,24,,321218,32,0,5,1,64,,321208,32,0,5,1,24,,321147,32,0,5,1,63,,321173,25,0,5,1,7,,321163,32,0,5,1,30,,321219,32,0,5,1,69,,321209,32,0,5,1,31,,321148,32,0,5,1,72,,321164,32,0,5,1,29,,321210,32,0,5,1,72,,321149,32,0,5,1,32,,321165,32,0,5,1
12101,'H58S100F-80-F1',525,,321233,32,0,5,1,75,,321226,32,0,5,1,30,,321240,32,0,5,1,70,,321234,32,0,5,1,32,,321227,32,0,5,1,73,,321241,32,0,5,1,30,,321235,32,0,5,1,71,,321254,32,0,5,1,28,,321228,32,0,5,1,23,,321242,32,0,5,1,64,,321267,32,0,5,1,21,,321236,32,0,5,1,59,,321263,32,0,5,1,19,,321255,32,0,5,1,19,,321229,32,0,5,1,18,,321243,32,0,5,1,57,,321273,32,0,5,1,17,,321268,32,0,5,1,17,,321237,32,0,5,1,58,,321264,32,0,5,1,19,,321256,32,0,5,1,16,,321230,32,0,5,1,15,,321251,32,0,5,1,56,,321244,32,0,5,1,20,,321274,32,0,5,1,20,,321238,32,0,5,1,60,,321276,32,0,5,1,18,,321257,32,0,5,1,17,,321231,32,0,5,1,54,,321252,32,0,5,1,15,,321245,32,0,5,1,15,,321265,32,0,5,1,15,,321275,32,0,5,1,57,,321239,32,0,5,1,16,,321277,32,0,5,1,16,,321258,32,0,5,1,16,,321232,32,0,5,1,56,,321253,32,0,5,1,14,,321246,32,0,5,1,14,,321266,32,0,5,1,19,,321269,32,0,5,1,64,,321278,32,0,5,1,28,,321259,32,0,5,1,70,,321247,32,0,5,1,29,,321270,32,0,5,1,70,,321279,32,0,5,1,31,,321260,32,0,5,1,68,,321248,32,0,5,1,29,,321271,32,0,5,1,71,,321280,32,0,5,1,30,,321261,32,0,5,1,71,,321249,32,0,5,1,29,,321272,32,0,5,1,69,,321262,32,0,5,1,32,,321250,32,0,5,1
12101,'H58S200F-80-F2',525,,321293,32,0,5,1,75,,321286,32,0,5,1,30,,321300,32,0,5,1,70,,321294,32,0,5,1,32,,321287,32,0,5,1,73,,321301,32,0,5,1,30,,321295,32,0,5,1,71,,321311,32,0,5,1,28,,321288,32,0,5,1,23,,321302,32,0,5,1,64,,321322,32,0,5,1,21,,321296,32,0,5,1,59,,321320,32,0,5,1,19,,321312,32,0,5,1,19,,321289,32,0,5,1,18,,321303,32,0,5,1,57,,321328,32,0,5,1,17,,321323,32,0,5,1,17,,321297,32,0,5,1,58,,321321,32,0,5,1,19,,321313,32,0,5,1,16,,321290,32,0,5,1,15,,321281,32,0,5,1,56,,321304,32,0,5,1,20,,321329,32,0,5,1,20,,321298,32,0,5,1,60,,321331,32,0,5,1,18,,321314,32,0,5,1,17,,321291,32,0,5,1,54,,321282,32,0,5,1,15,,321305,32,0,5,1,15,,321284,32,0,5,1,15,,321330,32,0,5,1,57,,321299,32,0,5,1,16,,321332,32,0,5,1,16,,321315,32,0,5,1,16,,321292,32,0,5,1,56,,321283,32,0,5,1,14,,321306,32,0,5,1,14,,321285,32,0,5,1,19,,321324,32,0,5,1,64,,321333,32,0,5,1,28,,321316,32,0,5,1,70,,321307,32,0,5,1,29,,321325,32,0,5,1,70,,321334,32,0,5,1,31,,321317,32,0,5,1,68,,321308,32,0,5,1,29,,321326,32,0,5,1,71,,321335,32,0,5,1,30,,321318,32,0,5,1,71,,321309,32,0,5,1,29,,321327,32,0,5,1,69,,321319,32,0,5,1,32,,321310,32,0,5,1
37801,'H60S000A-80-A',2605,,347259,49,0,5,1,48,,347256,49,0,5,1,93,,347257,49,0,5,1,92,,347258,49,0,5,1
37801,'H60S000I-81-I',2604,,347261,49,0,5,1,50,,347263,49,0,5,1,91,,347260,49,0,5,1,93,,347262,49,0,5,1
37801,'H60S000S-83-S',2602,,347266,49,0,5,1,51,,347264,49,0,5,1,96,,347267,49,0,5,1,92,,347265,49,0,5,1
37801,'H60S100F-80-F1',2604,,347268,49,0,5,1,50,,347271,49,0,5,1,91,,347270,49,0,5,1,93,,347269,49,0,5,1
37801,'H60S200F-80-F2',2604,,347272,49,0,5,1,50,,347275,49,0,5,1,91,,347274,49,0,5,1,93,,347273,49,0,5,1
