2402,'H59S000A-80-A',600,,291917,36,0,10,1,29,,291924,36,0,10,1,72,,291905,36,0,10,1,30,,291918,36,0,10,1,73,,291925,36,0,10,1,29,,291906,36,0,10,1,24,,291930,36,0,10,1,59,,291919,36,0,10,1,17,,291935,36,0,10,2,18,,291926,36,0,10,1,58,,291940,36,0,10,1,17,,291907,36,0,10,1,17,,291911,36,0,10,1,57,,291931,36,0,10,1,18,,291920,36,0,10,1,18,,291948,36,0,10,2,17,,291927,36,0,10,1,58,,291941,36,0,10,1,16,,291932,36,0,10,1,15,,291908,36,0,10,1,15,,291936,36,0,10,2,54,,291912,36,0,10,1,14,,291921,36,0,10,1,14,,291915,36,0,10,1,14,,291949,36,0,10,2,54,,291928,36,0,10,1,13,,291909,36,0,10,1,12,,291942,36,0,10,1,12,,291950,36,0,10,2,11,,291933,36,0,10,1,52,,291937,36,0,10,2,12,,291951,36,0,10,1,12,,291913,36,0,10,1,13,,291922,36,0,10,1,56,,291916,36,0,10,1,17,,291929,36,0,10,1,16,,291910,36,0,10,1,16,,291943,36,0,10,1,55,,291934,36,0,10,1,14,,291938,36,0,10,2,13,,291952,36,0,10,1,14,,291914,36,0,10,1,14,,291957,36,0,10,1,54,,291962,36,0,10,1,17,,291965,36,0,10,1,18,,291968,36,0,10,2,57,,291944,36,0,10,1,15,,291939,36,0,10,2,17,,291953,36,0,10,1,18,,291958,36,0,10,1,58,,291963,36,0,10,1,20,,291966,36,0,10,1,20,,291969,36,0,10,2,60,,291945,36,0,10,1,20,,291954,36,0,10,1,19,,291959,36,0,10,1,62,,291964,36,0,10,1,23,,291967,36,0,10,1,64,,291946,36,0,10,1,25,,291955,36,0,10,1,23,,291960,36,0,10,1,63,,291970,36,0,10,2,24,,291947,36,0,10,1,71,,291956,36,0,10,1,30,,291961,36,0,10,1,71,,291923,36,0,10,1
2402,'H59S000I-81-I',600,,291978,36,0,10,1,31,,291971,36,0,10,1,71,,291996,36,0,10,1,32,,291979,36,0,10,1,72,,291972,36,0,10,1,30,,291997,36,0,10,1,73,,291980,36,0,10,1,28,,291999,36,0,10,1,63,,291973,36,0,10,1,20,,291998,36,0,10,1,21,,292004,36,0,10,1,60,,291981,36,0,10,1,21,,292008,36,0,10,1,21,,292000,36,0,10,1,61,,291974,36,0,10,1,20,,292010,36,0,10,2,16,,292005,36,0,10,1,16,,292012,36,0,10,2,54,,291982,36,0,10,1,14,,292014,36,0,10,1,12,,292009,36,0,10,1,14,,292011,36,0,10,2,54,,292001,36,0,10,1,15,,291975,36,0,10,1,17,,292006,36,0,10,1,15,,291989,36,0,10,1,55,,292013,36,0,10,2,14,,291983,36,0,10,1,14,,292015,36,0,10,1,14,,292017,36,0,10,2,55,,292002,36,0,10,1,16,,291976,36,0,10,1,18,,292007,36,0,10,1,19,,291990,36,0,10,1,61,,291984,36,0,10,1,19,,292016,36,0,10,1,65,,292003,36,0,10,1,24,,291977,36,0,10,1,26,,291991,36,0,10,1,64,,291985,36,0,10,1,25,,292018,36,0,10,1,68,,292022,36,0,10,2,29,,291992,36,0,10,1,69,,291986,36,0,10,1,27,,292019,36,0,10,1,67,,292023,36,0,10,2,29,,291993,36,0,10,1,30,,291987,36,0,10,1,71,,292020,36,0,10,1,70,,291994,36,0,10,1,30,,291988,36,0,10,1,29,,292021,36,0,10,1,66,,291995,36,0,10,1
2402,'H59S000S-80-S',545,,292030,36,0,10,1,70,,292040,36,0,10,1,35,,292024,36,0,10,1,54,,292057,36,0,10,1,14,,292074,36,0,10,1,15,,292031,36,0,10,1,11,,292033,36,0,10,1,8,,292092,36,0,10,1,50,,292097,36,0,10,1,6,,292041,36,0,10,1,10,,292100,36,0,10,1,5,,292059,36,0,10,1,12,,292101,36,0,10,1,6,,292056,36,0,10,2,6,,292069,36,0,10,1,11,,292099,36,0,10,2,46,,292058,36,0,10,1,4,,292091,36,0,10,2,4,,292047,36,0,10,1,5,,292068,36,0,10,2,6,,292081,36,0,10,1,7,,292075,36,0,10,1,7,,292026,36,0,10,1,12,,292090,36,0,10,2,10,,292034,36,0,10,1,50,,292093,36,0,10,1,11,,292042,36,0,10,1,11,,292060,36,0,10,1,11,,292102,36,0,10,1,12,,292070,36,0,10,1,53,,292048,36,0,10,1,13,,292082,36,0,10,1,12,,292076,36,0,10,1,12,,292124,36,0,10,1,12,,292027,36,0,10,1,52,,292035,36,0,10,1,11,,292094,36,0,10,1,12,,292043,36,0,10,1,11,,292061,36,0,10,1,12,,292103,36,0,10,1,52,,292071,36,0,10,1,12,,292049,36,0,10,1,11,,292083,36,0,10,1,12,,292077,36,0,10,1,12,,292125,36,0,10,1,52,,292028,36,0,10,1,12,,292036,36,0,10,1,13,,292095,36,0,10,1,13,,292044,36,0,10,1,12,,292062,36,0,10,1,51,,292104,36,0,10,1,10,,292072,36,0,10,1,9,,292105,36,0,10,1,13,,292050,36,0,10,1,12,,292084,36,0,10,1,52,,292078,36,0,10,1,12,,292107,36,0,10,2,8,,292029,36,0,10,1,8,,292116,36,0,10,2,12,,292113,36,0,10,2,6,,292096,36,0,10,1,52,,292045,36,0,10,1,7,,292112,36,0,10,1,8,,292063,36,0,10,1,10,,292038,36,0,10,1,11,,292119,36,0,10,2,7,,292106,36,0,10,1,8,,292114,36,0,10,1,8,,292110,36,0,10,2,49,,292051,36,0,10,1,10,,292109,36,0,10,2,10,,292079,36,0,10,1,11,,292126,36,0,10,1,11,,292117,36,0,10,2,50,,292086,36,0,10,1,11,,292108,36,0,10,2,11,,292064,36,0,10,1,9,,292039,36,0,10,1,11,,292120,36,0,10,2,11,,292115,36,0,10,1,52,,292111,36,0,10,2,12,,292052,36,0,10,1,11,,292080,36,0,10,1,20,,292087,36,0,10,1,65,,292065,36,0,10,1,28,,292121,36,0,10,2,66,,292053,36,0,10,1,30,,292088,36,0,10,1,70,,292066,36,0,10,1,27,,292122,36,0,10,2,70,,292054,36,0,10,1,31,,292089,36,0,10,1,65,,292067,36,0,10,1,27,,292123,36,0,10,2
2402,'H59S100F-80-F1',600,,292134,36,0,10,1,31,,292127,36,0,10,1,71,,292177,36,0,10,1,32,,292135,36,0,10,1,72,,292128,36,0,10,1,30,,292178,36,0,10,1,73,,292136,36,0,10,1,28,,292152,36,0,10,1,63,,292129,36,0,10,1,20,,292179,36,0,10,1,21,,292157,36,0,10,1,60,,292137,36,0,10,1,21,,292161,36,0,10,1,21,,292153,36,0,10,1,61,,292130,36,0,10,1,20,,292163,36,0,10,2,16,,292158,36,0,10,1,16,,292165,36,0,10,2,54,,292138,36,0,10,1,14,,292167,36,0,10,1,12,,292162,36,0,10,1,14,,292164,36,0,10,2,54,,292154,36,0,10,1,15,,292131,36,0,10,1,17,,292159,36,0,10,1,15,,292145,36,0,10,1,55,,292166,36,0,10,2,14,,292139,36,0,10,1,14,,292168,36,0,10,1,14,,292170,36,0,10,2,55,,292155,36,0,10,1,16,,292132,36,0,10,1,18,,292160,36,0,10,1,19,,292146,36,0,10,1,61,,292140,36,0,10,1,19,,292169,36,0,10,1,65,,292156,36,0,10,1,24,,292133,36,0,10,1,26,,292147,36,0,10,1,64,,292141,36,0,10,1,25,,292171,36,0,10,1,68,,292175,36,0,10,2,29,,292148,36,0,10,1,69,,292142,36,0,10,1,27,,292172,36,0,10,1,67,,292176,36,0,10,2,29,,292149,36,0,10,1,30,,292143,36,0,10,1,71,,292173,36,0,10,1,70,,292150,36,0,10,1,30,,292144,36,0,10,1,29,,292174,36,0,10,1,66,,292151,36,0,10,1
2402,'H59S200F-80-F2',600,,292187,36,0,10,1,31,,292180,36,0,10,1,71,,292230,36,0,10,1,32,,292188,36,0,10,1,72,,292181,36,0,10,1,30,,292231,36,0,10,1,73,,292189,36,0,10,1,28,,292205,36,0,10,1,63,,292182,36,0,10,1,20,,292232,36,0,10,1,21,,292210,36,0,10,1,60,,292190,36,0,10,1,21,,292214,36,0,10,1,21,,292206,36,0,10,1,61,,292183,36,0,10,1,20,,292216,36,0,10,2,16,,292211,36,0,10,1,16,,292218,36,0,10,2,54,,292191,36,0,10,1,14,,292220,36,0,10,1,12,,292215,36,0,10,1,14,,292217,36,0,10,2,54,,292207,36,0,10,1,15,,292184,36,0,10,1,17,,292212,36,0,10,1,15,,292198,36,0,10,1,55,,292219,36,0,10,2,14,,292192,36,0,10,1,14,,292221,36,0,10,1,14,,292223,36,0,10,2,55,,292208,36,0,10,1,16,,292185,36,0,10,1,18,,292213,36,0,10,1,19,,292199,36,0,10,1,61,,292193,36,0,10,1,19,,292222,36,0,10,1,65,,292209,36,0,10,1,24,,292186,36,0,10,1,26,,292200,36,0,10,1,64,,292194,36,0,10,1,25,,292224,36,0,10,1,68,,292228,36,0,10,2,29,,292201,36,0,10,1,69,,292195,36,0,10,1,27,,292225,36,0,10,1,67,,292229,36,0,10,2,29,,292202,36,0,10,1,30,,292196,36,0,10,1,71,,292226,36,0,10,1,70,,292203,36,0,10,1,30,,292197,36,0,10,1,29,,292227,36,0,10,1,66,,292204,36,0,10,1
6303,'H56S000A-80-A',855,,304586,12,0,8,1,70,,304576,12,0,8,2,30,,304587,12,0,8,1,70,,304577,12,0,8,2,31,,304588,12,0,8,1,70,,304578,12,0,8,2,31,,304589,12,0,8,1,71,,304579,12,0,8,2,30,,304590,12,0,8,1,71,,304580,12,0,8,2,30,,304591,12,0,8,1,72,,304581,12,0,8,2,72,,304592,12,0,8,1,30,,304582,12,0,8,2,70,,304593,12,0,8,1,29,,304583,12,0,8,2,69,,304594,12,0,8,1,29,,304584,12,0,8,2,26,,304595,12,0,8,1,68,,304585,12,0,8,2
6303,'H56S000S-82-S',625,,304609,12,0,8,1,28,,304596,12,0,8,2,70,,304610,12,0,8,1,35,,304597,12,0,8,2,75,,304611,12,0,8,1,72,,304598,12,0,8,2,32,,304612,12,0,8,1,72,,304599,12,0,8,2,30,,304613,12,0,8,1,72,,304600,12,0,8,2,30,,304614,12,0,8,1,72,,304601,12,0,8,2,32,,304615,12,0,8,1,72,,304602,12,0,8,2,32,,304616,12,0,8,1,72,,304603,12,0,8,2,35,,304617,12,0,8,1,73,,304604,12,0,8,2,74,,304618,12,0,8,1,34,,304605,12,0,8,2,73,,304619,12,0,8,1,33,,304606,12,0,8,2,73,,304620,12,0,8,1,33,,304607,12,0,8,2,69,,304621,12,0,8,1,28,,304608,12,0,8,2
6303,'H56S100F-80-F1',855,,304622,12,0,8,1,70,,304623,12,0,8,2,30,,304624,12,0,8,1,70,,304626,12,0,8,2,31,,304625,12,0,8,1,70,,304627,12,0,8,2,31,,304628,12,0,8,1,71,,304629,12,0,8,2,30,,304630,12,0,8,1,71,,304631,12,0,8,2,30,,304632,12,0,8,1,72,,304633,12,0,8,2,72,,304634,12,0,8,1,30,,304635,12,0,8,2,70,,304636,12,0,8,1,29,,304637,12,0,8,2,69,,304638,12,0,8,1,29,,304639,12,0,8,2,26,,304640,12,0,8,1,68,,304641,12,0,8,2
6303,'H56S200F-80-F2',855,,304642,12,0,8,1,70,,304643,12,0,8,2,30,,304644,12,0,8,1,70,,304646,12,0,8,2,31,,304645,12,0,8,1,70,,304647,12,0,8,2,31,,304648,12,0,8,1,71,,304649,12,0,8,2,30,,304650,12,0,8,1,71,,304651,12,0,8,2,30,,304652,12,0,8,1,72,,304653,12,0,8,2,72,,304654,12,0,8,1,30,,304655,12,0,8,2,70,,304656,12,0,8,1,29,,304657,12,0,8,2,69,,304658,12,0,8,1,29,,304659,12,0,8,2,26,,304660,12,0,8,1,68,,304661,12,0,8,2
35602,'H56S000A-80-A',2536,,346236,38,0,10,2,18,,346225,38,0,10,1,54,,346232,38,0,10,1,14,,346226,38,0,10,1,14,,346227,38,0,10,2,12,,346231,38,0,10,1,52,,346224,38,0,10,1,13,,346238,38,0,10,1,13,,346230,38,0,10,1,13,,346228,38,0,10,1,13,,346229,38,0,10,1,53,,346234,38,0,10,2,13,,346233,38,0,10,2,13,,346237,38,0,10,2,13,,346235,38,0,10,1
35602,'H56S000I-80-I',2533,,346239,38,0,10,1,88,,346242,38,0,10,1,85,,346241,38,0,10,1,48,,346240,38,0,10,1,81,,346243,38,0,10,2
35602,'H56S000S-82-S',2529,,346244,38,0,10,1,86,,346249,38,0,10,2,85,,346248,38,0,10,1,27,,346246,38,0,10,2,25,,346245,38,0,10,1,65,,346247,38,0,10,2,25,,346250,38,0,10,1
35602,'H56S100F-80-F1',2533,,346251,38,0,10,1,88,,346254,38,0,10,1,85,,346253,38,0,10,1,48,,346252,38,0,10,1,81,,346255,38,0,10,2
35602,'H56S200F-80-F2',2533,,346256,38,0,10,1,88,,346259,38,0,10,1,85,,346258,38,0,10,1,48,,346257,38,0,10,1,81,,346260,38,0,10,2
