1703,'H56S000S-82-S',527,,289684,19,0,8,1,25,,289685,19,0,8,1
1703,'H60S000A-80-A',507,,289686,19,0,8,1,45,,289698,19,0,8,1,75,,289687,19,0,8,1,84,,289699,19,0,8,1,37,,289688,19,0,8,1,85,,289700,19,0,8,1,86,,289689,19,0,8,1,85,,289701,19,0,8,1,39,,289707,19,0,8,1,85,,289690,19,0,8,1,84,,289702,19,0,8,1,43,,289708,19,0,8,1,81,,289691,19,0,8,1,82,,289703,19,0,8,1,41,,289709,19,0,8,1,81,,289692,19,0,8,1,80,,289704,19,0,8,1,80,,289710,19,0,8,1,39,,289693,19,0,8,1,77,,289705,19,0,8,1,38,,289711,19,0,8,1,78,,289694,19,0,8,1,75,,289706,19,0,8,1,33,,289712,19,0,8,1,85,,289695,19,0,8,1,81,,289713,19,0,8,1,44,,289696,19,0,8,1,81,,289714,19,0,8,1,82,,289697,19,0,8,1,41,,289715,19,0,8,1
1703,'H60S000I-81-I',513,,289745,19,0,8,1,30,,289724,19,0,8,1,74,,289716,19,0,8,1,84,,289725,19,0,8,1,35,,289717,19,0,8,1,84,,289726,19,0,8,1,38,,289718,19,0,8,1,85,,289727,19,0,8,1,83,,289719,19,0,8,1,85,,289728,19,0,8,1,45,,289720,19,0,8,1,76,,289737,19,0,8,1,80,,289729,19,0,8,1,40,,289721,19,0,8,1,80,,289738,19,0,8,1,80,,289730,19,0,8,1,40,,289722,19,0,8,1,81,,289739,19,0,8,1,82,,289731,19,0,8,1,42,,289723,19,0,8,1,78,,289740,19,0,8,1,84,,289732,19,0,8,1,83,,289741,19,0,8,1,44,,289733,19,0,8,1,82,,289742,19,0,8,1,83,,289734,19,0,8,1,42,,289743,19,0,8,1,82,,289735,19,0,8,1,82,,289744,19,0,8,1,42,,289736,19,0,8,1
1703,'H60S000S-83-S',506,,289750,19,0,8,1,16,,289749,2,0,8,1,15,,289746,19,0,8,1,72,,289760,19,0,8,1,34,,289751,19,0,8,1,79,,289747,19,0,8,1,35,,289761,19,0,8,1,73,,289771,19,0,8,1,73,,289752,19,0,8,1,33,,289748,19,0,8,1,70,,289762,19,0,8,1,35,,289772,19,0,8,1,75,,289753,19,0,8,1,35,,289763,19,0,8,1,78,,289773,19,0,8,1,77,,289754,19,0,8,1,37,,289764,19,0,8,1,74,,289777,19,0,8,1,32,,289774,19,0,8,1,67,,289755,19,0,8,1,32,,289765,19,0,8,1,73,,289778,19,0,8,1,33,,289775,19,0,8,1,69,,289756,19,0,8,1,31,,289766,19,0,8,1,72,,289779,19,0,8,1,30,,289776,19,0,8,1,65,,289757,19,0,8,1,29,,289767,19,0,8,1,71,,289780,19,0,8,1,30,,289758,19,0,8,1,71,,289768,19,0,8,1,30,,289781,19,0,8,1,70,,289759,19,0,8,1,32,,289769,19,0,8,1,78,,289782,19,0,8,1,84,,289770,19,0,8,1,36,,289783,19,0,8,1
1703,'H60S100F-80-F1',513,,289813,19,0,8,1,30,,289792,19,0,8,1,74,,289784,19,0,8,1,84,,289793,19,0,8,1,35,,289785,19,0,8,1,84,,289794,19,0,8,1,38,,289786,19,0,8,1,85,,289795,19,0,8,1,83,,289787,19,0,8,1,85,,289796,19,0,8,1,45,,289788,19,0,8,1,76,,289805,19,0,8,1,80,,289797,19,0,8,1,40,,289789,19,0,8,1,80,,289806,19,0,8,1,80,,289798,19,0,8,1,40,,289790,19,0,8,1,81,,289807,19,0,8,1,82,,289799,19,0,8,1,42,,289791,19,0,8,1,78,,289808,19,0,8,1,84,,289800,19,0,8,1,83,,289809,19,0,8,1,44,,289801,19,0,8,1,82,,289810,19,0,8,1,83,,289802,19,0,8,1,42,,289811,19,0,8,1,82,,289803,19,0,8,1,82,,289812,19,0,8,1,42,,289804,19,0,8,1
1703,'H60S200F-80-F2',513,,289843,19,0,8,1,30,,289822,19,0,8,1,74,,289814,19,0,8,1,84,,289823,19,0,8,1,35,,289815,19,0,8,1,84,,289824,19,0,8,1,38,,289816,19,0,8,1,85,,289825,19,0,8,1,83,,289817,19,0,8,1,85,,289826,19,0,8,1,45,,289818,19,0,8,1,76,,289835,19,0,8,1,80,,289827,19,0,8,1,40,,289819,19,0,8,1,80,,289836,19,0,8,1,80,,289828,19,0,8,1,40,,289820,19,0,8,1,81,,289837,19,0,8,1,82,,289829,19,0,8,1,42,,289821,19,0,8,1,78,,289838,19,0,8,1,84,,289830,19,0,8,1,83,,289839,19,0,8,1,44,,289831,19,0,8,1,82,,289840,19,0,8,1,83,,289832,19,0,8,1,42,,289841,19,0,8,1,82,,289833,19,0,8,1,82,,289842,19,0,8,1,42,,289834,19,0,8,1
37103,'H50S000A-82-A',2551,,347082,25,0,8,2,71,,347084,25,0,8,1,27,,347080,25,0,8,2,71,,347086,25,0,8,1,30,,347083,25,0,8,2,70,,347085,25,0,8,1,29,,347081,25,0,8,2
37103,'H50S000I-82-I',2550,,347090,25,0,8,2,69,,347087,25,0,8,2,31,,347089,25,0,8,2,70,,347092,25,0,8,1,30,,347091,25,0,8,2,70,,347088,25,0,8,2,31,,347093,25,0,8,1
37103,'H50S000S-82-S',2549,,347096,25,0,8,2,70,,347094,25,0,8,1,30,,347098,25,0,8,2,68,,347100,25,0,8,1,31,,347097,25,0,8,2,72,,347095,25,0,8,1,30,,347099,25,0,8,2
37103,'H50S100F-80-F1',2550,,347104,25,0,8,2,69,,347101,25,0,8,2,31,,347103,25,0,8,2,70,,347106,25,0,8,1,30,,347105,25,0,8,2,70,,347102,25,0,8,2,31,,347107,25,0,8,1
37103,'H50S200F-80-F2',2550,,347111,25,0,8,2,69,,347108,25,0,8,2,31,,347110,25,0,8,2,70,,347113,25,0,8,1,30,,347112,25,0,8,2,70,,347109,25,0,8,2,31,,347114,25,0,8,1
