14102,'H50S000S-82-S',805,,326696,28,4,,1,1041,,326695,50,4,,1
14102,'H51S000S-81-S',800,,326700,28,4,,2,855,,326703,50,4,,1,80,,326697,50,4,,2,65,,326704,50,4,,2,18,,326706,50,4,,2,19,,326701,50,4,,2,66,,326702,50,4,,1,14,,326699,50,4,,1,23,,326698,50,4,,2,18,,326705,50,4,,2
14102,'H54S000A-80-A',523,,326707,50,4,,1,30,,326731,50,4,,1,70,,326716,50,4,,1,22,,326723,50,4,,1,59,,326708,50,4,,1,20,,326737,50,4,,1,22,,326802,50,4,,1,60,,326717,50,4,,1,16,,326732,50,4,,1,15,,326724,50,4,,1,15,,326748,50,4,,1,56,,326709,50,4,,1,16,,326753,50,4,,2,13,,326738,50,4,,1,13,,326803,50,4,,1,52,,326718,50,4,,1,14,,326733,50,4,,1,11,,326756,50,4,,1,14,,326725,50,4,,1,11,,326749,50,4,,1,51,,326710,50,4,,1,11,,326787,50,4,,1,10,,326770,50,4,,1,10,,326754,50,4,,2,12,,326739,50,4,,1,12,,326804,50,4,,1,51,,326719,50,4,,1,12,,326734,50,4,,1,12,,326757,50,4,,1,11,,326726,50,4,,1,11,,326750,50,4,,1,50,,326711,50,4,,1,8,,326743,50,4,,1,9,,326788,50,4,,1,8,,326771,50,4,,1,8,,326755,50,4,,2,7,,326798,50,4,,1,6,,326761,50,4,,2,8,,326740,50,4,,1,47,,326805,50,4,,1,6,,326764,50,4,,1,7,,326790,50,4,,1,6,,326720,50,4,,1,7,,326735,50,4,,1,7,,326758,50,4,,1,7,,326774,50,4,,2,7,,326727,50,4,,1,48,,326795,50,4,,1,7,,326751,50,4,,1,7,,326712,50,4,,1,7,,326744,50,4,,1,8,,326789,50,4,,1,8,,326772,50,4,,1,8,,326779,50,4,,1,8,,326799,50,4,,1,49,,326762,50,4,,2,9,,326741,50,4,,1,9,,326765,50,4,,1,8,,326791,50,4,,1,7,,326721,50,4,,1,6,,326736,50,4,,1,8,,326759,50,4,,1,8,,326775,50,4,,2,48,,326728,50,4,,1,9,,326796,50,4,,1,8,,326752,50,4,,1,7,,326713,50,4,,1,5,,326801,50,4,,2,5,,326745,50,4,,1,5,,326773,50,4,,1,5,,326782,50,4,,2,6,,326780,50,4,,1,46,,326800,50,4,,1,6,,326763,50,4,,2,5,,326742,50,4,,1,4,,326766,50,4,,1,8,,326792,50,4,,1,9,,326722,50,4,,1,9,,326760,50,4,,1,10,,326776,50,4,,2,50,,326729,50,4,,1,11,,326797,50,4,,1,11,,326714,50,4,,1,12,,326746,50,4,,1,13,,326781,50,4,,1,56,,326767,50,4,,1,18,,326793,50,4,,1,18,,326777,50,4,,2,58,,326730,50,4,,1,18,,326715,50,4,,1,16,,326747,50,4,,1,18,,326768,50,4,,1,63,,326794,50,4,,1,26,,326778,50,4,,2,67,,326806,50,4,,1,28,,326769,50,4,,1,65,,326807,50,4,,1,26,,326783,50,4,,1,28,,326785,50,4,,2,73,,326808,50,4,,1,30,,326784,50,4,,1,70,,326786,50,4,,2
14102,'H54S000I-80-I',522,,326812,50,4,,1,21,,326883,50,4,,2,70,,326876,50,4,,1,33,,326824,50,4,,1,77,,326884,50,4,,2,33,,326877,50,4,,1,62,,326840,50,4,,1,21,,326825,50,4,,1,63,,326845,50,4,,1,14,,326868,50,4,,1,14,,326885,50,4,,2,13,,326834,50,4,,1,15,,326878,50,4,,1,54,,326841,50,4,,1,15,,326846,50,4,,1,13,,326826,50,4,,1,12,,326809,50,4,,2,53,,326858,50,4,,1,13,,326869,50,4,,1,16,,326886,50,4,,1,13,,326864,50,4,,1,55,,326835,50,4,,1,14,,326842,50,4,,1,14,,326847,50,4,,1,13,,326827,50,4,,1,12,,326810,50,4,,2,51,,326859,50,4,,1,10,,326870,50,4,,1,10,,326815,50,4,,1,11,,326887,50,4,,1,10,,326865,50,4,,1,7,,326879,50,4,,1,47,,326855,50,4,,1,9,,326836,50,4,,1,11,,326843,50,4,,1,10,,326848,50,4,,1,9,,326873,50,4,,1,9,,326828,50,4,,1,9,,326811,50,4,,2,49,,326860,50,4,,1,9,,326871,50,4,,1,9,,326816,50,4,,1,8,,326821,50,4,,2,9,,326888,50,4,,1,8,,326866,50,4,,1,50,,326880,50,4,,1,9,,326856,50,4,,1,10,,326837,50,4,,1,10,,326844,50,4,,1,10,,326849,50,4,,1,10,,326874,50,4,,1,9,,326829,50,4,,1,50,,326861,50,4,,1,9,,326872,50,4,,1,11,,326817,50,4,,1,9,,326822,50,4,,2,7,,326813,50,4,,1,7,,326867,50,4,,1,49,,326881,50,4,,1,7,,326857,50,4,,1,10,,326838,50,4,,1,11,,326814,50,4,,2,11,,326850,50,4,,1,11,,326875,50,4,,1,56,,326830,50,4,,1,19,,326818,50,4,,1,18,,326823,50,4,,2,57,,326882,50,4,,1,18,,326839,50,4,,1,20,,326851,50,4,,1,67,,326831,50,4,,1,28,,326819,50,4,,1,25,,326862,50,4,,1,69,,326852,50,4,,1,29,,326832,50,4,,1,70,,326820,50,4,,1,30,,326863,50,4,,1,68,,326853,50,4,,1,30,,326833,50,4,,1,72,,326889,50,4,,2,32,,326854,50,4,,1
14102,'H54S000S-80-S',526,,326902,50,4,,1,19,,326892,50,4,,1,11,,326898,50,4,,1,51,,326890,50,4,,1,11,,326909,50,4,,1,12,,326917,50,4,,1,13,,326924,50,4,,1,12,,326900,50,4,,1,49,,326930,50,4,,2,9,,326931,50,4,,1,8,,326903,50,4,,1,11,,326893,50,4,,1,7,,326952,50,4,,1,8,,326962,28,4,,1,4,,326899,50,4,,1,5,,326938,50,4,,2,53,,326940,50,4,,1,4,,326937,50,4,,1,3,,326939,50,4,,2,4,,326910,50,4,,1,9,,326918,50,4,,1,11,,326925,50,4,,1,5,,326967,50,4,,1,6,,326971,50,4,,1,8,,326901,50,4,,1,48,,326945,50,4,,1,9,,326932,50,4,,1,10,,326904,50,4,,1,10,,326894,50,4,,1,10,,326953,50,4,,1,11,,326963,50,4,,1,51,,326941,50,4,,1,11,,326911,50,4,,1,11,,326919,50,4,,1,10,,326926,50,4,,1,10,,326972,50,4,,1,52,,326946,50,4,,1,10,,326933,50,4,,1,10,,326905,50,4,,1,10,,326895,50,4,,1,10,,326954,50,4,,1,11,,326964,50,4,,1,51,,326942,50,4,,1,11,,326912,50,4,,1,10,,326920,50,4,,1,10,,326927,50,4,,1,10,,326973,50,4,,1,10,,326968,50,4,,1,50,,326947,50,4,,1,10,,326934,50,4,,1,9,,326906,50,4,,1,9,,326896,50,4,,1,9,,326955,50,4,,1,9,,326980,50,4,,1,49,,326965,50,4,,1,9,,326943,50,4,,1,9,,326913,50,4,,1,9,,326921,50,4,,1,10,,326928,50,4,,1,10,,326974,50,4,,1,8,,326984,50,4,,2,48,,326969,50,4,,1,8,,326948,50,4,,1,7,,326935,50,4,,1,9,,326907,50,4,,1,9,,326897,50,4,,1,9,,326956,50,4,,1,56,,326981,50,4,,1,7,,326966,50,4,,1,14,,326944,50,4,,1,6,,326914,50,4,,1,11,,326922,50,4,,1,6,,326997,50,4,,1,55,,326929,50,4,,1,5,,326975,50,4,,1,9,,326985,50,4,,2,5,,326990,50,4,,1,6,,326970,50,4,,1,6,,326986,50,4,,1,9,,326949,50,4,,1,5,,326936,50,4,,1,7,,326908,50,4,,1,55,,326957,50,4,,1,18,,326982,50,4,,1,7,,326992,50,4,,1,10,,326915,50,4,,1,10,,326923,50,4,,1,4,,326998,50,4,,1,54,,326976,50,4,,1,14,,326991,50,4,,1,8,,326987,50,4,,1,16,,326950,50,4,,1,60,,326958,50,4,,1,11,,326983,50,4,,1,11,,326993,50,4,,1,12,,326916,50,4,,1,61,,326977,50,4,,1,20,,326988,50,4,,1,18,,326951,50,4,,1,63,,326959,50,4,,1,27,,326994,50,4,,1,27,,326978,50,4,,1,66,,326989,50,4,,1,21,,326960,50,4,,1,63,,326995,50,4,,1,26,,326979,50,4,,1,67,,326891,50,4,,1,27,,326961,50,4,,1,29,,326996,50,4,,1
14102,'H54S100F-80-F1',522,,327002,50,4,,1,21,,327073,50,4,,2,70,,327066,50,4,,1,33,,327014,50,4,,1,77,,327074,50,4,,2,33,,327067,50,4,,1,62,,327030,50,4,,1,21,,327015,50,4,,1,63,,327035,50,4,,1,14,,327058,50,4,,1,14,,327075,50,4,,2,13,,327024,50,4,,1,15,,327068,50,4,,1,54,,327031,50,4,,1,15,,327036,50,4,,1,13,,327016,50,4,,1,12,,326999,50,4,,2,53,,327048,50,4,,1,13,,327059,50,4,,1,16,,327076,50,4,,1,13,,327054,50,4,,1,55,,327025,50,4,,1,14,,327032,50,4,,1,14,,327037,50,4,,1,13,,327017,50,4,,1,12,,327000,50,4,,2,51,,327049,50,4,,1,10,,327060,50,4,,1,10,,327005,50,4,,1,11,,327077,50,4,,1,10,,327055,50,4,,1,7,,327069,50,4,,1,47,,327045,50,4,,1,9,,327026,50,4,,1,11,,327033,50,4,,1,10,,327038,50,4,,1,9,,327063,50,4,,1,9,,327018,50,4,,1,9,,327001,50,4,,2,49,,327050,50,4,,1,9,,327061,50,4,,1,9,,327006,50,4,,1,8,,327011,50,4,,2,9,,327078,50,4,,1,8,,327056,50,4,,1,50,,327070,50,4,,1,9,,327046,50,4,,1,10,,327027,50,4,,1,10,,327034,50,4,,1,10,,327039,50,4,,1,10,,327064,50,4,,1,9,,327019,50,4,,1,50,,327051,50,4,,1,9,,327062,50,4,,1,11,,327007,50,4,,1,9,,327012,50,4,,2,7,,327003,50,4,,1,7,,327057,50,4,,1,49,,327071,50,4,,1,7,,327047,50,4,,1,10,,327028,50,4,,1,11,,327004,50,4,,2,11,,327040,50,4,,1,11,,327065,50,4,,1,56,,327020,50,4,,1,19,,327008,50,4,,1,18,,327013,50,4,,2,57,,327072,50,4,,1,18,,327029,50,4,,1,20,,327041,50,4,,1,67,,327021,50,4,,1,28,,327009,50,4,,1,25,,327052,50,4,,1,69,,327042,50,4,,1,29,,327022,50,4,,1,70,,327010,50,4,,1,30,,327053,50,4,,1,68,,327043,50,4,,1,30,,327023,50,4,,1,72,,327079,50,4,,2,32,,327044,50,4,,1
14102,'H54S200F-80-F2',522,,327083,50,4,,1,21,,327154,50,4,,2,70,,327147,50,4,,1,33,,327095,50,4,,1,77,,327155,50,4,,2,33,,327148,50,4,,1,62,,327111,50,4,,1,21,,327096,50,4,,1,63,,327116,50,4,,1,14,,327139,50,4,,1,14,,327156,50,4,,2,13,,327105,50,4,,1,15,,327149,50,4,,1,54,,327112,50,4,,1,15,,327117,50,4,,1,13,,327097,50,4,,1,12,,327080,50,4,,2,53,,327129,50,4,,1,13,,327140,50,4,,1,16,,327157,50,4,,1,13,,327135,50,4,,1,55,,327106,50,4,,1,14,,327113,50,4,,1,14,,327118,50,4,,1,13,,327098,50,4,,1,12,,327081,50,4,,2,51,,327130,50,4,,1,10,,327141,50,4,,1,10,,327086,50,4,,1,11,,327158,50,4,,1,10,,327136,50,4,,1,7,,327150,50,4,,1,47,,327126,50,4,,1,9,,327107,50,4,,1,11,,327114,50,4,,1,10,,327119,50,4,,1,9,,327144,50,4,,1,9,,327099,50,4,,1,9,,327082,50,4,,2,49,,327131,50,4,,1,9,,327142,50,4,,1,9,,327087,50,4,,1,8,,327092,50,4,,2,9,,327159,50,4,,1,8,,327137,50,4,,1,50,,327151,50,4,,1,9,,327127,50,4,,1,10,,327108,50,4,,1,10,,327115,50,4,,1,10,,327120,50,4,,1,10,,327145,50,4,,1,9,,327100,50,4,,1,50,,327132,50,4,,1,9,,327143,50,4,,1,11,,327088,50,4,,1,9,,327093,50,4,,2,7,,327084,50,4,,1,7,,327138,50,4,,1,49,,327152,50,4,,1,7,,327128,50,4,,1,10,,327109,50,4,,1,11,,327085,50,4,,2,11,,327121,50,4,,1,11,,327146,50,4,,1,56,,327101,50,4,,1,19,,327089,50,4,,1,18,,327094,50,4,,2,57,,327153,50,4,,1,18,,327110,50,4,,1,20,,327122,50,4,,1,67,,327102,50,4,,1,28,,327090,50,4,,1,25,,327133,50,4,,1,69,,327123,50,4,,1,29,,327103,50,4,,1,70,,327091,50,4,,1,30,,327134,50,4,,1,68,,327124,50,4,,1,30,,327104,50,4,,1,72,,327160,50,4,,2,32,,327125,50,4,,1
14102,'H57S000S-80-S',825,,327162,28,4,,1,9,,327161,50,4,,1,719,,327163,50,4,,1,81,,327166,50,4,,1,16,,327164,50,4,,1,60,,327165,50,4,,1
14102,'H59S000S-80-S',727,,327169,50,4,,1,889,,327168,50,4,,2,197,,327167,50,4,,1
18802,'H50S000S-82-S',1734,,336252,35,4,,2
18802,'H54S000S-80-S',622,,336258,39,4,,1,24,,336262,39,4,,2,66,,336260,39,4,,2,28,,336253,39,4,,1,89,,336263,39,4,,2,28,,336261,39,4,,2,67,,336256,39,4,,1,30,,336264,39,4,,2,589,,336254,35,4,,2,76,,336259,35,4,,1,37,,336255,35,4,,2,151,,336265,35,4,,1,38,,336266,35,4,,2,78,,336257,35,4,,1
18802,'H58S000S-83-S',805,,336267,39,4,,2
