9002,'H56S000A-80-A',625,,311636,27,0,10,1,30,,311692,27,0,10,1,70,,311643,27,0,10,1,32,,311693,27,0,10,1,71,,311637,27,0,10,1,29,,311642,27,0,10,1,75,,311666,27,0,10,1,73,,311657,27,0,10,1,29,,311648,27,0,10,1,70,,311672,27,0,10,1,26,,311667,27,0,10,1,26,,311658,27,0,10,1,64,,311694,27,0,10,1,22,,311649,27,0,10,1,61,,311673,27,0,10,1,21,,311653,27,0,10,1,21,,311679,27,0,10,1,60,,311659,27,0,10,1,19,,311695,27,0,10,1,17,,311650,27,0,10,1,13,,311668,27,0,10,1,54,,311674,27,0,10,1,14,,311654,27,0,10,1,14,,311688,27,0,10,1,14,,311677,27,0,10,2,54,,311680,27,0,10,1,12,,311660,27,0,10,1,11,,311696,27,0,10,1,12,,311651,27,0,10,1,13,,311669,27,0,10,1,52,,311675,27,0,10,1,13,,311655,27,0,10,1,12,,311691,27,0,10,2,10,,311689,27,0,10,1,11,,311678,27,0,10,2,52,,311681,27,0,10,1,12,,311641,27,0,10,2,10,,311661,27,0,10,1,12,,311652,27,0,10,1,11,,311656,27,0,10,1,12,,311670,27,0,10,1,52,,311676,27,0,10,1,12,,311644,27,0,10,1,15,,311690,27,0,10,1,19,,311682,27,0,10,1,61,,311662,27,0,10,1,20,,311686,27,0,10,2,20,,311671,27,0,10,1,58,,311645,27,0,10,1,20,,311684,27,0,10,1,20,,311683,27,0,10,1,60,,311663,27,0,10,1,20,,311687,27,0,10,2,19,,311638,27,0,10,1,61,,311646,27,0,10,1,20,,311685,27,0,10,1,65,,311664,27,0,10,1,32,,311639,27,0,10,1,72,,311647,27,0,10,1,29,,311665,27,0,10,1,73,,311640,27,0,10,1
9002,'H56S000I-80-I',631,,311702,27,0,10,1,28,,311728,27,0,10,1,69,,311706,27,0,10,1,29,,311734,27,0,10,1,76,,311703,27,0,10,1,73,,311707,27,0,10,1,29,,311715,27,0,10,1,70,,311735,27,0,10,1,33,,311736,27,0,10,1,70,,311708,27,0,10,1,31,,311711,27,0,10,2,71,,311723,27,0,10,1,31,,311716,27,0,10,1,69,,311709,27,0,10,1,31,,311712,27,0,10,2,64,,311724,27,0,10,1,25,,311729,27,0,10,2,24,,311717,27,0,10,1,60,,311710,27,0,10,1,20,,311725,27,0,10,1,20,,311713,27,0,10,2,59,,311722,27,0,10,1,21,,311730,27,0,10,2,21,,311718,27,0,10,1,57,,311704,27,0,10,1,18,,311714,27,0,10,2,19,,311726,27,0,10,1,58,,311699,27,0,10,1,19,,311731,27,0,10,2,21,,311719,27,0,10,1,63,,311705,27,0,10,1,28,,311727,27,0,10,1,69,,311700,27,0,10,1,29,,311720,27,0,10,1,67,,311738,27,0,10,1,29,,311737,27,0,10,2,70,,311701,27,0,10,1,30,,311721,27,0,10,1,71,,311732,27,0,10,1,29,,311739,27,0,10,1,72,,311697,27,0,10,1,32,,311733,27,0,10,1,71,,311740,27,0,10,1,31,,311698,27,0,10,1
9002,'H56S000S-82-S',609,,311813,27,0,10,1,24,,311811,27,0,10,1,23,,311756,27,0,10,1,59,,311766,27,0,10,1,18,,311771,27,0,10,1,23,,311772,27,0,10,1,60,,311773,27,0,10,2,20,,311774,27,0,10,1,19,,311743,27,0,10,1,62,,311757,27,0,10,1,27,,311781,27,0,10,1,70,,311814,27,0,10,1,30,,311775,27,0,10,1,70,,311758,27,0,10,1,28,,311782,27,0,10,1,66,,311767,27,0,10,1,27,,311752,27,0,10,1,22,,311776,27,0,10,1,61,,311778,27,0,10,1,18,,311759,27,0,10,1,18,,311783,27,0,10,1,59,,311768,27,0,10,1,16,,311741,27,0,10,1,15,,311784,27,0,10,1,10,,311753,27,0,10,1,50,,311777,27,0,10,1,11,,311786,27,0,10,1,12,,311779,27,0,10,1,13,,311812,27,0,10,2,12,,311760,27,0,10,1,49,,311795,27,0,10,2,10,,311809,27,0,10,1,9,,311769,27,0,10,1,7,,311810,27,0,10,2,7,,311804,27,0,10,1,8,,311792,27,0,10,2,8,,311742,27,0,10,1,7,,311785,27,0,10,1,46,,311796,27,0,10,2,6,,311754,27,0,10,1,5,,311805,27,0,10,1,6,,311801,27,0,10,2,6,,311787,27,0,10,1,6,,311800,27,0,10,2,6,,311802,27,0,10,1,7,,311780,27,0,10,1,7,,311806,27,0,10,2,48,,311815,27,0,10,1,7,,311761,27,0,10,1,7,,311794,27,0,10,2,5,,311808,27,0,10,1,8,,311770,27,0,10,1,6,,311788,27,0,10,1,10,,311750,27,0,10,1,11,,311793,27,0,10,2,52,,311797,27,0,10,1,12,,311755,27,0,10,1,11,,311745,27,0,10,1,11,,311803,27,0,10,1,10,,311744,27,0,10,1,53,,311762,27,0,10,1,15,,311807,27,0,10,2,18,,311789,27,0,10,1,19,,311798,27,0,10,1,59,,311749,27,0,10,2,20,,311746,27,0,10,1,20,,311763,27,0,10,1,58,,311751,27,0,10,2,20,,311790,27,0,10,1,68,,311799,27,0,10,1,29,,311747,27,0,10,1,73,,311764,27,0,10,1,32,,311791,27,0,10,1,68,,311748,27,0,10,1,33,,311765,27,0,10,1
9002,'H56S100F-80-F1',631,,311821,27,0,10,1,28,,311847,27,0,10,1,69,,311825,27,0,10,1,29,,311853,27,0,10,1,76,,311822,27,0,10,1,73,,311826,27,0,10,1,29,,311834,27,0,10,1,70,,311854,27,0,10,1,33,,311855,27,0,10,1,70,,311827,27,0,10,1,31,,311830,27,0,10,2,71,,311842,27,0,10,1,31,,311835,27,0,10,1,69,,311828,27,0,10,1,31,,311831,27,0,10,2,64,,311843,27,0,10,1,25,,311848,27,0,10,2,24,,311836,27,0,10,1,60,,311829,27,0,10,1,20,,311844,27,0,10,1,20,,311832,27,0,10,2,59,,311841,27,0,10,1,21,,311849,27,0,10,2,21,,311837,27,0,10,1,57,,311823,27,0,10,1,18,,311833,27,0,10,2,19,,311845,27,0,10,1,58,,311818,27,0,10,1,19,,311850,27,0,10,2,21,,311838,27,0,10,1,63,,311824,27,0,10,1,28,,311846,27,0,10,1,69,,311819,27,0,10,1,29,,311839,27,0,10,1,67,,311857,27,0,10,1,29,,311856,27,0,10,2,70,,311820,27,0,10,1,30,,311840,27,0,10,1,71,,311851,27,0,10,1,29,,311858,27,0,10,1,72,,311816,27,0,10,1,32,,311852,27,0,10,1,71,,311859,27,0,10,1,31,,311817,27,0,10,1
9002,'H56S200F-80-F2',631,,311865,27,0,10,1,28,,311891,27,0,10,1,69,,311869,27,0,10,1,29,,311897,27,0,10,1,76,,311866,27,0,10,1,73,,311870,27,0,10,1,29,,311878,27,0,10,1,70,,311898,27,0,10,1,33,,311899,27,0,10,1,70,,311871,27,0,10,1,31,,311874,27,0,10,2,71,,311886,27,0,10,1,31,,311879,27,0,10,1,69,,311872,27,0,10,1,31,,311875,27,0,10,2,64,,311887,27,0,10,1,25,,311892,27,0,10,2,24,,311880,27,0,10,1,60,,311873,27,0,10,1,20,,311888,27,0,10,1,20,,311876,27,0,10,2,59,,311885,27,0,10,1,21,,311893,27,0,10,2,21,,311881,27,0,10,1,57,,311867,27,0,10,1,18,,311877,27,0,10,2,19,,311889,27,0,10,1,58,,311862,27,0,10,1,19,,311894,27,0,10,2,21,,311882,27,0,10,1,63,,311868,27,0,10,1,28,,311890,27,0,10,1,69,,311863,27,0,10,1,29,,311883,27,0,10,1,67,,311901,27,0,10,1,29,,311900,27,0,10,2,70,,311864,27,0,10,1,30,,311884,27,0,10,1,71,,311895,27,0,10,1,29,,311902,27,0,10,1,72,,311860,27,0,10,1,32,,311896,27,0,10,1,71,,311903,27,0,10,1,31,,311861,27,0,10,1
12304,'H56S000A-80-A',551,,321866,4,0,9,1,71,,321885,4,0,9,1,31,,321867,4,0,9,1,72,,321886,4,0,9,1,33,,321868,4,0,9,1,73,,321887,4,0,9,1,73,,321869,4,0,9,1,33,,321888,4,0,9,1,73,,321870,4,0,9,1,33,,321889,4,0,9,1,72,,321871,4,0,9,1,32,,321890,4,0,9,1,72,,321872,4,0,9,1,30,,321877,4,0,9,1,68,,321891,4,0,9,1,28,,321873,4,0,9,1,67,,321878,4,0,9,1,28,,321892,4,0,9,1,68,,321874,4,0,9,1,30,,321879,4,0,9,1,70,,321893,4,0,9,1,29,,321875,4,0,9,1,69,,321880,4,0,9,1,29,,321894,4,0,9,1,69,,321876,4,0,9,1,31,,321881,4,0,9,1,71,,321895,4,0,9,1,31,,321882,4,0,9,1,72,,321896,4,0,9,1,32,,321883,4,0,9,1,72,,321897,4,0,9,1,32,,321884,4,0,9,1,72,,321898,4,0,9,1,32,,321901,4,0,9,1,70,,321899,4,0,9,1,32,,321902,4,0,9,1,71,,321900,4,0,9,1
12304,'H56S000I-80-I',549,,321903,4,0,9,1,72,,321921,4,0,9,1,31,,321904,4,0,9,1,72,,321922,4,0,9,1,33,,321905,4,0,9,1,73,,321923,4,0,9,1,73,,321906,4,0,9,1,34,,321924,4,0,9,1,73,,321907,4,0,9,1,34,,321925,4,0,9,1,75,,321908,4,0,9,1,34,,321926,4,0,9,1,75,,321909,4,0,9,1,76,,321927,4,0,9,1,36,,321910,4,0,9,1,76,,321928,4,0,9,1,36,,321911,4,0,9,1,75,,321929,4,0,9,1,75,,321912,4,0,9,1,35,,321930,4,0,9,1,75,,321913,4,0,9,1,35,,321931,4,0,9,1,75,,321914,4,0,9,1,33,,321932,4,0,9,1,74,,321915,4,0,9,1,72,,321933,4,0,9,1,33,,321916,4,0,9,1,72,,321934,4,0,9,1,33,,321917,4,0,9,1,72,,321935,4,0,9,1,32,,321918,4,0,9,1,72,,321936,4,0,9,1,30,,321919,4,0,9,1,72,,321937,4,0,9,1,30,,321920,4,0,9,1
12304,'H56S000S-82-S',532,,321955,4,0,9,1,73,,321948,4,0,9,1,19,,321974,4,0,9,2,18,,321956,4,0,9,1,73,,321949,4,0,9,1,30,,321975,4,0,9,2,71,,321957,4,0,9,1,30,,321950,4,0,9,1,67,,321952,4,0,9,1,30,,321958,4,0,9,1,71,,321951,4,0,9,1,31,,321953,4,0,9,1,70,,321959,4,0,9,1,32,,321971,4,0,9,1,73,,321938,4,0,9,1,32,,321961,4,0,9,1,72,,321962,4,0,9,1,32,,321954,4,0,9,1,73,,321960,4,0,9,1,73,,321972,4,0,9,1,34,,321963,4,0,9,2,73,,321966,4,0,9,2,33,,321973,4,0,9,1,73,,321964,4,0,9,2,32,,321967,4,0,9,2,72,,321941,4,0,9,1,32,,321965,4,0,9,2,72,,321968,4,0,9,2,31,,321942,4,0,9,1,71,,321939,4,0,9,2,31,,321969,4,0,9,2,71,,321943,4,0,9,1,30,,321940,4,0,9,2,70,,321970,4,0,9,2,30,,321944,4,0,9,1,71,,321946,4,0,9,2,72,,321945,4,0,9,1,33,,321947,4,0,9,2
12304,'H56S100F-80-F1',549,,321976,4,0,9,1,72,,321994,4,0,9,1,31,,321977,4,0,9,1,72,,321995,4,0,9,1,33,,321978,4,0,9,1,73,,321996,4,0,9,1,73,,321979,4,0,9,1,34,,321997,4,0,9,1,73,,321980,4,0,9,1,34,,321998,4,0,9,1,75,,321981,4,0,9,1,34,,321999,4,0,9,1,75,,321982,4,0,9,1,76,,322000,4,0,9,1,36,,321983,4,0,9,1,76,,322001,4,0,9,1,36,,321984,4,0,9,1,75,,322002,4,0,9,1,75,,321985,4,0,9,1,35,,322003,4,0,9,1,75,,321986,4,0,9,1,35,,322004,4,0,9,1,75,,321987,4,0,9,1,33,,322005,4,0,9,1,74,,321988,4,0,9,1,72,,322006,4,0,9,1,33,,321989,4,0,9,1,72,,322007,4,0,9,1,33,,321990,4,0,9,1,72,,322008,4,0,9,1,32,,321991,4,0,9,1,72,,322009,4,0,9,1,30,,321992,4,0,9,1,72,,322010,4,0,9,1,30,,321993,4,0,9,1
12304,'H56S200F-80-F2',549,,322011,4,0,9,1,72,,322029,4,0,9,1,31,,322012,4,0,9,1,72,,322030,4,0,9,1,33,,322013,4,0,9,1,73,,322031,4,0,9,1,73,,322014,4,0,9,1,34,,322032,4,0,9,1,73,,322015,4,0,9,1,34,,322033,4,0,9,1,75,,322016,4,0,9,1,34,,322034,4,0,9,1,75,,322017,4,0,9,1,76,,322035,4,0,9,1,36,,322018,4,0,9,1,76,,322036,4,0,9,1,36,,322019,4,0,9,1,75,,322037,4,0,9,1,75,,322020,4,0,9,1,35,,322038,4,0,9,1,75,,322021,4,0,9,1,35,,322039,4,0,9,1,75,,322022,4,0,9,1,33,,322040,4,0,9,1,74,,322023,4,0,9,1,72,,322041,4,0,9,1,33,,322024,4,0,9,1,72,,322042,4,0,9,1,33,,322025,4,0,9,1,72,,322043,4,0,9,1,32,,322026,4,0,9,1,72,,322044,4,0,9,1,30,,322027,4,0,9,1,72,,322045,4,0,9,1,30,,322028,4,0,9,1
35602,'H56S000A-80-A',2551,,346236,59,0,10,2,58,,346225,59,0,10,1,14,,346232,59,0,10,1,14,,346226,59,0,10,1,14,,346227,59,0,10,2,52,,346231,59,0,10,1,12,,346224,59,0,10,1,13,,346238,59,0,10,1,13,,346230,59,0,10,1,13,,346228,59,0,10,1,53,,346229,59,0,10,1,13,,346234,59,0,10,2,13,,346233,59,0,10,2,13,,346237,59,0,10,2,13,,346235,59,0,10,1
35602,'H56S000I-80-I',2548,,346239,59,0,10,1,88,,346242,59,0,10,1,85,,346241,59,0,10,1,88,,346240,59,0,10,1,41,,346243,59,0,10,2
35602,'H56S000S-82-S',2543,,346244,59,0,10,1,86,,346249,59,0,10,2,85,,346248,59,0,10,1,27,,346246,59,0,10,2,65,,346245,59,0,10,1,25,,346247,59,0,10,2,25,,346250,59,0,10,1
35602,'H56S100F-80-F1',2548,,346251,59,0,10,1,88,,346254,59,0,10,1,85,,346253,59,0,10,1,88,,346252,59,0,10,1,41,,346255,59,0,10,2
35602,'H56S200F-80-F2',2548,,346256,59,0,10,1,88,,346259,59,0,10,1,85,,346258,59,0,10,1,88,,346257,59,0,10,1,41,,346260,59,0,10,2
