1703,'H56S000S-82-S',514,,289684,6,0,8,1,25,,289685,6,0,8,1
1703,'H60S000A-80-A',454,,289686,6,0,8,1,85,,289698,6,0,8,1,75,,289687,6,0,8,1,44,,289699,6,0,8,1,76,,289688,6,0,8,1,84,,289700,6,0,8,1,84,,289689,6,0,8,1,45,,289701,6,0,8,1,79,,289707,6,0,8,1,85,,289690,6,0,8,1,43,,289702,6,0,8,1,82,,289708,6,0,8,1,81,,289691,6,0,8,1,42,,289703,6,0,8,1,81,,289709,6,0,8,1,81,,289692,6,0,8,1,81,,289704,6,0,8,1,40,,289710,6,0,8,1,79,,289693,6,0,8,1,79,,289705,6,0,8,1,38,,289711,6,0,8,1,78,,289694,6,0,8,1,36,,289706,6,0,8,1,73,,289712,6,0,8,1,85,,289695,6,0,8,1,41,,289713,6,0,8,1,85,,289696,6,0,8,1,81,,289714,6,0,8,1,42,,289697,6,0,8,1,81,,289715,6,0,8,1
1703,'H60S000I-81-I',500,,289745,6,0,8,1,30,,289724,6,0,8,1,74,,289716,6,0,8,1,44,,289725,6,0,8,1,75,,289717,6,0,8,1,84,,289726,6,0,8,1,36,,289718,6,0,8,1,85,,289727,6,0,8,1,83,,289719,6,0,8,1,45,,289728,6,0,8,1,83,,289720,6,0,8,1,76,,289737,6,0,8,1,40,,289729,6,0,8,1,80,,289721,6,0,8,1,80,,289738,6,0,8,1,40,,289730,6,0,8,1,80,,289722,6,0,8,1,81,,289739,6,0,8,1,42,,289731,6,0,8,1,82,,289723,6,0,8,1,80,,289740,6,0,8,1,84,,289732,6,0,8,1,44,,289741,6,0,8,1,84,,289733,6,0,8,1,82,,289742,6,0,8,1,43,,289734,6,0,8,1,82,,289743,6,0,8,1,82,,289735,6,0,8,1,82,,289744,6,0,8,1,42,,289736,6,0,8,1
1703,'H60S000S-83-S',453,,289750,6,0,8,1,71,,289746,6,0,8,1,32,,289760,6,0,8,1,73,,289751,6,0,8,1,74,,289747,6,0,8,1,33,,289761,6,0,8,1,73,,289771,6,0,8,1,33,,289752,6,0,8,1,73,,289748,6,0,8,1,33,,289762,6,0,8,1,75,,289772,6,0,8,1,35,,289753,6,0,8,1,75,,289763,6,0,8,1,77,,289773,6,0,8,1,37,,289754,6,0,8,1,77,,289764,6,0,8,1,34,,289777,6,0,8,1,71,,289774,6,0,8,1,27,,289755,6,0,8,1,69,,289765,6,0,8,1,33,,289778,6,0,8,1,73,,289775,6,0,8,1,72,,289756,6,0,8,1,33,,289766,6,0,8,1,72,,289779,6,0,8,1,30,,289776,6,0,8,1,68,,289757,6,0,8,1,31,,289767,6,0,8,1,71,,289780,6,0,8,1,31,,289758,6,0,8,1,71,,289768,6,0,8,1,30,,289781,6,0,8,1,70,,289759,6,0,8,1,32,,289769,6,0,8,1,79,,289782,6,0,8,1,84,,289770,6,0,8,1,36,,289783,6,0,8,1
1703,'H60S100F-80-F1',500,,289813,6,0,8,1,30,,289792,6,0,8,1,74,,289784,6,0,8,1,44,,289793,6,0,8,1,75,,289785,6,0,8,1,84,,289794,6,0,8,1,36,,289786,6,0,8,1,85,,289795,6,0,8,1,83,,289787,6,0,8,1,45,,289796,6,0,8,1,83,,289788,6,0,8,1,76,,289805,6,0,8,1,40,,289797,6,0,8,1,80,,289789,6,0,8,1,80,,289806,6,0,8,1,40,,289798,6,0,8,1,80,,289790,6,0,8,1,81,,289807,6,0,8,1,42,,289799,6,0,8,1,82,,289791,6,0,8,1,80,,289808,6,0,8,1,84,,289800,6,0,8,1,44,,289809,6,0,8,1,84,,289801,6,0,8,1,82,,289810,6,0,8,1,43,,289802,6,0,8,1,82,,289811,6,0,8,1,82,,289803,6,0,8,1,82,,289812,6,0,8,1,42,,289804,6,0,8,1
1703,'H60S200F-80-F2',500,,289843,6,0,8,1,30,,289822,6,0,8,1,74,,289814,6,0,8,1,44,,289823,6,0,8,1,75,,289815,6,0,8,1,84,,289824,6,0,8,1,36,,289816,6,0,8,1,85,,289825,6,0,8,1,83,,289817,6,0,8,1,45,,289826,6,0,8,1,83,,289818,6,0,8,1,76,,289835,6,0,8,1,40,,289827,6,0,8,1,80,,289819,6,0,8,1,80,,289836,6,0,8,1,40,,289828,6,0,8,1,80,,289820,6,0,8,1,81,,289837,6,0,8,1,42,,289829,6,0,8,1,82,,289821,6,0,8,1,80,,289838,6,0,8,1,84,,289830,6,0,8,1,44,,289839,6,0,8,1,84,,289831,6,0,8,1,82,,289840,6,0,8,1,43,,289832,6,0,8,1,82,,289841,6,0,8,1,82,,289833,6,0,8,1,82,,289842,6,0,8,1,42,,289834,6,0,8,1
37103,'H50S000A-82-A',2537,,347082,12,0,8,2,71,,347084,12,0,8,1,28,,347080,12,0,8,2,71,,347086,12,0,8,1,30,,347083,12,0,8,2,70,,347085,12,0,8,1,29,,347081,12,0,8,2
37103,'H50S000I-82-I',2537,,347090,12,0,8,2,70,,347087,12,0,8,2,30,,347089,12,0,8,2,70,,347092,12,0,8,1,30,,347091,12,0,8,2,70,,347088,12,0,8,2,30,,347093,12,0,8,1
37103,'H50S000S-82-S',2537,,347096,12,0,8,2,70,,347094,12,0,8,1,30,,347098,12,0,8,2,68,,347100,12,0,8,1,32,,347097,12,0,8,2,70,,347095,12,0,8,1,30,,347099,12,0,8,2
37103,'H50S100F-80-F1',2537,,347104,12,0,8,2,70,,347101,12,0,8,2,30,,347103,12,0,8,2,70,,347106,12,0,8,1,30,,347105,12,0,8,2,70,,347102,12,0,8,2,30,,347107,12,0,8,1
37103,'H50S200F-80-F2',2537,,347111,12,0,8,2,70,,347108,12,0,8,2,30,,347110,12,0,8,2,70,,347113,12,0,8,1,30,,347112,12,0,8,2,70,,347109,12,0,8,2,30,,347114,12,0,8,1
