14401,'H51S000A-80-A',518,,327194,14,0,5,1,22,,327170,14,0,5,2,62,,327195,14,0,5,1,22,,327171,14,0,5,2,22,,327196,14,0,5,1,62,,327172,14,0,5,2,22,,327197,14,0,5,1,21,,327173,14,0,5,2,61,,327198,14,0,5,1,21,,327174,14,0,5,2,21,,327199,14,0,5,1,61,,327175,14,0,5,2,22,,327200,14,0,5,1,22,,327176,14,0,5,2,62,,327201,14,0,5,1,23,,327177,14,0,5,2,64,,327202,14,0,5,1,24,,327178,14,0,5,2,26,,327203,14,0,5,1,68,,327179,14,0,5,2,27,,327204,14,0,5,1,67,,327180,14,0,5,2,27,,327205,14,0,5,1,67,,327181,14,0,5,2,27,,327206,14,0,5,1,68,,327182,14,0,5,2,27,,327207,14,0,5,1,65,,327183,14,0,5,2,26,,327208,14,0,5,1,26,,327184,14,0,5,2,66,,327209,14,0,5,1,26,,327185,14,0,5,2,66,,327210,14,0,5,1,26,,327186,14,0,5,2,66,,327211,14,0,5,1,26,,327187,14,0,5,2,26,,327212,14,0,5,1,66,,327188,14,0,5,2,26,,327213,14,0,5,1,65,,327189,14,0,5,2,24,,327214,14,0,5,1,64,,327190,14,0,5,2,22,,327215,14,0,5,1,22,,327191,14,0,5,2,62,,327216,14,0,5,1,22,,327220,14,0,5,2,22,,327192,14,0,5,2,61,,327219,14,0,5,2,22,,327217,14,0,5,1,21,,327221,14,0,5,2,60,,327193,14,0,5,2,21,,327218,14,0,5,1
14401,'H51S000I-80-I',520,,327248,14,0,5,1,22,,327222,14,0,5,2,62,,327249,14,0,5,1,23,,327223,14,0,5,2,22,,327250,14,0,5,1,62,,327224,14,0,5,2,22,,327251,14,0,5,1,22,,327225,14,0,5,2,62,,327252,14,0,5,1,22,,327226,14,0,5,2,62,,327253,14,0,5,1,21,,327227,14,0,5,2,20,,327254,14,0,5,1,61,,327228,14,0,5,2,20,,327255,14,0,5,1,22,,327229,14,0,5,2,62,,327256,14,0,5,1,22,,327230,14,0,5,2,23,,327257,14,0,5,1,62,,327231,14,0,5,2,25,,327258,14,0,5,1,68,,327232,14,0,5,2,28,,327259,14,0,5,1,68,,327233,14,0,5,2,28,,327260,14,0,5,1,28,,327234,14,0,5,2,68,,327261,14,0,5,1,28,,327235,14,0,5,2,68,,327262,14,0,5,1,28,,327236,14,0,5,2,68,,327263,14,0,5,1,26,,327237,14,0,5,2,66,,327264,14,0,5,1,26,,327238,14,0,5,2,66,,327265,14,0,5,1,24,,327239,14,0,5,2,26,,327266,14,0,5,1,66,,327240,14,0,5,2,26,,327267,14,0,5,1,64,,327241,14,0,5,2,24,,327268,14,0,5,1,24,,327242,14,0,5,2,62,,327269,14,0,5,1,21,,327243,14,0,5,2,62,,327270,14,0,5,1,22,,327244,14,0,5,2,22,,327271,14,0,5,1,62,,327245,14,0,5,2,22,,327272,14,0,5,1,21,,327246,14,0,5,2,62,,327273,14,0,5,1,23,,327247,14,0,5,2
14401,'H51S000S-81-S',528,,327295,14,0,5,2,28,,327274,14,0,5,1,68,,327296,14,0,5,2,31,,327275,14,0,5,1,70,,327297,14,0,5,2,34,,327276,14,0,5,1,70,,327298,14,0,5,2,29,,327277,14,0,5,1,70,,327299,14,0,5,2,29,,327278,14,0,5,1,70,,327300,14,0,5,2,30,,327279,14,0,5,1,70,,327301,14,0,5,2,30,,327280,14,0,5,1,70,,327302,14,0,5,2,30,,327281,14,0,5,1,69,,327303,14,0,5,2,28,,327282,14,0,5,1,68,,327304,14,0,5,2,28,,327283,14,0,5,1,69,,327305,14,0,5,2,29,,327284,14,0,5,1,68,,327306,14,0,5,2,28,,327285,14,0,5,1,70,,327307,14,0,5,2,29,,327286,14,0,5,1,70,,327308,14,0,5,2,29,,327287,14,0,5,1,70,,327309,14,0,5,2,30,,327288,14,0,5,1,68,,327310,14,0,5,2,30,,327289,14,0,5,1,70,,327311,14,0,5,2,29,,327290,14,0,5,1,70,,327312,14,0,5,2,30,,327291,14,0,5,1,70,,327313,14,0,5,2,30,,327292,14,0,5,1,70,,327314,14,0,5,2,30,,327293,14,0,5,1,70,,327315,14,0,5,2,30,,327294,14,0,5,1
14401,'H51S100F-80-F1',520,,327343,14,0,5,1,22,,327317,14,0,5,2,62,,327344,14,0,5,1,23,,327318,14,0,5,2,22,,327345,14,0,5,1,62,,327319,14,0,5,2,22,,327346,14,0,5,1,22,,327320,14,0,5,2,62,,327347,14,0,5,1,22,,327321,14,0,5,2,62,,327348,14,0,5,1,21,,327322,14,0,5,2,20,,327349,14,0,5,1,61,,327323,14,0,5,2,20,,327350,14,0,5,1,22,,327324,14,0,5,2,62,,327351,14,0,5,1,22,,327325,14,0,5,2,23,,327352,14,0,5,1,62,,327326,14,0,5,2,25,,327353,14,0,5,1,68,,327327,14,0,5,2,28,,327354,14,0,5,1,68,,327328,14,0,5,2,28,,327355,14,0,5,1,28,,327329,14,0,5,2,68,,327356,14,0,5,1,28,,327330,14,0,5,2,68,,327357,14,0,5,1,28,,327331,14,0,5,2,68,,327358,14,0,5,1,26,,327332,14,0,5,2,66,,327359,14,0,5,1,26,,327333,14,0,5,2,66,,327360,14,0,5,1,24,,327334,14,0,5,2,26,,327361,14,0,5,1,66,,327335,14,0,5,2,26,,327362,14,0,5,1,64,,327336,14,0,5,2,24,,327363,14,0,5,1,24,,327337,14,0,5,2,62,,327364,14,0,5,1,21,,327338,14,0,5,2,62,,327365,14,0,5,1,22,,327339,14,0,5,2,22,,327366,14,0,5,1,62,,327340,14,0,5,2,22,,327367,14,0,5,1,21,,327341,14,0,5,2,62,,327316,14,0,5,1,23,,327342,14,0,5,2
14401,'H51S200F-80-F2',520,,327395,14,0,5,1,22,,327369,14,0,5,2,62,,327396,14,0,5,1,23,,327370,14,0,5,2,22,,327397,14,0,5,1,62,,327371,14,0,5,2,22,,327398,14,0,5,1,22,,327372,14,0,5,2,62,,327399,14,0,5,1,22,,327373,14,0,5,2,62,,327400,14,0,5,1,21,,327374,14,0,5,2,20,,327401,14,0,5,1,61,,327375,14,0,5,2,20,,327402,14,0,5,1,22,,327376,14,0,5,2,62,,327403,14,0,5,1,22,,327377,14,0,5,2,23,,327404,14,0,5,1,62,,327378,14,0,5,2,25,,327405,14,0,5,1,68,,327379,14,0,5,2,28,,327406,14,0,5,1,68,,327380,14,0,5,2,28,,327407,14,0,5,1,28,,327381,14,0,5,2,68,,327408,14,0,5,1,28,,327382,14,0,5,2,68,,327409,14,0,5,1,28,,327383,14,0,5,2,68,,327410,14,0,5,1,26,,327384,14,0,5,2,66,,327411,14,0,5,1,26,,327385,14,0,5,2,66,,327412,14,0,5,1,24,,327386,14,0,5,2,26,,327413,14,0,5,1,66,,327387,14,0,5,2,26,,327414,14,0,5,1,64,,327388,14,0,5,2,24,,327415,14,0,5,1,24,,327389,14,0,5,2,62,,327416,14,0,5,1,21,,327390,14,0,5,2,62,,327417,14,0,5,1,22,,327391,14,0,5,2,22,,327418,14,0,5,1,62,,327392,14,0,5,2,22,,327419,14,0,5,1,21,,327393,14,0,5,2,62,,327368,14,0,5,1,23,,327394,14,0,5,2
36001,'H56S000A-80-A',2610,,346492,14,0,5,1,45,,346488,14,0,5,2,85,,346489,14,0,5,1,85,,346490,14,0,5,1,85,,346491,14,0,5,1
36001,'H56S000I-80-I',2609,,346495,14,0,5,1,45,,346493,14,0,5,1,85,,346497,14,0,5,2,84,,346494,14,0,5,1,86,,346496,14,0,5,2
36001,'H56S000S-82-S',2609,,346498,14,0,5,1,45,,346500,14,0,5,1,85,,346499,14,0,5,1,85,,346501,14,0,5,1,85,,346502,14,0,5,2
36001,'H56S100F-80-F1',2609,,346505,14,0,5,1,45,,346503,14,0,5,1,85,,346507,14,0,5,2,84,,346504,14,0,5,1,86,,346506,14,0,5,2
36001,'H56S200F-80-F2',2609,,346510,14,0,5,1,45,,346508,14,0,5,1,85,,346512,14,0,5,2,84,,346509,14,0,5,1,86,,346511,14,0,5,2
