7901,'H58S000A-80-A',511,,309231,22,0,5,1,40,,309235,22,0,5,2,74,,309244,22,0,5,2,27,,309232,22,0,5,1,70,,309236,22,0,5,2,30,,309249,22,0,5,2,71,,309237,22,0,5,1,30,,309242,22,0,5,2,70,,309245,22,0,5,2,31,,309233,22,0,5,1,70,,309266,22,0,5,2,30,,309246,22,0,5,2,70,,309238,22,0,5,1,30,,309243,22,0,5,2,70,,309250,22,0,5,2,30,,309234,22,0,5,1,70,,309267,22,0,5,2,30,,309247,22,0,5,2,70,,309239,22,0,5,1,33,,309268,22,0,5,2,73,,309251,22,0,5,2,73,,309240,22,0,5,1,21,,309272,22,0,5,2,30,,309248,22,0,5,2,70,,309263,22,0,5,1,30,,309269,22,0,5,2,71,,309252,22,0,5,2,31,,309241,22,0,5,1,69,,309255,22,0,5,1,30,,309261,22,0,5,1,69,,309264,22,0,5,1,29,,309256,22,0,5,1,68,,309253,22,0,5,2,30,,309270,22,0,5,1,70,,309258,22,0,5,2,30,,309262,22,0,5,1,70,,309271,22,0,5,1,30,,309259,22,0,5,2,70,,309254,22,0,5,2,30,,309265,22,0,5,1,70,,309260,22,0,5,2,26,,309257,22,0,5,1
7901,'H58S000I-80-I',512,,309273,22,0,5,1,40,,309277,22,0,5,1,74,,309297,22,0,5,2,26,,309274,22,0,5,1,70,,309278,22,0,5,1,30,,309280,22,0,5,2,71,,309284,22,0,5,1,30,,309300,22,0,5,1,70,,309276,22,0,5,2,31,,309275,22,0,5,1,70,,309279,22,0,5,1,30,,309281,22,0,5,2,70,,309285,22,0,5,1,30,,309301,22,0,5,1,70,,309282,22,0,5,2,30,,309305,22,0,5,2,70,,309302,22,0,5,1,30,,309290,22,0,5,2,70,,309286,22,0,5,1,33,,309307,22,0,5,2,73,,309283,22,0,5,2,73,,309306,22,0,5,2,21,,309304,22,0,5,1,30,,309291,22,0,5,2,70,,309287,22,0,5,1,30,,309308,22,0,5,2,70,,309292,22,0,5,2,30,,309288,22,0,5,1,69,,309309,22,0,5,2,30,,309293,22,0,5,2,69,,309289,22,0,5,1,30,,309303,22,0,5,1,70,,309294,22,0,5,2,30,,309310,22,0,5,2,70,,309298,22,0,5,1,30,,309295,22,0,5,2,70,,309311,22,0,5,2,30,,309299,22,0,5,1,70,,309313,22,0,5,2,30,,309312,22,0,5,2,60,,309296,22,0,5,2
7901,'H58S000S-83-S',610,,309318,22,0,5,2,15,,309356,22,0,5,2,16,,309322,22,0,5,1,16,,309357,22,0,5,2,57,,309325,22,0,5,2,15,,309358,22,0,5,2,16,,309319,22,0,5,2,57,,309359,22,0,5,2,16,,309314,22,0,5,1,31,,309326,22,0,5,2,67,,309329,22,0,5,1,28,,309320,22,0,5,2,70,,309315,22,0,5,1,30,,309327,22,0,5,2,70,,309342,22,0,5,1,30,,309321,22,0,5,2,70,,309340,22,0,5,1,30,,309316,22,0,5,1,70,,309328,22,0,5,2,29,,309343,22,0,5,1,69,,309341,22,0,5,1,16,,309360,22,0,5,2,15,,309335,22,0,5,1,15,,309361,22,0,5,2,56,,309317,22,0,5,1,13,,309362,22,0,5,2,14,,309347,22,0,5,2,13,,309363,22,0,5,2,53,,309350,22,0,5,2,19,,309336,22,0,5,1,20,,309323,22,0,5,1,59,,309330,22,0,5,1,19,,309354,22,0,5,2,20,,309349,22,0,5,2,60,,309348,22,0,5,2,20,,309331,22,0,5,1,22,,309324,22,0,5,1,66,,309355,22,0,5,2,30,,309337,22,0,5,2,69,,309332,22,0,5,1,31,,309344,22,0,5,1,72,,309351,22,0,5,1,32,,309338,22,0,5,2,73,,309333,22,0,5,1,33,,309345,22,0,5,1,68,,309352,22,0,5,1,28,,309339,22,0,5,2,59,,309334,22,0,5,1,31,,309346,22,0,5,1,73,,309353,22,0,5,1
7901,'H58S100F-80-F1',512,,309365,22,0,5,1,40,,309374,22,0,5,2,74,,309384,22,0,5,1,26,,309366,22,0,5,1,70,,309375,22,0,5,2,30,,309385,22,0,5,1,71,,309376,22,0,5,1,30,,309378,22,0,5,2,70,,309393,22,0,5,1,31,,309367,22,0,5,1,70,,309364,22,0,5,1,30,,309394,22,0,5,1,70,,309368,22,0,5,1,30,,309379,22,0,5,2,70,,309386,22,0,5,1,30,,309369,22,0,5,1,70,,309395,22,0,5,1,30,,309382,22,0,5,2,70,,309370,22,0,5,1,33,,309380,22,0,5,2,73,,309387,22,0,5,1,73,,309399,22,0,5,1,21,,309396,22,0,5,1,30,,309383,22,0,5,2,70,,309371,22,0,5,1,30,,309381,22,0,5,2,70,,309388,22,0,5,1,30,,309400,22,0,5,1,69,,309377,22,0,5,2,30,,309389,22,0,5,1,69,,309401,22,0,5,1,30,,309397,22,0,5,1,70,,309390,22,0,5,1,30,,309402,22,0,5,2,70,,309372,22,0,5,1,30,,309391,22,0,5,1,70,,309403,22,0,5,2,30,,309373,22,0,5,1,70,,309398,22,0,5,1,30,,309404,22,0,5,2,60,,309392,22,0,5,1
7901,'H58S200F-80-F2',512,,309421,22,0,5,1,40,,309405,22,0,5,2,74,,309420,22,0,5,1,26,,309422,22,0,5,1,70,,309406,22,0,5,2,30,,309432,22,0,5,1,71,,309413,22,0,5,1,30,,309428,22,0,5,2,70,,309417,22,0,5,1,31,,309423,22,0,5,1,70,,309415,22,0,5,1,30,,309418,22,0,5,1,70,,309424,22,0,5,1,30,,309429,22,0,5,2,70,,309433,22,0,5,1,30,,309425,22,0,5,1,70,,309407,22,0,5,1,30,,309411,22,0,5,2,70,,309426,22,0,5,1,33,,309430,22,0,5,2,73,,309434,22,0,5,1,73,,309440,22,0,5,1,21,,309408,22,0,5,1,30,,309412,22,0,5,2,70,,309427,22,0,5,1,30,,309431,22,0,5,2,70,,309435,22,0,5,1,30,,309441,22,0,5,1,69,,309416,22,0,5,2,30,,309436,22,0,5,1,69,,309442,22,0,5,1,30,,309414,22,0,5,1,70,,309437,22,0,5,1,30,,309443,22,0,5,2,70,,309409,22,0,5,1,30,,309438,22,0,5,1,70,,309444,22,0,5,2,30,,309410,22,0,5,1,70,,309419,22,0,5,1,30,,309445,22,0,5,2,60,,309439,22,0,5,1
7901,'H60S000S-83-S',452,,309446,22,0,5,1,60,,309447,22,0,5,2,26,,309448,22,0,5,1
38201,'H60S000A-80-A',2629,,347353,60,0,5,1,85,,347355,60,0,5,1,45,,347354,60,0,5,1,85,,347356,60,0,5,1
38201,'H60S000I-81-I',2629,,347357,60,0,5,1,85,,347360,60,0,5,1,45,,347359,60,0,5,1,85,,347358,60,0,5,1
38201,'H60S000S-83-S',2623,,347362,60,0,5,1,89,,347363,60,0,5,1,45,,347361,60,0,5,2,88,,347364,60,0,5,1
38201,'H60S100F-80-F1',2629,,347366,60,0,5,2,85,,347368,60,0,5,1,45,,347367,60,0,5,1,85,,347365,60,0,5,1
38201,'H60S200F-80-F2',2629,,347370,60,0,5,2,85,,347372,60,0,5,1,45,,347371,60,0,5,1,85,,347369,60,0,5,1
