7901,'H58S000A-80-A',507,,309231,16,0,5,1,40,,309235,16,0,5,2,74,,309244,16,0,5,2,27,,309232,16,0,5,1,70,,309236,16,0,5,2,30,,309249,16,0,5,2,70,,309237,16,0,5,1,30,,309242,16,0,5,2,70,,309245,16,0,5,2,31,,309233,16,0,5,1,70,,309266,16,0,5,2,30,,309246,16,0,5,2,70,,309238,16,0,5,1,30,,309243,16,0,5,2,70,,309250,16,0,5,2,30,,309234,16,0,5,1,70,,309267,16,0,5,2,30,,309247,16,0,5,2,70,,309239,16,0,5,1,33,,309268,16,0,5,2,73,,309251,16,0,5,2,33,,309240,16,0,5,1,61,,309272,16,0,5,2,30,,309248,16,0,5,2,70,,309263,16,0,5,1,30,,309269,16,0,5,2,71,,309252,16,0,5,2,31,,309241,16,0,5,1,70,,309255,16,0,5,1,30,,309261,16,0,5,1,69,,309264,16,0,5,1,29,,309256,16,0,5,1,68,,309253,16,0,5,2,30,,309270,16,0,5,1,70,,309258,16,0,5,2,30,,309262,16,0,5,1,70,,309271,16,0,5,1,30,,309259,16,0,5,2,70,,309254,16,0,5,2,30,,309265,16,0,5,1,70,,309260,16,0,5,2,26,,309257,16,0,5,1
7901,'H58S000I-80-I',508,,309273,16,0,5,1,40,,309277,16,0,5,1,74,,309297,16,0,5,2,26,,309274,16,0,5,1,70,,309278,16,0,5,1,30,,309280,16,0,5,2,70,,309284,16,0,5,1,30,,309300,16,0,5,1,70,,309276,16,0,5,2,31,,309275,16,0,5,1,70,,309279,16,0,5,1,30,,309281,16,0,5,2,70,,309285,16,0,5,1,30,,309301,16,0,5,1,70,,309282,16,0,5,2,30,,309305,16,0,5,2,70,,309302,16,0,5,1,30,,309290,16,0,5,2,70,,309286,16,0,5,1,33,,309307,16,0,5,2,73,,309283,16,0,5,2,33,,309306,16,0,5,2,61,,309304,16,0,5,1,30,,309291,16,0,5,2,70,,309287,16,0,5,1,30,,309308,16,0,5,2,70,,309292,16,0,5,2,30,,309288,16,0,5,1,70,,309309,16,0,5,2,30,,309293,16,0,5,2,69,,309289,16,0,5,1,30,,309303,16,0,5,1,70,,309294,16,0,5,2,30,,309310,16,0,5,2,70,,309298,16,0,5,1,30,,309295,16,0,5,2,70,,309311,16,0,5,2,30,,309299,16,0,5,1,70,,309313,16,0,5,2,30,,309312,16,0,5,2,60,,309296,16,0,5,2
7901,'H58S000S-83-S',605,,309318,16,0,5,2,15,,309356,16,0,5,2,16,,309322,16,0,5,1,16,,309357,16,0,5,2,56,,309325,16,0,5,2,15,,309358,16,0,5,2,16,,309319,16,0,5,2,17,,309359,16,0,5,2,56,,309314,16,0,5,1,31,,309326,16,0,5,2,68,,309329,16,0,5,1,28,,309320,16,0,5,2,70,,309315,16,0,5,1,30,,309327,16,0,5,2,70,,309342,16,0,5,1,30,,309321,16,0,5,2,70,,309340,16,0,5,1,30,,309316,16,0,5,1,70,,309328,16,0,5,2,29,,309343,16,0,5,1,69,,309341,16,0,5,1,16,,309360,16,0,5,2,15,,309335,16,0,5,1,15,,309361,16,0,5,2,56,,309317,16,0,5,1,13,,309362,16,0,5,2,13,,309347,16,0,5,2,13,,309363,16,0,5,2,53,,309350,16,0,5,2,20,,309336,16,0,5,1,20,,309323,16,0,5,1,59,,309330,16,0,5,1,19,,309354,16,0,5,2,20,,309349,16,0,5,2,20,,309348,16,0,5,2,60,,309331,16,0,5,1,22,,309324,16,0,5,1,67,,309355,16,0,5,2,30,,309337,16,0,5,2,69,,309332,16,0,5,1,31,,309344,16,0,5,1,72,,309351,16,0,5,1,32,,309338,16,0,5,2,73,,309333,16,0,5,1,33,,309345,16,0,5,1,68,,309352,16,0,5,1,28,,309339,16,0,5,2,59,,309334,16,0,5,1,31,,309346,16,0,5,1,73,,309353,16,0,5,1
7901,'H58S100F-80-F1',508,,309365,16,0,5,1,40,,309374,16,0,5,2,74,,309384,16,0,5,1,26,,309366,16,0,5,1,70,,309375,16,0,5,2,30,,309385,16,0,5,1,70,,309376,16,0,5,1,30,,309378,16,0,5,2,70,,309393,16,0,5,1,31,,309367,16,0,5,1,70,,309364,16,0,5,1,30,,309394,16,0,5,1,70,,309368,16,0,5,1,30,,309379,16,0,5,2,70,,309386,16,0,5,1,30,,309369,16,0,5,1,70,,309395,16,0,5,1,30,,309382,16,0,5,2,70,,309370,16,0,5,1,33,,309380,16,0,5,2,73,,309387,16,0,5,1,33,,309399,16,0,5,1,61,,309396,16,0,5,1,30,,309383,16,0,5,2,70,,309371,16,0,5,1,30,,309381,16,0,5,2,70,,309388,16,0,5,1,30,,309400,16,0,5,1,70,,309377,16,0,5,2,30,,309389,16,0,5,1,69,,309401,16,0,5,1,30,,309397,16,0,5,1,70,,309390,16,0,5,1,30,,309402,16,0,5,2,70,,309372,16,0,5,1,30,,309391,16,0,5,1,70,,309403,16,0,5,2,30,,309373,16,0,5,1,70,,309398,16,0,5,1,30,,309404,16,0,5,2,60,,309392,16,0,5,1
7901,'H58S200F-80-F2',508,,309421,16,0,5,1,40,,309405,16,0,5,2,74,,309420,16,0,5,1,26,,309422,16,0,5,1,70,,309406,16,0,5,2,30,,309432,16,0,5,1,70,,309413,16,0,5,1,30,,309428,16,0,5,2,70,,309417,16,0,5,1,31,,309423,16,0,5,1,70,,309415,16,0,5,1,30,,309418,16,0,5,1,70,,309424,16,0,5,1,30,,309429,16,0,5,2,70,,309433,16,0,5,1,30,,309425,16,0,5,1,70,,309407,16,0,5,1,30,,309411,16,0,5,2,70,,309426,16,0,5,1,33,,309430,16,0,5,2,73,,309434,16,0,5,1,33,,309440,16,0,5,1,61,,309408,16,0,5,1,30,,309412,16,0,5,2,70,,309427,16,0,5,1,30,,309431,16,0,5,2,70,,309435,16,0,5,1,30,,309441,16,0,5,1,70,,309416,16,0,5,2,30,,309436,16,0,5,1,69,,309442,16,0,5,1,30,,309414,16,0,5,1,70,,309437,16,0,5,1,30,,309443,16,0,5,2,70,,309409,16,0,5,1,30,,309438,16,0,5,1,70,,309444,16,0,5,2,30,,309410,16,0,5,1,70,,309419,16,0,5,1,30,,309445,16,0,5,2,60,,309439,16,0,5,1
7901,'H60S000S-83-S',448,,309446,16,0,5,1,60,,309447,16,0,5,2,26,,309448,16,0,5,1
38201,'H60S000A-80-A',2624,,347353,54,0,5,1,85,,347355,54,0,5,1,45,,347354,54,0,5,1,85,,347356,54,0,5,1
38201,'H60S000I-81-I',2624,,347357,54,0,5,1,85,,347360,54,0,5,1,45,,347359,54,0,5,1,85,,347358,54,0,5,1
38201,'H60S000S-83-S',2618,,347362,54,0,5,1,89,,347363,54,0,5,1,45,,347361,54,0,5,2,88,,347364,54,0,5,1
38201,'H60S100F-80-F1',2624,,347366,54,0,5,2,85,,347368,54,0,5,1,45,,347367,54,0,5,1,85,,347365,54,0,5,1
38201,'H60S200F-80-F2',2624,,347370,54,0,5,2,85,,347372,54,0,5,1,45,,347371,54,0,5,1,85,,347369,54,0,5,1
46801,'H50S000S-82-S',1453,,349508,26,0,5,2,75,,349506,26,0,5,1,87,,349507,26,0,5,1
46801,'H60S000A-80-A',629,,349509,26,0,5,1,71,,349516,26,0,5,2,32,,349530,26,0,5,1,69,,349523,26,0,5,2,33,,349510,26,0,5,1,71,,349517,26,0,5,2,30,,349531,26,0,5,1,70,,349524,26,0,5,2,33,,349511,26,0,5,1,73,,349518,26,0,5,2,31,,349532,26,0,5,1,70,,349525,26,0,5,2,33,,349512,26,0,5,1,73,,349519,26,0,5,2,32,,349533,26,0,5,1,72,,349526,26,0,5,2,33,,349513,26,0,5,1,72,,349520,26,0,5,2,32,,349534,26,0,5,1,73,,349527,26,0,5,2,73,,349514,26,0,5,1,30,,349521,26,0,5,2,71,,349535,26,0,5,1,33,,349528,26,0,5,2,73,,349515,26,0,5,1,31,,349522,26,0,5,2,70,,349536,26,0,5,1,32,,349529,26,0,5,2
46801,'H60S000I-81-I',632,,349537,26,0,5,1,70,,349544,26,0,5,2,30,,349558,26,0,5,1,73,,349551,26,0,5,2,30,,349538,26,0,5,1,70,,349545,26,0,5,2,30,,349559,26,0,5,1,73,,349552,26,0,5,2,31,,349539,26,0,5,1,72,,349546,26,0,5,2,31,,349560,26,0,5,1,72,,349553,26,0,5,2,32,,349540,26,0,5,1,72,,349547,26,0,5,2,31,,349561,26,0,5,1,73,,349554,26,0,5,2,33,,349541,26,0,5,1,73,,349548,26,0,5,2,31,,349562,26,0,5,1,72,,349555,26,0,5,2,73,,349542,26,0,5,1,31,,349549,26,0,5,2,71,,349563,26,0,5,1,31,,349556,26,0,5,2,73,,349543,26,0,5,1,32,,349550,26,0,5,2,71,,349564,26,0,5,1,30,,349557,26,0,5,2
46801,'H60S000S-83-S',551,,349566,26,0,5,1,60,,349568,26,0,5,2,16,,349574,26,0,5,2,13,,349576,26,0,5,1,13,,349581,26,0,5,2,54,,349591,26,0,5,2,14,,349594,26,0,5,2,16,,349570,26,0,5,1,15,,349567,26,0,5,1,51,,349583,26,0,5,1,11,,349569,26,0,5,2,9,,349592,26,0,5,1,10,,349575,26,0,5,2,11,,349577,26,0,5,1,12,,349582,26,0,5,2,53,,349598,26,0,5,2,18,,349595,26,0,5,2,18,,349571,26,0,5,1,60,,349584,26,0,5,1,20,,349593,26,0,5,1,22,,349578,26,0,5,1,66,,349599,26,0,5,2,30,,349572,26,0,5,1,71,,349585,26,0,5,1,31,,349579,26,0,5,1,71,,349600,26,0,5,2,29,,349573,26,0,5,1,69,,349586,26,0,5,1,22,,349603,26,0,5,2,74,,349580,26,0,5,1,34,,349601,26,0,5,2,57,,349565,26,0,5,2,26,,349610,26,0,5,1,12,,349587,26,0,5,1,14,,349605,26,0,5,2,49,,349604,26,0,5,2,9,,349612,26,0,5,1,11,,349611,26,0,5,1,17,,349606,26,0,5,2,62,,349602,26,0,5,2,24,,349609,26,0,5,2,29,,349588,26,0,5,1,72,,349613,26,0,5,1,31,,349607,26,0,5,2,70,,349596,26,0,5,1,30,,349589,26,0,5,1,69,,349614,26,0,5,1,30,,349608,26,0,5,2,69,,349597,26,0,5,1,29,,349590,26,0,5,1
46801,'H60S100F-80-F1',632,,349615,26,0,5,2,70,,349622,26,0,5,1,30,,349636,26,0,5,2,73,,349629,26,0,5,1,30,,349616,26,0,5,2,70,,349623,26,0,5,1,30,,349637,26,0,5,2,73,,349630,26,0,5,1,31,,349617,26,0,5,2,72,,349624,26,0,5,1,31,,349638,26,0,5,2,72,,349631,26,0,5,1,32,,349618,26,0,5,2,72,,349625,26,0,5,1,31,,349639,26,0,5,2,73,,349632,26,0,5,1,33,,349619,26,0,5,2,73,,349626,26,0,5,1,31,,349640,26,0,5,2,72,,349633,26,0,5,1,73,,349620,26,0,5,2,31,,349627,26,0,5,1,71,,349641,26,0,5,2,31,,349634,26,0,5,1,73,,349621,26,0,5,2,32,,349628,26,0,5,1,71,,349642,26,0,5,2,30,,349635,26,0,5,1
46801,'H60S200F-80-F2',632,,349643,26,0,5,2,70,,349650,26,0,5,1,30,,349664,26,0,5,2,73,,349657,26,0,5,1,30,,349644,26,0,5,2,70,,349651,26,0,5,1,30,,349665,26,0,5,2,73,,349658,26,0,5,1,31,,349645,26,0,5,2,72,,349652,26,0,5,1,31,,349666,26,0,5,2,72,,349659,26,0,5,1,32,,349646,26,0,5,2,72,,349653,26,0,5,1,31,,349667,26,0,5,2,73,,349660,26,0,5,1,33,,349647,26,0,5,2,73,,349654,26,0,5,1,31,,349668,26,0,5,2,72,,349661,26,0,5,1,73,,349648,26,0,5,2,31,,349655,26,0,5,1,71,,349669,26,0,5,2,31,,349662,26,0,5,1,73,,349649,26,0,5,2,32,,349656,26,0,5,1,71,,349670,26,0,5,2,30,,349663,26,0,5,1
