10801,'H56S000A-80-A',514,,318410,20,0,5,1,29,,318390,20,0,5,2,69,,318411,20,0,5,1,29,,318391,20,0,5,2,71,,318412,20,0,5,1,31,,318392,20,0,5,2,74,,318413,20,0,5,1,30,,318393,20,0,5,2,70,,318414,20,0,5,1,30,,318394,20,0,5,2,70,,318415,20,0,5,1,30,,318395,20,0,5,2,72,,318416,20,0,5,1,31,,318396,20,0,5,2,72,,318417,20,0,5,1,32,,318397,20,0,5,2,72,,318418,20,0,5,1,33,,318398,20,0,5,2,73,,318419,20,0,5,1,72,,318399,20,0,5,2,33,,318420,20,0,5,1,73,,318400,20,0,5,2,33,,318421,20,0,5,1,73,,318401,20,0,5,2,33,,318422,20,0,5,1,73,,318402,20,0,5,2,32,,318423,20,0,5,1,71,,318403,20,0,5,2,30,,318424,20,0,5,1,69,,318404,20,0,5,2,29,,318425,20,0,5,1,69,,318405,20,0,5,2,29,,318426,20,0,5,1,69,,318406,20,0,5,2,29,,318427,20,0,5,1,70,,318407,20,0,5,2,30,,318428,20,0,5,1,67,,318408,20,0,5,2,29,,318429,20,0,5,1,69,,318409,20,0,5,2
10801,'H56S000I-80-I',514,,318430,20,0,5,1,30,,318450,20,0,5,2,70,,318431,20,0,5,1,30,,318451,20,0,5,2,70,,318432,20,0,5,1,30,,318452,20,0,5,2,71,,318433,20,0,5,1,30,,318453,20,0,5,2,71,,318434,20,0,5,1,30,,318454,20,0,5,2,70,,318435,20,0,5,1,30,,318455,20,0,5,2,70,,318436,20,0,5,1,32,,318456,20,0,5,2,71,,318437,20,0,5,1,32,,318457,20,0,5,2,72,,318438,20,0,5,1,32,,318458,20,0,5,2,71,,318439,20,0,5,1,32,,318459,20,0,5,2,71,,318440,20,0,5,1,72,,318460,20,0,5,2,31,,318441,20,0,5,1,72,,318461,20,0,5,2,32,,318442,20,0,5,1,73,,318462,20,0,5,2,33,,318443,20,0,5,1,72,,318463,20,0,5,2,32,,318444,20,0,5,1,73,,318464,20,0,5,2,33,,318445,20,0,5,1,72,,318465,20,0,5,2,29,,318446,20,0,5,1,69,,318466,20,0,5,2,29,,318447,20,0,5,1,69,,318467,20,0,5,2,28,,318448,20,0,5,1,68,,318468,20,0,5,2,28,,318449,20,0,5,1
10801,'H56S000S-82-S',515,,318507,20,0,5,1,27,,318469,20,0,5,2,69,,318508,20,0,5,1,30,,318470,20,0,5,2,68,,318509,20,0,5,1,24,,318472,20,0,5,2,68,,318471,20,0,5,2,21,,318504,20,0,5,2,18,,318497,20,0,5,1,17,,318473,20,0,5,2,69,,318482,20,0,5,2,31,,318498,20,0,5,1,71,,318483,20,0,5,2,31,,318499,20,0,5,1,73,,318484,20,0,5,2,73,,318500,20,0,5,1,32,,318485,20,0,5,2,72,,318501,20,0,5,1,32,,318486,20,0,5,2,72,,318502,20,0,5,1,32,,318487,20,0,5,2,73,,318503,20,0,5,1,33,,318488,20,0,5,2,70,,318505,20,0,5,2,30,,318474,20,0,5,1,71,,318489,20,0,5,2,29,,318506,20,0,5,2,69,,318475,20,0,5,1,31,,318490,20,0,5,2,71,,318476,20,0,5,1,31,,318491,20,0,5,2,70,,318477,20,0,5,1,31,,318492,20,0,5,2,70,,318478,20,0,5,1,27,,318493,20,0,5,2,72,,318479,20,0,5,1,28,,318494,20,0,5,2,71,,318480,20,0,5,1,28,,318495,20,0,5,2,68,,318481,20,0,5,1,28,,318496,20,0,5,2
10801,'H56S100F-80-F1',514,,318510,20,0,5,1,30,,318530,20,0,5,2,70,,318511,20,0,5,1,30,,318531,20,0,5,2,70,,318512,20,0,5,1,30,,318532,20,0,5,2,71,,318513,20,0,5,1,30,,318533,20,0,5,2,71,,318514,20,0,5,1,30,,318534,20,0,5,2,70,,318515,20,0,5,1,30,,318535,20,0,5,2,70,,318516,20,0,5,1,32,,318536,20,0,5,2,71,,318517,20,0,5,1,32,,318537,20,0,5,2,72,,318518,20,0,5,1,32,,318538,20,0,5,2,71,,318519,20,0,5,1,32,,318539,20,0,5,2,71,,318520,20,0,5,1,72,,318540,20,0,5,2,31,,318521,20,0,5,1,72,,318541,20,0,5,2,32,,318522,20,0,5,1,73,,318542,20,0,5,2,33,,318523,20,0,5,1,72,,318543,20,0,5,2,32,,318524,20,0,5,1,73,,318544,20,0,5,2,33,,318525,20,0,5,1,72,,318545,20,0,5,2,29,,318526,20,0,5,1,69,,318546,20,0,5,2,29,,318527,20,0,5,1,69,,318547,20,0,5,2,28,,318528,20,0,5,1,68,,318548,20,0,5,2,28,,318529,20,0,5,1
10801,'H56S200F-80-F2',514,,318549,20,0,5,1,30,,318569,20,0,5,2,70,,318550,20,0,5,1,30,,318570,20,0,5,2,70,,318551,20,0,5,1,30,,318571,20,0,5,2,71,,318552,20,0,5,1,30,,318572,20,0,5,2,71,,318553,20,0,5,1,30,,318573,20,0,5,2,70,,318554,20,0,5,1,30,,318574,20,0,5,2,70,,318555,20,0,5,1,32,,318575,20,0,5,2,71,,318556,20,0,5,1,32,,318576,20,0,5,2,72,,318557,20,0,5,1,32,,318577,20,0,5,2,71,,318558,20,0,5,1,32,,318578,20,0,5,2,71,,318559,20,0,5,1,72,,318579,20,0,5,2,31,,318560,20,0,5,1,72,,318580,20,0,5,2,32,,318561,20,0,5,1,73,,318581,20,0,5,2,33,,318562,20,0,5,1,72,,318582,20,0,5,2,32,,318563,20,0,5,1,73,,318583,20,0,5,2,33,,318564,20,0,5,1,72,,318584,20,0,5,2,29,,318565,20,0,5,1,69,,318585,20,0,5,2,29,,318566,20,0,5,1,69,,318586,20,0,5,2,28,,318567,20,0,5,1,68,,318587,20,0,5,2,28,,318568,20,0,5,1
35001,'H56S000A-80-A',2558,,345964,76,0,5,1,94,,345966,76,0,5,1,94,,345963,76,0,5,1,82,,345965,76,0,5,1,84,,345967,76,0,5,2
35001,'H56S000I-80-I',2556,,345971,76,0,5,1,89,,345970,76,0,5,2,87,,345969,76,0,5,1,84,,345968,76,0,5,1,87,,345972,76,0,5,2
35001,'H56S000S-82-S',2555,,345976,76,0,5,2,88,,345975,76,0,5,1,88,,345973,76,0,5,2,85,,345974,76,0,5,1,88,,345977,76,0,5,1
35001,'H56S100F-80-F1',2556,,345981,76,0,5,1,89,,345980,76,0,5,2,87,,345979,76,0,5,1,84,,345978,76,0,5,1,87,,345982,76,0,5,2
35001,'H56S200F-80-F2',2556,,345986,76,0,5,1,89,,345985,76,0,5,2,87,,345984,76,0,5,1,84,,345983,76,0,5,1,87,,345987,76,0,5,2
