6901,'H50S000A-82-A',552,,307263,47,0,5,1,72,,307266,47,0,5,2,32,,307203,47,0,5,2,69,,307204,47,0,5,1,30,,307264,47,0,5,1,71,,307210,47,0,5,2,30,,307260,47,0,5,2,66,,307217,47,0,5,2,24,,307205,47,0,5,1,61,,307224,47,0,5,1,19,,307227,47,0,5,1,20,,307211,47,0,5,2,61,,307261,47,0,5,2,21,,307229,47,0,5,1,20,,307218,47,0,5,2,60,,307206,47,0,5,1,20,,307225,47,0,5,1,20,,307228,47,0,5,1,59,,307212,47,0,5,2,14,,307262,47,0,5,2,14,,307238,47,0,5,1,12,,307230,47,0,5,1,12,,307241,47,0,5,1,52,,307219,47,0,5,2,13,,307207,47,0,5,1,12,,307244,47,0,5,1,12,,307226,47,0,5,1,54,,307232,47,0,5,1,14,,307247,47,0,5,1,16,,307213,47,0,5,2,15,,307250,47,0,5,2,11,,307239,47,0,5,1,50,,307231,47,0,5,1,10,,307242,47,0,5,1,10,,307220,47,0,5,2,10,,307259,47,0,5,1,10,,307208,47,0,5,1,55,,307245,47,0,5,1,15,,307233,47,0,5,1,14,,307248,47,0,5,1,16,,307214,47,0,5,2,55,,307251,47,0,5,2,15,,307240,47,0,5,1,12,,307255,47,0,5,1,12,,307243,47,0,5,1,12,,307221,47,0,5,2,52,,307209,47,0,5,1,12,,307246,47,0,5,1,12,,307234,47,0,5,1,12,,307249,47,0,5,1,16,,307215,47,0,5,2,62,,307252,47,0,5,2,24,,307256,47,0,5,1,66,,307222,47,0,5,2,27,,307235,47,0,5,1,67,,307216,47,0,5,2,25,,307253,47,0,5,2,29,,307257,47,0,5,1,70,,307223,47,0,5,2,31,,307236,47,0,5,1,71,,307254,47,0,5,2,70,,307258,47,0,5,1,27,,307267,47,0,5,1,27,,307237,47,0,5,1,62,,307265,47,0,5,1
6901,'H50S000I-82-I',548,,307270,47,0,5,2,72,,307314,47,0,5,1,32,,307268,47,0,5,2,74,,307323,47,0,5,1,33,,307271,47,0,5,2,72,,307315,47,0,5,1,69,,307269,47,0,5,2,29,,307284,47,0,5,2,28,,307276,47,0,5,1,67,,307272,47,0,5,2,25,,307316,47,0,5,1,66,,307289,47,0,5,1,29,,307285,47,0,5,2,70,,307277,47,0,5,1,28,,307273,47,0,5,2,64,,307301,47,0,5,1,22,,307290,47,0,5,1,16,,307296,47,0,5,1,15,,307286,47,0,5,2,55,,307299,47,0,5,1,15,,307278,47,0,5,1,15,,307318,47,0,5,2,15,,307274,47,0,5,2,55,,307305,47,0,5,2,15,,307302,47,0,5,1,15,,307291,47,0,5,1,15,,307297,47,0,5,1,55,,307287,47,0,5,2,15,,307300,47,0,5,1,15,,307279,47,0,5,1,14,,307310,47,0,5,2,52,,307319,47,0,5,2,11,,307303,47,0,5,1,12,,307275,47,0,5,2,11,,307306,47,0,5,2,56,,307292,47,0,5,1,16,,307298,47,0,5,1,15,,307320,47,0,5,2,15,,307288,47,0,5,2,55,,307280,47,0,5,1,16,,307311,47,0,5,2,19,,307304,47,0,5,1,20,,307307,47,0,5,2,60,,307293,47,0,5,1,20,,307317,47,0,5,1,21,,307321,47,0,5,2,66,,307281,47,0,5,1,30,,307312,47,0,5,2,72,,307308,47,0,5,2,31,,307294,47,0,5,1,72,,307282,47,0,5,1,30,,307313,47,0,5,2,70,,307309,47,0,5,2,28,,307295,47,0,5,1,68,,307283,47,0,5,1,24,,307322,47,0,5,2
6901,'H50S000S-82-S',536,,307333,47,0,5,1,71,,307344,47,0,5,2,30,,307326,47,0,5,1,16,,307328,47,0,5,2,54,,307341,47,0,5,2,13,,307365,47,0,5,2,11,,307343,47,0,5,1,13,,307352,47,0,5,1,10,,307334,47,0,5,1,50,,307374,47,0,5,1,5,,307353,47,0,5,1,5,,307363,47,0,5,1,10,,307417,47,0,5,2,5,,307388,47,0,5,2,7,,307345,47,0,5,2,7,,307364,47,0,5,1,6,,307358,47,0,5,1,6,,307370,47,0,5,1,47,,307327,47,0,5,1,9,,307412,47,0,5,2,10,,307329,47,0,5,2,8,,307382,47,0,5,2,11,,307387,47,0,5,1,13,,307393,47,0,5,2,57,,307342,47,0,5,2,17,,307335,47,0,5,1,15,,307375,47,0,5,1,16,,307389,47,0,5,2,56,,307346,47,0,5,2,16,,307359,47,0,5,1,14,,307366,47,0,5,2,14,,307330,47,0,5,2,54,,307383,47,0,5,2,15,,307394,47,0,5,2,15,,307354,47,0,5,1,12,,307336,47,0,5,1,52,,307371,47,0,5,1,11,,307376,47,0,5,1,11,,307390,47,0,5,2,11,,307347,47,0,5,2,9,,307401,47,0,5,1,9,,307360,47,0,5,1,50,,307367,47,0,5,2,10,,307403,47,0,5,2,9,,307331,47,0,5,2,9,,307384,47,0,5,2,9,,307408,47,0,5,1,9,,307395,47,0,5,2,49,,307400,47,0,5,1,11,,307355,47,0,5,1,11,,307337,47,0,5,1,11,,307372,47,0,5,1,10,,307377,47,0,5,1,8,,307415,47,0,5,1,48,,307391,47,0,5,2,8,,307348,47,0,5,2,8,,307402,47,0,5,1,8,,307361,47,0,5,1,8,,307399,47,0,5,1,7,,307368,47,0,5,2,15,,307404,47,0,5,2,47,,307332,47,0,5,2,7,,307385,47,0,5,2,8,,307409,47,0,5,1,9,,307396,47,0,5,2,20,,307356,47,0,5,1,60,,307338,47,0,5,1,10,,307373,47,0,5,1,9,,307378,47,0,5,1,11,,307392,47,0,5,2,10,,307349,47,0,5,2,10,,307362,47,0,5,1,49,,307419,47,0,5,1,9,,307369,47,0,5,2,9,,307405,47,0,5,2,15,,307386,47,0,5,2,15,,307397,47,0,5,2,56,,307357,47,0,5,1,16,,307339,47,0,5,1,15,,307418,47,0,5,2,15,,307379,47,0,5,1,55,,307414,47,0,5,1,13,,307350,47,0,5,2,13,,307406,47,0,5,2,14,,307413,47,0,5,1,54,,307398,47,0,5,2,14,,307410,47,0,5,2,16,,307340,47,0,5,1,20,,307324,47,0,5,1,60,,307380,47,0,5,1,22,,307351,47,0,5,2,23,,307407,47,0,5,2,70,,307411,47,0,5,2,29,,307325,47,0,5,1,69,,307381,47,0,5,1,23,,307416,47,0,5,1
6901,'H50S100F-80-F1',548,,307422,47,0,5,2,72,,307466,47,0,5,1,32,,307420,47,0,5,2,74,,307475,47,0,5,1,33,,307423,47,0,5,2,72,,307467,47,0,5,1,69,,307421,47,0,5,2,29,,307436,47,0,5,2,28,,307428,47,0,5,1,67,,307424,47,0,5,2,25,,307468,47,0,5,1,66,,307441,47,0,5,1,29,,307437,47,0,5,2,70,,307429,47,0,5,1,28,,307425,47,0,5,2,64,,307453,47,0,5,1,22,,307442,47,0,5,1,16,,307448,47,0,5,1,15,,307438,47,0,5,2,55,,307451,47,0,5,1,15,,307430,47,0,5,1,15,,307470,47,0,5,2,15,,307426,47,0,5,2,55,,307457,47,0,5,2,15,,307454,47,0,5,1,15,,307443,47,0,5,1,15,,307449,47,0,5,1,55,,307439,47,0,5,2,15,,307452,47,0,5,1,15,,307431,47,0,5,1,14,,307462,47,0,5,2,52,,307471,47,0,5,2,11,,307455,47,0,5,1,12,,307427,47,0,5,2,11,,307458,47,0,5,2,56,,307444,47,0,5,1,16,,307450,47,0,5,1,15,,307472,47,0,5,2,15,,307440,47,0,5,2,55,,307432,47,0,5,1,16,,307463,47,0,5,2,19,,307456,47,0,5,1,20,,307459,47,0,5,2,60,,307445,47,0,5,1,20,,307469,47,0,5,1,21,,307473,47,0,5,2,66,,307433,47,0,5,1,30,,307464,47,0,5,2,72,,307460,47,0,5,2,31,,307446,47,0,5,1,72,,307434,47,0,5,1,30,,307465,47,0,5,2,70,,307461,47,0,5,2,28,,307447,47,0,5,1,68,,307435,47,0,5,1,24,,307474,47,0,5,2
6901,'H50S200F-80-F2',548,,307478,47,0,5,2,72,,307522,47,0,5,1,32,,307476,47,0,5,2,74,,307531,47,0,5,1,33,,307479,47,0,5,2,72,,307523,47,0,5,1,69,,307477,47,0,5,2,29,,307492,47,0,5,2,28,,307484,47,0,5,1,67,,307480,47,0,5,2,25,,307524,47,0,5,1,66,,307497,47,0,5,1,29,,307493,47,0,5,2,70,,307485,47,0,5,1,28,,307481,47,0,5,2,64,,307509,47,0,5,1,22,,307498,47,0,5,1,16,,307504,47,0,5,1,15,,307494,47,0,5,2,55,,307507,47,0,5,1,15,,307486,47,0,5,1,15,,307526,47,0,5,2,15,,307482,47,0,5,2,55,,307513,47,0,5,2,15,,307510,47,0,5,1,15,,307499,47,0,5,1,15,,307505,47,0,5,1,55,,307495,47,0,5,2,15,,307508,47,0,5,1,15,,307487,47,0,5,1,14,,307518,47,0,5,2,52,,307527,47,0,5,2,11,,307511,47,0,5,1,12,,307483,47,0,5,2,11,,307514,47,0,5,2,56,,307500,47,0,5,1,16,,307506,47,0,5,1,15,,307528,47,0,5,2,15,,307496,47,0,5,2,55,,307488,47,0,5,1,16,,307519,47,0,5,2,19,,307512,47,0,5,1,20,,307515,47,0,5,2,60,,307501,47,0,5,1,20,,307525,47,0,5,1,21,,307529,47,0,5,2,66,,307489,47,0,5,1,30,,307520,47,0,5,2,72,,307516,47,0,5,2,31,,307502,47,0,5,1,72,,307490,47,0,5,1,30,,307521,47,0,5,2,70,,307517,47,0,5,2,28,,307503,47,0,5,1,68,,307491,47,0,5,1,24,,307530,47,0,5,2
6901,'H54S000S-80-S',1648,,307532,47,0,5,1,108,,307533,47,0,5,2
6901,'H58S000S-83-S',759,,307536,47,0,5,2,60,,307534,47,0,5,2,917,,307535,47,0,5,2
38001,'H50S000A-82-A',2631,,347292,61,0,5,1,94,,347291,61,0,5,1,85,,347295,61,0,5,1,25,,347294,28,0,5,2,20,,347293,61,0,5,1
38001,'H50S000I-82-I',2545,,347299,61,0,5,1,89,,347297,61,0,5,2,82,,347298,61,0,5,1,84,,347296,61,0,5,1,47,,347300,61,0,5,1
38001,'H50S000S-82-S',2600,,347303,61,0,5,1,44,,347305,61,0,5,1,88,,347301,61,0,5,1,83,,347302,61,0,5,1,87,,347304,61,0,5,1
38001,'H50S000S-82-SV',2754,,347306,28,0,5,2
38001,'H50S100F-80-F1',2545,,347310,61,0,5,1,89,,347308,61,0,5,2,82,,347309,61,0,5,1,84,,347307,61,0,5,1,47,,347311,61,0,5,1
38001,'H50S200F-80-F2',2545,,347315,61,0,5,1,89,,347313,61,0,5,2,82,,347314,61,0,5,1,84,,347312,61,0,5,1,47,,347316,61,0,5,1
43903,'H58S000A-80-A',850,,347991,25,0,27 28,1,62,,348018,25,0,27 28,1,7,,348024,25,0,27 28,1,24,,348044,25,0,27 28,1,7,,347985,25,0,27 28,1,63,,347997,25,0,27 28,1,7,,348054,25,0,27 28,1,23,,348030,25,0,27 28,1,57,,348009,25,0,27 28,1,12,,347992,25,0,27 28,1,8,,348019,25,0,27 28,1,22,,348025,25,0,27 28,1,8,,347984,25,0,27 28,1,61,,348014,25,0,27 28,1,9,,348004,25,0,27 28,1,22,,348055,25,0,27 28,1,58,,348058,25,0,27 28,1,21,,348010,25,0,27 28,1,14,,347993,25,0,27 28,1,15,,348050,25,0,27 28,1,52,,348036,25,0,27 28,1,18,,348041,25,0,27 28,1,23,,348067,25,0,27 28,1,8,,348031,25,0,27 28,1,58,,348056,25,0,27 28,1,14,,348063,25,0,27 28,1,11,,348059,25,0,27 28,1,17,,348011,25,0,27 28,1,51,,347994,25,0,27 28,1,15,,348047,25,0,27 28,1,7,,348037,25,0,27 28,1,10,,348071,25,0,27 28,1,20,,348000,25,0,27 28,1,54,,348068,25,0,27 28,1,18,,348028,25,0,27 28,1,11,,348022,25,0,27 28,1,12,,348074,25,0,27 28,1,52,,348007,25,0,27 28,1,12,,348060,25,0,27 28,1,13,,348048,25,0,27 28,1,7,,348043,25,0,27 28,1,12,,348038,25,0,27 28,1,6,,348013,25,0,27 28,1,6,,348072,25,0,27 28,1,54,,347989,25,0,27 28,1,7,,348001,25,0,27 28,1,12,,348069,25,0,27 28,1,20,,348065,25,0,27 28,1,52,,348023,25,0,27 28,1,18,,348053,25,0,27 28,1,13,,348061,25,0,27 28,1,24,,348039,25,0,27 28,1,62,,347990,25,0,27 28,1,15,,348002,25,0,27 28,1
43903,'H58S000I-80-I',849,,348083,25,0,27 28,1,62,,348098,25,0,27 28,1,7,,348114,25,0,27 28,1,25,,348129,25,0,27 28,1,7,,348082,25,0,27 28,1,63,,348104,25,0,27 28,1,7,,348110,25,0,27 28,1,23,,348124,25,0,27 28,1,57,,348093,25,0,27 28,1,12,,348084,25,0,27 28,1,8,,348099,25,0,27 28,1,22,,348077,25,0,27 28,1,8,,348142,25,0,27 28,1,61,,348147,25,0,27 28,1,10,,348105,25,0,27 28,1,21,,348136,25,0,27 28,1,59,,348125,25,0,27 28,1,20,,348085,25,0,27 28,1,15,,348100,25,0,27 28,1,17,,348115,25,0,27 28,1,51,,348078,25,0,27 28,1,19,,348148,25,0,27 28,1,21,,348112,25,0,27 28,1,8,,348137,25,0,27 28,1,59,,348155,25,0,27 28,1,13,,348095,25,0,27 28,1,11,,348126,25,0,27 28,1,18,,348086,25,0,27 28,1,51,,348101,25,0,27 28,1,14,,348090,25,0,27 28,1,7,,348121,25,0,27 28,1,9,,348079,25,0,27 28,1,21,,348163,25,0,27 28,1,54,,348154,25,0,27 28,1,17,,348157,25,0,27 28,1,11,,348096,25,0,27 28,1,13,,348127,25,0,27 28,1,53,,348108,25,0,27 28,1,15,,348117,25,0,27 28,1,16,,348122,25,0,27 28,1,13,,348167,25,0,27 28,1,7,,348080,25,0,27 28,1,48,,348150,25,0,27 28,1,14,,348091,25,0,27 28,1,9,,348161,25,0,27 28,1,21,,348134,25,0,27 28,1,13,,348097,25,0,27 28,1,61,,348109,25,0,27 28,1,12,,348088,25,0,27 28,1,18,,348123,25,0,27 28,1,55,,348081,25,0,27 28,1,16,,348151,25,0,27 28,1,11,,348162,25,0,27 28,1
43903,'H58S000S-83-S',653,,348168,25,0,27 28,1,50,,348169,25,0,27 28,1,17,,348172,25,0,27 28,1,12,,348173,25,0,27 28,1,10,,348179,25,0,27 28,1,15,,348185,25,0,27 28,1,48,,348194,25,0,27 28,1,14,,348200,25,0,27 28,1,9,,348212,25,0,27 28,1,20,,348222,25,0,27 28,1,10,,348226,25,0,27 28,1,64,,348205,25,0,27 28,1,12,,348217,25,0,27 28,1,22,,348174,25,0,27 28,1,50,,348196,25,0,27 28,1,21,,348244,25,0,27 28,1,10,,348201,25,0,27 28,1,20,,348254,25,0,27 28,1,50,,348223,25,0,27 28,1,20,,348235,25,0,27 28,1,10,,348206,25,0,27 28,1,20,,348218,25,0,27 28,1,50,,348182,25,0,27 28,1,19,,348197,25,0,27 28,1,10,,348245,25,0,27 28,1,20,,348214,25,0,27 28,1,50,,348240,25,0,27 28,1,20,,348228,25,0,27 28,1,10,,348258,25,0,27 28,1,20,,348251,25,0,27 28,1,50,,348207,25,0,27 28,1,20,,348176,25,0,27 28,1,11,,348202,25,0,27 28,1,63,,348188,25,0,27 28,1,23,,348215,25,0,27 28,1,17,,348241,25,0,27 28,1,10,,348229,25,0,27 28,1,6,,348237,25,0,27 28,1,57,,348259,25,0,27 28,1,10,,348252,25,0,27 28,1,5,,348220,25,0,27 28,1,6,,348282,25,0,27 28,1,3,,348208,25,0,27 28,1,8,,348263,25,0,27 28,1,8,,348177,25,0,27 28,1,48,,348304,25,0,27 28,1,7,,348203,25,0,27 28,1,13,,348189,25,0,27 28,1,7,,348225,25,0,27 28,1,4,,348309,25,0,27 28,1,7,,348266,25,0,27 28,1,11,,348287,25,0,27 28,1,8,,348184,25,0,27 28,1,44,,348216,25,0,27 28,1,6,,348242,25,0,27 28,1,9,,348230,25,0,27 28,1,7,,348276,25,0,27 28,1,6,,348238,25,0,27 28,1,19,,348293,25,0,27 28,1,8,,348283,25,0,27 28,1,58,,348249,25,0,27 28,1,10,,348311,25,0,27 28,1,16,,348210,25,0,27 28,1,17,,348296,25,0,27 28,1,48,,348267,25,0,27 28,1,20,,348301,25,0,27 28,1,9,,348231,25,0,27 28,1,20,,348277,25,0,27 28,1,50,,348239,25,0,27 28,1,22,,348306,25,0,27 28,1,73,,348268,25,0,27 28,1,18,,348289,25,0,27 28,1,18,,348314,25,0,27 28,1,19,,348262,25,0,27 28,1,51,,348278,25,0,27 28,1,24,,348298,25,0,27 28,1,24,,348192,25,0,27 28,1,71,,348269,25,0,27 28,1,31,,348303,25,0,27 28,1,69,,348234,25,0,27 28,1,30,,348291,25,0,27 28,1
43903,'H58S100F-80-F1',849,,348322,25,0,27 28,1,62,,348337,25,0,27 28,1,7,,348353,25,0,27 28,1,25,,348368,25,0,27 28,1,7,,348321,25,0,27 28,1,63,,348343,25,0,27 28,1,7,,348349,25,0,27 28,1,23,,348363,25,0,27 28,1,57,,348332,25,0,27 28,1,12,,348323,25,0,27 28,1,8,,348338,25,0,27 28,1,22,,348316,25,0,27 28,1,8,,348381,25,0,27 28,1,61,,348386,25,0,27 28,1,10,,348344,25,0,27 28,1,21,,348375,25,0,27 28,1,59,,348364,25,0,27 28,1,20,,348324,25,0,27 28,1,15,,348339,25,0,27 28,1,17,,348354,25,0,27 28,1,51,,348317,25,0,27 28,1,19,,348387,25,0,27 28,1,21,,348351,25,0,27 28,1,8,,348376,25,0,27 28,1,59,,348394,25,0,27 28,1,13,,348334,25,0,27 28,1,11,,348365,25,0,27 28,1,18,,348325,25,0,27 28,1,51,,348340,25,0,27 28,1,14,,348329,25,0,27 28,1,7,,348360,25,0,27 28,1,9,,348318,25,0,27 28,1,21,,348402,25,0,27 28,1,54,,348393,25,0,27 28,1,17,,348396,25,0,27 28,1,11,,348335,25,0,27 28,1,13,,348366,25,0,27 28,1,53,,348347,25,0,27 28,1,15,,348356,25,0,27 28,1,16,,348361,25,0,27 28,1,13,,348406,25,0,27 28,1,7,,348319,25,0,27 28,1,48,,348389,25,0,27 28,1,14,,348330,25,0,27 28,1,9,,348400,25,0,27 28,1,21,,348373,25,0,27 28,1,13,,348336,25,0,27 28,1,61,,348348,25,0,27 28,1,12,,348327,25,0,27 28,1,18,,348362,25,0,27 28,1,55,,348320,25,0,27 28,1,16,,348390,25,0,27 28,1,11,,348401,25,0,27 28,1
43903,'H58S200F-80-F2',849,,348417,25,0,27 28,1,62,,348439,25,0,27 28,1,7,,348445,25,0,27 28,1,25,,348466,25,0,27 28,1,7,,348413,25,0,27 28,1,63,,348429,25,0,27 28,1,7,,348435,25,0,27 28,1,23,,348455,25,0,27 28,1,57,,348424,25,0,27 28,1,12,,348418,25,0,27 28,1,8,,348440,25,0,27 28,1,22,,348408,25,0,27 28,1,8,,348473,25,0,27 28,1,61,,348478,25,0,27 28,1,10,,348430,25,0,27 28,1,21,,348461,25,0,27 28,1,59,,348456,25,0,27 28,1,20,,348419,25,0,27 28,1,15,,348441,25,0,27 28,1,17,,348446,25,0,27 28,1,51,,348409,25,0,27 28,1,19,,348479,25,0,27 28,1,21,,348437,25,0,27 28,1,8,,348462,25,0,27 28,1,59,,348486,25,0,27 28,1,13,,348426,25,0,27 28,1,11,,348457,25,0,27 28,1,18,,348420,25,0,27 28,1,51,,348442,25,0,27 28,1,14,,348415,25,0,27 28,1,7,,348452,25,0,27 28,1,9,,348410,25,0,27 28,1,21,,348490,25,0,27 28,1,54,,348485,25,0,27 28,1,17,,348488,25,0,27 28,1,11,,348427,25,0,27 28,1,13,,348458,25,0,27 28,1,53,,348433,25,0,27 28,1,15,,348448,25,0,27 28,1,16,,348453,25,0,27 28,1,13,,348498,25,0,27 28,1,7,,348411,25,0,27 28,1,48,,348481,25,0,27 28,1,14,,348416,25,0,27 28,1,9,,348494,25,0,27 28,1,21,,348471,25,0,27 28,1,13,,348428,25,0,27 28,1,61,,348434,25,0,27 28,1,12,,348422,25,0,27 28,1,18,,348454,25,0,27 28,1,55,,348412,25,0,27 28,1,16,,348482,25,0,27 28,1,11,,348495,25,0,27 28,1
46901,'H50S000S-82-S',948,,349823,7,0,5,1
46901,'H54S000S-80-S',1659,,349825,7,0,5,2,157,,349824,7,0,5,2
46901,'H58S000S-83-S',614,,349828,7,0,5,1,31,,349840,7,0,5,2,74,,349841,7,0,5,2,32,,349838,7,0,5,1,68,,349826,7,0,5,2,30,,349829,7,0,5,2,69,,349839,7,0,5,1,100,,349845,7,0,5,1,30,,349830,7,0,5,2,71,,349850,7,0,5,1,30,,349846,7,0,5,1,68,,349831,7,0,5,2,33,,349851,7,0,5,1,69,,349847,7,0,5,1,28,,349832,7,0,5,2,68,,349852,7,0,5,1,25,,349848,7,0,5,1,65,,349833,7,0,5,2,22,,349857,7,0,5,2,15,,349853,7,0,5,1,14,,349860,7,0,5,2,54,,349849,7,0,5,1,11,,349854,7,0,5,1,10,,349834,7,0,5,1,11,,349862,7,0,5,2,9,,349842,7,0,5,2,55,,349858,7,0,5,2,8,,349861,7,0,5,2,9,,349827,7,0,5,1,10,,349856,7,0,5,1,11,,349837,7,0,5,1,12,,349844,7,0,5,1,50,,349835,7,0,5,1,20,,349843,7,0,5,2,14,,349859,7,0,5,1,60,,349855,7,0,5,2,24,,349836,7,0,5,1
46901,'H58S100F-80-F1',614,,349864,7,0,5,1,30,,349866,7,0,5,1,73,,349863,7,0,5,2,31,,349870,7,0,5,2,71,,349865,7,0,5,1,30,,349869,7,0,5,1,68,,349868,7,0,5,1,29,,349867,7,0,5,2,502,,349876,7,0,5,2,65,,349873,7,0,5,2,23,,349879,7,0,5,2,69,,349872,7,0,5,1,29,,349877,7,0,5,2,67,,349880,7,0,5,2,25,,349871,7,0,5,1,30,,349875,7,0,5,1,69,,349878,7,0,5,2,28,,349874,7,0,5,2
46901,'H58S200F-80-F2',614,,349885,7,0,5,1,30,,349881,7,0,5,1,73,,349887,7,0,5,2,31,,349896,7,0,5,2,71,,349886,7,0,5,1,30,,349891,7,0,5,1,68,,349882,7,0,5,1,29,,349888,7,0,5,2,502,,349892,7,0,5,2,65,,349897,7,0,5,2,23,,349884,7,0,5,2,69,,349889,7,0,5,1,29,,349894,7,0,5,2,67,,349893,7,0,5,2,25,,349883,7,0,5,1,30,,349890,7,0,5,1,69,,349895,7,0,5,2,28,,349898,7,0,5,2
