3203,'H51S000S-81-S',1752,,294234,36,0,8,1
3203,'H54S000A-80-A',546,,294240,36,0,8,1,68,,294236,36,0,8,2,34,,294278,36,0,8,1,69,,294241,36,0,8,1,29,,294281,36,0,8,1,72,,294237,36,0,8,2,31,,294279,36,0,8,1,70,,294242,36,0,8,1,31,,294282,36,0,8,1,69,,294238,36,0,8,2,28,,294280,36,0,8,1,68,,294243,36,0,8,1,28,,294251,36,0,8,1,67,,294239,36,0,8,2,26,,294259,36,0,8,2,65,,294262,36,0,8,2,21,,294244,36,0,8,1,20,,294269,36,0,8,2,60,,294252,36,0,8,1,20,,294283,36,0,8,1,19,,294272,36,0,8,2,59,,294260,36,0,8,2,20,,294263,36,0,8,2,20,,294245,36,0,8,1,60,,294270,36,0,8,2,17,,294253,36,0,8,1,17,,294284,36,0,8,1,17,,294273,36,0,8,2,59,,294261,36,0,8,2,18,,294264,36,0,8,2,17,,294246,36,0,8,1,57,,294271,36,0,8,2,15,,294254,36,0,8,1,17,,294285,36,0,8,1,18,,294274,36,0,8,2,57,,294286,36,0,8,1,18,,294265,36,0,8,2,22,,294247,36,0,8,1,67,,294255,36,0,8,1,29,,294275,36,0,8,2,70,,294266,36,0,8,2,30,,294248,36,0,8,1,68,,294256,36,0,8,1,26,,294276,36,0,8,2,69,,294267,36,0,8,2,31,,294249,36,0,8,1,70,,294257,36,0,8,1,29,,294277,36,0,8,2,70,,294268,36,0,8,2,27,,294250,36,0,8,1,24,,294258,36,0,8,1,63,,294235,36,0,8,1
3203,'H54S000I-80-I',546,,294287,36,0,8,2,71,,294330,36,0,8,1,30,,294295,36,0,8,1,69,,294288,36,0,8,2,31,,294311,36,0,8,2,69,,294296,36,0,8,1,32,,294289,36,0,8,2,70,,294332,36,0,8,1,32,,294312,36,0,8,2,72,,294297,36,0,8,1,30,,294290,36,0,8,2,70,,294319,36,0,8,1,28,,294313,36,0,8,2,68,,294298,36,0,8,1,24,,294323,36,0,8,2,62,,294291,36,0,8,2,19,,294320,36,0,8,1,19,,294314,36,0,8,2,61,,294326,36,0,8,2,21,,294299,36,0,8,1,21,,294324,36,0,8,2,61,,294292,36,0,8,2,24,,294321,36,0,8,1,24,,294327,36,0,8,2,61,,294300,36,0,8,1,21,,294325,36,0,8,2,20,,294293,36,0,8,2,59,,294305,36,0,8,1,18,,294315,36,0,8,2,17,,294322,36,0,8,1,57,,294328,36,0,8,2,18,,294301,36,0,8,1,19,,294294,36,0,8,2,61,,294306,36,0,8,1,22,,294316,36,0,8,2,23,,294329,36,0,8,2,62,,294302,36,0,8,1,31,,294307,36,0,8,1,71,,294317,36,0,8,2,33,,294303,36,0,8,1,70,,294308,36,0,8,1,30,,294318,36,0,8,2,69,,294331,36,0,8,2,28,,294304,36,0,8,1,65,,294309,36,0,8,1,28,,294334,36,0,8,2,63,,294333,36,0,8,1,25,,294310,36,0,8,1,27,,294335,36,0,8,2
3203,'H54S000S-80-S',552,,294338,36,0,8,2,65,,294336,36,0,8,2,22,,294340,36,0,8,2,65,,294342,36,0,8,2,17,,294344,36,0,8,2,11,,294343,36,0,8,2,11,,294339,36,0,8,2,11,,294349,36,0,8,1,47,,294357,36,0,8,2,9,,294337,36,0,8,2,6,,294359,36,0,8,2,7,,294358,36,0,8,2,9,,294364,36,0,8,1,8,,294341,36,0,8,2,11,,294369,36,0,8,2,59,,294408,36,0,8,1,21,,294370,36,0,8,2,20,,294350,36,0,8,1,61,,294360,36,0,8,2,22,,294365,36,0,8,1,21,,294345,36,0,8,1,59,,294375,36,0,8,2,19,,294371,36,0,8,2,20,,294351,36,0,8,1,60,,294361,36,0,8,2,19,,294366,36,0,8,1,18,,294346,36,0,8,1,58,,294376,36,0,8,2,17,,294372,36,0,8,2,16,,294379,36,0,8,2,16,,294352,36,0,8,1,56,,294362,36,0,8,2,16,,294367,36,0,8,1,14,,294347,36,0,8,1,12,,294382,36,0,8,2,50,,294377,36,0,8,2,17,,294373,36,0,8,2,16,,294384,36,0,8,2,7,,294380,36,0,8,2,61,,294353,36,0,8,1,11,,294386,36,0,8,2,11,,294363,36,0,8,2,10,,294395,36,0,8,2,9,,294368,36,0,8,1,9,,294348,36,0,8,1,48,,294390,36,0,8,1,7,,294383,36,0,8,2,8,,294378,36,0,8,2,9,,294388,36,0,8,2,8,,294374,36,0,8,2,8,,294402,36,0,8,2,56,,294381,36,0,8,2,8,,294385,36,0,8,2,9,,294354,36,0,8,1,8,,294406,36,0,8,2,10,,294387,36,0,8,2,10,,294396,36,0,8,2,12,,294407,36,0,8,2,52,,294391,36,0,8,1,12,,294405,36,0,8,1,12,,294389,36,0,8,2,13,,294403,36,0,8,1,66,,294355,36,0,8,1,26,,294397,36,0,8,2,63,,294392,36,0,8,1,25,,294404,36,0,8,1,15,,294409,36,0,8,1,60,,294356,36,0,8,1,20,,294398,36,0,8,2,20,,294399,36,0,8,2,69,,294393,36,0,8,1,30,,294410,36,0,8,1,70,,294411,36,0,8,2,26,,294400,36,0,8,2,67,,294394,36,0,8,1,31,,294412,36,0,8,2,23,,294401,36,0,8,2
3203,'H54S100F-80-F1',546,,294413,36,0,8,2,71,,294456,36,0,8,1,30,,294421,36,0,8,1,69,,294414,36,0,8,2,31,,294437,36,0,8,2,69,,294422,36,0,8,1,32,,294415,36,0,8,2,70,,294458,36,0,8,1,32,,294438,36,0,8,2,72,,294423,36,0,8,1,30,,294416,36,0,8,2,70,,294445,36,0,8,1,28,,294439,36,0,8,2,68,,294424,36,0,8,1,24,,294449,36,0,8,2,62,,294417,36,0,8,2,19,,294446,36,0,8,1,19,,294440,36,0,8,2,61,,294452,36,0,8,2,21,,294425,36,0,8,1,21,,294450,36,0,8,2,61,,294418,36,0,8,2,24,,294447,36,0,8,1,24,,294453,36,0,8,2,61,,294426,36,0,8,1,21,,294451,36,0,8,2,20,,294419,36,0,8,2,59,,294431,36,0,8,1,18,,294441,36,0,8,2,17,,294448,36,0,8,1,57,,294454,36,0,8,2,18,,294427,36,0,8,1,19,,294420,36,0,8,2,61,,294432,36,0,8,1,22,,294442,36,0,8,2,23,,294455,36,0,8,2,62,,294428,36,0,8,1,31,,294433,36,0,8,1,71,,294443,36,0,8,2,33,,294429,36,0,8,1,70,,294434,36,0,8,1,30,,294444,36,0,8,2,69,,294457,36,0,8,2,28,,294430,36,0,8,1,65,,294435,36,0,8,1,28,,294460,36,0,8,2,63,,294459,36,0,8,1,25,,294436,36,0,8,1,27,,294461,36,0,8,2
3203,'H54S200F-80-F2',546,,294462,36,0,8,2,71,,294505,36,0,8,1,30,,294470,36,0,8,1,69,,294463,36,0,8,2,31,,294486,36,0,8,2,69,,294471,36,0,8,1,32,,294464,36,0,8,2,70,,294507,36,0,8,1,32,,294487,36,0,8,2,72,,294472,36,0,8,1,30,,294465,36,0,8,2,70,,294494,36,0,8,1,28,,294488,36,0,8,2,68,,294473,36,0,8,1,24,,294498,36,0,8,2,62,,294466,36,0,8,2,19,,294495,36,0,8,1,19,,294489,36,0,8,2,61,,294501,36,0,8,2,21,,294474,36,0,8,1,21,,294499,36,0,8,2,61,,294467,36,0,8,2,24,,294496,36,0,8,1,24,,294502,36,0,8,2,61,,294475,36,0,8,1,21,,294500,36,0,8,2,20,,294468,36,0,8,2,59,,294480,36,0,8,1,18,,294490,36,0,8,2,17,,294497,36,0,8,1,57,,294503,36,0,8,2,18,,294476,36,0,8,1,19,,294469,36,0,8,2,61,,294481,36,0,8,1,22,,294491,36,0,8,2,23,,294504,36,0,8,2,62,,294477,36,0,8,1,31,,294482,36,0,8,1,71,,294492,36,0,8,2,33,,294478,36,0,8,1,70,,294483,36,0,8,1,30,,294493,36,0,8,2,69,,294506,36,0,8,2,28,,294479,36,0,8,1,65,,294484,36,0,8,1,28,,294509,36,0,8,2,63,,294508,36,0,8,1,25,,294485,36,0,8,1,27,,294510,36,0,8,2
3203,'H57S000S-80-S',1555,,294511,36,0,8,1
3203,'H59S000S-80-S',1514,,294512,36,0,8,2,17,,294513,36,0,8,2
35301,'H54S000A-80-A',2654,,346036,54,0,5,1,89,,346034,54,0,5,2,85,,346035,54,0,5,1,81,,346033,54,0,5,1
35301,'H54S000I-80-I',2610,,346038,54,0,5,1,48,,346040,54,0,5,1,85,,346041,54,0,5,1,85,,346037,54,0,5,2,81,,346039,54,0,5,1
35301,'H54S000S-80-S',2610,,346042,54,0,5,1,45,,346044,54,0,5,1,85,,346045,54,0,5,1,85,,346043,54,0,5,2,80,,346046,54,0,5,2
35301,'H54S100F-80-F1',2610,,346048,54,0,5,1,48,,346050,54,0,5,1,85,,346051,54,0,5,1,85,,346047,54,0,5,2,81,,346049,54,0,5,1
35301,'H54S200F-80-F2',2610,,346053,54,0,5,1,48,,346055,54,0,5,1,85,,346056,54,0,5,1,85,,346052,54,0,5,2,81,,346054,54,0,5,1
38001,'H50S000A-82-A',2633,,347292,62,0,5,1,94,,347291,62,0,5,1,85,,347295,62,0,5,1,25,,347294,29,0,5,2,20,,347293,62,0,5,1
38001,'H50S000I-82-I',2546,,347299,62,0,5,1,90,,347297,62,0,5,2,82,,347298,62,0,5,1,84,,347296,62,0,5,1,47,,347300,62,0,5,1
38001,'H50S000S-82-S',2601,,347303,62,0,5,1,44,,347305,62,0,5,1,88,,347301,62,0,5,1,83,,347302,62,0,5,1,87,,347304,62,0,5,1
38001,'H50S000S-82-SV',2755,,347306,29,0,5,2
38001,'H50S100F-80-F1',2546,,347310,62,0,5,1,90,,347308,62,0,5,2,82,,347309,62,0,5,1,84,,347307,62,0,5,1,47,,347311,62,0,5,1
38001,'H50S200F-80-F2',2546,,347315,62,0,5,1,90,,347313,62,0,5,2,82,,347314,62,0,5,1,84,,347312,62,0,5,1,47,,347316,62,0,5,1
43203,'H54S000S-80-S',936,,347925,17,0,99 108,1,70,,347943,17,0,99 108,1,32,,347935,17,0,99 108,1,71,,347930,17,0,99 108,2,31,,347926,17,0,99 108,1,71,,347946,17,0,99 108,2,31,,347936,17,0,99 108,1,70,,347931,17,0,99 108,2,29,,347927,17,0,99 108,1,69,,347947,17,0,99 108,2,30,,347937,17,0,99 108,1,70,,347932,17,0,99 108,2,30,,347928,17,0,99 108,1,72,,347939,17,0,99 108,2,21,,347948,17,0,99 108,2,13,,347938,17,0,99 108,1,54,,347944,17,0,99 108,1,15,,347933,17,0,99 108,2,15,,347920,17,0,99 108,1,17,,347929,17,0,99 108,1,60,,347940,17,0,99 108,2,25,,347945,17,0,99 108,1,70,,347921,17,0,99 108,1,31,,347941,17,0,99 108,2
43903,'H58S000A-80-A',852,,347991,26,0,27 28,1,62,,348018,26,0,27 28,1,7,,348024,26,0,27 28,1,24,,348044,26,0,27 28,1,7,,347985,26,0,27 28,1,63,,347997,26,0,27 28,1,7,,348054,26,0,27 28,1,23,,348030,26,0,27 28,1,57,,348009,26,0,27 28,1,12,,347992,26,0,27 28,1,8,,348019,26,0,27 28,1,22,,348025,26,0,27 28,1,8,,347984,26,0,27 28,1,61,,348014,26,0,27 28,1,9,,348004,26,0,27 28,1,22,,348055,26,0,27 28,1,58,,348058,26,0,27 28,1,21,,348010,26,0,27 28,1,14,,347993,26,0,27 28,1,15,,348050,26,0,27 28,1,52,,348036,26,0,27 28,1,18,,348041,26,0,27 28,1,23,,348067,26,0,27 28,1,8,,348031,26,0,27 28,1,58,,348056,26,0,27 28,1,14,,348063,26,0,27 28,1,11,,348059,26,0,27 28,1,17,,348011,26,0,27 28,1,51,,347994,26,0,27 28,1,15,,348047,26,0,27 28,1,7,,348037,26,0,27 28,1,10,,348071,26,0,27 28,1,20,,348000,26,0,27 28,1,54,,348068,26,0,27 28,1,18,,348028,26,0,27 28,1,11,,348022,26,0,27 28,1,12,,348074,26,0,27 28,1,52,,348007,26,0,27 28,1,12,,348060,26,0,27 28,1,13,,348048,26,0,27 28,1,7,,348043,26,0,27 28,1,12,,348038,26,0,27 28,1,6,,348013,26,0,27 28,1,6,,348072,26,0,27 28,1,54,,347989,26,0,27 28,1,7,,348001,26,0,27 28,1,12,,348069,26,0,27 28,1,20,,348065,26,0,27 28,1,52,,348023,26,0,27 28,1,18,,348053,26,0,27 28,1,13,,348061,26,0,27 28,1,24,,348039,26,0,27 28,1,62,,347990,26,0,27 28,1,15,,348002,26,0,27 28,1
43903,'H58S000I-80-I',851,,348083,26,0,27 28,1,62,,348098,26,0,27 28,1,7,,348114,26,0,27 28,1,25,,348129,26,0,27 28,1,7,,348082,26,0,27 28,1,63,,348104,26,0,27 28,1,7,,348110,26,0,27 28,1,23,,348124,26,0,27 28,1,57,,348093,26,0,27 28,1,12,,348084,26,0,27 28,1,8,,348099,26,0,27 28,1,22,,348077,26,0,27 28,1,8,,348142,26,0,27 28,1,61,,348147,26,0,27 28,1,10,,348105,26,0,27 28,1,21,,348136,26,0,27 28,1,59,,348125,26,0,27 28,1,20,,348085,26,0,27 28,1,15,,348100,26,0,27 28,1,17,,348115,26,0,27 28,1,51,,348078,26,0,27 28,1,19,,348148,26,0,27 28,1,21,,348112,26,0,27 28,1,8,,348137,26,0,27 28,1,59,,348155,26,0,27 28,1,13,,348095,26,0,27 28,1,11,,348126,26,0,27 28,1,18,,348086,26,0,27 28,1,51,,348101,26,0,27 28,1,14,,348090,26,0,27 28,1,7,,348121,26,0,27 28,1,9,,348079,26,0,27 28,1,21,,348163,26,0,27 28,1,54,,348154,26,0,27 28,1,17,,348157,26,0,27 28,1,11,,348096,26,0,27 28,1,13,,348127,26,0,27 28,1,53,,348108,26,0,27 28,1,15,,348117,26,0,27 28,1,16,,348122,26,0,27 28,1,13,,348167,26,0,27 28,1,7,,348080,26,0,27 28,1,48,,348150,26,0,27 28,1,14,,348091,26,0,27 28,1,9,,348161,26,0,27 28,1,21,,348134,26,0,27 28,1,53,,348097,26,0,27 28,1,21,,348109,26,0,27 28,1,12,,348088,26,0,27 28,1,18,,348123,26,0,27 28,1,55,,348081,26,0,27 28,1,16,,348151,26,0,27 28,1,11,,348162,26,0,27 28,1
43903,'H58S000S-83-S',655,,348168,26,0,27 28,1,50,,348169,26,0,27 28,1,17,,348172,26,0,27 28,1,12,,348173,26,0,27 28,1,11,,348179,26,0,27 28,1,55,,348185,26,0,27 28,1,8,,348194,26,0,27 28,1,13,,348200,26,0,27 28,1,9,,348212,26,0,27 28,1,20,,348222,26,0,27 28,1,50,,348226,26,0,27 28,1,24,,348205,26,0,27 28,1,12,,348217,26,0,27 28,1,22,,348174,26,0,27 28,1,50,,348196,26,0,27 28,1,21,,348244,26,0,27 28,1,10,,348201,26,0,27 28,1,20,,348254,26,0,27 28,1,50,,348223,26,0,27 28,1,20,,348235,26,0,27 28,1,10,,348206,26,0,27 28,1,20,,348218,26,0,27 28,1,50,,348182,26,0,27 28,1,19,,348197,26,0,27 28,1,10,,348245,26,0,27 28,1,20,,348214,26,0,27 28,1,50,,348240,26,0,27 28,1,20,,348228,26,0,27 28,1,10,,348258,26,0,27 28,1,20,,348251,26,0,27 28,1,50,,348207,26,0,27 28,1,20,,348176,26,0,27 28,1,11,,348202,26,0,27 28,1,63,,348188,26,0,27 28,1,24,,348215,26,0,27 28,1,17,,348241,26,0,27 28,1,10,,348229,26,0,27 28,1,6,,348237,26,0,27 28,1,57,,348259,26,0,27 28,1,10,,348252,26,0,27 28,1,5,,348220,26,0,27 28,1,6,,348282,26,0,27 28,1,3,,348208,26,0,27 28,1,8,,348263,26,0,27 28,1,8,,348177,26,0,27 28,1,48,,348304,26,0,27 28,1,7,,348203,26,0,27 28,1,13,,348189,26,0,27 28,1,7,,348225,26,0,27 28,1,4,,348309,26,0,27 28,1,7,,348266,26,0,27 28,1,11,,348287,26,0,27 28,1,48,,348184,26,0,27 28,1,4,,348216,26,0,27 28,1,6,,348242,26,0,27 28,1,9,,348230,26,0,27 28,1,7,,348276,26,0,27 28,1,6,,348238,26,0,27 28,1,19,,348293,26,0,27 28,1,48,,348283,26,0,27 28,1,18,,348249,26,0,27 28,1,10,,348311,26,0,27 28,1,16,,348210,26,0,27 28,1,56,,348296,26,0,27 28,1,8,,348267,26,0,27 28,1,20,,348301,26,0,27 28,1,9,,348231,26,0,27 28,1,20,,348277,26,0,27 28,1,50,,348239,26,0,27 28,1,22,,348306,26,0,27 28,1,73,,348268,26,0,27 28,1,18,,348289,26,0,27 28,1,18,,348314,26,0,27 28,1,19,,348262,26,0,27 28,1,51,,348278,26,0,27 28,1,24,,348298,26,0,27 28,1,24,,348192,26,0,27 28,1,71,,348269,26,0,27 28,1,31,,348303,26,0,27 28,1,69,,348234,26,0,27 28,1,30,,348291,26,0,27 28,1
43903,'H58S100F-80-F1',851,,348322,26,0,27 28,1,62,,348337,26,0,27 28,1,7,,348353,26,0,27 28,1,25,,348368,26,0,27 28,1,7,,348321,26,0,27 28,1,63,,348343,26,0,27 28,1,7,,348349,26,0,27 28,1,23,,348363,26,0,27 28,1,57,,348332,26,0,27 28,1,12,,348323,26,0,27 28,1,8,,348338,26,0,27 28,1,22,,348316,26,0,27 28,1,8,,348381,26,0,27 28,1,61,,348386,26,0,27 28,1,10,,348344,26,0,27 28,1,21,,348375,26,0,27 28,1,59,,348364,26,0,27 28,1,20,,348324,26,0,27 28,1,15,,348339,26,0,27 28,1,17,,348354,26,0,27 28,1,51,,348317,26,0,27 28,1,19,,348387,26,0,27 28,1,21,,348351,26,0,27 28,1,8,,348376,26,0,27 28,1,59,,348394,26,0,27 28,1,13,,348334,26,0,27 28,1,11,,348365,26,0,27 28,1,18,,348325,26,0,27 28,1,51,,348340,26,0,27 28,1,14,,348329,26,0,27 28,1,7,,348360,26,0,27 28,1,9,,348318,26,0,27 28,1,21,,348402,26,0,27 28,1,54,,348393,26,0,27 28,1,17,,348396,26,0,27 28,1,11,,348335,26,0,27 28,1,13,,348366,26,0,27 28,1,53,,348347,26,0,27 28,1,15,,348356,26,0,27 28,1,16,,348361,26,0,27 28,1,13,,348406,26,0,27 28,1,7,,348319,26,0,27 28,1,48,,348389,26,0,27 28,1,14,,348330,26,0,27 28,1,9,,348400,26,0,27 28,1,21,,348373,26,0,27 28,1,53,,348336,26,0,27 28,1,21,,348348,26,0,27 28,1,12,,348327,26,0,27 28,1,18,,348362,26,0,27 28,1,55,,348320,26,0,27 28,1,16,,348390,26,0,27 28,1,11,,348401,26,0,27 28,1
43903,'H58S200F-80-F2',851,,348417,26,0,27 28,1,62,,348439,26,0,27 28,1,7,,348445,26,0,27 28,1,25,,348466,26,0,27 28,1,7,,348413,26,0,27 28,1,63,,348429,26,0,27 28,1,7,,348435,26,0,27 28,1,23,,348455,26,0,27 28,1,57,,348424,26,0,27 28,1,12,,348418,26,0,27 28,1,8,,348440,26,0,27 28,1,22,,348408,26,0,27 28,1,8,,348473,26,0,27 28,1,61,,348478,26,0,27 28,1,10,,348430,26,0,27 28,1,21,,348461,26,0,27 28,1,59,,348456,26,0,27 28,1,20,,348419,26,0,27 28,1,15,,348441,26,0,27 28,1,17,,348446,26,0,27 28,1,51,,348409,26,0,27 28,1,19,,348479,26,0,27 28,1,21,,348437,26,0,27 28,1,8,,348462,26,0,27 28,1,59,,348486,26,0,27 28,1,13,,348426,26,0,27 28,1,11,,348457,26,0,27 28,1,18,,348420,26,0,27 28,1,51,,348442,26,0,27 28,1,14,,348415,26,0,27 28,1,7,,348452,26,0,27 28,1,9,,348410,26,0,27 28,1,21,,348490,26,0,27 28,1,54,,348485,26,0,27 28,1,17,,348488,26,0,27 28,1,11,,348427,26,0,27 28,1,13,,348458,26,0,27 28,1,53,,348433,26,0,27 28,1,15,,348448,26,0,27 28,1,16,,348453,26,0,27 28,1,13,,348498,26,0,27 28,1,7,,348411,26,0,27 28,1,48,,348481,26,0,27 28,1,14,,348416,26,0,27 28,1,9,,348494,26,0,27 28,1,21,,348471,26,0,27 28,1,53,,348428,26,0,27 28,1,21,,348434,26,0,27 28,1,12,,348422,26,0,27 28,1,18,,348454,26,0,27 28,1,55,,348412,26,0,27 28,1,16,,348482,26,0,27 28,1,11,,348495,26,0,27 28,1
