20201,'H60S000A-80-A',607,,340047,6,0,5,1,31,,340036,6,0,5,1,70,,340048,6,0,5,1,31,,340061,6,0,5,1,72,,340064,6,0,5,1,26,,340058,6,0,5,1,69,,340037,6,0,5,1,32,,340049,6,0,5,1,71,,340062,6,0,5,1,29,,340065,6,0,5,1,70,,340059,6,0,5,1,30,,340038,6,0,5,1,67,,340050,6,0,5,1,24,,340044,6,0,5,1,22,,340070,6,0,5,1,63,,340066,6,0,5,1,23,,340043,6,0,5,1,63,,340063,6,0,5,1,22,,340039,6,0,5,1,23,,340051,6,0,5,1,63,,340045,6,0,5,1,22,,340071,6,0,5,1,20,,340067,6,0,5,1,57,,340054,6,0,5,2,17,,340074,6,0,5,1,21,,340068,6,0,5,2,63,,340040,6,0,5,1,22,,340052,6,0,5,1,22,,340046,6,0,5,1,62,,340072,6,0,5,1,27,,340055,6,0,5,2,70,,340075,6,0,5,1,32,,340041,6,0,5,1,69,,340053,6,0,5,1,30,,340073,6,0,5,1,69,,340056,6,0,5,2,27,,340076,6,0,5,1,71,,340042,6,0,5,1,30,,340060,6,0,5,2,70,,340069,6,0,5,1,30,,340057,6,0,5,2,69,,340077,6,0,5,1
20201,'H60S000I-81-I',709,,340092,6,0,5,1,31,,340101,6,0,5,1,72,,340109,6,0,5,1,31,,340111,6,0,5,1,73,,340099,6,0,5,1,33,,340093,6,0,5,1,73,,340102,6,0,5,1,28,,340110,6,0,5,1,69,,340112,6,0,5,1,30,,340100,6,0,5,1,71,,340094,6,0,5,1,30,,340103,6,0,5,1,72,,340080,6,0,5,1,30,,340085,6,0,5,1,73,,340097,6,0,5,1,33,,340095,6,0,5,1,69,,340104,6,0,5,1,32,,340081,6,0,5,1,70,,340086,6,0,5,1,30,,340098,6,0,5,1,73,,340096,6,0,5,1,71,,340105,6,0,5,1,33,,340082,6,0,5,1,73,,340087,6,0,5,1,28,,340078,6,0,5,1,69,,340108,6,0,5,1,28,,340106,6,0,5,1,70,,340083,6,0,5,1,27,,340088,6,0,5,1,27,,340090,6,0,5,1,67,,340079,6,0,5,1,28,,340107,6,0,5,1,68,,340084,6,0,5,1,29,,340089,6,0,5,1,69,,340091,6,0,5,1
20201,'H60S000S-83-S',547,,340125,6,0,5,1,69,,340137,6,0,5,2,26,,340136,6,0,5,2,17,,340114,6,0,5,1,69,,340133,6,0,5,1,31,,340138,6,0,5,1,70,,340122,6,0,5,1,29,,340126,6,0,5,1,72,,340130,6,0,5,1,18,,340121,6,0,5,1,59,,340115,6,0,5,1,22,,340134,6,0,5,1,26,,340139,6,0,5,1,67,,340123,6,0,5,1,30,,340127,6,0,5,1,73,,340131,6,0,5,1,29,,340116,6,0,5,1,67,,340135,6,0,5,1,33,,340140,6,0,5,1,49,,340124,6,0,5,1,34,,340128,6,0,5,1,65,,340144,6,0,5,1,25,,340132,6,0,5,1,27,,340117,6,0,5,1,70,,340156,6,0,5,1,33,,340141,6,0,5,1,73,,340149,6,0,5,2,73,,340145,6,0,5,1,31,,340152,6,0,5,1,67,,340118,6,0,5,1,28,,340157,6,0,5,1,27,,340142,6,0,5,1,71,,340150,6,0,5,2,25,,340146,6,0,5,1,63,,340153,6,0,5,1,20,,340119,6,0,5,1,70,,340158,6,0,5,1,30,,340143,6,0,5,1,68,,340151,6,0,5,2,28,,340147,6,0,5,1,72,,340120,6,0,5,1
20201,'H60S100F-80-F1',709,,340179,6,0,5,1,31,,340182,6,0,5,2,72,,340185,6,0,5,1,31,,340183,6,0,5,1,73,,340159,6,0,5,1,33,,340164,6,0,5,2,73,,340168,6,0,5,1,28,,340180,6,0,5,1,69,,340184,6,0,5,1,30,,340160,6,0,5,1,71,,340165,6,0,5,2,30,,340169,6,0,5,1,72,,340186,6,0,5,1,30,,340174,6,0,5,2,73,,340181,6,0,5,1,33,,340166,6,0,5,2,69,,340170,6,0,5,1,32,,340187,6,0,5,1,70,,340175,6,0,5,2,30,,340191,6,0,5,1,73,,340167,6,0,5,2,71,,340171,6,0,5,1,33,,340188,6,0,5,1,73,,340176,6,0,5,2,28,,340161,6,0,5,1,69,,340192,6,0,5,2,28,,340172,6,0,5,1,70,,340189,6,0,5,1,27,,340177,6,0,5,2,27,,340162,6,0,5,1,67,,340193,6,0,5,2,28,,340173,6,0,5,1,68,,340190,6,0,5,1,29,,340178,6,0,5,2,69,,340163,6,0,5,1
20201,'H60S200F-80-F2',709,,340214,6,0,5,1,31,,340217,6,0,5,2,72,,340220,6,0,5,1,31,,340218,6,0,5,1,73,,340194,6,0,5,1,33,,340199,6,0,5,2,73,,340203,6,0,5,1,28,,340215,6,0,5,1,69,,340219,6,0,5,1,30,,340195,6,0,5,1,71,,340200,6,0,5,2,30,,340204,6,0,5,1,72,,340221,6,0,5,1,30,,340209,6,0,5,2,73,,340216,6,0,5,1,33,,340201,6,0,5,2,69,,340205,6,0,5,1,32,,340222,6,0,5,1,70,,340210,6,0,5,2,30,,340226,6,0,5,1,73,,340202,6,0,5,2,71,,340206,6,0,5,1,33,,340223,6,0,5,1,73,,340211,6,0,5,2,28,,340196,6,0,5,1,69,,340227,6,0,5,2,28,,340207,6,0,5,1,70,,340224,6,0,5,1,27,,340212,6,0,5,2,27,,340197,6,0,5,1,67,,340228,6,0,5,2,28,,340208,6,0,5,1,68,,340225,6,0,5,1,29,,340213,6,0,5,2,69,,340198,6,0,5,1
22104,'H60S000A-80-A',822,,345153,6,0,9,2,30,,345164,6,0,9,1,69,,345154,6,0,9,2,31,,345165,6,0,9,1,71,,345155,6,0,9,2,29,,345166,6,0,9,1,70,,345156,6,0,9,2,31,,345167,6,0,9,1,70,,345157,6,0,9,2,31,,345168,6,0,9,1,70,,345158,6,0,9,2,31,,345169,6,0,9,1,70,,345159,6,0,9,2,31,,345170,6,0,9,1,70,,345160,6,0,9,2,31,,345171,6,0,9,1,70,,345161,6,0,9,2,31,,345172,6,0,9,1,70,,345162,6,0,9,2,30,,345173,6,0,9,1,70,,345163,6,0,9,2,28,,345174,6,0,9,1
22104,'H60S000I-81-I',757,,345175,6,0,9,1,73,,345186,6,0,9,1,29,,345176,6,0,9,1,73,,345187,6,0,9,1,71,,345177,6,0,9,1,33,,345188,6,0,9,1,72,,345178,6,0,9,1,32,,345189,6,0,9,1,73,,345179,6,0,9,1,31,,345190,6,0,9,1,70,,345180,6,0,9,1,31,,345191,6,0,9,1,73,,345181,6,0,9,1,32,,345192,6,0,9,1,70,,345182,6,0,9,1,32,,345193,6,0,9,1,71,,345183,6,0,9,1,30,,345194,6,0,9,1,72,,345184,6,0,9,1,32,,345195,6,0,9,1,70,,345185,6,0,9,1,30,,345196,6,0,9,1
22104,'H60S000S-83-S',608,,345209,6,0,9,1,14,,345215,6,0,9,2,16,,345197,6,0,9,1,15,,345212,6,0,9,1,55,,345200,6,0,9,2,15,,345216,6,0,9,2,17,,345198,6,0,9,1,16,,345213,6,0,9,1,56,,345201,6,0,9,2,21,,345217,6,0,9,2,15,,345199,6,0,9,1,56,,345202,6,0,9,1,17,,345214,6,0,9,2,18,,345218,6,0,9,2,70,,345203,6,0,9,1,32,,345219,6,0,9,2,70,,345204,6,0,9,1,32,,345220,6,0,9,2,71,,345205,6,0,9,1,32,,345221,6,0,9,2,70,,345206,6,0,9,1,32,,345222,6,0,9,2,70,,345207,6,0,9,1,32,,345223,6,0,9,2,65,,345208,6,0,9,1,23,,345234,6,0,9,1,62,,345237,6,0,9,1,15,,345224,6,0,9,2,16,,345235,6,0,9,1,14,,345210,6,0,9,2,57,,345229,6,0,9,1,12,,345225,6,0,9,1,11,,345238,6,0,9,1,16,,345236,6,0,9,1,14,,345211,6,0,9,2,53,,345230,6,0,9,1,19,,345226,6,0,9,1,20,,345239,6,0,9,2,63,,345231,6,0,9,1,31,,345227,6,0,9,1,73,,345232,6,0,9,1,32,,345228,6,0,9,1,73,,345233,6,0,9,1
22104,'H60S100F-80-F1',757,,345240,6,0,9,1,73,,345251,6,0,9,2,29,,345241,6,0,9,1,73,,345252,6,0,9,2,71,,345242,6,0,9,1,33,,345253,6,0,9,2,72,,345243,6,0,9,1,32,,345254,6,0,9,2,73,,345244,6,0,9,1,31,,345255,6,0,9,2,70,,345245,6,0,9,1,31,,345256,6,0,9,2,73,,345246,6,0,9,1,32,,345257,6,0,9,2,70,,345247,6,0,9,1,32,,345258,6,0,9,2,71,,345248,6,0,9,1,30,,345259,6,0,9,2,72,,345249,6,0,9,1,32,,345260,6,0,9,2,70,,345250,6,0,9,1,30,,345261,6,0,9,2
22104,'H60S200F-80-F2',757,,345262,6,0,9,1,73,,345273,6,0,9,2,29,,345263,6,0,9,1,73,,345274,6,0,9,2,71,,345264,6,0,9,1,33,,345275,6,0,9,2,72,,345265,6,0,9,1,32,,345276,6,0,9,2,73,,345266,6,0,9,1,31,,345277,6,0,9,2,70,,345267,6,0,9,1,31,,345278,6,0,9,2,73,,345268,6,0,9,1,32,,345279,6,0,9,2,70,,345269,6,0,9,1,32,,345280,6,0,9,2,71,,345270,6,0,9,1,30,,345281,6,0,9,2,72,,345271,6,0,9,1,32,,345282,6,0,9,2,70,,345272,6,0,9,1,30,,345283,6,0,9,2
