4801,'H54S000S-80-S',1755,,299530,24,0,5,2,47,,299529,24,0,5,2
4801,'H58S000A-80-A',600,,299531,28,0,99 23 3 24,1,27,,299537,24,0,5,2,32,,299539,28,0,99 23 3 24,2,68,,299547,24,0,5,1,32,,299532,28,0,99 23 3 24,1,68,,299577,24,0,5,1,26,,299540,28,0,99 23 3 24,2,61,,299590,24,0,5,1,24,,299548,28,0,99 23 3 24,1,17,,299582,24,0,5,2,63,,299555,28,0,99 23 3 24,1,13,,299533,24,0,5,2,16,,299541,24,0,5,2,59,,299571,28,0,99 23 3 24,1,12,,299561,24,0,5,2,15,,299549,24,0,5,1,17,,299592,28,0,99 23 3 24,2,52,,299583,24,0,5,2,18,,299556,28,0,99 23 3 24,1,12,,299534,24,0,5,2,18,,299542,28,0,99 23 3 24,2,51,,299596,24,0,5,2,17,,299572,28,0,99 23 3 24,1,10,,299562,24,0,5,2,12,,299550,24,0,5,1,15,,299593,28,0,99 23 3 24,2,51,,299584,24,0,5,2,17,,299557,28,0,99 23 3 24,1,9,,299535,24,0,5,2,15,,299601,28,0,99 23 3 24,1,9,,299543,24,0,5,2,56,,299597,28,0,99 23 3 24,2,10,,299603,24,0,5,2,15,,299563,28,0,99 23 3 24,2,9,,299551,24,0,5,1,13,,299567,24,0,5,2,52,,299594,24,0,5,2,15,,299585,28,0,99 23 3 24,2,8,,299558,24,0,5,1,12,,299536,24,0,5,2,56,,299544,28,0,99 23 3 24,2,10,,299598,24,0,5,2,14,,299546,28,0,99 23 3 24,1,9,,299604,24,0,5,2,10,,299552,24,0,5,1,12,,299578,28,0,99 23 3 24,1,46,,299568,24,0,5,2,12,,299595,24,0,5,2,13,,299586,24,0,5,2,13,,299573,24,0,5,1,16,,299559,28,0,99 23 3 24,1,49,,299545,24,0,5,2,13,,299599,24,0,5,2,16,,299605,28,0,99 23 3 24,2,11,,299553,24,0,5,1,58,,299579,28,0,99 23 3 24,1,11,,299580,24,0,5,2,14,,299587,24,0,5,2,18,,299574,28,0,99 23 3 24,1,12,,299560,24,0,5,1,55,,299600,24,0,5,2,18,,299606,28,0,99 23 3 24,2,11,,299554,24,0,5,1,14,,299566,24,0,5,1,57,,299581,28,0,99 23 3 24,2,17,,299588,24,0,5,2,19,,299538,24,0,5,1,64,,299565,28,0,99 23 3 24,1,16,,299607,24,0,5,2,21,,299570,28,0,99 23 3 24,1,57,,299575,24,0,5,2,19,,299589,24,0,5,2,20,,299602,28,0,99 23 3 24,1,54,,299591,24,0,5,1,19,,299564,28,0,99 23 3 24,2,13,,299608,24,0,5,2,25,,299576,28,0,99 23 3 24,2,62,,299569,24,0,5,2
4801,'H58S000I-80-I',556,,299632,24,0,5,1,61,,299609,24,0,5,1,38,,299620,28,0,99 23 3 24,1,68,,299634,24,0,5,2,35,,299633,28,0,99 23 3 24,1,68,,299610,24,0,5,2,33,,299621,28,0,99 23 3 24,1,66,,299635,24,0,5,2,32,,299644,28,0,99 23 3 24,1,57,,299631,24,0,5,2,25,,299611,28,0,99 23 3 24,2,20,,299622,24,0,5,1,65,,299636,28,0,99 23 3 24,2,18,,299657,24,0,5,1,62,,299645,28,0,99 23 3 24,1,14,,299639,24,0,5,2,21,,299612,28,0,99 23 3 24,2,15,,299623,24,0,5,1,62,,299658,28,0,99 23 3 24,2,15,,299637,24,0,5,2,21,,299662,28,0,99 23 3 24,2,55,,299646,24,0,5,1,14,,299640,24,0,5,2,18,,299613,28,0,99 23 3 24,2,12,,299624,24,0,5,1,54,,299670,24,0,5,2,18,,299659,28,0,99 23 3 24,2,12,,299638,24,0,5,2,17,,299663,28,0,99 23 3 24,2,52,,299647,24,0,5,1,18,,299641,28,0,99 23 3 24,2,12,,299614,24,0,5,2,17,,299625,28,0,99 23 3 24,1,8,,299672,24,0,5,2,51,,299671,24,0,5,2,12,,299660,28,0,99 23 3 24,2,7,,299665,24,0,5,2,10,,299674,24,0,5,2,14,,299664,28,0,99 23 3 24,2,47,,299648,24,0,5,1,11,,299616,24,0,5,2,14,,299642,28,0,99 23 3 24,2,8,,299656,24,0,5,1,10,,299675,24,0,5,2,16,,299673,28,0,99 23 3 24,2,50,,299627,24,0,5,1,15,,299661,28,0,99 23 3 24,2,9,,299666,24,0,5,2,13,,299615,24,0,5,2,57,,299649,28,0,99 23 3 24,1,11,,299617,24,0,5,2,13,,299653,24,0,5,2,17,,299626,28,0,99 23 3 24,1,10,,299643,24,0,5,1,53,,299628,24,0,5,1,18,,299619,28,0,99 23 3 24,1,11,,299667,24,0,5,2,17,,299650,24,0,5,1,61,,299618,28,0,99 23 3 24,1,15,,299654,24,0,5,2,25,,299629,24,0,5,1,70,,299668,28,0,99 23 3 24,2,22,,299651,24,0,5,1,72,,299655,28,0,99 23 3 24,2,26,,299630,24,0,5,1,73,,299669,28,0,99 23 3 24,2,29,,299652,24,0,5,1
4801,'H58S000S-83-S',532,,299689,24,0,5,1,20,,299676,24,0,5,1,62,,299679,28,0,99 23 3 24,2,14,,299680,24,0,5,2,21,,299678,24,0,5,2,63,,299710,28,0,99 23 3 24,2,15,,299719,24,0,5,2,21,,299691,28,0,99 23 3 24,1,60,,299725,24,0,5,2,24,,299728,28,0,99 23 3 24,1,20,,299740,24,0,5,2,64,,299745,28,0,99 23 3 24,1,17,,299747,24,0,5,2,25,,299692,28,0,99 23 3 24,1,59,,299707,24,0,5,1,20,,299729,24,0,5,1,22,,299741,28,0,99 23 3 24,2,57,,299711,24,0,5,2,21,,299748,28,0,99 23 3 24,2,14,,299737,24,0,5,1,58,,299693,28,0,99 23 3 24,1,13,,299708,24,0,5,1,16,,299701,28,0,99 23 3 24,2,13,,299696,24,0,5,2,57,,299742,28,0,99 23 3 24,2,13,,299712,24,0,5,2,16,,299681,28,0,99 23 3 24,1,11,,299749,24,0,5,2,54,,299738,24,0,5,1,17,,299694,28,0,99 23 3 24,1,9,,299709,24,0,5,1,12,,299752,28,0,99 23 3 24,1,8,,299702,24,0,5,2,53,,299697,28,0,99 23 3 24,2,8,,299751,24,0,5,2,10,,299743,24,0,5,2,16,,299713,28,0,99 23 3 24,2,10,,299760,24,0,5,2,12,,299682,24,0,5,1,52,,299750,28,0,99 23 3 24,2,7,,299739,24,0,5,1,6,,299684,24,0,5,2,5,,299688,24,0,5,1,5,,299695,24,0,5,1,7,,299766,28,0,99 23 3 24,2,3,,299730,24,0,5,1,5,,299700,24,0,5,2,6,,299754,24,0,5,2,6,,299703,24,0,5,2,46,,299690,24,0,5,1,9,,299720,28,0,99 23 3 24,1,7,,299698,24,0,5,2,8,,299758,24,0,5,2,6,,299744,24,0,5,2,9,,299765,28,0,99 23 3 24,2,5,,299714,24,0,5,2,58,,299761,24,0,5,2,7,,299734,28,0,99 23 3 24,1,7,,299683,24,0,5,1,9,,299685,24,0,5,2,9,,299753,28,0,99 23 3 24,1,5,,299731,24,0,5,1,8,,299767,24,0,5,2,50,,299755,24,0,5,1,11,,299704,28,0,99 23 3 24,2,9,,299721,24,0,5,1,15,,299759,28,0,99 23 3 24,2,9,,299769,24,0,5,2,11,,299715,24,0,5,2,54,,299764,28,0,99 23 3 24,1,9,,299735,24,0,5,1,12,,299746,24,0,5,1,15,,299732,28,0,99 23 3 24,1,9,,299768,24,0,5,2,53,,299756,28,0,99 23 3 24,1,9,,299722,24,0,5,1,16,,299686,28,0,99 23 3 24,2,10,,299699,24,0,5,2,57,,299716,28,0,99 23 3 24,2,12,,299736,24,0,5,1,17,,299705,28,0,99 23 3 24,1,12,,299733,24,0,5,1,15,,299717,24,0,5,1,56,,299677,28,0,99 23 3 24,1,13,,299723,24,0,5,1,17,,299687,24,0,5,2,16,,299726,24,0,5,2,56,,299763,28,0,99 23 3 24,2,11,,299706,24,0,5,1,16,,299718,24,0,5,1,58,,299757,28,0,99 23 3 24,1,13,,299724,24,0,5,1,18,,299762,28,0,99 23 3 24,2,16,,299727,24,0,5,2
4801,'H58S100F-80-F1',556,,299795,24,0,5,2,61,,299770,24,0,5,2,38,,299782,28,0,99 23 3 24,2,68,,299798,24,0,5,1,35,,299802,28,0,99 23 3 24,2,68,,299808,24,0,5,1,33,,299783,28,0,99 23 3 24,2,66,,299799,24,0,5,1,32,,299803,28,0,99 23 3 24,2,57,,299796,24,0,5,2,25,,299809,28,0,99 23 3 24,1,20,,299784,24,0,5,2,65,,299815,28,0,99 23 3 24,1,18,,299800,24,0,5,1,62,,299804,28,0,99 23 3 24,2,14,,299819,24,0,5,2,21,,299772,28,0,99 23 3 24,1,15,,299810,24,0,5,1,62,,299785,28,0,99 23 3 24,2,15,,299816,24,0,5,1,21,,299822,28,0,99 23 3 24,2,55,,299805,24,0,5,2,14,,299820,24,0,5,2,18,,299773,28,0,99 23 3 24,1,12,,299811,24,0,5,1,54,,299776,24,0,5,1,18,,299786,28,0,99 23 3 24,2,12,,299817,24,0,5,1,17,,299823,28,0,99 23 3 24,2,52,,299806,24,0,5,2,18,,299821,28,0,99 23 3 24,2,12,,299774,24,0,5,1,17,,299812,28,0,99 23 3 24,1,8,,299825,24,0,5,1,51,,299777,24,0,5,1,12,,299787,28,0,99 23 3 24,2,7,,299814,24,0,5,1,10,,299830,24,0,5,2,14,,299824,28,0,99 23 3 24,2,47,,299807,24,0,5,2,11,,299833,24,0,5,2,14,,299801,28,0,99 23 3 24,1,8,,299836,24,0,5,1,10,,299775,24,0,5,1,16,,299826,28,0,99 23 3 24,1,50,,299818,24,0,5,1,15,,299788,28,0,99 23 3 24,2,9,,299831,24,0,5,2,13,,299771,24,0,5,1,57,,299778,28,0,99 23 3 24,1,11,,299834,24,0,5,2,13,,299792,24,0,5,2,17,,299813,28,0,99 23 3 24,1,10,,299835,24,0,5,2,53,,299827,24,0,5,1,18,,299832,28,0,99 23 3 24,2,11,,299789,24,0,5,2,17,,299779,24,0,5,1,61,,299797,28,0,99 23 3 24,1,15,,299793,24,0,5,2,25,,299828,24,0,5,1,70,,299790,28,0,99 23 3 24,2,22,,299780,24,0,5,1,72,,299794,28,0,99 23 3 24,2,26,,299829,24,0,5,1,73,,299791,28,0,99 23 3 24,2,29,,299781,24,0,5,1
4801,'H58S200F-80-F2',556,,299859,24,0,5,2,61,,299874,24,0,5,2,38,,299839,28,0,99 23 3 24,2,68,,299861,24,0,5,1,35,,299853,28,0,99 23 3 24,2,68,,299865,24,0,5,1,33,,299840,28,0,99 23 3 24,2,66,,299862,24,0,5,1,32,,299854,28,0,99 23 3 24,2,57,,299860,24,0,5,2,25,,299866,28,0,99 23 3 24,1,20,,299841,24,0,5,2,65,,299881,28,0,99 23 3 24,1,18,,299863,24,0,5,1,62,,299855,28,0,99 23 3 24,2,14,,299884,24,0,5,2,21,,299849,28,0,99 23 3 24,1,15,,299867,24,0,5,1,62,,299842,28,0,99 23 3 24,2,15,,299882,24,0,5,1,21,,299871,28,0,99 23 3 24,2,55,,299856,24,0,5,2,14,,299885,24,0,5,2,18,,299850,28,0,99 23 3 24,1,12,,299868,24,0,5,1,54,,299875,24,0,5,1,18,,299843,28,0,99 23 3 24,2,12,,299883,24,0,5,1,17,,299872,28,0,99 23 3 24,2,52,,299857,24,0,5,2,18,,299886,28,0,99 23 3 24,2,12,,299851,24,0,5,1,17,,299869,28,0,99 23 3 24,1,8,,299887,24,0,5,1,51,,299876,24,0,5,1,12,,299844,28,0,99 23 3 24,2,7,,299837,24,0,5,1,10,,299892,24,0,5,2,14,,299873,28,0,99 23 3 24,2,47,,299858,24,0,5,2,11,,299894,24,0,5,2,14,,299864,28,0,99 23 3 24,1,8,,299838,24,0,5,1,10,,299852,24,0,5,1,16,,299888,28,0,99 23 3 24,1,50,,299900,24,0,5,1,15,,299845,28,0,99 23 3 24,2,9,,299893,24,0,5,2,13,,299901,24,0,5,1,57,,299877,28,0,99 23 3 24,1,11,,299895,24,0,5,2,13,,299896,24,0,5,2,17,,299870,28,0,99 23 3 24,1,10,,299902,24,0,5,2,53,,299889,24,0,5,1,18,,299903,28,0,99 23 3 24,2,11,,299846,24,0,5,2,17,,299878,24,0,5,1,61,,299899,28,0,99 23 3 24,1,15,,299897,24,0,5,2,25,,299890,24,0,5,1,70,,299847,28,0,99 23 3 24,2,22,,299879,24,0,5,1,72,,299898,28,0,99 23 3 24,2,26,,299891,24,0,5,1,73,,299848,28,0,99 23 3 24,2,29,,299880,24,0,5,1
35301,'H54S000A-80-A',2701,,346036,68,0,5,1,49,,346034,68,0,5,2,86,,346035,68,0,5,1,81,,346033,68,0,5,1
35301,'H54S000I-80-I',2617,,346038,68,0,5,1,88,,346040,68,0,5,1,45,,346041,68,0,5,1,85,,346037,68,0,5,2,81,,346039,68,0,5,1
35301,'H54S000S-80-S',2617,,346042,68,0,5,1,85,,346044,68,0,5,1,46,,346045,68,0,5,1,85,,346043,68,0,5,2,80,,346046,68,0,5,2
35301,'H54S100F-80-F1',2617,,346048,68,0,5,1,88,,346050,68,0,5,1,45,,346051,68,0,5,1,85,,346047,68,0,5,2,81,,346049,68,0,5,1
35301,'H54S200F-80-F2',2617,,346053,68,0,5,1,88,,346055,68,0,5,1,45,,346056,68,0,5,1,85,,346052,68,0,5,2,81,,346054,68,0,5,1
43203,'H54S000S-80-S',947,,347925,29,0,99 108,1,70,,347943,29,0,99 108,1,33,,347935,29,0,99 108,1,71,,347930,29,0,99 108,2,31,,347926,29,0,99 108,1,71,,347946,29,0,99 108,2,31,,347936,29,0,99 108,1,70,,347931,29,0,99 108,2,29,,347927,29,0,99 108,1,69,,347947,29,0,99 108,2,30,,347937,29,0,99 108,1,70,,347932,29,0,99 108,2,31,,347928,29,0,99 108,1,72,,347939,29,0,99 108,2,21,,347948,29,0,99 108,2,13,,347938,29,0,99 108,1,54,,347944,29,0,99 108,1,15,,347933,29,0,99 108,2,15,,347920,29,0,99 108,1,57,,347929,29,0,99 108,1,20,,347940,29,0,99 108,2,25,,347945,29,0,99 108,1,68,,347921,29,0,99 108,1,31,,347941,29,0,99 108,2
