16401,'H60S000A-80-A',552,,329687,24,0,5,1,73,,329674,24,0,5,1,29,,329701,24,0,5,2,68,,329688,24,0,5,1,28,,329675,24,0,5,1,70,,329702,24,0,5,2,30,,329689,24,0,5,1,69,,329676,24,0,5,1,30,,329703,24,0,5,2,69,,329690,24,0,5,1,29,,329677,24,0,5,1,69,,329704,24,0,5,2,31,,329691,24,0,5,1,70,,329678,24,0,5,1,30,,329705,24,0,5,2,71,,329692,24,0,5,1,30,,329679,24,0,5,1,70,,329706,24,0,5,2,32,,329693,24,0,5,1,70,,329680,24,0,5,1,31,,329707,24,0,5,2,72,,329694,24,0,5,1,31,,329681,24,0,5,1,71,,329708,24,0,5,2,33,,329695,24,0,5,1,72,,329682,24,0,5,1,29,,329709,24,0,5,2,69,,329696,24,0,5,1,28,,329683,24,0,5,1,66,,329710,24,0,5,2,28,,329697,24,0,5,1,69,,329684,24,0,5,1,28,,329711,24,0,5,2,69,,329698,24,0,5,1,30,,329685,24,0,5,1,70,,329712,24,0,5,2,30,,329699,24,0,5,1,70,,329686,24,0,5,1,30,,329713,24,0,5,2,70,,329700,24,0,5,1
16401,'H60S000I-81-I',552,,329735,24,0,5,1,73,,329726,24,0,5,1,29,,329714,24,0,5,1,68,,329736,24,0,5,1,28,,329727,24,0,5,1,69,,329715,24,0,5,1,30,,329737,24,0,5,1,69,,329728,24,0,5,1,29,,329716,24,0,5,1,69,,329738,24,0,5,1,29,,329729,24,0,5,1,70,,329717,24,0,5,1,30,,329739,24,0,5,1,70,,329730,24,0,5,1,30,,329718,24,0,5,1,71,,329740,24,0,5,1,30,,329731,24,0,5,1,70,,329719,24,0,5,1,32,,329741,24,0,5,1,70,,329732,24,0,5,1,31,,329720,24,0,5,1,72,,329742,24,0,5,1,33,,329733,24,0,5,1,73,,329721,24,0,5,1,73,,329743,24,0,5,1,31,,329734,24,0,5,1,69,,329722,24,0,5,1,29,,329744,24,0,5,1,28,,329750,24,0,5,2,67,,329723,24,0,5,1,28,,329745,24,0,5,1,69,,329751,24,0,5,2,27,,329724,24,0,5,1,69,,329746,24,0,5,1,30,,329752,24,0,5,2,70,,329725,24,0,5,1,29,,329747,24,0,5,1,70,,329753,24,0,5,2,28,,329749,24,0,5,1,67,,329748,24,0,5,1
16401,'H60S000S-83-S',540,,329763,24,0,5,1,19,,329769,24,0,5,2,59,,329774,24,0,5,1,21,,329761,24,0,5,1,14,,329767,24,0,5,1,50,,329754,24,0,5,2,10,,329757,24,0,5,1,12,,329764,24,0,5,1,12,,329759,24,0,5,1,11,,329770,24,0,5,2,9,,329775,24,0,5,1,50,,329781,24,0,5,2,12,,329762,24,0,5,1,17,,329768,24,0,5,1,21,,329755,24,0,5,2,61,,329765,24,0,5,1,25,,329776,24,0,5,1,64,,329760,24,0,5,1,25,,329756,24,0,5,2,69,,329766,24,0,5,1,31,,329777,24,0,5,1,25,,329771,24,0,5,1,64,,329782,24,0,5,1,24,,329783,24,0,5,1,65,,329778,24,0,5,1,24,,329772,24,0,5,1,23,,329787,24,0,5,1,63,,329779,24,0,5,1,21,,329784,24,0,5,1,61,,329788,24,0,5,1,26,,329773,24,0,5,1,20,,329802,24,0,5,1,62,,329780,24,0,5,1,21,,329785,24,0,5,1,19,,329801,24,0,5,1,56,,329789,24,0,5,1,15,,329800,24,0,5,2,15,,329758,24,0,5,1,13,,329803,24,0,5,1,59,,329795,24,0,5,2,23,,329786,24,0,5,1,27,,329790,24,0,5,1,71,,329804,24,0,5,1,72,,329796,24,0,5,2,32,,329791,24,0,5,1,70,,329805,24,0,5,1,32,,329797,24,0,5,2,73,,329792,24,0,5,1,31,,329806,24,0,5,1,73,,329798,24,0,5,2,28,,329793,24,0,5,1,67,,329807,24,0,5,1,29,,329799,24,0,5,2,73,,329794,24,0,5,1
16401,'H60S100F-80-F1',552,,329830,24,0,5,1,73,,329819,24,0,5,2,29,,329808,24,0,5,1,68,,329831,24,0,5,1,28,,329820,24,0,5,2,69,,329809,24,0,5,1,30,,329832,24,0,5,1,69,,329821,24,0,5,2,29,,329810,24,0,5,1,69,,329833,24,0,5,1,29,,329822,24,0,5,2,70,,329811,24,0,5,1,30,,329834,24,0,5,1,70,,329823,24,0,5,2,30,,329812,24,0,5,1,71,,329835,24,0,5,1,30,,329824,24,0,5,2,70,,329813,24,0,5,1,32,,329836,24,0,5,1,70,,329825,24,0,5,2,31,,329814,24,0,5,1,72,,329837,24,0,5,1,33,,329826,24,0,5,2,73,,329815,24,0,5,1,73,,329838,24,0,5,1,31,,329827,24,0,5,2,69,,329816,24,0,5,1,29,,329839,24,0,5,1,28,,329844,24,0,5,2,67,,329817,24,0,5,1,28,,329840,24,0,5,1,69,,329845,24,0,5,2,27,,329818,24,0,5,1,69,,329841,24,0,5,1,30,,329846,24,0,5,2,70,,329828,24,0,5,1,29,,329842,24,0,5,1,70,,329847,24,0,5,2,28,,329829,24,0,5,1,67,,329843,24,0,5,1
16401,'H60S200F-80-F2',552,,329870,24,0,5,1,73,,329859,24,0,5,2,29,,329848,24,0,5,1,68,,329871,24,0,5,1,28,,329860,24,0,5,2,69,,329849,24,0,5,1,30,,329872,24,0,5,1,69,,329861,24,0,5,2,29,,329850,24,0,5,1,69,,329873,24,0,5,1,29,,329862,24,0,5,2,70,,329851,24,0,5,1,30,,329874,24,0,5,1,70,,329863,24,0,5,2,30,,329852,24,0,5,1,71,,329875,24,0,5,1,30,,329864,24,0,5,2,70,,329853,24,0,5,1,32,,329876,24,0,5,1,70,,329865,24,0,5,2,31,,329854,24,0,5,1,72,,329877,24,0,5,1,33,,329866,24,0,5,2,73,,329855,24,0,5,1,73,,329878,24,0,5,1,31,,329867,24,0,5,2,69,,329856,24,0,5,1,29,,329879,24,0,5,1,28,,329884,24,0,5,2,67,,329857,24,0,5,1,28,,329880,24,0,5,1,69,,329885,24,0,5,2,27,,329858,24,0,5,1,69,,329881,24,0,5,1,30,,329886,24,0,5,2,70,,329868,24,0,5,1,29,,329882,24,0,5,1,70,,329887,24,0,5,2,28,,329869,24,0,5,1,67,,329883,24,0,5,1
17004,'H58S000S-83-S',808,,332068,15,0,9,2
17004,'H60S000A-80-A',600,,332081,15,0,9,1,28,,332101,15,0,9,2,30,,332082,15,0,9,1,70,,332102,15,0,9,2,31,,332083,15,0,9,1,70,,332069,15,0,9,2,30,,332084,15,0,9,1,70,,332070,15,0,9,2,30,,332085,15,0,9,1,69,,332071,15,0,9,2,29,,332086,15,0,9,1,68,,332072,15,0,9,2,28,,332087,15,0,9,1,69,,332073,15,0,9,2,28,,332088,15,0,9,1,69,,332074,15,0,9,2,28,,332089,15,0,9,1,69,,332075,15,0,9,2,30,,332090,15,0,9,1,67,,332076,15,0,9,2,18,,332103,15,0,9,2,19,,332091,15,0,9,1,60,,332077,15,0,9,2,20,,332104,15,0,9,2,19,,332092,15,0,9,1,59,,332078,15,0,9,2,20,,332105,15,0,9,2,20,,332093,15,0,9,1,61,,332079,15,0,9,2,23,,332106,15,0,9,2,24,,332094,15,0,9,1,65,,332080,15,0,9,2,24,,332107,15,0,9,2,66,,332095,15,0,9,1,29,,332108,15,0,9,2,71,,332096,15,0,9,1,30,,332109,15,0,9,2,70,,332097,15,0,9,1,30,,332110,15,0,9,2,69,,332098,15,0,9,1,29,,332111,15,0,9,2,69,,332099,15,0,9,1,30,,332112,15,0,9,2,70,,332100,15,0,9,1
17004,'H60S000I-81-I',608,,332134,15,0,9,2,31,,332116,15,0,9,1,73,,332135,15,0,9,2,34,,332117,15,0,9,1,73,,332136,15,0,9,2,31,,332118,15,0,9,1,72,,332137,15,0,9,2,30,,332119,15,0,9,1,69,,332138,15,0,9,2,29,,332120,15,0,9,1,72,,332139,15,0,9,2,28,,332121,15,0,9,1,68,,332140,15,0,9,2,29,,332122,15,0,9,1,69,,332141,15,0,9,2,28,,332123,15,0,9,1,69,,332142,15,0,9,2,28,,332124,15,0,9,1,70,,332143,15,0,9,2,30,,332125,15,0,9,1,68,,332144,15,0,9,2,31,,332126,15,0,9,1,66,,332145,15,0,9,2,25,,332147,15,0,9,2,19,,332127,15,0,9,1,59,,332146,15,0,9,2,25,,332148,15,0,9,2,71,,332128,15,0,9,1,30,,332149,15,0,9,2,66,,332129,15,0,9,1,28,,332150,15,0,9,2,29,,332130,15,0,9,1,70,,332151,15,0,9,2,29,,332131,15,0,9,1,70,,332113,15,0,9,1,31,,332132,15,0,9,1,71,,332114,15,0,9,1,73,,332133,15,0,9,1,33,,332115,15,0,9,1
17004,'H60S000S-83-S',510,,332157,15,0,9,1,30,,332167,15,0,9,1,65,,332158,15,0,9,1,23,,332174,15,0,9,2,17,,332168,15,0,9,1,13,,332178,15,0,9,2,50,,332180,15,0,9,2,8,,332175,15,0,9,2,7,,332182,15,0,9,2,6,,332183,15,0,9,2,6,,332184,15,0,9,2,6,,332185,15,0,9,2,8,,332169,15,0,9,1,9,,332186,15,0,9,2,60,,332176,15,0,9,2,10,,332172,15,0,9,1,10,,332181,15,0,9,2,10,,332159,15,0,9,1,10,,332179,15,0,9,1,51,,332170,15,0,9,1,12,,332177,15,0,9,2,14,,332165,15,0,9,1,18,,332160,15,0,9,1,59,,332171,15,0,9,1,22,,332166,15,0,9,1,23,,332161,15,0,9,1,70,,332152,15,0,9,1,30,,332162,15,0,9,1,70,,332153,15,0,9,1,30,,332163,15,0,9,1,70,,332154,15,0,9,1,30,,332164,15,0,9,1,70,,332155,15,0,9,1,25,,332189,15,0,9,2,65,,332187,15,0,9,2,23,,332156,15,0,9,1,73,,332188,15,0,9,2,30,,332190,15,0,9,1,70,,332191,15,0,9,2,29,,332192,15,0,9,1,70,,332205,15,0,9,2,29,,332193,15,0,9,1,69,,332173,15,0,9,1,29,,332194,15,0,9,1,70,,332200,15,0,9,2,30,,332195,15,0,9,1,70,,332201,15,0,9,2,29,,332196,15,0,9,1,71,,332202,15,0,9,2,30,,332197,15,0,9,1,70,,332203,15,0,9,2,30,,332198,15,0,9,1,70,,332204,15,0,9,2,30,,332199,15,0,9,1
17004,'H60S100F-80-F1',608,,332227,15,0,9,1,31,,332209,15,0,9,1,73,,332228,15,0,9,1,34,,332210,15,0,9,1,73,,332229,15,0,9,1,31,,332211,15,0,9,1,72,,332230,15,0,9,1,30,,332212,15,0,9,1,69,,332231,15,0,9,1,29,,332213,15,0,9,1,72,,332232,15,0,9,1,28,,332214,15,0,9,1,68,,332233,15,0,9,1,29,,332215,15,0,9,1,69,,332234,15,0,9,1,28,,332216,15,0,9,1,69,,332235,15,0,9,1,28,,332217,15,0,9,1,70,,332236,15,0,9,1,30,,332218,15,0,9,1,68,,332237,15,0,9,1,31,,332219,15,0,9,1,66,,332243,15,0,9,2,25,,332238,15,0,9,1,19,,332220,15,0,9,1,59,,332244,15,0,9,2,25,,332239,15,0,9,1,71,,332221,15,0,9,1,30,,332240,15,0,9,1,66,,332222,15,0,9,1,28,,332241,15,0,9,1,29,,332223,15,0,9,1,70,,332242,15,0,9,1,29,,332224,15,0,9,1,70,,332206,15,0,9,1,31,,332225,15,0,9,1,71,,332207,15,0,9,1,73,,332226,15,0,9,1,33,,332208,15,0,9,1
17004,'H60S200F-80-F2',608,,332266,15,0,9,1,31,,332248,15,0,9,1,73,,332267,15,0,9,1,34,,332249,15,0,9,1,73,,332268,15,0,9,1,31,,332250,15,0,9,1,72,,332269,15,0,9,1,30,,332251,15,0,9,1,69,,332270,15,0,9,1,29,,332252,15,0,9,1,72,,332271,15,0,9,1,28,,332253,15,0,9,1,68,,332272,15,0,9,1,29,,332254,15,0,9,1,69,,332273,15,0,9,1,28,,332255,15,0,9,1,69,,332274,15,0,9,1,28,,332256,15,0,9,1,70,,332275,15,0,9,1,30,,332257,15,0,9,1,68,,332276,15,0,9,1,31,,332258,15,0,9,1,66,,332282,15,0,9,2,25,,332277,15,0,9,1,19,,332259,15,0,9,1,59,,332283,15,0,9,2,25,,332278,15,0,9,1,71,,332260,15,0,9,1,30,,332279,15,0,9,1,66,,332261,15,0,9,1,28,,332280,15,0,9,1,29,,332262,15,0,9,1,70,,332281,15,0,9,1,29,,332263,15,0,9,1,70,,332245,15,0,9,1,31,,332264,15,0,9,1,71,,332246,15,0,9,1,73,,332265,15,0,9,1,33,,332247,15,0,9,1
