2503,'H51S000S-81-S',729,,292233,19,0,8,2
2503,'H57S000S-80-S',738,,292235,19,0,8,1,10,,292244,19,0,8,1,7,,292234,19,0,8,1,58,,292251,19,0,8,2,16,,292243,19,0,8,2,16,,292236,19,0,8,1,58,,292245,19,0,8,1,22,,292252,19,0,8,2,23,,292237,19,0,8,1,67,,292246,19,0,8,1,30,,292238,19,0,8,1,70,,292247,19,0,8,1,29,,292239,19,0,8,1,70,,292248,19,0,8,1,29,,292240,19,0,8,1,71,,292249,19,0,8,1,29,,292241,19,0,8,1,71,,292250,19,0,8,1,31,,292242,19,0,8,1,70,,292253,19,0,8,2,30,,292254,19,0,8,2,71,,292261,19,0,8,1,31,,292260,19,0,8,1,71,,292255,19,0,8,1,31,,292262,19,0,8,1,70,,292256,19,0,8,1,29,,292263,19,0,8,1,71,,292257,19,0,8,1,30,,292264,19,0,8,1,67,,292258,19,0,8,1,26,,292265,19,0,8,1,66,,292259,19,0,8,1,26,,292266,19,0,8,1
19702,'H51S000A-80-A',552,,338805,34,0,10,2,72,,338813,34,0,10,1,33,,338806,34,0,10,2,69,,338821,34,0,10,1,29,,338814,34,0,10,1,68,,338807,34,0,10,2,30,,338822,34,0,10,1,68,,338815,34,0,10,1,28,,338808,34,0,10,2,63,,338823,34,0,10,1,25,,338828,34,0,10,2,63,,338816,34,0,10,1,23,,338809,34,0,10,2,22,,338824,34,0,10,1,56,,338833,34,0,10,2,16,,338829,34,0,10,2,16,,338834,34,0,10,1,15,,338810,34,0,10,2,55,,338836,34,0,10,2,16,,338825,34,0,10,1,16,,338839,34,0,10,2,18,,338830,34,0,10,2,58,,338837,34,0,10,2,18,,338811,34,0,10,2,19,,338826,34,0,10,1,59,,338831,34,0,10,2,19,,338840,34,0,10,2,19,,338838,34,0,10,2,59,,338812,34,0,10,2,20,,338827,34,0,10,1,23,,338832,34,0,10,2,64,,338841,34,0,10,2,24,,338847,34,0,10,1,68,,338835,34,0,10,2,28,,338842,34,0,10,2,26,,338848,34,0,10,1,66,,338817,34,0,10,1,27,,338843,34,0,10,2,64,,338849,34,0,10,1,26,,338818,34,0,10,1,66,,338844,34,0,10,2,27,,338850,34,0,10,1,26,,338819,34,0,10,1,68,,338845,34,0,10,2,28,,338851,34,0,10,1,69,,338820,34,0,10,1,33,,338846,34,0,10,2,68,,338853,34,0,10,2,76,,338852,34,0,10,1,34,,338854,34,0,10,2
19702,'H51S000I-80-I',552,,338865,34,0,10,1,72,,338855,34,0,10,1,32,,338866,34,0,10,1,72,,338856,34,0,10,1,75,,338867,34,0,10,1,32,,338857,34,0,10,1,72,,338868,34,0,10,2,32,,338874,34,0,10,2,62,,338877,34,0,10,1,22,,338858,34,0,10,1,27,,338869,34,0,10,2,67,,338875,34,0,10,2,27,,338859,34,0,10,1,67,,338870,34,0,10,2,26,,338878,34,0,10,2,22,,338876,34,0,10,2,62,,338860,34,0,10,1,22,,338871,34,0,10,2,60,,338885,34,0,10,2,20,,338879,34,0,10,2,28,,338861,34,0,10,1,68,,338872,34,0,10,2,28,,338880,34,0,10,2,68,,338862,34,0,10,1,30,,338873,34,0,10,2,68,,338881,34,0,10,2,28,,338863,34,0,10,1,67,,338890,34,0,10,1,28,,338882,34,0,10,2,68,,338886,34,0,10,2,26,,338891,34,0,10,1,29,,338883,34,0,10,2,69,,338887,34,0,10,2,29,,338892,34,0,10,1,70,,338884,34,0,10,2,32,,338888,34,0,10,2,72,,338893,34,0,10,1,73,,338895,34,0,10,2,29,,338889,34,0,10,2,71,,338894,34,0,10,1,31,,338896,34,0,10,2,71,,338864,34,0,10,1
19702,'H51S000S-81-S',520,,338897,34,0,10,2,26,,338901,34,0,10,1,59,,338900,34,0,10,1,13,,338905,34,0,10,2,15,,338898,34,0,10,2,67,,338914,34,0,10,2,9,,338915,34,0,10,2,9,,338902,34,0,10,1,6,,338919,34,0,10,2,8,,338926,34,0,10,2,6,,338933,34,0,10,2,6,,338906,34,0,10,2,9,,338913,34,0,10,2,4,,338950,15,0,10,2,46,,338935,34,0,10,2,4,,338917,34,0,10,2,5,,338899,34,0,10,2,3,,338942,34,0,10,2,4,,338943,34,0,10,2,5,,338918,34,0,10,2,5,,338936,34,0,10,2,6,,338907,34,0,10,2,6,,338932,34,0,10,2,10,,338916,34,0,10,2,8,,338903,34,0,10,1,52,,338949,34,0,10,1,10,,338920,34,0,10,2,10,,338934,34,0,10,2,9,,338951,34,0,10,2,11,,338927,34,0,10,1,53,,338944,34,0,10,2,17,,338937,34,0,10,2,19,,338904,34,0,10,1,60,,338921,34,0,10,2,20,,338945,34,0,10,2,20,,338928,34,0,10,1,60,,338938,34,0,10,2,20,,338952,34,0,10,1,20,,338922,34,0,10,2,60,,338946,34,0,10,2,20,,338939,34,0,10,2,20,,338929,34,0,10,1,61,,338953,34,0,10,1,20,,338923,34,0,10,2,22,,338940,34,0,10,2,60,,338947,34,0,10,2,24,,338930,34,0,10,1,20,,338954,34,0,10,1,60,,338924,34,0,10,2,20,,338941,34,0,10,2,22,,338948,34,0,10,2,60,,338931,34,0,10,1,20,,338955,34,0,10,1,20,,338925,34,0,10,2,60,,338964,34,0,10,2,22,,338908,34,0,10,1,27,,338956,34,0,10,1,68,,338960,34,0,10,2,26,,338909,34,0,10,1,68,,338957,34,0,10,1,30,,338961,34,0,10,2,70,,338910,34,0,10,1,30,,338958,34,0,10,1,70,,338962,34,0,10,2,30,,338911,34,0,10,1,69,,338959,34,0,10,1,20,,338966,34,0,10,2,17,,338965,34,0,10,1,75,,338912,34,0,10,1,74,,338963,34,0,10,2
19702,'H51S100F-80-F1',552,,338968,34,0,10,1,72,,338982,34,0,10,1,32,,338969,34,0,10,1,72,,338983,34,0,10,1,75,,338970,34,0,10,1,32,,338984,34,0,10,1,72,,338976,34,0,10,2,32,,338972,34,0,10,2,62,,338971,34,0,10,1,22,,338985,34,0,10,1,27,,338977,34,0,10,2,67,,338973,34,0,10,2,27,,338986,34,0,10,1,67,,338978,34,0,10,2,26,,338991,34,0,10,2,22,,338974,34,0,10,2,62,,338987,34,0,10,1,22,,338979,34,0,10,2,60,,338975,34,0,10,2,20,,338992,34,0,10,2,28,,338988,34,0,10,1,68,,338980,34,0,10,2,28,,338993,34,0,10,2,68,,338989,34,0,10,1,30,,338981,34,0,10,2,68,,338994,34,0,10,2,28,,338990,34,0,10,1,67,,339002,34,0,10,1,28,,338995,34,0,10,2,68,,338998,34,0,10,2,26,,339003,34,0,10,1,29,,338996,34,0,10,2,69,,338999,34,0,10,2,29,,339004,34,0,10,1,70,,338997,34,0,10,2,32,,339000,34,0,10,2,72,,339005,34,0,10,1,73,,339007,34,0,10,2,29,,339001,34,0,10,2,71,,339006,34,0,10,1,31,,339008,34,0,10,2,71,,338967,34,0,10,1
19702,'H51S200F-80-F2',552,,339010,34,0,10,1,72,,339024,34,0,10,1,32,,339011,34,0,10,1,72,,339025,34,0,10,1,75,,339012,34,0,10,1,32,,339026,34,0,10,1,72,,339018,34,0,10,2,32,,339014,34,0,10,2,62,,339013,34,0,10,1,22,,339027,34,0,10,1,27,,339019,34,0,10,2,67,,339015,34,0,10,2,27,,339028,34,0,10,1,67,,339020,34,0,10,2,26,,339033,34,0,10,2,22,,339016,34,0,10,2,62,,339029,34,0,10,1,22,,339021,34,0,10,2,60,,339017,34,0,10,2,20,,339034,34,0,10,2,28,,339030,34,0,10,1,68,,339022,34,0,10,2,28,,339035,34,0,10,2,68,,339031,34,0,10,1,30,,339023,34,0,10,2,68,,339036,34,0,10,2,28,,339032,34,0,10,1,67,,339044,34,0,10,1,28,,339037,34,0,10,2,68,,339040,34,0,10,2,26,,339045,34,0,10,1,29,,339038,34,0,10,2,69,,339041,34,0,10,2,29,,339046,34,0,10,1,70,,339039,34,0,10,2,32,,339042,34,0,10,2,72,,339047,34,0,10,1,73,,339049,34,0,10,2,29,,339043,34,0,10,2,71,,339048,34,0,10,1,31,,339050,34,0,10,2,71,,339009,34,0,10,1
19702,'H57S000S-80-S',649,,339051,34,0,10,1
19702,'H59S000S-80-S',749,,339052,34,0,10,2,6,,339053,34,0,10,1
37002,'H51S000A-80-A',2610,,347054,40,0,10,1,43,,347053,40,0,10,2,84,,347051,40,0,10,1,84,,347052,40,0,10,2,85,,347055,40,0,10,1
37002,'H51S000I-80-I',2522,,347060,40,0,10,1,85,,347056,40,0,10,1,45,,347058,40,0,10,2,85,,347061,40,0,10,1,85,,347057,40,0,10,1,88,,347059,40,0,10,2
37002,'H51S000S-81-S',2522,,347064,40,0,10,1,85,,347062,40,0,10,1,45,,347066,40,0,10,2,85,,347065,40,0,10,1,85,,347063,40,0,10,1,88,,347067,40,0,10,2
37002,'H51S100F-80-F1',2522,,347072,40,0,10,1,85,,347068,40,0,10,1,45,,347070,40,0,10,2,85,,347073,40,0,10,1,85,,347069,40,0,10,1,88,,347071,40,0,10,2
37002,'H51S200F-80-F2',2522,,347078,40,0,10,1,85,,347074,40,0,10,1,45,,347076,40,0,10,2,85,,347079,40,0,10,1,85,,347075,40,0,10,1,88,,347077,40,0,10,2
