2401,'H59S000A-80-A',621,,291585,8,0,5,1,31,,291591,8,0,5,1,70,,291574,8,0,5,1,31,,291586,8,0,5,1,71,,291592,8,0,5,1,30,,291575,8,0,5,1,69,,291597,8,0,5,1,25,,291587,8,0,5,1,66,,291593,8,0,5,1,23,,291604,8,0,5,1,63,,291576,8,0,5,1,22,,291579,8,0,5,1,21,,291588,8,0,5,1,62,,291612,8,0,5,2,20,,291594,8,0,5,1,20,,291605,8,0,5,1,60,,291598,8,0,5,1,19,,291601,8,0,5,2,16,,291580,8,0,5,1,15,,291589,8,0,5,1,54,,291583,8,0,5,1,13,,291613,8,0,5,2,12,,291595,8,0,5,1,13,,291577,8,0,5,1,12,,291606,8,0,5,1,52,,291614,8,0,5,2,11,,291599,8,0,5,1,12,,291602,8,0,5,2,12,,291615,8,0,5,1,11,,291581,8,0,5,1,52,,291590,8,0,5,1,8,,291622,8,0,5,1,8,,291584,8,0,5,1,9,,291628,8,0,5,1,10,,291596,8,0,5,1,9,,291631,8,0,5,1,48,,291578,8,0,5,1,8,,291634,8,0,5,2,11,,291607,8,0,5,1,12,,291600,8,0,5,1,13,,291603,8,0,5,2,13,,291616,8,0,5,1,53,,291582,8,0,5,1,13,,291623,8,0,5,1,12,,291629,8,0,5,1,11,,291621,8,0,5,2,53,,291632,8,0,5,1,16,,291635,8,0,5,2,20,,291608,8,0,5,1,21,,291617,8,0,5,1,60,,291624,8,0,5,1,19,,291630,8,0,5,1,19,,291633,8,0,5,1,60,,291636,8,0,5,2,20,,291609,8,0,5,1,24,,291618,8,0,5,1,65,,291625,8,0,5,1,27,,291637,8,0,5,2,70,,291610,8,0,5,1,28,,291619,8,0,5,1,67,,291626,8,0,5,1,26,,291638,8,0,5,2,67,,291611,8,0,5,1,27,,291620,8,0,5,1,67,,291627,8,0,5,1
2401,'H59S000I-81-I',622,,291646,8,0,5,1,31,,291639,8,0,5,1,71,,291663,8,0,5,1,31,,291647,8,0,5,1,72,,291640,8,0,5,1,73,,291664,8,0,5,1,34,,291648,8,0,5,1,71,,291665,8,0,5,1,30,,291641,8,0,5,1,70,,291670,8,0,5,1,29,,291649,8,0,5,1,25,,291674,8,0,5,1,64,,291666,8,0,5,1,20,,291642,8,0,5,1,60,,291671,8,0,5,1,20,,291676,8,0,5,2,18,,291650,8,0,5,1,18,,291678,8,0,5,1,57,,291675,8,0,5,2,14,,291667,8,0,5,1,15,,291643,8,0,5,1,55,,291672,8,0,5,1,15,,291657,8,0,5,1,15,,291677,8,0,5,2,14,,291651,8,0,5,1,14,,291679,8,0,5,1,55,,291682,8,0,5,2,15,,291668,8,0,5,1,12,,291683,8,0,5,2,12,,291644,8,0,5,1,54,,291673,8,0,5,1,14,,291658,8,0,5,1,14,,291681,8,0,5,2,13,,291652,8,0,5,1,12,,291680,8,0,5,1,53,,291684,8,0,5,1,13,,291669,8,0,5,1,14,,291689,8,0,5,2,15,,291645,8,0,5,1,59,,291659,8,0,5,1,23,,291653,8,0,5,1,65,,291685,8,0,5,1,28,,291690,8,0,5,2,29,,291660,8,0,5,1,70,,291654,8,0,5,1,28,,291686,8,0,5,1,67,,291691,8,0,5,2,28,,291661,8,0,5,1,68,,291655,8,0,5,1,30,,291687,8,0,5,1,70,,291662,8,0,5,1,32,,291656,8,0,5,1,73,,291688,8,0,5,1
2401,'H59S000S-80-S',529,,291692,8,0,5,1,76,,291699,8,0,5,1,12,,291701,8,0,5,1,11,,291723,8,0,5,2,11,,291709,8,0,5,1,11,,291726,8,0,5,1,50,,291737,8,0,5,1,13,,291693,8,0,5,1,12,,291725,8,0,5,1,10,,291736,8,0,5,2,11,,291742,8,0,5,1,13,,291700,8,0,5,1,52,,291702,8,0,5,1,12,,291759,8,0,5,1,12,,291710,8,0,5,1,12,,291727,8,0,5,1,12,,291766,8,0,5,1,52,,291738,8,0,5,1,12,,291765,8,0,5,2,12,,291715,8,0,5,1,12,,291750,8,0,5,1,12,,291743,8,0,5,1,52,,291695,8,0,5,1,13,,291703,8,0,5,1,12,,291760,8,0,5,1,12,,291711,8,0,5,1,52,,291728,8,0,5,1,12,,291767,8,0,5,1,12,,291739,8,0,5,1,12,,291716,8,0,5,1,12,,291751,8,0,5,1,52,,291744,8,0,5,1,12,,291795,8,0,5,1,12,,291696,8,0,5,1,12,,291704,8,0,5,1,12,,291761,8,0,5,1,11,,291712,8,0,5,1,52,,291729,8,0,5,1,12,,291768,8,0,5,1,12,,291740,8,0,5,1,12,,291717,8,0,5,1,12,,291752,8,0,5,1,52,,291745,8,0,5,1,12,,291796,8,0,5,1,11,,291697,8,0,5,1,12,,291705,8,0,5,1,11,,291762,8,0,5,1,52,,291713,8,0,5,1,11,,291730,8,0,5,1,12,,291769,8,0,5,1,10,,291741,8,0,5,1,9,,291770,8,0,5,1,8,,291775,8,0,5,2,49,,291777,8,0,5,2,9,,291718,8,0,5,1,7,,291776,8,0,5,2,6,,291753,8,0,5,1,6,,291746,8,0,5,1,7,,291772,8,0,5,2,6,,291797,8,0,5,1,5,,291698,8,0,5,1,5,,291787,8,0,5,2,47,,291780,8,0,5,1,8,,291783,8,0,5,2,8,,291763,8,0,5,1,11,,291781,8,0,5,1,10,,291731,8,0,5,1,11,,291707,8,0,5,1,51,,291790,8,0,5,2,12,,291785,8,0,5,1,11,,291778,8,0,5,2,12,,291719,8,0,5,1,12,,291747,8,0,5,1,50,,291798,8,0,5,1,10,,291788,8,0,5,2,9,,291755,8,0,5,1,11,,291774,8,0,5,2,12,,291732,8,0,5,1,12,,291708,8,0,5,1,52,,291791,8,0,5,2,12,,291786,8,0,5,1,11,,291779,8,0,5,2,12,,291720,8,0,5,1,14,,291748,8,0,5,1,56,,291756,8,0,5,1,21,,291733,8,0,5,1,19,,291794,8,0,5,1,60,,291792,8,0,5,2,26,,291721,8,0,5,1,67,,291757,8,0,5,1,28,,291734,8,0,5,1,67,,291793,8,0,5,2,28,,291722,8,0,5,1,28,,291758,8,0,5,1,67,,291735,8,0,5,1
2401,'H59S100F-80-F1',622,,291806,8,0,5,1,31,,291799,8,0,5,1,71,,291850,8,0,5,1,31,,291807,8,0,5,1,72,,291800,8,0,5,1,73,,291851,8,0,5,1,34,,291808,8,0,5,1,71,,291823,8,0,5,1,30,,291801,8,0,5,1,70,,291828,8,0,5,1,29,,291809,8,0,5,1,25,,291832,8,0,5,1,64,,291824,8,0,5,1,20,,291802,8,0,5,1,60,,291829,8,0,5,1,20,,291834,8,0,5,2,18,,291810,8,0,5,1,18,,291836,8,0,5,1,57,,291833,8,0,5,2,14,,291825,8,0,5,1,15,,291803,8,0,5,1,55,,291830,8,0,5,1,15,,291817,8,0,5,1,15,,291835,8,0,5,2,14,,291811,8,0,5,1,14,,291837,8,0,5,1,55,,291839,8,0,5,2,15,,291826,8,0,5,1,12,,291840,8,0,5,2,12,,291804,8,0,5,1,54,,291831,8,0,5,1,14,,291818,8,0,5,1,14,,291849,8,0,5,2,13,,291812,8,0,5,1,12,,291838,8,0,5,1,53,,291841,8,0,5,1,13,,291827,8,0,5,1,14,,291846,8,0,5,2,15,,291805,8,0,5,1,59,,291819,8,0,5,1,23,,291813,8,0,5,1,65,,291842,8,0,5,1,28,,291847,8,0,5,2,29,,291820,8,0,5,1,70,,291814,8,0,5,1,28,,291843,8,0,5,1,67,,291848,8,0,5,2,28,,291821,8,0,5,1,68,,291815,8,0,5,1,30,,291844,8,0,5,1,70,,291822,8,0,5,1,32,,291816,8,0,5,1,73,,291845,8,0,5,1
2401,'H59S200F-80-F2',622,,291859,8,0,5,1,31,,291852,8,0,5,1,71,,291903,8,0,5,1,31,,291860,8,0,5,1,72,,291853,8,0,5,1,73,,291904,8,0,5,1,34,,291861,8,0,5,1,71,,291876,8,0,5,1,30,,291854,8,0,5,1,70,,291881,8,0,5,1,29,,291862,8,0,5,1,25,,291885,8,0,5,1,64,,291877,8,0,5,1,20,,291855,8,0,5,1,60,,291882,8,0,5,1,20,,291887,8,0,5,2,18,,291863,8,0,5,1,18,,291889,8,0,5,1,57,,291886,8,0,5,2,14,,291878,8,0,5,1,15,,291856,8,0,5,1,55,,291883,8,0,5,1,15,,291870,8,0,5,1,15,,291888,8,0,5,2,14,,291864,8,0,5,1,14,,291890,8,0,5,1,55,,291892,8,0,5,2,15,,291879,8,0,5,1,12,,291893,8,0,5,2,12,,291857,8,0,5,1,54,,291884,8,0,5,1,14,,291871,8,0,5,1,14,,291902,8,0,5,2,13,,291865,8,0,5,1,12,,291891,8,0,5,1,53,,291894,8,0,5,1,13,,291880,8,0,5,1,14,,291899,8,0,5,2,15,,291858,8,0,5,1,59,,291872,8,0,5,1,23,,291866,8,0,5,1,65,,291895,8,0,5,1,28,,291900,8,0,5,2,29,,291873,8,0,5,1,70,,291867,8,0,5,1,28,,291896,8,0,5,1,67,,291901,8,0,5,2,28,,291874,8,0,5,1,68,,291868,8,0,5,1,30,,291897,8,0,5,1,70,,291875,8,0,5,1,32,,291869,8,0,5,1,73,,291898,8,0,5,1
10401,'H50S000S-82-S',739,,315922,33,0,5,1,6,,315923,33,0,5,2
10401,'H56S000A-80-A',651,,315926,33,0,5,1,74,,315938,33,0,5,2,20,,315924,33,0,5,1,75,,315927,33,0,5,1,36,,315939,33,0,5,2,61,,315925,33,0,5,1,37,,315928,33,0,5,1,81,,315940,33,0,5,2,68,,315950,33,0,5,1,32,,315929,33,0,5,1,81,,315941,33,0,5,2,29,,315951,33,0,5,1,77,,315930,33,0,5,1,78,,315942,33,0,5,2,29,,315952,33,0,5,1,77,,315931,33,0,5,1,38,,315943,33,0,5,2,68,,315953,33,0,5,1,36,,315932,33,0,5,1,78,,315944,33,0,5,2,31,,315954,33,0,5,1,72,,315933,33,0,5,1,79,,315945,33,0,5,2,29,,315955,33,0,5,1,71,,315934,33,0,5,1,33,,315946,33,0,5,2,69,,315956,33,0,5,1,30,,315935,33,0,5,1,73,,315947,33,0,5,2,28,,315957,33,0,5,1,68,,315936,33,0,5,1,31,,315948,33,0,5,2,69,,315958,33,0,5,1,28,,315937,33,0,5,1,68,,315949,33,0,5,2,29,,315959,33,0,5,1
10401,'H56S000I-80-I',704,,315971,33,0,5,2,30,,315960,33,0,5,1,82,,315982,33,0,5,1,37,,315972,33,0,5,2,56,,315961,33,0,5,1,40,,315983,33,0,5,1,84,,315973,33,0,5,2,78,,315962,33,0,5,1,15,,315984,33,0,5,1,83,,315974,33,0,5,2,43,,315963,33,0,5,1,80,,315985,33,0,5,1,16,,315975,33,0,5,2,85,,315964,33,0,5,1,81,,315986,33,0,5,1,42,,315976,33,0,5,2,59,,315965,33,0,5,1,41,,315987,33,0,5,1,81,,315977,33,0,5,2,79,,315966,33,0,5,1,16,,315988,33,0,5,1,77,,315978,33,0,5,2,43,,315967,33,0,5,1,73,,315989,33,0,5,1,18,,315979,33,0,5,2,77,,315968,33,0,5,1,31,,315990,33,0,5,1,72,,315980,33,0,5,2,33,,315969,33,0,5,1,72,,315991,33,0,5,1,73,,315981,33,0,5,2,31,,315970,33,0,5,1,72,,315992,33,0,5,1
10401,'H56S000S-82-S',647,,315997,33,0,5,2,66,,316008,33,0,5,1,12,,316002,33,0,5,2,27,,316000,33,0,5,2,6,,316032,33,0,5,1,47,,316018,33,0,5,1,7,,316031,33,0,5,2,6,,315999,33,0,5,1,6,,316001,33,0,5,2,23,,316023,33,0,5,1,9,,315998,33,0,5,2,68,,316009,33,0,5,1,76,,316019,33,0,5,1,36,,316024,33,0,5,1,75,,316010,33,0,5,1,35,,316020,33,0,5,1,76,,316025,33,0,5,1,36,,316011,33,0,5,1,76,,316021,33,0,5,1,79,,316026,33,0,5,1,41,,316012,33,0,5,1,80,,316022,33,0,5,1,82,,316027,33,0,5,1,37,,316028,33,0,5,2,75,,316029,33,0,5,2,80,,316003,33,0,5,1,37,,316016,33,0,5,1,78,,316030,33,0,5,2,32,,316004,33,0,5,1,75,,316017,33,0,5,1,70,,315993,33,0,5,1,30,,316013,33,0,5,2,71,,316005,33,0,5,1,30,,315994,33,0,5,1,70,,316014,33,0,5,2,29,,316006,33,0,5,1,29,,315995,33,0,5,1,68,,316015,33,0,5,2,27,,316007,33,0,5,1,66,,315996,33,0,5,1
10401,'H56S100F-80-F1',704,,316044,33,0,5,2,30,,316033,33,0,5,1,82,,316055,33,0,5,1,37,,316045,33,0,5,2,56,,316034,33,0,5,1,40,,316056,33,0,5,1,84,,316046,33,0,5,2,78,,316035,33,0,5,1,15,,316057,33,0,5,1,83,,316047,33,0,5,2,43,,316036,33,0,5,1,80,,316058,33,0,5,1,16,,316048,33,0,5,2,85,,316037,33,0,5,1,81,,316059,33,0,5,1,42,,316049,33,0,5,2,59,,316038,33,0,5,1,41,,316060,33,0,5,1,81,,316050,33,0,5,2,79,,316039,33,0,5,1,16,,316061,33,0,5,1,77,,316051,33,0,5,2,43,,316040,33,0,5,1,73,,316062,33,0,5,1,18,,316052,33,0,5,2,77,,316041,33,0,5,1,31,,316063,33,0,5,1,72,,316053,33,0,5,2,33,,316042,33,0,5,1,72,,316064,33,0,5,1,73,,316054,33,0,5,2,31,,316043,33,0,5,1,72,,316065,33,0,5,1
10401,'H56S200F-80-F2',704,,316077,33,0,5,2,30,,316066,33,0,5,1,82,,316088,33,0,5,1,37,,316078,33,0,5,2,56,,316067,33,0,5,1,40,,316089,33,0,5,1,84,,316079,33,0,5,2,78,,316068,33,0,5,1,15,,316090,33,0,5,1,83,,316080,33,0,5,2,43,,316069,33,0,5,1,80,,316091,33,0,5,1,16,,316081,33,0,5,2,85,,316070,33,0,5,1,81,,316092,33,0,5,1,42,,316082,33,0,5,2,59,,316071,33,0,5,1,41,,316093,33,0,5,1,81,,316083,33,0,5,2,79,,316072,33,0,5,1,16,,316094,33,0,5,1,77,,316084,33,0,5,2,43,,316073,33,0,5,1,73,,316095,33,0,5,1,18,,316085,33,0,5,2,77,,316074,33,0,5,1,31,,316096,33,0,5,1,72,,316086,33,0,5,2,33,,316075,33,0,5,1,72,,316097,33,0,5,1,73,,316087,33,0,5,2,31,,316076,33,0,5,1,72,,316098,33,0,5,1
13801,'H56S000A-80-A',626,,325111,34,0,5,1,80,,325102,34,0,5,1,41,,325112,34,0,5,1,87,,325103,34,0,5,1,83,,325113,34,0,5,1,86,,325104,34,0,5,1,47,,325114,34,0,5,1,89,,325105,34,0,5,1,91,,325115,34,0,5,1,88,,325106,34,0,5,1,91,,325116,34,0,5,1,48,,325107,34,0,5,1,90,,325117,34,0,5,1,90,,325108,34,0,5,1,89,,325118,34,0,5,1,86,,325109,34,0,5,1,46,,325119,34,0,5,1,86,,325110,34,0,5,1,86,,325120,34,0,5,1
13801,'H56S000I-80-I',633,,325121,34,0,5,1,78,,325131,34,0,5,1,39,,325122,34,0,5,1,82,,325132,34,0,5,1,87,,325123,34,0,5,1,88,,325133,34,0,5,1,42,,325124,34,0,5,1,88,,325134,34,0,5,1,89,,325125,34,0,5,1,83,,325135,34,0,5,1,93,,325126,34,0,5,1,48,,325136,34,0,5,1,89,,325127,34,0,5,1,87,,325137,34,0,5,1,87,,325128,34,0,5,1,46,,325138,34,0,5,1,89,,325129,34,0,5,1,83,,325139,34,0,5,1,84,,325130,34,0,5,1,44,,325140,34,0,5,1
13801,'H56S000S-82-S',616,,325175,34,0,5,1,42,,325143,34,0,5,1,72,,325164,34,0,5,1,72,,325154,34,0,5,1,27,,325155,34,0,5,1,79,,325144,34,0,5,1,34,,325165,34,0,5,1,72,,325156,34,0,5,1,35,,325145,34,0,5,1,76,,325166,34,0,5,1,76,,325157,34,0,5,1,36,,325146,34,0,5,1,79,,325167,34,0,5,1,37,,325158,34,0,5,1,78,,325147,34,0,5,1,76,,325168,34,0,5,1,39,,325159,34,0,5,1,81,,325148,34,0,5,1,82,,325169,34,0,5,1,38,,325160,34,0,5,1,78,,325149,34,0,5,1,79,,325170,34,0,5,1,34,,325161,34,0,5,1,72,,325150,34,0,5,1,33,,325171,34,0,5,1,69,,325162,34,0,5,1,32,,325151,34,0,5,1,72,,325172,34,0,5,1,29,,325163,34,0,5,1,71,,325152,34,0,5,1,30,,325173,34,0,5,1,66,,325141,34,0,5,1,28,,325153,34,0,5,1,67,,325174,34,0,5,1,25,,325142,34,0,5,1
13801,'H56S100F-80-F1',633,,325176,34,0,5,1,78,,325186,34,0,5,1,39,,325177,34,0,5,1,82,,325187,34,0,5,1,87,,325178,34,0,5,1,88,,325188,34,0,5,1,42,,325179,34,0,5,1,88,,325189,34,0,5,1,89,,325180,34,0,5,1,83,,325190,34,0,5,1,93,,325181,34,0,5,1,48,,325191,34,0,5,1,89,,325182,34,0,5,1,87,,325192,34,0,5,1,87,,325183,34,0,5,1,46,,325193,34,0,5,1,89,,325184,34,0,5,1,83,,325194,34,0,5,1,84,,325185,34,0,5,1,44,,325195,34,0,5,1
13801,'H56S200F-80-F2',633,,325196,34,0,5,1,78,,325206,34,0,5,1,39,,325197,34,0,5,1,82,,325207,34,0,5,1,87,,325198,34,0,5,1,88,,325208,34,0,5,1,42,,325199,34,0,5,1,88,,325209,34,0,5,1,89,,325200,34,0,5,1,83,,325210,34,0,5,1,93,,325201,34,0,5,1,48,,325211,34,0,5,1,89,,325202,34,0,5,1,87,,325212,34,0,5,1,87,,325203,34,0,5,1,46,,325213,34,0,5,1,89,,325204,34,0,5,1,83,,325214,34,0,5,1,84,,325205,34,0,5,1,44,,325215,34,0,5,1
35601,'H56S000A-80-A',2634,,346198,91,0,5,2,83,,346199,91,0,5,1,91,,346195,91,0,5,2,92,,346197,91,0,5,1,42,,346196,91,0,5,1
35601,'H56S000I-80-I',2633,,346201,91,0,5,1,81,,346205,91,0,5,2,40,,346202,91,0,5,1,80,,346200,91,0,5,1,84,,346204,91,0,5,1,84,,346203,91,0,5,1
35601,'H56S000S-82-S',2646,,346208,91,0,5,1,73,,346210,91,0,5,1,34,,346211,91,0,5,2,74,,346206,91,0,5,1,86,,346209,91,0,5,2,89,,346207,91,0,5,1
35601,'H56S100F-80-F1',2633,,346213,91,0,5,1,81,,346217,91,0,5,2,40,,346214,91,0,5,1,80,,346212,91,0,5,1,84,,346216,91,0,5,1,84,,346215,91,0,5,1
35601,'H56S200F-80-F2',2633,,346219,91,0,5,1,81,,346223,91,0,5,2,40,,346220,91,0,5,1,80,,346218,91,0,5,1,84,,346222,91,0,5,1,84,,346221,91,0,5,1
