2803,'H54S000A-80-A',535,,293099,47,4,,1,22,,293125,47,4,,2,62,,293123,47,4,,1,31,,293132,47,4,,1,72,,293126,47,4,,2,31,,293124,47,4,,1,71,,293133,47,4,,1,31,,293127,47,4,,2,71,,293106,47,4,,1,31,,293134,47,4,,1,71,,293128,47,4,,2,31,,293107,47,4,,1,71,,293115,47,4,,2,71,,293100,47,4,,1,32,,293138,47,4,,1,71,,293135,47,4,,1,31,,293129,47,4,,2,71,,293108,47,4,,1,31,,293116,47,4,,2,71,,293101,47,4,,1,31,,293139,47,4,,1,71,,293136,47,4,,1,31,,293130,47,4,,2,71,,293109,47,4,,1,31,,293117,47,4,,2,71,,293102,47,4,,1,31,,293140,47,4,,1,71,,293137,47,4,,1,31,,293131,47,4,,2,71,,293110,47,4,,1,31,,293118,47,4,,2,71,,293103,47,4,,1,30,,293111,47,4,,1,71,,293119,47,4,,2,31,,293104,47,4,,1,71,,293112,47,4,,1,31,,293141,47,4,,2,70,,293120,47,4,,2,31,,293113,47,4,,1,71,,293105,47,4,,1,31,,293121,47,4,,2,71,,293114,47,4,,1,27,,293122,47,4,,2
2803,'H54S000I-80-I',534,,293142,47,4,,2,24,,293167,47,4,,2,66,,293156,47,4,,1,26,,293174,47,4,,2,68,,293168,47,4,,2,30,,293157,47,4,,1,70,,293175,47,4,,2,30,,293169,47,4,,2,70,,293180,47,4,,1,30,,293176,47,4,,2,70,,293170,47,4,,2,31,,293158,47,4,,1,70,,293150,47,4,,2,30,,293143,47,4,,2,70,,293181,47,4,,1,30,,293177,47,4,,2,70,,293171,47,4,,2,30,,293159,47,4,,1,70,,293151,47,4,,2,30,,293144,47,4,,2,70,,293182,47,4,,1,30,,293178,47,4,,2,70,,293172,47,4,,2,30,,293160,47,4,,1,70,,293152,47,4,,2,30,,293145,47,4,,2,70,,293183,47,4,,1,30,,293179,47,4,,2,70,,293173,47,4,,2,30,,293161,47,4,,1,70,,293153,47,4,,2,30,,293146,47,4,,2,70,,293162,47,4,,1,29,,293154,47,4,,2,70,,293147,47,4,,2,29,,293163,47,4,,1,70,,293155,47,4,,2,30,,293148,47,4,,1,69,,293164,47,4,,2,29,,293184,47,4,,1,72,,293149,47,4,,1,29,,293165,47,4,,2,71,,293166,47,4,,1
2803,'H54S000S-80-S',539,,293231,47,4,,2,70,,293228,47,4,,1,18,,293187,47,4,,2,16,,293232,47,4,,2,12,,293206,47,4,,2,63,,293191,47,4,,1,12,,293189,47,4,,1,18,,293230,47,4,,2,10,,293210,47,4,,2,49,,293188,47,4,,2,10,,293233,47,4,,2,11,,293207,47,4,,2,17,,293201,47,4,,1,57,,293190,47,4,,1,22,,293211,47,4,,2,29,,293208,47,4,,2,70,,293202,47,4,,1,29,,293212,47,4,,2,71,,293209,47,4,,2,30,,293203,47,4,,1,71,,293192,47,4,,1,32,,293213,47,4,,1,68,,293204,47,4,,1,30,,293193,47,4,,1,68,,293214,47,4,,1,28,,293205,47,4,,1,69,,293194,47,4,,1,32,,293215,47,4,,1,72,,293221,47,4,,2,32,,293195,47,4,,1,60,,293222,34,4,,2,10,,293216,47,4,,1,16,,293226,34,4,,2,14,,293217,47,4,,2,53,,293237,34,4,,2,14,,293196,47,4,,1,18,,293238,34,4,,2,12,,293223,47,4,,2,56,,293185,34,4,,1,15,,293218,47,4,,2,30,,293197,47,4,,1,70,,293235,47,4,,2,31,,293219,47,4,,2,71,,293198,47,4,,1,30,,293236,47,4,,2,69,,293220,47,4,,2,31,,293199,47,4,,1,70,,293224,47,4,,1,30,,293239,47,4,,1,68,,293200,47,4,,1,30,,293225,47,4,,1,70,,293240,47,4,,1,30,,293229,47,4,,1,68,,293186,47,4,,1
2803,'H54S100F-80-F1',534,,293241,47,4,,2,24,,293266,47,4,,2,66,,293255,47,4,,1,26,,293273,47,4,,2,68,,293267,47,4,,2,30,,293256,47,4,,1,70,,293274,47,4,,2,30,,293268,47,4,,2,70,,293279,47,4,,1,30,,293275,47,4,,2,70,,293269,47,4,,2,31,,293257,47,4,,1,70,,293249,47,4,,2,30,,293242,47,4,,2,70,,293280,47,4,,1,30,,293276,47,4,,2,70,,293270,47,4,,2,30,,293258,47,4,,1,70,,293250,47,4,,2,30,,293243,47,4,,2,70,,293281,47,4,,1,30,,293277,47,4,,2,70,,293271,47,4,,2,30,,293259,47,4,,1,70,,293251,47,4,,2,30,,293244,47,4,,2,70,,293282,47,4,,1,30,,293278,47,4,,2,70,,293272,47,4,,2,30,,293260,47,4,,1,70,,293252,47,4,,2,30,,293245,47,4,,2,70,,293261,47,4,,1,29,,293253,47,4,,2,70,,293246,47,4,,2,29,,293262,47,4,,1,70,,293254,47,4,,2,30,,293247,47,4,,1,69,,293263,47,4,,2,29,,293283,47,4,,1,72,,293248,47,4,,1,29,,293264,47,4,,2,71,,293265,47,4,,1
2803,'H54S200F-80-F2',534,,293284,47,4,,2,24,,293309,47,4,,2,66,,293298,47,4,,1,26,,293316,47,4,,2,68,,293310,47,4,,2,30,,293299,47,4,,1,70,,293317,47,4,,2,30,,293311,47,4,,2,70,,293322,47,4,,1,30,,293318,47,4,,2,70,,293312,47,4,,2,31,,293300,47,4,,1,70,,293292,47,4,,2,30,,293285,47,4,,2,70,,293323,47,4,,1,30,,293319,47,4,,2,70,,293313,47,4,,2,30,,293301,47,4,,1,70,,293293,47,4,,2,30,,293286,47,4,,2,70,,293324,47,4,,1,30,,293320,47,4,,2,70,,293314,47,4,,2,30,,293302,47,4,,1,70,,293294,47,4,,2,30,,293287,47,4,,2,70,,293325,47,4,,1,30,,293321,47,4,,2,70,,293315,47,4,,2,30,,293303,47,4,,1,70,,293295,47,4,,2,30,,293288,47,4,,2,70,,293304,47,4,,1,29,,293296,47,4,,2,70,,293289,47,4,,2,29,,293305,47,4,,1,70,,293297,47,4,,2,30,,293290,47,4,,1,69,,293306,47,4,,2,29,,293326,47,4,,1,72,,293291,47,4,,1,29,,293307,47,4,,2,71,,293308,47,4,,1
2803,'H57S000S-80-S',707,,293327,47,4,,1,32,,293328,47,4,,1
2804,'H54S000A-80-A',504,,293353,1,0,9,1,31,,293361,1,0,9,1,71,,293355,1,0,9,2,31,,293354,1,0,9,1,71,,293362,1,0,9,1,31,,293356,1,0,9,2,71,,293337,1,0,9,1,31,,293363,1,0,9,1,71,,293357,1,0,9,2,31,,293338,1,0,9,1,71,,293346,1,0,9,2,31,,293329,1,0,9,1,71,,293367,1,0,9,1,31,,293364,1,0,9,1,71,,293358,1,0,9,2,31,,293339,1,0,9,1,71,,293347,1,0,9,2,31,,293330,1,0,9,1,71,,293368,1,0,9,1,31,,293365,1,0,9,1,71,,293359,1,0,9,2,31,,293340,1,0,9,1,71,,293348,1,0,9,2,31,,293331,1,0,9,1,71,,293369,1,0,9,1,31,,293366,1,0,9,1,71,,293360,1,0,9,2,71,,293341,1,0,9,1,31,,293349,1,0,9,2,71,,293332,1,0,9,1,31,,293342,1,0,9,1,71,,293350,1,0,9,2,31,,293333,1,0,9,1,71,,293343,1,0,9,1,32,,293351,1,0,9,2,72,,293334,1,0,9,1,32,,293344,1,0,9,1,72,,293335,1,0,9,1,32,,293352,1,0,9,2,73,,293345,1,0,9,1,33,,293336,1,0,9,1
2804,'H54S000I-80-I',504,,293382,1,0,9,1,32,,293400,1,0,9,2,70,,293394,1,0,9,2,29,,293383,1,0,9,1,69,,293401,1,0,9,2,30,,293395,1,0,9,2,70,,293406,1,0,9,1,30,,293402,1,0,9,2,70,,293396,1,0,9,2,30,,293384,1,0,9,1,70,,293392,1,0,9,1,30,,293370,1,0,9,2,70,,293407,1,0,9,1,30,,293403,1,0,9,2,70,,293397,1,0,9,2,30,,293385,1,0,9,1,70,,293377,1,0,9,2,30,,293371,1,0,9,2,70,,293408,1,0,9,1,30,,293404,1,0,9,2,70,,293398,1,0,9,2,30,,293386,1,0,9,1,70,,293378,1,0,9,2,30,,293372,1,0,9,2,70,,293409,1,0,9,1,30,,293405,1,0,9,2,70,,293399,1,0,9,2,30,,293387,1,0,9,1,70,,293379,1,0,9,2,30,,293373,1,0,9,2,70,,293388,1,0,9,1,30,,293380,1,0,9,2,70,,293374,1,0,9,2,30,,293389,1,0,9,1,70,,293381,1,0,9,2,31,,293375,1,0,9,1,71,,293390,1,0,9,2,30,,293410,1,0,9,1,73,,293376,1,0,9,1,32,,293391,1,0,9,2,72,,293393,1,0,9,1
2804,'H54S000S-80-S',500,,293412,1,0,9,2,30,,293432,1,0,9,2,70,,293416,1,0,9,1,31,,293413,1,0,9,2,70,,293433,1,0,9,2,33,,293414,1,0,9,1,69,,293436,1,0,9,2,29,,293434,1,0,9,2,27,,293427,1,0,9,1,71,,293437,1,0,9,2,71,,293435,1,0,9,2,31,,293428,1,0,9,1,72,,293417,1,0,9,1,30,,293438,1,0,9,1,69,,293429,1,0,9,1,29,,293418,1,0,9,1,69,,293439,1,0,9,1,28,,293430,1,0,9,1,29,,293419,1,0,9,1,71,,293440,1,0,9,1,20,,293447,1,0,9,2,57,,293431,1,0,9,1,17,,293420,1,0,9,1,18,,293448,1,0,9,2,17,,293441,1,0,9,1,45,,293452,1,0,9,1,12,,293442,1,0,9,2,21,,293461,1,0,9,2,23,,293421,1,0,9,1,63,,293449,1,0,9,2,22,,293451,1,0,9,2,63,,293443,1,0,9,2,24,,293422,1,0,9,1,71,,293458,1,0,9,2,31,,293444,1,0,9,2,70,,293423,1,0,9,1,31,,293459,1,0,9,2,70,,293445,1,0,9,2,31,,293424,1,0,9,1,70,,293460,1,0,9,2,29,,293446,1,0,9,2,71,,293425,1,0,9,1,30,,293450,1,0,9,1,69,,293462,1,0,9,1,33,,293426,1,0,9,1,73,,293411,1,0,9,1
2804,'H54S100F-80-F1',504,,293475,1,0,9,1,32,,293493,1,0,9,2,70,,293487,1,0,9,2,29,,293476,1,0,9,1,69,,293494,1,0,9,2,30,,293488,1,0,9,2,70,,293499,1,0,9,1,30,,293495,1,0,9,2,70,,293489,1,0,9,2,30,,293477,1,0,9,1,70,,293485,1,0,9,1,30,,293463,1,0,9,2,70,,293500,1,0,9,1,30,,293496,1,0,9,2,70,,293490,1,0,9,2,30,,293478,1,0,9,1,70,,293470,1,0,9,2,30,,293464,1,0,9,2,70,,293501,1,0,9,1,30,,293497,1,0,9,2,70,,293491,1,0,9,2,30,,293479,1,0,9,1,70,,293471,1,0,9,2,30,,293465,1,0,9,2,70,,293502,1,0,9,1,30,,293498,1,0,9,2,70,,293492,1,0,9,2,30,,293480,1,0,9,1,70,,293472,1,0,9,2,30,,293466,1,0,9,2,70,,293481,1,0,9,1,30,,293473,1,0,9,2,70,,293467,1,0,9,2,30,,293482,1,0,9,1,70,,293474,1,0,9,2,31,,293468,1,0,9,1,71,,293483,1,0,9,2,30,,293503,1,0,9,1,73,,293469,1,0,9,1,32,,293484,1,0,9,2,72,,293486,1,0,9,1
2804,'H54S200F-80-F2',504,,293516,1,0,9,1,32,,293534,1,0,9,2,70,,293528,1,0,9,2,29,,293517,1,0,9,1,69,,293535,1,0,9,2,30,,293529,1,0,9,2,70,,293540,1,0,9,1,30,,293536,1,0,9,2,70,,293530,1,0,9,2,30,,293518,1,0,9,1,70,,293526,1,0,9,1,30,,293504,1,0,9,2,70,,293541,1,0,9,1,30,,293537,1,0,9,2,70,,293531,1,0,9,2,30,,293519,1,0,9,1,70,,293511,1,0,9,2,30,,293505,1,0,9,2,70,,293542,1,0,9,1,30,,293538,1,0,9,2,70,,293532,1,0,9,2,30,,293520,1,0,9,1,70,,293512,1,0,9,2,30,,293506,1,0,9,2,70,,293543,1,0,9,1,30,,293539,1,0,9,2,70,,293533,1,0,9,2,30,,293521,1,0,9,1,70,,293513,1,0,9,2,30,,293507,1,0,9,2,70,,293522,1,0,9,1,30,,293514,1,0,9,2,70,,293508,1,0,9,2,30,,293523,1,0,9,1,70,,293515,1,0,9,2,31,,293509,1,0,9,1,71,,293524,1,0,9,2,30,,293544,1,0,9,1,73,,293510,1,0,9,1,32,,293525,1,0,9,2,72,,293527,1,0,9,1
