5503,'H50S000S-82-S',551,,302644,28,0,8,1,785,,302645,28,0,8,2
5503,'H57S000S-80-S',1447,,302646,28,0,8,1
5503,'H58S000A-80-A',523,,302649,28,0,8,2,28,,302666,28,0,8,1,70,,302662,28,0,8,1,30,,302670,28,0,8,1,70,,302652,28,0,8,1,33,,302687,28,0,8,1,70,,302674,28,0,8,2,33,,302682,28,0,8,1,73,,302653,28,0,8,1,71,,302688,28,0,8,1,34,,302675,28,0,8,2,71,,302683,28,0,8,1,22,,302703,28,0,8,1,14,,302654,28,0,8,1,14,,302706,28,0,8,1,53,,302693,28,0,8,1,16,,302689,28,0,8,1,14,,302709,28,0,8,2,13,,302696,28,0,8,1,53,,302658,28,0,8,1,11,,302717,28,0,8,2,10,,302684,28,0,8,1,11,,302677,28,0,8,1,9,,302720,28,0,8,2,9,,302704,28,0,8,1,48,,302726,28,0,8,1,9,,302655,28,0,8,1,8,,302707,28,0,8,1,9,,302694,28,0,8,1,8,,302733,28,0,8,2,8,,302667,28,0,8,1,8,,302690,28,0,8,1,48,,302710,28,0,8,2,9,,302713,28,0,8,1,8,,302735,28,0,8,2,8,,302697,28,0,8,1,8,,302659,28,0,8,1,9,,302718,28,0,8,2,9,,302685,28,0,8,1,49,,302678,28,0,8,1,7,,302708,28,0,8,1,7,,302721,28,0,8,2,7,,302705,28,0,8,1,8,,302727,28,0,8,1,10,,302656,28,0,8,1,8,,302695,28,0,8,1,7,,302663,28,0,8,1,47,,302734,28,0,8,2,7,,302668,28,0,8,1,7,,302691,28,0,8,1,8,,302701,28,0,8,1,6,,302711,28,0,8,2,6,,302686,28,0,8,1,5,,302714,28,0,8,1,6,,302698,28,0,8,1,5,,302676,28,0,8,1,6,,302660,28,0,8,1,46,,302719,28,0,8,2,5,,302736,28,0,8,1,8,,302679,28,0,8,1,8,,302680,28,0,8,1,9,,302722,28,0,8,2,8,,302723,28,0,8,1,8,,302728,28,0,8,1,9,,302672,28,0,8,1,50,,302657,28,0,8,1,10,,302664,28,0,8,1,8,,302699,28,0,8,1,8,,302692,28,0,8,1,8,,302712,28,0,8,2,9,,302665,28,0,8,1,50,,302715,28,0,8,1,9,,302661,28,0,8,1,8,,302737,28,0,8,1,10,,302729,28,0,8,1,11,,302681,28,0,8,1,12,,302724,28,0,8,1,52,,302673,28,0,8,1,12,,302671,28,0,8,2,12,,302650,28,0,8,1,12,,302700,28,0,8,1,13,,302738,28,0,8,1,53,,302716,28,0,8,1,12,,302731,28,0,8,1,14,,302730,28,0,8,1,14,,302647,28,0,8,2,54,,302725,28,0,8,1,13,,302669,28,0,8,1,14,,302651,28,0,8,1,14,,302702,28,0,8,2,18,,302739,28,0,8,1,61,,302732,28,0,8,1,26,,302648,28,0,8,2
5503,'H58S000I-80-I',525,,302741,28,0,8,1,32,,302753,28,0,8,1,72,,302745,28,0,8,1,73,,302765,28,0,8,2,30,,302767,28,0,8,1,69,,302754,28,0,8,1,27,,302746,28,0,8,1,28,,302760,28,0,8,1,70,,302768,28,0,8,1,30,,302755,28,0,8,1,70,,302780,28,0,8,1,22,,302747,28,0,8,1,64,,302761,28,0,8,1,23,,302769,28,0,8,1,18,,302773,28,0,8,1,59,,302756,28,0,8,1,17,,302787,28,0,8,1,16,,302781,28,0,8,1,14,,302742,28,0,8,2,53,,302748,28,0,8,1,13,,302762,28,0,8,1,12,,302790,28,0,8,1,10,,302785,28,0,8,2,10,,302770,28,0,8,1,50,,302792,28,0,8,1,10,,302774,28,0,8,1,10,,302757,28,0,8,1,10,,302798,28,0,8,1,10,,302788,28,0,8,1,10,,302784,28,0,8,1,50,,302782,28,0,8,1,10,,302743,28,0,8,2,10,,302749,28,0,8,1,9,,302771,28,0,8,1,8,,302763,28,0,8,1,8,,302800,28,0,8,2,48,,302791,28,0,8,1,9,,302775,28,0,8,1,8,,302786,28,0,8,2,8,,302793,28,0,8,1,7,,302801,28,0,8,2,8,,302758,28,0,8,1,8,,302766,28,0,8,2,8,,302799,28,0,8,1,48,,302744,28,0,8,2,8,,302789,28,0,8,1,7,,302805,28,0,8,1,7,,302783,28,0,8,1,10,,302809,28,0,8,2,10,,302750,28,0,8,1,8,,302772,28,0,8,1,49,,302764,28,0,8,1,11,,302740,28,0,8,1,9,,302776,28,0,8,1,9,,302752,28,0,8,1,10,,302794,28,0,8,1,13,,302797,28,0,8,2,51,,302759,28,0,8,1,13,,302802,28,0,8,2,19,,302806,28,0,8,1,21,,302751,28,0,8,1,63,,302777,28,0,8,1,25,,302795,28,0,8,1,68,,302803,28,0,8,2,30,,302807,28,0,8,1,69,,302778,28,0,8,1,30,,302796,28,0,8,1,70,,302804,28,0,8,2,27,,302808,28,0,8,1,69,,302779,28,0,8,1
5503,'H58S000S-83-S',529,,302816,28,0,8,1,89,,302817,28,0,8,1,30,,302834,28,0,8,1,82,,302815,28,0,8,1,14,,302842,28,0,8,1,14,,302823,28,0,8,1,53,,302851,28,0,8,1,17,,302833,28,0,8,2,12,,302818,28,0,8,1,13,,302811,28,0,8,1,54,,302841,28,0,8,1,15,,302835,28,0,8,1,17,,302843,28,0,8,1,20,,302847,28,0,8,1,60,,302824,28,0,8,1,20,,302852,28,0,8,1,19,,302819,28,0,8,1,59,,302812,28,0,8,1,21,,302836,28,0,8,1,20,,302844,28,0,8,1,59,,302848,28,0,8,1,20,,302825,28,0,8,1,18,,302856,28,0,8,1,55,,302853,28,0,8,1,13,,302820,28,0,8,1,26,,302813,28,0,8,1,53,,302837,28,0,8,1,13,,302860,28,0,8,2,11,,302845,28,0,8,1,11,,302861,28,0,8,1,21,,302849,28,0,8,1,51,,302826,28,0,8,1,10,,302863,28,0,8,1,10,,302857,28,0,8,1,10,,302864,28,0,8,1,10,,302840,28,0,8,2,9,,302821,28,0,8,1,49,,302873,28,0,8,2,9,,302814,28,0,8,1,10,,302877,28,0,8,2,10,,302838,28,0,8,1,10,,302885,28,0,8,2,11,,302846,28,0,8,1,50,,302876,28,0,8,2,10,,302878,28,0,8,1,10,,302862,28,0,8,1,8,,302850,28,0,8,1,8,,302884,28,0,8,1,5,,302827,28,0,8,1,7,,302868,28,0,8,1,48,,302858,28,0,8,1,8,,302810,28,0,8,1,8,,302865,28,0,8,1,8,,302875,28,0,8,2,9,,302822,28,0,8,1,9,,302882,28,0,8,2,9,,302859,28,0,8,1,48,,302874,28,0,8,2,9,,302886,28,0,8,1,10,,302831,28,0,8,1,12,,302870,28,0,8,2,11,,302879,28,0,8,1,14,,302839,28,0,8,1,54,,302828,28,0,8,1,13,,302869,28,0,8,2,14,,302866,28,0,8,1,14,,302883,28,0,8,2,59,,302871,28,0,8,1,20,,302832,28,0,8,1,20,,302880,28,0,8,1,62,,302854,28,0,8,1,19,,302829,28,0,8,1,19,,302867,28,0,8,1,59,,302830,28,0,8,2,15,,302872,28,0,8,1,23,,302881,28,0,8,1,65,,302855,28,0,8,1
5503,'H58S100F-80-F1',525,,302887,28,0,8,1,32,,302901,28,0,8,1,72,,302897,28,0,8,1,73,,302910,28,0,8,1,30,,302888,28,0,8,1,69,,302902,28,0,8,1,27,,302914,28,0,8,1,28,,302911,28,0,8,1,70,,302889,28,0,8,1,30,,302903,28,0,8,1,70,,302912,28,0,8,1,22,,302915,28,0,8,1,64,,302923,28,0,8,1,23,,302890,28,0,8,1,18,,302927,28,0,8,2,59,,302904,28,0,8,1,17,,302929,28,0,8,1,16,,302913,28,0,8,1,14,,302895,28,0,8,1,53,,302916,28,0,8,1,13,,302924,28,0,8,1,12,,302931,28,0,8,1,10,,302900,28,0,8,1,10,,302891,28,0,8,1,50,,302933,28,0,8,1,10,,302928,28,0,8,2,10,,302905,28,0,8,1,10,,302939,28,0,8,1,10,,302930,28,0,8,1,10,,302920,28,0,8,1,50,,302893,28,0,8,1,10,,302896,28,0,8,1,10,,302917,28,0,8,1,9,,302941,28,0,8,2,8,,302925,28,0,8,1,8,,302942,28,0,8,1,48,,302932,28,0,8,1,9,,302943,28,0,8,1,8,,302892,28,0,8,1,8,,302934,28,0,8,1,7,,302948,28,0,8,2,8,,302906,28,0,8,1,8,,302949,28,0,8,2,8,,302940,28,0,8,1,48,,302951,28,0,8,2,8,,302921,28,0,8,1,7,,302952,28,0,8,1,7,,302894,28,0,8,1,10,,302956,28,0,8,2,10,,302918,28,0,8,1,8,,302938,28,0,8,2,49,,302926,28,0,8,1,11,,302898,28,0,8,1,9,,302944,28,0,8,1,9,,302922,28,0,8,1,10,,302935,28,0,8,1,13,,302899,28,0,8,1,51,,302950,28,0,8,2,13,,302907,28,0,8,1,19,,302953,28,0,8,1,21,,302919,28,0,8,1,63,,302945,28,0,8,1,25,,302936,28,0,8,1,68,,302908,28,0,8,1,30,,302954,28,0,8,1,69,,302946,28,0,8,1,30,,302937,28,0,8,1,70,,302909,28,0,8,1,27,,302955,28,0,8,1,69,,302947,28,0,8,1
5503,'H58S200F-80-F2',525,,302992,28,0,8,1,32,,302998,28,0,8,1,72,,303023,28,0,8,1,73,,303004,28,0,8,1,30,,302993,28,0,8,1,69,,302999,28,0,8,1,27,,303008,28,0,8,1,28,,303005,28,0,8,1,70,,302994,28,0,8,1,30,,303000,28,0,8,1,70,,303006,28,0,8,1,22,,303009,28,0,8,1,64,,303014,28,0,8,1,23,,302995,28,0,8,1,18,,302957,28,0,8,2,59,,303001,28,0,8,1,17,,302959,28,0,8,1,16,,303007,28,0,8,1,14,,302974,28,0,8,1,53,,303010,28,0,8,1,13,,303015,28,0,8,1,12,,303018,28,0,8,1,10,,303024,28,0,8,1,10,,302996,28,0,8,1,50,,302978,28,0,8,1,10,,302958,28,0,8,2,10,,303002,28,0,8,1,10,,302976,28,0,8,1,10,,302960,28,0,8,1,10,,302966,28,0,8,1,50,,302972,28,0,8,1,10,,302975,28,0,8,1,10,,303011,28,0,8,1,9,,303025,28,0,8,2,8,,303016,28,0,8,1,8,,302970,28,0,8,1,48,,303019,28,0,8,1,9,,302983,28,0,8,1,8,,302997,28,0,8,1,8,,302979,28,0,8,1,7,,303022,28,0,8,2,8,,303003,28,0,8,1,8,,303020,28,0,8,2,8,,302977,28,0,8,1,48,,302971,28,0,8,2,8,,302967,28,0,8,1,7,,302988,28,0,8,1,7,,302973,28,0,8,1,10,,302961,28,0,8,2,10,,303012,28,0,8,1,8,,303026,28,0,8,2,49,,303017,28,0,8,1,11,,302962,28,0,8,1,9,,302984,28,0,8,1,9,,302968,28,0,8,1,10,,302980,28,0,8,1,13,,302969,28,0,8,1,51,,303021,28,0,8,2,13,,302963,28,0,8,1,19,,302989,28,0,8,1,21,,303013,28,0,8,1,63,,302985,28,0,8,1,25,,302981,28,0,8,1,68,,302964,28,0,8,1,30,,302990,28,0,8,1,69,,302986,28,0,8,1,30,,302982,28,0,8,1,70,,302965,28,0,8,1,27,,302991,28,0,8,1,69,,302987,28,0,8,1
5503,'H60S000S-83-S',721,,303027,28,0,8,1
36303,'H51S000A-80-A',2503,,346717,30,0,8,1,25,,346705,30,0,8,2,22,,346710,30,0,8,1,57,,346706,30,0,8,1,9,,346708,30,0,8,1,9,,346713,30,0,8,1,9,,346714,30,0,8,1,9,,346721,30,0,8,2,10,,346720,30,0,8,2,50,,346718,30,0,8,1,9,,346709,30,0,8,1,9,,346711,30,0,8,1,9,,346719,30,0,8,1,8,,346716,30,0,8,1,10,,346707,30,0,8,1,52,,346715,30,0,8,1,20,,346722,30,0,8,2,24,,346712,30,0,8,1,67,,346723,30,0,8,2
36303,'H51S000I-80-I',2435,,346727,30,0,8,2,87,,346724,30,0,8,1,85,,346728,30,0,8,2,44,,346725,30,0,8,1,85,,346729,30,0,8,2,85,,346726,30,0,8,1,85,,346730,30,0,8,2
36303,'H51S000S-81-S',2436,,346734,30,0,8,2,87,,346731,30,0,8,1,86,,346735,30,0,8,2,43,,346732,30,0,8,1,84,,346736,30,0,8,2,83,,346733,30,0,8,1,86,,346737,30,0,8,2
36303,'H51S000S-81-SV',2637,,346738,30,0,8,2,69,,346739,30,0,8,2,14,,346740,30,0,8,2
36303,'H51S100F-80-F1',2435,,346744,30,0,8,2,87,,346743,30,0,8,1,85,,346745,30,0,8,2,44,,346741,30,0,8,1,85,,346746,30,0,8,2,85,,346742,30,0,8,1,85,,346747,30,0,8,2
36303,'H51S200F-80-F2',2435,,346751,30,0,8,2,87,,346750,30,0,8,1,85,,346752,30,0,8,2,44,,346748,30,0,8,1,85,,346753,30,0,8,2,85,,346749,30,0,8,1,85,,346754,30,0,8,2
