6102,'H56S000A-80-A',618,,304367,20,0,10,2,30,,304356,20,0,10,1,72,,304377,20,0,10,1,33,,304368,20,0,10,2,74,,304357,20,0,10,1,73,,304378,20,0,10,1,34,,304369,20,0,10,2,73,,304358,20,0,10,1,28,,304387,20,0,10,1,68,,304379,20,0,10,1,28,,304370,20,0,10,2,70,,304359,20,0,10,1,33,,304388,20,0,10,1,70,,304380,20,0,10,1,30,,304355,20,0,10,2,70,,304360,20,0,10,1,32,,304389,20,0,10,1,71,,304381,20,0,10,1,30,,304371,20,0,10,2,73,,304361,20,0,10,1,32,,304390,20,0,10,1,71,,304382,20,0,10,1,29,,304372,20,0,10,2,72,,304362,20,0,10,1,30,,304391,20,0,10,1,69,,304383,20,0,10,1,28,,304373,20,0,10,2,69,,304363,20,0,10,1,29,,304392,20,0,10,1,67,,304384,20,0,10,1,28,,304374,20,0,10,2,68,,304364,20,0,10,1,28,,304393,20,0,10,2,28,,304385,20,0,10,1,69,,304375,20,0,10,2,28,,304365,20,0,10,1,69,,304394,20,0,10,2,29,,304386,20,0,10,1,68,,304376,20,0,10,2,28,,304366,20,0,10,1
6102,'H56S000I-80-I',618,,304405,20,0,10,2,31,,304395,20,0,10,1,71,,304416,20,0,10,2,32,,304406,20,0,10,2,73,,304396,20,0,10,1,31,,304417,20,0,10,2,74,,304407,20,0,10,2,73,,304397,20,0,10,1,33,,304418,20,0,10,2,71,,304426,20,0,10,1,30,,304408,20,0,10,2,70,,304398,20,0,10,1,29,,304419,20,0,10,2,69,,304427,20,0,10,1,30,,304409,20,0,10,2,70,,304399,20,0,10,1,30,,304420,20,0,10,2,70,,304428,20,0,10,1,30,,304410,20,0,10,2,70,,304400,20,0,10,1,30,,304421,20,0,10,2,70,,304429,20,0,10,1,30,,304411,20,0,10,2,70,,304401,20,0,10,1,28,,304422,20,0,10,2,70,,304430,20,0,10,1,30,,304412,20,0,10,2,70,,304402,20,0,10,1,29,,304423,20,0,10,2,69,,304431,20,0,10,1,29,,304413,20,0,10,2,29,,304403,20,0,10,1,69,,304424,20,0,10,2,28,,304432,20,0,10,1,69,,304414,20,0,10,2,29,,304404,20,0,10,1,68,,304425,20,0,10,2,29,,304433,20,0,10,1,68,,304415,20,0,10,2
6102,'H56S000S-82-S',556,,304438,20,0,10,1,65,,304456,20,0,10,2,79,,304461,20,0,10,2,30,,304497,20,0,10,1,71,,304437,20,0,10,1,32,,304451,20,0,10,2,75,,304463,20,0,10,1,25,,304441,20,0,10,1,25,,304458,20,0,10,1,70,,304493,20,0,10,1,18,,304444,20,0,10,1,65,,304452,20,0,10,1,30,,304464,20,0,10,1,69,,304442,20,0,10,1,32,,304459,20,0,10,1,71,,304445,20,0,10,1,30,,304453,20,0,10,1,72,,304465,20,0,10,1,88,,304460,20,0,10,1,33,,304446,20,0,10,1,75,,304454,20,0,10,1,28,,304466,20,0,10,1,77,,304477,20,0,10,1,32,,304469,20,0,10,2,71,,304447,20,0,10,1,20,,304486,20,0,10,2,66,,304476,20,0,10,2,26,,304478,20,0,10,1,25,,304470,20,0,10,2,69,,304448,20,0,10,1,30,,304487,20,0,10,2,71,,304479,20,0,10,1,30,,304471,20,0,10,2,69,,304449,20,0,10,1,30,,304488,20,0,10,2,69,,304480,20,0,10,1,30,,304472,20,0,10,2,69,,304450,20,0,10,1,28,,304489,20,0,10,2,65,,304481,20,0,10,1,31,,304473,20,0,10,2
6102,'H56S100F-80-F1',618,,304508,20,0,10,2,31,,304498,20,0,10,1,71,,304519,20,0,10,2,32,,304509,20,0,10,2,73,,304499,20,0,10,1,31,,304520,20,0,10,2,74,,304510,20,0,10,2,73,,304500,20,0,10,1,33,,304521,20,0,10,2,71,,304529,20,0,10,1,30,,304511,20,0,10,2,70,,304501,20,0,10,1,29,,304522,20,0,10,2,69,,304530,20,0,10,1,30,,304512,20,0,10,2,70,,304502,20,0,10,1,30,,304523,20,0,10,2,70,,304531,20,0,10,1,30,,304513,20,0,10,2,70,,304503,20,0,10,1,30,,304524,20,0,10,2,70,,304532,20,0,10,1,30,,304514,20,0,10,2,70,,304504,20,0,10,1,28,,304525,20,0,10,2,70,,304533,20,0,10,1,30,,304515,20,0,10,2,70,,304505,20,0,10,1,29,,304526,20,0,10,2,69,,304534,20,0,10,1,29,,304516,20,0,10,2,29,,304506,20,0,10,1,69,,304527,20,0,10,2,28,,304535,20,0,10,1,69,,304517,20,0,10,2,29,,304507,20,0,10,1,68,,304528,20,0,10,2,29,,304536,20,0,10,1,68,,304518,20,0,10,2
6102,'H56S200F-80-F2',618,,304547,20,0,10,2,31,,304537,20,0,10,1,71,,304558,20,0,10,2,32,,304548,20,0,10,2,73,,304538,20,0,10,1,31,,304559,20,0,10,2,74,,304549,20,0,10,2,73,,304539,20,0,10,1,33,,304560,20,0,10,2,71,,304568,20,0,10,1,30,,304550,20,0,10,2,70,,304540,20,0,10,1,29,,304561,20,0,10,2,69,,304569,20,0,10,1,30,,304551,20,0,10,2,70,,304541,20,0,10,1,30,,304562,20,0,10,2,70,,304570,20,0,10,1,30,,304552,20,0,10,2,70,,304542,20,0,10,1,30,,304563,20,0,10,2,70,,304571,20,0,10,1,30,,304553,20,0,10,2,70,,304543,20,0,10,1,28,,304564,20,0,10,2,70,,304572,20,0,10,1,30,,304554,20,0,10,2,70,,304544,20,0,10,1,29,,304565,20,0,10,2,69,,304573,20,0,10,1,29,,304555,20,0,10,2,29,,304545,20,0,10,1,69,,304566,20,0,10,2,28,,304574,20,0,10,1,69,,304556,20,0,10,2,29,,304546,20,0,10,1,68,,304567,20,0,10,2,29,,304575,20,0,10,1,68,,304557,20,0,10,2
35002,'H56S000A-80-A',2534,,345988,34,0,10,1,81,,345997,34,0,10,1,27,,346000,34,0,10,1,17,,346002,34,0,10,2,51,,345995,34,0,10,1,10,,345994,34,0,10,2,10,,345992,34,0,10,1,10,,345993,34,0,10,1,10,,345989,34,0,10,1,50,,345990,34,0,10,2,11,,345999,34,0,10,2,10,,345996,34,0,10,1,10,,345998,34,0,10,1,10,,345991,34,0,10,1,14,,346001,34,0,10,1
35002,'H56S000I-80-I',2526,,346008,34,0,10,1,28,,346003,34,0,10,1,66,,346005,34,0,10,1,27,,346010,34,0,10,2,67,,346007,34,0,10,1,26,,346009,34,0,10,1,66,,346004,34,0,10,2,26,,346006,34,0,10,1
35002,'H56S000S-82-S',2529,,346012,34,0,10,1,85,,346016,34,0,10,2,93,,346015,34,0,10,1,45,,346013,34,0,10,1,69,,346014,34,0,10,1,15,,346011,34,0,10,1
35002,'H56S100F-80-F1',2526,,346022,34,0,10,1,28,,346017,34,0,10,1,66,,346019,34,0,10,1,27,,346024,34,0,10,2,67,,346021,34,0,10,1,26,,346023,34,0,10,1,66,,346018,34,0,10,2,26,,346020,34,0,10,1
35002,'H56S200F-80-F2',2526,,346030,34,0,10,1,28,,346025,34,0,10,1,66,,346027,34,0,10,1,27,,346032,34,0,10,2,67,,346029,34,0,10,1,26,,346031,34,0,10,1,66,,346026,34,0,10,2,26,,346028,34,0,10,1
