16503,'H50S000A-82-A',607,,330105,9,0,8,1,29,,330118,9,0,8,1,22,,330128,9,0,8,1,61,,330106,9,0,8,1,20,,330119,9,0,8,1,20,,330129,9,0,8,1,57,,330136,9,0,8,1,16,,330107,9,0,8,1,17,,330120,9,0,8,1,58,,330130,9,0,8,1,18,,330137,9,0,8,1,17,,330108,9,0,8,1,17,,330121,9,0,8,1,55,,330145,9,0,8,1,11,,330131,9,0,8,1,10,,330157,9,0,8,1,10,,330138,9,0,8,1,10,,330164,9,0,8,1,50,,330109,9,0,8,1,9,,330122,9,0,8,1,10,,330170,9,0,8,1,9,,330146,9,0,8,1,11,,330132,9,0,8,1,10,,330158,9,0,8,1,50,,330139,9,0,8,1,10,,330165,9,0,8,1,8,,330110,9,0,8,1,8,,330123,9,0,8,1,7,,330182,9,0,8,1,7,,330171,9,0,8,1,7,,330147,9,0,8,1,7,,330190,9,0,8,1,47,,330133,9,0,8,1,8,,330193,9,0,8,1,8,,330159,9,0,8,1,8,,330140,9,0,8,1,8,,330166,9,0,8,1,7,,330111,9,0,8,1,7,,330124,9,0,8,1,7,,330183,9,0,8,1,48,,330172,9,0,8,1,8,,330148,9,0,8,1,9,,330204,9,0,8,1,8,,330134,9,0,8,1,8,,330194,9,0,8,1,7,,330160,9,0,8,1,7,,330141,9,0,8,1,47,,330167,9,0,8,1,7,,330112,9,0,8,1,7,,330125,9,0,8,1,7,,330184,9,0,8,1,7,,330191,9,0,8,1,7,,330149,9,0,8,1,7,,330173,9,0,8,1,6,,330205,9,0,8,1,6,,330135,9,0,8,1,47,,330208,9,0,8,1,8,,330195,9,0,8,1,8,,330142,9,0,8,1,7,,330168,9,0,8,1,7,,330209,9,0,8,1,6,,330113,9,0,8,1,6,,330126,9,0,8,1,6,,330185,9,0,8,1,6,,330192,9,0,8,1,46,,330150,9,0,8,1,7,,330174,9,0,8,1,7,,330206,9,0,8,1,7,,330161,9,0,8,1,7,,330216,9,0,8,1,6,,330196,9,0,8,1,6,,330143,9,0,8,1,6,,330169,9,0,8,1,6,,330210,9,0,8,1,6,,330114,9,0,8,1,47,,330127,9,0,8,1,7,,330186,9,0,8,1,7,,330151,9,0,8,1,8,,330175,9,0,8,1,8,,330207,9,0,8,1,9,,330162,9,0,8,1,9,,330197,9,0,8,1,48,,330144,9,0,8,1,9,,330211,9,0,8,1,8,,330115,9,0,8,1,8,,330187,9,0,8,1,12,,330152,9,0,8,1,12,,330176,9,0,8,1,51,,330163,9,0,8,1,12,,330198,9,0,8,1,13,,330212,9,0,8,1,13,,330188,9,0,8,1,11,,330116,9,0,8,1,51,,330153,9,0,8,1,11,,330177,9,0,8,1,12,,330199,9,0,8,1,11,,330189,9,0,8,1,11,,330213,9,0,8,1,12,,330154,9,0,8,1,52,,330117,9,0,8,1,12,,330200,9,0,8,1,15,,330178,9,0,8,1,17,,330155,9,0,8,1,57,,330214,9,0,8,1,17,,330179,9,0,8,1,17,,330201,9,0,8,1,57,,330156,9,0,8,1,17,,330180,9,0,8,1,17,,330215,9,0,8,1,17,,330202,9,0,8,1,70,,330181,9,0,8,1,30,,330203,9,0,8,1
16503,'H50S000I-82-I',611,,330217,9,0,8,1,28,,330234,9,0,8,1,20,,330243,9,0,8,1,61,,330218,9,0,8,1,27,,330235,9,0,8,1,67,,330244,9,0,8,1,28,,330219,9,0,8,1,64,,330236,9,0,8,1,17,,330252,9,0,8,1,14,,330245,9,0,8,1,16,,330220,9,0,8,1,53,,330274,9,0,8,1,13,,330263,9,0,8,1,13,,330237,9,0,8,1,13,,330253,9,0,8,1,12,,330281,9,0,8,1,52,,330221,9,0,8,1,11,,330275,9,0,8,1,10,,330288,9,0,8,1,9,,330264,9,0,8,1,8,,330238,9,0,8,1,5,,330246,9,0,8,1,50,,330254,9,0,8,1,10,,330282,9,0,8,1,9,,330222,9,0,8,1,9,,330294,9,0,8,1,9,,330276,9,0,8,1,9,,330289,9,0,8,1,10,,330265,9,0,8,1,50,,330247,9,0,8,1,8,,330239,9,0,8,1,8,,330255,9,0,8,1,8,,330283,9,0,8,1,8,,330223,9,0,8,1,8,,330295,9,0,8,1,8,,330300,9,0,8,1,47,,330277,9,0,8,1,7,,330290,9,0,8,1,7,,330266,9,0,8,1,9,,330248,9,0,8,1,8,,330240,9,0,8,1,8,,330256,9,0,8,1,8,,330284,9,0,8,1,8,,330224,9,0,8,1,47,,330296,9,0,8,1,7,,330301,9,0,8,1,7,,330278,9,0,8,1,7,,330291,9,0,8,1,7,,330267,9,0,8,1,7,,330303,9,0,8,1,7,,330249,9,0,8,1,7,,330241,9,0,8,1,47,,330257,9,0,8,1,7,,330285,9,0,8,1,8,,330225,9,0,8,1,9,,330297,9,0,8,1,10,,330279,9,0,8,1,10,,330292,9,0,8,1,10,,330268,9,0,8,1,48,,330250,9,0,8,1,8,,330242,9,0,8,1,6,,330258,9,0,8,1,8,,330286,9,0,8,1,7,,330226,9,0,8,1,7,,330302,9,0,8,1,7,,330298,9,0,8,1,7,,330280,9,0,8,1,48,,330304,9,0,8,1,7,,330293,9,0,8,1,8,,330269,9,0,8,1,8,,330251,9,0,8,1,8,,330259,9,0,8,1,9,,330287,9,0,8,1,10,,330227,9,0,8,1,50,,330299,9,0,8,1,11,,330305,9,0,8,1,17,,330270,9,0,8,1,17,,330260,9,0,8,1,57,,330228,9,0,8,1,19,,330306,9,0,8,1,19,,330271,9,0,8,1,17,,330229,9,0,8,1,58,,330261,9,0,8,1,18,,330307,9,0,8,1,18,,330230,9,0,8,1,57,,330272,9,0,8,1,17,,330262,9,0,8,1,19,,330231,9,0,8,1,60,,330308,9,0,8,1,21,,330273,9,0,8,1,24,,330232,9,0,8,1,69,,330309,9,0,8,1,29,,330233,9,0,8,1,70,,330310,9,0,8,1
16503,'H50S000S-82-S',535,,330311,9,0,8,1,20,,330320,9,0,8,1,60,,330329,9,0,8,1,12,,330341,9,0,8,1,14,,330312,9,0,8,1,12,,330355,9,0,8,1,51,,330321,9,0,8,1,9,,330363,9,0,8,1,10,,330330,9,0,8,1,9,,330375,9,0,8,1,8,,330342,9,0,8,1,6,,330392,9,0,8,1,6,,330383,9,0,8,1,6,,330391,9,0,8,1,45,,330313,9,0,8,1,6,,330356,9,0,8,1,6,,330393,9,0,8,1,5,,330396,9,0,8,1,5,,330322,9,0,8,1,6,,330394,9,0,8,1,6,,330364,9,0,8,1,6,,330395,9,0,8,1,7,,330331,9,0,8,1,9,,330376,9,0,8,1,49,,330343,9,0,8,1,10,,330384,9,0,8,1,9,,330314,9,0,8,1,8,,330357,9,0,8,1,10,,330397,9,0,8,1,12,,330323,9,0,8,1,52,,330332,9,0,8,1,10,,330377,9,0,8,1,10,,330344,9,0,8,1,11,,330385,9,0,8,1,11,,330315,9,0,8,1,51,,330358,9,0,8,1,11,,330365,9,0,8,1,10,,330324,9,0,8,1,10,,330333,9,0,8,1,11,,330378,9,0,8,1,10,,330345,9,0,8,1,51,,330386,9,0,8,1,10,,330398,9,0,8,1,10,,330316,9,0,8,1,11,,330366,9,0,8,1,9,,330408,9,0,8,1,8,,330325,9,0,8,1,48,,330334,9,0,8,1,8,,330379,9,0,8,1,8,,330346,9,0,8,1,9,,330414,9,0,8,1,9,,330387,9,0,8,1,9,,330359,9,0,8,1,8,,330317,9,0,8,1,48,,330367,9,0,8,1,8,,330409,9,0,8,1,8,,330326,9,0,8,1,8,,330335,9,0,8,1,8,,330380,9,0,8,1,8,,330347,9,0,8,1,8,,330399,9,0,8,1,6,,330415,9,0,8,1,46,,330388,9,0,8,1,7,,330360,9,0,8,1,6,,330418,9,0,8,1,7,,330318,9,0,8,1,6,,330368,9,0,8,1,7,,330410,9,0,8,1,7,,330327,9,0,8,1,6,,330423,9,0,8,1,6,,330336,9,0,8,1,6,,330381,9,0,8,1,46,,330348,9,0,8,1,4,,330435,9,0,8,1,4,,330400,9,0,8,1,4,,330437,9,0,8,1,4,,330438,9,0,8,1,4,,330416,9,0,8,1,4,,330428,9,0,8,1,5,,330389,9,0,8,1,5,,330436,9,0,8,1,5,,330361,9,0,8,1,6,,330419,9,0,8,1,5,,330319,9,0,8,1,46,,330369,9,0,8,1,5,,330440,9,0,8,1,5,,330411,9,0,8,1,5,,330328,9,0,8,1,6,,330424,9,0,8,1,6,,330337,9,0,8,1,6,,330382,9,0,8,1,5,,330349,9,0,8,1,5,,330417,9,0,8,1,6,,330401,9,0,8,1,6,,330439,9,0,8,1,46,,330429,9,0,8,1,6,,330390,9,0,8,1,5,,330370,9,0,8,1,6,,330362,9,0,8,1,6,,330420,9,0,8,1,9,,330441,9,0,8,1,8,,330412,9,0,8,1,8,,330425,9,0,8,1,9,,330338,9,0,8,1,49,,330350,9,0,8,1,10,,330402,9,0,8,1,10,,330430,9,0,8,1,10,,330371,9,0,8,1,9,,330421,9,0,8,1,9,,330442,9,0,8,1,49,,330413,9,0,8,1,9,,330339,9,0,8,1,8,,330426,9,0,8,1,9,,330351,9,0,8,1,9,,330403,9,0,8,1,8,,330422,9,0,8,1,8,,330431,9,0,8,1,49,,330372,9,0,8,1,10,,330443,9,0,8,1,9,,330427,9,0,8,1,8,,330340,9,0,8,1,7,,330404,9,0,8,1,11,,330352,9,0,8,1,52,,330373,9,0,8,1,12,,330432,9,0,8,1,15,,330444,9,0,8,1,15,,330353,9,0,8,1,15,,330405,9,0,8,1,55,,330374,9,0,8,1,17,,330433,9,0,8,1,19,,330354,9,0,8,1,63,,330406,9,0,8,1,32,,330434,9,0,8,1,70,,330407,9,0,8,1
16503,'H50S100F-80-F1',611,,330445,9,0,8,1,28,,330462,9,0,8,1,20,,330471,9,0,8,1,61,,330446,9,0,8,1,27,,330463,9,0,8,1,67,,330472,9,0,8,1,28,,330447,9,0,8,1,64,,330464,9,0,8,1,17,,330480,9,0,8,1,14,,330473,9,0,8,1,16,,330448,9,0,8,1,53,,330502,9,0,8,1,13,,330491,9,0,8,1,13,,330465,9,0,8,1,13,,330481,9,0,8,1,12,,330509,9,0,8,1,52,,330449,9,0,8,1,11,,330503,9,0,8,1,10,,330516,9,0,8,1,9,,330492,9,0,8,1,8,,330466,9,0,8,1,5,,330474,9,0,8,1,50,,330482,9,0,8,1,10,,330510,9,0,8,1,9,,330450,9,0,8,1,9,,330522,9,0,8,1,9,,330504,9,0,8,1,9,,330517,9,0,8,1,10,,330493,9,0,8,1,50,,330475,9,0,8,1,8,,330467,9,0,8,1,8,,330483,9,0,8,1,8,,330511,9,0,8,1,8,,330451,9,0,8,1,8,,330523,9,0,8,1,8,,330528,9,0,8,1,47,,330505,9,0,8,1,7,,330518,9,0,8,1,7,,330494,9,0,8,1,9,,330476,9,0,8,1,8,,330468,9,0,8,1,8,,330484,9,0,8,1,8,,330512,9,0,8,1,8,,330452,9,0,8,1,47,,330524,9,0,8,1,7,,330529,9,0,8,1,7,,330506,9,0,8,1,7,,330519,9,0,8,1,7,,330495,9,0,8,1,7,,330531,9,0,8,1,7,,330477,9,0,8,1,7,,330469,9,0,8,1,47,,330485,9,0,8,1,7,,330513,9,0,8,1,8,,330453,9,0,8,1,9,,330525,9,0,8,1,10,,330507,9,0,8,1,10,,330520,9,0,8,1,10,,330496,9,0,8,1,48,,330478,9,0,8,1,8,,330470,9,0,8,1,6,,330486,9,0,8,1,8,,330514,9,0,8,1,7,,330454,9,0,8,1,7,,330530,9,0,8,1,7,,330526,9,0,8,1,7,,330508,9,0,8,1,48,,330532,9,0,8,1,7,,330521,9,0,8,1,8,,330497,9,0,8,1,8,,330479,9,0,8,1,8,,330487,9,0,8,1,9,,330515,9,0,8,1,10,,330455,9,0,8,1,50,,330527,9,0,8,1,11,,330533,9,0,8,1,17,,330498,9,0,8,1,17,,330488,9,0,8,1,57,,330456,9,0,8,1,19,,330534,9,0,8,1,19,,330499,9,0,8,1,17,,330457,9,0,8,1,58,,330489,9,0,8,1,18,,330535,9,0,8,1,18,,330458,9,0,8,1,57,,330500,9,0,8,1,17,,330490,9,0,8,1,19,,330459,9,0,8,1,60,,330536,9,0,8,1,21,,330501,9,0,8,1,24,,330460,9,0,8,1,69,,330537,9,0,8,1,29,,330461,9,0,8,1,70,,330538,9,0,8,1
16503,'H50S200F-80-F2',611,,330539,9,0,8,1,28,,330556,9,0,8,1,20,,330565,9,0,8,1,61,,330540,9,0,8,1,27,,330557,9,0,8,1,67,,330566,9,0,8,1,28,,330541,9,0,8,1,64,,330558,9,0,8,1,17,,330574,9,0,8,1,14,,330567,9,0,8,1,16,,330542,9,0,8,1,53,,330596,9,0,8,1,13,,330585,9,0,8,1,13,,330559,9,0,8,1,13,,330575,9,0,8,1,12,,330603,9,0,8,1,52,,330543,9,0,8,1,11,,330597,9,0,8,1,10,,330610,9,0,8,1,9,,330586,9,0,8,1,8,,330560,9,0,8,1,5,,330568,9,0,8,1,50,,330576,9,0,8,1,10,,330604,9,0,8,1,9,,330544,9,0,8,1,9,,330616,9,0,8,1,9,,330598,9,0,8,1,9,,330611,9,0,8,1,10,,330587,9,0,8,1,50,,330569,9,0,8,1,8,,330561,9,0,8,1,8,,330577,9,0,8,1,8,,330605,9,0,8,1,8,,330545,9,0,8,1,8,,330617,9,0,8,1,8,,330622,9,0,8,1,47,,330599,9,0,8,1,7,,330612,9,0,8,1,7,,330588,9,0,8,1,9,,330570,9,0,8,1,8,,330562,9,0,8,1,8,,330578,9,0,8,1,8,,330606,9,0,8,1,8,,330546,9,0,8,1,47,,330618,9,0,8,1,7,,330623,9,0,8,1,7,,330600,9,0,8,1,7,,330613,9,0,8,1,7,,330589,9,0,8,1,7,,330625,9,0,8,1,7,,330571,9,0,8,1,7,,330563,9,0,8,1,47,,330579,9,0,8,1,7,,330607,9,0,8,1,8,,330547,9,0,8,1,9,,330619,9,0,8,1,10,,330601,9,0,8,1,10,,330614,9,0,8,1,10,,330590,9,0,8,1,48,,330572,9,0,8,1,8,,330564,9,0,8,1,6,,330580,9,0,8,1,8,,330608,9,0,8,1,7,,330548,9,0,8,1,7,,330624,9,0,8,1,7,,330620,9,0,8,1,7,,330602,9,0,8,1,48,,330626,9,0,8,1,7,,330615,9,0,8,1,8,,330591,9,0,8,1,8,,330573,9,0,8,1,8,,330581,9,0,8,1,9,,330609,9,0,8,1,10,,330549,9,0,8,1,50,,330621,9,0,8,1,11,,330627,9,0,8,1,17,,330592,9,0,8,1,17,,330582,9,0,8,1,57,,330550,9,0,8,1,19,,330628,9,0,8,1,19,,330593,9,0,8,1,17,,330551,9,0,8,1,58,,330583,9,0,8,1,18,,330629,9,0,8,1,18,,330552,9,0,8,1,57,,330594,9,0,8,1,17,,330584,9,0,8,1,19,,330553,9,0,8,1,60,,330630,9,0,8,1,21,,330595,9,0,8,1,24,,330554,9,0,8,1,69,,330631,9,0,8,1,29,,330555,9,0,8,1,70,,330632,9,0,8,1
16603,'H50S000A-82-A',833,,331141,9,0,8,1,71,,331155,9,0,8,2,32,,331142,9,0,8,1,72,,331156,9,0,8,2,31,,331143,9,0,8,1,72,,331157,9,0,8,2,33,,331144,9,0,8,1,72,,331158,9,0,8,2,30,,331139,9,0,8,2,71,,331145,9,0,8,1,29,,331159,9,0,8,2,69,,331163,9,0,8,1,29,,331146,9,0,8,1,69,,331160,9,0,8,2,29,,331164,9,0,8,1,69,,331147,9,0,8,1,29,,331161,9,0,8,2,69,,331165,9,0,8,1,29,,331148,9,0,8,1,69,,331162,9,0,8,2,29,,331166,9,0,8,1,73,,331149,9,0,8,1,33,,331167,9,0,8,1,73,,331150,9,0,8,1,33,,331168,9,0,8,1,77,,331151,9,0,8,1,77,,331169,9,0,8,1,37,,331152,9,0,8,1,77,,331170,9,0,8,1,38,,331153,9,0,8,1,80,,331140,9,0,8,2,80,,331154,9,0,8,1
16603,'H50S000I-82-I',905,,331171,9,0,8,2,33,,331189,9,0,8,1,71,,331172,9,0,8,2,31,,331190,9,0,8,1,71,,331173,9,0,8,2,31,,331191,9,0,8,1,73,,331174,9,0,8,2,33,,331192,9,0,8,1,73,,331175,9,0,8,2,30,,331185,9,0,8,1,68,,331193,9,0,8,1,28,,331176,9,0,8,2,68,,331186,9,0,8,1,28,,331194,9,0,8,1,68,,331177,9,0,8,2,28,,331187,9,0,8,1,68,,331195,9,0,8,1,28,,331178,9,0,8,2,69,,331188,9,0,8,1,30,,331196,9,0,8,1,72,,331179,9,0,8,2,32,,331197,9,0,8,1,72,,331180,9,0,8,2,32,,331198,9,0,8,1,75,,331181,9,0,8,2,36,,331199,9,0,8,1,77,,331182,9,0,8,2,77,,331200,9,0,8,1,37,,331183,9,0,8,2,77,,331201,9,0,8,1,84,,331184,9,0,8,2
16603,'H50S000S-82-S',625,,331228,9,0,8,1,28,,331206,9,0,8,2,69,,331218,9,0,8,2,32,,331229,9,0,8,1,73,,331207,9,0,8,2,73,,331219,9,0,8,1,27,,331230,9,0,8,1,30,,331208,9,0,8,2,69,,331220,9,0,8,1,29,,331231,9,0,8,1,70,,331209,9,0,8,2,30,,331221,9,0,8,1,70,,331232,9,0,8,1,30,,331210,9,0,8,2,70,,331222,9,0,8,1,31,,331233,9,0,8,1,70,,331211,9,0,8,2,30,,331223,9,0,8,1,71,,331234,9,0,8,1,31,,331212,11,0,8,2,69,,331224,11,0,8,1,29,,331235,11,0,8,1,69,,331213,11,0,8,2,29,,331225,11,0,8,1,68,,331236,11,0,8,1,29,,331214,9,0,8,2,69,,331226,9,0,8,1,30,,331237,9,0,8,1,70,,331215,9,0,8,2,31,,331227,9,0,8,1,71,,331238,9,0,8,1,31,,331216,9,0,8,2,70,,331203,9,0,8,1,29,,331239,9,0,8,1,69,,331217,9,0,8,2,29,,331204,9,0,8,1,74,,331202,9,0,8,1,35,,331205,9,0,8,1
16603,'H50S100F-80-F1',905,,331240,9,0,8,2,33,,331258,9,0,8,1,71,,331241,9,0,8,2,31,,331259,9,0,8,1,71,,331242,9,0,8,2,31,,331260,9,0,8,1,73,,331243,9,0,8,2,33,,331261,9,0,8,1,73,,331244,9,0,8,2,30,,331254,9,0,8,1,68,,331262,9,0,8,1,28,,331245,9,0,8,2,68,,331255,9,0,8,1,28,,331263,9,0,8,1,68,,331246,9,0,8,2,28,,331256,9,0,8,1,68,,331264,9,0,8,1,28,,331247,9,0,8,2,69,,331257,9,0,8,1,30,,331265,9,0,8,1,72,,331248,9,0,8,2,32,,331266,9,0,8,1,72,,331249,9,0,8,2,32,,331267,9,0,8,1,75,,331250,9,0,8,2,36,,331268,9,0,8,1,77,,331251,9,0,8,2,77,,331269,9,0,8,1,37,,331252,9,0,8,2,77,,331270,9,0,8,1,84,,331253,9,0,8,2
16603,'H50S200F-80-F2',905,,331271,9,0,8,2,33,,331289,9,0,8,1,71,,331272,9,0,8,2,31,,331290,9,0,8,1,71,,331273,9,0,8,2,31,,331291,9,0,8,1,73,,331274,9,0,8,2,33,,331292,9,0,8,1,73,,331275,9,0,8,2,30,,331285,9,0,8,1,68,,331293,9,0,8,1,28,,331276,9,0,8,2,68,,331286,9,0,8,1,28,,331294,9,0,8,1,68,,331277,9,0,8,2,28,,331287,9,0,8,1,68,,331295,9,0,8,1,28,,331278,9,0,8,2,69,,331288,9,0,8,1,30,,331296,9,0,8,1,72,,331279,9,0,8,2,32,,331297,9,0,8,1,72,,331280,9,0,8,2,32,,331298,9,0,8,1,75,,331281,9,0,8,2,36,,331299,9,0,8,1,77,,331282,9,0,8,2,77,,331300,9,0,8,1,37,,331283,9,0,8,2,77,,331301,9,0,8,1,84,,331284,9,0,8,2
36903,'H50S000A-82-A',2541,,346958,13,0,8,2,70,,346961,13,0,8,1,17,,346952,13,0,8,1,12,,346953,13,0,8,1,11,,346956,13,0,8,1,50,,346959,13,0,8,2,11,,346962,13,0,8,1,13,,346964,13,0,8,2,15,,346954,13,0,8,1,17,,346957,13,0,8,1,55,,346960,13,0,8,2,13,,346963,13,0,8,1,14,,346955,13,0,8,1
36903,'H50S000I-82-I',2542,,346969,13,0,8,1,85,,346967,13,0,8,2,78,,346966,13,0,8,2,24,,346970,13,0,8,1,24,,346968,13,0,8,2,84,,346965,13,0,8,2
36903,'H50S000S-82-S',2542,,346974,13,0,8,1,12,,346971,13,0,8,1,66,,346977,13,0,8,1,22,,346975,13,0,8,1,79,,346972,13,0,8,1,80,,346976,13,0,8,1,37,,346973,13,0,8,1
36903,'H50S000S-82-SV',2606,,346978,13,0,8,2,23,,346979,13,0,8,2,72,,346981,13,0,8,2,40,,346980,13,0,8,2
36903,'H50S100F-80-F1',2542,,346986,13,0,8,1,85,,346984,13,0,8,2,78,,346983,13,0,8,2,24,,346987,13,0,8,1,24,,346985,13,0,8,2,84,,346982,13,0,8,2
36903,'H50S200F-80-F2',2542,,346992,13,0,8,1,85,,346990,13,0,8,2,78,,346989,13,0,8,2,24,,346993,13,0,8,1,24,,346991,13,0,8,2,84,,346988,13,0,8,2
