23001,'H60S000A-80-A',602,,345561,46,4,,1,31,,345548,46,4,,1,71,,345574,46,4,,2,31,,345562,46,4,,1,71,,345549,46,4,,1,31,,345575,46,4,,2,71,,345563,46,4,,1,31,,345550,46,4,,1,72,,345576,46,4,,2,33,,345564,46,4,,1,71,,345551,46,4,,1,33,,345577,46,4,,2,73,,345565,46,4,,1,31,,345552,46,4,,1,73,,345578,46,4,,2,33,,345566,46,4,,1,73,,345553,46,4,,1,73,,345579,46,4,,2,33,,345567,46,4,,1,73,,345554,46,4,,1,33,,345580,46,4,,2,73,,345568,46,4,,1,33,,345555,46,4,,1,71,,345581,46,4,,2,33,,345569,46,4,,1,72,,345556,46,4,,1,31,,345582,46,4,,2,72,,345570,46,4,,1,72,,345557,46,4,,1,30,,345583,46,4,,2,72,,345571,46,4,,1,32,,345558,46,4,,1,68,,345584,46,4,,2,32,,345572,46,4,,1,72,,345559,46,4,,1,30,,345585,46,4,,2,71,,345573,46,4,,1,31,,345560,46,4,,1,72,,345586,46,4,,2
23001,'H60S000I-81-I',602,,345600,46,4,,1,32,,345587,46,4,,1,71,,345613,46,4,,2,31,,345601,46,4,,1,71,,345588,46,4,,1,31,,345614,46,4,,2,71,,345602,46,4,,1,31,,345589,46,4,,1,69,,345615,46,4,,2,32,,345603,46,4,,1,70,,345590,46,4,,1,30,,345616,46,4,,2,72,,345604,46,4,,1,30,,345591,46,4,,1,70,,345617,46,4,,2,32,,345605,46,4,,1,70,,345592,46,4,,1,31,,345618,46,4,,2,73,,345606,46,4,,1,30,,345593,46,4,,1,72,,345619,46,4,,2,33,,345607,46,4,,1,69,,345594,46,4,,1,32,,345620,46,4,,2,72,,345608,46,4,,1,30,,345595,46,4,,1,70,,345621,46,4,,2,31,,345609,46,4,,1,69,,345596,46,4,,1,30,,345622,46,4,,2,71,,345610,46,4,,1,30,,345597,46,4,,1,70,,345623,46,4,,2,30,,345611,46,4,,1,70,,345598,46,4,,1,73,,345624,46,4,,2,33,,345612,46,4,,1,73,,345599,46,4,,1,33,,345625,46,4,,2
23001,'H60S000S-83-S',601,,345633,46,4,,2,30,,345653,46,4,,1,16,,345626,46,4,,2,58,,345643,46,4,,1,22,,345654,46,4,,1,17,,345641,46,4,,2,59,,345634,46,4,,2,16,,345661,46,4,,1,17,,345671,46,4,,2,16,,345627,46,4,,2,55,,345672,46,4,,2,14,,345655,46,4,,1,16,,345642,46,4,,2,14,,345635,46,4,,2,67,,345662,46,4,,1,30,,345628,46,4,,2,70,,345656,46,4,,1,30,,345636,46,4,,2,70,,345663,46,4,,1,30,,345629,46,4,,2,70,,345657,46,4,,1,31,,345637,46,4,,2,70,,345664,46,4,,1,27,,345630,46,4,,2,66,,345658,46,4,,1,25,,345638,46,4,,2,78,,345665,49,4,,1,13,,345674,46,4,,2,20,,345631,49,4,,2,54,,345659,46,4,,1,21,,345676,49,4,,1,5,,345639,46,4,,2,16,,345677,49,4,,2,3,,345673,46,4,,1,58,,345666,49,4,,1,12,,345675,46,4,,2,25,,345632,49,4,,2,8,,345660,46,4,,1,59,,345644,49,4,,1,12,,345640,46,4,,2,24,,345667,46,4,,1,73,,345649,46,4,,1,33,,345645,46,4,,1,71,,345668,46,4,,1,33,,345650,46,4,,1,72,,345646,46,4,,1,32,,345669,46,4,,1,72,,345651,46,4,,1,72,,345647,46,4,,1,33,,345670,46,4,,1,73,,345652,46,4,,1,33,,345648,46,4,,1
23001,'H60S100F-80-F1',602,,345689,46,4,,1,32,,345678,46,4,,1,71,,345702,46,4,,2,31,,345690,46,4,,1,71,,345679,46,4,,1,31,,345703,46,4,,2,71,,345691,46,4,,1,31,,345680,46,4,,1,69,,345704,46,4,,2,32,,345692,46,4,,1,70,,345681,46,4,,1,30,,345705,46,4,,2,72,,345693,46,4,,1,30,,345682,46,4,,1,70,,345706,46,4,,2,32,,345694,46,4,,1,70,,345683,46,4,,1,31,,345707,46,4,,2,73,,345695,46,4,,1,30,,345684,46,4,,1,72,,345708,46,4,,2,33,,345696,46,4,,1,69,,345685,46,4,,1,32,,345709,46,4,,2,72,,345697,46,4,,1,30,,345686,46,4,,1,70,,345710,46,4,,2,31,,345698,46,4,,1,69,,345687,46,4,,1,30,,345711,46,4,,2,71,,345699,46,4,,1,30,,345688,46,4,,1,70,,345712,46,4,,2,30,,345700,46,4,,1,70,,345715,46,4,,1,73,,345713,46,4,,2,33,,345701,46,4,,1,73,,345716,46,4,,1,33,,345714,46,4,,2
23001,'H60S200F-80-F2',602,,345728,46,4,,1,32,,345717,46,4,,1,71,,345741,46,4,,2,31,,345729,46,4,,1,71,,345718,46,4,,1,31,,345742,46,4,,2,71,,345730,46,4,,1,31,,345719,46,4,,1,69,,345743,46,4,,2,32,,345731,46,4,,1,70,,345720,46,4,,1,30,,345744,46,4,,2,72,,345732,46,4,,1,30,,345721,46,4,,1,70,,345745,46,4,,2,32,,345733,46,4,,1,70,,345722,46,4,,1,31,,345746,46,4,,2,73,,345734,46,4,,1,30,,345723,46,4,,1,72,,345747,46,4,,2,33,,345735,46,4,,1,69,,345724,46,4,,1,32,,345748,46,4,,2,72,,345736,46,4,,1,30,,345725,46,4,,1,70,,345749,46,4,,2,31,,345737,46,4,,1,69,,345726,46,4,,1,30,,345750,46,4,,2,71,,345738,46,4,,1,30,,345727,46,4,,1,70,,345751,46,4,,2,30,,345739,46,4,,1,70,,345754,46,4,,1,73,,345752,46,4,,2,33,,345740,46,4,,1,73,,345755,46,4,,1,33,,345753,46,4,,2
23002,'H60S000A-80-A',505,,345756,1,0,10,1,30,,345782,1,0,10,2,71,,345769,1,0,10,1,32,,345757,1,0,10,1,71,,345783,1,0,10,2,31,,345770,1,0,10,1,71,,345758,1,0,10,1,31,,345784,1,0,10,2,70,,345771,1,0,10,1,31,,345759,1,0,10,1,73,,345785,1,0,10,2,33,,345772,1,0,10,1,71,,345760,1,0,10,1,33,,345786,1,0,10,2,73,,345773,1,0,10,1,31,,345761,1,0,10,1,73,,345787,1,0,10,2,73,,345774,1,0,10,1,33,,345762,1,0,10,1,73,,345788,1,0,10,2,33,,345775,1,0,10,1,73,,345763,1,0,10,1,33,,345789,1,0,10,2,73,,345776,1,0,10,1,33,,345764,1,0,10,1,72,,345790,1,0,10,2,33,,345777,1,0,10,1,72,,345765,1,0,10,1,70,,345791,1,0,10,2,32,,345778,1,0,10,1,72,,345766,1,0,10,1,30,,345792,1,0,10,2,72,,345779,1,0,10,1,32,,345767,1,0,10,1,70,,345793,1,0,10,2,31,,345780,1,0,10,1,71,,345768,1,0,10,1,31,,345794,1,0,10,2,71,,345781,1,0,10,1
23002,'H60S000I-81-I',505,,345795,1,0,10,1,30,,345821,1,0,10,2,71,,345808,1,0,10,1,32,,345796,1,0,10,1,71,,345822,1,0,10,2,31,,345809,1,0,10,1,71,,345797,1,0,10,1,31,,345823,1,0,10,2,71,,345810,1,0,10,1,31,,345798,1,0,10,1,69,,345824,1,0,10,2,32,,345811,1,0,10,1,70,,345799,1,0,10,1,30,,345825,1,0,10,2,72,,345812,1,0,10,1,30,,345800,1,0,10,1,70,,345826,1,0,10,2,32,,345813,1,0,10,1,70,,345801,1,0,10,1,32,,345827,1,0,10,2,73,,345814,1,0,10,1,30,,345802,1,0,10,1,72,,345828,1,0,10,2,33,,345815,1,0,10,1,70,,345803,1,0,10,1,71,,345829,1,0,10,2,31,,345816,1,0,10,1,70,,345804,1,0,10,1,30,,345830,1,0,10,2,71,,345817,1,0,10,1,29,,345805,1,0,10,1,70,,345831,1,0,10,2,31,,345818,1,0,10,1,70,,345806,1,0,10,1,30,,345832,1,0,10,2,72,,345819,1,0,10,1,33,,345807,1,0,10,1,73,,345833,1,0,10,2,33,,345820,1,0,10,1
23002,'H60S000S-83-S',500,,345834,1,0,10,2,27,,345850,1,0,10,1,23,,345860,1,0,99 94,1,58,,345848,1,0,10,2,12,,345841,1,0,10,2,11,,345868,1,0,99 94,1,11,,345881,1,0,10,2,10,,345879,1,0,99 94,2,53,,345835,1,0,10,2,15,,345880,1,0,99 94,2,15,,345861,1,0,10,1,16,,345849,1,0,99 94,2,57,,345842,1,0,10,2,19,,345869,1,0,99 94,1,30,,345836,1,0,10,2,69,,345862,1,0,10,1,30,,345843,1,0,10,2,67,,345870,1,0,10,1,30,,345837,1,0,10,2,70,,345863,1,0,10,1,30,,345844,1,0,10,2,70,,345871,1,0,10,1,30,,345838,1,0,10,2,70,,345864,1,0,10,1,32,,345845,1,0,10,2,73,,345872,1,0,10,1,25,,345839,1,0,10,2,66,,345865,1,0,10,1,23,,345846,1,0,10,2,61,,345882,1,0,10,1,18,,345873,1,0,10,1,15,,345884,1,0,10,2,18,,345840,1,0,10,2,54,,345866,1,0,10,1,14,,345851,1,0,10,1,15,,345847,1,0,10,2,16,,345883,1,0,10,1,58,,345874,1,0,10,1,20,,345856,1,0,10,1,24,,345867,1,0,10,1,64,,345852,1,0,10,1,31,,345875,1,0,10,1,73,,345857,1,0,10,1,33,,345853,1,0,10,1,71,,345876,1,0,10,1,73,,345858,1,0,10,1,32,,345854,1,0,10,1,73,,345877,1,0,10,1,33,,345859,1,0,10,1,73,,345855,1,0,10,1,33,,345878,1,0,10,1
23002,'H60S100F-80-F1',505,,345885,1,0,10,1,30,,345909,1,0,10,2,71,,345896,1,0,10,1,32,,345886,1,0,10,1,71,,345910,1,0,10,2,31,,345897,1,0,10,1,71,,345887,1,0,10,1,31,,345911,1,0,10,2,71,,345898,1,0,10,1,31,,345888,1,0,10,1,69,,345912,1,0,10,2,32,,345899,1,0,10,1,70,,345889,1,0,10,1,30,,345913,1,0,10,2,72,,345900,1,0,10,1,30,,345890,1,0,10,1,70,,345914,1,0,10,2,32,,345901,1,0,10,1,70,,345891,1,0,10,1,32,,345915,1,0,10,2,73,,345902,1,0,10,1,30,,345892,1,0,10,1,72,,345916,1,0,10,2,33,,345903,1,0,10,1,70,,345893,1,0,10,1,71,,345917,1,0,10,2,31,,345904,1,0,10,1,70,,345894,1,0,10,1,30,,345918,1,0,10,2,71,,345905,1,0,10,1,29,,345895,1,0,10,1,70,,345919,1,0,10,2,31,,345906,1,0,10,1,70,,345922,1,0,10,1,30,,345920,1,0,10,2,72,,345907,1,0,10,1,33,,345923,1,0,10,1,73,,345921,1,0,10,2,33,,345908,1,0,10,1
23002,'H60S200F-80-F2',505,,345924,1,0,10,1,30,,345948,1,0,10,2,71,,345935,1,0,10,1,32,,345925,1,0,10,1,71,,345949,1,0,10,2,31,,345936,1,0,10,1,71,,345926,1,0,10,1,31,,345950,1,0,10,2,71,,345937,1,0,10,1,31,,345927,1,0,10,1,69,,345951,1,0,10,2,32,,345938,1,0,10,1,70,,345928,1,0,10,1,30,,345952,1,0,10,2,72,,345939,1,0,10,1,30,,345929,1,0,10,1,70,,345953,1,0,10,2,32,,345940,1,0,10,1,70,,345930,1,0,10,1,32,,345954,1,0,10,2,73,,345941,1,0,10,1,30,,345931,1,0,10,1,72,,345955,1,0,10,2,33,,345942,1,0,10,1,70,,345932,1,0,10,1,71,,345956,1,0,10,2,31,,345943,1,0,10,1,70,,345933,1,0,10,1,30,,345957,1,0,10,2,71,,345944,1,0,10,1,29,,345934,1,0,10,1,70,,345958,1,0,10,2,31,,345945,1,0,10,1,70,,345961,1,0,10,1,30,,345959,1,0,10,2,72,,345946,1,0,10,1,33,,345962,1,0,10,1,73,,345960,1,0,10,2,33,,345947,1,0,10,1
