11002,'H56S000A-80-A',603,,318996,21,0,10,1,31,,319001,21,0,10,1,71,,319005,21,0,10,1,29,,319032,21,0,10,1,70,,318997,21,0,10,1,30,,319002,21,0,10,1,74,,319006,21,0,10,1,32,,319033,21,0,10,1,71,,318998,21,0,10,1,31,,319003,21,0,10,1,71,,318995,21,0,10,1,30,,319004,21,0,10,1,73,,319011,21,0,10,1,32,,319018,21,0,10,1,74,,319026,21,0,10,1,33,,319023,21,0,10,1,73,,319007,21,0,10,1,29,,319012,21,0,10,1,69,,319019,21,0,10,1,30,,319027,21,0,10,1,69,,319024,21,0,10,1,28,,319008,21,0,10,1,65,,319013,21,0,10,1,29,,319020,21,0,10,1,67,,319028,21,0,10,1,26,,319025,21,0,10,1,70,,319009,21,0,10,1,33,,319014,21,0,10,1,70,,319021,21,0,10,1,33,,319029,21,0,10,1,72,,319010,21,0,10,1,30,,319015,21,0,10,1,71,,319022,21,0,10,1,28,,318994,21,0,10,1,67,,319034,21,0,10,1,26,,319016,21,0,10,1,67,,319030,21,0,10,1,28,,318999,21,0,10,1,69,,319035,21,0,10,1,27,,319017,21,0,10,1,26,,319031,21,0,10,1,68,,319000,21,0,10,1
11002,'H56S000I-80-I',633,,319040,21,0,10,1,69,,319071,21,0,10,1,32,,319073,21,0,10,1,70,,319047,21,0,10,1,30,,319041,21,0,10,1,72,,319072,21,0,10,1,34,,319074,21,0,10,1,71,,319048,21,0,10,1,31,,319042,21,0,10,1,71,,319046,21,0,10,1,30,,319075,21,0,10,1,71,,319045,21,0,10,1,31,,319068,21,0,10,1,75,,319065,21,0,10,1,33,,319049,21,0,10,1,72,,319055,21,0,10,1,32,,319063,21,0,10,1,69,,319069,21,0,10,1,28,,319066,21,0,10,1,69,,319050,21,0,10,1,29,,319056,21,0,10,1,68,,319064,21,0,10,1,28,,319070,21,0,10,1,68,,319067,21,0,10,1,31,,319051,21,0,10,1,69,,319057,21,0,10,1,31,,319043,21,0,10,1,70,,319036,21,0,10,1,32,,319052,21,0,10,1,70,,319058,21,0,10,1,29,,319044,21,0,10,1,69,,319037,21,0,10,1,30,,319053,21,0,10,1,68,,319059,21,0,10,1,27,,319061,21,0,10,1,67,,319038,21,0,10,1,28,,319054,21,0,10,1,68,,319060,21,0,10,1,27,,319062,21,0,10,1,26,,319039,21,0,10,1
11002,'H56S000S-82-S',545,,319076,21,0,10,1,71,,319085,21,0,10,1,33,,319112,21,0,10,1,59,,319094,21,0,10,1,30,,319102,21,0,10,1,72,,319077,21,0,10,1,30,,319086,21,0,10,1,73,,319106,21,0,10,1,31,,319095,21,0,10,1,68,,319103,21,0,10,1,34,,319078,21,0,10,1,71,,319087,21,0,10,1,31,,319107,21,0,10,1,73,,319096,21,0,10,1,29,,319104,21,0,10,1,69,,319079,21,0,10,1,29,,319088,21,0,10,1,70,,319100,21,0,10,1,34,,319097,21,0,10,1,70,,319105,21,0,10,1,31,,319080,21,0,10,1,71,,319089,21,0,10,1,26,,319101,21,0,10,1,65,,319110,21,0,10,1,25,,319098,21,0,10,1,15,,319111,21,0,10,1,54,,319108,21,0,10,1,28,,319081,21,0,10,1,69,,319090,21,0,10,1,29,,319113,21,0,10,1,68,,319099,21,0,10,1,27,,319109,21,0,10,1,27,,319082,21,0,10,1,67,,319091,21,0,10,1,28,,319114,21,0,10,1,71,,319117,21,0,10,1,32,,319083,21,0,10,1,73,,319092,21,0,10,1,31,,319115,21,0,10,1,70,,319118,21,0,10,1,28,,319084,21,0,10,1,68,,319093,21,0,10,1,25,,319116,21,0,10,1
11002,'H56S100F-80-F1',633,,319123,21,0,10,1,69,,319154,21,0,10,1,32,,319156,21,0,10,1,70,,319130,21,0,10,1,30,,319124,21,0,10,1,72,,319155,21,0,10,1,34,,319157,21,0,10,1,71,,319131,21,0,10,1,31,,319125,21,0,10,1,71,,319129,21,0,10,1,30,,319158,21,0,10,1,71,,319128,21,0,10,1,31,,319151,21,0,10,1,75,,319148,21,0,10,1,33,,319132,21,0,10,1,72,,319138,21,0,10,1,32,,319146,21,0,10,1,69,,319152,21,0,10,1,28,,319149,21,0,10,1,69,,319133,21,0,10,1,29,,319139,21,0,10,1,68,,319147,21,0,10,1,28,,319153,21,0,10,1,68,,319150,21,0,10,1,31,,319134,21,0,10,1,69,,319140,21,0,10,1,31,,319126,21,0,10,1,70,,319119,21,0,10,1,32,,319135,21,0,10,1,70,,319141,21,0,10,1,29,,319127,21,0,10,1,69,,319120,21,0,10,1,30,,319136,21,0,10,1,68,,319142,21,0,10,1,27,,319144,21,0,10,1,67,,319121,21,0,10,1,28,,319137,21,0,10,1,68,,319143,21,0,10,1,27,,319145,21,0,10,1,26,,319122,21,0,10,1
11002,'H56S200F-80-F2',633,,319163,21,0,10,1,69,,319194,21,0,10,1,32,,319196,21,0,10,1,70,,319170,21,0,10,1,30,,319164,21,0,10,1,72,,319195,21,0,10,1,34,,319197,21,0,10,1,71,,319171,21,0,10,1,31,,319165,21,0,10,1,71,,319169,21,0,10,1,30,,319198,21,0,10,1,71,,319168,21,0,10,1,31,,319191,21,0,10,1,75,,319188,21,0,10,1,33,,319172,21,0,10,1,72,,319178,21,0,10,1,32,,319186,21,0,10,1,69,,319192,21,0,10,1,28,,319189,21,0,10,1,69,,319173,21,0,10,1,29,,319179,21,0,10,1,68,,319187,21,0,10,1,28,,319193,21,0,10,1,68,,319190,21,0,10,1,31,,319174,21,0,10,1,69,,319180,21,0,10,1,31,,319166,21,0,10,1,70,,319159,21,0,10,1,32,,319175,21,0,10,1,70,,319181,21,0,10,1,29,,319167,21,0,10,1,69,,319160,21,0,10,1,30,,319176,21,0,10,1,68,,319182,21,0,10,1,27,,319184,21,0,10,1,67,,319161,21,0,10,1,28,,319177,21,0,10,1,68,,319183,21,0,10,1,27,,319185,21,0,10,1,26,,319162,21,0,10,1
35002,'H56S000A-80-A',2621,,345988,93,0,10,1,81,,345997,93,0,10,1,27,,346000,93,0,10,1,17,,346002,93,0,10,2,11,,345995,93,0,10,1,50,,345994,93,0,10,2,10,,345992,93,0,10,1,10,,345993,93,0,10,1,10,,345989,93,0,10,1,10,,345990,93,0,10,2,11,,345999,93,0,10,2,50,,345996,93,0,10,1,10,,345998,93,0,10,1,10,,345991,93,0,10,1,14,,346001,93,0,10,1
35002,'H56S000I-80-I',2611,,346008,93,0,10,1,28,,346003,93,0,10,1,66,,346005,93,0,10,1,27,,346010,93,0,10,2,27,,346007,93,0,10,1,66,,346009,93,0,10,1,26,,346004,93,0,10,2,66,,346006,93,0,10,1
35002,'H56S000S-82-S',2615,,346012,93,0,10,1,85,,346016,93,0,10,2,54,,346015,93,0,10,1,84,,346013,93,0,10,1,69,,346014,93,0,10,1,15,,346011,93,0,10,1
35002,'H56S100F-80-F1',2611,,346022,93,0,10,1,28,,346017,93,0,10,1,66,,346019,93,0,10,1,27,,346024,93,0,10,2,27,,346021,93,0,10,1,66,,346023,93,0,10,1,26,,346018,93,0,10,2,66,,346020,93,0,10,1
35002,'H56S200F-80-F2',2611,,346030,93,0,10,1,28,,346025,93,0,10,1,66,,346027,93,0,10,1,27,,346032,93,0,10,2,27,,346029,93,0,10,1,66,,346031,93,0,10,1,26,,346026,93,0,10,2,66,,346028,93,0,10,1
