6704,'H58S000A-80-A',522,,306354,8,0,9,1,26,,306373,8,0,9,1,65,,306379,8,0,9,1,19,,306388,8,0,9,1,20,,306355,8,0,9,1,56,,306397,8,0,9,1,15,,306374,8,0,9,1,14,,306398,8,0,9,1,12,,306380,8,0,9,1,51,,306400,8,0,9,1,12,,306356,8,0,9,1,12,,306389,8,0,9,1,11,,306401,8,0,9,1,10,,306402,8,0,9,1,10,,306375,8,0,9,1,50,,306407,8,0,9,1,10,,306399,8,0,9,1,10,,306412,8,0,9,1,9,,306381,8,0,9,1,8,,306368,8,0,9,1,10,,306357,8,0,9,1,50,,306419,8,0,9,1,11,,306390,8,0,9,1,11,,306376,8,0,9,1,10,,306403,8,0,9,1,10,,306428,8,0,9,1,10,,306408,8,0,9,1,50,,306382,8,0,9,1,10,,306413,8,0,9,1,10,,306369,8,0,9,1,10,,306420,8,0,9,1,10,,306358,8,0,9,1,9,,306429,8,0,9,1,48,,306391,8,0,9,1,9,,306377,8,0,9,1,9,,306365,8,0,9,1,9,,306404,8,0,9,1,10,,306409,8,0,9,1,9,,306432,8,0,9,1,9,,306383,8,0,9,1,49,,306414,8,0,9,1,8,,306370,8,0,9,1,9,,306430,8,0,9,1,10,,306421,8,0,9,1,9,,306359,8,0,9,1,9,,306392,8,0,9,1,9,,306378,8,0,9,1,49,,306366,8,0,9,1,9,,306405,8,0,9,1,9,,306410,8,0,9,1,10,,306433,8,0,9,1,10,,306384,8,0,9,1,10,,306415,8,0,9,1,48,,306371,8,0,9,1,10,,306431,8,0,9,1,10,,306422,8,0,9,1,11,,306360,8,0,9,1,10,,306393,8,0,9,1,11,,306367,8,0,9,1,51,,306406,8,0,9,1,11,,306411,8,0,9,1,13,,306434,8,0,9,1,14,,306416,8,0,9,1,13,,306372,8,0,9,1,53,,306440,8,0,9,1,14,,306423,8,0,9,1,14,,306394,8,0,9,1,14,,306439,8,0,9,1,54,,306385,8,0,9,1,15,,306435,8,0,9,1,15,,306417,8,0,9,1,15,,306361,8,0,9,1,59,,306424,8,0,9,1,20,,306395,8,0,9,1,19,,306386,8,0,9,1,59,,306436,8,0,9,1,22,,306418,8,0,9,1,23,,306425,8,0,9,1,63,,306396,8,0,9,1,28,,306387,8,0,9,1,66,,306362,8,0,9,1,28,,306426,8,0,9,1,73,,306437,8,0,9,1,33,,306363,8,0,9,1,71,,306427,8,0,9,1,27,,306438,8,0,9,1,69,,306364,8,0,9,1
6704,'H58S000I-80-I',522,,306441,8,0,9,1,31,,306448,8,0,9,1,72,,306459,8,0,9,1,26,,306442,8,0,9,1,60,,306464,8,0,9,1,19,,306449,8,0,9,1,17,,306460,8,0,9,1,56,,306470,8,0,9,1,15,,306443,8,0,9,1,15,,306471,8,0,9,1,14,,306450,8,0,9,1,12,,306465,8,0,9,1,52,,306473,8,0,9,1,12,,306461,8,0,9,1,11,,306479,8,0,9,1,10,,306489,8,0,9,1,10,,306444,8,0,9,1,50,,306493,8,0,9,1,10,,306472,8,0,9,1,10,,306466,8,0,9,1,10,,306451,8,0,9,1,11,,306496,8,0,9,1,11,,306474,8,0,9,1,51,,306462,8,0,9,1,12,,306490,8,0,9,1,10,,306480,8,0,9,1,10,,306445,8,0,9,1,11,,306494,8,0,9,1,52,,306452,8,0,9,1,11,,306467,8,0,9,1,11,,306497,8,0,9,1,10,,306501,8,0,9,1,10,,306475,8,0,9,1,9,,306504,8,0,9,1,48,,306463,8,0,9,1,8,,306446,8,0,9,1,8,,306481,8,0,9,1,8,,306511,8,0,9,1,8,,306495,8,0,9,1,9,,306453,8,0,9,1,9,,306515,8,0,9,1,49,,306468,8,0,9,1,10,,306498,8,0,9,1,10,,306502,8,0,9,1,10,,306476,8,0,9,1,9,,306491,8,0,9,1,8,,306505,8,0,9,1,9,,306447,8,0,9,1,50,,306482,8,0,9,1,10,,306512,8,0,9,1,10,,306454,8,0,9,1,9,,306516,8,0,9,1,11,,306469,8,0,9,1,13,,306499,8,0,9,1,55,,306503,8,0,9,1,16,,306492,8,0,9,1,15,,306506,8,0,9,1,14,,306483,8,0,9,1,55,,306513,8,0,9,1,18,,306517,8,0,9,1,18,,306477,8,0,9,1,58,,306518,8,0,9,1,20,,306507,8,0,9,1,20,,306484,8,0,9,1,59,,306500,8,0,9,1,29,,306478,8,0,9,1,70,,306455,8,0,9,1,30,,306485,8,0,9,1,69,,306514,8,0,9,1,31,,306508,8,0,9,1,71,,306456,8,0,9,1,31,,306486,8,0,9,1,71,,306509,8,0,9,1,29,,306457,8,0,9,1,69,,306487,8,0,9,1,29,,306510,8,0,9,1,70,,306458,8,0,9,1,29,,306488,8,0,9,1
6704,'H58S000S-83-S',448,,306519,8,0,9,1,8,,306520,8,0,9,1,48,,306528,8,0,9,1,9,,306543,8,0,9,1,11,,306550,8,0,9,1,10,,306556,8,0,9,1,11,,306566,8,0,9,1,11,,306573,8,0,9,1,51,,306535,8,0,9,1,10,,306529,8,0,9,1,11,,306521,8,0,9,1,10,,306585,8,0,9,1,11,,306587,8,0,9,1,10,,306544,8,0,9,1,46,,306592,8,0,9,1,6,,306551,8,0,9,1,7,,306593,8,0,9,1,9,,306557,8,0,9,1,9,,306595,8,0,9,1,9,,306567,8,0,9,1,8,,306574,8,0,9,1,49,,306536,8,0,9,1,8,,306530,8,0,9,1,6,,306581,8,0,9,1,7,,306522,8,0,9,1,6,,306586,8,0,9,1,5,,306594,8,0,9,1,7,,306588,8,0,9,1,9,,306596,8,0,9,1,50,,306545,8,0,9,1,10,,306552,8,0,9,1,9,,306580,8,0,9,1,9,,306558,8,0,9,1,11,,306568,8,0,9,1,11,,306537,8,0,9,1,52,,306531,8,0,9,1,11,,306523,8,0,9,1,12,,306589,8,0,9,1,12,,306597,8,0,9,1,12,,306546,8,0,9,1,52,,306553,8,0,9,1,12,,306559,8,0,9,1,12,,306569,8,0,9,1,12,,306538,8,0,9,1,11,,306532,8,0,9,1,52,,306524,8,0,9,1,13,,306590,8,0,9,1,12,,306598,8,0,9,1,12,,306547,8,0,9,1,12,,306554,8,0,9,1,52,,306560,8,0,9,1,12,,306570,8,0,9,1,12,,306539,8,0,9,1,12,,306533,8,0,9,1,9,,306602,8,0,9,1,9,,306525,8,0,9,1,49,,306591,8,0,9,1,11,,306575,8,0,9,1,11,,306599,8,0,9,1,10,,306608,8,0,9,1,8,,306548,8,0,9,1,9,,306555,8,0,9,1,48,,306561,8,0,9,1,9,,306621,8,0,9,1,8,,306571,8,0,9,1,8,,306540,8,0,9,1,9,,306534,8,0,9,1,9,,306603,8,0,9,1,8,,306614,8,0,9,1,49,,306526,8,0,9,1,8,,306619,8,0,9,1,8,,306576,8,0,9,1,7,,306620,8,0,9,1,8,,306600,8,0,9,1,8,,306609,8,0,9,1,10,,306549,8,0,9,1,51,,306562,8,0,9,1,11,,306622,8,0,9,1,11,,306572,8,0,9,1,10,,306541,8,0,9,1,10,,306604,8,0,9,1,10,,306617,8,0,9,1,49,,306615,8,0,9,1,11,,306527,8,0,9,1,12,,306577,8,0,9,1,12,,306601,8,0,9,1,11,,306610,8,0,9,1,52,,306563,8,0,9,1,12,,306623,8,0,9,1,12,,306542,8,0,9,1,11,,306605,8,0,9,1,12,,306618,8,0,9,1,12,,306616,8,0,9,1,57,,306578,8,0,9,1,18,,306611,8,0,9,1,25,,306564,8,0,9,1,70,,306606,8,0,9,1,71,,306579,8,0,9,1,30,,306582,8,0,9,1,70,,306565,8,0,9,1,32,,306612,8,0,9,1,71,,306583,8,0,9,1,30,,306607,8,0,9,1,72,,306613,8,0,9,1,30,,306584,8,0,9,1
6704,'H58S100F-80-F1',522,,306624,8,0,9,1,31,,306631,8,0,9,1,72,,306638,8,0,9,1,26,,306625,8,0,9,1,60,,306646,8,0,9,1,19,,306632,8,0,9,1,17,,306639,8,0,9,1,56,,306652,8,0,9,1,15,,306626,8,0,9,1,15,,306653,8,0,9,1,14,,306633,8,0,9,1,12,,306647,8,0,9,1,52,,306657,8,0,9,1,12,,306640,8,0,9,1,11,,306663,8,0,9,1,10,,306673,8,0,9,1,10,,306627,8,0,9,1,50,,306678,8,0,9,1,10,,306654,8,0,9,1,10,,306648,8,0,9,1,10,,306634,8,0,9,1,11,,306682,8,0,9,1,11,,306658,8,0,9,1,51,,306641,8,0,9,1,12,,306674,8,0,9,1,10,,306664,8,0,9,1,10,,306628,8,0,9,1,11,,306655,8,0,9,1,52,,306679,8,0,9,1,11,,306649,8,0,9,1,11,,306683,8,0,9,1,10,,306635,8,0,9,1,10,,306659,8,0,9,1,9,,306687,8,0,9,1,48,,306675,8,0,9,1,8,,306629,8,0,9,1,8,,306665,8,0,9,1,8,,306694,8,0,9,1,8,,306656,8,0,9,1,9,,306680,8,0,9,1,9,,306698,8,0,9,1,49,,306650,8,0,9,1,10,,306684,8,0,9,1,10,,306636,8,0,9,1,10,,306660,8,0,9,1,9,,306676,8,0,9,1,8,,306688,8,0,9,1,9,,306630,8,0,9,1,50,,306666,8,0,9,1,10,,306695,8,0,9,1,10,,306681,8,0,9,1,9,,306699,8,0,9,1,11,,306651,8,0,9,1,13,,306685,8,0,9,1,55,,306637,8,0,9,1,16,,306677,8,0,9,1,15,,306689,8,0,9,1,14,,306667,8,0,9,1,55,,306696,8,0,9,1,18,,306700,8,0,9,1,18,,306661,8,0,9,1,58,,306701,8,0,9,1,20,,306690,8,0,9,1,20,,306668,8,0,9,1,59,,306686,8,0,9,1,29,,306662,8,0,9,1,70,,306642,8,0,9,1,30,,306669,8,0,9,1,69,,306697,8,0,9,1,31,,306691,8,0,9,1,71,,306643,8,0,9,1,31,,306670,8,0,9,1,71,,306692,8,0,9,1,29,,306644,8,0,9,1,69,,306671,8,0,9,1,29,,306693,8,0,9,1,70,,306645,8,0,9,1,29,,306672,8,0,9,1
6704,'H58S200F-80-F2',522,,306702,8,0,9,1,31,,306709,8,0,9,1,72,,306716,8,0,9,1,26,,306703,8,0,9,1,60,,306724,8,0,9,1,19,,306710,8,0,9,1,17,,306717,8,0,9,1,56,,306771,8,0,9,1,15,,306704,8,0,9,1,15,,306730,8,0,9,1,14,,306711,8,0,9,1,12,,306725,8,0,9,1,52,,306734,8,0,9,1,12,,306718,8,0,9,1,11,,306740,8,0,9,1,10,,306750,8,0,9,1,10,,306705,8,0,9,1,50,,306774,8,0,9,1,10,,306731,8,0,9,1,10,,306726,8,0,9,1,10,,306712,8,0,9,1,11,,306753,8,0,9,1,11,,306735,8,0,9,1,51,,306719,8,0,9,1,12,,306751,8,0,9,1,10,,306741,8,0,9,1,10,,306706,8,0,9,1,11,,306732,8,0,9,1,52,,306775,8,0,9,1,11,,306727,8,0,9,1,11,,306754,8,0,9,1,10,,306713,8,0,9,1,10,,306736,8,0,9,1,9,,306758,8,0,9,1,48,,306752,8,0,9,1,8,,306707,8,0,9,1,8,,306742,8,0,9,1,8,,306765,8,0,9,1,8,,306733,8,0,9,1,9,,306776,8,0,9,1,9,,306768,8,0,9,1,49,,306728,8,0,9,1,10,,306755,8,0,9,1,10,,306714,8,0,9,1,10,,306737,8,0,9,1,9,,306772,8,0,9,1,8,,306759,8,0,9,1,9,,306708,8,0,9,1,50,,306743,8,0,9,1,10,,306766,8,0,9,1,10,,306777,8,0,9,1,9,,306769,8,0,9,1,11,,306729,8,0,9,1,13,,306756,8,0,9,1,55,,306715,8,0,9,1,16,,306773,8,0,9,1,15,,306760,8,0,9,1,14,,306744,8,0,9,1,55,,306767,8,0,9,1,18,,306770,8,0,9,1,18,,306738,8,0,9,1,58,,306779,8,0,9,1,20,,306761,8,0,9,1,20,,306745,8,0,9,1,59,,306757,8,0,9,1,29,,306739,8,0,9,1,70,,306720,8,0,9,1,30,,306746,8,0,9,1,69,,306778,8,0,9,1,31,,306762,8,0,9,1,71,,306721,8,0,9,1,31,,306747,8,0,9,1,71,,306763,8,0,9,1,29,,306722,8,0,9,1,69,,306748,8,0,9,1,29,,306764,8,0,9,1,70,,306723,8,0,9,1,29,,306749,8,0,9,1
35704,'H59S000A-80-A',2550,,346282,7,0,9,2,85,,346280,7,0,9,1,85,,346283,7,0,9,2,85,,346281,7,0,9,1,45,,346284,7,0,9,2
35704,'H59S000I-81-I',2504,,346285,7,0,9,1,45,,346288,7,0,9,2,85,,346286,7,0,9,1,85,,346289,7,0,9,2,85,,346287,7,0,9,1,45,,346290,7,0,9,2
35704,'H59S000S-80-S',2504,,346294,7,0,9,2,45,,346291,7,0,9,1,85,,346295,7,0,9,2,85,,346292,7,0,9,1,85,,346296,7,0,9,2,45,,346293,7,0,9,1
35704,'H59S100F-80-F1',2504,,346297,7,0,9,1,45,,346300,7,0,9,2,85,,346298,7,0,9,1,85,,346301,7,0,9,2,85,,346299,7,0,9,1,45,,346302,7,0,9,2
35704,'H59S200F-80-F2',2504,,346303,7,0,9,1,45,,346306,7,0,9,2,85,,346304,7,0,9,1,85,,346307,7,0,9,2,85,,346305,7,0,9,1,45,,346308,7,0,9,2
