2402,'H59S000A-80-A',531,,291917,3,0,10,1,69,,291924,3,0,10,1,31,,291905,3,0,10,1,70,,291918,3,0,10,1,30,,291925,3,0,10,1,69,,291906,3,0,10,1,20,,291930,3,0,10,1,18,,291919,3,0,10,1,17,,291935,3,0,10,2,57,,291926,3,0,10,1,17,,291940,3,0,10,1,16,,291907,3,0,10,1,56,,291911,3,0,10,1,17,,291931,3,0,10,1,18,,291920,3,0,10,1,17,,291948,3,0,10,2,57,,291927,3,0,10,1,16,,291941,3,0,10,1,15,,291932,3,0,10,1,15,,291908,3,0,10,1,55,,291936,3,0,10,2,14,,291912,3,0,10,1,14,,291921,3,0,10,1,14,,291915,3,0,10,1,54,,291949,3,0,10,2,14,,291928,3,0,10,1,13,,291909,3,0,10,1,12,,291942,3,0,10,1,12,,291950,3,0,10,2,51,,291933,3,0,10,1,12,,291937,3,0,10,2,12,,291951,3,0,10,1,12,,291913,3,0,10,1,13,,291922,3,0,10,1,56,,291916,3,0,10,1,17,,291929,3,0,10,1,16,,291910,3,0,10,1,56,,291943,3,0,10,1,15,,291934,3,0,10,1,14,,291938,3,0,10,2,13,,291952,3,0,10,1,14,,291914,3,0,10,1,55,,291957,3,0,10,1,16,,291962,3,0,10,1,17,,291965,3,0,10,1,58,,291968,3,0,10,2,17,,291944,3,0,10,1,16,,291939,3,0,10,2,17,,291953,3,0,10,1,59,,291958,3,0,10,1,19,,291963,3,0,10,1,20,,291966,3,0,10,1,60,,291969,3,0,10,2,20,,291945,3,0,10,1,21,,291954,3,0,10,1,61,,291959,3,0,10,1,22,,291964,3,0,10,1,63,,291967,3,0,10,1,24,,291946,3,0,10,1,25,,291955,3,0,10,1,66,,291960,3,0,10,1,25,,291970,3,0,10,2,64,,291947,3,0,10,1,31,,291956,3,0,10,1,72,,291961,3,0,10,1,31,,291923,3,0,10,1
2402,'H59S000I-81-I',531,,291978,3,0,10,1,71,,291971,3,0,10,1,31,,291996,3,0,10,1,70,,291979,3,0,10,1,30,,291972,3,0,10,1,70,,291997,3,0,10,1,30,,291980,3,0,10,1,67,,291999,3,0,10,1,23,,291973,3,0,10,1,19,,291998,3,0,10,1,59,,292004,3,0,10,1,20,,291981,3,0,10,1,21,,292008,3,0,10,1,61,,292000,3,0,10,1,21,,291974,3,0,10,1,20,,292010,3,0,10,2,56,,292005,3,0,10,1,16,,292012,3,0,10,2,14,,291982,3,0,10,1,13,,292014,3,0,10,1,12,,292009,3,0,10,1,53,,292011,3,0,10,2,14,,292001,3,0,10,1,15,,291975,3,0,10,1,17,,292006,3,0,10,1,55,,291989,3,0,10,1,15,,292013,3,0,10,2,14,,291983,3,0,10,1,14,,292015,3,0,10,1,54,,292017,3,0,10,2,15,,292002,3,0,10,1,16,,291976,3,0,10,1,18,,292007,3,0,10,1,59,,291990,3,0,10,1,21,,291984,3,0,10,1,19,,292016,3,0,10,1,65,,292003,3,0,10,1,24,,291977,3,0,10,1,67,,291991,3,0,10,1,26,,291985,3,0,10,1,65,,292018,3,0,10,1,30,,292022,3,0,10,2,71,,291992,3,0,10,1,29,,291986,3,0,10,1,69,,292019,3,0,10,1,27,,292023,3,0,10,2,29,,291993,3,0,10,1,70,,291987,3,0,10,1,31,,292020,3,0,10,1,72,,291994,3,0,10,1,73,,291988,3,0,10,1,29,,292021,3,0,10,1,26,,291995,3,0,10,1
2402,'H59S000S-80-S',513,,292030,3,0,10,1,30,,292040,3,0,10,1,71,,292024,3,0,10,1,12,,292057,3,0,10,1,12,,292074,3,0,10,1,12,,292031,3,0,10,1,50,,292033,3,0,10,1,7,,292092,3,0,10,1,5,,292055,3,0,6 17,2,5,,292097,3,0,10,1,5,,292041,3,0,10,1,5,,292098,3,0,6 17,2,5,,292100,3,0,10,1,5,,292059,3,0,10,1,5,,292046,3,0,6 17,1,6,,292101,3,0,10,1,6,,292056,3,0,10,2,46,,292069,3,0,10,1,6,,292025,3,0,6 17,1,6,,292099,3,0,10,2,6,,292058,3,0,10,1,5,,292091,3,0,10,2,5,,292047,3,0,10,1,5,,292068,3,0,10,2,6,,292081,3,0,10,1,7,,292075,3,0,10,1,7,,292026,3,0,10,1,6,,292032,3,0,6 17,1,46,,292090,3,0,10,2,10,,292034,3,0,10,1,11,,292093,3,0,10,1,11,,292042,3,0,10,1,12,,292060,3,0,10,1,51,,292102,3,0,10,1,12,,292070,3,0,10,1,12,,292048,3,0,10,1,12,,292082,3,0,10,1,12,,292076,3,0,10,1,52,,292124,3,0,10,1,12,,292027,3,0,10,1,12,,292035,3,0,10,1,11,,292094,3,0,10,1,12,,292043,3,0,10,1,11,,292061,3,0,10,1,51,,292103,3,0,10,1,12,,292071,3,0,10,1,12,,292049,3,0,10,1,11,,292083,3,0,10,1,12,,292077,3,0,10,1,52,,292125,3,0,10,1,12,,292028,3,0,10,1,12,,292036,3,0,10,1,12,,292095,3,0,10,1,12,,292044,3,0,10,1,52,,292062,3,0,10,1,11,,292104,3,0,10,1,10,,292072,3,0,10,1,9,,292105,3,0,10,1,12,,292050,3,0,10,1,52,,292084,3,0,10,1,12,,292078,3,0,10,1,11,,292107,3,0,10,2,8,,292029,3,0,10,1,8,,292116,3,0,10,2,7,,292037,3,0,6 17,1,5,,292113,3,0,10,2,6,,292096,3,0,10,1,46,,292118,3,0,6 17,2,6,,292045,3,0,10,1,7,,292112,3,0,10,1,8,,292063,3,0,10,1,10,,292038,3,0,10,1,7,,292073,3,0,6 17,1,4,,292119,3,0,10,2,7,,292106,3,0,10,1,48,,292114,3,0,10,1,8,,292110,3,0,10,2,9,,292051,3,0,10,1,10,,292109,3,0,10,2,5,,292085,3,0,6 17,1,7,,292079,3,0,10,1,11,,292126,3,0,10,1,52,,292117,3,0,10,2,12,,292086,3,0,10,1,12,,292108,3,0,10,2,12,,292064,3,0,10,1,11,,292039,3,0,10,1,51,,292120,3,0,10,2,12,,292115,3,0,10,1,12,,292111,3,0,10,2,12,,292052,3,0,10,1,12,,292080,3,0,10,1,60,,292087,3,0,10,1,25,,292065,3,0,10,1,68,,292121,3,0,10,2,29,,292053,3,0,10,1,70,,292088,3,0,10,1,30,,292066,3,0,10,1,70,,292122,3,0,10,2,30,,292054,3,0,10,1,71,,292089,3,0,10,1,27,,292067,3,0,10,1,27,,292123,3,0,10,2
2402,'H59S100F-80-F1',531,,292134,3,0,10,1,71,,292127,3,0,10,1,31,,292177,3,0,10,1,70,,292135,3,0,10,1,30,,292128,3,0,10,1,70,,292178,3,0,10,1,30,,292136,3,0,10,1,67,,292152,3,0,10,1,23,,292129,3,0,10,1,19,,292179,3,0,10,1,59,,292157,3,0,10,1,20,,292137,3,0,10,1,21,,292161,3,0,10,1,61,,292153,3,0,10,1,21,,292130,3,0,10,1,20,,292163,3,0,10,2,56,,292158,3,0,10,1,16,,292165,3,0,10,2,14,,292138,3,0,10,1,13,,292167,3,0,10,1,12,,292162,3,0,10,1,53,,292164,3,0,10,2,14,,292154,3,0,10,1,15,,292131,3,0,10,1,17,,292159,3,0,10,1,55,,292145,3,0,10,1,15,,292166,3,0,10,2,14,,292139,3,0,10,1,14,,292168,3,0,10,1,54,,292170,3,0,10,2,15,,292155,3,0,10,1,16,,292132,3,0,10,1,18,,292160,3,0,10,1,59,,292146,3,0,10,1,21,,292140,3,0,10,1,19,,292169,3,0,10,1,65,,292156,3,0,10,1,24,,292133,3,0,10,1,67,,292147,3,0,10,1,26,,292141,3,0,10,1,65,,292171,3,0,10,1,30,,292175,3,0,10,2,71,,292148,3,0,10,1,29,,292142,3,0,10,1,69,,292172,3,0,10,1,27,,292176,3,0,10,2,29,,292149,3,0,10,1,70,,292143,3,0,10,1,31,,292173,3,0,10,1,72,,292150,3,0,10,1,73,,292144,3,0,10,1,29,,292174,3,0,10,1,26,,292151,3,0,10,1
2402,'H59S200F-80-F2',531,,292187,3,0,10,1,71,,292180,3,0,10,1,31,,292230,3,0,10,1,70,,292188,3,0,10,1,30,,292181,3,0,10,1,70,,292231,3,0,10,1,30,,292189,3,0,10,1,67,,292205,3,0,10,1,23,,292182,3,0,10,1,19,,292232,3,0,10,1,59,,292210,3,0,10,1,20,,292190,3,0,10,1,21,,292214,3,0,10,1,61,,292206,3,0,10,1,21,,292183,3,0,10,1,20,,292216,3,0,10,2,56,,292211,3,0,10,1,16,,292218,3,0,10,2,14,,292191,3,0,10,1,13,,292220,3,0,10,1,12,,292215,3,0,10,1,53,,292217,3,0,10,2,14,,292207,3,0,10,1,15,,292184,3,0,10,1,17,,292212,3,0,10,1,55,,292198,3,0,10,1,15,,292219,3,0,10,2,14,,292192,3,0,10,1,14,,292221,3,0,10,1,54,,292223,3,0,10,2,15,,292208,3,0,10,1,16,,292185,3,0,10,1,18,,292213,3,0,10,1,59,,292199,3,0,10,1,21,,292193,3,0,10,1,19,,292222,3,0,10,1,65,,292209,3,0,10,1,24,,292186,3,0,10,1,67,,292200,3,0,10,1,26,,292194,3,0,10,1,65,,292224,3,0,10,1,30,,292228,3,0,10,2,71,,292201,3,0,10,1,29,,292195,3,0,10,1,69,,292225,3,0,10,1,27,,292229,3,0,10,2,29,,292202,3,0,10,1,70,,292196,3,0,10,1,31,,292226,3,0,10,1,72,,292203,3,0,10,1,73,,292197,3,0,10,1,29,,292227,3,0,10,1,26,,292204,3,0,10,1
35602,'H56S000A-80-A',2502,,346236,4,0,10,2,18,,346225,4,0,10,1,15,,346232,4,0,10,1,14,,346226,4,0,10,1,54,,346227,4,0,10,2,12,,346231,4,0,10,1,12,,346224,4,0,10,1,13,,346238,4,0,10,1,13,,346230,4,0,10,1,53,,346228,4,0,10,1,13,,346229,4,0,10,1,13,,346234,4,0,10,2,13,,346233,4,0,10,2,13,,346237,4,0,10,2,53,,346235,4,0,10,1
35602,'H56S000I-80-I',2502,,346239,4,0,10,1,45,,346242,4,0,10,1,86,,346241,4,0,10,1,88,,346240,4,0,10,1,81,,346243,4,0,10,2
35602,'H56S000S-82-S',2456,,346244,4,0,10,1,86,,346249,4,0,10,2,85,,346248,4,0,10,1,27,,346246,4,0,10,2,65,,346245,4,0,10,1,25,,346247,4,0,10,2,65,,346250,4,0,10,1
35602,'H56S100F-80-F1',2502,,346251,4,0,10,1,45,,346254,4,0,10,1,86,,346253,4,0,10,1,88,,346252,4,0,10,1,81,,346255,4,0,10,2
35602,'H56S200F-80-F2',2502,,346256,4,0,10,1,45,,346259,4,0,10,1,86,,346258,4,0,10,1,88,,346257,4,0,10,1,81,,346260,4,0,10,2
