10302,'H50S000A-82-A',550,,315684,2,0,10,2,70,,315643,2,0,10,1,29,,315685,2,0,10,2,69,,315644,2,0,10,1,29,,315686,2,0,10,2,71,,315645,2,0,10,1,31,,315687,2,0,10,2,56,,315659,2,0,10,1,15,,315646,2,0,10,1,30,,315688,2,0,10,2,68,,315647,2,0,10,1,15,,315660,2,0,10,1,20,,315690,2,0,10,1,65,,315648,2,0,10,1,29,,315689,2,0,10,2,68,,315649,2,0,10,1,24,,315693,2,0,10,2,63,,315661,2,0,10,1,23,,315650,2,0,10,1,23,,315694,2,0,10,2,63,,315662,2,0,10,1,20,,315651,2,0,10,1,17,,315695,2,0,10,2,55,,315653,2,0,10,1,12,,315673,2,0,10,1,12,,315663,2,0,10,1,12,,315652,2,0,10,1,13,,315654,2,0,10,1,53,,315696,2,0,10,2,13,,315674,2,0,10,1,15,,315664,2,0,10,1,14,,315641,2,0,10,1,54,,315655,2,0,10,1,15,,315675,2,0,10,1,16,,315642,2,0,10,1,14,,315691,2,0,10,1,56,,315656,2,0,10,1,17,,315676,2,0,10,1,17,,315665,2,0,10,1,17,,315692,2,0,10,1,58,,315657,2,0,10,1,21,,315666,2,0,10,1,21,,315677,2,0,10,2,61,,315658,2,0,10,1,26,,315667,2,0,10,1,68,,315678,2,0,10,2,28,,315668,2,0,10,1,68,,315679,2,0,10,2,29,,315669,2,0,10,1,68,,315680,2,0,10,2,29,,315670,2,0,10,1,29,,315681,2,0,10,2,68,,315671,2,0,10,1,28,,315682,2,0,10,2,68,,315672,2,0,10,1,28,,315683,2,0,10,2
10302,'H50S000I-82-I',615,,315742,2,0,10,1,30,,315715,2,0,10,2,70,,315743,2,0,10,1,31,,315716,2,0,10,2,70,,315744,2,0,10,1,29,,315717,2,0,10,2,70,,315698,2,0,10,1,30,,315739,2,0,10,1,73,,315699,2,0,10,1,28,,315718,2,0,10,2,72,,315700,2,0,10,1,30,,315719,2,0,10,2,72,,315701,2,0,10,1,24,,315720,2,0,10,2,62,,315726,2,0,10,1,21,,315702,2,0,10,1,21,,315721,2,0,10,2,61,,315727,2,0,10,1,20,,315703,2,0,10,1,20,,315722,2,0,10,2,60,,315728,2,0,10,1,20,,315704,2,0,10,1,20,,315723,2,0,10,2,58,,315729,2,0,10,1,18,,315705,2,0,10,1,20,,315724,2,0,10,2,60,,315741,2,0,10,1,16,,315730,2,0,10,1,15,,315706,2,0,10,1,15,,315740,2,0,10,2,55,,315731,2,0,10,1,15,,315697,2,0,10,1,15,,315707,2,0,10,1,16,,315725,2,0,10,2,60,,315732,2,0,10,1,26,,315708,2,0,10,1,68,,315733,2,0,10,1,28,,315709,2,0,10,1,68,,315734,2,0,10,1,29,,315710,2,0,10,1,69,,315735,2,0,10,1,29,,315711,2,0,10,1,28,,315736,2,0,10,1,69,,315712,2,0,10,1,29,,315737,2,0,10,1,68,,315713,2,0,10,1,29,,315738,2,0,10,1,69,,315714,2,0,10,1
10302,'H50S000S-82-S',545,,315747,2,0,10,1,69,,315760,2,0,10,1,10,,315818,2,0,10,2,21,,315748,2,0,10,1,71,,315819,2,0,10,2,31,,315749,2,0,10,1,72,,315759,2,0,10,1,29,,315750,2,0,10,1,70,,315761,2,0,10,1,29,,315751,2,0,10,1,12,,315767,2,0,10,2,55,,315762,2,0,10,1,15,,315782,2,0,10,1,14,,315752,2,0,10,1,14,,315768,2,0,10,2,54,,315763,2,0,10,1,14,,315783,2,0,10,1,14,,315753,2,0,10,1,61,,315769,2,0,10,2,23,,315784,2,0,10,1,19,,315754,2,0,10,1,17,,315764,2,0,10,1,57,,315770,2,0,10,2,16,,315785,2,0,10,1,17,,315755,2,0,10,1,55,,315765,2,0,10,1,15,,315771,2,0,10,2,15,,315786,2,0,10,1,13,,315756,2,0,10,1,11,,315773,2,0,10,2,51,,315766,2,0,10,1,9,,315776,2,0,10,2,8,,315772,2,0,10,2,7,,315793,2,0,10,1,7,,315787,2,0,10,1,13,,315813,2,0,10,1,6,,315757,2,0,10,1,45,,315774,2,0,10,2,5,,315790,2,0,10,2,5,,315779,2,0,10,1,6,,315777,2,0,10,2,6,,315794,2,0,10,1,20,,315788,2,0,10,1,5,,315758,2,0,10,1,5,,315775,2,0,10,2,46,,315791,2,0,10,2,6,,315814,2,0,10,1,5,,315780,2,0,10,1,5,,315795,2,0,10,1,6,,315778,2,0,10,2,12,,315745,2,0,10,2,5,,315804,2,0,10,1,6,,315789,2,0,10,1,7,,315792,2,0,10,2,48,,315815,2,0,10,1,8,,315796,2,0,10,1,8,,315781,2,0,10,1,11,,315746,2,0,10,2,12,,315805,2,0,10,1,12,,315816,2,0,10,1,54,,315797,2,0,10,1,15,,315820,2,0,10,1,15,,315806,2,0,10,1,16,,315817,2,0,10,1,57,,315798,2,0,10,1,21,,315807,2,0,10,1,79,,315799,2,0,10,1,25,,315808,2,0,10,1,68,,315800,2,0,10,1,28,,315809,2,0,10,1,28,,315801,2,0,10,1,68,,315810,2,0,10,1,28,,315802,2,0,10,1,68,,315811,2,0,10,1,29,,315803,2,0,10,1,70,,315812,2,0,10,1
10302,'H50S100F-80-F1',615,,315866,2,0,10,1,30,,315839,2,0,10,2,70,,315867,2,0,10,1,31,,315840,2,0,10,2,70,,315868,2,0,10,1,29,,315841,2,0,10,2,70,,315822,2,0,10,1,30,,315863,2,0,10,1,73,,315823,2,0,10,1,28,,315842,2,0,10,2,72,,315824,2,0,10,1,30,,315843,2,0,10,2,72,,315825,2,0,10,1,24,,315844,2,0,10,2,62,,315850,2,0,10,1,21,,315826,2,0,10,1,21,,315845,2,0,10,2,61,,315851,2,0,10,1,20,,315827,2,0,10,1,20,,315846,2,0,10,2,60,,315852,2,0,10,1,20,,315828,2,0,10,1,20,,315847,2,0,10,2,58,,315853,2,0,10,1,18,,315829,2,0,10,1,20,,315848,2,0,10,2,60,,315865,2,0,10,1,16,,315854,2,0,10,1,15,,315830,2,0,10,1,15,,315864,2,0,10,2,55,,315855,2,0,10,1,15,,315821,2,0,10,1,15,,315831,2,0,10,1,16,,315849,2,0,10,2,60,,315856,2,0,10,1,26,,315832,2,0,10,1,68,,315857,2,0,10,1,28,,315833,2,0,10,1,68,,315858,2,0,10,1,29,,315834,2,0,10,1,69,,315859,2,0,10,1,29,,315835,2,0,10,1,28,,315860,2,0,10,1,69,,315836,2,0,10,1,29,,315861,2,0,10,1,68,,315837,2,0,10,1,29,,315862,2,0,10,1,69,,315838,2,0,10,1
10302,'H50S200F-80-F2',615,,315914,2,0,10,1,30,,315887,2,0,10,2,70,,315915,2,0,10,1,31,,315888,2,0,10,2,70,,315916,2,0,10,1,29,,315889,2,0,10,2,70,,315870,2,0,10,1,30,,315911,2,0,10,1,73,,315871,2,0,10,1,28,,315890,2,0,10,2,72,,315872,2,0,10,1,30,,315891,2,0,10,2,72,,315873,2,0,10,1,24,,315892,2,0,10,2,62,,315898,2,0,10,1,21,,315874,2,0,10,1,21,,315893,2,0,10,2,61,,315899,2,0,10,1,20,,315875,2,0,10,1,20,,315894,2,0,10,2,60,,315900,2,0,10,1,20,,315876,2,0,10,1,20,,315895,2,0,10,2,58,,315901,2,0,10,1,18,,315877,2,0,10,1,20,,315896,2,0,10,2,60,,315913,2,0,10,1,16,,315902,2,0,10,1,15,,315878,2,0,10,1,15,,315912,2,0,10,2,55,,315903,2,0,10,1,15,,315869,2,0,10,1,15,,315879,2,0,10,1,16,,315897,2,0,10,2,60,,315904,2,0,10,1,26,,315880,2,0,10,1,68,,315905,2,0,10,1,28,,315881,2,0,10,1,68,,315906,2,0,10,1,29,,315882,2,0,10,1,69,,315907,2,0,10,1,29,,315883,2,0,10,1,28,,315908,2,0,10,1,69,,315884,2,0,10,1,29,,315909,2,0,10,1,68,,315885,2,0,10,1,29,,315910,2,0,10,1,69,,315886,2,0,10,1
10302,'H56S000S-82-S',1632,,315917,2,0,10,1,98,,315918,2,0,10,1
10302,'H57S000S-80-S',2050,,315919,2,0,10,1
10302,'H59S000S-80-S',1547,,315920,2,0,10,2,92,,315921,2,0,10,2
16202,'H50S000A-82-A',601,,329480,2,0,10,2,27,,329481,2,0,10,1,31,,329491,2,0,10,1,71,,329482,2,0,10,1,72,,329492,2,0,10,1,33,,329483,2,0,10,1,73,,329493,2,0,10,1,30,,329511,2,0,10,2,70,,329484,2,0,10,1,29,,329494,2,0,10,1,68,,329512,2,0,10,2,28,,329485,2,0,10,1,68,,329507,2,0,10,1,30,,329495,2,0,10,1,70,,329486,2,0,10,2,30,,329508,2,0,10,1,70,,329496,2,0,10,1,31,,329487,2,0,10,2,70,,329509,2,0,10,1,30,,329497,2,0,10,1,69,,329488,2,0,10,2,29,,329510,2,0,10,1,70,,329498,2,0,10,1,29,,329489,2,0,10,2,29,,329513,2,0,10,2,69,,329499,2,0,10,1,30,,329490,2,0,10,2,71,,329514,2,0,10,2,72,,329500,2,0,10,1,33,,329515,2,0,10,2,70,,329501,2,0,10,1,31,,329516,2,0,10,2,70,,329502,2,0,10,1,31,,329517,2,0,10,2,70,,329503,2,0,10,1,31,,329518,2,0,10,2,69,,329504,2,0,10,1,30,,329519,2,0,10,2,68,,329505,2,0,10,1,29,,329520,2,0,10,2,69,,329506,2,0,10,1
16202,'H50S000I-82-I',601,,329521,2,0,10,1,29,,329526,2,0,10,2,73,,329522,2,0,10,1,32,,329527,2,0,10,2,71,,329523,2,0,10,1,28,,329532,2,0,10,1,70,,329528,2,0,10,2,32,,329524,2,0,10,2,70,,329558,2,0,10,1,33,,329533,2,0,10,1,70,,329529,2,0,10,2,31,,329538,2,0,10,2,71,,329534,2,0,10,1,31,,329530,2,0,10,2,71,,329539,2,0,10,2,31,,329535,2,0,10,1,72,,329531,2,0,10,2,32,,329540,2,0,10,2,73,,329536,2,0,10,1,33,,329549,2,0,10,1,73,,329541,2,0,10,2,31,,329537,2,0,10,1,73,,329525,2,0,10,2,72,,329550,2,0,10,1,33,,329542,2,0,10,2,73,,329551,2,0,10,1,33,,329543,2,0,10,2,73,,329552,2,0,10,1,33,,329544,2,0,10,2,73,,329553,2,0,10,1,32,,329545,2,0,10,2,72,,329554,2,0,10,1,32,,329546,2,0,10,2,71,,329555,2,0,10,1,31,,329547,2,0,10,2,71,,329556,2,0,10,1,71,,329548,2,0,10,2,30,,329557,2,0,10,1
16202,'H50S000S-82-S',617,,329559,2,0,10,1,31,,329590,2,0,10,2,70,,329563,2,0,10,1,30,,329577,2,0,10,2,71,,329591,2,0,10,1,32,,329564,2,0,10,1,71,,329578,2,0,10,2,31,,329592,2,0,10,1,72,,329565,2,0,10,1,32,,329579,2,0,10,2,70,,329593,2,0,10,1,30,,329566,2,0,10,1,70,,329580,2,0,10,2,30,,329594,2,0,10,1,70,,329567,2,0,10,1,30,,329581,2,0,10,2,71,,329595,2,0,10,1,31,,329568,2,0,10,1,70,,329582,2,0,10,2,30,,329596,2,0,10,1,70,,329560,2,0,10,1,30,,329569,2,0,10,1,70,,329583,2,0,10,2,29,,329597,2,0,10,1,70,,329570,2,0,10,1,31,,329584,2,0,10,2,70,,329561,2,0,10,1,30,,329571,2,0,10,1,70,,329585,2,0,10,2,30,,329562,2,0,10,1,71,,329572,2,0,10,1,71,,329586,2,0,10,2,33,,329573,2,0,10,1,70,,329587,2,0,10,2,30,,329574,2,0,10,1,69,,329588,2,0,10,2,29,,329575,2,0,10,1,69,,329589,2,0,10,2,30,,329576,2,0,10,1
16202,'H50S100F-80-F1',601,,329598,2,0,10,1,29,,329603,2,0,10,2,73,,329599,2,0,10,1,32,,329604,2,0,10,2,71,,329600,2,0,10,1,28,,329609,2,0,10,1,70,,329605,2,0,10,2,32,,329601,2,0,10,2,70,,329635,2,0,10,1,33,,329610,2,0,10,1,70,,329606,2,0,10,2,31,,329615,2,0,10,2,71,,329611,2,0,10,1,31,,329607,2,0,10,2,71,,329616,2,0,10,2,31,,329612,2,0,10,1,72,,329608,2,0,10,2,32,,329617,2,0,10,2,73,,329613,2,0,10,1,33,,329626,2,0,10,1,73,,329618,2,0,10,2,31,,329614,2,0,10,1,73,,329602,2,0,10,2,72,,329627,2,0,10,1,33,,329619,2,0,10,2,73,,329628,2,0,10,1,33,,329620,2,0,10,2,73,,329629,2,0,10,1,33,,329621,2,0,10,2,73,,329630,2,0,10,1,32,,329622,2,0,10,2,72,,329631,2,0,10,1,32,,329623,2,0,10,2,71,,329632,2,0,10,1,31,,329624,2,0,10,2,71,,329633,2,0,10,1,71,,329625,2,0,10,2,30,,329634,2,0,10,1
16202,'H50S200F-80-F2',601,,329636,2,0,10,1,29,,329641,2,0,10,2,73,,329637,2,0,10,1,32,,329642,2,0,10,2,71,,329638,2,0,10,1,28,,329647,2,0,10,1,70,,329643,2,0,10,2,32,,329639,2,0,10,2,70,,329673,2,0,10,1,33,,329648,2,0,10,1,70,,329644,2,0,10,2,31,,329653,2,0,10,2,71,,329649,2,0,10,1,31,,329645,2,0,10,2,71,,329654,2,0,10,2,31,,329650,2,0,10,1,72,,329646,2,0,10,2,32,,329655,2,0,10,2,73,,329651,2,0,10,1,33,,329664,2,0,10,1,73,,329656,2,0,10,2,31,,329652,2,0,10,1,73,,329640,2,0,10,2,72,,329665,2,0,10,1,33,,329657,2,0,10,2,73,,329666,2,0,10,1,33,,329658,2,0,10,2,73,,329667,2,0,10,1,33,,329659,2,0,10,2,73,,329668,2,0,10,1,32,,329660,2,0,10,2,72,,329669,2,0,10,1,32,,329661,2,0,10,2,71,,329670,2,0,10,1,31,,329662,2,0,10,2,71,,329671,2,0,10,1,71,,329663,2,0,10,2,30,,329672,2,0,10,1
