9302,'H50S000A-82-A',519,,312522,16,0,10,1,28,,312553,16,0,10,2,70,,312523,16,0,10,1,30,,312554,16,0,10,2,71,,312524,16,0,10,1,31,,312514,16,0,10,1,72,,312525,16,0,10,1,30,,312515,16,0,10,1,71,,312526,16,0,10,1,30,,312516,16,0,10,1,72,,312527,16,0,10,1,32,,312517,16,0,10,1,71,,312528,16,0,10,1,31,,312518,16,0,10,1,73,,312529,16,0,10,1,73,,312519,16,0,10,1,33,,312530,16,0,10,1,73,,312520,16,0,10,1,33,,312531,16,0,10,1,72,,312521,16,0,10,1,26,,312532,16,0,10,1,73,,312543,16,0,10,2,32,,312533,16,0,10,1,71,,312544,16,0,10,2,31,,312534,16,0,10,1,69,,312545,16,0,10,2,30,,312535,16,0,10,1,69,,312546,16,0,10,2,30,,312536,16,0,10,1,70,,312547,16,0,10,2,29,,312537,16,0,10,1,67,,312548,16,0,10,2,29,,312538,16,0,10,1,70,,312549,16,0,10,2,30,,312539,16,0,10,1,70,,312550,16,0,10,2,29,,312540,16,0,10,1,70,,312551,16,0,10,2,30,,312541,16,0,10,1,70,,312552,16,0,10,2,32,,312542,16,0,10,1
9302,'H50S000I-82-I',516,,312556,16,0,10,1,29,,312555,16,0,10,2,69,,312557,16,0,10,1,31,,312577,16,0,10,2,70,,312558,16,0,10,1,30,,312578,16,0,10,2,70,,312559,16,0,10,1,33,,312579,16,0,10,2,70,,312560,16,0,10,1,30,,312580,16,0,10,2,71,,312561,16,0,10,1,30,,312581,16,0,10,2,70,,312562,16,0,10,1,30,,312582,16,0,10,2,70,,312563,16,0,10,1,30,,312583,16,0,10,2,70,,312564,16,0,10,1,32,,312584,16,0,10,2,70,,312565,16,0,10,1,30,,312585,16,0,10,2,70,,312566,16,0,10,1,30,,312586,16,0,10,2,72,,312567,16,0,10,1,29,,312587,16,0,10,2,70,,312568,16,0,10,1,29,,312588,16,0,10,2,70,,312569,16,0,10,1,29,,312589,16,0,10,2,69,,312570,16,0,10,1,30,,312590,16,0,10,2,70,,312571,16,0,10,1,30,,312591,16,0,10,2,70,,312572,16,0,10,1,29,,312592,16,0,10,2,70,,312573,16,0,10,1,28,,312593,16,0,10,2,70,,312574,16,0,10,1,29,,312594,16,0,10,2,70,,312575,16,0,10,1,30,,312595,16,0,10,2,70,,312576,16,0,10,1,29,,312596,16,0,10,2
9302,'H50S000S-82-S',518,,312597,16,0,10,2,31,,312621,16,0,10,1,71,,312598,16,0,10,2,33,,312622,16,0,10,1,73,,312599,16,0,10,2,30,,312623,16,0,10,1,70,,312600,16,0,10,2,30,,312624,16,0,10,1,71,,312601,16,0,10,2,30,,312625,16,0,10,1,70,,312602,16,0,10,2,29,,312626,16,0,10,1,71,,312603,16,0,10,2,30,,312627,16,0,10,1,71,,312604,16,0,10,2,31,,312628,16,0,10,1,71,,312605,16,0,10,2,75,,312629,16,0,10,1,32,,312606,16,0,10,2,73,,312630,16,0,10,1,33,,312607,16,0,10,2,73,,312610,16,0,10,2,34,,312608,16,0,10,1,72,,312612,16,0,10,1,29,,312611,16,0,10,2,72,,312609,16,0,10,1,29,,312613,16,0,10,1,69,,312631,16,0,10,2,29,,312614,16,0,10,1,68,,312632,16,0,10,2,30,,312615,16,0,10,1,70,,312633,16,0,10,2,30,,312616,16,0,10,1,70,,312634,16,0,10,2,28,,312617,16,0,10,1,69,,312635,16,0,10,2,29,,312618,16,0,10,1,69,,312636,16,0,10,2,28,,312619,16,0,10,1,72,,312637,16,0,10,2,31,,312620,16,0,10,1
9302,'H50S100F-80-F1',516,,312639,16,0,10,1,29,,312638,16,0,10,2,69,,312640,16,0,10,1,31,,312660,16,0,10,2,70,,312641,16,0,10,1,30,,312661,16,0,10,2,70,,312642,16,0,10,1,33,,312662,16,0,10,2,70,,312643,16,0,10,1,30,,312663,16,0,10,2,71,,312644,16,0,10,1,30,,312664,16,0,10,2,70,,312645,16,0,10,1,30,,312665,16,0,10,2,70,,312646,16,0,10,1,30,,312666,16,0,10,2,70,,312647,16,0,10,1,32,,312667,16,0,10,2,70,,312648,16,0,10,1,30,,312668,16,0,10,2,70,,312649,16,0,10,1,30,,312669,16,0,10,2,72,,312650,16,0,10,1,29,,312670,16,0,10,2,70,,312651,16,0,10,1,29,,312671,16,0,10,2,70,,312652,16,0,10,1,29,,312672,16,0,10,2,69,,312653,16,0,10,1,30,,312673,16,0,10,2,70,,312654,16,0,10,1,30,,312674,16,0,10,2,70,,312655,16,0,10,1,29,,312675,16,0,10,2,70,,312656,16,0,10,1,28,,312676,16,0,10,2,70,,312657,16,0,10,1,29,,312677,16,0,10,2,70,,312658,16,0,10,1,30,,312678,16,0,10,2,70,,312659,16,0,10,1,29,,312679,16,0,10,2
9302,'H50S200F-80-F2',516,,312681,16,0,10,1,29,,312680,16,0,10,2,69,,312682,16,0,10,1,31,,312702,16,0,10,2,70,,312683,16,0,10,1,30,,312703,16,0,10,2,70,,312684,16,0,10,1,33,,312704,16,0,10,2,70,,312685,16,0,10,1,30,,312705,16,0,10,2,71,,312686,16,0,10,1,30,,312706,16,0,10,2,70,,312687,16,0,10,1,30,,312707,16,0,10,2,70,,312688,16,0,10,1,30,,312708,16,0,10,2,70,,312689,16,0,10,1,32,,312709,16,0,10,2,70,,312690,16,0,10,1,30,,312710,16,0,10,2,70,,312691,16,0,10,1,30,,312711,16,0,10,2,72,,312692,16,0,10,1,29,,312712,16,0,10,2,70,,312693,16,0,10,1,29,,312713,16,0,10,2,70,,312694,16,0,10,1,29,,312714,16,0,10,2,69,,312695,16,0,10,1,30,,312715,16,0,10,2,70,,312696,16,0,10,1,30,,312716,16,0,10,2,70,,312697,16,0,10,1,29,,312717,16,0,10,2,70,,312698,16,0,10,1,28,,312718,16,0,10,2,70,,312699,16,0,10,1,29,,312719,16,0,10,2,70,,312700,16,0,10,1,30,,312720,16,0,10,2,70,,312701,16,0,10,1,29,,312721,16,0,10,2
37202,'H54S000A-80-A',2622,,347183,71,0,10,1,90,,347182,71,0,10,1,44,,347184,71,0,10,1,84,,347185,71,0,10,1,90,,347181,71,0,10,2
37202,'H54S000I-80-I',2625,,347189,71,0,10,1,85,,347188,71,0,10,2,47,,347187,71,0,10,1,89,,347186,71,0,10,1,90,,347190,71,0,10,1
37202,'H54S000S-80-S',2603,,347194,71,0,10,2,39,,347193,71,0,10,2,78,,347191,71,0,10,1,84,,347196,71,0,10,2,45,,347192,71,0,10,1,89,,347195,71,0,10,2
37202,'H54S100F-80-F1',2625,,347200,71,0,10,1,85,,347199,71,0,10,2,47,,347198,71,0,10,1,89,,347197,71,0,10,1,90,,347201,71,0,10,1
37202,'H54S200F-80-F2',2625,,347205,71,0,10,1,85,,347204,71,0,10,2,47,,347203,71,0,10,1,89,,347202,71,0,10,1,90,,347206,71,0,10,1
