6801,'H60S000A-80-A',553,,306780,30,0,5,1,69,,306781,30,0,5,1,30,,306806,30,0,5,2,72,,306794,30,0,5,2,32,,306782,30,0,5,1,72,,306807,30,0,5,2,30,,306795,30,0,5,2,70,,306783,30,0,5,1,72,,306808,30,0,5,2,30,,306796,30,0,5,2,73,,306784,30,0,5,1,32,,306809,30,0,5,2,71,,306797,30,0,5,2,31,,306785,30,0,5,1,69,,306810,30,0,5,2,32,,306798,30,0,5,2,71,,306786,30,0,5,1,29,,306811,30,0,5,2,72,,306799,30,0,5,2,31,,306787,30,0,5,1,69,,306812,30,0,5,2,32,,306800,30,0,5,2,71,,306788,30,0,5,1,29,,306813,30,0,5,2,72,,306801,30,0,5,2,31,,306789,30,0,5,1,69,,306814,30,0,5,2,30,,306802,30,0,5,2,71,,306790,30,0,5,1,29,,306815,30,0,5,2,70,,306803,30,0,5,2,27,,306791,30,0,5,1,68,,306816,30,0,5,2,29,,306804,30,0,5,2,67,,306792,30,0,5,1,28,,306817,30,0,5,2,70,,306805,30,0,5,2,33,,306793,30,0,5,1,72,,306818,30,0,5,2,31,,306820,30,0,5,1,70,,306819,30,0,5,1
6801,'H60S000I-81-I',619,,306821,30,0,5,1,32,,306834,30,0,5,1,72,,306835,30,0,5,2,33,,306822,30,0,5,1,73,,306848,30,0,5,2,73,,306836,30,0,5,2,33,,306823,30,0,5,1,71,,306849,30,0,5,2,28,,306837,30,0,5,2,69,,306824,30,0,5,1,30,,306850,30,0,5,2,70,,306838,30,0,5,2,30,,306825,30,0,5,1,70,,306851,30,0,5,2,30,,306839,30,0,5,2,70,,306826,30,0,5,1,30,,306852,30,0,5,2,70,,306840,30,0,5,2,30,,306827,30,0,5,1,70,,306853,30,0,5,2,30,,306841,30,0,5,2,70,,306828,30,0,5,1,30,,306854,30,0,5,2,70,,306842,30,0,5,2,30,,306829,30,0,5,1,70,,306855,30,0,5,2,30,,306843,30,0,5,2,67,,306830,30,0,5,1,30,,306856,30,0,5,2,70,,306844,30,0,5,2,27,,306831,30,0,5,1,27,,306857,30,0,5,2,70,,306845,30,0,5,2,27,,306832,30,0,5,1,68,,306858,30,0,5,2,35,,306846,30,0,5,2,75,,306833,30,0,5,1,75,,306859,30,0,5,2,35,,306847,30,0,5,2
6801,'H60S000S-83-S',538,,306867,30,0,5,1,78,,306865,30,0,5,1,37,,306869,30,0,5,1,61,,306868,30,0,5,1,13,,306875,30,0,5,1,10,,306879,30,0,5,2,10,,306876,30,0,5,1,55,,306877,30,0,5,1,20,,306878,30,0,5,2,24,,306870,30,0,5,1,64,,306874,30,0,5,1,7,,306880,21,0,5,1,28,,306860,21,0,5,1,69,,306871,21,0,5,1,29,,306881,21,0,5,1,70,,306861,21,0,5,1,30,,306872,21,0,5,1,70,,306882,21,0,5,1,30,,306862,21,0,5,1,69,,306873,21,0,5,1,30,,306883,21,0,5,1,70,,306863,21,0,5,1,29,,306866,21,0,5,2,63,,306887,21,0,5,2,24,,306884,21,0,5,1,25,,306864,21,0,5,1,4,,306886,30,0,5,1,65,,306885,30,0,5,2,28,,306905,30,0,5,2,73,,306904,30,0,5,1,33,,306899,30,0,5,2,70,,306889,30,0,5,1,29,,306888,30,0,5,1,66,,306894,30,0,5,1,33,,306900,30,0,5,1,70,,306890,30,0,5,1,30,,306895,30,0,5,1,72,,306901,30,0,5,1,31,,306891,30,0,5,1,72,,306896,30,0,5,1,72,,306902,30,0,5,1,31,,306892,30,0,5,1,73,,306897,30,0,5,1,33,,306903,30,0,5,1,73,,306893,30,0,5,1,30,,306898,30,0,5,1
6801,'H60S100F-80-F1',619,,306906,30,0,5,1,32,,306932,30,0,5,1,72,,306919,30,0,5,2,33,,306907,30,0,5,1,73,,306933,30,0,5,1,73,,306920,30,0,5,2,33,,306908,30,0,5,1,71,,306934,30,0,5,1,28,,306921,30,0,5,2,69,,306909,30,0,5,1,30,,306935,30,0,5,1,70,,306922,30,0,5,2,30,,306910,30,0,5,1,70,,306936,30,0,5,1,30,,306923,30,0,5,2,70,,306911,30,0,5,1,30,,306937,30,0,5,1,70,,306924,30,0,5,2,30,,306912,30,0,5,1,70,,306938,30,0,5,1,30,,306925,30,0,5,2,70,,306913,30,0,5,1,30,,306939,30,0,5,1,70,,306926,30,0,5,2,30,,306914,30,0,5,1,70,,306940,30,0,5,1,30,,306927,30,0,5,2,67,,306915,30,0,5,1,30,,306941,30,0,5,1,70,,306928,30,0,5,2,27,,306916,30,0,5,1,27,,306942,30,0,5,1,70,,306929,30,0,5,2,27,,306917,30,0,5,1,68,,306943,30,0,5,1,35,,306930,30,0,5,2,75,,306918,30,0,5,1,75,,306944,30,0,5,1,35,,306931,30,0,5,2
6801,'H60S200F-80-F2',619,,306945,30,0,5,1,32,,306971,30,0,5,1,72,,306958,30,0,5,2,33,,306946,30,0,5,1,73,,306972,30,0,5,1,73,,306959,30,0,5,2,33,,306947,30,0,5,1,71,,306973,30,0,5,1,28,,306960,30,0,5,2,69,,306948,30,0,5,1,30,,306974,30,0,5,1,70,,306961,30,0,5,2,30,,306949,30,0,5,1,70,,306975,30,0,5,1,30,,306962,30,0,5,2,70,,306950,30,0,5,1,30,,306976,30,0,5,1,70,,306963,30,0,5,2,30,,306951,30,0,5,1,70,,306977,30,0,5,1,30,,306964,30,0,5,2,70,,306952,30,0,5,1,30,,306978,30,0,5,1,70,,306965,30,0,5,2,30,,306953,30,0,5,1,70,,306979,30,0,5,1,30,,306966,30,0,5,2,67,,306954,30,0,5,1,30,,306980,30,0,5,1,70,,306967,30,0,5,2,27,,306955,30,0,5,1,27,,306981,30,0,5,1,70,,306968,30,0,5,2,27,,306956,30,0,5,1,68,,306982,30,0,5,1,35,,306969,30,0,5,2,75,,306957,30,0,5,1,75,,306983,30,0,5,1,35,,306970,30,0,5,2
37601,'H60S000A-80-A',2448,,347209,7,0,5,1,85,,347207,7,0,5,1,85,,347211,7,0,5,1,85,,347208,7,0,5,1,45,,347210,7,0,5,1
37601,'H60S000I-81-I',2448,,347215,7,0,5,1,85,,347212,7,0,5,1,85,,347214,7,0,5,1,85,,347213,7,0,5,1,45,,347216,7,0,5,1
37601,'H60S000S-83-S',2448,,347220,7,0,5,1,85,,347217,7,0,5,2,85,,347219,7,0,5,1,85,,347218,7,0,5,1,44,,347221,7,0,5,1
37601,'H60S100F-80-F1',2448,,347223,7,0,5,1,85,,347225,7,0,5,1,85,,347222,7,0,5,1,85,,347226,7,0,5,1,45,,347224,7,0,5,1
37601,'H60S200F-80-F2',2448,,347228,7,0,5,1,85,,347230,7,0,5,1,85,,347227,7,0,5,1,85,,347231,7,0,5,1,45,,347229,7,0,5,1
46801,'H50S000S-82-S',1427,,349508,9,0,5,2,74,,349506,9,0,5,1,47,,349507,9,0,5,1
46801,'H60S000A-80-A',606,,349509,9,0,5,1,31,,349516,9,0,5,2,72,,349530,9,0,5,1,29,,349523,9,0,5,2,73,,349510,9,0,5,1,31,,349517,9,0,5,2,70,,349531,9,0,5,1,30,,349524,9,0,5,2,73,,349511,9,0,5,1,33,,349518,9,0,5,2,71,,349532,9,0,5,1,30,,349525,9,0,5,2,72,,349512,9,0,5,1,33,,349519,9,0,5,2,72,,349533,9,0,5,1,31,,349526,9,0,5,2,73,,349513,9,0,5,1,72,,349520,9,0,5,2,32,,349534,9,0,5,1,73,,349527,9,0,5,2,33,,349514,9,0,5,1,71,,349521,9,0,5,2,31,,349535,9,0,5,1,73,,349528,9,0,5,2,33,,349515,9,0,5,1,71,,349522,9,0,5,2,30,,349536,9,0,5,1,72,,349529,9,0,5,2
46801,'H60S000I-81-I',609,,349537,9,0,5,1,30,,349544,9,0,5,2,70,,349558,9,0,5,1,33,,349551,9,0,5,2,70,,349538,9,0,5,1,30,,349545,9,0,5,2,70,,349559,9,0,5,1,33,,349552,9,0,5,2,71,,349539,9,0,5,1,32,,349546,9,0,5,2,71,,349560,9,0,5,1,32,,349553,9,0,5,2,71,,349540,9,0,5,1,32,,349547,9,0,5,2,71,,349561,9,0,5,1,32,,349554,9,0,5,2,73,,349541,9,0,5,1,73,,349548,9,0,5,2,31,,349562,9,0,5,1,72,,349555,9,0,5,2,33,,349542,9,0,5,1,72,,349549,9,0,5,2,31,,349563,9,0,5,1,71,,349556,9,0,5,2,33,,349543,9,0,5,1,72,,349550,9,0,5,2,31,,349564,9,0,5,1,70,,349557,9,0,5,2
46801,'H60S000S-83-S',529,,349566,9,0,5,1,20,,349568,9,0,5,2,55,,349574,9,0,5,2,13,,349576,9,0,5,1,13,,349581,9,0,5,2,13,,349591,9,0,5,2,13,,349594,9,0,5,2,53,,349570,9,0,5,1,15,,349567,9,0,5,1,12,,349583,9,0,5,1,12,,349569,9,0,5,2,10,,349592,9,0,5,1,50,,349575,9,0,5,2,11,,349577,9,0,5,1,12,,349582,9,0,5,2,14,,349598,9,0,5,2,58,,349595,9,0,5,2,18,,349571,9,0,5,1,20,,349584,9,0,5,1,60,,349593,9,0,5,1,22,,349578,9,0,5,1,26,,349599,9,0,5,2,70,,349572,9,0,5,1,31,,349585,9,0,5,1,71,,349579,9,0,5,1,31,,349600,9,0,5,2,69,,349573,9,0,5,1,27,,349586,9,0,5,1,62,,349603,9,0,5,2,34,,349580,9,0,5,1,73,,349601,9,0,5,2,17,,349565,9,0,5,2,66,,349610,9,0,5,1,12,,349587,9,0,5,1,14,,349605,9,0,5,2,9,,349604,9,0,5,2,9,,349612,9,0,5,1,11,,349611,9,0,5,1,58,,349606,9,0,5,2,22,,349602,9,0,5,2,66,,349609,9,0,5,2,29,,349588,9,0,5,1,72,,349613,9,0,5,1,31,,349607,9,0,5,2,70,,349596,9,0,5,1,30,,349589,9,0,5,1,69,,349614,9,0,5,1,30,,349608,9,0,5,2,69,,349597,9,0,5,1,29,,349590,9,0,5,1
46801,'H60S100F-80-F1',609,,349615,9,0,5,2,30,,349622,9,0,5,1,70,,349636,9,0,5,2,33,,349629,9,0,5,1,70,,349616,9,0,5,2,30,,349623,9,0,5,1,70,,349637,9,0,5,2,33,,349630,9,0,5,1,71,,349617,9,0,5,2,32,,349624,9,0,5,1,71,,349638,9,0,5,2,32,,349631,9,0,5,1,71,,349618,9,0,5,2,32,,349625,9,0,5,1,71,,349639,9,0,5,2,32,,349632,9,0,5,1,73,,349619,9,0,5,2,73,,349626,9,0,5,1,31,,349640,9,0,5,2,72,,349633,9,0,5,1,33,,349620,9,0,5,2,72,,349627,9,0,5,1,31,,349641,9,0,5,2,71,,349634,9,0,5,1,33,,349621,9,0,5,2,72,,349628,9,0,5,1,31,,349642,9,0,5,2,70,,349635,9,0,5,1
46801,'H60S200F-80-F2',609,,349643,9,0,5,2,30,,349650,9,0,5,1,70,,349664,9,0,5,2,33,,349657,9,0,5,1,70,,349644,9,0,5,2,30,,349651,9,0,5,1,70,,349665,9,0,5,2,33,,349658,9,0,5,1,71,,349645,9,0,5,2,32,,349652,9,0,5,1,71,,349666,9,0,5,2,32,,349659,9,0,5,1,71,,349646,9,0,5,2,32,,349653,9,0,5,1,71,,349667,9,0,5,2,32,,349660,9,0,5,1,73,,349647,9,0,5,2,73,,349654,9,0,5,1,31,,349668,9,0,5,2,72,,349661,9,0,5,1,33,,349648,9,0,5,2,72,,349655,9,0,5,1,31,,349669,9,0,5,2,71,,349662,9,0,5,1,33,,349649,9,0,5,2,72,,349656,9,0,5,1,31,,349670,9,0,5,2,70,,349663,9,0,5,1
47001,'H50S000A-82-A',614,,349987,10,0,5,2,29,,349979,10,0,5,1,69,,349995,10,0,5,2,29,,350003,10,0,5,1,69,,349988,10,0,5,2,30,,349980,10,0,5,1,69,,349996,10,0,5,2,30,,350004,10,0,5,1,70,,349989,10,0,5,2,31,,349981,10,0,5,1,70,,349997,10,0,5,2,30,,350005,10,0,5,1,70,,349990,10,0,5,2,30,,349982,10,0,5,1,71,,349998,10,0,5,2,31,,350006,10,0,5,1,71,,349991,10,0,5,2,31,,349983,10,0,5,1,71,,349999,10,0,5,2,31,,350007,10,0,5,1,71,,349992,10,0,5,2,31,,349984,10,0,5,1,71,,350000,10,0,5,2,30,,350008,10,0,5,1,70,,349993,10,0,5,2,30,,349985,10,0,5,1,69,,350001,10,0,5,2,29,,350009,10,0,5,1,69,,349994,10,0,5,2,30,,349986,10,0,5,1,71,,350002,10,0,5,2,32,,350010,10,0,5,1
47001,'H50S000I-82-I',616,,350011,10,0,5,2,29,,350035,10,0,5,1,69,,350019,10,0,5,2,30,,350027,10,0,5,1,70,,350012,10,0,5,2,30,,350036,10,0,5,1,70,,350020,10,0,5,2,30,,350028,10,0,5,1,70,,350013,10,0,5,2,30,,350037,10,0,5,1,69,,350021,10,0,5,2,29,,350029,10,0,5,1,69,,350014,10,0,5,2,30,,350038,10,0,5,1,70,,350022,10,0,5,2,30,,350030,10,0,5,1,70,,350015,10,0,5,2,30,,350039,10,0,5,1,70,,350023,10,0,5,2,31,,350031,10,0,5,1,71,,350016,10,0,5,2,31,,350040,10,0,5,1,71,,350024,10,0,5,2,30,,350032,10,0,5,1,70,,350017,10,0,5,2,30,,350041,10,0,5,1,70,,350025,10,0,5,2,30,,350033,10,0,5,1,69,,350018,10,0,5,2,30,,350042,10,0,5,1,72,,350026,10,0,5,2,33,,350034,10,0,5,1
47001,'H50S000S-82-S',444,,350046,10,0,5,1,70,,350049,10,0,5,2,31,,350082,10,0,5,2,65,,350058,10,0,5,2,20,,350047,10,0,5,1,11,,350074,10,0,5,1,62,,350050,10,0,5,2,22,,350066,10,0,5,1,11,,350083,10,0,5,2,23,,350084,10,0,5,1,52,,350059,10,0,5,2,24,,350048,10,0,5,1,11,,350075,10,0,5,1,75,,350051,10,0,5,2,12,,350067,10,0,5,1,21,,350044,10,0,5,1,63,,350060,10,0,5,2,26,,350076,10,0,5,1,67,,350052,10,0,5,2,28,,350068,10,0,5,1,68,,350061,10,0,5,2,30,,350077,10,0,5,1,70,,350053,10,0,5,2,30,,350069,10,0,5,1,69,,350062,10,0,5,2,32,,350078,10,0,5,1,63,,350085,10,0,5,1,18,,350054,10,0,5,2,16,,350070,10,0,5,1,16,,350043,10,0,5,1,56,,350063,10,0,5,2,18,,350045,10,0,5,1,18,,350079,10,0,5,1,61,,350086,10,0,5,1,19,,350055,10,0,5,2,27,,350071,10,0,5,1,71,,350064,10,0,5,2,31,,350080,10,0,5,1,70,,350056,10,0,5,2,28,,350072,10,0,5,1,69,,350065,10,0,5,2,29,,350081,10,0,5,1,69,,350057,10,0,5,2,31,,350073,10,0,5,1
47001,'H50S100F-80-F1',616,,350087,10,0,5,2,29,,350111,10,0,5,1,69,,350095,10,0,5,2,30,,350103,10,0,5,1,70,,350088,10,0,5,2,30,,350112,10,0,5,1,70,,350096,10,0,5,2,30,,350104,10,0,5,1,70,,350089,10,0,5,2,30,,350113,10,0,5,1,69,,350097,10,0,5,2,29,,350105,10,0,5,1,69,,350090,10,0,5,2,30,,350114,10,0,5,1,70,,350098,10,0,5,2,30,,350106,10,0,5,1,70,,350091,10,0,5,2,30,,350115,10,0,5,1,70,,350099,10,0,5,2,31,,350107,10,0,5,1,71,,350092,10,0,5,2,31,,350116,10,0,5,1,71,,350100,10,0,5,2,30,,350108,10,0,5,1,70,,350093,10,0,5,2,30,,350117,10,0,5,1,70,,350101,10,0,5,2,30,,350109,10,0,5,1,69,,350094,10,0,5,2,30,,350118,10,0,5,1,72,,350102,10,0,5,2,33,,350110,10,0,5,1
47001,'H50S200F-80-F2',616,,350119,10,0,5,2,29,,350143,10,0,5,1,69,,350127,10,0,5,2,30,,350135,10,0,5,1,70,,350120,10,0,5,2,30,,350144,10,0,5,1,70,,350128,10,0,5,2,30,,350136,10,0,5,1,70,,350121,10,0,5,2,30,,350145,10,0,5,1,69,,350129,10,0,5,2,29,,350137,10,0,5,1,69,,350122,10,0,5,2,30,,350146,10,0,5,1,70,,350130,10,0,5,2,30,,350138,10,0,5,1,70,,350123,10,0,5,2,30,,350147,10,0,5,1,70,,350131,10,0,5,2,31,,350139,10,0,5,1,71,,350124,10,0,5,2,31,,350148,10,0,5,1,71,,350132,10,0,5,2,30,,350140,10,0,5,1,70,,350125,10,0,5,2,30,,350149,10,0,5,1,70,,350133,10,0,5,2,30,,350141,10,0,5,1,69,,350126,10,0,5,2,30,,350150,10,0,5,1,72,,350134,10,0,5,2,33,,350142,10,0,5,1
47001,'H58S000S-83-S',715,,350151,10,0,5,2
47001,'H60S000S-83-S',652,,350156,10,0,5,2,95,,350155,10,0,5,2,76,,350154,10,0,5,2,35,,350152,10,0,5,1,52,,350153,10,0,5,1
