6801,'H60S000A-80-A',546,,306780,20,0,5,1,69,,306781,20,0,5,1,30,,306806,20,0,5,2,72,,306794,20,0,5,2,32,,306782,20,0,5,1,72,,306807,20,0,5,2,30,,306795,20,0,5,2,70,,306783,20,0,5,1,32,,306808,20,0,5,2,70,,306796,20,0,5,2,33,,306784,20,0,5,1,72,,306809,20,0,5,2,31,,306797,20,0,5,2,71,,306785,20,0,5,1,29,,306810,20,0,5,2,72,,306798,20,0,5,2,71,,306786,20,0,5,1,29,,306811,20,0,5,2,72,,306799,20,0,5,2,31,,306787,20,0,5,1,69,,306812,20,0,5,2,32,,306800,20,0,5,2,71,,306788,20,0,5,1,29,,306813,20,0,5,2,72,,306801,20,0,5,2,31,,306789,20,0,5,1,69,,306814,20,0,5,2,30,,306802,20,0,5,2,71,,306790,20,0,5,1,29,,306815,20,0,5,2,70,,306803,20,0,5,2,27,,306791,20,0,5,1,68,,306816,20,0,5,2,29,,306804,20,0,5,2,27,,306792,20,0,5,1,68,,306817,20,0,5,2,30,,306805,20,0,5,2,73,,306793,20,0,5,1,72,,306818,20,0,5,2,31,,306820,20,0,5,1,70,,306819,20,0,5,1
6801,'H60S000I-81-I',612,,306821,20,0,5,1,32,,306834,20,0,5,1,72,,306835,20,0,5,2,33,,306822,20,0,5,1,73,,306848,20,0,5,2,33,,306836,20,0,5,2,73,,306823,20,0,5,1,31,,306849,20,0,5,2,68,,306837,20,0,5,2,29,,306824,20,0,5,1,70,,306850,20,0,5,2,30,,306838,20,0,5,2,70,,306825,20,0,5,1,30,,306851,20,0,5,2,70,,306839,20,0,5,2,30,,306826,20,0,5,1,70,,306852,20,0,5,2,30,,306840,20,0,5,2,70,,306827,20,0,5,1,30,,306853,20,0,5,2,70,,306841,20,0,5,2,30,,306828,20,0,5,1,70,,306854,20,0,5,2,30,,306842,20,0,5,2,70,,306829,20,0,5,1,30,,306855,20,0,5,2,70,,306843,20,0,5,2,27,,306830,20,0,5,1,70,,306856,20,0,5,2,30,,306844,20,0,5,2,67,,306831,20,0,5,1,27,,306857,20,0,5,2,70,,306845,20,0,5,2,27,,306832,20,0,5,1,68,,306858,20,0,5,2,35,,306846,20,0,5,2,75,,306833,20,0,5,1,35,,306859,20,0,5,2,75,,306847,20,0,5,2
6801,'H60S000S-83-S',531,,306867,20,0,5,1,77,,306865,20,0,5,1,37,,306869,20,0,5,1,61,,306868,20,0,5,1,13,,306875,20,0,5,1,10,,306879,20,0,5,2,10,,306876,20,0,5,1,15,,306877,20,0,5,1,60,,306878,20,0,5,2,24,,306870,20,0,5,1,64,,306874,20,0,5,1,7,,306880,11,0,5,1,28,,306860,11,0,5,1,69,,306871,11,0,5,1,29,,306881,11,0,5,1,70,,306861,11,0,5,1,30,,306872,11,0,5,1,70,,306882,11,0,5,1,30,,306862,11,0,5,1,69,,306873,11,0,5,1,30,,306883,11,0,5,1,70,,306863,11,0,5,1,29,,306866,11,0,5,2,23,,306887,11,0,5,2,64,,306884,11,0,5,1,24,,306864,11,0,5,1,4,,306886,20,0,5,1,65,,306885,20,0,5,2,29,,306905,20,0,5,2,73,,306904,20,0,5,1,33,,306899,20,0,5,2,70,,306889,20,0,5,1,29,,306888,20,0,5,1,67,,306894,20,0,5,1,33,,306900,20,0,5,1,70,,306890,20,0,5,1,30,,306895,20,0,5,1,72,,306901,20,0,5,1,31,,306891,20,0,5,1,72,,306896,20,0,5,1,32,,306902,20,0,5,1,71,,306892,20,0,5,1,33,,306897,20,0,5,1,73,,306903,20,0,5,1,73,,306893,20,0,5,1,30,,306898,20,0,5,1
6801,'H60S100F-80-F1',612,,306906,20,0,5,1,32,,306932,20,0,5,1,72,,306919,20,0,5,2,33,,306907,20,0,5,1,73,,306933,20,0,5,1,33,,306920,20,0,5,2,73,,306908,20,0,5,1,31,,306934,20,0,5,1,68,,306921,20,0,5,2,29,,306909,20,0,5,1,70,,306935,20,0,5,1,30,,306922,20,0,5,2,70,,306910,20,0,5,1,30,,306936,20,0,5,1,70,,306923,20,0,5,2,30,,306911,20,0,5,1,70,,306937,20,0,5,1,30,,306924,20,0,5,2,70,,306912,20,0,5,1,30,,306938,20,0,5,1,70,,306925,20,0,5,2,30,,306913,20,0,5,1,70,,306939,20,0,5,1,30,,306926,20,0,5,2,70,,306914,20,0,5,1,30,,306940,20,0,5,1,70,,306927,20,0,5,2,27,,306915,20,0,5,1,70,,306941,20,0,5,1,30,,306928,20,0,5,2,67,,306916,20,0,5,1,27,,306942,20,0,5,1,70,,306929,20,0,5,2,27,,306917,20,0,5,1,68,,306943,20,0,5,1,35,,306930,20,0,5,2,75,,306918,20,0,5,1,35,,306944,20,0,5,1,75,,306931,20,0,5,2
6801,'H60S200F-80-F2',612,,306945,20,0,5,1,32,,306971,20,0,5,1,72,,306958,20,0,5,2,33,,306946,20,0,5,1,73,,306972,20,0,5,1,33,,306959,20,0,5,2,73,,306947,20,0,5,1,31,,306973,20,0,5,1,68,,306960,20,0,5,2,29,,306948,20,0,5,1,70,,306974,20,0,5,1,30,,306961,20,0,5,2,70,,306949,20,0,5,1,30,,306975,20,0,5,1,70,,306962,20,0,5,2,30,,306950,20,0,5,1,70,,306976,20,0,5,1,30,,306963,20,0,5,2,70,,306951,20,0,5,1,30,,306977,20,0,5,1,70,,306964,20,0,5,2,30,,306952,20,0,5,1,70,,306978,20,0,5,1,30,,306965,20,0,5,2,70,,306953,20,0,5,1,30,,306979,20,0,5,1,70,,306966,20,0,5,2,27,,306954,20,0,5,1,70,,306980,20,0,5,1,30,,306967,20,0,5,2,67,,306955,20,0,5,1,27,,306981,20,0,5,1,70,,306968,20,0,5,2,27,,306956,20,0,5,1,68,,306982,20,0,5,1,35,,306969,20,0,5,2,75,,306957,20,0,5,1,35,,306983,20,0,5,1,75,,306970,20,0,5,2
37602,'H60S000A-80-A',2711,,347234,47,0,10,1,45,,347232,47,0,10,1,85,,347235,47,0,10,1,85,,347233,47,0,10,1
37602,'H60S000I-81-I',2627,,347237,47,0,10,1,86,,347240,47,0,10,1,44,,347236,47,0,10,1,85,,347239,47,0,10,1,84,,347238,47,0,10,1
37602,'H60S000S-83-S',2626,,347242,47,0,10,1,85,,347245,47,0,10,1,46,,347241,47,0,10,2,84,,347244,47,0,10,1,85,,347243,47,0,10,1
37602,'H60S100F-80-F1',2627,,347249,47,0,10,1,86,,347247,47,0,10,1,44,,347248,47,0,10,1,85,,347246,47,0,10,1,84,,347250,47,0,10,1
37602,'H60S200F-80-F2',2627,,347254,47,0,10,1,86,,347252,47,0,10,1,44,,347253,47,0,10,1,85,,347251,47,0,10,1,84,,347255,47,0,10,1
46801,'H50S000S-82-S',1419,,349508,4,0,5,2,34,,349506,4,0,5,1,87,,349507,4,0,5,1
46801,'H60S000A-80-A',559,,349509,4,0,5,1,71,,349516,4,0,5,2,72,,349530,4,0,5,1,29,,349523,4,0,5,2,73,,349510,4,0,5,1,31,,349517,4,0,5,2,70,,349531,4,0,5,1,30,,349524,4,0,5,2,73,,349511,4,0,5,1,33,,349518,4,0,5,2,71,,349532,4,0,5,1,30,,349525,4,0,5,2,72,,349512,4,0,5,1,33,,349519,4,0,5,2,72,,349533,4,0,5,1,31,,349526,4,0,5,2,72,,349513,4,0,5,1,32,,349520,4,0,5,2,72,,349534,4,0,5,1,33,,349527,4,0,5,2,73,,349514,4,0,5,1,72,,349521,4,0,5,2,31,,349535,4,0,5,1,73,,349528,4,0,5,2,33,,349515,4,0,5,1,71,,349522,4,0,5,2,30,,349536,4,0,5,1,72,,349529,4,0,5,2
46801,'H60S000I-81-I',602,,349537,4,0,5,1,30,,349544,4,0,5,2,70,,349558,4,0,5,1,33,,349551,4,0,5,2,70,,349538,4,0,5,1,30,,349545,4,0,5,2,70,,349559,4,0,5,1,33,,349552,4,0,5,2,71,,349539,4,0,5,1,32,,349546,4,0,5,2,71,,349560,4,0,5,1,32,,349553,4,0,5,2,71,,349540,4,0,5,1,32,,349547,4,0,5,2,71,,349561,4,0,5,1,32,,349554,4,0,5,2,72,,349541,4,0,5,1,33,,349548,4,0,5,2,71,,349562,4,0,5,1,32,,349555,4,0,5,2,73,,349542,4,0,5,1,73,,349549,4,0,5,2,31,,349563,4,0,5,1,71,,349556,4,0,5,2,33,,349543,4,0,5,1,72,,349550,4,0,5,2,31,,349564,4,0,5,1,70,,349557,4,0,5,2
46801,'H60S000S-83-S',522,,349566,4,0,5,1,20,,349568,4,0,5,2,15,,349574,4,0,5,2,53,,349576,4,0,5,1,13,,349581,4,0,5,2,13,,349591,4,0,5,2,13,,349594,4,0,5,2,53,,349570,4,0,5,1,14,,349567,4,0,5,1,12,,349583,4,0,5,1,12,,349569,4,0,5,2,10,,349592,4,0,5,1,50,,349575,4,0,5,2,11,,349577,4,0,5,1,12,,349582,4,0,5,2,14,,349598,4,0,5,2,19,,349595,4,0,5,2,58,,349571,4,0,5,1,20,,349584,4,0,5,1,20,,349593,4,0,5,1,62,,349578,4,0,5,1,26,,349599,4,0,5,2,70,,349572,4,0,5,1,31,,349585,4,0,5,1,71,,349579,4,0,5,1,31,,349600,4,0,5,2,69,,349573,4,0,5,1,27,,349586,4,0,5,1,61,,349603,4,0,5,2,34,,349580,4,0,5,1,73,,349601,4,0,5,2,17,,349565,4,0,5,2,26,,349610,4,0,5,1,52,,349587,4,0,5,1,14,,349605,4,0,5,2,9,,349604,4,0,5,2,9,,349612,4,0,5,1,11,,349611,4,0,5,1,58,,349606,4,0,5,2,22,,349602,4,0,5,2,26,,349609,4,0,5,2,69,,349588,4,0,5,1,32,,349613,4,0,5,1,71,,349607,4,0,5,2,30,,349596,4,0,5,1,70,,349589,4,0,5,1,29,,349614,4,0,5,1,70,,349608,4,0,5,2,29,,349597,4,0,5,1,69,,349590,4,0,5,1
46801,'H60S100F-80-F1',602,,349615,4,0,5,2,30,,349622,4,0,5,1,70,,349636,4,0,5,2,33,,349629,4,0,5,1,70,,349616,4,0,5,2,30,,349623,4,0,5,1,70,,349637,4,0,5,2,33,,349630,4,0,5,1,71,,349617,4,0,5,2,32,,349624,4,0,5,1,71,,349638,4,0,5,2,32,,349631,4,0,5,1,71,,349618,4,0,5,2,32,,349625,4,0,5,1,71,,349639,4,0,5,2,32,,349632,4,0,5,1,72,,349619,4,0,5,2,33,,349626,4,0,5,1,71,,349640,4,0,5,2,32,,349633,4,0,5,1,73,,349620,4,0,5,2,73,,349627,4,0,5,1,31,,349641,4,0,5,2,71,,349634,4,0,5,1,33,,349621,4,0,5,2,72,,349628,4,0,5,1,31,,349642,4,0,5,2,70,,349635,4,0,5,1
46801,'H60S200F-80-F2',602,,349643,4,0,5,2,30,,349650,4,0,5,1,70,,349664,4,0,5,2,33,,349657,4,0,5,1,70,,349644,4,0,5,2,30,,349651,4,0,5,1,70,,349665,4,0,5,2,33,,349658,4,0,5,1,71,,349645,4,0,5,2,32,,349652,4,0,5,1,71,,349666,4,0,5,2,32,,349659,4,0,5,1,71,,349646,4,0,5,2,32,,349653,4,0,5,1,71,,349667,4,0,5,2,32,,349660,4,0,5,1,72,,349647,4,0,5,2,33,,349654,4,0,5,1,71,,349668,4,0,5,2,32,,349661,4,0,5,1,73,,349648,4,0,5,2,73,,349655,4,0,5,1,31,,349669,4,0,5,2,71,,349662,4,0,5,1,33,,349649,4,0,5,2,72,,349656,4,0,5,1,31,,349670,4,0,5,2,70,,349663,4,0,5,1
47001,'H50S000A-82-A',609,,349987,4,0,5,2,29,,349979,4,0,5,1,69,,349995,4,0,5,2,29,,350003,4,0,5,1,69,,349988,4,0,5,2,29,,349980,4,0,5,1,69,,349996,4,0,5,2,30,,350004,4,0,5,1,70,,349989,4,0,5,2,30,,349981,4,0,5,1,70,,349997,4,0,5,2,30,,350005,4,0,5,1,70,,349990,4,0,5,2,30,,349982,4,0,5,1,71,,349998,4,0,5,2,31,,350006,4,0,5,1,71,,349991,4,0,5,2,31,,349983,4,0,5,1,71,,349999,4,0,5,2,31,,350007,4,0,5,1,71,,349992,4,0,5,2,31,,349984,4,0,5,1,71,,350000,4,0,5,2,31,,350008,4,0,5,1,70,,349993,4,0,5,2,30,,349985,4,0,5,1,69,,350001,4,0,5,2,29,,350009,4,0,5,1,69,,349994,4,0,5,2,30,,349986,4,0,5,1,71,,350002,4,0,5,2,32,,350010,4,0,5,1
47001,'H50S000I-82-I',610,,350011,4,0,5,2,29,,350035,4,0,5,1,69,,350019,4,0,5,2,29,,350027,4,0,5,1,70,,350012,4,0,5,2,30,,350036,4,0,5,1,70,,350020,4,0,5,2,30,,350028,4,0,5,1,70,,350013,4,0,5,2,30,,350037,4,0,5,1,69,,350021,4,0,5,2,29,,350029,4,0,5,1,69,,350014,4,0,5,2,30,,350038,4,0,5,1,70,,350022,4,0,5,2,30,,350030,4,0,5,1,70,,350015,4,0,5,2,30,,350039,4,0,5,1,70,,350023,4,0,5,2,31,,350031,4,0,5,1,71,,350016,4,0,5,2,31,,350040,4,0,5,1,71,,350024,4,0,5,2,31,,350032,4,0,5,1,70,,350017,4,0,5,2,30,,350041,4,0,5,1,70,,350025,4,0,5,2,30,,350033,4,0,5,1,69,,350018,4,0,5,2,30,,350042,4,0,5,1,72,,350026,4,0,5,2,33,,350034,4,0,5,1
47001,'H50S000S-82-S',438,,350046,4,0,5,1,70,,350049,4,0,5,2,30,,350082,4,0,5,2,65,,350058,4,0,5,2,20,,350047,4,0,5,1,11,,350074,4,0,5,1,22,,350050,4,0,5,2,61,,350066,4,0,5,1,11,,350083,4,0,5,2,23,,350084,4,0,5,1,52,,350059,4,0,5,2,24,,350048,4,0,5,1,12,,350075,4,0,5,1,76,,350051,4,0,5,2,12,,350067,4,0,5,1,21,,350044,4,0,5,1,63,,350060,4,0,5,2,26,,350076,4,0,5,1,67,,350052,4,0,5,2,28,,350068,4,0,5,1,68,,350061,4,0,5,2,30,,350077,4,0,5,1,70,,350053,4,0,5,2,30,,350069,4,0,5,1,29,,350062,4,0,5,2,72,,350078,4,0,5,1,23,,350085,4,0,5,1,57,,350054,4,0,5,2,16,,350070,4,0,5,1,16,,350043,4,0,5,1,16,,350063,4,0,5,2,58,,350045,4,0,5,1,18,,350079,4,0,5,1,21,,350086,4,0,5,1,60,,350055,4,0,5,2,27,,350071,4,0,5,1,71,,350064,4,0,5,2,31,,350080,4,0,5,1,70,,350056,4,0,5,2,28,,350072,4,0,5,1,69,,350065,4,0,5,2,29,,350081,4,0,5,1,69,,350057,4,0,5,2,31,,350073,4,0,5,1
47001,'H50S100F-80-F1',610,,350087,4,0,5,2,29,,350111,4,0,5,1,69,,350095,4,0,5,2,29,,350103,4,0,5,1,70,,350088,4,0,5,2,30,,350112,4,0,5,1,70,,350096,4,0,5,2,30,,350104,4,0,5,1,70,,350089,4,0,5,2,30,,350113,4,0,5,1,69,,350097,4,0,5,2,29,,350105,4,0,5,1,69,,350090,4,0,5,2,30,,350114,4,0,5,1,70,,350098,4,0,5,2,30,,350106,4,0,5,1,70,,350091,4,0,5,2,30,,350115,4,0,5,1,70,,350099,4,0,5,2,31,,350107,4,0,5,1,71,,350092,4,0,5,2,31,,350116,4,0,5,1,71,,350100,4,0,5,2,31,,350108,4,0,5,1,70,,350093,4,0,5,2,30,,350117,4,0,5,1,70,,350101,4,0,5,2,30,,350109,4,0,5,1,69,,350094,4,0,5,2,30,,350118,4,0,5,1,72,,350102,4,0,5,2,33,,350110,4,0,5,1
47001,'H50S200F-80-F2',610,,350119,4,0,5,2,29,,350143,4,0,5,1,69,,350127,4,0,5,2,29,,350135,4,0,5,1,70,,350120,4,0,5,2,30,,350144,4,0,5,1,70,,350128,4,0,5,2,30,,350136,4,0,5,1,70,,350121,4,0,5,2,30,,350145,4,0,5,1,69,,350129,4,0,5,2,29,,350137,4,0,5,1,69,,350122,4,0,5,2,30,,350146,4,0,5,1,70,,350130,4,0,5,2,30,,350138,4,0,5,1,70,,350123,4,0,5,2,30,,350147,4,0,5,1,70,,350131,4,0,5,2,31,,350139,4,0,5,1,71,,350124,4,0,5,2,31,,350148,4,0,5,1,71,,350132,4,0,5,2,31,,350140,4,0,5,1,70,,350125,4,0,5,2,30,,350149,4,0,5,1,70,,350133,4,0,5,2,30,,350141,4,0,5,1,69,,350126,4,0,5,2,30,,350150,4,0,5,1,72,,350134,4,0,5,2,33,,350142,4,0,5,1
47001,'H58S000S-83-S',707,,350151,4,0,5,2
47001,'H60S000S-83-S',645,,350156,4,0,5,2,94,,350155,4,0,5,2,76,,350154,4,0,5,2,36,,350152,4,0,5,1,52,,350153,4,0,5,1
