1101,'H57S000A-80-A',820,,287913,26,0,5,1,25,,287928,26,0,5,1,68,,287937,26,0,5,1,27,,287914,26,0,5,1,62,,287929,26,0,5,1,22,,287931,26,0,5,1,21,,287938,26,0,5,1,63,,287915,26,0,5,1,25,,287930,26,0,5,1,24,,287932,26,0,5,1,63,,287939,26,0,5,1,21,,287916,26,0,5,1,60,,287911,26,0,5,1,19,,287940,26,0,5,1,21,,287933,26,0,5,1,60,,287923,26,0,5,1,18,,287917,26,0,5,1,18,,287912,26,0,5,1,20,,287943,26,0,5,1,65,,287934,26,0,5,1,24,,287924,26,0,5,1,65,,287918,26,0,5,1,25,,287944,26,0,5,1,21,,287947,26,0,5,1,61,,287935,26,0,5,1,20,,287950,26,0,5,1,19,,287919,26,0,5,1,58,,287945,26,0,5,1,19,,287948,26,0,5,1,18,,287936,26,0,5,1,58,,287951,26,0,5,1,20,,287920,26,0,5,1,21,,287946,26,0,5,1,63,,287949,26,0,5,1,23,,287952,26,0,5,1,67,,287921,26,0,5,1,28,,287925,26,0,5,1,70,,287941,26,0,5,1,30,,287922,26,0,5,1,70,,287926,26,0,5,1,30,,287942,26,0,5,1,73,,287953,26,0,5,1,33,,287927,26,0,5,1
1101,'H57S000I-80-I',824,,287955,26,0,5,1,18,,287966,26,0,5,1,59,,287963,26,0,5,1,19,,287971,26,0,5,1,19,,287956,26,0,5,1,63,,287967,26,0,5,1,21,,287964,26,0,5,1,21,,287972,26,0,5,1,60,,287957,26,0,5,1,20,,287987,26,0,5,1,19,,287968,26,0,5,1,61,,287965,26,0,5,1,23,,287973,26,0,5,1,20,,287958,26,0,5,1,60,,287988,26,0,5,1,19,,287969,26,0,5,1,21,,287994,26,0,5,1,59,,287974,26,0,5,1,19,,287959,26,0,5,1,18,,287989,26,0,5,1,57,,287970,26,0,5,1,21,,287995,26,0,5,1,21,,287975,26,0,5,1,62,,287960,26,0,5,1,21,,287990,26,0,5,1,23,,287981,26,0,5,1,58,,287996,26,0,5,1,19,,287976,26,0,5,1,22,,287961,26,0,5,1,62,,287991,26,0,5,1,21,,287982,26,0,5,1,19,,287977,26,0,5,1,60,,287997,26,0,5,1,19,,287962,26,0,5,1,19,,287992,26,0,5,1,59,,287983,26,0,5,1,20,,287978,26,0,5,1,21,,287998,26,0,5,1,58,,287993,26,0,5,1,20,,287984,26,0,5,1,23,,287979,26,0,5,1,69,,287999,26,0,5,1,28,,287985,26,0,5,1,70,,287980,26,0,5,1,30,,288000,26,0,5,1,70,,287986,26,0,5,1,31,,287954,26,0,5,1
1101,'H57S000S-80-S',740,,288001,26,0,5,1,71,,288017,26,0,5,1,31,,288028,26,0,5,1,71,,288002,26,0,5,1,32,,288018,26,0,5,1,72,,288029,26,0,5,1,31,,288003,26,0,5,1,71,,288019,26,0,5,1,31,,288030,26,0,5,1,74,,288004,26,0,5,1,31,,288020,26,0,5,1,69,,288031,26,0,5,1,27,,288009,26,0,5,1,63,,288005,26,0,5,1,24,,288021,26,0,5,1,66,,288032,26,0,5,1,25,,288010,26,0,5,1,24,,288006,26,0,5,1,66,,288022,26,0,5,1,25,,288033,26,0,5,1,65,,288011,26,0,5,1,27,,288007,26,0,5,1,66,,288023,26,0,5,1,26,,288034,26,0,5,1,23,,288012,26,0,5,1,62,,288008,26,0,5,1,26,,288024,26,0,5,1,71,,288035,26,0,5,1,30,,288013,26,0,5,1,70,,288025,26,0,5,1,29,,288036,26,0,5,1,69,,288014,26,0,5,1,30,,288026,26,0,5,1,70,,288037,26,0,5,1,29,,288015,26,0,5,1,69,,288027,26,0,5,1,29,,288038,26,0,5,1,69,,288016,26,0,5,1
1101,'H57S100F-80-F1',824,,288040,26,0,5,1,18,,288051,26,0,5,1,59,,288048,26,0,5,1,19,,288056,26,0,5,1,19,,288041,26,0,5,1,63,,288052,26,0,5,1,21,,288049,26,0,5,1,21,,288057,26,0,5,1,60,,288042,26,0,5,1,20,,288072,26,0,5,1,19,,288053,26,0,5,1,61,,288050,26,0,5,1,23,,288058,26,0,5,1,20,,288043,26,0,5,1,60,,288073,26,0,5,1,19,,288054,26,0,5,1,21,,288079,26,0,5,1,59,,288059,26,0,5,1,19,,288044,26,0,5,1,18,,288074,26,0,5,1,57,,288055,26,0,5,1,21,,288080,26,0,5,1,21,,288060,26,0,5,1,62,,288045,26,0,5,1,21,,288075,26,0,5,1,23,,288066,26,0,5,1,58,,288081,26,0,5,1,19,,288061,26,0,5,1,22,,288046,26,0,5,1,62,,288076,26,0,5,1,21,,288067,26,0,5,1,19,,288062,26,0,5,1,60,,288082,26,0,5,1,19,,288047,26,0,5,1,19,,288077,26,0,5,1,59,,288068,26,0,5,1,20,,288063,26,0,5,1,21,,288083,26,0,5,1,58,,288078,26,0,5,1,20,,288069,26,0,5,1,23,,288064,26,0,5,1,69,,288084,26,0,5,1,28,,288070,26,0,5,1,70,,288065,26,0,5,1,30,,288085,26,0,5,1,70,,288071,26,0,5,1,31,,288039,26,0,5,1
1101,'H57S200F-80-F2',824,,288087,26,0,5,1,18,,288098,26,0,5,1,59,,288095,26,0,5,1,19,,288103,26,0,5,1,19,,288088,26,0,5,1,63,,288099,26,0,5,1,21,,288096,26,0,5,1,21,,288104,26,0,5,1,60,,288089,26,0,5,1,20,,288119,26,0,5,1,19,,288100,26,0,5,1,61,,288097,26,0,5,1,23,,288105,26,0,5,1,20,,288090,26,0,5,1,60,,288120,26,0,5,1,19,,288101,26,0,5,1,21,,288126,26,0,5,1,59,,288106,26,0,5,1,19,,288091,26,0,5,1,18,,288121,26,0,5,1,57,,288102,26,0,5,1,21,,288127,26,0,5,1,21,,288107,26,0,5,1,62,,288092,26,0,5,1,21,,288122,26,0,5,1,23,,288113,26,0,5,1,58,,288128,26,0,5,1,19,,288108,26,0,5,1,22,,288093,26,0,5,1,62,,288123,26,0,5,1,21,,288114,26,0,5,1,19,,288109,26,0,5,1,60,,288129,26,0,5,1,19,,288094,26,0,5,1,19,,288124,26,0,5,1,59,,288115,26,0,5,1,20,,288110,26,0,5,1,21,,288130,26,0,5,1,58,,288125,26,0,5,1,20,,288116,26,0,5,1,23,,288111,26,0,5,1,69,,288131,26,0,5,1,28,,288117,26,0,5,1,70,,288112,26,0,5,1,30,,288132,26,0,5,1,70,,288118,26,0,5,1,31,,288086,26,0,5,1
9701,'H51S000S-81-S',1704,,313575,6,0,5,2
9701,'H57S000A-80-A',504,,313576,6,0,5,1,32,,313584,6,0,5,1,74,,313599,6,0,5,1,32,,313577,6,0,5,1,72,,313585,6,0,5,1,32,,313602,6,0,5,1,72,,313578,6,0,5,1,31,,313586,6,0,5,1,71,,313603,6,0,5,1,31,,313579,6,0,5,1,71,,313587,6,0,5,1,31,,313614,6,0,5,1,72,,313604,6,0,5,1,23,,313580,6,0,5,1,62,,313618,6,0,5,1,22,,313588,6,0,5,1,20,,313615,6,0,5,1,65,,313621,6,0,5,2,22,,313581,6,0,5,1,18,,313619,6,0,5,1,57,,313591,6,0,5,1,18,,313589,6,0,5,1,16,,313616,6,0,5,1,56,,313608,6,0,5,1,17,,313622,6,0,5,2,15,,313582,6,0,5,1,16,,313624,6,0,5,2,56,,313620,6,0,5,1,15,,313597,6,0,5,1,14,,313592,6,0,5,1,12,,313590,6,0,5,1,51,,313627,6,0,5,1,11,,313609,6,0,5,1,8,,313605,6,0,5,1,10,,313623,6,0,5,2,10,,313610,6,0,5,1,11,,313583,6,0,5,1,51,,313625,6,0,5,2,15,,313598,6,0,5,1,15,,313593,6,0,5,1,20,,313628,6,0,5,1,68,,313606,6,0,5,1,29,,313611,6,0,5,1,72,,313594,6,0,5,1,33,,313629,6,0,5,1,73,,313612,6,0,5,1,32,,313595,6,0,5,1,72,,313630,6,0,5,1,73,,313613,6,0,5,1,32,,313596,6,0,5,1,69,,313600,6,0,5,1,29,,313626,6,0,5,1,68,,313617,6,0,5,1,29,,313607,6,0,5,1,25,,313601,6,0,5,1
9701,'H57S000I-80-I',504,,313632,6,0,5,1,33,,313631,6,0,5,1,72,,313633,6,0,5,1,32,,313647,6,0,5,1,73,,313640,6,0,5,1,33,,313634,6,0,5,1,71,,313648,6,0,5,1,30,,313641,6,0,5,1,71,,313635,6,0,5,1,30,,313649,6,0,5,1,71,,313642,6,0,5,1,30,,313658,6,0,5,1,70,,313636,6,0,5,1,31,,313650,6,0,5,1,68,,313643,6,0,5,1,26,,313659,6,0,5,1,64,,313663,6,0,5,1,18,,313637,6,0,5,1,18,,313651,6,0,5,1,57,,313665,6,0,5,1,17,,313644,6,0,5,1,17,,313672,6,0,5,1,18,,313660,6,0,5,1,58,,313670,6,0,5,1,18,,313664,6,0,5,1,17,,313638,6,0,5,1,58,,313666,6,0,5,1,19,,313645,6,0,5,1,15,,313657,6,0,5,1,14,,313673,6,0,5,1,50,,313661,6,0,5,1,10,,313678,6,0,5,2,10,,313671,6,0,5,1,10,,313679,6,0,5,2,12,,313639,6,0,5,1,13,,313667,6,0,5,1,51,,313652,6,0,5,1,18,,313646,6,0,5,1,19,,313662,6,0,5,1,70,,313680,6,0,5,2,29,,313674,6,0,5,1,71,,313668,6,0,5,1,31,,313653,6,0,5,1,72,,313675,6,0,5,1,31,,313669,6,0,5,1,71,,313654,6,0,5,1,30,,313676,6,0,5,1,70,,313681,6,0,5,1,30,,313655,6,0,5,1,71,,313677,6,0,5,1,33,,313682,6,0,5,1,73,,313656,6,0,5,1
9701,'H57S000S-80-S',510,,313685,6,0,5,1,23,,313686,6,0,5,1,25,,313683,6,0,5,1,70,,313691,6,0,5,2,72,,313695,6,0,5,1,30,,313693,6,0,5,2,28,,313714,6,0,5,1,55,,313692,6,0,5,2,26,,313709,6,0,5,1,72,,313694,6,0,5,2,33,,313704,6,0,5,1,73,,313696,6,0,5,1,32,,313710,6,0,5,1,68,,313698,6,0,5,1,28,,313705,6,0,5,1,68,,313697,6,0,5,1,27,,313711,6,0,5,1,68,,313688,6,0,5,1,27,,313706,6,0,5,1,21,,313699,6,0,5,1,59,,313717,6,0,5,1,18,,313719,6,0,5,1,19,,313712,6,0,5,1,58,,313715,6,0,5,1,11,,313689,6,0,5,1,10,,313707,6,0,5,1,10,,313737,6,0,5,2,9,,313700,6,0,5,1,50,,313738,6,0,5,2,10,,313718,6,0,5,1,9,,313741,6,0,5,1,10,,313740,6,0,5,1,9,,313720,6,0,5,1,9,,313690,6,0,5,1,9,,313713,6,0,5,1,56,,313735,6,0,5,2,8,,313716,6,0,5,1,8,,313739,6,0,5,2,7,,313733,6,0,5,1,5,,313708,6,0,5,1,6,,313727,6,0,5,1,57,,313701,6,0,5,1,8,,313744,6,0,5,1,8,,313742,6,0,5,1,9,,313687,6,0,5,1,19,,313721,6,0,5,1,10,,313684,6,0,5,1,53,,313736,6,0,5,2,16,,313732,6,0,5,1,20,,313728,6,0,5,1,60,,313743,6,0,5,1,25,,313722,6,0,5,1,70,,313723,6,0,5,1,33,,313729,6,0,5,1,71,,313702,6,0,5,1,31,,313724,6,0,5,1,72,,313730,6,0,5,1,30,,313703,6,0,5,1,68,,313725,6,0,5,1,29,,313731,6,0,5,1,68,,313734,6,0,5,1,26,,313726,6,0,5,1
9701,'H57S100F-80-F1',504,,313746,6,0,5,1,33,,313745,6,0,5,1,72,,313747,6,0,5,1,32,,313761,6,0,5,1,73,,313754,6,0,5,1,33,,313748,6,0,5,1,71,,313762,6,0,5,1,30,,313755,6,0,5,1,71,,313749,6,0,5,1,30,,313763,6,0,5,1,71,,313756,6,0,5,1,30,,313772,6,0,5,1,70,,313750,6,0,5,1,31,,313764,6,0,5,1,68,,313757,6,0,5,1,26,,313773,6,0,5,1,64,,313777,6,0,5,1,18,,313751,6,0,5,1,18,,313765,6,0,5,1,57,,313779,6,0,5,1,17,,313758,6,0,5,1,17,,313786,6,0,5,1,18,,313774,6,0,5,1,58,,313784,6,0,5,1,18,,313778,6,0,5,1,17,,313752,6,0,5,1,58,,313780,6,0,5,1,19,,313759,6,0,5,1,15,,313771,6,0,5,1,14,,313787,6,0,5,1,50,,313775,6,0,5,1,10,,313792,6,0,5,2,10,,313785,6,0,5,1,10,,313793,6,0,5,2,12,,313753,6,0,5,1,13,,313781,6,0,5,1,51,,313766,6,0,5,1,18,,313760,6,0,5,1,19,,313776,6,0,5,1,70,,313794,6,0,5,2,29,,313788,6,0,5,1,71,,313782,6,0,5,1,31,,313767,6,0,5,1,72,,313789,6,0,5,1,31,,313783,6,0,5,1,71,,313768,6,0,5,1,30,,313790,6,0,5,1,70,,313795,6,0,5,1,30,,313769,6,0,5,1,71,,313791,6,0,5,1,33,,313796,6,0,5,1,73,,313770,6,0,5,1
9701,'H57S200F-80-F2',504,,313798,6,0,5,1,33,,313797,6,0,5,1,72,,313799,6,0,5,1,32,,313813,6,0,5,1,73,,313806,6,0,5,1,33,,313800,6,0,5,1,71,,313814,6,0,5,1,30,,313807,6,0,5,1,71,,313801,6,0,5,1,30,,313815,6,0,5,1,71,,313808,6,0,5,1,30,,313824,6,0,5,1,70,,313802,6,0,5,1,31,,313816,6,0,5,1,68,,313809,6,0,5,1,26,,313825,6,0,5,1,64,,313829,6,0,5,1,18,,313803,6,0,5,1,18,,313817,6,0,5,1,57,,313831,6,0,5,1,17,,313810,6,0,5,1,17,,313838,6,0,5,1,18,,313826,6,0,5,1,58,,313836,6,0,5,1,18,,313830,6,0,5,1,17,,313804,6,0,5,1,58,,313832,6,0,5,1,19,,313811,6,0,5,1,15,,313823,6,0,5,1,14,,313839,6,0,5,1,50,,313827,6,0,5,1,10,,313844,6,0,5,2,10,,313837,6,0,5,1,10,,313845,6,0,5,2,12,,313805,6,0,5,1,13,,313833,6,0,5,1,51,,313818,6,0,5,1,18,,313812,6,0,5,1,19,,313828,6,0,5,1,70,,313846,6,0,5,2,29,,313840,6,0,5,1,71,,313834,6,0,5,1,31,,313819,6,0,5,1,72,,313841,6,0,5,1,31,,313835,6,0,5,1,71,,313820,6,0,5,1,30,,313842,6,0,5,1,70,,313847,6,0,5,1,30,,313821,6,0,5,1,71,,313843,6,0,5,1,33,,313848,6,0,5,1,73,,313822,6,0,5,1
9701,'H59S000S-80-S',1754,,313849,6,0,5,1,83,,313850,6,0,5,1
36801,'H57S000A-80-A',2612,,346903,56,0,5,1,44,,346900,56,0,5,2,87,,346902,56,0,5,1,81,,346901,56,0,5,1,84,,346904,56,0,5,1
36801,'H57S000I-80-I',2610,,346905,56,0,5,1,45,,346906,56,0,5,1,86,,346908,56,0,5,1,83,,346909,56,0,5,1,84,,346907,56,0,5,1
36801,'H57S000S-80-S',2611,,346910,56,0,5,1,44,,346913,56,0,5,1,93,,346914,56,0,5,1,76,,346912,56,0,5,1,96,,346911,56,0,5,1
36801,'H57S100F-80-F1',2610,,346915,56,0,5,1,45,,346916,56,0,5,1,86,,346918,56,0,5,1,83,,346919,56,0,5,1,84,,346917,56,0,5,1
36801,'H57S200F-80-F2',2610,,346920,56,0,5,1,45,,346921,56,0,5,1,86,,346923,56,0,5,1,83,,346924,56,0,5,1,84,,346922,56,0,5,1
