4702,'H57S000A-80-A',605,,299345,11,0,10,1,37,,299340,11,0,10,1,70,,299342,11,0,10,1,30,,299346,11,0,10,2,70,,299331,11,0,10,1,31,,299341,11,0,10,1,70,,299343,11,0,10,1,30,,299347,11,0,10,2,71,,299332,11,0,10,1,30,,299348,11,0,10,2,70,,299344,11,0,10,1,30,,299357,11,0,10,1,70,,299333,11,0,10,1,30,,299349,11,0,10,2,70,,299363,11,0,10,1,30,,299358,11,0,10,1,70,,299334,11,0,10,1,30,,299350,11,0,10,2,70,,299364,11,0,10,1,30,,299359,11,0,10,1,70,,299335,11,0,10,1,30,,299351,11,0,10,2,70,,299365,11,0,10,1,30,,299360,11,0,10,1,70,,299336,11,0,10,1,29,,299352,11,0,10,2,70,,299366,11,0,10,1,30,,299361,11,0,10,1,70,,299337,11,0,10,1,30,,299353,11,0,10,2,70,,299367,11,0,10,1,30,,299354,11,0,10,2,70,,299338,11,0,10,1,30,,299355,11,0,10,1,70,,299368,11,0,10,1,29,,299362,11,0,10,1,70,,299339,11,0,10,1,35,,299356,11,0,10,1,75,,299369,11,0,10,1
4702,'H57S000I-80-I',607,,299394,11,0,10,1,27,,299370,11,0,10,1,67,,299380,11,0,10,1,29,,299385,11,0,10,1,70,,299395,11,0,10,1,31,,299371,11,0,10,1,70,,299381,11,0,10,1,30,,299386,11,0,10,1,71,,299396,11,0,10,1,30,,299372,11,0,10,1,70,,299382,11,0,10,1,30,,299387,11,0,10,1,70,,299397,11,0,10,1,30,,299373,11,0,10,1,71,,299383,11,0,10,1,30,,299388,11,0,10,1,70,,299398,11,0,10,1,29,,299374,11,0,10,1,70,,299384,11,0,10,1,30,,299389,11,0,10,1,70,,299399,11,0,10,1,30,,299375,11,0,10,1,70,,299400,11,0,10,1,30,,299390,11,0,10,1,70,,299405,11,0,10,1,30,,299376,11,0,10,1,70,,299401,11,0,10,1,30,,299391,11,0,10,1,70,,299406,11,0,10,1,30,,299377,11,0,10,1,70,,299402,11,0,10,1,30,,299392,11,0,10,1,70,,299407,11,0,10,1,30,,299378,11,0,10,1,70,,299403,11,0,10,1,30,,299393,11,0,10,1,69,,299408,11,0,10,1,29,,299379,11,0,10,1,29,,299404,11,0,10,1
4702,'H57S000S-80-S',524,,299409,11,0,10,1,31,,299415,11,0,10,2,69,,299410,11,0,10,1,30,,299416,11,0,10,2,68,,299411,11,0,10,1,23,,299438,11,0,10,2,61,,299417,11,0,10,2,20,,299429,11,0,10,1,19,,299412,11,0,10,1,61,,299439,11,0,10,2,23,,299430,11,0,10,1,29,,299413,11,0,10,1,71,,299431,11,0,10,1,71,,299414,11,0,10,1,24,,299432,11,0,10,1,29,,299418,11,0,10,1,71,,299433,11,0,10,1,31,,299419,11,0,10,1,70,,299434,11,0,10,1,30,,299420,11,0,10,1,72,,299435,11,0,10,1,31,,299421,11,0,10,1,73,,299436,11,0,10,1,74,,299422,11,0,10,1,29,,299449,11,0,10,2,70,,299437,11,0,10,1,30,,299440,11,0,10,1,68,,299447,11,0,10,2,25,,299423,11,0,10,1,32,,299441,11,0,10,1,71,,299424,11,0,10,1,70,,299442,11,0,10,1,29,,299425,11,0,10,1,28,,299443,11,0,10,1,68,,299426,11,0,10,1,28,,299444,11,0,10,1,68,,299427,11,0,10,1,28,,299445,11,0,10,1,67,,299428,11,0,10,1,28,,299446,11,0,10,1,69,,299450,11,0,10,1,89,,299448,11,0,10,1
4702,'H57S100F-80-F1',607,,299475,11,0,10,1,27,,299451,11,0,10,1,67,,299461,11,0,10,1,29,,299466,11,0,10,1,70,,299476,11,0,10,1,31,,299452,11,0,10,1,70,,299462,11,0,10,1,30,,299467,11,0,10,1,71,,299477,11,0,10,1,30,,299453,11,0,10,1,70,,299463,11,0,10,1,30,,299468,11,0,10,1,70,,299478,11,0,10,1,30,,299454,11,0,10,1,71,,299464,11,0,10,1,30,,299469,11,0,10,1,70,,299479,11,0,10,1,29,,299455,11,0,10,1,70,,299465,11,0,10,1,30,,299470,11,0,10,1,70,,299480,11,0,10,1,30,,299456,11,0,10,1,70,,299481,11,0,10,1,30,,299471,11,0,10,1,70,,299486,11,0,10,1,30,,299457,11,0,10,1,70,,299482,11,0,10,1,30,,299472,11,0,10,1,70,,299487,11,0,10,1,30,,299458,11,0,10,1,70,,299483,11,0,10,1,30,,299473,11,0,10,1,70,,299488,11,0,10,1,30,,299459,11,0,10,1,70,,299484,11,0,10,1,30,,299474,11,0,10,1,69,,299489,11,0,10,1,29,,299460,11,0,10,1,29,,299485,11,0,10,1
4702,'H57S200F-80-F2',607,,299514,11,0,10,1,27,,299490,11,0,10,1,67,,299500,11,0,10,1,29,,299505,11,0,10,1,70,,299515,11,0,10,1,31,,299491,11,0,10,1,70,,299501,11,0,10,1,30,,299506,11,0,10,1,71,,299516,11,0,10,1,30,,299492,11,0,10,1,70,,299502,11,0,10,1,30,,299507,11,0,10,1,70,,299517,11,0,10,1,30,,299493,11,0,10,1,71,,299503,11,0,10,1,30,,299508,11,0,10,1,70,,299518,11,0,10,1,29,,299494,11,0,10,1,70,,299504,11,0,10,1,30,,299509,11,0,10,1,70,,299519,11,0,10,1,30,,299495,11,0,10,1,70,,299520,11,0,10,1,30,,299510,11,0,10,1,70,,299525,11,0,10,1,30,,299496,11,0,10,1,70,,299521,11,0,10,1,30,,299511,11,0,10,1,70,,299526,11,0,10,1,30,,299497,11,0,10,1,70,,299522,11,0,10,1,30,,299512,11,0,10,1,70,,299527,11,0,10,1,30,,299498,11,0,10,1,70,,299523,11,0,10,1,30,,299513,11,0,10,1,69,,299528,11,0,10,1,29,,299499,11,0,10,1,29,,299524,11,0,10,1
35704,'H59S000A-80-A',2609,,346282,34,0,9,2,45,,346280,34,0,9,1,84,,346283,34,0,9,2,85,,346281,34,0,9,1,86,,346284,34,0,9,2
35704,'H59S000I-81-I',2520,,346285,34,0,9,1,85,,346288,34,0,9,2,45,,346286,34,0,9,1,84,,346289,34,0,9,2,87,,346287,34,0,9,1,85,,346290,34,0,9,2
35704,'H59S000S-80-S',2522,,346294,34,0,9,2,85,,346291,34,0,9,1,44,,346295,34,0,9,2,85,,346292,34,0,9,1,87,,346296,34,0,9,2,85,,346293,34,0,9,1
35704,'H59S100F-80-F1',2520,,346297,34,0,9,1,85,,346300,34,0,9,2,45,,346298,34,0,9,1,84,,346301,34,0,9,2,87,,346299,34,0,9,1,85,,346302,34,0,9,2
35704,'H59S200F-80-F2',2520,,346303,34,0,9,1,85,,346306,34,0,9,2,45,,346304,34,0,9,1,84,,346307,34,0,9,2,87,,346305,34,0,9,1,85,,346308,34,0,9,2
