4802,'H54S000S-80-S',924,,299904,8,0,10,2
4802,'H57S000S-80-S',537,,299905,8,0,99 23 3 24,1,878,,299906,8,0,10,1
4802,'H58S000A-80-A',445,,299907,8,0,10,1,70,,299914,8,0,10,2,20,,299916,8,0,10,2,20,,299925,8,0,10,1,60,,299941,8,0,99 23 3 24,2,18,,299908,8,0,10,1,12,,299948,8,0,99 23 3 24,1,13,,299915,8,0,10,2,54,,299952,8,0,10,1,12,,299943,8,0,99 23 3 24,2,11,,299917,8,0,10,2,10,,299924,8,0,10,1,10,,299963,8,0,99 23 3 24,1,50,,299926,8,0,10,1,10,,299923,8,0,10,2,10,,299955,8,0,99 23 3 24,2,12,,299909,8,0,10,1,16,,299933,8,0,99 23 3 24,1,56,,299910,8,0,10,2,16,,299918,8,0,99 23 3 24,2,16,,299945,8,0,10,1,15,,299964,8,0,10,1,54,,299927,8,0,99 23 3 24,1,14,,299966,8,0,10,2,13,,299956,8,0,10,2,14,,299934,8,0,99 23 3 24,1,54,,299911,8,0,10,2,15,,299919,8,0,99 23 3 24,2,13,,299970,8,0,10,2,13,,299946,8,0,10,1,13,,299939,8,0,99 23 3 24,2,53,,299928,8,0,10,1,13,,299967,8,0,99 23 3 24,2,14,,299957,8,0,10,2,14,,299935,8,0,99 23 3 24,1,52,,299912,8,0,10,2,11,,299975,8,0,99 23 3 24,1,10,,299920,8,0,10,2,10,,299971,8,0,99 23 3 24,2,10,,299977,8,0,10,2,9,,299947,8,0,99 23 3 24,1,51,,299940,8,0,10,2,11,,299929,8,0,99 23 3 24,1,12,,299968,8,0,10,2,13,,299958,8,0,99 23 3 24,2,15,,299936,8,0,10,1,56,,299913,8,0,99 23 3 24,2,17,,299921,8,0,10,2,16,,299972,8,0,10,2,57,,299978,8,0,99 23 3 24,2,17,,299930,8,0,10,1,14,,299944,8,0,99 23 3 24,2,14,,299969,8,0,10,2,55,,299959,8,0,99 23 3 24,2,17,,299937,8,0,10,1,16,,299922,8,0,99 23 3 24,2,16,,299973,8,0,10,2,56,,299979,8,0,99 23 3 24,2,16,,299931,8,0,10,1,16,,299953,8,0,10,1,61,,299960,8,0,99 23 3 24,2,19,,299949,8,0,10,1,16,,299938,8,0,10,1,16,,299974,8,0,99 23 3 24,2,57,,299980,8,0,10,2,18,,299932,8,0,99 23 3 24,1,24,,299954,8,0,10,2,65,,299961,8,0,99 23 3 24,2,30,,299951,8,0,10,1,69,,299981,8,0,99 23 3 24,2,28,,299942,8,0,10,1,68,,299962,8,0,99 23 3 24,2,31,,299965,8,0,10,1,71,,299982,8,0,99 23 3 24,2,33,,299950,8,0,10,2,71,,299976,8,0,99 23 3 24,1
4802,'H58S000I-80-I',451,,299983,8,0,10,1,68,,299991,8,0,99 23 3 24,2,23,,299995,8,0,10,1,62,,300009,8,0,10,2,22,,300007,8,0,99 23 3 24,1,16,,300001,8,0,10,1,15,,299984,8,0,10,1,55,,299985,8,0,10,2,15,,299992,8,0,99 23 3 24,2,15,,299996,8,0,10,1,14,,300010,8,0,10,2,54,,299994,8,0,10,1,14,,300018,8,0,99 23 3 24,1,14,,300008,8,0,10,1,16,,300005,8,0,10,2,54,,299986,8,0,99 23 3 24,2,14,,300029,8,0,10,1,12,,299997,8,0,99 23 3 24,1,14,,300030,8,0,10,2,55,,300011,8,0,99 23 3 24,2,14,,300031,8,0,10,1,15,,300019,8,0,99 23 3 24,1,15,,300006,8,0,10,2,56,,300033,8,0,99 23 3 24,2,15,,299987,8,0,10,2,15,,299998,8,0,99 23 3 24,1,14,,300034,8,0,10,2,54,,300012,8,0,99 23 3 24,2,14,,300032,8,0,10,1,14,,300038,8,0,99 23 3 24,2,15,,300020,8,0,10,1,15,,300015,8,0,10,2,54,,299988,8,0,99 23 3 24,2,14,,299999,8,0,10,1,16,,300045,8,0,99 23 3 24,2,15,,300035,8,0,10,2,55,,300013,8,0,99 23 3 24,2,15,,300039,8,0,10,2,14,,300021,8,0,99 23 3 24,1,15,,300016,8,0,10,2,55,,299989,8,0,99 23 3 24,2,15,,300000,8,0,10,1,15,,300046,8,0,99 23 3 24,2,15,,300036,8,0,10,2,54,,300014,8,0,99 23 3 24,2,14,,300040,8,0,10,2,13,,300022,8,0,99 23 3 24,1,17,,300017,8,0,10,2,60,,299990,8,0,99 23 3 24,2,20,,300047,8,0,10,2,20,,300037,8,0,10,2,59,,300041,8,0,99 23 3 24,2,19,,300023,8,0,10,1,17,,299993,8,0,99 23 3 24,2,65,,300048,8,0,10,2,26,,300002,8,0,99 23 3 24,1,66,,300042,8,0,10,2,31,,300024,8,0,99 23 3 24,1,71,,300027,8,0,10,2,30,,300003,8,0,99 23 3 24,1,69,,300043,8,0,10,2,27,,300025,8,0,99 23 3 24,1,67,,300028,8,0,10,2,31,,300004,8,0,99 23 3 24,1,71,,300044,8,0,10,2,32,,300026,8,0,10,1
4802,'H58S000S-83-S',425,,300049,8,0,10,1,17,,300051,8,0,10,1,14,,300053,8,0,99 23 3 24,2,52,,300055,8,0,10,2,9,,300064,8,0,10,2,10,,300065,8,0,10,2,18,,300073,8,0,10,2,8,,300083,8,0,99 23 3 24,2,49,,300094,8,0,10,2,8,,300066,8,0,10,1,6,,300096,8,0,99 23 3 24,1,6,,300097,8,0,10,2,4,,300102,8,0,10,2,4,,300050,8,0,10,1,7,,300105,8,0,10,2,6,,300107,8,0,10,2,6,,300054,8,0,10,2,4,,300108,8,0,10,2,6,,300109,8,0,10,1,46,,300056,8,0,10,2,6,,300116,8,0,99 23 3 24,2,9,,300120,8,0,10,2,8,,300052,8,0,10,2,8,,300125,8,0,10,2,8,,300126,8,0,99 23 3 24,1,9,,300084,8,0,10,2,49,,300128,8,0,10,2,9,,300095,8,0,99 23 3 24,2,10,,300091,8,0,10,1,9,,300067,8,0,10,1,10,,300079,8,0,99 23 3 24,1,10,,300103,8,0,10,2,50,,300104,8,0,10,2,12,,300110,8,0,99 23 3 24,1,22,,300121,8,0,10,2,12,,300085,8,0,99 23 3 24,2,54,,300127,8,0,10,1,12,,300129,8,0,99 23 3 24,2,11,,300117,8,0,10,1,11,,300092,8,0,99 23 3 24,1,12,,300068,8,0,10,1,12,,300080,8,0,99 23 3 24,1,52,,300074,8,0,10,2,11,,300111,8,0,99 23 3 24,1,11,,300063,8,0,10,1,12,,300122,8,0,10,2,13,,300086,8,0,99 23 3 24,2,52,,300057,8,0,10,1,13,,300130,8,0,10,2,12,,300118,8,0,99 23 3 24,1,13,,300069,8,0,10,1,53,,300081,8,0,99 23 3 24,1,10,,300133,8,0,10,1,11,,300075,8,0,10,2,11,,300071,8,0,99 23 3 24,2,10,,300132,8,0,10,2,10,,300123,8,0,10,2,52,,300087,8,0,99 23 3 24,2,21,,300058,8,0,10,1,10,,300131,8,0,99 23 3 24,2,10,,300119,8,0,10,1,12,,300070,8,0,10,1,52,,300082,8,0,99 23 3 24,1,17,,300076,8,0,10,2,17,,300072,8,0,99 23 3 24,2,16,,300124,8,0,10,2,56,,300088,8,0,99 23 3 24,2,16,,300137,8,0,10,2,17,,300059,8,0,99 23 3 24,1,54,,300060,8,0,10,2,19,,300138,8,0,10,2,18,,300077,8,0,99 23 3 24,2,15,,300098,8,0,10,1,55,,300136,8,0,10,2,22,,300089,8,0,99 23 3 24,2,21,,300114,8,0,10,1,56,,300061,8,0,99 23 3 24,2,17,,300112,8,0,10,1,18,,300134,8,0,99 23 3 24,1,57,,300099,8,0,10,1,19,,300139,8,0,99 23 3 24,2,19,,300090,8,0,10,2,19,,300115,8,0,99 23 3 24,1,63,,300113,8,0,10,1,22,,300135,8,0,99 23 3 24,1,65,,300100,8,0,10,1,24,,300062,8,0,99 23 3 24,2,70,,300078,8,0,10,1,28,,300093,8,0,99 23 3 24,1,27,,300101,8,0,10,1,80,,300106,8,0,99 23 3 24,2
4802,'H58S100F-80-F1',451,,300140,8,0,10,2,68,,300143,8,0,99 23 3 24,1,23,,300156,8,0,10,2,62,,300171,8,0,10,1,22,,300168,8,0,99 23 3 24,2,16,,300175,8,0,10,2,15,,300141,8,0,10,2,55,,300182,8,0,10,1,15,,300157,8,0,99 23 3 24,2,15,,300187,8,0,10,1,14,,300172,8,0,10,1,54,,300155,8,0,10,1,14,,300188,8,0,99 23 3 24,2,14,,300176,8,0,10,2,16,,300169,8,0,10,2,54,,300183,8,0,99 23 3 24,1,14,,300142,8,0,10,2,12,,300158,8,0,99 23 3 24,2,14,,300193,8,0,10,2,55,,300189,8,0,99 23 3 24,1,14,,300173,8,0,10,1,15,,300177,8,0,99 23 3 24,2,15,,300170,8,0,10,2,56,,300154,8,0,99 23 3 24,1,15,,300144,8,0,10,1,15,,300184,8,0,99 23 3 24,1,14,,300159,8,0,10,2,54,,300190,8,0,99 23 3 24,1,14,,300174,8,0,10,1,14,,300197,8,0,99 23 3 24,2,15,,300178,8,0,10,2,15,,300194,8,0,10,2,54,,300145,8,0,99 23 3 24,1,14,,300185,8,0,10,1,16,,300149,8,0,99 23 3 24,1,15,,300160,8,0,10,2,55,,300191,8,0,99 23 3 24,1,15,,300198,8,0,10,2,14,,300179,8,0,99 23 3 24,2,15,,300195,8,0,10,2,55,,300146,8,0,99 23 3 24,1,15,,300186,8,0,10,1,15,,300150,8,0,99 23 3 24,1,15,,300161,8,0,10,2,54,,300192,8,0,99 23 3 24,1,14,,300199,8,0,10,2,13,,300180,8,0,99 23 3 24,2,17,,300196,8,0,10,2,60,,300147,8,0,99 23 3 24,1,20,,300200,8,0,10,1,20,,300162,8,0,10,2,59,,300204,8,0,99 23 3 24,2,19,,300181,8,0,10,2,17,,300205,8,0,99 23 3 24,2,65,,300148,8,0,10,1,26,,300201,8,0,99 23 3 24,1,66,,300163,8,0,10,2,31,,300151,8,0,99 23 3 24,1,71,,300166,8,0,10,2,30,,300202,8,0,99 23 3 24,1,69,,300164,8,0,10,2,27,,300152,8,0,99 23 3 24,1,67,,300167,8,0,10,2,31,,300203,8,0,99 23 3 24,1,71,,300165,8,0,10,2,32,,300153,8,0,10,1
4802,'H58S200F-80-F2',451,,300244,8,0,10,2,68,,300266,8,0,99 23 3 24,1,23,,300206,8,0,10,2,62,,300232,8,0,10,1,22,,300228,8,0,99 23 3 24,2,16,,300221,8,0,10,2,15,,300245,8,0,10,2,55,,300236,8,0,10,1,15,,300207,8,0,99 23 3 24,2,15,,300270,8,0,10,1,14,,300233,8,0,10,1,54,,300269,8,0,10,1,14,,300231,8,0,99 23 3 24,2,14,,300222,8,0,10,2,16,,300229,8,0,10,2,54,,300237,8,0,99 23 3 24,1,14,,300246,8,0,10,2,12,,300208,8,0,99 23 3 24,2,14,,300256,8,0,10,2,55,,300252,8,0,99 23 3 24,1,14,,300234,8,0,10,1,15,,300223,8,0,99 23 3 24,2,15,,300230,8,0,10,2,56,,300271,8,0,99 23 3 24,1,15,,300216,8,0,10,1,15,,300238,8,0,99 23 3 24,1,14,,300209,8,0,10,2,54,,300253,8,0,99 23 3 24,1,14,,300235,8,0,10,1,14,,300241,8,0,99 23 3 24,2,15,,300224,8,0,10,2,15,,300257,8,0,10,2,54,,300217,8,0,99 23 3 24,1,14,,300239,8,0,10,1,16,,300247,8,0,99 23 3 24,1,15,,300210,8,0,10,2,55,,300254,8,0,99 23 3 24,1,15,,300242,8,0,10,2,14,,300225,8,0,99 23 3 24,2,15,,300258,8,0,10,2,55,,300218,8,0,99 23 3 24,1,15,,300240,8,0,10,1,15,,300248,8,0,99 23 3 24,1,15,,300211,8,0,10,2,54,,300255,8,0,99 23 3 24,1,14,,300243,8,0,10,2,13,,300226,8,0,99 23 3 24,2,17,,300259,8,0,10,2,60,,300219,8,0,99 23 3 24,1,20,,300260,8,0,10,1,20,,300212,8,0,10,2,59,,300264,8,0,99 23 3 24,2,19,,300227,8,0,10,2,17,,300265,8,0,99 23 3 24,2,65,,300220,8,0,10,1,26,,300261,8,0,99 23 3 24,1,66,,300213,8,0,10,2,31,,300249,8,0,99 23 3 24,1,71,,300267,8,0,10,2,30,,300262,8,0,99 23 3 24,1,69,,300214,8,0,10,2,27,,300250,8,0,99 23 3 24,1,67,,300268,8,0,10,2,31,,300263,8,0,99 23 3 24,1,71,,300215,8,0,10,2,32,,300251,8,0,10,1
4802,'H59S000S-80-S',634,,300272,8,0,99 23 3 24,2
8103,'H54S000A-80-A',807,,310300,27,0,8,2,26,,310311,27,0,8,2,25,,310322,27,0,8,1,67,,310301,27,0,8,2,26,,310312,27,0,8,2,65,,310323,27,0,8,1,25,,310302,27,0,8,2,65,,310313,27,0,8,2,26,,310324,27,0,8,1,25,,310303,27,0,8,2,65,,310314,27,0,8,2,25,,310325,27,0,8,1,65,,310304,27,0,8,2,25,,310315,27,0,8,2,65,,310326,27,0,8,1,25,,310305,27,0,8,2,25,,310316,27,0,8,2,66,,310327,27,0,8,1,26,,310306,27,0,8,2,66,,310317,27,0,8,2,26,,310328,27,0,8,1,65,,310307,27,0,8,2,25,,310318,27,0,8,2,25,,310329,27,0,8,1,65,,310308,27,0,8,2,25,,310319,27,0,8,2,65,,310330,27,0,8,1,25,,310309,27,0,8,2,25,,310320,27,0,8,2,65,,310331,27,0,8,1,25,,310310,27,0,8,2,67,,310321,27,0,8,2
8103,'H54S000I-80-I',807,,310332,27,0,8,1,24,,310353,27,0,8,2,25,,310343,27,0,8,2,65,,310333,27,0,8,1,26,,310354,27,0,8,2,66,,310344,27,0,8,2,26,,310334,27,0,8,1,65,,310355,27,0,8,2,25,,310345,27,0,8,2,25,,310335,27,0,8,1,66,,310356,27,0,8,2,25,,310346,27,0,8,2,65,,310336,27,0,8,1,26,,310357,27,0,8,2,66,,310347,27,0,8,2,25,,310337,27,0,8,1,26,,310358,27,0,8,2,65,,310348,27,0,8,2,25,,310338,27,0,8,1,65,,310359,27,0,8,2,25,,310349,27,0,8,2,25,,310339,27,0,8,1,65,,310360,27,0,8,2,24,,310350,27,0,8,2,66,,310340,27,0,8,1,26,,310361,27,0,8,2,66,,310351,27,0,8,2,25,,310341,27,0,8,1,25,,310362,27,0,8,2,65,,310352,27,0,8,2,25,,310342,27,0,8,1,67,,310363,27,0,8,2
8103,'H54S000S-80-S',658,,310365,27,0,8,2,68,,310364,27,0,8,2,30,,310373,27,0,8,2,70,,310366,27,0,8,2,27,,310385,27,0,8,1,68,,310374,27,0,8,2,27,,310367,27,0,8,2,66,,310386,27,0,8,1,25,,310375,27,0,8,2,65,,310368,27,0,8,2,25,,310387,27,0,8,1,25,,310376,27,0,8,2,65,,310369,27,0,8,2,25,,310388,27,0,8,1,65,,310377,27,0,8,2,26,,310370,27,0,8,2,66,,310389,27,0,8,1,26,,310378,27,0,8,2,25,,310371,27,0,8,2,65,,310390,27,0,8,1,25,,310379,27,0,8,2,64,,310372,27,0,8,2,25,,310391,27,0,8,1,25,,310380,27,0,8,2,64,,310395,27,0,8,2,25,,310392,27,0,8,1,65,,310381,27,0,8,2,24,,310396,27,0,8,2,24,,310393,27,0,8,1,65,,310382,27,0,8,2,25,,310397,27,0,8,2,64,,310394,27,0,8,1,24,,310383,27,0,8,2,65,,310398,27,0,8,2,30,,310399,27,0,8,1,71,,310384,27,0,8,2
8103,'H54S100F-80-F1',807,,310400,27,0,8,1,24,,310421,27,0,8,2,25,,310411,27,0,8,2,65,,310401,27,0,8,1,26,,310422,27,0,8,2,66,,310412,27,0,8,2,26,,310402,27,0,8,1,65,,310423,27,0,8,2,25,,310413,27,0,8,2,25,,310403,27,0,8,1,66,,310424,27,0,8,2,25,,310414,27,0,8,2,65,,310404,27,0,8,1,26,,310425,27,0,8,2,66,,310415,27,0,8,2,25,,310405,27,0,8,1,26,,310426,27,0,8,2,65,,310416,27,0,8,2,25,,310406,27,0,8,1,65,,310427,27,0,8,2,25,,310417,27,0,8,2,25,,310407,27,0,8,1,65,,310428,27,0,8,2,24,,310418,27,0,8,2,66,,310408,27,0,8,1,26,,310429,27,0,8,2,66,,310419,27,0,8,2,25,,310409,27,0,8,1,25,,310430,27,0,8,2,65,,310420,27,0,8,2,25,,310410,27,0,8,1,67,,310431,27,0,8,2
8103,'H54S200F-80-F2',807,,310432,27,0,8,1,24,,310453,27,0,8,2,25,,310443,27,0,8,2,65,,310433,27,0,8,1,26,,310454,27,0,8,2,66,,310444,27,0,8,2,26,,310434,27,0,8,1,65,,310455,27,0,8,2,25,,310445,27,0,8,2,25,,310435,27,0,8,1,66,,310456,27,0,8,2,25,,310446,27,0,8,2,65,,310436,27,0,8,1,26,,310457,27,0,8,2,66,,310447,27,0,8,2,25,,310437,27,0,8,1,26,,310458,27,0,8,2,65,,310448,27,0,8,2,25,,310438,27,0,8,1,65,,310459,27,0,8,2,25,,310449,27,0,8,2,25,,310439,27,0,8,1,65,,310460,27,0,8,2,24,,310450,27,0,8,2,66,,310440,27,0,8,1,26,,310461,27,0,8,2,66,,310451,27,0,8,2,25,,310441,27,0,8,1,25,,310462,27,0,8,2,65,,310452,27,0,8,2,25,,310442,27,0,8,1,67,,310463,27,0,8,2
35302,'H54S000A-80-A',2501,,346060,4,0,10,1,45,,346058,4,0,10,1,85,,346059,4,0,10,1,85,,346057,4,0,10,2,85,,346061,4,0,10,1
35302,'H54S000I-80-I',2501,,346064,4,0,10,1,45,,346066,4,0,10,1,85,,346062,4,0,10,2,85,,346063,4,0,10,1,85,,346065,4,0,10,1
35302,'H54S000S-80-S',2501,,346069,4,0,10,1,45,,346070,4,0,10,1,85,,346067,4,0,10,1,85,,346071,4,0,10,2,85,,346068,4,0,10,1
35302,'H54S100F-80-F1',2501,,346074,4,0,10,1,45,,346076,4,0,10,1,85,,346072,4,0,10,2,85,,346073,4,0,10,1,85,,346075,4,0,10,1
35302,'H54S200F-80-F2',2501,,346079,4,0,10,1,45,,346081,4,0,10,1,85,,346077,4,0,10,2,85,,346078,4,0,10,1,85,,346080,4,0,10,1
44802,'H54S000S-80-S',545,,349174,6,0,99 47,1,58,,349156,6,0,99 47,1,17,,349160,6,0,99 47,2,16,,349173,6,0,99 47,2,14,,349175,6,0,99 47,1,52,,349157,6,0,99 47,1,13,,349163,6,0,99 47,1,14,,349167,6,0,99 47,2,19,,349161,6,0,99 47,2,60,,349168,6,0,99 47,2,21,,349159,6,0,99 47,2,21,,349164,6,0,99 47,1,62,,349162,6,0,99 47,2,22,,349177,6,0,99 47,2,575,,349170,6,0,99 119 67,2,32,,349165,6,0,99 119 67,1,71,,349169,6,0,99 119 67,2,29,,349171,6,0,99 119 67,2,68,,349166,6,0,99 119 67,1,31,,349176,6,0,99 119 67,1,73,,349172,6,0,99 119 67,2,33,,349158,6,0,99 119 67,2
