'H50S000A-82-A',20260829,0,20260905,0,20260912,0,20260919,0,20260926,0,20261003,0,20261010,0,20261017,0,20261024,0
'H50S000I-82-I',20260830,0,20260906,0,20260913,0,20260920,0,20260927,0,20261004,0,20261011,0,20261018,0,20261025,0
'H50S000S-82-S',20260824,0,20260825,0,20260826,0,20260827,0,20260828,0,20260831,0,20260901,0,20260902,0,20260903,0,20260904,0,20260907,0,20260907,2,20260908,0,20260909,0,20260910,0,20260911,0,20260914,0,20260915,0,20260916,0,20260917,0,20260918,0,20260921,0,20260922,0,20260923,0,20260924,0,20260925,0,20260928,0,20260929,0,20260930,0,20261001,0,20261002,0,20261005,0,20261006,0,20261007,0,20261008,0,20261009,0,20261012,0,20261012,2,20261013,0,20261014,0,20261015,0,20261016,0,20261019,0,20261020,0,20261021,0,20261022,0,20261023,0
'H50S000S-82-SV',20260828,0,20260904,0,20260911,0,20260918,0,20260925,0,20261002,0,20261009,0,20261016,0,20261023,0
'H50S100F-80-F1',20260907,0
'H50S200F-80-F2',20261012,0
'H51S000A-80-A',20260829,0,20260905,0,20260912,0,20260919,0,20260926,0,20261003,0,20261010,0,20261017,0,20261024,0
'H51S000I-80-I',20260830,0,20260906,0,20260913,0,20260920,0,20260927,0,20261004,0,20261011,0,20261018,0,20261025,0
'H51S000S-81-S',20260824,0,20260825,0,20260826,0,20260827,0,20260828,0,20260831,0,20260901,0,20260902,0,20260903,0,20260904,0,20260907,0,20260907,2,20260908,0,20260909,0,20260910,0,20260911,0,20260914,0,20260915,0,20260916,0,20260917,0,20260918,0,20260921,0,20260922,0,20260923,0,20260924,0,20260925,0,20260928,0,20260929,0,20260930,0,20261001,0,20261002,0,20261005,0,20261006,0,20261007,0,20261008,0,20261009,0,20261012,0,20261012,2,20261013,0,20261014,0,20261015,0,20261016,0,20261019,0,20261020,0,20261021,0,20261022,0,20261023,0
'H51S000S-81-SV',20260828,0,20260904,0,20260911,0,20260918,0,20260925,0,20261002,0,20261009,0,20261016,0,20261023,0
'H51S100F-80-F1',20260907,0
'H51S200F-80-F2',20261012,0
'H54S000A-80-A',20260829,0,20260905,0,20260912,0,20260919,0,20260926,0,20261003,0,20261010,0,20261017,0,20261024,0
'H54S000I-80-I',20260830,0,20260906,0,20260913,0,20260920,0,20260927,0,20261004,0,20261011,0,20261018,0,20261025,0
'H54S000S-80-S',20260824,0,20260825,0,20260826,0,20260827,0,20260828,0,20260831,0,20260901,0,20260902,0,20260903,0,20260904,0,20260907,0,20260907,2,20260908,0,20260909,0,20260910,0,20260911,0,20260914,0,20260915,0,20260916,0,20260917,0,20260918,0,20260921,0,20260922,0,20260923,0,20260924,0,20260925,0,20260928,0,20260929,0,20260930,0,20261001,0,20261002,0,20261005,0,20261006,0,20261007,0,20261008,0,20261009,0,20261012,0,20261012,2,20261013,0,20261014,0,20261015,0,20261016,0,20261019,0,20261020,0,20261021,0,20261022,0,20261023,0
'H54S100F-80-F1',20260907,0
'H54S200F-80-F2',20261012,0
'H56S000A-80-A',20260829,0,20260905,0,20260912,0,20260919,0,20260926,0,20261003,0,20261010,0,20261017,0,20261024,0
'H56S000I-80-I',20260830,0,20260906,0,20260913,0,20260920,0,20260927,0,20261004,0,20261011,0,20261018,0,20261025,0
'H56S000S-82-S',20260824,0,20260825,0,20260826,0,20260827,0,20260828,0,20260831,0,20260901,0,20260902,0,20260903,0,20260904,0,20260907,0,20260907,2,20260908,0,20260909,0,20260910,0,20260911,0,20260914,0,20260915,0,20260916,0,20260917,0,20260918,0,20260921,0,20260922,0,20260923,0,20260924,0,20260925,0,20260928,0,20260929,0,20260930,0,20261001,0,20261002,0,20261005,0,20261006,0,20261007,0,20261008,0,20261009,0,20261012,0,20261012,2,20261013,0,20261014,0,20261015,0,20261016,0,20261019,0,20261020,0,20261021,0,20261022,0,20261023,0
'H56S100F-80-F1',20260907,0
'H56S200F-80-F2',20261012,0
'H57S000A-80-A',20260829,0,20260905,0,20260912,0,20260919,0,20260926,0,20261003,0,20261010,0,20261017,0,20261024,0
'H57S000I-80-I',20260830,0,20260906,0,20260913,0,20260920,0,20260927,0,20261004,0,20261011,0,20261018,0,20261025,0
'H57S000S-80-S',20260824,0,20260825,0,20260826,0,20260827,0,20260828,0,20260831,0,20260901,0,20260902,0,20260903,0,20260904,0,20260907,0,20260907,2,20260908,0,20260909,0,20260910,0,20260911,0,20260914,0,20260915,0,20260916,0,20260917,0,20260918,0,20260921,0,20260922,0,20260923,0,20260924,0,20260925,0,20260928,0,20260929,0,20260930,0,20261001,0,20261002,0,20261005,0,20261006,0,20261007,0,20261008,0,20261009,0,20261012,0,20261012,2,20261013,0,20261014,0,20261015,0,20261016,0,20261019,0,20261020,0,20261021,0,20261022,0,20261023,0
'H57S100F-80-F1',20260907,0
'H57S200F-80-F2',20261012,0
'H58S000A-80-A',20260829,0,20260905,0,20260912,0,20260919,0,20260926,0,20261003,0,20261010,0,20261017,0,20261024,0
'H58S000I-80-I',20260830,0,20260906,0,20260913,0,20260920,0,20260927,0,20261004,0,20261011,0,20261018,0,20261025,0
'H58S000S-83-S',20260824,0,20260825,0,20260826,0,20260827,0,20260828,0,20260831,0,20260901,0,20260902,0,20260903,0,20260904,0,20260907,0,20260907,2,20260908,0,20260909,0,20260910,0,20260911,0,20260914,0,20260915,0,20260916,0,20260917,0,20260918,0,20260921,0,20260922,0,20260923,0,20260924,0,20260925,0,20260928,0,20260929,0,20260930,0,20261001,0,20261002,0,20261005,0,20261006,0,20261007,0,20261008,0,20261009,0,20261012,0,20261012,2,20261013,0,20261014,0,20261015,0,20261016,0,20261019,0,20261020,0,20261021,0,20261022,0,20261023,0
'H58S100F-80-F1',20260907,0
'H58S200F-80-F2',20261012,0
'H59S000A-80-A',20260829,0,20260905,0,20260912,0,20260919,0,20260926,0,20261003,0,20261010,0,20261017,0,20261024,0
'H59S000I-81-I',20260830,0,20260906,0,20260913,0,20260920,0,20260927,0,20261004,0,20261011,0,20261018,0,20261025,0
'H59S000S-80-S',20260824,0,20260825,0,20260826,0,20260827,0,20260828,0,20260831,0,20260901,0,20260902,0,20260903,0,20260904,0,20260907,0,20260907,2,20260908,0,20260909,0,20260910,0,20260911,0,20260914,0,20260915,0,20260916,0,20260917,0,20260918,0,20260921,0,20260922,0,20260923,0,20260924,0,20260925,0,20260928,0,20260929,0,20260930,0,20261001,0,20261002,0,20261005,0,20261006,0,20261007,0,20261008,0,20261009,0,20261012,0,20261012,2,20261013,0,20261014,0,20261015,0,20261016,0,20261019,0,20261020,0,20261021,0,20261022,0,20261023,0
'H59S000S-80-SV',20260828,0,20260904,0,20260911,0,20260918,0,20260925,0,20261002,0,20261009,0,20261016,0,20261023,0
'H59S100F-80-F1',20260907,0
'H59S200F-80-F2',20261012,0
'H60S000A-80-A',20260829,0,20260905,0,20260912,0,20260919,0,20260926,0,20261003,0,20261010,0,20261017,0,20261024,0
'H60S000I-81-I',20260830,0,20260906,0,20260913,0,20260920,0,20260927,0,20261004,0,20261011,0,20261018,0,20261025,0
'H60S000S-83-S',20260824,0,20260825,0,20260826,0,20260827,0,20260828,0,20260831,0,20260901,0,20260902,0,20260903,0,20260904,0,20260907,0,20260907,2,20260908,0,20260909,0,20260910,0,20260911,0,20260914,0,20260915,0,20260916,0,20260917,0,20260918,0,20260921,0,20260922,0,20260923,0,20260924,0,20260925,0,20260928,0,20260929,0,20260930,0,20261001,0,20261002,0,20261005,0,20261006,0,20261007,0,20261008,0,20261009,0,20261012,0,20261012,2,20261013,0,20261014,0,20261015,0,20261016,0,20261019,0,20261020,0,20261021,0,20261022,0,20261023,0
'H60S100F-80-F1',20260907,0
'H60S200F-80-F2',20261012,0
