20002,'H60S000A-80-A',646,,339650,16,0,10,2,68,,339630,16,0,10,1,28,,339640,16,0,10,2,69,,339651,16,0,10,2,29,,339631,16,0,10,1,69,,339641,16,0,10,2,28,,339652,16,0,10,2,70,,339632,16,0,10,1,31,,339642,16,0,10,2,68,,339653,16,0,10,2,31,,339633,16,0,10,1,69,,339643,16,0,10,2,33,,339654,16,0,10,2,70,,339634,16,0,10,1,30,,339644,16,0,10,2,71,,339655,16,0,10,2,30,,339635,16,0,10,1,71,,339645,16,0,10,2,31,,339656,16,0,10,2,71,,339636,16,0,10,1,29,,339646,16,0,10,2,70,,339657,16,0,10,2,31,,339637,16,0,10,1,70,,339647,16,0,10,1,28,,339658,16,0,10,2,69,,339638,16,0,10,1,28,,339648,16,0,10,1,70,,339659,16,0,10,2,31,,339639,16,0,10,1,69,,339649,16,0,10,1,29,,339660,16,0,10,2
20002,'H60S000I-81-I',712,,339680,16,0,10,1,29,,339661,16,0,10,1,67,,339671,16,0,10,2,30,,339681,16,0,10,1,70,,339662,16,0,10,1,28,,339672,16,0,10,2,69,,339682,16,0,10,1,31,,339663,16,0,10,1,70,,339673,16,0,10,2,30,,339683,16,0,10,1,71,,339664,16,0,10,1,32,,339674,16,0,10,2,72,,339684,16,0,10,1,31,,339665,16,0,10,1,70,,339675,16,0,10,2,30,,339685,16,0,10,1,70,,339666,16,0,10,1,30,,339676,16,0,10,2,69,,339686,16,0,10,1,31,,339667,16,0,10,1,70,,339677,16,0,10,2,29,,339687,16,0,10,1,69,,339668,16,0,10,1,28,,339678,16,0,10,2,69,,339688,16,0,10,1,30,,339669,16,0,10,1,73,,339679,16,0,10,2,30,,339689,16,0,10,1,70,,339670,16,0,10,1
20002,'H60S000S-83-S',553,,339695,16,0,10,1,62,,339707,16,0,10,2,21,,339714,16,0,10,2,21,,339697,16,0,10,1,62,,339696,16,0,10,1,25,,339708,16,0,10,2,61,,339715,16,0,10,2,26,,339698,16,0,10,1,27,,339690,16,0,10,2,63,,339709,16,0,10,2,27,,339716,16,0,10,2,67,,339699,16,0,10,1,29,,339710,16,0,10,2,71,,339717,16,0,10,2,29,,339700,16,0,10,1,71,,339711,16,0,10,2,30,,339718,16,0,10,2,71,,339701,16,0,10,1,33,,339712,16,0,10,2,70,,339719,16,0,10,2,32,,339702,16,0,10,1,70,,339713,16,0,10,2,31,,339720,16,0,10,2,60,,339727,16,0,10,1,17,,339703,16,0,10,1,15,,339726,16,0,10,2,15,,339691,16,0,10,1,53,,339722,16,0,10,1,13,,339721,16,0,10,2,12,,339725,16,0,10,2,12,,339728,16,0,10,1,55,,339704,16,0,10,1,16,,339724,16,0,10,1,16,,339692,16,0,10,1,17,,339723,16,0,10,1,60,,339729,16,0,10,1,24,,339705,16,0,10,1,68,,339693,16,0,10,1,31,,339730,16,0,10,1,70,,339706,16,0,10,1,30,,339694,16,0,10,1,70,,339731,16,0,10,1
20002,'H60S100F-80-F1',712,,339751,16,0,10,1,29,,339732,16,0,10,1,67,,339742,16,0,10,1,30,,339752,16,0,10,1,70,,339733,16,0,10,1,28,,339743,16,0,10,1,69,,339753,16,0,10,1,31,,339734,16,0,10,1,70,,339744,16,0,10,1,30,,339754,16,0,10,1,71,,339735,16,0,10,1,32,,339745,16,0,10,1,72,,339755,16,0,10,1,31,,339736,16,0,10,1,70,,339746,16,0,10,1,30,,339756,16,0,10,1,70,,339737,16,0,10,1,30,,339747,16,0,10,1,69,,339757,16,0,10,1,31,,339738,16,0,10,1,70,,339748,16,0,10,1,29,,339758,16,0,10,1,69,,339739,16,0,10,1,28,,339749,16,0,10,1,69,,339759,16,0,10,1,30,,339740,16,0,10,1,73,,339750,16,0,10,1,30,,339760,16,0,10,1,70,,339741,16,0,10,1
20002,'H60S200F-80-F2',712,,339780,16,0,10,1,29,,339761,16,0,10,1,67,,339771,16,0,10,1,30,,339781,16,0,10,1,70,,339762,16,0,10,1,28,,339772,16,0,10,1,69,,339782,16,0,10,1,31,,339763,16,0,10,1,70,,339773,16,0,10,1,30,,339783,16,0,10,1,71,,339764,16,0,10,1,32,,339774,16,0,10,1,72,,339784,16,0,10,1,31,,339765,16,0,10,1,70,,339775,16,0,10,1,30,,339785,16,0,10,1,70,,339766,16,0,10,1,30,,339776,16,0,10,1,69,,339786,16,0,10,1,31,,339767,16,0,10,1,70,,339777,16,0,10,1,29,,339787,16,0,10,1,69,,339768,16,0,10,1,28,,339778,16,0,10,1,69,,339788,16,0,10,1,30,,339769,16,0,10,1,73,,339779,16,0,10,1,30,,339789,16,0,10,1,70,,339770,16,0,10,1
20104,'H60S000A-80-A',843,,339922,20,0,9,2,70,,339911,20,0,9,1,30,,339923,20,0,9,2,70,,339912,20,0,9,1,29,,339924,20,0,9,2,70,,339913,20,0,9,1,30,,339925,20,0,9,2,70,,339914,20,0,9,1,30,,339926,20,0,9,2,70,,339915,20,0,9,1,30,,339927,20,0,9,2,71,,339916,20,0,9,1,31,,339928,20,0,9,2,70,,339917,20,0,9,1,30,,339929,20,0,9,2,70,,339918,20,0,9,1,30,,339930,20,0,9,2,70,,339919,20,0,9,1,29,,339931,20,0,9,2,70,,339920,20,0,9,1,30,,339932,20,0,9,2,70,,339921,20,0,9,1
20104,'H60S000I-81-I',842,,339944,20,0,9,2,70,,339933,20,0,9,1,30,,339945,20,0,9,2,71,,339934,20,0,9,1,29,,339946,20,0,9,2,70,,339935,20,0,9,1,30,,339947,20,0,9,2,70,,339936,20,0,9,1,30,,339948,20,0,9,2,70,,339937,20,0,9,1,30,,339949,20,0,9,2,71,,339938,20,0,9,1,31,,339950,20,0,9,2,70,,339939,20,0,9,1,30,,339951,20,0,9,2,70,,339940,20,0,9,1,30,,339952,20,0,9,2,70,,339941,20,0,9,1,29,,339953,20,0,9,2,70,,339942,20,0,9,1,30,,339954,20,0,9,2,70,,339943,20,0,9,1
20104,'H60S000S-83-S',613,,339973,20,0,9,1,29,,339957,20,0,9,1,67,,339974,20,0,9,1,34,,339958,20,0,9,1,73,,339975,20,0,9,1,32,,339959,20,0,9,1,71,,339976,20,0,9,1,31,,339960,20,0,9,1,71,,339977,20,0,9,1,31,,339961,20,0,9,1,71,,339978,20,0,9,1,31,,339962,20,0,9,1,70,,339979,20,0,9,1,31,,339963,20,0,9,1,71,,339980,20,0,9,1,31,,339964,20,0,9,1,69,,339981,20,0,9,1,27,,339965,20,0,9,1,67,,339982,20,0,9,1,27,,339966,20,0,9,1,71,,339983,20,0,9,1,25,,339967,20,0,9,1,70,,339984,20,0,9,1,32,,339968,20,0,9,1,71,,339985,20,0,9,1,30,,339969,20,0,9,1,70,,339986,20,0,9,1,29,,339970,20,0,9,1,69,,339987,20,0,9,1,30,,339971,20,0,9,1,68,,339988,20,0,9,1,32,,339972,20,0,9,1,105,,339955,20,0,9,1,98,,339956,20,0,9,1
20104,'H60S100F-80-F1',842,,340000,20,0,9,2,70,,339989,20,0,9,1,30,,340001,20,0,9,2,71,,339990,20,0,9,1,29,,340002,20,0,9,2,70,,339991,20,0,9,1,30,,340003,20,0,9,2,70,,339992,20,0,9,1,30,,340004,20,0,9,2,70,,339993,20,0,9,1,30,,340005,20,0,9,2,71,,339994,20,0,9,1,31,,340006,20,0,9,2,70,,339995,20,0,9,1,30,,340007,20,0,9,2,70,,339996,20,0,9,1,30,,340008,20,0,9,2,70,,339997,20,0,9,1,29,,340009,20,0,9,2,70,,339998,20,0,9,1,30,,340010,20,0,9,2,70,,339999,20,0,9,1
20104,'H60S200F-80-F2',842,,340022,20,0,9,2,70,,340011,20,0,9,1,30,,340023,20,0,9,2,71,,340012,20,0,9,1,29,,340024,20,0,9,2,70,,340013,20,0,9,1,30,,340025,20,0,9,2,70,,340014,20,0,9,1,30,,340026,20,0,9,2,70,,340015,20,0,9,1,30,,340027,20,0,9,2,71,,340016,20,0,9,1,31,,340028,20,0,9,2,70,,340017,20,0,9,1,30,,340029,20,0,9,2,70,,340018,20,0,9,1,30,,340030,20,0,9,2,70,,340019,20,0,9,1,29,,340031,20,0,9,2,70,,340020,20,0,9,1,30,,340032,20,0,9,2,70,,340021,20,0,9,1
38202,'H60S000A-80-A',2643,,347374,97,0,10,1,85,,347376,97,0,10,1,85,,347373,97,0,10,1,45,,347375,97,0,10,1
38202,'H60S000I-81-I',2644,,347379,97,0,10,1,84,,347378,97,0,10,1,84,,347377,97,0,10,1,45,,347380,97,0,10,1
38202,'H60S000S-83-S',2645,,347381,97,0,10,2,84,,347384,97,0,10,1,84,,347382,97,0,10,1,45,,347383,97,0,10,1
38202,'H60S100F-80-F1',2644,,347387,97,0,10,1,84,,347385,97,0,10,1,84,,347386,97,0,10,2,45,,347388,97,0,10,1
38202,'H60S200F-80-F2',2644,,347391,97,0,10,1,84,,347389,97,0,10,1,84,,347390,97,0,10,2,45,,347392,97,0,10,1
