4101,'H58S000S-83-S',612,,297576,40,0,5,1,21,,297577,40,0,5,1,19,,297588,40,0,5,2,69,,297569,40,0,5,1,33,,297584,40,0,5,2,76,,297565,40,0,5,2,29,,297578,40,0,5,1,70,,297593,40,0,5,1,18,,297570,40,0,5,1,68,,297566,40,0,5,1,29,,297589,40,0,5,2,69,,297574,40,0,5,1,21,,297579,40,0,5,1,70,,297571,40,0,5,1,31,,297567,40,0,5,1,68,,297590,40,0,5,2,30,,297575,40,0,5,1,26,,297580,40,0,5,1,66,,297572,40,0,5,1,24,,297585,40,0,5,2,66,,297568,40,0,5,1,25,,297591,40,0,5,2,76,,297596,40,0,5,2,33,,297581,40,0,5,1,72,,297597,40,0,5,2,24,,297586,40,0,5,2,68,,297592,40,0,5,2,26,,297573,40,0,5,1,64,,297594,40,0,5,1,23,,297582,40,0,5,1,27,,297598,40,0,5,2,67,,297587,40,0,5,2,30,,297599,40,0,5,2,69,,297595,40,0,5,1,27,,297583,40,0,5,1
4101,'H58S100F-80-F1',612,,297601,40,0,5,2,30,,297605,40,0,5,2,70,,297609,40,0,5,1,32,,297611,40,0,5,1,77,,297604,40,0,5,1,30,,297602,40,0,5,2,69,,297606,40,0,5,2,24,,297610,40,0,5,1,70,,297612,40,0,5,1,505,,297615,40,0,5,2,31,,297617,40,0,5,2,69,,297607,40,0,5,2,28,,297600,40,0,5,1,68,,297613,40,0,5,2,30,,297614,40,0,5,1,69,,297616,40,0,5,2,24,,297618,40,0,5,2,65,,297608,40,0,5,2,23,,297603,40,0,5,1
4101,'H58S200F-80-F2',612,,297635,40,0,5,2,30,,297620,40,0,5,2,70,,297630,40,0,5,1,32,,297622,40,0,5,1,77,,297619,40,0,5,1,30,,297636,40,0,5,2,69,,297621,40,0,5,2,24,,297631,40,0,5,1,70,,297623,40,0,5,1,505,,297626,40,0,5,2,31,,297628,40,0,5,2,69,,297632,40,0,5,2,28,,297637,40,0,5,1,68,,297624,40,0,5,2,30,,297625,40,0,5,1,69,,297627,40,0,5,2,24,,297629,40,0,5,2,65,,297633,40,0,5,2,23,,297634,40,0,5,1
13903,'H58S000A-80-A',529,,325342,25,0,8,1,27,,325334,25,0,8,1,72,,325357,25,0,8,2,24,,325360,25,0,8,1,62,,325330,25,0,8,2,20,,325335,25,0,8,1,20,,325350,25,0,8,1,63,,325346,25,0,8,1,30,,325361,25,0,8,1,72,,325336,25,0,8,1,30,,325351,25,0,8,1,70,,325347,25,0,8,1,29,,325362,25,0,8,1,70,,325337,25,0,8,1,32,,325352,25,0,8,1,71,,325348,25,0,8,1,30,,325363,25,0,8,1,71,,325338,25,0,8,1,29,,325353,25,0,8,1,69,,325349,25,0,8,1,30,,325364,25,0,8,1,70,,325339,25,0,8,1,29,,325354,25,0,8,1,68,,325383,25,0,8,1,27,,325365,25,0,8,1,71,,325340,25,0,8,1,28,,325355,25,0,8,1,68,,325331,25,0,8,2,32,,325327,25,0,8,2,66,,325341,25,0,8,1,28,,325376,25,0,8,2,69,,325332,25,0,8,2,31,,325328,25,0,8,2,71,,325374,25,0,8,1,22,,325370,25,0,8,1,10,,325343,25,0,8,1,9,,325377,25,0,8,2,10,,325333,25,0,8,2,50,,325366,25,0,8,2,11,,325358,25,0,8,1,11,,325329,25,0,8,2,11,,325379,25,0,8,2,9,,325371,25,0,8,1,8,,325375,25,0,8,1,49,,325378,25,0,8,2,11,,325344,25,0,8,1,8,,325372,25,0,8,2,11,,325359,25,0,8,1,12,,325367,25,0,8,2,53,,325356,25,0,8,1,13,,325380,25,0,8,2,15,,325382,25,0,8,1,15,,325345,25,0,8,1,56,,325369,25,0,8,1,15,,325368,25,0,8,2,21,,325373,25,0,8,2,63,,325381,25,0,8,2
13903,'H58S000I-80-I',530,,325396,25,0,8,2,70,,325386,25,0,8,2,33,,325403,25,0,8,1,70,,325406,25,0,8,1,29,,325387,25,0,8,2,25,,325415,25,0,8,1,66,,325420,25,0,8,2,24,,325407,25,0,8,1,70,,325388,25,0,8,2,31,,325416,25,0,8,1,70,,325421,25,0,8,2,29,,325408,25,0,8,1,70,,325389,25,0,8,2,31,,325417,25,0,8,1,71,,325422,25,0,8,2,31,,325409,25,0,8,1,72,,325390,25,0,8,2,28,,325418,25,0,8,1,69,,325423,25,0,8,2,30,,325410,25,0,8,1,71,,325391,25,0,8,2,29,,325419,25,0,8,1,69,,325424,25,0,8,2,29,,325411,25,0,8,1,69,,325392,25,0,8,2,29,,325431,25,0,8,2,68,,325425,25,0,8,2,28,,325412,25,0,8,1,67,,325393,25,0,8,2,29,,325432,25,0,8,2,68,,325426,25,0,8,2,29,,325413,25,0,8,1,25,,325394,25,0,8,2,64,,325433,25,0,8,2,17,,325397,25,0,8,2,11,,325427,25,0,8,2,51,,325398,25,0,8,1,12,,325404,25,0,8,1,12,,325414,25,0,8,1,11,,325395,25,0,8,2,13,,325401,25,0,8,1,54,,325434,25,0,8,2,14,,325399,25,0,8,1,15,,325428,25,0,8,2,13,,325384,25,0,8,1,55,,325405,25,0,8,1,15,,325435,25,0,8,2,16,,325402,25,0,8,1,16,,325400,25,0,8,1,56,,325430,25,0,8,1,15,,325385,25,0,8,1,18,,325429,25,0,8,2,63,,325436,25,0,8,2
13903,'H58S000S-83-S',523,,325438,25,0,8,1,30,,325447,25,0,8,2,74,,325444,25,0,8,1,29,,325453,25,0,8,2,73,,325439,25,0,8,1,30,,325448,25,0,8,2,71,,325445,25,0,8,1,29,,325454,25,0,8,2,71,,325440,25,0,8,1,71,,325449,25,0,8,2,30,,325446,25,0,8,1,69,,325455,25,0,8,2,29,,325441,25,0,8,1,29,,325450,25,0,8,2,70,,325472,25,0,8,1,31,,325456,25,0,8,2,70,,325442,25,0,8,1,30,,325451,25,0,8,2,70,,325473,25,0,8,1,71,,325457,25,0,8,2,32,,325443,25,0,8,1,72,,325452,25,0,8,2,33,,325474,25,0,8,1,72,,325462,25,0,8,1,32,,325458,25,0,8,2,70,,325466,25,0,8,1,28,,325475,25,0,8,1,67,,325463,25,0,8,1,27,,325459,25,0,8,2,68,,325467,25,0,8,1,28,,325476,25,0,8,1,28,,325464,25,0,8,1,68,,325460,25,0,8,2,28,,325468,25,0,8,1,68,,325477,25,0,8,1,28,,325465,25,0,8,1,68,,325461,25,0,8,2,29,,325469,25,0,8,1,69,,325478,25,0,8,2,27,,325471,25,0,8,1,67,,325437,25,0,8,1,28,,325470,25,0,8,1,18,,325479,25,0,8,2
13903,'H58S100F-80-F1',530,,325490,25,0,8,2,70,,325480,25,0,8,1,33,,325503,25,0,8,1,70,,325505,25,0,8,2,29,,325481,25,0,8,1,25,,325518,25,0,8,2,66,,325493,25,0,8,1,24,,325506,25,0,8,2,70,,325482,25,0,8,1,31,,325519,25,0,8,2,70,,325494,25,0,8,1,29,,325507,25,0,8,2,70,,325483,25,0,8,1,31,,325520,25,0,8,2,71,,325495,25,0,8,1,31,,325508,25,0,8,2,72,,325484,25,0,8,1,28,,325521,25,0,8,2,69,,325496,25,0,8,1,30,,325509,25,0,8,2,71,,325485,25,0,8,1,29,,325522,25,0,8,2,69,,325497,25,0,8,1,29,,325510,25,0,8,2,69,,325486,25,0,8,1,29,,325523,25,0,8,2,68,,325498,25,0,8,1,28,,325511,25,0,8,2,67,,325487,25,0,8,1,29,,325524,25,0,8,2,68,,325499,25,0,8,1,29,,325512,25,0,8,2,25,,325488,25,0,8,1,64,,325527,25,0,8,1,17,,325525,25,0,8,2,11,,325531,25,0,8,2,51,,325500,25,0,8,1,12,,325513,25,0,8,2,12,,325532,25,0,8,2,11,,325489,25,0,8,1,13,,325529,25,0,8,2,54,,325515,25,0,8,1,14,,325501,25,0,8,1,15,,325526,25,0,8,2,13,,325491,25,0,8,2,55,,325514,25,0,8,2,15,,325516,25,0,8,1,16,,325530,25,0,8,2,16,,325502,25,0,8,1,56,,325528,25,0,8,1,15,,325492,25,0,8,2,18,,325504,25,0,8,2,63,,325517,25,0,8,1
13903,'H58S200F-80-F2',530,,325578,25,0,8,2,70,,325539,25,0,8,1,33,,325579,25,0,8,1,70,,325549,25,0,8,2,29,,325540,25,0,8,1,25,,325569,25,0,8,2,66,,325559,25,0,8,1,24,,325550,25,0,8,2,70,,325541,25,0,8,1,31,,325570,25,0,8,2,70,,325560,25,0,8,1,29,,325551,25,0,8,2,70,,325542,25,0,8,1,31,,325571,25,0,8,2,71,,325561,25,0,8,1,31,,325552,25,0,8,2,72,,325543,25,0,8,1,28,,325572,25,0,8,2,69,,325562,25,0,8,1,30,,325553,25,0,8,2,71,,325544,25,0,8,1,29,,325573,25,0,8,2,69,,325563,25,0,8,1,29,,325554,25,0,8,2,69,,325545,25,0,8,1,29,,325574,25,0,8,2,68,,325564,25,0,8,1,28,,325555,25,0,8,2,67,,325546,25,0,8,1,29,,325575,25,0,8,2,68,,325565,25,0,8,1,29,,325556,25,0,8,2,25,,325547,25,0,8,1,64,,325537,25,0,8,1,17,,325576,25,0,8,2,11,,325535,25,0,8,2,51,,325566,25,0,8,1,12,,325557,25,0,8,2,12,,325583,25,0,8,2,11,,325548,25,0,8,1,13,,325584,25,0,8,2,54,,325580,25,0,8,1,14,,325567,25,0,8,1,15,,325577,25,0,8,2,13,,325533,25,0,8,2,55,,325558,25,0,8,2,15,,325581,25,0,8,1,16,,325585,25,0,8,2,16,,325568,25,0,8,1,56,,325538,25,0,8,1,15,,325534,25,0,8,2,18,,325536,25,0,8,2,63,,325582,25,0,8,1
35503,'H54S000A-80-A',2611,,346136,53,0,8,1,30,,346135,53,0,8,2,64,,346139,53,0,8,1,25,,346134,53,0,8,2,71,,346133,53,0,8,1,24,,346138,53,0,8,1,80,,346137,53,0,8,1,30,,346140,53,0,8,1
35503,'H54S000I-80-I',2604,,346141,53,0,8,1,46,,346145,53,0,8,2,86,,346143,53,0,8,1,87,,346144,53,0,8,2,86,,346142,53,0,8,1,26,,346146,53,0,8,2
35503,'H54S000S-80-S',2607,,346150,53,0,8,1,43,,346148,53,0,8,2,86,,346147,53,0,8,1,86,,346152,53,0,8,2,79,,346151,53,0,8,1,33,,346149,53,0,8,2
35503,'H54S100F-80-F1',2604,,346153,53,0,8,1,46,,346157,53,0,8,2,86,,346155,53,0,8,1,87,,346156,53,0,8,2,86,,346154,53,0,8,1,26,,346158,53,0,8,2
35503,'H54S200F-80-F2',2604,,346159,53,0,8,1,46,,346163,53,0,8,2,86,,346161,53,0,8,1,87,,346162,53,0,8,2,86,,346160,53,0,8,1,26,,346164,53,0,8,2
