4901,'H54S000S-80-S',1732,,300275,51,0,5,2,9,,300274,51,0,5,2,68,,300273,51,0,5,2,18,,300276,51,0,5,2
4901,'H57S000S-80-S',1607,,300277,51,0,5,1,130,,300279,51,0,5,1,21,,300278,51,0,5,1,57,,300280,51,0,5,2
4901,'H58S000A-80-A',627,,300281,51,0,5,2,29,,300307,51,0,5,1,69,,300289,51,0,5,1,30,,300304,51,0,5,1,68,,300311,51,0,5,2,30,,300282,51,0,5,2,70,,300308,51,0,5,1,32,,300290,51,0,5,1,72,,300305,51,0,5,1,31,,300313,51,0,5,2,70,,300283,51,0,5,2,30,,300309,51,0,5,1,66,,300291,51,0,5,1,25,,300322,51,0,5,2,62,,300306,51,0,5,1,25,,300314,51,0,5,2,64,,300284,51,0,5,2,24,,300287,51,0,5,1,23,,300292,51,0,5,1,61,,300331,51,0,5,1,21,,300323,51,0,5,2,20,,300336,51,0,5,2,60,,300315,51,0,5,2,18,,300285,51,0,5,2,15,,300302,51,0,5,2,9,,300344,51,0,5,2,50,,300334,51,0,5,1,11,,300288,51,0,5,1,11,,300293,51,0,5,1,10,,300330,51,0,5,2,10,,300332,51,0,5,1,10,,300326,51,0,5,1,49,,300324,51,0,5,2,10,,300343,51,0,5,1,10,,300337,51,0,5,2,9,,300338,51,0,5,2,8,,300300,51,0,5,1,9,,300316,51,0,5,2,8,,300318,51,0,5,1,48,,300303,51,0,5,2,10,,300342,51,0,5,2,10,,300335,51,0,5,1,12,,300301,51,0,5,2,12,,300294,51,0,5,1,54,,300333,51,0,5,1,14,,300327,51,0,5,2,14,,300325,51,0,5,2,15,,300339,51,0,5,2,59,,300312,51,0,5,1,19,,300319,51,0,5,1,20,,300297,51,0,5,1,60,,300310,51,0,5,1,20,,300295,51,0,5,1,23,,300328,51,0,5,2,56,,300317,51,0,5,1,16,,300340,51,0,5,2,22,,300320,51,0,5,1,17,,300286,51,0,5,2,57,,300298,51,0,5,1,21,,300296,51,0,5,1,23,,300329,51,0,5,2,68,,300341,51,0,5,2,27,,300321,51,0,5,1,71,,300299,51,0,5,1
4901,'H58S000I-80-I',624,,300345,51,0,5,2,31,,300346,51,0,5,1,68,,300356,51,0,5,2,28,,300367,51,0,5,2,68,,300369,51,0,5,1,34,,300360,51,0,5,2,71,,300347,51,0,5,1,29,,300374,51,0,5,1,70,,300357,51,0,5,1,30,,300377,51,0,5,2,71,,300361,51,0,5,2,32,,300348,51,0,5,1,72,,300375,51,0,5,1,30,,300358,51,0,5,1,70,,300378,51,0,5,2,31,,300362,51,0,5,2,70,,300349,51,0,5,1,26,,300370,51,0,5,1,63,,300391,51,0,5,2,21,,300359,51,0,5,1,18,,300379,51,0,5,2,55,,300393,51,0,5,2,16,,300382,51,0,5,1,14,,300363,51,0,5,2,14,,300350,51,0,5,1,54,,300368,51,0,5,1,12,,300371,51,0,5,1,13,,300390,51,0,5,1,12,,300387,51,0,5,2,12,,300364,51,0,5,2,52,,300352,51,0,5,2,15,,300380,51,0,5,2,15,,300381,51,0,5,2,14,,300383,51,0,5,1,54,,300376,51,0,5,1,15,,300351,51,0,5,1,13,,300392,51,0,5,1,20,,300372,51,0,5,1,60,,300365,51,0,5,2,19,,300355,51,0,5,1,19,,300394,51,0,5,2,60,,300384,51,0,5,1,22,,300373,51,0,5,1,22,,300388,51,0,5,2,62,,300397,51,0,5,2,19,,300366,51,0,5,2,19,,300353,51,0,5,1,53,,300395,51,0,5,2,24,,300385,51,0,5,1,65,,300389,51,0,5,2,30,,300398,51,0,5,2,69,,300354,51,0,5,1,28,,300396,51,0,5,2,24,,300386,51,0,5,1
4901,'H58S000S-83-S',619,,300402,51,0,5,2,17,,300404,51,0,5,2,23,,300416,51,0,5,2,66,,300412,51,0,5,1,22,,300418,51,0,5,1,9,,300420,51,0,5,2,49,,300426,51,0,5,2,23,,300433,51,0,5,2,19,,300403,51,0,5,2,59,,300405,51,0,5,2,27,,300443,51,0,5,2,25,,300413,51,0,5,1,72,,300421,51,0,5,2,26,,300434,51,0,5,2,69,,300437,51,0,5,1,32,,300441,51,0,5,1,68,,300399,51,0,5,1,19,,300414,51,0,5,1,58,,300422,51,0,5,2,16,,300406,51,0,5,1,16,,300435,51,0,5,2,17,,300424,51,0,5,1,56,,300438,51,0,5,1,16,,300428,51,0,5,2,16,,300430,51,0,5,1,14,,300400,51,0,5,1,54,,300451,51,0,5,2,14,,300415,51,0,5,1,16,,300410,51,0,5,2,12,,300423,51,0,5,2,10,,300407,51,0,5,1,57,,300459,51,0,5,2,9,,300468,51,0,5,2,7,,300425,51,0,5,1,8,,300477,51,0,5,1,9,,300455,51,0,5,2,7,,300439,51,0,5,1,48,,300453,51,0,5,2,6,,300429,51,0,5,2,7,,300409,51,0,5,2,6,,300431,51,0,5,1,4,,300473,51,0,5,2,17,,300401,51,0,5,1,5,,300452,51,0,5,2,4,,300447,51,0,5,1,49,,300469,51,0,5,2,19,,300479,51,0,5,2,13,,300408,51,0,5,1,6,,300444,51,0,5,1,5,,300467,51,0,5,2,6,,300481,51,0,5,2,7,,300446,51,0,5,2,46,,300462,51,0,5,2,6,,300478,51,0,5,1,7,,300456,51,0,5,2,9,,300458,51,0,5,2,8,,300454,51,0,5,2,10,,300442,51,0,5,1,12,,300474,51,0,5,2,52,,300445,51,0,5,2,12,,300448,51,0,5,1,13,,300480,51,0,5,2,13,,300463,51,0,5,2,12,,300464,51,0,5,2,53,,300482,51,0,5,1,14,,300417,51,0,5,1,13,,300457,51,0,5,2,13,,300436,51,0,5,2,54,,300475,51,0,5,2,16,,300471,51,0,5,2,15,,300449,51,0,5,1,17,,300460,51,0,5,1,59,,300465,51,0,5,2,22,,300470,51,0,5,2,67,,300476,51,0,5,2,28,,300411,51,0,5,2,24,,300472,51,0,5,1,60,,300461,51,0,5,1,20,,300466,51,0,5,2,18,,300450,51,0,5,1,54,,300427,51,0,5,1
4901,'H58S100F-80-F1',626,,300486,51,0,5,2,29,,300503,51,0,5,1,66,,300506,51,0,5,1,29,,300508,51,0,5,2,68,,300521,51,0,5,2,33,,300487,51,0,5,2,70,,300504,51,0,5,1,32,,300491,51,0,5,2,72,,300499,51,0,5,1,30,,300522,51,0,5,2,70,,300488,51,0,5,2,29,,300527,51,0,5,1,67,,300492,51,0,5,2,25,,300509,51,0,5,2,62,,300483,51,0,5,1,26,,300523,51,0,5,2,24,,300489,51,0,5,2,67,,300529,51,0,5,2,23,,300493,51,0,5,2,61,,300515,51,0,5,1,20,,300510,51,0,5,2,20,,300484,51,0,5,1,58,,300524,51,0,5,2,18,,300490,51,0,5,2,15,,300539,51,0,5,1,9,,300512,51,0,5,1,10,,300530,51,0,5,2,51,,300541,51,0,5,2,11,,300494,51,0,5,2,11,,300534,51,0,5,1,10,,300516,51,0,5,1,10,,300498,51,0,5,1,50,,300542,51,0,5,2,10,,300507,51,0,5,1,10,,300485,51,0,5,1,9,,300535,51,0,5,1,9,,300526,51,0,5,2,9,,300525,51,0,5,2,8,,300500,51,0,5,1,49,,300540,51,0,5,1,10,,300511,51,0,5,2,9,,300531,51,0,5,2,9,,300513,51,0,5,2,12,,300495,51,0,5,2,54,,300517,51,0,5,1,14,,300518,51,0,5,2,14,,300543,51,0,5,2,15,,300536,51,0,5,1,59,,300514,51,0,5,1,19,,300501,51,0,5,1,20,,300532,51,0,5,2,59,,300505,51,0,5,1,20,,300496,51,0,5,2,23,,300519,51,0,5,2,16,,300528,51,0,5,1,56,,300537,51,0,5,1,21,,300502,51,0,5,1,16,,300544,51,0,5,2,57,,300533,51,0,5,2,21,,300497,51,0,5,2,27,,300520,51,0,5,2,69,,300538,51,0,5,1,26,,300545,51,0,5,2
4901,'H58S200F-80-F2',626,,300552,51,0,5,2,29,,300583,51,0,5,1,66,,300546,51,0,5,1,29,,300586,51,0,5,2,68,,300557,51,0,5,2,33,,300553,51,0,5,2,70,,300584,51,0,5,1,32,,300576,51,0,5,2,72,,300562,51,0,5,1,30,,300558,51,0,5,2,70,,300554,51,0,5,2,29,,300602,51,0,5,1,67,,300577,51,0,5,2,25,,300587,51,0,5,2,62,,300573,51,0,5,1,26,,300559,51,0,5,2,24,,300555,51,0,5,2,67,,300566,51,0,5,2,23,,300578,51,0,5,2,61,,300589,51,0,5,1,20,,300588,51,0,5,2,20,,300574,51,0,5,1,58,,300560,51,0,5,2,18,,300556,51,0,5,2,15,,300571,51,0,5,1,9,,300598,51,0,5,1,10,,300567,51,0,5,2,51,,300606,51,0,5,2,11,,300579,51,0,5,2,11,,300599,51,0,5,1,10,,300590,51,0,5,1,10,,300596,51,0,5,1,50,,300604,51,0,5,2,10,,300597,51,0,5,1,10,,300575,51,0,5,1,9,,300592,51,0,5,1,9,,300551,51,0,5,2,9,,300561,51,0,5,2,8,,300563,51,0,5,1,49,,300572,51,0,5,1,10,,300601,51,0,5,2,9,,300568,51,0,5,2,9,,300550,51,0,5,2,12,,300580,51,0,5,2,54,,300591,51,0,5,1,14,,300547,51,0,5,2,14,,300600,51,0,5,2,15,,300593,51,0,5,1,59,,300605,51,0,5,1,19,,300564,51,0,5,1,20,,300569,51,0,5,2,59,,300585,51,0,5,1,20,,300581,51,0,5,2,23,,300548,51,0,5,2,16,,300603,51,0,5,1,56,,300594,51,0,5,1,21,,300565,51,0,5,1,16,,300607,51,0,5,2,57,,300570,51,0,5,2,21,,300582,51,0,5,2,27,,300549,51,0,5,2,69,,300595,51,0,5,1,26,,300608,51,0,5,2
18301,'H54S000A-80-A',1038,,334743,14,0,5,1,102,,334744,14,0,5,1,100,,334745,14,0,5,1,100,,334746,14,0,5,1,100,,334747,14,0,5,1,101,,334748,14,0,5,1,103,,334749,14,0,5,1,104,,334750,14,0,5,1,104,,334751,14,0,5,1,107,,334752,14,0,5,1
18301,'H54S000I-80-I',1039,,334753,14,0,5,1,110,,334754,14,0,5,1,110,,334755,14,0,5,1,148,,334756,14,0,5,1,112,,334757,14,0,5,1,110,,334758,14,0,5,1,110,,334761,14,0,5,1,110,,334759,14,0,5,1,109,,334760,14,0,5,1
18301,'H54S000S-80-S',607,,334764,14,0,5,1,102,,334765,14,0,5,1,103,,334766,14,0,5,1,104,,334767,14,0,5,1,104,,334768,14,0,5,1,105,,334769,14,0,5,1,107,,334770,14,0,5,1,105,,334771,14,0,5,1,105,,334772,14,0,5,1,107,,334773,14,0,5,1,109,,334774,14,0,5,1,149,,334775,14,0,5,1,109,,334776,14,0,5,1,110,,334777,14,0,5,1,110,,334763,14,0,5,1,111,,334762,14,0,5,2
18301,'H54S100F-80-F1',1039,,334778,14,0,5,1,110,,334779,14,0,5,1,110,,334780,14,0,5,1,148,,334781,14,0,5,1,112,,334782,14,0,5,1,110,,334783,14,0,5,1,110,,334786,14,0,5,1,110,,334784,14,0,5,1,109,,334785,14,0,5,1
18301,'H54S200F-80-F2',1039,,334787,14,0,5,1,110,,334788,14,0,5,1,110,,334789,14,0,5,1,148,,334790,14,0,5,1,112,,334791,14,0,5,1,110,,334792,14,0,5,1,110,,334795,14,0,5,1,110,,334793,14,0,5,1,109,,334794,14,0,5,1
44903,'H54S000S-80-S',706,,349189,33,0,8,2,34,,349194,33,0,8,1,74,,349217,33,0,8,1,30,,349202,33,0,8,2,68,,349207,33,0,8,2,28,,349190,33,0,8,1,69,,349181,33,0,8,2,28,,349208,33,0,8,2,70,,349195,33,0,8,1,34,,349191,33,0,8,1,73,,349209,33,0,8,2,30,,349196,33,0,8,1,70,,349203,33,0,8,2,29,,349192,33,0,8,1,69,,349210,33,0,8,2,29,,349197,33,0,8,1,68,,349204,33,0,8,2,29,,349193,33,0,8,1,67,,349211,33,0,8,2,14,,349185,33,0,8,1,14,,349198,33,0,8,1,12,,349218,33,0,8,2,12,,349212,33,0,8,2,49,,349205,33,0,8,2,8,,349178,33,0,8,2,10,,349214,33,0,8,2,10,,349220,33,0,8,2,10,,349215,33,0,8,1,7,,349180,33,0,8,1,49,,349186,33,0,8,2,9,,349213,33,0,8,2,10,,349182,33,0,8,2,11,,349219,33,0,8,2,12,,349199,33,0,8,1,58,,349206,33,0,8,2,25,,349216,33,0,8,1,29,,349183,33,0,8,2,69,,349200,33,0,8,1,29,,349187,33,0,8,2,69,,349179,33,0,8,2,28,,349184,33,0,8,2,69,,349201,33,0,8,1,31,,349188,33,0,8,2
44903,'H57S000S-80-S',630,,349221,33,0,8,1
