4002,'H54S000S-80-S',541,,297557,9,0,10,1,77,,297542,9,0,10,1,83,,297564,9,0,10,2,20,,297558,9,0,10,1,20,,297544,9,0,10,2,72,,297543,9,0,10,2,40,,297545,9,0,10,1,80,,297559,9,0,10,1,79,,297552,9,0,10,1,39,,297546,9,0,10,1,79,,297560,9,0,10,1,78,,297553,9,0,10,1,38,,297547,9,0,10,1,78,,297561,9,0,10,1,79,,297554,9,0,10,1,39,,297548,9,0,10,1,77,,297562,9,0,10,1,34,,297555,10,0,10,2,75,,297551,9,0,10,2,26,,297549,9,0,10,1,85,,297563,9,0,10,2,76,,297556,9,0,10,2,37,,297550,9,0,10,1
18602,'H54S000A-80-A',447,,335533,17,0,10,1,70,,335497,17,0,10,1,30,,335534,17,0,10,1,70,,335498,17,0,10,1,31,,335535,17,0,10,1,72,,335499,17,0,10,1,34,,335536,17,0,10,1,74,,335500,17,0,10,1,73,,335494,17,0,10,1,33,,335537,17,0,10,1,71,,335501,17,0,10,1,27,,335495,17,0,10,1,23,,335528,17,0,10,1,62,,335502,17,0,10,1,20,,335507,17,0,10,1,20,,335538,17,0,10,1,62,,335529,17,0,10,1,22,,335508,17,0,10,1,61,,335503,17,0,10,1,21,,335539,17,0,10,1,20,,335530,17,0,10,1,60,,335509,17,0,10,1,20,,335504,17,0,10,1,26,,335540,17,0,10,1,66,,335531,17,0,10,1,27,,335505,17,0,10,1,66,,335523,17,0,10,2,26,,335510,17,0,10,1,21,,335532,17,0,10,1,60,,335506,17,0,10,1,25,,335517,17,0,10,1,68,,335511,17,0,10,1,28,,335524,17,0,10,2,69,,335518,17,0,10,1,27,,335512,17,0,10,1,68,,335525,17,0,10,2,28,,335519,17,0,10,1,26,,335513,17,0,10,1,67,,335526,17,0,10,2,28,,335520,17,0,10,1,71,,335514,17,0,10,1,33,,335527,17,0,10,2,72,,335521,17,0,10,1,32,,335515,17,0,10,1,71,,335496,17,0,10,1,72,,335522,17,0,10,1,32,,335516,17,0,10,1
18602,'H54S000I-80-I',444,,335542,17,0,10,1,71,,335562,17,0,10,1,32,,335543,17,0,10,1,71,,335563,17,0,10,1,31,,335544,17,0,10,1,72,,335564,17,0,10,1,32,,335545,17,0,10,1,72,,335565,17,0,10,1,33,,335546,17,0,10,1,72,,335566,17,0,10,1,72,,335541,17,0,10,2,31,,335547,17,0,10,1,70,,335567,17,0,10,1,30,,335572,17,0,10,2,70,,335558,17,0,10,1,29,,335568,17,0,10,1,69,,335573,17,0,10,2,19,,335582,17,0,10,2,19,,335559,17,0,10,1,67,,335574,17,0,10,2,27,,335553,17,0,10,2,67,,335560,17,0,10,1,27,,335575,17,0,10,2,27,,335554,17,0,10,2,67,,335561,17,0,10,1,31,,335576,17,0,10,2,72,,335577,17,0,10,1,30,,335580,17,0,10,1,70,,335555,17,0,10,2,28,,335578,17,0,10,1,67,,335551,17,0,10,1,28,,335556,17,0,10,2,72,,335579,17,0,10,1,32,,335552,17,0,10,1,71,,335557,17,0,10,2,29,,335569,17,0,10,1,71,,335548,17,0,10,1,31,,335570,17,0,10,1,71,,335549,17,0,10,1,31,,335571,17,0,10,1,71,,335550,17,0,10,1,20,,335581,17,0,10,1
18602,'H54S000S-80-S',446,,335600,17,0,10,2,57,,335603,17,0,10,1,17,,335584,17,0,10,1,20,,335589,17,0,10,2,60,,335601,17,0,10,2,41,,335591,17,0,10,2,15,,335590,17,0,10,2,54,,335634,17,0,10,1,14,,335602,17,0,10,2,31,,335604,17,0,10,1,70,,335599,17,0,10,2,30,,335621,17,0,10,2,70,,335605,17,0,10,1,30,,335615,17,0,10,2,68,,335622,17,0,10,2,28,,335606,17,0,10,1,60,,335626,17,0,10,1,20,,335616,17,0,10,2,20,,335623,17,0,10,2,60,,335617,17,0,10,2,19,,335607,17,0,10,1,20,,335627,17,0,10,1,63,,335624,17,0,10,2,20,,335618,17,0,10,2,20,,335608,17,0,10,1,60,,335628,17,0,10,1,15,,335593,17,0,10,2,15,,335625,17,0,10,2,15,,335619,17,0,10,2,63,,335609,17,0,10,1,21,,335629,17,0,10,1,59,,335594,17,0,10,2,25,,335620,17,0,10,2,25,,335598,17,0,10,2,65,,335630,17,0,10,1,24,,335595,17,0,10,2,66,,335583,17,0,10,1,25,,335596,17,0,10,2,25,,335610,17,0,10,2,66,,335632,17,0,10,1,30,,335597,17,0,10,2,71,,335611,17,0,10,2,31,,335587,17,0,10,1,71,,335585,17,0,10,1,29,,335612,17,0,10,2,69,,335588,17,0,10,1,27,,335586,17,0,10,1,70,,335613,17,0,10,2,29,,335633,17,0,10,2,68,,335631,17,0,10,1,28,,335614,17,0,10,2
18602,'H54S100F-80-F1',444,,335636,17,0,10,1,71,,335656,17,0,10,1,32,,335637,17,0,10,1,71,,335657,17,0,10,1,31,,335638,17,0,10,1,72,,335658,17,0,10,1,32,,335639,17,0,10,1,72,,335659,17,0,10,1,33,,335640,17,0,10,1,72,,335660,17,0,10,1,72,,335635,17,0,10,2,31,,335641,17,0,10,1,70,,335661,17,0,10,1,30,,335666,17,0,10,2,70,,335652,17,0,10,1,29,,335662,17,0,10,1,69,,335667,17,0,10,2,19,,335676,17,0,10,2,19,,335653,17,0,10,1,67,,335668,17,0,10,2,27,,335647,17,0,10,2,67,,335654,17,0,10,1,27,,335669,17,0,10,2,27,,335648,17,0,10,2,67,,335655,17,0,10,1,31,,335670,17,0,10,2,72,,335671,17,0,10,1,30,,335674,17,0,10,1,70,,335649,17,0,10,2,28,,335672,17,0,10,1,67,,335645,17,0,10,1,28,,335650,17,0,10,2,72,,335673,17,0,10,1,32,,335646,17,0,10,1,71,,335651,17,0,10,2,29,,335663,17,0,10,1,71,,335642,17,0,10,1,31,,335664,17,0,10,1,71,,335643,17,0,10,1,31,,335665,17,0,10,1,71,,335644,17,0,10,1,20,,335675,17,0,10,1
18602,'H54S200F-80-F2',444,,335678,17,0,10,1,71,,335698,17,0,10,1,32,,335679,17,0,10,1,71,,335699,17,0,10,1,31,,335680,17,0,10,1,72,,335700,17,0,10,1,32,,335681,17,0,10,1,72,,335701,17,0,10,1,33,,335682,17,0,10,1,72,,335702,17,0,10,1,72,,335677,17,0,10,2,31,,335683,17,0,10,1,70,,335703,17,0,10,1,30,,335708,17,0,10,2,70,,335694,17,0,10,1,29,,335704,17,0,10,1,69,,335709,17,0,10,2,19,,335718,17,0,10,2,19,,335695,17,0,10,1,67,,335710,17,0,10,2,27,,335689,17,0,10,2,67,,335696,17,0,10,1,27,,335711,17,0,10,2,27,,335690,17,0,10,2,67,,335697,17,0,10,1,31,,335712,17,0,10,2,72,,335713,17,0,10,1,30,,335716,17,0,10,1,70,,335691,17,0,10,2,28,,335714,17,0,10,1,67,,335687,17,0,10,1,28,,335692,17,0,10,2,72,,335715,17,0,10,1,32,,335688,17,0,10,1,71,,335693,17,0,10,2,29,,335705,17,0,10,1,71,,335684,17,0,10,1,31,,335706,17,0,10,1,71,,335685,17,0,10,1,31,,335707,17,0,10,1,71,,335686,17,0,10,1,20,,335717,17,0,10,1
18602,'H57S000S-80-S',621,,335719,17,0,10,1
36202,'H54S000A-80-A',2549,,346682,26,0,10,2,88,,346684,26,0,10,1,85,,346681,26,0,10,1,85,,346680,26,0,10,1,42,,346683,26,0,10,1
36202,'H54S000I-80-I',2549,,346688,26,0,10,2,85,,346686,26,0,10,1,85,,346687,26,0,10,2,85,,346685,26,0,10,1,45,,346689,26,0,10,2
36202,'H54S000S-80-S',2548,,346691,26,0,10,2,85,,346694,26,0,10,1,85,,346693,26,0,10,1,86,,346690,26,0,10,1,45,,346692,26,0,10,1
36202,'H54S100F-80-F1',2549,,346698,26,0,10,2,85,,346696,26,0,10,1,85,,346697,26,0,10,2,85,,346695,26,0,10,1,45,,346699,26,0,10,2
36202,'H54S200F-80-F2',2549,,346703,26,0,10,2,85,,346701,26,0,10,1,85,,346702,26,0,10,2,85,,346700,26,0,10,1,45,,346704,26,0,10,2
43002,'H57S000S-80-S',537,,347906,12,0,10,1,72,,347909,12,0,10,2,32,,347910,12,0,10,2,71,,347911,12,0,10,1,30,,347914,12,0,10,2,70,,347915,12,0,10,2,30,,347913,12,0,10,1,71,,347907,12,0,10,1,31,,347908,12,0,10,1,71,,347916,12,0,10,1,30,,347912,12,0,10,1,67,,347917,12,0,10,1,30,,347918,12,0,10,1,69,,347919,12,0,10,1
48602,'H54S000S-80-S',618,,350411,14,0,10,2,21,,350415,14,0,10,2,15,,350420,14,0,10,2,53,,350419,14,0,10,2,28,,350413,14,0,10,1,14,,350418,14,0,10,2,61,,350412,14,0,10,2,24,,350414,14,0,10,2,66,,350417,14,0,10,2,27,,350416,14,0,10,2
48602,'H57S000S-80-S',557,,350421,14,0,10,1,164,,350422,14,0,10,1
