11704,'H60S000A-80-A',724,,320637,22,0,9,1,86,,320638,22,0,9,1,46,,320639,22,0,9,1,86,,320640,22,0,9,1,87,,320641,22,0,9,1,87,,320642,22,0,9,1,87,,320643,22,0,9,1,48,,320644,22,0,9,1,88,,320645,22,0,9,1,88,,320646,22,0,9,1,89,,320647,22,0,9,1,91,,320648,22,0,9,1,50,,320649,22,0,9,1,89,,320650,22,0,9,1,88,,320651,22,0,9,1,86,,320652,22,0,9,1,86,,320653,22,0,9,1
11704,'H60S000I-81-I',924,,320654,22,0,9,1,88,,320655,22,0,9,1,89,,320656,22,0,9,1,49,,320657,22,0,9,1,89,,320658,22,0,9,1,89,,320659,22,0,9,1,90,,320660,22,0,9,1,90,,320661,22,0,9,1,50,,320662,22,0,9,1,90,,320663,22,0,9,1,88,,320664,22,0,9,1,85,,320665,22,0,9,1,85,,320666,22,0,9,1,45,,320667,22,0,9,1,85,,320668,22,0,9,1
11704,'H60S000S-83-S',622,,320679,22,0,9,1,26,,320683,22,0,9,2,64,,320680,22,0,9,1,19,,320687,22,0,9,2,21,,320684,22,0,9,2,66,,320681,22,0,9,1,33,,320685,22,0,9,2,71,,320682,22,0,9,1,33,,320686,22,0,9,2,84,,320669,22,0,9,1,91,,320670,22,0,9,1,91,,320671,22,0,9,1,91,,320672,22,0,9,1,92,,320673,22,0,9,1,52,,320674,22,0,9,1,72,,320688,22,0,9,1,31,,320675,22,0,9,1,72,,320689,22,0,9,1,70,,320676,22,0,9,1,32,,320690,22,0,9,1,70,,320677,22,0,9,1,31,,320691,22,0,9,1,78,,320678,22,0,9,1
11704,'H60S100F-80-F1',924,,320692,22,0,9,1,88,,320693,22,0,9,1,89,,320694,22,0,9,1,49,,320695,22,0,9,1,89,,320696,22,0,9,1,89,,320697,22,0,9,1,90,,320698,22,0,9,1,90,,320699,22,0,9,1,50,,320700,22,0,9,1,90,,320701,22,0,9,1,88,,320702,22,0,9,1,85,,320703,22,0,9,1,85,,320704,22,0,9,1,45,,320705,22,0,9,1,85,,320706,22,0,9,1
11704,'H60S200F-80-F2',924,,320707,22,0,9,1,88,,320708,22,0,9,1,89,,320709,22,0,9,1,49,,320710,22,0,9,1,89,,320711,22,0,9,1,89,,320712,22,0,9,1,90,,320713,22,0,9,1,90,,320714,22,0,9,1,50,,320715,22,0,9,1,90,,320716,22,0,9,1,88,,320717,22,0,9,1,85,,320718,22,0,9,1,85,,320719,22,0,9,1,45,,320720,22,0,9,1,85,,320721,22,0,9,1
12804,'H50S000A-82-A',617,,323400,24,0,9,1,27,,323394,24,0,9,2,68,,323416,24,0,9,2,30,,323411,24,0,9,1,72,,323395,24,0,9,2,30,,323429,24,0,9,1,75,,323417,24,0,9,2,34,,323412,24,0,9,1,69,,323396,24,0,9,2,31,,323421,24,0,9,1,70,,323425,24,0,9,2,32,,323401,24,0,9,1,71,,323413,24,0,9,1,30,,323405,24,0,9,2,69,,323418,24,0,9,2,30,,323408,24,0,9,1,71,,323397,24,0,9,2,30,,323422,24,0,9,1,69,,323426,24,0,9,2,29,,323402,24,0,9,1,65,,323414,24,0,9,1,35,,323406,24,0,9,2,65,,323419,24,0,9,2,25,,323409,24,0,9,1,76,,323398,24,0,9,2,29,,323423,24,0,9,1,67,,323427,24,0,9,2,29,,323403,24,0,9,1,68,,323415,24,0,9,1,29,,323407,24,0,9,2,73,,323420,24,0,9,2,28,,323410,24,0,9,1,69,,323399,24,0,9,2,30,,323424,24,0,9,1,71,,323428,24,0,9,2,31,,323404,24,0,9,1
12804,'H50S000I-82-I',616,,323430,24,0,9,2,28,,323431,24,0,9,1,65,,323457,24,0,9,1,32,,323437,24,0,9,2,72,,323446,24,0,9,1,31,,323442,24,0,9,1,72,,323454,24,0,9,2,29,,323451,24,0,9,2,72,,323432,24,0,9,1,30,,323458,24,0,9,1,68,,323438,24,0,9,2,30,,323447,24,0,9,1,69,,323443,24,0,9,1,30,,323455,24,0,9,2,77,,323452,24,0,9,2,34,,323433,24,0,9,1,70,,323459,24,0,9,1,31,,323439,24,0,9,2,72,,323448,24,0,9,1,27,,323453,24,0,9,2,63,,323434,24,0,9,1,33,,323460,24,0,9,1,72,,323440,24,0,9,2,30,,323449,24,0,9,1,69,,323463,24,0,9,2,29,,323444,24,0,9,1,70,,323456,24,0,9,2,30,,323435,24,0,9,1,69,,323461,24,0,9,1,33,,323441,24,0,9,2,70,,323450,24,0,9,1,27,,323464,24,0,9,2,69,,323445,24,0,9,1,31,,323465,24,0,9,1,67,,323436,24,0,9,1,23,,323462,24,0,9,1
12804,'H50S000S-82-S',545,,323466,24,0,9,1,79,,323467,24,0,9,2,28,,323468,24,0,9,1,80,,323499,24,0,9,1,75,,323470,24,0,9,1,33,,323492,24,0,9,1,71,,323486,24,0,9,1,26,,323481,24,0,9,1,68,,323500,24,0,9,1,31,,323471,24,0,9,1,66,,323493,24,0,9,1,26,,323487,24,0,9,1,31,,323482,24,0,9,1,77,,323501,24,0,9,1,65,,323472,24,0,9,1,28,,323494,24,0,9,1,77,,323488,24,0,9,1,33,,323483,24,0,9,1,64,,323474,24,0,9,2,40,,323473,24,0,9,1,78,,323469,24,0,9,1,37,,323489,24,0,9,1,76,,323484,24,0,9,1,71,,323478,24,0,9,1,25,,323498,24,0,9,1,20,,323496,24,0,9,1,67,,323475,24,0,9,1,27,,323490,24,0,9,1,65,,323485,24,0,9,1,28,,323479,24,0,9,1,72,,323497,24,0,9,1,37,,323476,24,0,9,1,70,,323491,24,0,9,1,31,,323480,24,0,9,1,68,,323495,24,0,9,1,29,,323477,24,0,9,1
12804,'H50S100F-80-F1',616,,323502,24,0,9,2,28,,323503,24,0,9,1,65,,323529,24,0,9,1,32,,323509,24,0,9,2,72,,323518,24,0,9,1,31,,323514,24,0,9,1,72,,323526,24,0,9,2,29,,323523,24,0,9,2,72,,323504,24,0,9,1,30,,323530,24,0,9,1,68,,323510,24,0,9,2,30,,323519,24,0,9,1,69,,323515,24,0,9,1,30,,323527,24,0,9,2,77,,323524,24,0,9,2,34,,323505,24,0,9,1,70,,323531,24,0,9,1,31,,323511,24,0,9,2,72,,323520,24,0,9,1,27,,323525,24,0,9,2,63,,323506,24,0,9,1,33,,323532,24,0,9,1,72,,323512,24,0,9,2,30,,323521,24,0,9,1,69,,323535,24,0,9,2,29,,323516,24,0,9,1,70,,323528,24,0,9,2,30,,323507,24,0,9,1,69,,323533,24,0,9,1,33,,323513,24,0,9,2,70,,323522,24,0,9,1,27,,323536,24,0,9,2,69,,323517,24,0,9,1,31,,323537,24,0,9,1,67,,323508,24,0,9,1,23,,323534,24,0,9,1
12804,'H50S200F-80-F2',616,,323538,24,0,9,2,28,,323539,24,0,9,1,65,,323565,24,0,9,1,32,,323545,24,0,9,2,72,,323554,24,0,9,1,31,,323550,24,0,9,1,72,,323562,24,0,9,2,29,,323559,24,0,9,2,72,,323540,24,0,9,1,30,,323566,24,0,9,1,68,,323546,24,0,9,2,30,,323555,24,0,9,1,69,,323551,24,0,9,1,30,,323563,24,0,9,2,77,,323560,24,0,9,2,34,,323541,24,0,9,1,70,,323567,24,0,9,1,31,,323547,24,0,9,2,72,,323556,24,0,9,1,27,,323561,24,0,9,2,63,,323542,24,0,9,1,33,,323568,24,0,9,1,72,,323548,24,0,9,2,30,,323557,24,0,9,1,69,,323571,24,0,9,2,29,,323552,24,0,9,1,70,,323564,24,0,9,2,30,,323543,24,0,9,1,69,,323569,24,0,9,1,33,,323549,24,0,9,2,70,,323558,24,0,9,1,27,,323572,24,0,9,2,69,,323553,24,0,9,1,31,,323573,24,0,9,1,67,,323544,24,0,9,1,23,,323570,24,0,9,1
12804,'H60S000S-83-S',559,,323574,24,0,9,1
36801,'H57S000A-80-A',2524,,346903,3,0,5,1,85,,346900,3,0,5,2,49,,346902,3,0,5,1,82,,346901,3,0,5,1,84,,346904,3,0,5,1
36801,'H57S000I-80-I',2524,,346905,3,0,5,1,85,,346906,3,0,5,1,46,,346908,3,0,5,1,84,,346909,3,0,5,1,85,,346907,3,0,5,1
36801,'H57S000S-80-S',2523,,346910,3,0,5,1,86,,346913,3,0,5,1,94,,346914,3,0,5,1,36,,346912,3,0,5,1,96,,346911,3,0,5,1
36801,'H57S100F-80-F1',2524,,346915,3,0,5,1,85,,346916,3,0,5,1,46,,346918,3,0,5,1,84,,346919,3,0,5,1,85,,346917,3,0,5,1
36801,'H57S200F-80-F2',2524,,346920,3,0,5,1,85,,346921,3,0,5,1,46,,346923,3,0,5,1,84,,346924,3,0,5,1,85,,346922,3,0,5,1
