1801,'H51S000A-80-A',531,,290014,28,0,5,1,73,,290000,28,0,5,2,33,,290004,28,0,5,1,73,,290015,28,0,5,1,30,,290001,28,0,5,2,68,,290030,28,0,5,1,27,,290005,28,0,5,1,67,,290016,28,0,5,1,23,,290002,28,0,5,2,22,,290036,28,0,5,1,59,,290031,28,0,5,1,21,,290006,28,0,5,1,24,,290050,28,0,5,1,62,,290054,28,0,5,1,22,,290059,28,0,5,1,21,,290037,28,0,5,1,56,,290032,28,0,5,1,17,,290007,28,0,5,1,14,,290017,28,0,5,1,14,,290051,28,0,5,1,53,,290066,28,0,5,1,10,,290025,28,0,5,1,10,,290055,28,0,5,1,10,,290070,28,0,5,1,10,,290060,28,0,5,1,50,,290044,28,0,5,1,10,,290038,28,0,5,1,10,,290033,28,0,5,1,10,,290063,28,0,5,2,9,,290008,28,0,5,1,10,,290077,28,0,5,2,10,,290018,28,0,5,1,50,,290052,28,0,5,1,10,,290067,28,0,5,1,10,,290026,28,0,5,1,10,,290056,28,0,5,1,10,,290071,28,0,5,1,10,,290061,28,0,5,1,50,,290045,28,0,5,1,10,,290039,28,0,5,1,9,,290034,28,0,5,1,9,,290064,28,0,5,2,9,,290009,28,0,5,1,10,,290078,28,0,5,2,50,,290019,28,0,5,1,9,,290053,28,0,5,1,8,,290068,28,0,5,1,8,,290003,28,0,5,2,6,,290027,28,0,5,1,7,,290057,28,0,5,1,6,,290058,28,0,5,2,6,,290072,28,0,5,1,45,,290035,28,0,5,1,7,,290062,28,0,5,1,7,,290046,28,0,5,1,8,,290085,28,0,5,2,8,,290040,28,0,5,1,7,,290065,28,0,5,2,7,,290024,28,0,5,1,7,,290010,28,0,5,1,49,,290079,28,0,5,2,10,,290020,28,0,5,1,10,,290069,28,0,5,1,10,,290080,28,0,5,1,10,,290028,28,0,5,1,10,,290073,28,0,5,1,50,,290086,28,0,5,2,10,,290047,28,0,5,1,15,,290041,28,0,5,1,15,,290011,28,0,5,1,15,,290087,28,0,5,2,55,,290021,28,0,5,1,15,,290081,28,0,5,1,14,,290084,28,0,5,2,13,,290074,28,0,5,1,56,,290048,28,0,5,1,16,,290042,28,0,5,1,18,,290012,28,0,5,1,58,,290022,28,0,5,1,16,,290082,28,0,5,1,18,,290075,28,0,5,1,20,,290049,28,0,5,1,60,,290043,28,0,5,1,22,,290023,28,0,5,1,22,,290013,28,0,5,1,61,,290083,28,0,5,1,20,,290076,28,0,5,1,61,,290029,28,0,5,1
1801,'H51S000I-80-I',639,,290105,28,0,5,1,70,,290112,28,0,5,1,33,,290088,28,0,5,1,71,,290097,28,0,5,1,31,,290106,28,0,5,1,73,,290113,28,0,5,1,32,,290117,28,0,5,1,68,,290098,28,0,5,1,26,,290107,28,0,5,1,64,,290089,28,0,5,1,27,,290124,28,0,5,1,22,,290118,28,0,5,1,62,,290099,28,0,5,1,21,,290129,28,0,5,1,19,,290108,28,0,5,1,55,,290090,28,0,5,1,16,,290130,28,0,5,1,14,,290125,28,0,5,1,14,,290132,28,0,5,2,53,,290136,28,0,5,1,13,,290100,28,0,5,1,13,,290138,28,0,5,2,13,,290103,28,0,5,1,52,,290109,28,0,5,1,11,,290115,28,0,5,1,11,,290091,28,0,5,1,12,,290131,28,0,5,1,12,,290126,28,0,5,1,12,,290133,28,0,5,2,52,,290137,28,0,5,1,10,,290144,28,0,5,1,8,,290101,28,0,5,1,7,,290139,28,0,5,2,7,,290148,28,0,5,1,7,,290104,28,0,5,1,7,,290153,28,0,5,2,47,,290110,28,0,5,1,7,,290155,28,0,5,2,6,,290116,28,0,5,1,8,,290102,28,0,5,1,8,,290128,28,0,5,2,10,,290092,28,0,5,1,10,,290127,28,0,5,1,50,,290134,28,0,5,2,10,,290114,28,0,5,1,10,,290145,28,0,5,1,10,,290154,28,0,5,2,10,,290149,28,0,5,1,10,,290140,28,0,5,2,50,,290111,28,0,5,1,15,,290122,28,0,5,1,20,,290093,28,0,5,1,17,,290135,28,0,5,2,59,,290146,28,0,5,1,22,,290150,28,0,5,1,21,,290141,28,0,5,1,60,,290123,28,0,5,1,20,,290094,28,0,5,1,20,,290119,28,0,5,1,59,,290147,28,0,5,1,19,,290151,28,0,5,1,22,,290142,28,0,5,1,64,,290095,28,0,5,1,24,,290120,28,0,5,1,63,,290152,28,0,5,1,30,,290143,28,0,5,1,68,,290096,28,0,5,1,29,,290121,28,0,5,1
1801,'H51S000S-81-S',516,,290167,28,0,5,1,28,,290185,28,0,5,1,70,,290156,28,0,5,1,25,,290170,28,0,5,1,12,,290190,28,0,5,1,52,,290198,24,0,5,1,13,,290168,28,0,5,1,10,,290213,24,0,5,1,8,,290176,28,0,5,1,7,,290162,24,0,5,1,4,,290186,28,0,5,1,3,,290221,24,0,5,1,54,,290222,24,0,5,1,5,,290231,28,0,5,1,6,,290189,24,0,5,1,6,,290157,28,0,5,1,21,,290191,24,0,5,1,9,,290171,28,0,5,1,10,,290204,24,0,5,1,50,,290208,28,0,5,1,10,,290199,24,0,5,1,10,,290169,28,0,5,1,10,,290177,24,0,5,1,10,,290214,28,0,5,1,10,,290163,28,0,5,1,50,,290223,28,0,5,1,10,,290232,28,0,5,1,12,,290158,28,0,5,1,12,,290192,28,0,5,1,12,,290172,28,0,5,1,52,,290205,28,0,5,1,12,,290209,28,0,5,1,12,,290200,28,0,5,1,14,,290178,28,0,5,1,12,,290215,28,0,5,1,52,,290164,28,0,5,1,11,,290224,28,0,5,1,12,,290233,28,0,5,1,12,,290159,28,0,5,1,12,,290193,28,0,5,1,51,,290173,28,0,5,1,10,,290206,28,0,5,1,11,,290210,28,0,5,1,10,,290236,28,0,5,1,10,,290201,28,0,5,1,10,,290179,28,0,5,1,51,,290216,28,0,5,1,10,,290165,28,0,5,1,10,,290225,28,0,5,1,9,,290182,28,0,5,1,10,,290234,28,0,5,1,10,,290160,28,0,5,1,49,,290194,28,0,5,1,9,,290247,28,0,5,1,12,,290174,28,0,5,1,7,,290248,28,0,5,1,6,,290207,28,0,5,1,6,,290211,28,0,5,1,8,,290251,28,0,5,1,51,,290258,28,0,5,1,10,,290237,24,0,5,1,4,,290202,28,0,5,1,5,,290260,24,0,5,2,5,,290180,28,0,5,1,5,,290261,24,0,5,2,6,,290217,28,0,5,1,5,,290166,24,0,5,1,6,,290226,28,0,5,1,6,,290187,24,0,5,1,46,,290239,28,0,5,2,6,,290183,24,0,5,1,5,,290235,28,0,5,1,6,,290161,24,0,5,1,5,,290241,28,0,5,1,10,,290266,28,0,5,1,4,,290240,24,0,5,1,5,,290195,28,0,5,1,5,,290175,24,0,5,1,6,,290246,28,0,5,2,45,,290212,24,0,5,1,5,,290249,28,0,5,1,5,,290259,24,0,5,1,5,,290252,28,0,5,1,6,,290184,24,0,5,1,6,,290268,28,0,5,2,6,,290255,24,0,5,1,11,,290181,24,0,5,1,5,,290238,28,0,5,1,5,,290219,24,0,5,2,45,,290218,28,0,5,1,9,,290227,28,0,5,1,10,,290188,28,0,5,1,11,,290242,28,0,5,1,10,,290267,28,0,5,1,9,,290196,28,0,5,1,10,,290262,28,0,5,1,50,,290250,28,0,5,1,12,,290253,28,0,5,1,10,,290269,28,0,5,2,12,,290256,28,0,5,1,12,,290220,28,0,5,2,54,,290228,28,0,5,1,15,,290243,28,0,5,1,16,,290197,28,0,5,1,16,,290263,28,0,5,1,56,,290254,28,0,5,1,16,,290270,28,0,5,2,17,,290257,28,0,5,1,58,,290229,28,0,5,1,16,,290272,28,0,5,2,17,,290244,28,0,5,1,20,,290264,28,0,5,1,60,,290271,28,0,5,2,21,,290203,28,0,5,1,20,,290230,28,0,5,1,58,,290245,28,0,5,1,20,,290265,28,0,5,1
1801,'H51S100F-80-F1',639,,290287,28,0,5,1,70,,290327,28,0,5,1,33,,290273,28,0,5,1,71,,290282,28,0,5,1,31,,290288,28,0,5,1,73,,290328,28,0,5,1,32,,290319,28,0,5,1,68,,290283,28,0,5,1,26,,290289,28,0,5,1,64,,290274,28,0,5,1,27,,290294,28,0,5,1,22,,290320,28,0,5,1,62,,290284,28,0,5,1,21,,290298,28,0,5,1,19,,290290,28,0,5,1,55,,290275,28,0,5,1,16,,290336,28,0,5,1,14,,290295,28,0,5,1,14,,290299,28,0,5,2,53,,290303,28,0,5,1,13,,290285,28,0,5,1,13,,290305,28,0,5,2,13,,290317,28,0,5,1,52,,290291,28,0,5,1,11,,290321,28,0,5,1,11,,290276,28,0,5,1,12,,290337,28,0,5,1,12,,290296,28,0,5,1,12,,290300,28,0,5,2,52,,290304,28,0,5,1,10,,290307,28,0,5,1,8,,290286,28,0,5,1,7,,290306,28,0,5,2,7,,290311,28,0,5,1,7,,290318,28,0,5,1,7,,290325,28,0,5,2,47,,290292,28,0,5,1,7,,290316,28,0,5,2,6,,290322,28,0,5,1,8,,290324,28,0,5,1,8,,290335,28,0,5,2,10,,290277,28,0,5,1,10,,290297,28,0,5,1,50,,290301,28,0,5,2,10,,290332,28,0,5,1,10,,290308,28,0,5,1,10,,290326,28,0,5,2,10,,290312,28,0,5,1,10,,290323,28,0,5,2,50,,290293,28,0,5,1,15,,290333,28,0,5,1,20,,290278,28,0,5,1,17,,290302,28,0,5,2,59,,290309,28,0,5,1,22,,290313,28,0,5,1,21,,290338,28,0,5,1,60,,290334,28,0,5,1,20,,290279,28,0,5,1,20,,290329,28,0,5,1,59,,290310,28,0,5,1,19,,290314,28,0,5,1,22,,290339,28,0,5,1,64,,290280,28,0,5,1,24,,290330,28,0,5,1,63,,290315,28,0,5,1,30,,290340,28,0,5,1,68,,290281,28,0,5,1,29,,290331,28,0,5,1
1801,'H51S200F-80-F2',639,,290355,28,0,5,1,70,,290395,28,0,5,1,33,,290341,28,0,5,1,71,,290350,28,0,5,1,31,,290356,28,0,5,1,73,,290396,28,0,5,1,32,,290387,28,0,5,1,68,,290351,28,0,5,1,26,,290357,28,0,5,1,64,,290342,28,0,5,1,27,,290362,28,0,5,1,22,,290388,28,0,5,1,62,,290352,28,0,5,1,21,,290366,28,0,5,1,19,,290358,28,0,5,1,55,,290343,28,0,5,1,16,,290404,28,0,5,1,14,,290363,28,0,5,1,14,,290367,28,0,5,2,53,,290371,28,0,5,1,13,,290353,28,0,5,1,13,,290373,28,0,5,2,13,,290385,28,0,5,1,52,,290359,28,0,5,1,11,,290389,28,0,5,1,11,,290344,28,0,5,1,12,,290405,28,0,5,1,12,,290364,28,0,5,1,12,,290368,28,0,5,2,52,,290372,28,0,5,1,10,,290375,28,0,5,1,8,,290354,28,0,5,1,7,,290374,28,0,5,2,7,,290379,28,0,5,1,7,,290386,28,0,5,1,7,,290393,28,0,5,2,47,,290360,28,0,5,1,7,,290384,28,0,5,2,6,,290390,28,0,5,1,8,,290392,28,0,5,1,8,,290403,28,0,5,2,10,,290345,28,0,5,1,10,,290365,28,0,5,1,50,,290369,28,0,5,2,10,,290400,28,0,5,1,10,,290376,28,0,5,1,10,,290394,28,0,5,2,10,,290380,28,0,5,1,10,,290391,28,0,5,2,50,,290361,28,0,5,1,15,,290401,28,0,5,1,20,,290346,28,0,5,1,17,,290370,28,0,5,2,59,,290377,28,0,5,1,22,,290381,28,0,5,1,21,,290406,28,0,5,1,60,,290402,28,0,5,1,20,,290347,28,0,5,1,20,,290397,28,0,5,1,59,,290378,28,0,5,1,19,,290382,28,0,5,1,22,,290407,28,0,5,1,64,,290348,28,0,5,1,24,,290398,28,0,5,1,63,,290383,28,0,5,1,30,,290408,28,0,5,1,68,,290349,28,0,5,1,29,,290399,28,0,5,1
1801,'H57S000S-80-S',751,,290410,28,0,5,1,7,,290409,28,0,5,1,67,,290411,24,0,5,1,786,,290414,28,0,5,1,120,,290413,24,0,5,1,109,,290412,28,0,5,1
1801,'H59S000S-80-S',754,,290418,24,0,5,1,77,,290415,28,0,5,1,691,,290416,28,0,5,2,80,,290417,28,0,5,1
35301,'H54S000A-80-A',2639,,346036,34,0,5,1,87,,346034,34,0,5,2,85,,346035,34,0,5,1,41,,346033,34,0,5,1
35301,'H54S000I-80-I',2555,,346038,34,0,5,1,86,,346040,34,0,5,1,85,,346041,34,0,5,1,85,,346037,34,0,5,2,41,,346039,34,0,5,1
35301,'H54S000S-80-S',2554,,346042,34,0,5,1,85,,346044,34,0,5,1,85,,346045,34,0,5,1,85,,346043,34,0,5,2,40,,346046,34,0,5,2
35301,'H54S100F-80-F1',2555,,346048,34,0,5,1,86,,346050,34,0,5,1,85,,346051,34,0,5,1,85,,346047,34,0,5,2,41,,346049,34,0,5,1
35301,'H54S200F-80-F2',2555,,346053,34,0,5,1,86,,346055,34,0,5,1,85,,346056,34,0,5,1,85,,346052,34,0,5,2,41,,346054,34,0,5,1
