5504,'H58S000A-80-A',533,,303040,39,0,9,1,71,,303045,39,0,9,1,33,,303030,39,0,9,1,71,,303057,39,0,9,1,32,,303047,39,0,9,2,72,,303053,39,0,9,1,30,,303031,39,0,9,1,70,,303058,39,0,9,1,31,,303048,39,0,9,2,70,,303054,39,0,9,1,31,,303032,39,0,9,1,59,,303063,39,0,9,1,21,,303059,39,0,9,1,20,,303066,39,0,9,1,60,,303036,39,0,9,1,19,,303055,39,0,9,1,11,,303049,39,0,9,1,13,,303071,39,0,9,1,55,,303033,39,0,9,1,13,,303073,39,0,9,1,11,,303064,39,0,9,1,10,,303042,39,0,9,1,11,,303060,39,0,9,1,10,,303074,39,0,9,2,50,,303077,39,0,9,1,11,,303067,39,0,9,1,10,,303037,39,0,9,1,10,,303081,39,0,9,2,10,,303056,39,0,9,1,10,,303050,39,0,9,1,49,,303083,39,0,9,2,10,,303072,39,0,9,1,10,,303087,39,0,9,1,10,,303034,39,0,9,1,10,,303065,39,0,9,1,10,,303092,39,0,9,2,49,,303043,39,0,9,1,9,,303061,39,0,9,1,11,,303075,39,0,9,2,10,,303078,39,0,9,1,10,,303068,39,0,9,1,10,,303038,39,0,9,1,50,,303082,39,0,9,2,11,,303051,39,0,9,1,15,,303084,39,0,9,2,14,,303088,39,0,9,1,55,,303035,39,0,9,1,16,,303041,39,0,9,1,15,,303062,39,0,9,1,14,,303076,39,0,9,2,55,,303079,39,0,9,1,11,,303039,39,0,9,1,15,,303093,39,0,9,1,14,,303052,39,0,9,1,15,,303085,39,0,9,1,56,,303046,39,0,9,1,29,,303069,39,0,9,1,69,,303080,39,0,9,1,30,,303089,39,0,9,1,68,,303086,39,0,9,1,27,,303029,39,0,9,1,67,,303094,39,0,9,1,27,,303090,39,0,9,1,26,,303028,39,0,9,2,71,,303044,39,0,9,1,26,,303070,39,0,9,2,69,,303091,39,0,9,1
5504,'H58S000I-80-I',532,,303097,39,0,9,1,27,,303115,39,0,9,2,70,,303116,39,0,9,1,72,,303104,39,0,9,1,32,,303098,39,0,9,1,74,,303110,39,0,9,1,31,,303117,39,0,9,1,71,,303105,39,0,9,1,34,,303099,39,0,9,1,73,,303111,39,0,9,1,27,,303118,39,0,9,1,70,,303106,39,0,9,1,30,,303125,39,0,9,1,15,,303095,39,0,9,2,56,,303100,39,0,9,1,16,,303112,39,0,9,1,15,,303129,39,0,9,2,56,,303119,39,0,9,1,15,,303120,39,0,9,1,15,,303107,39,0,9,1,15,,303131,39,0,9,1,12,,303128,39,0,9,1,52,,303126,39,0,9,1,11,,303096,39,0,9,2,11,,303101,39,0,9,1,14,,303113,39,0,9,1,55,,303133,39,0,9,1,15,,303130,39,0,9,2,14,,303134,39,0,9,1,15,,303108,39,0,9,1,55,,303139,39,0,9,1,16,,303132,39,0,9,1,15,,303127,39,0,9,1,15,,303102,39,0,9,1,60,,303114,39,0,9,1,21,,303121,39,0,9,1,21,,303135,39,0,9,1,62,,303109,39,0,9,1,26,,303143,39,0,9,1,68,,303103,39,0,9,1,29,,303122,39,0,9,1,23,,303136,39,0,9,1,70,,303140,39,0,9,2,30,,303144,39,0,9,1,71,,303123,39,0,9,1,28,,303137,39,0,9,1,71,,303141,39,0,9,2,31,,303145,39,0,9,1,71,,303124,39,0,9,1,31,,303138,39,0,9,1,68,,303142,39,0,9,2,27,,303146,39,0,9,1
5504,'H58S000S-83-S',536,,303151,39,0,9,1,107,,303174,39,0,9,1,83,,303165,39,0,9,2,14,,303152,39,0,9,1,12,,303147,39,0,9,1,53,,303172,39,0,9,1,12,,303173,39,0,9,2,10,,303167,39,0,9,1,12,,303177,39,0,9,1,12,,303171,39,0,9,2,51,,303181,39,0,9,1,11,,303175,39,0,9,1,10,,303157,39,0,9,1,11,,303176,39,0,9,2,10,,303185,39,0,9,1,10,,303166,39,0,9,2,49,,303153,39,0,9,1,12,,303148,39,0,9,1,21,,303168,39,0,9,1,22,,303178,39,0,9,1,59,,303182,39,0,9,1,20,,303158,39,0,9,1,21,,303186,39,0,9,1,61,,303154,39,0,9,1,20,,303149,39,0,9,1,63,,303169,39,0,9,1,22,,303179,39,0,9,1,22,,303183,39,0,9,1,61,,303159,39,0,9,1,21,,303188,39,0,9,1,21,,303155,39,0,9,1,61,,303150,39,0,9,1,19,,303170,39,0,9,1,23,,303180,39,0,9,1,59,,303191,39,0,9,1,17,,303184,39,0,9,1,15,,303160,39,0,9,1,15,,303189,39,0,9,1,55,,303192,39,0,9,1,16,,303156,39,0,9,1,25,,303190,39,0,9,1,67,,303163,39,0,9,1,25,,303198,39,0,9,1,64,,303161,39,0,9,1,24,,303193,39,0,9,1,25,,303202,39,0,9,2,69,,303164,39,0,9,1,29,,303199,39,0,9,1,69,,303162,39,0,9,1,30,,303194,39,0,9,1,70,,303196,39,0,9,1,29,,303200,39,0,9,1,70,,303187,39,0,9,1,32,,303195,39,0,9,1,69,,303197,39,0,9,1,27,,303201,39,0,9,1
5504,'H58S100F-80-F1',532,,303212,39,0,9,1,27,,303222,39,0,9,1,70,,303203,39,0,9,1,72,,303214,39,0,9,1,32,,303225,39,0,9,1,74,,303223,39,0,9,1,31,,303204,39,0,9,1,71,,303215,39,0,9,1,34,,303226,39,0,9,1,73,,303233,39,0,9,1,27,,303205,39,0,9,1,70,,303216,39,0,9,1,30,,303224,39,0,9,1,15,,303210,39,0,9,1,56,,303227,39,0,9,1,16,,303234,39,0,9,1,15,,303213,39,0,9,1,56,,303206,39,0,9,1,15,,303237,39,0,9,2,15,,303217,39,0,9,1,15,,303238,39,0,9,1,12,,303231,39,0,9,1,52,,303208,39,0,9,1,11,,303211,39,0,9,1,11,,303228,39,0,9,1,14,,303235,39,0,9,1,55,,303239,39,0,9,1,15,,303207,39,0,9,1,14,,303240,39,0,9,1,15,,303218,39,0,9,1,55,,303245,39,0,9,1,16,,303232,39,0,9,1,15,,303209,39,0,9,1,15,,303229,39,0,9,1,60,,303236,39,0,9,1,21,,303246,39,0,9,1,21,,303241,39,0,9,1,62,,303250,39,0,9,2,26,,303251,39,0,9,1,68,,303230,39,0,9,1,29,,303247,39,0,9,1,23,,303242,39,0,9,1,70,,303219,39,0,9,1,30,,303252,39,0,9,1,71,,303248,39,0,9,1,28,,303243,39,0,9,1,71,,303220,39,0,9,1,31,,303253,39,0,9,1,71,,303249,39,0,9,1,31,,303244,39,0,9,1,68,,303221,39,0,9,1,27,,303254,39,0,9,1
5504,'H58S200F-80-F2',532,,303305,39,0,9,1,27,,303290,39,0,9,1,70,,303280,39,0,9,1,72,,303285,39,0,9,1,32,,303293,39,0,9,1,74,,303291,39,0,9,1,31,,303281,39,0,9,1,71,,303286,39,0,9,1,34,,303294,39,0,9,1,73,,303299,39,0,9,1,27,,303282,39,0,9,1,70,,303287,39,0,9,1,30,,303292,39,0,9,1,15,,303264,39,0,9,1,56,,303295,39,0,9,1,16,,303300,39,0,9,1,15,,303306,39,0,9,1,56,,303283,39,0,9,1,15,,303255,39,0,9,2,15,,303288,39,0,9,1,15,,303256,39,0,9,1,12,,303260,39,0,9,1,52,,303262,39,0,9,1,11,,303265,39,0,9,1,11,,303296,39,0,9,1,14,,303301,39,0,9,1,55,,303303,39,0,9,1,15,,303284,39,0,9,1,14,,303267,39,0,9,1,15,,303289,39,0,9,1,55,,303266,39,0,9,1,16,,303261,39,0,9,1,15,,303263,39,0,9,1,15,,303297,39,0,9,1,60,,303302,39,0,9,1,21,,303272,39,0,9,1,21,,303268,39,0,9,1,62,,303304,39,0,9,2,26,,303276,39,0,9,1,68,,303298,39,0,9,1,29,,303273,39,0,9,1,23,,303269,39,0,9,1,70,,303257,39,0,9,1,30,,303277,39,0,9,1,71,,303274,39,0,9,1,28,,303270,39,0,9,1,71,,303258,39,0,9,1,31,,303278,39,0,9,1,71,,303275,39,0,9,1,31,,303271,39,0,9,1,68,,303259,39,0,9,1,27,,303279,39,0,9,1
5504,'H60S000S-83-S',608,,303307,39,0,9,1
36304,'H51S000A-80-A',2618,,346756,39,0,9,1,83,,346755,39,0,9,1,42,,346758,39,0,9,2,84,,346757,39,0,9,1,85,,346759,39,0,9,2
36304,'H51S000I-80-I',2525,,346763,39,0,9,2,89,,346760,39,0,9,1,45,,346764,39,0,9,2,86,,346761,39,0,9,1,79,,346765,39,0,9,2,86,,346762,39,0,9,1
36304,'H51S000S-81-S',2533,,346769,39,0,9,2,84,,346766,39,0,9,1,86,,346770,39,0,9,2,43,,346768,39,0,9,1,84,,346771,39,0,9,2,80,,346767,39,0,9,1
36304,'H51S100F-80-F1',2525,,346775,39,0,9,2,89,,346774,39,0,9,1,45,,346776,39,0,9,2,86,,346772,39,0,9,1,79,,346777,39,0,9,2,86,,346773,39,0,9,1
36304,'H51S200F-80-F2',2525,,346781,39,0,9,2,89,,346780,39,0,9,1,45,,346782,39,0,9,2,86,,346778,39,0,9,1,79,,346783,39,0,9,2,86,,346779,39,0,9,1
