1403,'H57S000A-80-A',817,,289196,6,0,8,1,90,,289197,6,0,8,1,50,,289198,6,0,8,1,90,,289199,6,0,8,1,91,,289200,6,0,8,1,92,,289201,6,0,8,1,95,,289202,6,0,8,1,95,,289203,6,0,8,1,97,,289204,6,0,8,1,97,,289205,6,0,8,1,97,,289206,6,0,8,1,97,,289207,6,0,8,1,96,,289208,6,0,8,1,53,,289209,6,0,8,1
1403,'H57S000I-80-I',909,,289210,6,0,8,1,50,,289211,6,0,8,1,93,,289212,6,0,8,1,95,,289213,6,0,8,1,96,,289214,6,0,8,1,97,,289215,6,0,8,1,96,,289216,6,0,8,1,97,,289217,6,0,8,1,92,,289218,6,0,8,1,93,,289219,6,0,8,1,92,,289220,6,0,8,1,91,,289221,6,0,8,1,50,,289222,6,0,8,1
1403,'H57S000S-80-S',635,,289223,6,0,8,1,21,,289236,6,0,8,2,61,,289226,6,0,8,1,23,,289224,6,0,8,1,65,,289237,6,0,8,2,25,,289227,6,0,8,1,25,,289225,6,0,8,1,66,,289238,6,0,8,2,33,,289228,6,0,8,1,73,,289239,6,0,8,2,28,,289229,6,0,8,1,70,,289240,6,0,8,2,29,,289242,6,0,8,2,68,,289230,6,0,8,1,29,,289241,6,0,8,2,62,,289243,6,0,8,2,27,,289231,6,0,8,1,71,,289248,6,0,8,2,26,,289244,6,0,8,2,66,,289249,6,0,8,2,25,,289232,6,0,8,1,23,,289245,6,0,8,2,65,,289250,6,0,8,2,25,,289251,6,0,8,2,67,,289233,6,0,8,1,27,,289246,6,0,8,2,67,,289252,6,0,8,2,28,,289234,6,0,8,1,29,,289247,6,0,8,2,73,,289235,6,0,8,1
1403,'H57S100F-80-F1',909,,289253,6,0,8,1,50,,289254,6,0,8,1,93,,289255,6,0,8,1,95,,289256,6,0,8,1,96,,289257,6,0,8,1,97,,289258,6,0,8,1,96,,289259,6,0,8,1,97,,289260,6,0,8,1,92,,289261,6,0,8,1,93,,289262,6,0,8,1,92,,289263,6,0,8,1,91,,289264,6,0,8,1,50,,289265,6,0,8,1
1403,'H57S200F-80-F2',909,,289266,6,0,8,1,50,,289267,6,0,8,1,93,,289268,6,0,8,1,95,,289269,6,0,8,1,96,,289270,6,0,8,1,97,,289271,6,0,8,1,96,,289272,6,0,8,1,97,,289273,6,0,8,1,92,,289274,6,0,8,1,93,,289275,6,0,8,1,92,,289276,6,0,8,1,91,,289277,6,0,8,1,50,,289278,6,0,8,1
36103,'H51S000A-80-A',2510,,346560,8,0,8,1,9,,346548,8,0,8,1,10,,346538,8,0,8,1,10,,346569,8,0,8,2,5,,346546,8,0,8,1,6,,346555,8,0,8,1,5,,346566,8,0,8,2,45,,346541,8,0,8,2,4,,346558,8,0,8,1,6,,346550,8,0,8,1,7,,346552,8,0,8,1,9,,346544,8,0,8,1,5,,346543,8,0,8,1,5,,346562,8,0,8,1,6,,346540,8,0,8,1,5,,346565,8,0,8,2,5,,346539,8,0,8,1,3,,346561,8,0,8,2,3,,346554,8,0,8,1,43,,346571,8,0,8,2,4,,346570,8,0,8,2,4,,346547,8,0,8,1,4,,346556,8,0,8,1,4,,346549,8,0,8,1,5,,346567,8,0,8,2,6,,346559,8,0,8,1,6,,346551,8,0,8,1,6,,346553,8,0,8,1,4,,346542,8,0,8,2,9,,346545,8,0,8,1,50,,346563,8,0,8,1,10,,346568,8,0,8,2,11,,346564,8,0,8,2,14,,346557,8,0,8,1
36103,'H51S000I-80-I',2452,,346576,8,0,8,1,68,,346572,8,0,8,1,22,,346575,8,0,8,1,80,,346577,8,0,8,1,85,,346573,8,0,8,1,45,,346578,8,0,8,1,85,,346574,8,0,8,1
36103,'H51S000S-81-S',2452,,346584,8,0,8,1,63,,346593,8,0,8,2,16,,346594,2,0,8,2,1,,346588,8,0,8,1,17,,346582,8,0,8,1,53,,346592,8,0,8,1,13,,346579,8,0,8,1,17,,346590,8,0,8,1,10,,346585,8,0,8,1,11,,346581,8,0,8,1,48,,346586,8,0,8,1,7,,346580,8,0,8,1,13,,346589,8,0,8,1,8,,346583,8,0,8,1,23,,346591,8,0,8,1,85,,346587,8,0,8,1
36103,'H51S000S-81-SV',2459,,346602,8,0,8,2,49,,346601,8,0,8,2,15,,346600,8,0,8,2,18,,346597,8,0,8,2,15,,346599,8,0,8,2,52,,346598,8,0,8,2,14,,346603,8,0,8,2,92,,346596,8,0,8,2,23,,346595,8,0,8,2
36103,'H51S100F-80-F1',2452,,346608,8,0,8,1,68,,346604,8,0,8,1,22,,346605,8,0,8,1,80,,346609,8,0,8,1,85,,346606,8,0,8,1,45,,346610,8,0,8,1,85,,346607,8,0,8,1
36103,'H51S200F-80-F2',2452,,346615,8,0,8,1,68,,346611,8,0,8,1,22,,346612,8,0,8,1,80,,346616,8,0,8,1,85,,346613,8,0,8,1,45,,346617,8,0,8,1,85,,346614,8,0,8,1
