5703,'H56S000A-80-A',537,,303754,10,0,8,1,70,,303731,10,0,8,2,30,,303755,10,0,8,1,70,,303732,10,0,8,2,30,,303756,10,0,8,1,70,,303733,10,0,8,2,30,,303757,10,0,8,1,70,,303734,10,0,8,2,30,,303758,10,0,8,1,68,,303735,10,0,8,2,26,,303721,10,0,8,1,25,,303742,10,0,8,1,63,,303736,10,0,8,2,23,,303722,10,0,8,1,63,,303743,10,0,8,1,23,,303737,10,0,8,2,24,,303723,10,0,8,1,64,,303744,10,0,8,1,24,,303738,10,0,8,2,64,,303724,10,0,8,1,25,,303745,10,0,8,1,24,,303739,10,0,8,2,64,,303725,10,0,8,1,24,,303746,10,0,8,1,63,,303740,10,0,8,2,24,,303726,10,0,8,1,25,,303747,10,0,8,1,64,,303741,10,0,8,2,25,,303727,10,0,8,1,65,,303748,10,0,8,1,25,,303759,10,0,8,1,25,,303728,10,0,8,1,64,,303749,10,0,8,1,23,,303760,10,0,8,1,64,,303729,10,0,8,1,24,,303750,10,0,8,1,24,,303761,10,0,8,1,64,,303730,10,0,8,1,26,,303751,10,0,8,1,70,,303762,10,0,8,1,30,,303752,10,0,8,1,69,,303763,10,0,8,1,29,,303753,10,0,8,1,67,,303764,10,0,8,1
5703,'H56S000I-80-I',537,,303783,10,0,8,2,70,,303765,10,0,8,1,30,,303784,10,0,8,2,69,,303766,10,0,8,1,30,,303785,10,0,8,2,70,,303767,10,0,8,1,30,,303786,10,0,8,2,70,,303768,10,0,8,1,30,,303787,10,0,8,2,69,,303769,10,0,8,1,30,,303788,10,0,8,2,70,,303770,10,0,8,1,31,,303789,10,0,8,2,71,,303771,10,0,8,1,30,,303790,10,0,8,2,70,,303772,10,0,8,1,30,,303791,10,0,8,2,72,,303773,10,0,8,1,32,,303792,10,0,8,2,71,,303774,10,0,8,1,31,,303793,10,0,8,2,71,,303775,10,0,8,1,31,,303794,10,0,8,2,69,,303776,10,0,8,1,30,,303795,10,0,8,2,69,,303777,10,0,8,1,30,,303796,10,0,8,2,69,,303778,10,0,8,1,30,,303797,10,0,8,2,69,,303779,10,0,8,1,29,,303798,10,0,8,2,70,,303780,10,0,8,1,30,,303799,10,0,8,2,70,,303781,10,0,8,1,31,,303800,10,0,8,2,70,,303782,10,0,8,1,30,,303801,10,0,8,2,70,,303802,10,0,8,1
5703,'H56S000S-82-S',537,,303803,10,0,8,2,67,,303835,10,0,8,1,21,,303828,10,0,8,2,22,,303804,10,0,8,2,61,,303836,10,0,8,1,23,,303829,10,0,8,2,19,,303831,10,0,8,2,59,,303805,10,0,8,2,20,,303837,10,0,8,1,19,,303830,10,0,8,2,58,,303832,10,0,8,2,20,,303806,10,0,8,2,21,,303838,10,0,8,1,63,,303833,10,0,8,2,24,,303807,10,0,8,2,68,,303820,10,0,8,1,32,,303808,10,0,8,2,71,,303821,10,0,8,1,32,,303809,10,0,8,2,70,,303822,10,0,8,1,25,,303848,10,0,8,2,24,,303810,10,0,8,2,63,,303823,10,0,8,1,22,,303849,10,0,8,2,63,,303811,10,0,8,2,24,,303824,10,0,8,1,24,,303846,10,0,8,1,63,,303812,10,0,8,2,22,,303825,10,0,8,1,17,,303834,10,0,8,2,57,,303847,10,0,8,1,19,,303813,10,0,8,2,21,,303826,10,0,8,1,64,,303841,10,0,8,1,25,,303814,10,0,8,2,65,,303827,10,0,8,1,26,,303842,10,0,8,1,70,,303815,10,0,8,2,29,,303843,10,0,8,1,70,,303816,10,0,8,2,29,,303844,10,0,8,1,30,,303817,10,0,8,2,70,,303845,10,0,8,1,30,,303818,10,0,8,2,69,,303839,10,0,8,1,29,,303819,10,0,8,2,68,,303840,10,0,8,1
5703,'H56S100F-80-F1',537,,303868,10,0,8,2,70,,303850,10,0,8,1,30,,303869,10,0,8,2,69,,303851,10,0,8,1,30,,303870,10,0,8,2,70,,303852,10,0,8,1,30,,303871,10,0,8,2,70,,303853,10,0,8,1,30,,303872,10,0,8,2,69,,303854,10,0,8,1,30,,303873,10,0,8,2,70,,303855,10,0,8,1,31,,303874,10,0,8,2,71,,303856,10,0,8,1,30,,303875,10,0,8,2,70,,303857,10,0,8,1,30,,303876,10,0,8,2,72,,303858,10,0,8,1,32,,303877,10,0,8,2,71,,303859,10,0,8,1,31,,303878,10,0,8,2,71,,303860,10,0,8,1,31,,303879,10,0,8,2,69,,303861,10,0,8,1,30,,303880,10,0,8,2,69,,303862,10,0,8,1,30,,303881,10,0,8,2,69,,303863,10,0,8,1,30,,303882,10,0,8,2,69,,303864,10,0,8,1,29,,303883,10,0,8,2,70,,303865,10,0,8,1,30,,303884,10,0,8,2,70,,303866,10,0,8,1,31,,303885,10,0,8,2,70,,303867,10,0,8,1,30,,303886,10,0,8,2,70,,303887,10,0,8,1
5703,'H56S200F-80-F2',537,,303906,10,0,8,2,70,,303888,10,0,8,1,30,,303907,10,0,8,2,69,,303889,10,0,8,1,30,,303908,10,0,8,2,70,,303890,10,0,8,1,30,,303909,10,0,8,2,70,,303891,10,0,8,1,30,,303910,10,0,8,2,69,,303892,10,0,8,1,30,,303911,10,0,8,2,70,,303893,10,0,8,1,31,,303912,10,0,8,2,71,,303894,10,0,8,1,30,,303913,10,0,8,2,70,,303895,10,0,8,1,30,,303914,10,0,8,2,72,,303896,10,0,8,1,32,,303915,10,0,8,2,71,,303897,10,0,8,1,31,,303916,10,0,8,2,71,,303898,10,0,8,1,31,,303917,10,0,8,2,69,,303899,10,0,8,1,30,,303918,10,0,8,2,69,,303900,10,0,8,1,30,,303919,10,0,8,2,69,,303901,10,0,8,1,30,,303920,10,0,8,2,69,,303902,10,0,8,1,29,,303921,10,0,8,2,70,,303903,10,0,8,1,30,,303922,10,0,8,2,70,,303904,10,0,8,1,31,,303923,10,0,8,2,70,,303905,10,0,8,1,30,,303924,10,0,8,2,70,,303925,10,0,8,1
7104,'H56S000A-80-A',543,,308436,23,0,9,1,73,,308449,23,0,9,2,34,,308437,23,0,9,1,74,,308450,23,0,9,2,34,,308438,23,0,9,1,73,,308451,23,0,9,2,73,,308462,23,0,9,2,28,,308439,23,0,9,1,70,,308452,23,0,9,2,28,,308463,23,0,9,2,28,,308440,23,0,9,1,69,,308453,23,0,9,2,31,,308464,23,0,9,2,69,,308441,23,0,9,1,30,,308454,23,0,9,2,70,,308465,23,0,9,2,30,,308442,23,0,9,1,70,,308455,23,0,9,2,30,,308466,23,0,9,2,70,,308443,23,0,9,1,31,,308456,23,0,9,2,70,,308467,23,0,9,2,30,,308444,23,0,9,1,69,,308457,23,0,9,2,30,,308468,23,0,9,2,70,,308445,23,0,9,1,28,,308458,23,0,9,2,71,,308469,23,0,9,2,30,,308446,23,0,9,1,70,,308459,23,0,9,2,29,,308470,23,0,9,2,70,,308447,23,0,9,1,30,,308460,23,0,9,2,70,,308471,23,0,9,2,29,,308448,23,0,9,1,69,,308461,23,0,9,2,28,,308473,23,0,9,2,72,,308472,23,0,9,1
7104,'H56S000I-80-I',542,,308474,23,0,9,2,73,,308488,23,0,9,1,33,,308475,23,0,9,2,73,,308489,23,0,9,1,34,,308476,23,0,9,2,73,,308490,23,0,9,1,74,,308477,23,0,9,2,33,,308491,23,0,9,1,67,,308502,23,0,9,1,30,,308478,23,0,9,2,69,,308492,23,0,9,1,29,,308503,23,0,9,1,70,,308479,23,0,9,2,29,,308493,23,0,9,1,29,,308504,23,0,9,1,69,,308480,23,0,9,2,29,,308494,23,0,9,1,69,,308505,23,0,9,1,29,,308481,23,0,9,2,69,,308495,23,0,9,1,30,,308506,23,0,9,1,70,,308482,23,0,9,2,31,,308496,23,0,9,1,72,,308507,23,0,9,1,29,,308483,23,0,9,2,70,,308497,23,0,9,1,30,,308508,23,0,9,1,70,,308484,23,0,9,2,30,,308498,23,0,9,1,70,,308509,23,0,9,1,30,,308485,23,0,9,2,70,,308499,23,0,9,1,30,,308510,23,0,9,1,70,,308486,23,0,9,2,28,,308500,23,0,9,1,70,,308511,23,0,9,1,30,,308487,23,0,9,2,70,,308501,23,0,9,1
7104,'H56S000S-82-S',529,,308518,23,0,9,2,75,,308519,23,0,9,1,31,,308537,23,0,9,1,69,,308527,23,0,9,2,32,,308520,23,0,9,1,71,,308538,23,0,9,1,30,,308528,23,0,9,2,71,,308521,23,0,9,1,29,,308539,23,0,9,1,70,,308529,23,0,9,2,30,,308522,23,0,9,1,69,,308540,23,0,9,1,28,,308530,23,0,9,2,69,,308523,23,0,9,1,29,,308541,23,0,9,1,69,,308531,23,0,9,2,30,,308524,23,0,9,1,70,,308542,23,0,9,1,31,,308532,23,0,9,2,72,,308525,23,0,9,1,31,,308543,23,0,9,1,72,,308533,23,0,9,2,33,,308526,23,0,9,1,74,,308544,23,0,9,1,32,,308534,23,0,9,2,69,,308512,23,0,9,1,31,,308545,23,0,9,1,68,,308535,23,0,9,2,29,,308513,23,0,9,1,69,,308546,23,0,9,1,30,,308536,23,0,9,2,69,,308514,23,0,9,1,29,,308547,23,0,9,1,73,,308548,23,0,9,1,33,,308515,23,0,9,1,73,,308549,23,0,9,1,32,,308516,23,0,9,1,72,,308550,23,0,9,1,31,,308517,23,0,9,1,73,,308551,23,0,9,1
7104,'H56S100F-80-F1',542,,308552,23,0,9,2,73,,308566,23,0,9,1,33,,308553,23,0,9,2,73,,308567,23,0,9,1,34,,308554,23,0,9,2,73,,308568,23,0,9,1,74,,308555,23,0,9,2,33,,308569,23,0,9,1,67,,308580,23,0,9,1,30,,308556,23,0,9,2,69,,308570,23,0,9,1,29,,308581,23,0,9,1,70,,308557,23,0,9,2,29,,308571,23,0,9,1,29,,308582,23,0,9,1,69,,308558,23,0,9,2,29,,308572,23,0,9,1,69,,308583,23,0,9,1,29,,308559,23,0,9,2,69,,308573,23,0,9,1,30,,308584,23,0,9,1,70,,308560,23,0,9,2,31,,308574,23,0,9,1,72,,308585,23,0,9,1,29,,308561,23,0,9,2,70,,308575,23,0,9,1,30,,308586,23,0,9,1,70,,308562,23,0,9,2,30,,308576,23,0,9,1,70,,308587,23,0,9,1,30,,308563,23,0,9,2,70,,308577,23,0,9,1,30,,308588,23,0,9,1,70,,308564,23,0,9,2,28,,308578,23,0,9,1,70,,308589,23,0,9,1,30,,308565,23,0,9,2,70,,308579,23,0,9,1
7104,'H56S200F-80-F2',542,,308590,23,0,9,2,73,,308604,23,0,9,1,33,,308591,23,0,9,2,73,,308605,23,0,9,1,34,,308592,23,0,9,2,73,,308606,23,0,9,1,74,,308593,23,0,9,2,33,,308607,23,0,9,1,67,,308618,23,0,9,1,30,,308594,23,0,9,2,69,,308608,23,0,9,1,29,,308619,23,0,9,1,70,,308595,23,0,9,2,29,,308609,23,0,9,1,29,,308620,23,0,9,1,69,,308596,23,0,9,2,29,,308610,23,0,9,1,69,,308621,23,0,9,1,29,,308597,23,0,9,2,69,,308611,23,0,9,1,30,,308622,23,0,9,1,70,,308598,23,0,9,2,31,,308612,23,0,9,1,72,,308623,23,0,9,1,29,,308599,23,0,9,2,70,,308613,23,0,9,1,30,,308624,23,0,9,1,70,,308600,23,0,9,2,30,,308614,23,0,9,1,70,,308625,23,0,9,1,30,,308601,23,0,9,2,70,,308615,23,0,9,1,30,,308626,23,0,9,1,70,,308602,23,0,9,2,28,,308616,23,0,9,1,70,,308627,23,0,9,1,30,,308603,23,0,9,2,70,,308617,23,0,9,1
10702,'H56S000A-80-A',536,,318190,17,0,10,2,70,,318170,17,0,10,1,32,,318181,17,0,10,2,73,,318191,17,0,10,2,31,,318171,17,0,10,1,66,,318201,17,0,10,1,28,,318182,17,0,10,2,67,,318192,17,0,10,2,29,,318172,17,0,10,1,69,,318202,17,0,10,1,29,,318183,17,0,10,2,29,,318193,17,0,10,2,69,,318173,17,0,10,1,29,,318203,17,0,10,1,70,,318184,17,0,10,2,32,,318194,17,0,10,2,70,,318174,17,0,10,1,30,,318204,17,0,10,1,70,,318185,17,0,10,2,30,,318195,17,0,10,2,70,,318175,17,0,10,1,30,,318205,17,0,10,1,70,,318186,17,0,10,2,30,,318196,17,0,10,2,70,,318176,17,0,10,1,30,,318206,17,0,10,1,70,,318187,17,0,10,2,30,,318197,17,0,10,2,70,,318177,17,0,10,1,28,,318207,17,0,10,1,70,,318188,17,0,10,2,30,,318198,17,0,10,2,70,,318178,17,0,10,1,30,,318208,17,0,10,1,70,,318189,17,0,10,2,30,,318199,17,0,10,2,70,,318179,17,0,10,1,30,,318209,17,0,10,1,70,,318211,17,0,10,2,31,,318200,17,0,10,2,70,,318180,17,0,10,1,26,,318210,17,0,10,1
10702,'H56S000I-80-I',534,,318225,17,0,10,2,70,,318214,17,0,10,1,30,,318232,17,0,10,1,73,,318226,17,0,10,2,32,,318215,17,0,10,1,70,,318233,17,0,10,1,30,,318242,17,0,10,1,66,,318227,17,0,10,2,28,,318216,17,0,10,1,68,,318234,17,0,10,1,29,,318243,17,0,10,1,29,,318228,17,0,10,2,69,,318217,17,0,10,1,29,,318235,17,0,10,1,71,,318244,17,0,10,1,30,,318229,17,0,10,2,70,,318218,17,0,10,1,30,,318236,17,0,10,1,69,,318212,17,0,10,1,29,,318230,17,0,10,2,68,,318219,17,0,10,1,28,,318237,17,0,10,1,69,,318213,17,0,10,1,30,,318231,17,0,10,2,71,,318220,17,0,10,1,32,,318238,17,0,10,1,71,,318245,17,0,10,2,32,,318249,17,0,10,1,70,,318221,17,0,10,1,28,,318239,17,0,10,1,70,,318246,17,0,10,2,30,,318250,17,0,10,1,70,,318222,17,0,10,1,30,,318240,17,0,10,1,70,,318247,17,0,10,2,30,,318251,17,0,10,1,70,,318223,17,0,10,1,29,,318241,17,0,10,1,70,,318248,17,0,10,2,31,,318252,17,0,10,1,71,,318224,17,0,10,1
10702,'H56S000S-82-S',603,,318272,17,0,10,1,22,,318257,17,0,10,2,21,,318255,17,0,10,1,61,,318258,17,0,10,2,20,,318264,17,0,10,2,23,,318265,17,0,10,2,61,,318273,17,0,10,1,20,,318266,17,0,10,2,20,,318256,17,0,10,1,65,,318259,17,0,10,2,27,,318294,17,0,10,1,67,,318274,17,0,10,1,29,,318267,17,0,10,2,70,,318260,17,0,10,2,28,,318295,17,0,10,1,67,,318275,17,0,10,1,30,,318268,17,0,10,2,69,,318261,17,0,10,2,31,,318296,17,0,10,1,25,,318276,17,0,10,1,70,,318269,17,0,10,2,29,,318262,17,0,10,2,60,,318304,17,0,10,1,12,,318297,17,0,10,1,12,,318253,17,0,10,1,13,,318277,17,0,10,1,50,,318298,17,0,10,2,12,,318303,17,0,10,2,12,,318283,17,0,10,1,14,,318270,17,0,10,2,13,,318288,17,0,10,1,52,,318263,17,0,10,2,12,,318289,17,0,10,2,11,,318305,17,0,10,1,12,,318278,17,0,10,1,11,,318254,17,0,10,1,52,,318306,17,0,10,1,11,,318299,17,0,10,2,17,,318284,17,0,10,1,21,,318271,17,0,10,2,64,,318290,17,0,10,2,25,,318279,17,0,10,1,67,,318300,17,0,10,2,27,,318285,17,0,10,1,68,,318291,17,0,10,2,28,,318280,17,0,10,1,68,,318301,17,0,10,2,28,,318286,17,0,10,1,28,,318292,17,0,10,2,67,,318281,17,0,10,1,29,,318302,17,0,10,2,70,,318287,17,0,10,1,29,,318293,17,0,10,2,71,,318282,17,0,10,1
10702,'H56S100F-80-F1',534,,318320,17,0,10,2,70,,318309,17,0,10,1,30,,318327,17,0,10,1,73,,318321,17,0,10,2,32,,318310,17,0,10,1,70,,318328,17,0,10,1,30,,318337,17,0,10,1,66,,318322,17,0,10,2,28,,318311,17,0,10,1,68,,318329,17,0,10,1,29,,318338,17,0,10,1,29,,318323,17,0,10,2,69,,318312,17,0,10,1,29,,318330,17,0,10,1,71,,318339,17,0,10,1,30,,318324,17,0,10,2,70,,318313,17,0,10,1,30,,318331,17,0,10,1,69,,318307,17,0,10,1,29,,318325,17,0,10,2,68,,318314,17,0,10,1,28,,318332,17,0,10,1,69,,318308,17,0,10,1,30,,318326,17,0,10,2,71,,318315,17,0,10,1,32,,318333,17,0,10,1,71,,318340,17,0,10,2,32,,318344,17,0,10,1,70,,318316,17,0,10,1,28,,318334,17,0,10,1,70,,318341,17,0,10,2,30,,318345,17,0,10,1,70,,318317,17,0,10,1,30,,318335,17,0,10,1,70,,318342,17,0,10,2,30,,318346,17,0,10,1,70,,318318,17,0,10,1,29,,318336,17,0,10,1,70,,318343,17,0,10,2,31,,318347,17,0,10,1,71,,318319,17,0,10,1
10702,'H56S200F-80-F2',534,,318361,17,0,10,2,70,,318350,17,0,10,1,30,,318368,17,0,10,1,73,,318362,17,0,10,2,32,,318351,17,0,10,1,70,,318369,17,0,10,1,30,,318378,17,0,10,1,66,,318363,17,0,10,2,28,,318352,17,0,10,1,68,,318370,17,0,10,1,29,,318379,17,0,10,1,29,,318364,17,0,10,2,69,,318353,17,0,10,1,29,,318371,17,0,10,1,71,,318380,17,0,10,1,30,,318365,17,0,10,2,70,,318354,17,0,10,1,30,,318372,17,0,10,1,69,,318348,17,0,10,1,29,,318366,17,0,10,2,68,,318355,17,0,10,1,28,,318373,17,0,10,1,69,,318349,17,0,10,1,30,,318367,17,0,10,2,71,,318356,17,0,10,1,32,,318374,17,0,10,1,71,,318381,17,0,10,2,32,,318385,17,0,10,1,70,,318357,17,0,10,1,28,,318375,17,0,10,1,70,,318382,17,0,10,2,30,,318386,17,0,10,1,70,,318358,17,0,10,1,30,,318376,17,0,10,1,70,,318383,17,0,10,2,30,,318387,17,0,10,1,70,,318359,17,0,10,1,29,,318377,17,0,10,1,70,,318384,17,0,10,2,31,,318388,17,0,10,1,71,,318360,17,0,10,1
10702,'H57S000S-80-S',545,,318389,17,0,10,1
