3203,'H51S000S-81-S',1756,,294234,40,0,8,1
3203,'H54S000A-80-A',549,,294240,40,0,8,1,69,,294236,40,0,8,2,35,,294278,40,0,8,1,69,,294241,40,0,8,1,29,,294281,40,0,8,1,72,,294237,40,0,8,2,31,,294279,40,0,8,1,70,,294242,40,0,8,1,31,,294282,40,0,8,1,69,,294238,40,0,8,2,28,,294280,40,0,8,1,68,,294243,40,0,8,1,28,,294251,40,0,8,1,67,,294239,40,0,8,2,26,,294259,40,0,8,2,65,,294262,40,0,8,2,21,,294244,40,0,8,1,20,,294269,40,0,8,2,60,,294252,40,0,8,1,20,,294283,40,0,8,1,19,,294272,40,0,8,2,59,,294260,40,0,8,2,20,,294263,40,0,8,2,20,,294245,40,0,8,1,60,,294270,40,0,8,2,17,,294253,40,0,8,1,17,,294284,40,0,8,1,17,,294273,40,0,8,2,59,,294261,40,0,8,2,18,,294264,40,0,8,2,17,,294246,40,0,8,1,57,,294271,40,0,8,2,15,,294254,40,0,8,1,17,,294285,40,0,8,1,18,,294274,40,0,8,2,57,,294286,40,0,8,1,18,,294265,40,0,8,2,22,,294247,40,0,8,1,67,,294255,40,0,8,1,29,,294275,40,0,8,2,70,,294266,40,0,8,2,30,,294248,40,0,8,1,68,,294256,40,0,8,1,26,,294276,40,0,8,2,69,,294267,40,0,8,2,31,,294249,40,0,8,1,69,,294257,40,0,8,1,29,,294277,40,0,8,2,70,,294268,40,0,8,2,25,,294250,40,0,8,1,64,,294258,40,0,8,1,23,,294235,40,0,8,1
3203,'H54S000I-80-I',549,,294287,40,0,8,2,71,,294330,40,0,8,1,30,,294295,40,0,8,1,69,,294288,40,0,8,2,31,,294311,40,0,8,2,70,,294296,40,0,8,1,32,,294289,40,0,8,2,70,,294332,40,0,8,1,32,,294312,40,0,8,2,72,,294297,40,0,8,1,30,,294290,40,0,8,2,70,,294319,40,0,8,1,28,,294313,40,0,8,2,68,,294298,40,0,8,1,24,,294323,40,0,8,2,62,,294291,40,0,8,2,19,,294320,40,0,8,1,19,,294314,40,0,8,2,61,,294326,40,0,8,2,21,,294299,40,0,8,1,21,,294324,40,0,8,2,61,,294292,40,0,8,2,24,,294321,40,0,8,1,24,,294327,40,0,8,2,61,,294300,40,0,8,1,21,,294325,40,0,8,2,60,,294293,40,0,8,2,19,,294305,40,0,8,1,18,,294315,40,0,8,2,17,,294322,40,0,8,1,57,,294328,40,0,8,2,18,,294301,40,0,8,1,19,,294294,40,0,8,2,61,,294306,40,0,8,1,22,,294316,40,0,8,2,23,,294329,40,0,8,2,61,,294302,40,0,8,1,31,,294307,40,0,8,1,71,,294317,40,0,8,2,33,,294303,40,0,8,1,70,,294308,40,0,8,1,30,,294318,40,0,8,2,69,,294331,40,0,8,2,28,,294304,40,0,8,1,65,,294309,40,0,8,1,28,,294334,40,0,8,2,63,,294333,40,0,8,1,25,,294310,40,0,8,1,27,,294335,40,0,8,2
3203,'H54S000S-80-S',555,,294338,40,0,8,2,65,,294336,40,0,8,2,22,,294340,40,0,8,2,65,,294342,40,0,8,2,17,,294344,40,0,8,2,11,,294343,40,0,8,2,11,,294339,40,0,8,2,11,,294349,40,0,8,1,47,,294357,40,0,8,2,9,,294337,40,0,8,2,6,,294359,40,0,8,2,7,,294358,40,0,8,2,9,,294364,40,0,8,1,8,,294341,40,0,8,2,11,,294369,40,0,8,2,59,,294408,40,0,8,1,21,,294370,40,0,8,2,20,,294350,40,0,8,1,61,,294360,40,0,8,2,22,,294365,40,0,8,1,21,,294345,40,0,8,1,59,,294375,40,0,8,2,19,,294371,40,0,8,2,20,,294351,40,0,8,1,61,,294361,40,0,8,2,19,,294366,40,0,8,1,18,,294346,40,0,8,1,58,,294376,40,0,8,2,17,,294372,40,0,8,2,16,,294379,40,0,8,2,56,,294352,40,0,8,1,16,,294362,40,0,8,2,16,,294367,40,0,8,1,14,,294347,40,0,8,1,12,,294382,40,0,8,2,50,,294377,40,0,8,2,17,,294373,40,0,8,2,16,,294384,40,0,8,2,7,,294380,40,0,8,2,61,,294353,40,0,8,1,11,,294386,40,0,8,2,11,,294363,40,0,8,2,10,,294395,40,0,8,2,9,,294368,40,0,8,1,49,,294348,40,0,8,1,8,,294390,40,0,8,1,7,,294383,40,0,8,2,8,,294378,40,0,8,2,9,,294388,40,0,8,2,8,,294374,40,0,8,2,8,,294402,40,0,8,2,56,,294381,40,0,8,2,8,,294385,40,0,8,2,9,,294354,40,0,8,1,8,,294406,40,0,8,2,10,,294387,40,0,8,2,10,,294396,40,0,8,2,52,,294407,40,0,8,2,12,,294391,40,0,8,1,12,,294405,40,0,8,1,12,,294389,40,0,8,2,13,,294403,40,0,8,1,66,,294355,40,0,8,1,26,,294397,40,0,8,2,63,,294392,40,0,8,1,25,,294404,40,0,8,1,15,,294409,40,0,8,1,60,,294356,40,0,8,1,20,,294398,40,0,8,2,20,,294399,40,0,8,2,69,,294393,40,0,8,1,30,,294410,40,0,8,1,69,,294411,40,0,8,2,26,,294400,40,0,8,2,67,,294394,40,0,8,1,31,,294412,40,0,8,2,63,,294401,40,0,8,2
3203,'H54S100F-80-F1',549,,294413,40,0,8,2,71,,294456,40,0,8,1,30,,294421,40,0,8,1,69,,294414,40,0,8,2,31,,294437,40,0,8,2,70,,294422,40,0,8,1,32,,294415,40,0,8,2,70,,294458,40,0,8,1,32,,294438,40,0,8,2,72,,294423,40,0,8,1,30,,294416,40,0,8,2,70,,294445,40,0,8,1,28,,294439,40,0,8,2,68,,294424,40,0,8,1,24,,294449,40,0,8,2,62,,294417,40,0,8,2,19,,294446,40,0,8,1,19,,294440,40,0,8,2,61,,294452,40,0,8,2,21,,294425,40,0,8,1,21,,294450,40,0,8,2,61,,294418,40,0,8,2,24,,294447,40,0,8,1,24,,294453,40,0,8,2,61,,294426,40,0,8,1,21,,294451,40,0,8,2,60,,294419,40,0,8,2,19,,294431,40,0,8,1,18,,294441,40,0,8,2,17,,294448,40,0,8,1,57,,294454,40,0,8,2,18,,294427,40,0,8,1,19,,294420,40,0,8,2,61,,294432,40,0,8,1,22,,294442,40,0,8,2,23,,294455,40,0,8,2,61,,294428,40,0,8,1,31,,294433,40,0,8,1,71,,294443,40,0,8,2,33,,294429,40,0,8,1,70,,294434,40,0,8,1,30,,294444,40,0,8,2,69,,294457,40,0,8,2,28,,294430,40,0,8,1,65,,294435,40,0,8,1,28,,294460,40,0,8,2,63,,294459,40,0,8,1,25,,294436,40,0,8,1,27,,294461,40,0,8,2
3203,'H54S200F-80-F2',549,,294462,40,0,8,2,71,,294505,40,0,8,1,30,,294470,40,0,8,1,69,,294463,40,0,8,2,31,,294486,40,0,8,2,70,,294471,40,0,8,1,32,,294464,40,0,8,2,70,,294507,40,0,8,1,32,,294487,40,0,8,2,72,,294472,40,0,8,1,30,,294465,40,0,8,2,70,,294494,40,0,8,1,28,,294488,40,0,8,2,68,,294473,40,0,8,1,24,,294498,40,0,8,2,62,,294466,40,0,8,2,19,,294495,40,0,8,1,19,,294489,40,0,8,2,61,,294501,40,0,8,2,21,,294474,40,0,8,1,21,,294499,40,0,8,2,61,,294467,40,0,8,2,24,,294496,40,0,8,1,24,,294502,40,0,8,2,61,,294475,40,0,8,1,21,,294500,40,0,8,2,60,,294468,40,0,8,2,19,,294480,40,0,8,1,18,,294490,40,0,8,2,17,,294497,40,0,8,1,57,,294503,40,0,8,2,18,,294476,40,0,8,1,19,,294469,40,0,8,2,61,,294481,40,0,8,1,22,,294491,40,0,8,2,23,,294504,40,0,8,2,61,,294477,40,0,8,1,31,,294482,40,0,8,1,71,,294492,40,0,8,2,33,,294478,40,0,8,1,70,,294483,40,0,8,1,30,,294493,40,0,8,2,69,,294506,40,0,8,2,28,,294479,40,0,8,1,65,,294484,40,0,8,1,28,,294509,40,0,8,2,63,,294508,40,0,8,1,25,,294485,40,0,8,1,27,,294510,40,0,8,2
3203,'H57S000S-80-S',1559,,294511,40,0,8,1
3203,'H59S000S-80-S',1518,,294512,40,0,8,2,17,,294513,40,0,8,2
35301,'H54S000A-80-A',2656,,346036,58,0,5,1,89,,346034,58,0,5,2,85,,346035,58,0,5,1,81,,346033,58,0,5,1
35301,'H54S000I-80-I',2612,,346038,58,0,5,1,88,,346040,58,0,5,1,45,,346041,58,0,5,1,85,,346037,58,0,5,2,81,,346039,58,0,5,1
35301,'H54S000S-80-S',2612,,346042,58,0,5,1,45,,346044,58,0,5,1,85,,346045,58,0,5,1,85,,346043,58,0,5,2,80,,346046,58,0,5,2
35301,'H54S100F-80-F1',2612,,346048,58,0,5,1,88,,346050,58,0,5,1,45,,346051,58,0,5,1,85,,346047,58,0,5,2,81,,346049,58,0,5,1
35301,'H54S200F-80-F2',2612,,346053,58,0,5,1,88,,346055,58,0,5,1,45,,346056,58,0,5,1,85,,346052,58,0,5,2,81,,346054,58,0,5,1
43203,'H54S000S-80-S',940,,347925,20,0,99 108,1,70,,347943,20,0,99 108,1,32,,347935,20,0,99 108,1,71,,347930,20,0,99 108,2,31,,347926,20,0,99 108,1,71,,347946,20,0,99 108,2,31,,347936,20,0,99 108,1,70,,347931,20,0,99 108,2,29,,347927,20,0,99 108,1,69,,347947,20,0,99 108,2,30,,347937,20,0,99 108,1,70,,347932,20,0,99 108,2,30,,347928,20,0,99 108,1,72,,347939,20,0,99 108,2,21,,347948,20,0,99 108,2,13,,347938,20,0,99 108,1,54,,347944,20,0,99 108,1,15,,347933,20,0,99 108,2,15,,347920,20,0,99 108,1,17,,347929,20,0,99 108,1,60,,347940,20,0,99 108,2,25,,347945,20,0,99 108,1,70,,347921,20,0,99 108,1,31,,347941,20,0,99 108,2
