6802,'H60S000A-80-A',449,,306984,2,0,10,1,69,,306985,2,0,10,1,28,,307010,2,0,10,2,70,,306998,2,0,10,2,30,,306986,2,0,10,1,70,,307011,2,0,10,2,30,,306999,2,0,10,2,71,,306987,2,0,10,1,30,,307012,2,0,10,2,71,,307000,2,0,10,2,31,,306988,2,0,10,1,72,,307013,2,0,10,2,33,,307001,2,0,10,2,73,,306989,2,0,10,1,30,,307014,2,0,10,2,73,,307002,2,0,10,2,71,,306990,2,0,10,1,29,,307015,2,0,10,2,72,,307003,2,0,10,2,31,,306991,2,0,10,1,69,,307016,2,0,10,2,32,,307004,2,0,10,2,71,,306992,2,0,10,1,29,,307017,2,0,10,2,72,,307005,2,0,10,2,31,,306993,2,0,10,1,69,,307018,2,0,10,2,30,,307006,2,0,10,2,71,,306994,2,0,10,1,30,,307019,2,0,10,2,70,,307007,2,0,10,2,27,,306995,2,0,10,1,69,,307020,2,0,10,2,30,,307008,2,0,10,2,67,,306996,2,0,10,1,28,,307021,2,0,10,2,30,,307009,2,0,10,2,72,,306997,2,0,10,1,73,,307022,2,0,10,2,31,,307024,2,0,10,1,70,,307023,2,0,10,1,30,,307025,2,0,10,1
6802,'H60S000I-81-I',451,,307027,2,0,10,1,76,,307040,2,0,10,1,76,,307041,2,0,10,2,34,,307028,2,0,10,1,73,,307054,2,0,10,2,33,,307042,2,0,10,2,73,,307029,2,0,10,1,32,,307055,2,0,10,2,73,,307043,2,0,10,2,33,,307030,2,0,10,1,71,,307056,2,0,10,2,29,,307044,2,0,10,2,68,,307031,2,0,10,1,30,,307057,2,0,10,2,71,,307045,2,0,10,2,30,,307032,2,0,10,1,70,,307058,2,0,10,2,30,,307046,2,0,10,2,70,,307033,2,0,10,1,30,,307059,2,0,10,2,70,,307047,2,0,10,2,30,,307034,2,0,10,1,70,,307060,2,0,10,2,31,,307048,2,0,10,2,70,,307035,2,0,10,1,29,,307061,2,0,10,2,70,,307049,2,0,10,2,30,,307036,2,0,10,1,70,,307062,2,0,10,2,30,,307050,2,0,10,2,67,,307037,2,0,10,1,29,,307063,2,0,10,2,70,,307051,2,0,10,2,27,,307038,2,0,10,1,67,,307064,2,0,10,2,30,,307052,2,0,10,2,67,,307039,2,0,10,1,28,,307065,2,0,10,2,75,,307053,2,0,10,2,35,,307026,2,0,10,1,75,,307066,2,0,10,1
6802,'H60S000S-83-S',445,,307072,2,0,10,1,77,,307077,2,0,10,1,37,,307075,2,0,10,1,73,,307083,2,0,10,1,73,,307085,2,0,10,2,34,,307076,2,0,10,1,75,,307084,2,0,10,1,34,,307086,2,0,10,2,70,,307078,2,0,96 97,1,30,,307087,2,0,96 97,1,70,,307067,2,0,96 97,1,29,,307079,2,0,96 97,1,69,,307088,2,0,96 97,1,32,,307068,2,0,96 97,1,72,,307080,2,0,96 97,1,32,,307089,2,0,96 97,1,64,,307069,2,0,96 97,1,20,,307081,2,0,10,1,15,,307073,2,0,96 97,2,53,,307090,2,0,10,1,12,,307094,2,0,96 97,2,13,,307096,2,0,10,2,13,,307070,2,0,96 97,1,13,,307092,2,0,10,2,52,,307074,2,0,96 97,2,12,,307082,2,0,10,1,11,,307095,2,0,96 97,2,12,,307105,2,0,10,1,12,,307091,2,0,96 97,1,50,,307118,2,0,10,1,9,,307098,2,0,96 97,2,8,,307071,2,0,10,1,9,,307097,2,0,96 97,2,10,,307111,2,0,10,2,13,,307093,2,0,96 97,2,54,,307100,2,0,10,1,14,,307120,2,0,96 97,2,14,,307099,2,0,10,1,14,,307119,2,0,96 97,1,52,,307106,2,0,10,1,20,,307112,2,0,96 97,2,22,,307113,2,0,10,1,68,,307101,2,0,10,1,32,,307107,2,0,10,1,73,,307114,2,0,10,1,30,,307102,2,0,10,1,72,,307108,2,0,10,1,33,,307115,2,0,10,1,73,,307103,2,0,10,1,33,,307109,2,0,10,1,73,,307116,2,0,10,1,73,,307104,2,0,10,1,30,,307110,2,0,10,1,70,,307117,2,0,10,1
6802,'H60S100F-80-F1',451,,307121,2,0,10,1,76,,307135,2,0,10,1,76,,307136,2,0,10,2,34,,307122,2,0,10,1,73,,307149,2,0,10,1,33,,307137,2,0,10,2,73,,307123,2,0,10,1,32,,307150,2,0,10,1,73,,307138,2,0,10,2,33,,307124,2,0,10,1,71,,307151,2,0,10,1,29,,307139,2,0,10,2,68,,307125,2,0,10,1,30,,307152,2,0,10,1,71,,307140,2,0,10,2,30,,307126,2,0,10,1,70,,307153,2,0,10,1,30,,307141,2,0,10,2,70,,307127,2,0,10,1,30,,307154,2,0,10,1,70,,307142,2,0,10,2,30,,307128,2,0,10,1,70,,307155,2,0,10,1,31,,307143,2,0,10,2,70,,307129,2,0,10,1,29,,307156,2,0,10,1,70,,307144,2,0,10,2,30,,307130,2,0,10,1,70,,307157,2,0,10,1,30,,307145,2,0,10,2,67,,307131,2,0,10,1,29,,307158,2,0,10,1,70,,307146,2,0,10,2,27,,307132,2,0,10,1,67,,307159,2,0,10,1,30,,307147,2,0,10,2,67,,307133,2,0,10,1,28,,307160,2,0,10,1,75,,307148,2,0,10,2,35,,307134,2,0,10,2,75,,307161,2,0,10,1
6802,'H60S200F-80-F2',451,,307162,2,0,10,1,76,,307176,2,0,10,1,76,,307177,2,0,10,2,34,,307163,2,0,10,1,73,,307190,2,0,10,1,33,,307178,2,0,10,2,73,,307164,2,0,10,1,32,,307191,2,0,10,1,73,,307179,2,0,10,2,33,,307165,2,0,10,1,71,,307192,2,0,10,1,29,,307180,2,0,10,2,68,,307166,2,0,10,1,30,,307193,2,0,10,1,71,,307181,2,0,10,2,30,,307167,2,0,10,1,70,,307194,2,0,10,1,30,,307182,2,0,10,2,70,,307168,2,0,10,1,30,,307195,2,0,10,1,70,,307183,2,0,10,2,30,,307169,2,0,10,1,70,,307196,2,0,10,1,31,,307184,2,0,10,2,70,,307170,2,0,10,1,29,,307197,2,0,10,1,70,,307185,2,0,10,2,30,,307171,2,0,10,1,70,,307198,2,0,10,1,30,,307186,2,0,10,2,67,,307172,2,0,10,1,29,,307199,2,0,10,1,70,,307187,2,0,10,2,27,,307173,2,0,10,1,67,,307200,2,0,10,1,30,,307188,2,0,10,2,67,,307174,2,0,10,1,28,,307201,2,0,10,1,75,,307189,2,0,10,2,35,,307175,2,0,10,2,75,,307202,2,0,10,1
20502,'H60S000A-80-A',530,,341303,3,0,10,1,73,,341316,3,0,10,1,29,,341328,3,0,10,1,68,,341304,3,0,10,1,28,,341317,3,0,10,1,27,,341329,3,0,10,1,70,,341305,3,0,10,1,30,,341318,3,0,10,1,70,,341323,3,0,10,2,30,,341306,3,0,10,1,69,,341319,3,0,10,1,29,,341324,3,0,10,2,69,,341307,3,0,10,1,29,,341320,3,0,10,1,69,,341325,3,0,10,2,29,,341308,3,0,10,1,70,,341321,3,0,10,1,30,,341326,3,0,10,2,70,,341330,3,0,10,1,30,,341322,3,0,10,1,70,,341327,3,0,10,2,30,,341331,3,0,10,1,70,,341340,3,0,10,1,30,,341309,3,0,10,1,70,,341332,3,0,10,1,30,,341338,3,0,10,1,70,,341310,3,0,10,1,29,,341312,3,0,10,1,70,,341339,3,0,10,1,29,,341311,3,0,10,1,70,,341313,3,0,10,1,30,,341335,3,0,10,1,69,,341333,3,0,10,1,30,,341314,3,0,10,1,70,,341336,3,0,10,1,30,,341334,3,0,10,1,70,,341315,3,0,10,1,32,,341337,3,0,10,1
20502,'H60S000I-81-I',615,,341348,3,0,10,2,30,,341363,3,0,10,1,69,,341342,3,0,10,1,29,,341349,3,0,10,2,69,,341364,3,0,10,1,29,,341359,3,0,10,1,68,,341350,3,0,10,2,28,,341365,3,0,10,1,68,,341360,3,0,10,1,28,,341351,3,0,10,2,71,,341366,3,0,10,1,29,,341361,3,0,10,1,69,,341352,3,0,10,2,30,,341367,3,0,10,1,70,,341368,3,0,10,1,31,,341375,3,0,10,1,70,,341369,3,0,10,2,30,,341354,3,0,10,1,70,,341343,3,0,10,1,30,,341370,3,0,10,2,70,,341355,3,0,10,1,30,,341344,3,0,10,1,70,,341371,3,0,10,2,30,,341356,3,0,10,1,70,,341345,3,0,10,1,30,,341372,3,0,10,2,69,,341357,3,0,10,1,29,,341346,3,0,10,1,70,,341373,3,0,10,2,30,,341358,3,0,10,1,69,,341376,3,0,10,1,29,,341362,3,0,10,1,29,,341374,3,0,10,1,70,,341377,3,0,10,1,31,,341341,3,0,10,1,71,,341353,3,0,10,1,72,,341347,3,0,10,1
20502,'H60S000S-83-S',443,,341378,3,0,10,1,71,,341392,3,0,10,2,28,,341407,3,0,10,2,67,,341379,3,0,10,1,31,,341393,3,0,10,2,71,,341408,3,0,10,2,32,,341380,3,0,10,1,72,,341394,3,0,10,2,31,,341409,3,0,10,2,70,,341381,3,0,10,1,28,,341395,3,0,10,2,68,,341410,3,0,10,2,28,,341382,3,0,10,1,68,,341396,3,0,10,2,29,,341411,3,0,10,2,69,,341383,3,0,10,1,28,,341397,3,0,10,2,67,,341412,3,0,10,2,29,,341384,3,0,10,1,70,,341398,3,0,10,2,30,,341413,3,0,10,2,73,,341385,3,0,10,1,33,,341399,3,0,10,2,73,,341406,3,0,10,1,28,,341386,3,0,10,1,70,,341400,3,0,10,2,29,,341414,3,0,10,2,68,,341387,3,0,10,1,28,,341401,3,0,10,2,69,,341415,3,0,10,2,32,,341388,3,0,10,1,69,,341402,3,0,10,2,30,,341416,3,0,10,2,73,,341389,3,0,10,1,30,,341403,3,0,10,2,69,,341417,3,0,10,2,29,,341390,3,0,10,1,69,,341404,3,0,10,2,30,,341405,3,0,10,1,70,,341391,3,0,10,1
20502,'H60S100F-80-F1',615,,341431,3,0,10,2,30,,341438,3,0,10,1,69,,341447,3,0,10,1,29,,341432,3,0,10,2,69,,341439,3,0,10,1,29,,341448,3,0,10,1,68,,341433,3,0,10,2,28,,341440,3,0,10,1,68,,341449,3,0,10,1,28,,341434,3,0,10,2,71,,341452,3,0,10,1,29,,341437,3,0,10,1,69,,341435,3,0,10,2,30,,341453,3,0,10,1,70,,341442,3,0,10,2,31,,341450,3,0,10,1,70,,341444,3,0,10,1,30,,341420,3,0,10,1,70,,341425,3,0,10,1,30,,341419,3,0,10,2,70,,341421,3,0,10,1,30,,341426,3,0,10,1,70,,341429,3,0,10,1,30,,341422,3,0,10,1,70,,341427,3,0,10,1,30,,341430,3,0,10,1,69,,341423,3,0,10,1,29,,341428,3,0,10,1,70,,341451,3,0,10,1,30,,341424,3,0,10,1,69,,341454,3,0,10,2,29,,341446,3,0,10,1,29,,341441,3,0,10,1,70,,341443,3,0,10,1,31,,341418,3,0,10,2,71,,341436,3,0,10,2,72,,341445,3,0,10,1
20502,'H60S200F-80-F2',615,,341468,3,0,10,2,30,,341475,3,0,10,1,69,,341484,3,0,10,1,29,,341469,3,0,10,2,69,,341476,3,0,10,1,29,,341485,3,0,10,1,68,,341470,3,0,10,2,28,,341477,3,0,10,1,68,,341486,3,0,10,1,28,,341471,3,0,10,2,71,,341489,3,0,10,1,29,,341474,3,0,10,1,69,,341472,3,0,10,2,30,,341490,3,0,10,1,70,,341479,3,0,10,2,31,,341487,3,0,10,1,70,,341481,3,0,10,1,30,,341457,3,0,10,1,70,,341462,3,0,10,1,30,,341456,3,0,10,2,70,,341458,3,0,10,1,30,,341463,3,0,10,1,70,,341466,3,0,10,1,30,,341459,3,0,10,1,70,,341464,3,0,10,1,30,,341467,3,0,10,1,69,,341460,3,0,10,1,29,,341465,3,0,10,1,70,,341488,3,0,10,1,30,,341461,3,0,10,1,69,,341491,3,0,10,2,29,,341483,3,0,10,1,29,,341478,3,0,10,1,70,,341480,3,0,10,1,31,,341455,3,0,10,2,71,,341473,3,0,10,2,72,,341482,3,0,10,1
20802,'H60S000A-80-A',614,,342362,3,0,10,1,30,,342368,3,0,10,1,72,,342385,3,0,10,2,32,,342376,3,0,10,2,70,,342370,3,0,10,1,31,,342386,3,0,10,2,73,,342377,3,0,10,2,33,,342371,3,0,10,1,73,,342387,3,0,10,2,30,,342395,3,0,10,1,69,,342369,3,0,10,1,31,,342381,3,0,10,2,70,,342363,3,0,10,1,30,,342378,3,0,10,2,70,,342372,3,0,10,1,31,,342388,3,0,10,2,70,,342396,3,0,10,1,30,,342392,3,0,10,1,72,,342382,3,0,10,2,69,,342364,3,0,10,1,31,,342379,3,0,10,2,70,,342373,3,0,10,1,29,,342389,3,0,10,2,70,,342397,3,0,10,1,30,,342393,3,0,10,1,28,,342383,3,0,10,2,68,,342365,3,0,10,1,29,,342380,3,0,10,2,68,,342374,3,0,10,1,27,,342390,3,0,10,2,68,,342366,3,0,10,1,30,,342394,3,0,10,1,72,,342384,3,0,10,2,33,,342367,3,0,10,1,72,,342375,3,0,10,1,30,,342391,3,0,10,2,70,,342398,3,0,10,1
20802,'H60S000I-81-I',743,,342409,3,0,10,1,71,,342401,3,0,10,1,31,,342417,3,0,10,1,70,,342415,3,0,10,2,32,,342419,3,0,10,1,71,,342422,3,0,10,2,33,,342410,3,0,10,1,73,,342402,3,0,10,1,33,,342418,3,0,10,1,71,,342416,3,0,10,2,31,,342420,3,0,10,1,73,,342423,3,0,10,2,73,,342411,3,0,10,1,33,,342403,3,0,10,1,69,,342431,3,0,10,2,28,,342427,3,0,10,1,68,,342430,3,0,10,1,28,,342421,3,0,10,1,28,,342424,3,0,10,2,68,,342412,3,0,10,1,28,,342404,3,0,10,1,67,,342432,3,0,10,2,26,,342425,3,0,10,2,73,,342407,3,0,10,1,28,,342405,3,0,10,1,69,,342428,3,0,10,1,32,,342413,3,0,10,1,73,,342399,3,0,10,1,32,,342426,3,0,10,2,70,,342408,3,0,10,1,30,,342406,3,0,10,1,70,,342429,3,0,10,1,30,,342414,3,0,10,1,68,,342400,3,0,10,1
20802,'H60S000S-83-S',612,,342447,3,0,10,1,28,,342438,3,0,10,1,70,,342454,3,0,10,2,29,,342457,3,0,10,2,70,,342448,3,0,10,1,31,,342439,3,0,10,1,71,,342446,3,0,10,2,31,,342436,3,0,10,1,71,,342449,3,0,10,1,30,,342458,3,0,10,2,70,,342433,3,0,10,2,30,,342437,3,0,10,1,69,,342450,3,0,10,1,28,,342459,3,0,10,2,68,,342434,3,0,10,2,29,,342440,3,0,10,1,68,,342451,3,0,10,1,28,,342460,3,0,10,2,68,,342442,3,0,10,1,29,,342441,3,0,10,1,29,,342435,3,0,10,1,68,,342461,3,0,10,2,32,,342468,3,0,10,1,70,,342445,3,0,10,1,29,,342452,3,0,10,1,71,,342443,3,0,10,1,30,,342465,3,0,10,2,70,,342455,3,0,10,2,30,,342463,3,0,10,1,69,,342469,3,0,10,1,31,,342464,3,0,10,1,70,,342453,3,0,10,1,71,,342444,3,0,10,1,31,,342462,3,0,10,1,70,,342456,3,0,10,2,30,,342467,3,0,10,1,70,,342466,3,0,10,2
20802,'H60S100F-80-F1',743,,342478,3,0,10,2,71,,342470,3,0,10,1,31,,342490,3,0,10,1,70,,342484,3,0,10,1,32,,342492,3,0,10,2,71,,342497,3,0,10,1,33,,342479,3,0,10,2,73,,342471,3,0,10,1,33,,342491,3,0,10,1,71,,342485,3,0,10,1,31,,342493,3,0,10,2,73,,342498,3,0,10,1,73,,342480,3,0,10,2,33,,342472,3,0,10,1,69,,342502,3,0,10,2,28,,342487,3,0,10,1,68,,342496,3,0,10,1,28,,342494,3,0,10,2,28,,342499,3,0,10,1,68,,342481,3,0,10,2,28,,342473,3,0,10,1,67,,342503,3,0,10,2,26,,342500,3,0,10,1,73,,342476,3,0,10,2,28,,342474,3,0,10,1,69,,342488,3,0,10,1,32,,342482,3,0,10,2,73,,342495,3,0,10,2,32,,342501,3,0,10,1,70,,342477,3,0,10,2,30,,342475,3,0,10,1,70,,342489,3,0,10,1,30,,342483,3,0,10,2,68,,342486,3,0,10,1
20802,'H60S200F-80-F2',743,,342512,3,0,10,2,71,,342504,3,0,10,1,31,,342524,3,0,10,1,70,,342518,3,0,10,1,32,,342526,3,0,10,2,71,,342531,3,0,10,1,33,,342513,3,0,10,2,73,,342505,3,0,10,1,33,,342525,3,0,10,1,71,,342519,3,0,10,1,31,,342527,3,0,10,2,73,,342532,3,0,10,1,73,,342514,3,0,10,2,33,,342506,3,0,10,1,69,,342536,3,0,10,2,28,,342521,3,0,10,1,68,,342530,3,0,10,1,28,,342528,3,0,10,2,28,,342533,3,0,10,1,68,,342515,3,0,10,2,28,,342507,3,0,10,1,67,,342537,3,0,10,2,26,,342534,3,0,10,1,73,,342510,3,0,10,2,28,,342508,3,0,10,1,69,,342522,3,0,10,1,32,,342516,3,0,10,2,73,,342529,3,0,10,2,32,,342535,3,0,10,1,70,,342511,3,0,10,2,30,,342509,3,0,10,1,70,,342523,3,0,10,1,30,,342517,3,0,10,2,68,,342520,3,0,10,1
20904,'H60S000A-80-A',540,,342745,3,0,9,1,71,,342772,3,0,9,1,31,,342759,3,0,9,1,71,,342746,3,0,9,1,29,,342773,3,0,9,1,71,,342760,3,0,9,1,31,,342747,3,0,9,1,69,,342774,3,0,9,1,31,,342761,3,0,9,1,71,,342748,3,0,9,1,29,,342775,3,0,9,1,71,,342762,3,0,9,1,31,,342749,3,0,9,1,73,,342776,3,0,9,1,33,,342763,3,0,9,1,72,,342750,3,0,9,1,32,,342777,3,0,9,1,73,,342764,3,0,9,1,72,,342751,3,0,9,1,32,,342778,3,0,9,1,73,,342765,3,0,9,1,32,,342752,3,0,9,1,72,,342779,3,0,9,1,32,,342766,3,0,9,1,72,,342753,3,0,9,1,32,,342780,3,0,9,1,71,,342767,3,0,9,1,30,,342754,3,0,9,1,71,,342781,3,0,9,1,31,,342768,3,0,9,1,69,,342755,3,0,9,1,28,,342782,3,0,9,1,69,,342769,3,0,9,1,29,,342756,3,0,9,1,70,,342783,3,0,9,1,29,,342770,3,0,9,1,68,,342757,3,0,9,1,29,,342784,3,0,9,1,68,,342771,3,0,9,1,28,,342758,3,0,9,1
20904,'H60S000I-81-I',541,,342785,3,0,9,1,70,,342786,3,0,9,2,31,,342804,3,0,9,1,70,,342795,3,0,9,1,30,,342787,3,0,9,2,71,,342805,3,0,9,1,31,,342796,3,0,9,1,69,,342788,3,0,9,2,31,,342806,3,0,9,1,71,,342797,3,0,9,1,29,,342789,3,0,9,2,71,,342807,3,0,9,1,32,,342798,3,0,9,1,72,,342790,3,0,9,2,33,,342808,3,0,9,1,72,,342799,3,0,9,1,32,,342791,3,0,9,2,73,,342809,3,0,9,1,72,,342800,3,0,9,1,32,,342792,3,0,9,2,73,,342810,3,0,9,1,32,,342801,3,0,9,1,72,,342793,3,0,9,2,32,,342811,3,0,9,1,72,,342802,3,0,9,1,33,,342794,3,0,9,2,72,,342820,3,0,9,1,30,,342803,3,0,9,1,72,,342815,3,0,9,1,32,,342821,3,0,9,1,70,,342812,3,0,9,1,29,,342816,3,0,9,1,68,,342822,3,0,9,1,30,,342813,3,0,9,1,69,,342817,3,0,9,1,27,,342823,3,0,9,1,69,,342814,3,0,9,1,28,,342818,3,0,9,1,67,,342819,3,0,9,1
20904,'H60S000S-83-S',541,,342830,3,0,9,1,79,,342837,3,0,9,2,20,,342824,3,0,9,1,10,,342839,3,0,9,2,56,,342851,3,0,9,2,14,,342852,3,0,9,1,16,,342831,3,0,9,1,64,,342863,3,0,9,2,10,,342838,3,0,9,2,17,,342825,3,0,9,1,16,,342840,3,0,9,2,58,,342841,3,0,9,2,19,,342853,3,0,9,1,24,,342832,3,0,9,1,68,,342826,3,0,9,1,30,,342842,3,0,9,2,70,,342854,3,0,9,1,31,,342833,3,0,9,1,71,,342827,3,0,9,1,31,,342843,3,0,9,2,71,,342855,3,0,9,1,30,,342834,3,0,9,1,67,,342828,3,0,9,1,26,,342844,3,0,9,2,64,,342856,3,0,9,1,19,,342864,3,0,9,1,14,,342835,3,0,9,1,13,,342865,3,0,9,1,53,,342829,3,0,9,1,13,,342867,3,0,9,1,16,,342845,3,0,9,2,18,,342866,3,0,9,1,62,,342857,3,0,9,1,26,,342836,3,0,9,1,68,,342868,3,0,9,1,33,,342846,3,0,9,2,73,,342858,3,0,9,1,32,,342869,3,0,9,1,72,,342847,3,0,9,2,30,,342859,3,0,9,1,71,,342870,3,0,9,1,30,,342848,3,0,9,2,70,,342860,3,0,9,1,31,,342871,3,0,9,1,68,,342849,3,0,9,2,28,,342861,3,0,9,1,68,,342872,3,0,9,1,28,,342850,3,0,9,2,67,,342862,3,0,9,1
20904,'H60S100F-80-F1',541,,342873,3,0,9,1,70,,342886,3,0,9,2,31,,342892,3,0,9,2,70,,342874,3,0,9,1,30,,342887,3,0,9,2,71,,342893,3,0,9,2,31,,342875,3,0,9,1,69,,342888,3,0,9,2,31,,342894,3,0,9,2,71,,342876,3,0,9,1,29,,342889,3,0,9,2,71,,342895,3,0,9,2,32,,342877,3,0,9,1,72,,342890,3,0,9,2,33,,342896,3,0,9,2,72,,342878,3,0,9,1,32,,342891,3,0,9,2,73,,342897,3,0,9,2,72,,342879,3,0,9,1,32,,342900,3,0,9,1,73,,342898,3,0,9,2,32,,342880,3,0,9,1,72,,342901,3,0,9,1,32,,342899,3,0,9,2,72,,342881,3,0,9,1,33,,342902,3,0,9,1,72,,342907,3,0,9,1,30,,342882,3,0,9,1,72,,342903,3,0,9,1,32,,342908,3,0,9,1,70,,342883,3,0,9,1,29,,342904,3,0,9,1,68,,342909,3,0,9,1,30,,342884,3,0,9,1,69,,342905,3,0,9,1,27,,342910,3,0,9,1,69,,342885,3,0,9,1,28,,342906,3,0,9,1,67,,342911,3,0,9,1
20904,'H60S200F-80-F2',541,,342912,3,0,9,1,70,,342925,3,0,9,2,31,,342931,3,0,9,2,70,,342913,3,0,9,1,30,,342926,3,0,9,2,71,,342932,3,0,9,2,31,,342914,3,0,9,1,69,,342927,3,0,9,2,31,,342933,3,0,9,2,71,,342915,3,0,9,1,29,,342928,3,0,9,2,71,,342934,3,0,9,2,32,,342916,3,0,9,1,72,,342929,3,0,9,2,33,,342935,3,0,9,2,72,,342917,3,0,9,1,32,,342930,3,0,9,2,73,,342936,3,0,9,2,72,,342918,3,0,9,1,32,,342939,3,0,9,1,73,,342937,3,0,9,2,32,,342919,3,0,9,1,72,,342940,3,0,9,1,32,,342938,3,0,9,2,72,,342920,3,0,9,1,33,,342941,3,0,9,1,72,,342946,3,0,9,1,30,,342921,3,0,9,1,72,,342942,3,0,9,1,32,,342947,3,0,9,1,70,,342922,3,0,9,1,29,,342943,3,0,9,1,68,,342948,3,0,9,1,30,,342923,3,0,9,1,69,,342944,3,0,9,1,27,,342949,3,0,9,1,69,,342924,3,0,9,1,28,,342945,3,0,9,1,67,,342950,3,0,9,1
38202,'H60S000A-80-A',2622,,347374,62,0,10,1,85,,347376,62,0,10,1,45,,347373,62,0,10,1,85,,347375,62,0,10,1
38202,'H60S000I-81-I',2622,,347379,62,0,10,1,85,,347378,62,0,10,1,44,,347377,62,0,10,1,85,,347380,62,0,10,1
38202,'H60S000S-83-S',2623,,347381,62,0,10,2,85,,347384,62,0,10,1,44,,347382,62,0,10,1,85,,347383,62,0,10,1
38202,'H60S100F-80-F1',2622,,347387,62,0,10,1,85,,347385,62,0,10,1,44,,347386,62,0,10,2,85,,347388,62,0,10,1
38202,'H60S200F-80-F2',2622,,347391,62,0,10,1,85,,347389,62,0,10,1,44,,347390,62,0,10,2,85,,347392,62,0,10,1
