16503,'H50S000A-82-A',616,,330105,21,0,8,1,29,,330118,21,0,8,1,62,,330128,21,0,8,1,21,,330106,21,0,8,1,21,,330119,21,0,8,1,61,,330129,21,0,8,1,17,,330136,21,0,8,1,16,,330107,21,0,8,1,57,,330120,21,0,8,1,18,,330130,21,0,8,1,19,,330137,21,0,8,1,17,,330108,21,0,8,1,57,,330121,21,0,8,1,15,,330145,21,0,8,1,11,,330131,21,0,8,1,10,,330157,21,0,8,1,10,,330138,21,0,8,1,50,,330164,21,0,8,1,10,,330109,21,0,8,1,9,,330122,21,0,8,1,10,,330170,21,0,8,1,9,,330146,21,0,8,1,13,,330132,21,0,8,1,50,,330158,21,0,8,1,10,,330139,21,0,8,1,10,,330165,21,0,8,1,8,,330110,21,0,8,1,8,,330123,21,0,8,1,7,,330182,21,0,8,1,7,,330171,21,0,8,1,47,,330147,21,0,8,1,7,,330190,21,0,8,1,7,,330133,21,0,8,1,8,,330193,21,0,8,1,8,,330159,21,0,8,1,8,,330140,21,0,8,1,8,,330166,21,0,8,1,7,,330111,21,0,8,1,47,,330124,21,0,8,1,7,,330183,21,0,8,1,8,,330172,21,0,8,1,8,,330148,21,0,8,1,9,,330204,21,0,8,1,8,,330134,21,0,8,1,8,,330194,21,0,8,1,47,,330160,21,0,8,1,7,,330141,21,0,8,1,7,,330167,21,0,8,1,7,,330112,21,0,8,1,7,,330125,21,0,8,1,7,,330184,21,0,8,1,7,,330191,21,0,8,1,7,,330149,21,0,8,1,7,,330173,21,0,8,1,46,,330205,21,0,8,1,6,,330135,21,0,8,1,7,,330208,21,0,8,1,8,,330195,21,0,8,1,8,,330142,21,0,8,1,7,,330168,21,0,8,1,7,,330209,21,0,8,1,6,,330113,21,0,8,1,6,,330126,21,0,8,1,46,,330185,21,0,8,1,5,,330192,21,0,8,1,5,,330150,21,0,8,1,7,,330174,21,0,8,1,7,,330206,21,0,8,1,7,,330161,21,0,8,1,7,,330216,21,0,8,1,6,,330196,21,0,8,1,6,,330143,21,0,8,1,6,,330169,21,0,8,1,46,,330210,21,0,8,1,6,,330114,21,0,8,1,7,,330127,21,0,8,1,6,,330186,21,0,8,1,7,,330151,21,0,8,1,8,,330175,21,0,8,1,8,,330207,21,0,8,1,9,,330162,21,0,8,1,49,,330197,21,0,8,1,8,,330144,21,0,8,1,9,,330211,21,0,8,1,8,,330115,21,0,8,1,8,,330187,21,0,8,1,12,,330152,21,0,8,1,51,,330176,21,0,8,1,11,,330163,21,0,8,1,12,,330198,21,0,8,1,13,,330212,21,0,8,1,13,,330188,21,0,8,1,51,,330116,21,0,8,1,11,,330153,21,0,8,1,11,,330177,21,0,8,1,12,,330199,21,0,8,1,11,,330189,21,0,8,1,11,,330213,21,0,8,1,52,,330154,21,0,8,1,11,,330117,21,0,8,1,12,,330200,21,0,8,1,15,,330178,21,0,8,1,57,,330155,21,0,8,1,17,,330214,21,0,8,1,17,,330179,21,0,8,1,17,,330201,21,0,8,1,57,,330156,21,0,8,1,17,,330180,21,0,8,1,17,,330215,21,0,8,1,57,,330202,21,0,8,1,30,,330181,21,0,8,1,70,,330203,21,0,8,1
16503,'H50S000I-82-I',621,,330217,21,0,8,1,28,,330234,21,0,8,1,60,,330243,21,0,8,1,21,,330218,21,0,8,1,27,,330235,21,0,8,1,67,,330244,21,0,8,1,29,,330219,21,0,8,1,64,,330236,21,0,8,1,17,,330252,21,0,8,1,14,,330245,21,0,8,1,56,,330220,21,0,8,1,13,,330274,21,0,8,1,13,,330263,21,0,8,1,13,,330237,21,0,8,1,13,,330253,21,0,8,1,52,,330281,21,0,8,1,12,,330221,21,0,8,1,11,,330275,21,0,8,1,10,,330288,21,0,8,1,9,,330264,21,0,8,1,50,,330238,21,0,8,1,5,,330246,21,0,8,1,10,,330254,21,0,8,1,11,,330282,21,0,8,1,9,,330222,21,0,8,1,9,,330294,21,0,8,1,9,,330276,21,0,8,1,49,,330289,21,0,8,1,10,,330265,21,0,8,1,10,,330247,21,0,8,1,7,,330239,21,0,8,1,8,,330255,21,0,8,1,8,,330283,21,0,8,1,8,,330223,21,0,8,1,48,,330295,21,0,8,1,8,,330300,21,0,8,1,7,,330277,21,0,8,1,7,,330290,21,0,8,1,7,,330266,21,0,8,1,9,,330248,21,0,8,1,8,,330240,21,0,8,1,8,,330256,21,0,8,1,48,,330284,21,0,8,1,8,,330224,21,0,8,1,7,,330296,21,0,8,1,7,,330301,21,0,8,1,7,,330278,21,0,8,1,7,,330291,21,0,8,1,7,,330267,21,0,8,1,7,,330303,21,0,8,1,47,,330249,21,0,8,1,7,,330241,21,0,8,1,7,,330257,21,0,8,1,7,,330285,21,0,8,1,8,,330225,21,0,8,1,9,,330297,21,0,8,1,10,,330279,21,0,8,1,10,,330292,21,0,8,1,50,,330268,21,0,8,1,8,,330250,21,0,8,1,8,,330242,21,0,8,1,6,,330258,21,0,8,1,8,,330286,21,0,8,1,7,,330226,21,0,8,1,7,,330302,21,0,8,1,7,,330298,21,0,8,1,47,,330280,21,0,8,1,8,,330304,21,0,8,1,7,,330293,21,0,8,1,7,,330269,21,0,8,1,8,,330251,21,0,8,1,8,,330259,21,0,8,1,9,,330287,21,0,8,1,50,,330227,21,0,8,1,10,,330299,21,0,8,1,11,,330305,21,0,8,1,17,,330270,21,0,8,1,17,,330260,21,0,8,1,57,,330228,21,0,8,1,18,,330306,21,0,8,1,19,,330271,21,0,8,1,57,,330229,21,0,8,1,18,,330261,21,0,8,1,18,,330307,21,0,8,1,58,,330230,21,0,8,1,16,,330272,21,0,8,1,17,,330262,21,0,8,1,19,,330231,21,0,8,1,60,,330308,21,0,8,1,21,,330273,21,0,8,1,23,,330232,21,0,8,1,69,,330309,21,0,8,1,29,,330233,21,0,8,1,70,,330310,21,0,8,1
16503,'H50S000S-82-S',545,,330311,21,0,8,1,60,,330320,21,0,8,1,20,,330329,21,0,8,1,12,,330341,21,0,8,1,14,,330312,21,0,8,1,52,,330355,21,0,8,1,11,,330321,21,0,8,1,11,,330363,21,0,8,1,11,,330330,21,0,8,1,9,,330375,21,0,8,1,9,,330342,21,0,8,1,47,,330392,21,0,8,1,6,,330383,21,0,8,1,6,,330391,21,0,8,1,5,,330313,21,0,8,1,6,,330356,21,0,8,1,6,,330393,21,0,8,1,5,,330396,21,0,8,1,5,,330322,21,0,8,1,6,,330394,21,0,8,1,5,,330364,21,0,8,1,5,,330395,21,0,8,1,47,,330331,21,0,8,1,9,,330376,21,0,8,1,9,,330343,21,0,8,1,10,,330384,21,0,8,1,9,,330314,21,0,8,1,8,,330357,21,0,8,1,10,,330397,21,0,8,1,52,,330323,21,0,8,1,12,,330332,21,0,8,1,10,,330377,21,0,8,1,10,,330344,21,0,8,1,11,,330385,21,0,8,1,51,,330315,21,0,8,1,11,,330358,21,0,8,1,11,,330365,21,0,8,1,10,,330324,21,0,8,1,10,,330333,21,0,8,1,11,,330378,21,0,8,1,50,,330345,21,0,8,1,11,,330386,21,0,8,1,10,,330398,21,0,8,1,10,,330316,21,0,8,1,11,,330366,21,0,8,1,9,,330408,21,0,8,1,48,,330325,21,0,8,1,8,,330334,21,0,8,1,8,,330379,21,0,8,1,8,,330346,21,0,8,1,9,,330414,21,0,8,1,9,,330387,21,0,8,1,9,,330359,21,0,8,1,48,,330317,21,0,8,1,8,,330367,21,0,8,1,8,,330409,21,0,8,1,8,,330326,21,0,8,1,8,,330335,21,0,8,1,8,,330380,21,0,8,1,8,,330347,21,0,8,1,48,,330399,21,0,8,1,6,,330415,21,0,8,1,6,,330388,21,0,8,1,7,,330360,21,0,8,1,6,,330418,21,0,8,1,7,,330318,21,0,8,1,6,,330368,21,0,8,1,7,,330410,21,0,8,1,7,,330327,21,0,8,1,6,,330423,21,0,8,1,46,,330336,21,0,8,1,6,,330381,21,0,8,1,6,,330348,21,0,8,1,4,,330435,21,0,8,1,4,,330400,21,0,8,1,4,,330437,21,0,8,1,4,,330438,21,0,8,1,4,,330416,21,0,8,1,4,,330428,21,0,8,1,5,,330389,21,0,8,1,5,,330436,21,0,8,1,5,,330361,21,0,8,1,46,,330419,21,0,8,1,5,,330319,21,0,8,1,6,,330369,21,0,8,1,5,,330440,21,0,8,1,5,,330411,21,0,8,1,5,,330328,21,0,8,1,6,,330424,21,0,8,1,6,,330337,21,0,8,1,6,,330382,21,0,8,1,5,,330349,21,0,8,1,5,,330417,21,0,8,1,46,,330401,21,0,8,1,6,,330439,21,0,8,1,6,,330429,21,0,8,1,6,,330390,21,0,8,1,5,,330370,21,0,8,1,5,,330362,21,0,8,1,6,,330420,21,0,8,1,9,,330441,21,0,8,1,8,,330412,21,0,8,1,48,,330425,21,0,8,1,9,,330338,21,0,8,1,9,,330350,21,0,8,1,10,,330402,21,0,8,1,10,,330430,21,0,8,1,10,,330371,21,0,8,1,9,,330421,21,0,8,1,49,,330442,21,0,8,1,9,,330413,21,0,8,1,9,,330339,21,0,8,1,8,,330426,21,0,8,1,9,,330351,21,0,8,1,9,,330403,21,0,8,1,8,,330422,21,0,8,1,48,,330431,21,0,8,1,9,,330372,21,0,8,1,10,,330443,21,0,8,1,8,,330427,21,0,8,1,7,,330340,21,0,8,1,7,,330404,21,0,8,1,11,,330352,21,0,8,1,52,,330373,21,0,8,1,12,,330432,21,0,8,1,15,,330444,21,0,8,1,14,,330353,21,0,8,1,55,,330405,21,0,8,1,15,,330374,21,0,8,1,17,,330433,21,0,8,1,19,,330354,21,0,8,1,63,,330406,21,0,8,1,32,,330434,21,0,8,1,70,,330407,21,0,8,1
16503,'H50S100F-80-F1',621,,330445,21,0,8,1,28,,330462,21,0,8,1,60,,330471,21,0,8,1,21,,330446,21,0,8,1,27,,330463,21,0,8,1,67,,330472,21,0,8,1,29,,330447,21,0,8,1,64,,330464,21,0,8,1,17,,330480,21,0,8,1,14,,330473,21,0,8,1,56,,330448,21,0,8,1,13,,330502,21,0,8,1,13,,330491,21,0,8,1,13,,330465,21,0,8,1,13,,330481,21,0,8,1,52,,330509,21,0,8,1,12,,330449,21,0,8,1,11,,330503,21,0,8,1,10,,330516,21,0,8,1,9,,330492,21,0,8,1,50,,330466,21,0,8,1,5,,330474,21,0,8,1,10,,330482,21,0,8,1,11,,330510,21,0,8,1,9,,330450,21,0,8,1,9,,330522,21,0,8,1,9,,330504,21,0,8,1,49,,330517,21,0,8,1,10,,330493,21,0,8,1,10,,330475,21,0,8,1,7,,330467,21,0,8,1,8,,330483,21,0,8,1,8,,330511,21,0,8,1,8,,330451,21,0,8,1,48,,330523,21,0,8,1,8,,330528,21,0,8,1,7,,330505,21,0,8,1,7,,330518,21,0,8,1,7,,330494,21,0,8,1,9,,330476,21,0,8,1,8,,330468,21,0,8,1,8,,330484,21,0,8,1,48,,330512,21,0,8,1,8,,330452,21,0,8,1,7,,330524,21,0,8,1,7,,330529,21,0,8,1,7,,330506,21,0,8,1,7,,330519,21,0,8,1,7,,330495,21,0,8,1,7,,330531,21,0,8,1,47,,330477,21,0,8,1,7,,330469,21,0,8,1,7,,330485,21,0,8,1,7,,330513,21,0,8,1,8,,330453,21,0,8,1,9,,330525,21,0,8,1,10,,330507,21,0,8,1,10,,330520,21,0,8,1,50,,330496,21,0,8,1,8,,330478,21,0,8,1,8,,330470,21,0,8,1,6,,330486,21,0,8,1,8,,330514,21,0,8,1,7,,330454,21,0,8,1,7,,330530,21,0,8,1,7,,330526,21,0,8,1,47,,330508,21,0,8,1,8,,330532,21,0,8,1,7,,330521,21,0,8,1,7,,330497,21,0,8,1,8,,330479,21,0,8,1,8,,330487,21,0,8,1,9,,330515,21,0,8,1,50,,330455,21,0,8,1,10,,330527,21,0,8,1,11,,330533,21,0,8,1,17,,330498,21,0,8,1,17,,330488,21,0,8,1,57,,330456,21,0,8,1,18,,330534,21,0,8,1,19,,330499,21,0,8,1,57,,330457,21,0,8,1,18,,330489,21,0,8,1,18,,330535,21,0,8,1,58,,330458,21,0,8,1,16,,330500,21,0,8,1,17,,330490,21,0,8,1,19,,330459,21,0,8,1,60,,330536,21,0,8,1,21,,330501,21,0,8,1,23,,330460,21,0,8,1,69,,330537,21,0,8,1,29,,330461,21,0,8,1,70,,330538,21,0,8,1
16503,'H50S200F-80-F2',621,,330539,21,0,8,1,28,,330556,21,0,8,1,60,,330565,21,0,8,1,21,,330540,21,0,8,1,27,,330557,21,0,8,1,67,,330566,21,0,8,1,29,,330541,21,0,8,1,64,,330558,21,0,8,1,17,,330574,21,0,8,1,14,,330567,21,0,8,1,56,,330542,21,0,8,1,13,,330596,21,0,8,1,13,,330585,21,0,8,1,13,,330559,21,0,8,1,13,,330575,21,0,8,1,52,,330603,21,0,8,1,12,,330543,21,0,8,1,11,,330597,21,0,8,1,10,,330610,21,0,8,1,9,,330586,21,0,8,1,50,,330560,21,0,8,1,5,,330568,21,0,8,1,10,,330576,21,0,8,1,11,,330604,21,0,8,1,9,,330544,21,0,8,1,9,,330616,21,0,8,1,9,,330598,21,0,8,1,49,,330611,21,0,8,1,10,,330587,21,0,8,1,10,,330569,21,0,8,1,7,,330561,21,0,8,1,8,,330577,21,0,8,1,8,,330605,21,0,8,1,8,,330545,21,0,8,1,48,,330617,21,0,8,1,8,,330622,21,0,8,1,7,,330599,21,0,8,1,7,,330612,21,0,8,1,7,,330588,21,0,8,1,9,,330570,21,0,8,1,8,,330562,21,0,8,1,8,,330578,21,0,8,1,48,,330606,21,0,8,1,8,,330546,21,0,8,1,7,,330618,21,0,8,1,7,,330623,21,0,8,1,7,,330600,21,0,8,1,7,,330613,21,0,8,1,7,,330589,21,0,8,1,7,,330625,21,0,8,1,47,,330571,21,0,8,1,7,,330563,21,0,8,1,7,,330579,21,0,8,1,7,,330607,21,0,8,1,8,,330547,21,0,8,1,9,,330619,21,0,8,1,10,,330601,21,0,8,1,10,,330614,21,0,8,1,50,,330590,21,0,8,1,8,,330572,21,0,8,1,8,,330564,21,0,8,1,6,,330580,21,0,8,1,8,,330608,21,0,8,1,7,,330548,21,0,8,1,7,,330624,21,0,8,1,7,,330620,21,0,8,1,47,,330602,21,0,8,1,8,,330626,21,0,8,1,7,,330615,21,0,8,1,7,,330591,21,0,8,1,8,,330573,21,0,8,1,8,,330581,21,0,8,1,9,,330609,21,0,8,1,50,,330549,21,0,8,1,10,,330621,21,0,8,1,11,,330627,21,0,8,1,17,,330592,21,0,8,1,17,,330582,21,0,8,1,57,,330550,21,0,8,1,18,,330628,21,0,8,1,19,,330593,21,0,8,1,57,,330551,21,0,8,1,18,,330583,21,0,8,1,18,,330629,21,0,8,1,58,,330552,21,0,8,1,16,,330594,21,0,8,1,17,,330584,21,0,8,1,19,,330553,21,0,8,1,60,,330630,21,0,8,1,21,,330595,21,0,8,1,23,,330554,21,0,8,1,69,,330631,21,0,8,1,29,,330555,21,0,8,1,70,,330632,21,0,8,1
36903,'H50S000A-82-A',2548,,346958,25,0,8,2,70,,346961,25,0,8,1,17,,346952,25,0,8,1,12,,346953,25,0,8,1,11,,346956,25,0,8,1,50,,346959,25,0,8,2,11,,346962,25,0,8,1,13,,346964,25,0,8,2,16,,346954,25,0,8,1,57,,346957,25,0,8,1,14,,346960,25,0,8,2,13,,346963,25,0,8,1,14,,346955,25,0,8,1
36903,'H50S000I-82-I',2548,,346969,25,0,8,1,86,,346967,25,0,8,2,77,,346966,25,0,8,2,24,,346970,25,0,8,1,24,,346968,25,0,8,2,84,,346965,25,0,8,2
36903,'H50S000S-82-S',2549,,346974,25,0,8,1,52,,346971,25,0,8,1,26,,346977,25,0,8,1,22,,346975,25,0,8,1,79,,346972,25,0,8,1,80,,346976,25,0,8,1,37,,346973,25,0,8,1
36903,'H50S000S-82-SV',2613,,346978,25,0,8,2,23,,346979,25,0,8,2,72,,346981,25,0,8,2,40,,346980,25,0,8,2
36903,'H50S100F-80-F1',2548,,346986,25,0,8,1,86,,346984,25,0,8,2,77,,346983,25,0,8,2,24,,346987,25,0,8,1,24,,346985,25,0,8,2,84,,346982,25,0,8,2
36903,'H50S200F-80-F2',2548,,346992,25,0,8,1,86,,346990,25,0,8,2,77,,346989,25,0,8,2,24,,346993,25,0,8,1,24,,346991,25,0,8,2,84,,346988,25,0,8,2
