3303,'H54S000A-80-A',604,,294797,54,0,8,1,29,,294794,54,0,8,1,72,,294807,54,0,8,1,29,,294789,50,0,8,1,69,,294798,50,0,8,1,29,,294795,50,0,8,1,25,,294813,50,0,8,1,62,,294808,50,0,8,1,20,,294790,50,0,8,1,62,,294803,50,0,8,1,22,,294799,50,0,8,1,20,,294796,50,0,8,1,16,,294818,50,0,8,1,53,,294814,50,0,8,1,13,,294859,50,0,8,1,13,,294809,50,0,8,1,14,,294791,50,0,8,1,52,,294830,50,0,8,1,15,,294833,50,0,8,1,15,,294804,50,0,8,1,16,,294800,50,0,8,1,56,,294836,50,0,8,1,16,,294819,50,0,8,1,13,,294828,50,0,8,1,13,,294815,50,0,8,1,53,,294810,50,0,8,1,12,,294825,50,0,8,1,11,,294792,50,0,8,1,11,,294843,50,0,8,2,12,,294834,50,0,8,1,12,,294805,50,0,8,1,52,,294839,50,0,8,2,10,,294801,50,0,8,1,9,,294837,50,0,8,1,10,,294850,50,0,8,1,9,,294820,50,0,8,1,10,,294829,50,0,8,1,50,,294856,50,0,8,1,9,,294816,50,0,8,1,10,,294811,50,0,8,1,10,,294826,50,0,8,1,10,,294793,50,0,8,1,9,,294844,50,0,8,2,50,,294835,50,0,8,1,10,,294806,50,0,8,1,10,,294840,50,0,8,2,10,,294802,50,0,8,1,7,,294852,50,0,8,2,6,,294838,50,0,8,1,9,,294851,50,0,8,1,48,,294853,50,0,8,2,7,,294821,50,0,8,1,10,,294857,50,0,8,1,9,,294817,50,0,8,1,11,,294812,50,0,8,1,14,,294827,50,0,8,1,54,,294845,50,0,8,2,15,,294846,50,0,8,1,14,,294841,50,0,8,2,16,,294863,54,0,8,1,63,,294822,54,0,8,1,22,,294831,54,0,8,1,64,,294860,54,0,8,1,23,,294847,54,0,8,1,16,,294858,54,0,8,1,56,,294842,54,0,8,2,18,,294823,54,0,8,1,21,,294832,54,0,8,1,63,,294861,54,0,8,1,23,,294787,54,0,8,1,21,,294848,54,0,8,1,61,,294854,54,0,8,2,21,,294824,54,0,8,1,25,,294862,54,0,8,1,69,,294788,54,0,8,1,27,,294849,54,0,8,1,69,,294855,54,0,8,2
3303,'H54S000I-80-I',609,,294872,54,0,8,1,32,,294878,54,0,8,1,68,,294896,54,0,8,1,28,,294868,50,0,8,1,70,,294873,50,0,8,1,33,,294879,50,0,8,1,72,,294897,50,0,8,1,27,,294869,50,0,8,1,62,,294892,50,0,8,1,22,,294874,50,0,8,1,24,,294880,50,0,8,1,58,,294904,50,0,8,1,17,,294898,50,0,8,1,17,,294909,50,0,8,2,18,,294870,50,0,8,1,60,,294893,50,0,8,1,18,,294913,50,0,8,1,18,,294875,50,0,8,1,57,,294881,50,0,8,1,17,,294905,50,0,8,1,14,,294902,50,0,8,1,14,,294899,50,0,8,1,55,,294910,50,0,8,2,16,,294871,50,0,8,1,14,,294894,50,0,8,1,15,,294914,50,0,8,1,54,,294916,50,0,8,1,15,,294876,50,0,8,1,13,,294918,50,0,8,2,13,,294882,50,0,8,1,52,,294906,50,0,8,1,12,,294903,50,0,8,1,13,,294927,50,0,8,1,12,,294900,50,0,8,1,11,,294911,50,0,8,2,50,,294895,50,0,8,1,11,,294915,50,0,8,1,11,,294920,50,0,8,2,11,,294917,50,0,8,1,12,,294877,50,0,8,1,12,,294919,50,0,8,2,52,,294883,50,0,8,1,13,,294907,50,0,8,1,12,,294925,50,0,8,1,13,,294865,50,0,8,2,53,,294901,50,0,8,1,15,,294912,50,0,8,2,15,,294888,50,0,8,1,16,,294864,54,0,8,1,56,,294924,54,0,8,1,18,,294884,54,0,8,1,20,,294908,54,0,8,1,63,,294866,54,0,8,2,25,,294889,54,0,8,1,21,,294926,54,0,8,1,60,,294867,54,0,8,2,21,,294885,54,0,8,1,27,,294922,54,0,8,1,64,,294890,54,0,8,1,29,,294928,54,0,8,2,69,,294886,54,0,8,1,29,,294923,54,0,8,1,70,,294891,54,0,8,1,30,,294921,54,0,8,2,70,,294887,54,0,8,1
3303,'H54S000S-80-S',557,,294939,54,0,8,1,67,,294930,54,0,8,1,15,,294937,54,0,8,1,17,,294938,54,0,8,2,56,,294949,54,0,8,1,6,,294950,50,0,8,2,8,,295013,50,0,8,1,11,,294951,50,0,8,1,13,,294957,50,0,8,1,54,,294959,50,0,8,1,13,,294940,50,0,8,1,25,,294956,50,0,8,1,11,,294973,50,0,8,1,59,,294977,50,0,8,1,19,,294935,50,0,8,1,18,,294945,50,0,8,1,58,,294952,50,0,8,1,21,,294960,50,0,8,1,19,,294941,50,0,8,1,59,,294981,50,0,8,1,19,,294974,50,0,8,1,18,,294978,50,0,8,1,16,,294936,50,0,8,1,54,,294946,50,0,8,1,13,,294970,50,0,8,2,12,,294953,50,0,8,1,13,,294961,50,0,8,1,53,,294958,50,0,8,2,13,,294942,50,0,8,1,12,,294982,50,0,8,1,12,,294933,50,0,8,2,10,,294987,50,0,8,1,50,,294975,50,0,8,1,9,,294979,50,0,8,1,10,,294985,50,0,8,1,9,,294966,50,0,8,2,9,,294968,50,0,8,1,10,,294947,50,0,8,1,10,,294971,50,0,8,2,50,,294954,50,0,8,1,12,,294962,50,0,8,1,13,,294989,50,0,8,2,12,,294943,50,0,8,1,12,,294993,50,0,8,2,48,,294983,50,0,8,1,8,,294934,50,0,8,2,9,,294988,50,0,8,1,15,,294976,50,0,8,1,6,,294980,50,0,8,1,14,,294986,50,0,8,1,47,,294931,50,0,8,1,7,,294967,50,0,8,2,6,,294969,50,0,8,1,5,,295007,50,0,8,1,11,,294948,50,0,8,1,5,,294972,50,0,8,2,6,,294955,50,0,8,1,6,,295009,50,0,8,1,7,,294929,50,0,8,1,46,,295008,50,0,8,2,7,,294963,50,0,8,1,7,,294990,50,0,8,2,7,,294944,50,0,8,1,9,,294994,50,0,8,2,8,,294984,50,0,8,1,8,,295015,50,0,8,1,8,,294991,50,0,8,1,49,,294996,50,0,8,2,8,,294997,50,0,8,1,9,,294998,50,0,8,2,10,,294932,50,0,8,1,14,,295005,50,0,8,1,10,,295017,54,0,8,2,54,,295010,54,0,8,1,15,,295002,54,0,8,1,19,,294964,54,0,8,1,60,,294995,54,0,8,2,19,,294992,54,0,8,1,17,,294999,54,0,8,2,17,,295006,54,0,8,1,55,,295014,54,0,8,2,15,,295003,54,0,8,1,18,,295018,54,0,8,1,61,,294965,54,0,8,1,22,,295000,54,0,8,1,28,,295011,54,0,8,1,67,,295004,54,0,8,1,27,,295019,54,0,8,1,69,,295001,54,0,8,1,26,,295016,54,0,8,1,71,,295012,54,0,8,1
3303,'H54S100F-80-F1',609,,295028,54,0,8,1,32,,295034,54,0,8,1,68,,295052,54,0,8,1,28,,295024,50,0,8,1,70,,295029,50,0,8,1,33,,295035,50,0,8,1,72,,295053,50,0,8,1,27,,295025,50,0,8,1,62,,295048,50,0,8,1,22,,295030,50,0,8,1,24,,295036,50,0,8,1,58,,295060,50,0,8,1,17,,295054,50,0,8,1,17,,295065,50,0,8,2,18,,295026,50,0,8,1,60,,295049,50,0,8,1,18,,295069,50,0,8,1,18,,295031,50,0,8,1,57,,295037,50,0,8,1,17,,295061,50,0,8,1,14,,295058,50,0,8,1,14,,295055,50,0,8,1,55,,295066,50,0,8,2,16,,295027,50,0,8,1,14,,295050,50,0,8,1,15,,295070,50,0,8,1,54,,295072,50,0,8,1,15,,295032,50,0,8,1,13,,295074,50,0,8,2,13,,295038,50,0,8,1,52,,295062,50,0,8,1,12,,295059,50,0,8,1,13,,295083,50,0,8,1,12,,295056,50,0,8,1,11,,295067,50,0,8,2,50,,295051,50,0,8,1,11,,295071,50,0,8,1,11,,295076,50,0,8,2,11,,295073,50,0,8,1,12,,295033,50,0,8,1,12,,295075,50,0,8,2,52,,295039,50,0,8,1,13,,295063,50,0,8,1,12,,295081,50,0,8,1,13,,295021,50,0,8,2,53,,295057,50,0,8,1,15,,295068,50,0,8,2,15,,295044,50,0,8,1,16,,295020,54,0,8,1,56,,295080,54,0,8,1,18,,295040,54,0,8,1,20,,295064,54,0,8,1,63,,295022,54,0,8,2,25,,295045,54,0,8,1,21,,295082,54,0,8,1,60,,295023,54,0,8,2,21,,295041,54,0,8,1,27,,295078,54,0,8,1,64,,295046,54,0,8,1,29,,295084,54,0,8,2,69,,295042,54,0,8,1,29,,295079,54,0,8,1,70,,295047,54,0,8,1,30,,295077,54,0,8,2,70,,295043,54,0,8,1
3303,'H54S200F-80-F2',609,,295093,54,0,8,1,32,,295099,54,0,8,1,68,,295117,54,0,8,1,28,,295089,50,0,8,1,70,,295094,50,0,8,1,33,,295100,50,0,8,1,72,,295118,50,0,8,1,27,,295090,50,0,8,1,62,,295113,50,0,8,1,22,,295095,50,0,8,1,24,,295101,50,0,8,1,58,,295125,50,0,8,1,17,,295119,50,0,8,1,17,,295130,50,0,8,2,18,,295091,50,0,8,1,60,,295114,50,0,8,1,18,,295134,50,0,8,1,18,,295096,50,0,8,1,57,,295102,50,0,8,1,17,,295126,50,0,8,1,14,,295123,50,0,8,1,14,,295120,50,0,8,1,55,,295131,50,0,8,2,16,,295092,50,0,8,1,14,,295115,50,0,8,1,15,,295135,50,0,8,1,54,,295137,50,0,8,1,15,,295097,50,0,8,1,13,,295139,50,0,8,2,13,,295103,50,0,8,1,52,,295127,50,0,8,1,12,,295124,50,0,8,1,13,,295148,50,0,8,1,12,,295121,50,0,8,1,11,,295132,50,0,8,2,50,,295116,50,0,8,1,11,,295136,50,0,8,1,11,,295141,50,0,8,2,11,,295138,50,0,8,1,12,,295098,50,0,8,1,12,,295140,50,0,8,2,52,,295104,50,0,8,1,13,,295128,50,0,8,1,12,,295146,50,0,8,1,13,,295086,50,0,8,2,53,,295122,50,0,8,1,15,,295133,50,0,8,2,15,,295109,50,0,8,1,16,,295085,54,0,8,1,56,,295145,54,0,8,1,18,,295105,54,0,8,1,20,,295129,54,0,8,1,63,,295087,54,0,8,2,25,,295110,54,0,8,1,21,,295147,54,0,8,1,60,,295088,54,0,8,2,21,,295106,54,0,8,1,27,,295143,54,0,8,1,64,,295111,54,0,8,1,29,,295149,54,0,8,2,69,,295107,54,0,8,1,29,,295144,54,0,8,1,70,,295112,54,0,8,1,30,,295142,54,0,8,2,70,,295108,54,0,8,1
3303,'H57S000S-80-S',830,,295150,50,0,8,1,820,,295151,50,0,8,1
3303,'H59S000S-80-S',1630,,295152,50,0,8,2,98,,295153,50,0,8,1
4301,'H58S000A-80-A',633,,297722,34,0,5,2,73,,297709,34,0,5,1,33,,297715,34,0,5,2,74,,297723,34,0,5,1,36,,297730,34,0,5,2,75,,297736,34,0,5,1,30,,297710,34,0,5,1,70,,297716,34,0,5,2,30,,297724,34,0,5,1,75,,297731,34,0,5,2,73,,297737,34,0,5,1,33,,297711,34,0,5,1,73,,297717,34,0,5,2,33,,297725,34,0,5,1,73,,297732,34,0,5,2,30,,297738,34,0,5,1,69,,297712,34,0,5,1,30,,297718,34,0,5,2,70,,297726,34,0,5,1,30,,297733,34,0,5,2,68,,297739,34,0,5,1,28,,297713,34,0,5,1,67,,297719,34,0,5,2,29,,297727,34,0,5,1,69,,297734,34,0,5,2,30,,297740,34,0,5,1,71,,297714,34,0,5,1,30,,297720,34,0,5,2,69,,297728,34,0,5,1,30,,297735,34,0,5,2,70,,297742,34,0,5,1,30,,297741,34,0,5,2,94,,297729,34,0,5,1,93,,297743,34,0,5,1,96,,297721,34,0,5,1,94,,297744,34,0,5,1
4301,'H58S000I-80-I',708,,297761,34,0,5,2,34,,297751,34,0,5,1,72,,297760,34,0,5,2,34,,297768,34,0,5,1,75,,297762,34,0,5,2,33,,297752,34,0,5,1,72,,297759,34,0,5,1,72,,297773,34,0,5,1,32,,297769,34,0,5,1,72,,297763,34,0,5,2,31,,297753,34,0,5,1,72,,297746,34,0,5,1,30,,297774,34,0,5,1,71,,297770,34,0,5,1,29,,297764,34,0,5,2,70,,297754,34,0,5,1,31,,297747,34,0,5,1,70,,297775,34,0,5,1,29,,297771,34,0,5,1,66,,297765,34,0,5,2,29,,297755,34,0,5,1,68,,297748,34,0,5,1,28,,297776,34,0,5,1,28,,297772,34,0,5,1,70,,297766,34,0,5,2,31,,297756,34,0,5,1,71,,297749,34,0,5,1,31,,297777,34,0,5,1,71,,297779,34,0,5,2,28,,297745,34,0,5,2,70,,297757,34,0,5,1,93,,297767,34,0,5,1,91,,297750,34,0,5,1,93,,297758,34,0,5,1,53,,297778,34,0,5,2
4301,'H58S000S-83-S',604,,297794,34,0,5,2,22,,297800,34,0,5,1,29,,297787,34,0,5,1,76,,297796,34,0,5,1,74,,297781,34,0,5,1,31,,297795,34,0,5,2,10,,297803,34,0,5,2,9,,297807,34,0,5,1,66,,297801,34,0,5,1,28,,297788,34,0,5,1,69,,297797,34,0,5,1,28,,297782,34,0,5,1,68,,297804,34,0,5,2,30,,297802,34,0,5,1,72,,297808,34,0,5,2,30,,297789,34,0,5,1,70,,297798,34,0,5,1,30,,297783,34,0,5,1,71,,297805,34,0,5,2,30,,297806,34,0,5,1,68,,297809,34,0,5,2,31,,297790,34,0,5,1,69,,297799,34,0,5,1,29,,297784,34,0,5,1,72,,297786,34,0,5,1,31,,297810,34,0,5,2,69,,297792,34,0,5,2,29,,297791,34,0,5,1,69,,297812,34,0,5,2,31,,297785,34,0,5,1,72,,297811,34,0,5,2,32,,297793,34,0,5,2,68,,297816,34,0,5,1,30,,297813,34,0,5,2,79,,297815,34,0,5,1,84,,297817,34,0,5,1,92,,297814,34,0,5,2,57,,297818,34,0,5,1,100,,297780,34,0,5,1
4301,'H58S100F-80-F1',600,,297825,34,0,5,1,22,,297820,34,0,5,1,29,,297823,34,0,5,2,70,,297827,34,0,5,2,34,,297835,34,0,5,1,71,,297819,34,0,5,2,21,,297831,34,0,5,2,70,,297841,34,0,5,1,30,,297821,34,0,5,1,69,,297828,34,0,5,2,28,,297836,34,0,5,1,68,,297832,34,0,5,2,30,,297842,34,0,5,1,70,,297840,34,0,5,1,30,,297822,34,0,5,1,72,,297829,34,0,5,2,31,,297837,34,0,5,1,71,,297833,34,0,5,2,29,,297843,34,0,5,1,68,,297848,34,0,5,1,29,,297850,34,0,5,2,69,,297830,34,0,5,2,27,,297838,34,0,5,1,71,,297834,34,0,5,2,32,,297849,34,0,5,1,69,,297851,34,0,5,2,32,,297826,34,0,5,2,70,,297839,34,0,5,1,33,,297852,34,0,5,2,72,,297824,34,0,5,1,32,,297855,34,0,5,1,70,,297844,34,0,5,1,29,,297854,34,0,5,2,78,,297853,34,0,5,2,86,,297856,34,0,5,1,90,,297845,34,0,5,1,100,,297847,34,0,5,1,56,,297846,34,0,5,1
4301,'H58S200F-80-F2',600,,297879,34,0,5,1,22,,297884,34,0,5,1,29,,297859,34,0,5,2,70,,297860,34,0,5,2,34,,297868,34,0,5,1,71,,297880,34,0,5,2,21,,297864,34,0,5,2,70,,297892,34,0,5,1,30,,297881,34,0,5,1,69,,297861,34,0,5,2,28,,297869,34,0,5,1,68,,297865,34,0,5,2,30,,297893,34,0,5,1,70,,297885,34,0,5,1,30,,297882,34,0,5,1,72,,297862,34,0,5,2,31,,297870,34,0,5,1,71,,297866,34,0,5,2,29,,297894,34,0,5,1,68,,297873,34,0,5,1,29,,297875,34,0,5,2,69,,297863,34,0,5,2,27,,297871,34,0,5,1,71,,297867,34,0,5,2,32,,297874,34,0,5,1,69,,297876,34,0,5,2,32,,297891,34,0,5,2,70,,297872,34,0,5,1,33,,297857,34,0,5,2,72,,297886,34,0,5,1,32,,297877,34,0,5,1,70,,297887,34,0,5,1,29,,297883,34,0,5,2,78,,297858,34,0,5,2,86,,297878,34,0,5,1,90,,297888,34,0,5,1,100,,297890,34,0,5,1,56,,297889,34,0,5,1
