18501,'H57S000S-80-S',1536,,334849,26,0,5,1,66,,334850,26,0,5,1
18501,'H59S000A-80-A',611,,334861,26,0,5,1,27,,334881,26,0,5,1,71,,334871,26,0,5,1,30,,334875,26,0,5,2,72,,334862,26,0,5,1,30,,334872,26,0,5,1,70,,334876,26,0,5,2,32,,334863,26,0,5,1,72,,334873,26,0,5,1,31,,334877,26,0,5,2,73,,334864,26,0,5,1,32,,334874,26,0,5,1,73,,334878,26,0,5,2,33,,334885,26,0,5,1,73,,334888,26,0,5,2,72,,334882,26,0,5,1,31,,334879,26,0,5,2,71,,334886,26,0,5,1,30,,334889,26,0,5,2,70,,334883,26,0,5,1,30,,334880,26,0,5,2,70,,334887,26,0,5,1,27,,334865,26,0,5,1,70,,334884,26,0,5,1,30,,334866,26,0,5,1,70,,334851,26,0,5,1,32,,334856,26,0,5,1,70,,334867,26,0,5,1,30,,334852,26,0,5,1,69,,334857,26,0,5,1,29,,334868,26,0,5,1,71,,334853,26,0,5,1,30,,334858,26,0,5,1,70,,334869,26,0,5,1,29,,334854,26,0,5,1,69,,334859,26,0,5,1,30,,334870,26,0,5,1,28,,334855,26,0,5,1,68,,334860,26,0,5,1
18501,'H59S000I-81-I',611,,334890,26,0,5,2,31,,334902,26,0,5,1,70,,334914,26,0,5,2,33,,334891,26,0,5,2,74,,334903,26,0,5,1,31,,334915,26,0,5,2,74,,334892,26,0,5,2,31,,334904,26,0,5,1,73,,334916,26,0,5,2,74,,334893,26,0,5,2,33,,334905,26,0,5,1,71,,334917,26,0,5,2,35,,334894,26,0,5,2,73,,334906,26,0,5,1,33,,334918,26,0,5,2,73,,334921,26,0,5,1,32,,334895,26,0,5,2,73,,334907,26,0,5,1,31,,334919,26,0,5,2,71,,334922,26,0,5,1,29,,334896,26,0,5,2,69,,334908,26,0,5,1,29,,334920,26,0,5,2,67,,334923,26,0,5,1,28,,334897,26,0,5,2,70,,334909,26,0,5,1,30,,334924,26,0,5,1,69,,334898,26,0,5,2,30,,334910,26,0,5,1,69,,334925,26,0,5,1,30,,334899,26,0,5,2,69,,334911,26,0,5,1,28,,334926,26,0,5,1,67,,334900,26,0,5,2,28,,334912,26,0,5,1,68,,334927,26,0,5,1,26,,334901,26,0,5,2,68,,334913,26,0,5,1,27,,334928,26,0,5,1
18501,'H59S000S-80-S',619,,334930,26,0,5,1,34,,334950,26,0,5,2,67,,334960,26,0,5,1,20,,334929,26,0,5,2,60,,334957,26,0,5,1,29,,334934,26,0,5,1,73,,334953,26,0,5,1,33,,334932,26,0,5,1,71,,334967,26,0,5,1,33,,334935,26,0,5,1,70,,334954,26,0,5,1,30,,334951,26,0,5,1,69,,334968,26,0,5,1,29,,334936,26,0,5,1,67,,334955,26,0,5,1,27,,334952,26,0,5,1,28,,334969,26,0,5,1,68,,334937,26,0,5,1,29,,334956,26,0,5,1,64,,334933,26,0,5,1,105,,334938,26,0,5,1,22,,334944,26,0,5,1,61,,334931,26,0,5,1,20,,334961,26,0,5,1,28,,334958,26,0,5,2,67,,334939,26,0,5,1,26,,334945,26,0,5,1,67,,334962,26,0,5,1,26,,334959,26,0,5,2,65,,334940,26,0,5,1,30,,334946,26,0,5,1,70,,334963,26,0,5,1,30,,334941,26,0,5,1,70,,334947,26,0,5,1,30,,334964,26,0,5,1,67,,334942,26,0,5,1,28,,334948,26,0,5,1,69,,334965,26,0,5,1,29,,334943,26,0,5,1,70,,334949,26,0,5,1,30,,334966,26,0,5,1
18501,'H59S100F-80-F1',611,,334970,26,0,5,2,31,,334982,26,0,5,1,70,,334994,26,0,5,2,33,,334971,26,0,5,2,74,,334983,26,0,5,1,31,,334995,26,0,5,2,74,,334972,26,0,5,2,31,,334984,26,0,5,1,73,,334996,26,0,5,2,74,,334973,26,0,5,2,33,,334985,26,0,5,1,71,,334997,26,0,5,2,35,,334974,26,0,5,2,73,,334986,26,0,5,1,33,,334998,26,0,5,2,73,,335001,26,0,5,1,32,,334975,26,0,5,2,73,,334987,26,0,5,1,31,,334999,26,0,5,2,71,,335002,26,0,5,1,29,,334976,26,0,5,2,69,,334988,26,0,5,1,29,,335000,26,0,5,2,67,,335003,26,0,5,1,28,,334977,26,0,5,2,70,,334989,26,0,5,1,30,,335004,26,0,5,1,69,,334978,26,0,5,2,30,,334990,26,0,5,1,69,,335005,26,0,5,1,30,,334979,26,0,5,2,69,,334991,26,0,5,1,28,,335006,26,0,5,1,67,,334980,26,0,5,2,28,,334992,26,0,5,1,68,,335007,26,0,5,1,26,,334981,26,0,5,2,68,,334993,26,0,5,1,27,,335008,26,0,5,1
18501,'H59S200F-80-F2',611,,335009,26,0,5,2,31,,335021,26,0,5,1,70,,335033,26,0,5,2,33,,335010,26,0,5,2,74,,335022,26,0,5,1,31,,335034,26,0,5,2,74,,335011,26,0,5,2,31,,335023,26,0,5,1,73,,335035,26,0,5,2,74,,335012,26,0,5,2,33,,335024,26,0,5,1,71,,335036,26,0,5,2,35,,335013,26,0,5,2,73,,335025,26,0,5,1,33,,335037,26,0,5,2,73,,335040,26,0,5,1,32,,335014,26,0,5,2,73,,335026,26,0,5,1,31,,335038,26,0,5,2,71,,335041,26,0,5,1,29,,335015,26,0,5,2,69,,335027,26,0,5,1,29,,335039,26,0,5,2,67,,335042,26,0,5,1,28,,335016,26,0,5,2,70,,335028,26,0,5,1,30,,335043,26,0,5,1,69,,335017,26,0,5,2,30,,335029,26,0,5,1,69,,335044,26,0,5,1,30,,335018,26,0,5,2,69,,335030,26,0,5,1,28,,335045,26,0,5,1,67,,335019,26,0,5,2,28,,335031,26,0,5,1,68,,335046,26,0,5,1,26,,335020,26,0,5,2,68,,335032,26,0,5,1,27,,335047,26,0,5,1
36401,'H54S000A-80-A',2622,,346786,47,0,5,1,88,,346788,47,0,5,1,31,,346789,47,0,5,2,10,,346784,47,0,5,1,85,,346785,47,0,5,2,83,,346787,47,0,5,1
36401,'H54S000I-80-I',2615,,346793,47,0,5,1,85,,346795,47,0,5,1,30,,346790,47,0,5,1,71,,346792,47,0,5,2,31,,346791,47,0,5,1,81,,346794,47,0,5,1
36401,'H54S000S-80-S',2616,,346796,47,0,5,1,84,,346798,47,0,5,1,45,,346800,47,0,5,1,85,,346799,47,0,5,2,84,,346797,47,0,5,1
36401,'H54S100F-80-F1',2615,,346804,47,0,5,1,85,,346806,47,0,5,1,30,,346801,47,0,5,1,71,,346803,47,0,5,2,31,,346802,47,0,5,1,81,,346805,47,0,5,1
36401,'H54S200F-80-F2',2615,,346810,47,0,5,1,85,,346812,47,0,5,1,30,,346807,47,0,5,1,71,,346809,47,0,5,2,31,,346808,47,0,5,1,81,,346811,47,0,5,1
