18501,'H57S000S-80-S',1530,,334849,18,0,5,1,26,,334850,18,0,5,1
18501,'H59S000A-80-A',607,,334861,18,0,5,1,27,,334881,18,0,5,1,71,,334871,18,0,5,1,30,,334875,18,0,5,2,71,,334862,18,0,5,1,30,,334872,18,0,5,1,70,,334876,18,0,5,2,31,,334863,18,0,5,1,72,,334873,18,0,5,1,30,,334877,18,0,5,2,73,,334864,18,0,5,1,32,,334874,18,0,5,1,73,,334878,18,0,5,2,33,,334885,18,0,5,1,73,,334888,18,0,5,2,32,,334882,18,0,5,1,71,,334879,18,0,5,2,31,,334886,18,0,5,1,70,,334889,18,0,5,2,30,,334883,18,0,5,1,70,,334880,18,0,5,2,30,,334887,18,0,5,1,68,,334865,18,0,5,1,30,,334884,18,0,5,1,70,,334866,18,0,5,1,31,,334851,18,0,5,1,72,,334856,18,0,5,1,30,,334867,18,0,5,1,70,,334852,18,0,5,1,30,,334857,18,0,5,1,69,,334868,18,0,5,1,31,,334853,18,0,5,1,70,,334858,18,0,5,1,30,,334869,18,0,5,1,69,,334854,18,0,5,1,29,,334859,18,0,5,1,70,,334870,18,0,5,1,28,,334855,18,0,5,1,68,,334860,18,0,5,1
18501,'H59S000I-81-I',607,,334890,18,0,5,2,31,,334902,18,0,5,1,70,,334914,18,0,5,2,33,,334891,18,0,5,2,74,,334903,18,0,5,1,31,,334915,18,0,5,2,72,,334892,18,0,5,2,31,,334904,18,0,5,1,73,,334916,18,0,5,2,34,,334893,18,0,5,2,73,,334905,18,0,5,1,71,,334917,18,0,5,2,34,,334894,18,0,5,2,73,,334906,18,0,5,1,33,,334918,18,0,5,2,73,,334921,18,0,5,1,32,,334895,18,0,5,2,73,,334907,18,0,5,1,31,,334919,18,0,5,2,71,,334922,18,0,5,1,29,,334896,18,0,5,2,69,,334908,18,0,5,1,29,,334920,18,0,5,2,69,,334923,18,0,5,1,29,,334897,18,0,5,2,70,,334909,18,0,5,1,30,,334924,18,0,5,1,69,,334898,18,0,5,2,30,,334910,18,0,5,1,69,,334925,18,0,5,1,30,,334899,18,0,5,2,69,,334911,18,0,5,1,28,,334926,18,0,5,1,67,,334900,18,0,5,2,28,,334912,18,0,5,1,68,,334927,18,0,5,1,26,,334901,18,0,5,2,28,,334913,18,0,5,1,67,,334928,18,0,5,1
18501,'H59S000S-80-S',614,,334930,18,0,5,1,33,,334950,18,0,5,2,67,,334960,18,0,5,1,20,,334929,18,0,5,2,20,,334957,18,0,5,1,69,,334934,18,0,5,1,33,,334953,18,0,5,1,73,,334932,18,0,5,1,71,,334967,18,0,5,1,33,,334935,18,0,5,1,70,,334954,18,0,5,1,30,,334951,18,0,5,1,69,,334968,18,0,5,1,29,,334936,18,0,5,1,27,,334955,18,0,5,1,67,,334952,18,0,5,1,28,,334969,18,0,5,1,68,,334937,18,0,5,1,29,,334956,18,0,5,1,64,,334933,18,0,5,1,105,,334938,18,0,5,1,22,,334944,18,0,5,1,61,,334931,18,0,5,1,20,,334961,18,0,5,1,28,,334958,18,0,5,2,67,,334939,18,0,5,1,26,,334945,18,0,5,1,67,,334962,18,0,5,1,26,,334959,18,0,5,2,65,,334940,18,0,5,1,30,,334946,18,0,5,1,70,,334963,18,0,5,1,31,,334941,18,0,5,1,70,,334947,18,0,5,1,30,,334964,18,0,5,1,27,,334942,18,0,5,1,68,,334948,18,0,5,1,29,,334965,18,0,5,1,69,,334943,18,0,5,1,30,,334949,18,0,5,1,70,,334966,18,0,5,1
18501,'H59S100F-80-F1',607,,334970,18,0,5,2,31,,334982,18,0,5,1,70,,334994,18,0,5,2,33,,334971,18,0,5,2,74,,334983,18,0,5,1,31,,334995,18,0,5,2,72,,334972,18,0,5,2,31,,334984,18,0,5,1,73,,334996,18,0,5,2,34,,334973,18,0,5,2,73,,334985,18,0,5,1,71,,334997,18,0,5,2,34,,334974,18,0,5,2,73,,334986,18,0,5,1,33,,334998,18,0,5,2,73,,335001,18,0,5,1,32,,334975,18,0,5,2,73,,334987,18,0,5,1,31,,334999,18,0,5,2,71,,335002,18,0,5,1,29,,334976,18,0,5,2,69,,334988,18,0,5,1,29,,335000,18,0,5,2,69,,335003,18,0,5,1,29,,334977,18,0,5,2,70,,334989,18,0,5,1,30,,335004,18,0,5,1,69,,334978,18,0,5,2,30,,334990,18,0,5,1,69,,335005,18,0,5,1,30,,334979,18,0,5,2,69,,334991,18,0,5,1,28,,335006,18,0,5,1,67,,334980,18,0,5,2,28,,334992,18,0,5,1,68,,335007,18,0,5,1,26,,334981,18,0,5,2,28,,334993,18,0,5,1,67,,335008,18,0,5,1
18501,'H59S200F-80-F2',607,,335009,18,0,5,2,31,,335021,18,0,5,1,70,,335033,18,0,5,2,33,,335010,18,0,5,2,74,,335022,18,0,5,1,31,,335034,18,0,5,2,72,,335011,18,0,5,2,31,,335023,18,0,5,1,73,,335035,18,0,5,2,34,,335012,18,0,5,2,73,,335024,18,0,5,1,71,,335036,18,0,5,2,34,,335013,18,0,5,2,73,,335025,18,0,5,1,33,,335037,18,0,5,2,73,,335040,18,0,5,1,32,,335014,18,0,5,2,73,,335026,18,0,5,1,31,,335038,18,0,5,2,71,,335041,18,0,5,1,29,,335015,18,0,5,2,69,,335027,18,0,5,1,29,,335039,18,0,5,2,69,,335042,18,0,5,1,29,,335016,18,0,5,2,70,,335028,18,0,5,1,30,,335043,18,0,5,1,69,,335017,18,0,5,2,30,,335029,18,0,5,1,69,,335044,18,0,5,1,30,,335018,18,0,5,2,69,,335030,18,0,5,1,28,,335045,18,0,5,1,67,,335019,18,0,5,2,28,,335031,18,0,5,1,68,,335046,18,0,5,1,26,,335020,18,0,5,2,28,,335032,18,0,5,1,67,,335047,18,0,5,1
36401,'H54S000A-80-A',2617,,346786,39,0,5,1,88,,346788,39,0,5,1,31,,346789,39,0,5,2,10,,346784,39,0,5,1,85,,346785,39,0,5,2,83,,346787,39,0,5,1
36401,'H54S000I-80-I',2611,,346793,39,0,5,1,45,,346795,39,0,5,1,70,,346790,39,0,5,1,31,,346792,39,0,5,2,71,,346791,39,0,5,1,81,,346794,39,0,5,1
36401,'H54S000S-80-S',2611,,346796,39,0,5,1,44,,346798,39,0,5,1,85,,346800,39,0,5,1,85,,346799,39,0,5,2,84,,346797,39,0,5,1
36401,'H54S100F-80-F1',2611,,346804,39,0,5,1,45,,346806,39,0,5,1,70,,346801,39,0,5,1,31,,346803,39,0,5,2,71,,346802,39,0,5,1,81,,346805,39,0,5,1
36401,'H54S200F-80-F2',2611,,346810,39,0,5,1,45,,346812,39,0,5,1,70,,346807,39,0,5,1,31,,346809,39,0,5,2,71,,346808,39,0,5,1,81,,346811,39,0,5,1
