8602,'H54S000A-80-A',458,,311151,2,0,10,1,73,,311159,2,0,10,2,73,,311166,2,0,10,2,32,,311178,2,0,10,1,72,,311172,2,0,10,2,32,,311152,2,0,10,1,72,,311160,2,0,10,2,33,,311167,2,0,10,2,73,,311179,2,0,10,1,33,,311173,2,0,10,2,73,,311153,2,0,10,1,33,,311161,2,0,10,2,73,,311168,2,0,10,2,73,,311180,2,0,10,1,33,,311174,2,0,10,2,73,,311154,2,0,10,1,33,,311162,2,0,10,2,73,,311169,2,0,10,2,33,,311181,2,0,10,1,73,,311175,2,0,10,2,33,,311155,2,0,10,1,73,,311163,2,0,10,2,73,,311170,2,0,10,2,33,,311182,2,0,10,1,73,,311176,2,0,10,2,33,,311156,2,0,10,1,73,,311164,2,0,10,2,33,,311171,2,0,10,2,73,,311183,2,0,10,1,32,,311177,2,0,10,2,71,,311157,2,0,10,1,30,,311165,2,0,10,2,70,,311186,2,0,10,2,30,,311184,2,0,10,1,70,,311188,2,0,10,1,32,,311158,2,0,10,1,72,,311150,2,0,10,1,32,,311187,2,0,10,2,71,,311185,2,0,10,1
8602,'H54S000I-80-I',452,,311211,2,0,10,2,71,,311192,2,0,10,1,33,,311198,2,0,10,2,73,,311219,2,0,10,1,73,,311212,2,0,10,2,32,,311193,2,0,10,1,73,,311199,2,0,10,2,31,,311206,2,0,10,1,72,,311220,2,0,10,1,33,,311213,2,0,10,2,73,,311194,2,0,10,1,33,,311200,2,0,10,2,73,,311207,2,0,10,1,33,,311221,2,0,10,1,73,,311214,2,0,10,2,72,,311195,2,0,10,1,32,,311201,2,0,10,2,72,,311208,2,0,10,1,32,,311222,2,0,10,1,72,,311215,2,0,10,2,32,,311196,2,0,10,1,73,,311202,2,0,10,2,33,,311209,2,0,10,1,73,,311223,2,0,10,1,33,,311216,2,0,10,2,73,,311197,2,0,10,1,32,,311203,2,0,10,2,72,,311210,2,0,10,1,71,,311224,2,0,10,1,31,,311217,2,0,10,2,71,,311225,2,0,10,1,31,,311204,2,0,10,2,71,,311191,2,0,10,1,30,,311189,2,0,10,1,69,,311218,2,0,10,2,29,,311226,2,0,10,1,69,,311205,2,0,10,2,31,,311227,2,0,10,1,72,,311190,2,0,10,1
8602,'H54S000S-80-S',500,,311228,2,0,10,2,28,,311235,2,0,10,2,28,,311236,2,0,10,2,72,,311259,2,0,10,1,73,,311243,2,0,10,1,32,,311229,2,0,10,2,72,,311263,2,0,10,1,32,,311237,2,0,10,2,73,,311260,2,0,10,1,30,,311244,2,0,10,1,69,,311230,2,0,10,2,29,,311264,2,0,10,1,70,,311238,2,0,10,2,30,,311261,2,0,10,1,69,,311250,2,0,10,2,28,,311245,2,0,10,1,68,,311231,2,0,10,2,28,,311265,2,0,10,1,28,,311239,2,0,10,2,68,,311262,2,0,10,1,32,,311251,2,0,10,2,72,,311246,2,0,10,1,71,,311232,2,0,10,2,31,,311266,2,0,10,1,70,,311240,2,0,10,2,32,,311255,2,0,10,1,72,,311252,2,0,10,2,30,,311247,2,0,10,1,70,,311233,2,0,10,2,29,,311241,2,0,10,2,69,,311256,2,0,10,1,29,,311253,2,0,10,2,69,,311248,2,0,10,1,29,,311234,2,0,10,2,69,,311242,2,0,10,2,29,,311257,2,0,10,1,70,,311254,2,0,10,2,30,,311249,2,0,10,1,70,,311268,2,0,10,1,30,,311267,2,0,10,2,70,,311258,2,0,10,1
8602,'H54S100F-80-F1',452,,311291,2,0,10,2,71,,311272,2,0,10,1,33,,311278,2,0,10,2,73,,311299,2,0,10,1,73,,311292,2,0,10,2,32,,311273,2,0,10,1,73,,311279,2,0,10,2,31,,311286,2,0,10,1,72,,311300,2,0,10,1,33,,311293,2,0,10,2,73,,311274,2,0,10,1,33,,311280,2,0,10,2,73,,311287,2,0,10,1,33,,311301,2,0,10,1,73,,311294,2,0,10,2,72,,311275,2,0,10,1,32,,311281,2,0,10,2,72,,311288,2,0,10,1,32,,311302,2,0,10,1,72,,311295,2,0,10,2,32,,311276,2,0,10,1,73,,311282,2,0,10,2,33,,311289,2,0,10,1,73,,311303,2,0,10,1,33,,311296,2,0,10,2,73,,311277,2,0,10,1,32,,311283,2,0,10,2,72,,311290,2,0,10,1,71,,311304,2,0,10,1,31,,311297,2,0,10,2,71,,311305,2,0,10,1,31,,311284,2,0,10,2,71,,311271,2,0,10,1,30,,311269,2,0,10,1,69,,311298,2,0,10,2,29,,311306,2,0,10,1,69,,311285,2,0,10,2,31,,311307,2,0,10,1,72,,311270,2,0,10,1
8602,'H54S200F-80-F2',452,,311330,2,0,10,2,71,,311311,2,0,10,1,33,,311317,2,0,10,2,73,,311338,2,0,10,1,73,,311331,2,0,10,2,32,,311312,2,0,10,1,73,,311318,2,0,10,2,31,,311325,2,0,10,1,72,,311339,2,0,10,1,33,,311332,2,0,10,2,73,,311313,2,0,10,1,33,,311319,2,0,10,2,73,,311326,2,0,10,1,33,,311340,2,0,10,1,73,,311333,2,0,10,2,72,,311314,2,0,10,1,32,,311320,2,0,10,2,72,,311327,2,0,10,1,32,,311341,2,0,10,1,72,,311334,2,0,10,2,32,,311315,2,0,10,1,73,,311321,2,0,10,2,33,,311328,2,0,10,1,73,,311342,2,0,10,1,33,,311335,2,0,10,2,73,,311316,2,0,10,1,32,,311322,2,0,10,2,72,,311329,2,0,10,1,71,,311343,2,0,10,1,31,,311336,2,0,10,2,71,,311344,2,0,10,1,31,,311323,2,0,10,2,71,,311310,2,0,10,1,30,,311308,2,0,10,1,69,,311337,2,0,10,2,29,,311345,2,0,10,1,69,,311324,2,0,10,2,31,,311346,2,0,10,1,72,,311309,2,0,10,1
36202,'H54S000A-80-A',2537,,346682,2,0,10,2,88,,346684,2,0,10,1,85,,346681,2,0,10,1,45,,346680,2,0,10,1,82,,346683,2,0,10,1
36202,'H54S000I-80-I',2537,,346688,2,0,10,2,85,,346686,2,0,10,1,85,,346687,2,0,10,2,45,,346685,2,0,10,1,85,,346689,2,0,10,2
36202,'H54S000S-80-S',2537,,346691,2,0,10,2,85,,346694,2,0,10,1,85,,346693,2,0,10,1,45,,346690,2,0,10,1,85,,346692,2,0,10,1
36202,'H54S100F-80-F1',2537,,346698,2,0,10,2,85,,346696,2,0,10,1,85,,346697,2,0,10,2,45,,346695,2,0,10,1,85,,346699,2,0,10,2
36202,'H54S200F-80-F2',2537,,346703,2,0,10,2,85,,346701,2,0,10,1,85,,346702,2,0,10,2,45,,346700,2,0,10,1,85,,346704,2,0,10,2
41002,'H57S000S-80-S',545,,347403,2,0,10,1,89,,347404,2,0,10,2,66,,347405,2,0,10,2,26,,347406,2,0,10,1,27,,347408,2,0,10,2,68,,347407,2,0,10,1
41002,'H59S000S-80-S',609,,347409,2,0,10,2,241,,347410,2,0,10,2
48702,'H54S000S-80-S',545,,350451,2,0,99 129,2,61,,350441,2,0,99 129,1,11,,350454,2,0,99 129,2,12,,350443,2,0,99 129,2,10,,350445,2,0,99 129,2,11,,350447,2,0,99 129,2,51,,350444,2,0,99 129,1,12,,350452,2,0,99 129,2,11,,350462,2,0,99 129,2,11,,350457,2,0,99 129,2,10,,350455,2,0,99 129,2,11,,350458,2,0,99 129,2,59,,350463,2,0,99 129,1,20,,350446,2,0,99 129,2,20,,350453,2,0,99 129,2,60,,350456,2,0,99 129,2,632,,350459,2,0,99 128,2,68,,350450,2,0,99 128,2,25,,350449,2,0,99 128,1,66,,350460,2,0,99 128,1,26,,350464,2,0,99 128,2,25,,350442,2,0,99 128,1,65,,350448,2,0,99 128,2,26,,350461,2,0,99 128,1
