4101,'H58S000S-83-S',543,,297576,14,0,5,1,61,,297577,14,0,5,1,19,,297588,14,0,5,2,29,,297569,14,0,5,1,71,,297584,14,0,5,2,34,,297565,14,0,5,2,70,,297578,14,0,5,1,32,,297593,14,0,5,1,58,,297570,14,0,5,1,28,,297566,14,0,5,1,69,,297589,14,0,5,2,29,,297574,14,0,5,1,61,,297579,14,0,5,1,30,,297571,14,0,5,1,70,,297567,14,0,5,1,28,,297590,14,0,5,2,70,,297575,14,0,5,1,26,,297580,14,0,5,1,25,,297572,14,0,5,1,62,,297585,14,0,5,2,24,,297568,14,0,5,1,65,,297591,14,0,5,2,36,,297596,14,0,5,2,73,,297581,14,0,5,1,33,,297597,14,0,5,2,66,,297586,14,0,5,2,28,,297592,14,0,5,2,67,,297573,14,0,5,1,26,,297594,14,0,5,1,24,,297582,14,0,5,1,68,,297598,14,0,5,2,27,,297587,14,0,5,2,70,,297599,14,0,5,2,29,,297595,14,0,5,1,67,,297583,14,0,5,1
4101,'H58S100F-80-F1',543,,297601,14,0,5,2,70,,297605,14,0,5,2,30,,297609,14,0,5,1,72,,297611,14,0,5,1,33,,297604,14,0,5,1,70,,297602,14,0,5,2,30,,297606,14,0,5,2,66,,297610,14,0,5,1,30,,297612,14,0,5,1,499,,297615,14,0,5,2,71,,297617,14,0,5,2,29,,297607,14,0,5,2,68,,297600,14,0,5,1,29,,297613,14,0,5,2,72,,297614,14,0,5,1,29,,297616,14,0,5,2,65,,297618,14,0,5,2,27,,297608,14,0,5,2,24,,297603,14,0,5,1
4101,'H58S200F-80-F2',543,,297635,14,0,5,2,70,,297620,14,0,5,2,30,,297630,14,0,5,1,72,,297622,14,0,5,1,33,,297619,14,0,5,1,70,,297636,14,0,5,2,30,,297621,14,0,5,2,66,,297631,14,0,5,1,30,,297623,14,0,5,1,499,,297626,14,0,5,2,71,,297628,14,0,5,2,29,,297632,14,0,5,2,68,,297637,14,0,5,1,29,,297624,14,0,5,2,72,,297625,14,0,5,1,29,,297627,14,0,5,2,65,,297629,14,0,5,2,27,,297633,14,0,5,2,24,,297634,14,0,5,1
12101,'H58S000A-80-A',533,,321010,42,0,5,1,69,,321006,42,0,5,1,30,,321013,42,0,5,1,75,,321011,42,0,5,1,30,,321007,42,0,5,1,75,,321019,42,0,5,1,31,,321014,42,0,5,1,70,,321012,42,0,5,1,29,,321008,42,0,5,1,63,,321020,42,0,5,1,27,,321049,42,0,5,1,21,,321015,42,0,5,1,60,,321033,42,0,5,1,20,,321041,42,0,5,1,17,,321009,42,0,5,1,55,,321021,42,0,5,1,15,,321029,42,0,5,1,16,,321050,42,0,5,1,15,,321025,42,0,5,1,54,,321016,42,0,5,1,14,,321063,42,0,5,1,12,,321034,42,0,5,1,12,,321042,42,0,5,1,12,,321057,42,0,5,1,53,,321022,42,0,5,1,15,,321030,42,0,5,1,15,,321066,42,0,5,1,12,,321051,42,0,5,1,52,,321026,42,0,5,1,13,,321017,42,0,5,1,12,,321064,42,0,5,1,12,,321035,42,0,5,1,13,,321043,42,0,5,1,52,,321058,42,0,5,1,11,,321023,42,0,5,1,11,,321069,42,0,5,1,11,,321031,42,0,5,1,12,,321067,42,0,5,1,52,,321052,42,0,5,1,11,,321027,42,0,5,1,12,,321018,42,0,5,1,12,,321065,42,0,5,1,13,,321036,42,0,5,1,52,,321044,42,0,5,1,12,,321032,42,0,5,1,12,,321059,42,0,5,1,12,,321024,42,0,5,1,13,,321068,42,0,5,1,55,,321053,42,0,5,1,17,,321028,42,0,5,1,21,,321037,42,0,5,1,64,,321045,42,0,5,1,26,,321060,42,0,5,1,69,,321054,42,0,5,1,29,,321038,42,0,5,1,70,,321046,42,0,5,1,30,,321061,42,0,5,1,71,,321055,42,0,5,1,30,,321039,42,0,5,1,26,,321047,42,0,5,1,69,,321062,42,0,5,1,30,,321056,42,0,5,1,70,,321040,42,0,5,1,73,,321048,42,0,5,1
12101,'H58S000I-80-I',531,,321077,42,0,5,1,75,,321070,42,0,5,1,30,,321088,42,0,5,1,71,,321078,42,0,5,1,32,,321071,42,0,5,1,73,,321089,42,0,5,1,30,,321079,42,0,5,1,72,,321095,42,0,5,1,28,,321072,42,0,5,1,64,,321090,42,0,5,1,24,,321113,42,0,5,1,21,,321080,42,0,5,1,59,,321104,42,0,5,1,19,,321096,42,0,5,1,19,,321073,42,0,5,1,58,,321091,42,0,5,1,17,,321117,42,0,5,1,17,,321114,42,0,5,1,17,,321081,42,0,5,1,58,,321105,42,0,5,1,19,,321097,42,0,5,1,16,,321074,42,0,5,1,55,,321092,42,0,5,1,16,,321106,42,0,5,1,20,,321118,42,0,5,1,60,,321082,42,0,5,1,20,,321120,42,0,5,1,18,,321098,42,0,5,1,17,,321075,42,0,5,1,54,,321093,42,0,5,1,15,,321107,42,0,5,1,15,,321115,42,0,5,1,15,,321119,42,0,5,1,57,,321083,42,0,5,1,16,,321121,42,0,5,1,16,,321099,42,0,5,1,56,,321076,42,0,5,1,16,,321094,42,0,5,1,14,,321108,42,0,5,1,14,,321116,42,0,5,1,59,,321084,42,0,5,1,24,,321122,42,0,5,1,28,,321100,42,0,5,1,70,,321109,42,0,5,1,29,,321085,42,0,5,1,70,,321123,42,0,5,1,31,,321101,42,0,5,1,68,,321110,42,0,5,1,29,,321086,42,0,5,1,71,,321124,42,0,5,1,29,,321102,42,0,5,1,71,,321111,42,0,5,1,28,,321087,42,0,5,1,69,,321103,42,0,5,1,32,,321112,42,0,5,1
12101,'H58S000S-83-S',535,,321138,42,0,5,1,65,,321155,42,0,5,1,32,,321132,42,0,5,1,11,,321140,42,0,5,1,10,,321150,42,0,5,1,51,,321166,42,0,5,1,12,,321174,42,0,5,1,10,,321175,42,0,5,1,9,,321139,42,0,5,1,6,,321125,42,0,5,1,7,,321181,42,0,5,1,7,,321156,42,0,5,1,45,,321182,42,0,5,1,6,,321201,42,0,5,1,6,,321183,42,0,5,1,7,,321190,42,0,5,1,8,,321196,42,0,5,1,10,,321133,42,0,5,1,11,,321141,42,0,5,1,10,,321151,42,0,5,1,48,,321202,42,0,5,1,9,,321167,42,0,5,1,9,,321203,42,0,5,1,11,,321176,42,0,5,1,11,,321126,42,0,5,1,11,,321157,42,0,5,1,51,,321184,42,0,5,1,11,,321191,42,0,5,1,11,,321197,42,0,5,1,11,,321134,42,0,5,1,11,,321142,42,0,5,1,52,,321152,42,0,5,1,11,,321168,42,0,5,1,12,,321204,42,0,5,1,12,,321177,42,0,5,1,12,,321127,42,0,5,1,53,,321158,42,0,5,1,13,,321185,42,0,5,1,12,,321192,42,0,5,1,12,,321198,42,0,5,1,13,,321135,42,0,5,1,52,,321143,42,0,5,1,12,,321153,42,0,5,1,12,,321169,42,0,5,1,12,,321178,42,0,5,1,12,,321128,42,0,5,1,53,,321159,42,0,5,1,12,,321186,42,0,5,1,12,,321193,42,0,5,1,12,,321199,42,0,5,1,13,,321136,42,0,5,1,54,,321205,42,0,5,1,12,,321144,42,0,5,1,14,,321154,42,0,5,1,13,,321170,42,0,5,1,52,,321179,42,0,5,1,6,,321129,42,0,5,1,9,,321160,42,0,5,1,9,,321222,42,0,5,1,8,,321187,42,0,5,1,7,,321194,42,0,5,1,7,,321213,42,0,5,1,7,,321200,42,0,5,1,47,,321215,42,0,5,1,7,,321211,42,0,5,1,6,,321216,42,0,5,1,7,,321137,42,0,5,1,7,,321206,42,0,5,1,6,,321225,42,0,5,1,7,,321145,42,0,5,1,7,,321224,42,0,5,1,6,,321220,42,0,5,1,47,,321195,42,0,5,1,6,,321171,42,0,5,1,5,,321180,42,0,5,1,6,,321130,42,0,5,1,8,,321161,42,0,5,1,8,,321223,42,0,5,1,10,,321188,42,0,5,1,12,,321214,42,0,5,1,52,,321212,42,0,5,1,11,,321217,42,0,5,1,12,,321207,42,0,5,1,12,,321146,42,0,5,1,12,,321221,42,0,5,1,50,,321172,42,0,5,1,10,,321131,42,0,5,1,12,,321162,42,0,5,1,11,,321189,42,0,5,1,64,,321218,42,0,5,1,24,,321208,42,0,5,1,24,,321147,42,0,5,1,63,,321173,35,0,5,1,7,,321163,42,0,5,1,30,,321219,42,0,5,1,69,,321209,42,0,5,1,31,,321148,42,0,5,1,72,,321164,42,0,5,1,27,,321210,42,0,5,1,72,,321149,42,0,5,1,32,,321165,42,0,5,1
12101,'H58S100F-80-F1',531,,321233,42,0,5,1,75,,321226,42,0,5,1,30,,321240,42,0,5,1,71,,321234,42,0,5,1,32,,321227,42,0,5,1,73,,321241,42,0,5,1,30,,321235,42,0,5,1,72,,321254,42,0,5,1,28,,321228,42,0,5,1,64,,321242,42,0,5,1,24,,321267,42,0,5,1,21,,321236,42,0,5,1,59,,321263,42,0,5,1,19,,321255,42,0,5,1,19,,321229,42,0,5,1,58,,321243,42,0,5,1,17,,321273,42,0,5,1,17,,321268,42,0,5,1,17,,321237,42,0,5,1,58,,321264,42,0,5,1,19,,321256,42,0,5,1,16,,321230,42,0,5,1,55,,321251,42,0,5,1,16,,321244,42,0,5,1,20,,321274,42,0,5,1,60,,321238,42,0,5,1,20,,321276,42,0,5,1,18,,321257,42,0,5,1,17,,321231,42,0,5,1,54,,321252,42,0,5,1,15,,321245,42,0,5,1,15,,321265,42,0,5,1,15,,321275,42,0,5,1,57,,321239,42,0,5,1,16,,321277,42,0,5,1,16,,321258,42,0,5,1,56,,321232,42,0,5,1,16,,321253,42,0,5,1,14,,321246,42,0,5,1,14,,321266,42,0,5,1,59,,321269,42,0,5,1,24,,321278,42,0,5,1,28,,321259,42,0,5,1,70,,321247,42,0,5,1,29,,321270,42,0,5,1,70,,321279,42,0,5,1,31,,321260,42,0,5,1,68,,321248,42,0,5,1,29,,321271,42,0,5,1,71,,321280,42,0,5,1,29,,321261,42,0,5,1,71,,321249,42,0,5,1,28,,321272,42,0,5,1,69,,321262,42,0,5,1,32,,321250,42,0,5,1
12101,'H58S200F-80-F2',531,,321293,42,0,5,1,75,,321286,42,0,5,1,30,,321300,42,0,5,1,71,,321294,42,0,5,1,32,,321287,42,0,5,1,73,,321301,42,0,5,1,30,,321295,42,0,5,1,72,,321311,42,0,5,1,28,,321288,42,0,5,1,64,,321302,42,0,5,1,24,,321322,42,0,5,1,21,,321296,42,0,5,1,59,,321320,42,0,5,1,19,,321312,42,0,5,1,19,,321289,42,0,5,1,58,,321303,42,0,5,1,17,,321328,42,0,5,1,17,,321323,42,0,5,1,17,,321297,42,0,5,1,58,,321321,42,0,5,1,19,,321313,42,0,5,1,16,,321290,42,0,5,1,55,,321281,42,0,5,1,16,,321304,42,0,5,1,20,,321329,42,0,5,1,60,,321298,42,0,5,1,20,,321331,42,0,5,1,18,,321314,42,0,5,1,17,,321291,42,0,5,1,54,,321282,42,0,5,1,15,,321305,42,0,5,1,15,,321284,42,0,5,1,15,,321330,42,0,5,1,57,,321299,42,0,5,1,16,,321332,42,0,5,1,16,,321315,42,0,5,1,56,,321292,42,0,5,1,16,,321283,42,0,5,1,14,,321306,42,0,5,1,14,,321285,42,0,5,1,59,,321324,42,0,5,1,24,,321333,42,0,5,1,28,,321316,42,0,5,1,70,,321307,42,0,5,1,29,,321325,42,0,5,1,70,,321334,42,0,5,1,31,,321317,42,0,5,1,68,,321308,42,0,5,1,29,,321326,42,0,5,1,71,,321335,42,0,5,1,29,,321318,42,0,5,1,71,,321309,42,0,5,1,28,,321327,42,0,5,1,69,,321319,42,0,5,1,32,,321310,42,0,5,1
37801,'H60S000A-80-A',2610,,347259,59,0,5,1,48,,347256,59,0,5,1,93,,347257,59,0,5,1,92,,347258,59,0,5,1
37801,'H60S000I-81-I',2609,,347261,59,0,5,1,50,,347263,59,0,5,1,91,,347260,59,0,5,1,93,,347262,59,0,5,1
37801,'H60S000S-83-S',2607,,347266,59,0,5,1,51,,347264,59,0,5,1,96,,347267,59,0,5,1,93,,347265,59,0,5,1
37801,'H60S100F-80-F1',2609,,347268,59,0,5,1,50,,347271,59,0,5,1,91,,347270,59,0,5,1,93,,347269,59,0,5,1
37801,'H60S200F-80-F2',2609,,347272,59,0,5,1,50,,347275,59,0,5,1,91,,347274,59,0,5,1,93,,347273,59,0,5,1
