8003,'H50S000A-82-A',542,,309718,29,4,,2,74,,309679,29,4,,2,30,,309670,29,4,,1,70,,309719,29,4,,2,30,,309680,29,4,,2,70,,309671,29,4,,1,30,,309720,29,4,,2,71,,309681,29,4,,2,33,,309672,29,4,,1,70,,309721,29,4,,2,30,,309682,29,4,,2,70,,309729,29,4,,1,29,,309686,29,4,,1,63,,309667,29,4,,2,20,,309683,29,4,,2,20,,309673,29,4,,1,59,,309693,29,4,,2,20,,309687,29,4,,1,20,,309700,29,4,,2,60,,309684,29,4,,2,16,,309708,29,4,,1,16,,309674,29,4,,1,58,,309694,29,4,,2,13,,309688,29,4,,1,12,,309668,29,4,,1,12,,309701,29,4,,2,10,,309685,29,4,,2,9,,309706,29,4,,2,51,,309709,29,4,,1,11,,309675,29,4,,1,11,,309712,29,4,,2,11,,309695,29,4,,2,12,,309689,29,4,,1,52,,309691,29,4,,2,10,,309669,29,4,,1,10,,309702,29,4,,2,10,,309707,29,4,,2,9,,309710,29,4,,1,11,,309676,29,4,,1,51,,309713,29,4,,2,12,,309696,29,4,,2,11,,309690,29,4,,1,11,,309726,29,4,,2,11,,309692,29,4,,2,51,,309703,29,4,,2,11,,309728,29,4,,2,11,,309711,29,4,,1,11,,309677,29,4,,1,17,,309697,29,4,,2,60,,309727,29,4,,2,22,,309704,29,4,,2,20,,309722,29,4,,1,58,,309678,29,4,,1,18,,309698,29,4,,2,20,,309714,29,4,,1,60,,309705,29,4,,2,20,,309723,29,4,,1,26,,309699,29,4,,2,69,,309715,29,4,,1,29,,309724,29,4,,1,70,,309730,29,4,,1,28,,309716,29,4,,1,70,,309725,29,4,,1,29,,309731,29,4,,1,69,,309717,29,4,,1
8003,'H50S000I-82-I',539,,309732,29,4,,2,72,,309764,29,4,,2,32,,309791,29,4,,1,70,,309733,29,4,,2,29,,309765,29,4,,2,71,,309777,29,4,,1,31,,309734,29,4,,2,69,,309766,29,4,,2,32,,309778,29,4,,1,69,,309735,29,4,,2,26,,309793,29,4,,1,15,,309767,29,4,,2,59,,309779,29,4,,1,29,,309792,29,4,,1,62,,309736,29,4,,2,21,,309768,29,4,,2,23,,309780,29,4,,1,61,,309741,29,4,,1,22,,309745,29,4,,1,18,,309737,29,4,,2,56,,309769,29,4,,2,15,,309748,29,4,,1,14,,309781,29,4,,1,14,,309742,29,4,,1,53,,309751,29,4,,1,13,,309746,29,4,,1,12,,309738,29,4,,2,12,,309754,29,4,,2,12,,309770,29,4,,2,52,,309749,29,4,,1,13,,309782,29,4,,1,13,,309743,29,4,,1,14,,309752,29,4,,1,13,,309747,29,4,,1,49,,309762,29,4,,1,10,,309739,29,4,,2,10,,309790,29,4,,2,11,,309755,29,4,,2,11,,309750,29,4,,1,10,,309783,29,4,,1,51,,309744,29,4,,1,11,,309771,29,4,,1,10,,309753,29,4,,1,10,,309763,29,4,,1,9,,309785,29,4,,2,11,,309740,29,4,,2,55,,309756,29,4,,2,16,,309784,29,4,,1,20,,309772,29,4,,1,68,,309786,29,4,,2,29,,309757,29,4,,2,69,,309773,29,4,,1,29,,309787,29,4,,2,67,,309758,29,4,,2,28,,309774,29,4,,1,68,,309788,29,4,,2,27,,309759,29,4,,2,68,,309775,29,4,,1,28,,309789,29,4,,2,25,,309760,29,4,,2,67,,309776,29,4,,1,26,,309761,29,4,,2
8003,'H50S000S-82-S',539,,309801,29,4,,1,65,,309856,29,4,,1,25,,309804,29,4,,2,27,,309802,29,4,,1,67,,309857,29,4,,1,22,,309815,29,4,,1,64,,309805,29,4,,2,24,,309803,29,4,,1,21,,309859,29,4,,2,63,,309820,29,4,,2,22,,309821,29,4,,1,63,,309806,29,4,,2,23,,309841,29,4,,2,22,,309816,29,4,,1,61,,309811,29,4,,1,22,,309822,29,4,,1,25,,309860,29,4,,2,62,,309842,29,4,,2,22,,309848,29,4,,2,62,,309812,29,4,,1,19,,309807,29,4,,2,17,,309823,29,4,,1,16,,309817,29,4,,1,57,,309843,29,4,,2,17,,309849,29,4,,2,17,,309813,29,4,,1,58,,309808,29,4,,2,17,,309824,29,4,,1,12,,309829,29,4,,1,12,,309818,29,4,,1,12,,309844,29,4,,2,49,,309833,18,4,,2,3,,309861,29,4,,2,11,,309850,29,4,,2,8,,309831,29,4,,2,7,,309814,29,4,,1,11,,309853,29,4,,1,9,,309809,29,4,,2,59,,309825,29,4,,1,7,,309830,29,4,,1,20,,309819,29,4,,1,10,,309845,29,4,,2,6,,309834,29,4,,2,50,,309851,29,4,,2,7,,309832,29,4,,2,6,,309835,29,4,,1,10,,309858,29,4,,2,10,,309854,29,4,,1,11,,309810,29,4,,2,52,,309826,29,4,,1,29,,309846,29,4,,2,18,,309852,29,4,,2,11,,309836,29,4,,1,58,,309855,29,4,,1,16,,309827,29,4,,1,19,,309797,29,4,,2,60,,309847,29,4,,2,20,,309837,29,4,,1,20,,309794,29,4,,1,60,,309828,29,4,,1,22,,309798,29,4,,2,25,,309838,29,4,,1,69,,309795,29,4,,1,29,,309799,29,4,,2,69,,309839,29,4,,1,26,,309796,29,4,,1,65,,309800,29,4,,2,28,,309840,29,4,,1
8003,'H50S100F-80-F1',539,,309862,29,4,,2,72,,309894,29,4,,2,32,,309921,29,4,,1,70,,309863,29,4,,2,29,,309895,29,4,,2,71,,309907,29,4,,1,31,,309864,29,4,,2,69,,309896,29,4,,2,32,,309908,29,4,,1,69,,309865,29,4,,2,26,,309923,29,4,,1,15,,309897,29,4,,2,59,,309909,29,4,,1,29,,309922,29,4,,1,62,,309866,29,4,,2,21,,309898,29,4,,2,23,,309910,29,4,,1,61,,309871,29,4,,1,22,,309875,29,4,,1,18,,309867,29,4,,2,56,,309899,29,4,,2,15,,309878,29,4,,1,14,,309911,29,4,,1,14,,309872,29,4,,1,53,,309881,29,4,,1,13,,309876,29,4,,1,12,,309868,29,4,,2,12,,309884,29,4,,2,12,,309900,29,4,,2,52,,309879,29,4,,1,13,,309912,29,4,,1,13,,309873,29,4,,1,14,,309882,29,4,,1,13,,309877,29,4,,1,49,,309892,29,4,,1,10,,309869,29,4,,2,10,,309920,29,4,,2,11,,309885,29,4,,2,11,,309880,29,4,,1,10,,309913,29,4,,1,51,,309874,29,4,,1,11,,309901,29,4,,1,10,,309883,29,4,,1,10,,309893,29,4,,1,9,,309915,29,4,,2,11,,309870,29,4,,2,55,,309886,29,4,,2,16,,309914,29,4,,1,20,,309902,29,4,,1,68,,309916,29,4,,2,29,,309887,29,4,,2,69,,309903,29,4,,1,29,,309917,29,4,,2,67,,309888,29,4,,2,28,,309904,29,4,,1,68,,309918,29,4,,2,27,,309889,29,4,,2,68,,309905,29,4,,1,28,,309919,29,4,,2,25,,309890,29,4,,2,67,,309906,29,4,,1,26,,309891,29,4,,2
8003,'H50S200F-80-F2',539,,309924,29,4,,2,72,,309956,29,4,,2,32,,309983,29,4,,1,70,,309925,29,4,,2,29,,309957,29,4,,2,71,,309969,29,4,,1,31,,309926,29,4,,2,69,,309958,29,4,,2,32,,309970,29,4,,1,69,,309927,29,4,,2,26,,309985,29,4,,1,15,,309959,29,4,,2,59,,309971,29,4,,1,29,,309984,29,4,,1,62,,309928,29,4,,2,21,,309960,29,4,,2,23,,309972,29,4,,1,61,,309933,29,4,,1,22,,309937,29,4,,1,18,,309929,29,4,,2,56,,309961,29,4,,2,15,,309940,29,4,,1,14,,309973,29,4,,1,14,,309934,29,4,,1,53,,309943,29,4,,1,13,,309938,29,4,,1,12,,309930,29,4,,2,12,,309946,29,4,,2,12,,309962,29,4,,2,52,,309941,29,4,,1,13,,309974,29,4,,1,13,,309935,29,4,,1,14,,309944,29,4,,1,13,,309939,29,4,,1,49,,309954,29,4,,1,10,,309931,29,4,,2,10,,309982,29,4,,2,11,,309947,29,4,,2,11,,309942,29,4,,1,10,,309975,29,4,,1,51,,309936,29,4,,1,11,,309963,29,4,,1,10,,309945,29,4,,1,10,,309955,29,4,,1,9,,309977,29,4,,2,11,,309932,29,4,,2,55,,309948,29,4,,2,16,,309976,29,4,,1,20,,309964,29,4,,1,68,,309978,29,4,,2,29,,309949,29,4,,2,69,,309965,29,4,,1,29,,309979,29,4,,2,67,,309950,29,4,,2,28,,309966,29,4,,1,68,,309980,29,4,,2,27,,309951,29,4,,2,68,,309967,29,4,,1,28,,309981,29,4,,2,25,,309952,29,4,,2,67,,309968,29,4,,1,26,,309953,29,4,,2
8003,'H51S000S-81-S',1731,,309986,29,4,,1,181,,309987,29,4,,1
8003,'H58S000S-83-S',1705,,309988,29,4,,2
8004,'H50S000A-82-A',515,,309993,1,0,9,1,32,,310040,1,0,9,2,72,,310003,1,0,9,2,32,,309994,1,0,9,1,72,,310041,1,0,9,2,30,,310004,1,0,9,2,70,,309995,1,0,9,1,26,,310042,1,0,9,2,59,,310044,1,0,9,1,18,,310005,1,0,9,2,15,,310049,1,0,9,1,15,,309996,1,0,9,1,55,,310009,1,0,9,1,15,,310043,1,0,9,2,15,,309989,1,0,9,2,15,,310006,1,0,9,2,54,,309997,1,0,9,1,14,,310050,1,0,9,1,14,,310016,1,0,9,2,15,,310010,1,0,9,1,55,,310023,1,0,9,2,15,,309990,1,0,9,2,14,,310007,1,0,9,2,15,,310031,1,0,9,1,53,,309998,1,0,9,1,12,,310017,1,0,9,2,11,,310014,1,0,9,2,10,,310011,1,0,9,1,12,,309991,1,0,9,1,52,,310024,1,0,9,2,13,,310008,1,0,9,2,10,,310029,1,0,9,2,11,,310032,1,0,9,1,11,,309999,1,0,9,1,11,,310035,1,0,9,2,51,,310018,1,0,9,2,11,,310012,1,0,9,1,13,,309992,1,0,9,1,14,,310025,1,0,9,2,54,,310030,1,0,9,2,11,,310033,1,0,9,1,11,,310000,1,0,9,1,11,,310036,1,0,9,2,11,,310019,1,0,9,2,12,,310013,1,0,9,1,56,,310015,1,0,9,2,17,,310026,1,0,9,2,18,,310034,1,0,9,1,57,,310001,1,0,9,1,18,,310020,1,0,9,2,21,,310048,1,0,9,2,62,,310027,1,0,9,2,33,,310002,1,0,9,1,69,,310021,1,0,9,2,30,,310028,1,0,9,2,68,,310045,1,0,9,1,28,,310022,1,0,9,2,69,,310037,1,0,9,1,31,,310046,1,0,9,1,71,,310051,1,0,9,1,31,,310038,1,0,9,1,71,,310047,1,0,9,1,31,,310052,1,0,9,1,71,,310039,1,0,9,1
8004,'H50S000I-82-I',515,,310107,1,0,9,1,30,,310054,1,0,9,2,70,,310083,1,0,9,2,31,,310094,1,0,9,1,70,,310055,1,0,9,2,31,,310084,1,0,9,2,71,,310095,1,0,9,1,30,,310056,1,0,9,2,65,,310110,1,0,9,1,19,,310085,1,0,9,2,19,,310096,1,0,9,1,60,,310108,1,0,9,1,20,,310057,1,0,9,2,16,,310111,1,0,9,1,12,,310086,1,0,9,2,52,,310053,1,0,9,2,11,,310097,1,0,9,1,12,,310062,1,0,9,1,13,,310109,1,0,9,1,53,,310066,1,0,9,1,15,,310058,1,0,9,2,15,,310087,1,0,9,2,15,,310069,1,0,9,1,55,,310098,1,0,9,1,14,,310063,1,0,9,1,14,,310072,1,0,9,1,13,,310067,1,0,9,1,13,,310059,1,0,9,2,52,,310075,1,0,9,2,12,,310088,1,0,9,2,13,,310070,1,0,9,1,13,,310099,1,0,9,1,13,,310064,1,0,9,1,53,,310073,1,0,9,1,13,,310068,1,0,9,1,14,,310060,1,0,9,2,15,,310076,1,0,9,2,55,,310071,1,0,9,1,16,,310100,1,0,9,1,15,,310065,1,0,9,1,16,,310074,1,0,9,1,55,,310082,1,0,9,1,16,,310061,1,0,9,2,18,,310077,1,0,9,2,59,,310101,1,0,9,1,22,,310089,1,0,9,1,28,,310102,1,0,9,2,71,,310078,1,0,9,2,31,,310090,1,0,9,1,69,,310103,1,0,9,2,29,,310079,1,0,9,2,69,,310091,1,0,9,1,28,,310104,1,0,9,2,68,,310080,1,0,9,2,29,,310092,1,0,9,1,69,,310105,1,0,9,2,29,,310081,1,0,9,2,73,,310093,1,0,9,1,33,,310106,1,0,9,2
8004,'H50S000S-82-S',515,,310121,1,0,9,2,27,,310118,1,0,9,1,65,,310171,1,0,9,1,26,,310122,1,0,9,2,22,,310177,1,0,9,2,50,,310119,1,0,9,1,12,,310173,1,0,9,2,9,,310172,1,0,9,1,12,,310138,1,0,9,2,12,,310133,1,0,9,1,55,,310141,1,0,9,1,12,,310123,1,0,9,2,21,,310120,1,0,9,1,9,,310157,1,0,9,2,11,,310174,1,0,9,2,52,,310134,1,0,9,1,12,,310139,1,0,9,2,11,,310129,1,0,9,1,17,,310142,1,0,9,1,56,,310124,1,0,9,2,14,,310175,1,0,9,2,13,,310158,1,0,9,2,13,,310140,1,0,9,2,13,,310164,1,0,9,2,53,,310130,1,0,9,1,14,,310125,1,0,9,2,16,,310143,1,0,9,1,17,,310176,1,0,9,2,56,,310135,1,0,9,1,17,,310159,1,0,9,2,17,,310165,1,0,9,2,57,,310131,1,0,9,1,18,,310126,1,0,9,2,17,,310144,1,0,9,1,16,,310136,1,0,9,1,57,,310160,1,0,9,2,17,,310166,1,0,9,2,18,,310132,1,0,9,1,58,,310127,1,0,9,2,16,,310145,1,0,9,1,12,,310149,1,0,9,1,12,,310137,1,0,9,1,12,,310161,1,0,9,2,52,,310151,1,0,9,2,11,,310167,1,0,9,2,12,,310150,1,0,9,2,14,,310169,1,0,9,1,55,,310128,1,0,9,2,17,,310146,1,0,9,1,33,,310162,1,0,9,2,56,,310168,1,0,9,2,17,,310152,1,0,9,1,18,,310170,1,0,9,1,64,,310147,1,0,9,1,29,,310163,1,0,9,2,70,,310153,1,0,9,1,30,,310148,1,0,9,1,70,,310115,1,0,9,2,30,,310154,1,0,9,1,70,,310112,1,0,9,1,31,,310116,1,0,9,2,69,,310155,1,0,9,1,29,,310113,1,0,9,1,68,,310117,1,0,9,2,28,,310156,1,0,9,1,68,,310114,1,0,9,1
8004,'H50S100F-80-F1',515,,310232,1,0,9,1,30,,310179,1,0,9,2,70,,310208,1,0,9,2,31,,310219,1,0,9,1,70,,310180,1,0,9,2,31,,310209,1,0,9,2,71,,310220,1,0,9,1,30,,310181,1,0,9,2,65,,310235,1,0,9,1,19,,310210,1,0,9,2,19,,310221,1,0,9,1,60,,310233,1,0,9,1,20,,310182,1,0,9,2,16,,310236,1,0,9,1,12,,310211,1,0,9,2,52,,310178,1,0,9,2,11,,310222,1,0,9,1,12,,310187,1,0,9,1,13,,310234,1,0,9,1,53,,310191,1,0,9,1,15,,310183,1,0,9,2,15,,310212,1,0,9,2,15,,310194,1,0,9,1,55,,310223,1,0,9,1,14,,310188,1,0,9,1,14,,310197,1,0,9,1,13,,310192,1,0,9,1,13,,310184,1,0,9,2,52,,310200,1,0,9,2,12,,310213,1,0,9,2,13,,310195,1,0,9,1,13,,310224,1,0,9,1,13,,310189,1,0,9,1,53,,310198,1,0,9,1,13,,310193,1,0,9,1,14,,310185,1,0,9,2,15,,310201,1,0,9,2,55,,310196,1,0,9,1,16,,310225,1,0,9,1,15,,310190,1,0,9,1,16,,310199,1,0,9,1,55,,310207,1,0,9,1,16,,310186,1,0,9,2,18,,310202,1,0,9,2,59,,310226,1,0,9,1,22,,310214,1,0,9,1,28,,310227,1,0,9,2,71,,310203,1,0,9,2,31,,310215,1,0,9,1,69,,310228,1,0,9,2,29,,310204,1,0,9,2,69,,310216,1,0,9,1,28,,310229,1,0,9,2,68,,310205,1,0,9,2,29,,310217,1,0,9,1,69,,310230,1,0,9,2,29,,310206,1,0,9,2,73,,310218,1,0,9,1,33,,310231,1,0,9,2
8004,'H50S200F-80-F2',515,,310291,1,0,9,1,30,,310238,1,0,9,2,70,,310267,1,0,9,2,31,,310278,1,0,9,1,70,,310239,1,0,9,2,31,,310268,1,0,9,2,71,,310279,1,0,9,1,30,,310240,1,0,9,2,65,,310294,1,0,9,1,19,,310269,1,0,9,2,19,,310280,1,0,9,1,60,,310292,1,0,9,1,20,,310241,1,0,9,2,16,,310295,1,0,9,1,12,,310270,1,0,9,2,52,,310237,1,0,9,2,11,,310281,1,0,9,1,12,,310246,1,0,9,1,13,,310293,1,0,9,1,53,,310250,1,0,9,1,15,,310242,1,0,9,2,15,,310271,1,0,9,2,15,,310253,1,0,9,1,55,,310282,1,0,9,1,14,,310247,1,0,9,1,14,,310256,1,0,9,1,13,,310251,1,0,9,1,13,,310243,1,0,9,2,52,,310259,1,0,9,2,12,,310272,1,0,9,2,13,,310254,1,0,9,1,13,,310283,1,0,9,1,13,,310248,1,0,9,1,53,,310257,1,0,9,1,13,,310252,1,0,9,1,14,,310244,1,0,9,2,15,,310260,1,0,9,2,55,,310255,1,0,9,1,16,,310284,1,0,9,1,15,,310249,1,0,9,1,16,,310258,1,0,9,1,55,,310266,1,0,9,1,16,,310245,1,0,9,2,18,,310261,1,0,9,2,59,,310285,1,0,9,1,22,,310273,1,0,9,1,28,,310286,1,0,9,2,71,,310262,1,0,9,2,31,,310274,1,0,9,1,69,,310287,1,0,9,2,29,,310263,1,0,9,2,69,,310275,1,0,9,1,28,,310288,1,0,9,2,68,,310264,1,0,9,2,29,,310276,1,0,9,1,69,,310289,1,0,9,2,29,,310265,1,0,9,2,73,,310277,1,0,9,1,33,,310290,1,0,9,2
8004,'H51S000S-81-S',756,,310297,1,0,9,2,70,,310296,1,0,9,1,911,,310298,1,0,9,1
8004,'H58S000S-83-S',643,,310299,1,0,9,1
48003,'H50S000S-82-S',1549,,350379,38,4,,2,64,,350380,38,4,,1,27,,350381,38,4,,2,60,,350382,38,4,,2,26,,350374,38,4,,1,75,,350383,38,4,,2,22,,350376,38,4,,1,20,,350375,38,4,,2,12,,350373,38,4,,1,65,,350378,38,4,,2,20,,350372,38,4,,1,72,,350377,38,4,,1
48003,'H57S000S-80-S',1745,,350384,38,4,,1
48004,'H50S000S-82-S',622,,350386,1,0,9,2,25,,350388,1,0,9,1,66,,350392,1,0,9,2,30,,350395,1,0,9,2,68,,350396,1,0,9,1,21,,350391,1,0,9,2,23,,350397,1,0,9,1,73,,350389,1,0,9,2
