12502,'H59S000A-80-A',541,,322627,30,0,10,2,76,,322616,30,0,10,1,31,,322640,30,0,10,1,71,,322628,30,0,10,2,32,,322617,30,0,10,1,72,,322641,30,0,10,1,35,,322629,30,0,10,2,75,,322618,30,0,10,1,72,,322642,30,0,10,1,31,,322634,30,0,10,1,69,,322630,30,0,10,2,30,,322619,30,0,10,1,71,,322643,30,0,10,1,30,,322635,30,0,10,1,23,,322631,30,0,10,2,71,,322620,30,0,10,1,29,,322656,30,0,10,2,61,,322644,30,0,10,1,26,,322636,30,0,10,1,64,,322632,30,0,10,2,30,,322621,30,0,10,1,73,,322645,30,0,10,1,29,,322637,30,0,10,1,69,,322633,30,0,10,2,29,,322622,30,0,10,1,67,,322646,30,0,10,1,29,,322638,30,0,10,1,64,,322614,30,0,10,2,19,,322648,30,0,10,1,25,,322623,30,0,10,1,67,,322615,30,0,10,2,27,,322639,30,0,10,1,68,,322649,30,0,10,1,29,,322624,30,0,10,1,72,,322653,30,0,10,2,32,,322650,30,0,10,1,67,,322625,30,0,10,1,28,,322654,30,0,10,2,70,,322651,30,0,10,1,32,,322626,30,0,10,1,67,,322655,30,0,10,2,23,,322652,30,0,10,1,19,,322647,30,0,10,1
12502,'H59S000I-81-I',541,,322673,30,0,10,1,73,,322661,30,0,10,1,32,,322685,30,0,10,1,71,,322674,30,0,10,1,32,,322662,30,0,10,1,72,,322686,30,0,10,1,34,,322675,30,0,10,1,73,,322663,30,0,10,1,72,,322687,30,0,10,1,29,,322688,30,0,10,1,27,,322676,30,0,10,1,68,,322664,30,0,10,1,28,,322657,30,0,10,2,71,,322689,30,0,10,1,29,,322677,30,0,10,1,68,,322665,30,0,10,1,32,,322658,30,0,10,2,62,,322691,30,0,10,1,25,,322690,30,0,10,1,65,,322678,30,0,10,1,25,,322666,30,0,10,1,28,,322659,30,0,10,2,69,,322692,30,0,10,1,31,,322679,30,0,10,1,71,,322667,30,0,10,1,28,,322660,30,0,10,2,67,,322693,30,0,10,1,31,,322680,30,0,10,1,71,,322668,30,0,10,1,32,,322694,30,0,10,1,70,,322681,30,0,10,1,30,,322669,30,0,10,1,70,,322695,30,0,10,1,30,,322682,30,0,10,1,69,,322670,30,0,10,1,29,,322696,30,0,10,1,70,,322683,30,0,10,1,28,,322671,30,0,10,1,68,,322697,30,0,10,1,30,,322684,30,0,10,1,70,,322672,30,0,10,1
12502,'H59S000S-80-S',544,,322699,30,0,10,1,69,,322706,30,0,10,1,35,,322716,30,0,10,1,68,,322705,30,0,10,2,27,,322700,30,0,10,1,61,,322707,30,0,10,1,20,,322732,30,0,10,2,21,,322717,30,0,10,1,62,,322726,30,0,10,1,19,,322742,30,0,10,1,23,,322701,30,0,10,1,65,,322708,30,0,10,1,32,,322718,30,0,10,1,72,,322727,30,0,10,1,32,,322702,30,0,10,1,72,,322709,30,0,10,1,29,,322719,30,0,10,1,70,,322728,30,0,10,1,30,,322703,30,0,10,1,69,,322710,30,0,10,1,32,,322720,30,0,10,1,70,,322729,30,0,10,1,31,,322704,30,0,10,1,70,,322711,30,0,10,1,32,,322721,30,0,10,1,69,,322733,30,0,10,1,31,,322738,30,0,10,1,73,,322712,30,0,10,1,31,,322722,30,0,10,1,70,,322734,30,0,10,1,28,,322739,30,0,10,1,66,,322713,30,0,10,1,31,,322723,30,0,10,1,71,,322735,30,0,10,1,30,,322740,30,0,10,1,70,,322714,30,0,10,1,30,,322724,30,0,10,1,69,,322736,30,0,10,1,31,,322741,30,0,10,1,68,,322715,30,0,10,1,30,,322725,30,0,10,1,70,,322737,30,0,10,1
12502,'H59S100F-80-F1',541,,322757,30,0,10,1,73,,322745,30,0,10,1,32,,322783,30,0,10,1,71,,322758,30,0,10,1,32,,322746,30,0,10,1,72,,322784,30,0,10,1,34,,322759,30,0,10,1,73,,322747,30,0,10,1,72,,322785,30,0,10,1,29,,322769,30,0,10,1,27,,322760,30,0,10,1,68,,322748,30,0,10,1,28,,322779,30,0,10,2,71,,322770,30,0,10,1,29,,322761,30,0,10,1,68,,322749,30,0,10,1,32,,322780,30,0,10,2,62,,322772,30,0,10,1,25,,322771,30,0,10,1,65,,322762,30,0,10,1,25,,322750,30,0,10,1,28,,322781,30,0,10,2,69,,322773,30,0,10,1,31,,322763,30,0,10,1,71,,322751,30,0,10,1,28,,322782,30,0,10,2,67,,322774,30,0,10,1,31,,322764,30,0,10,1,71,,322752,30,0,10,1,32,,322775,30,0,10,1,70,,322765,30,0,10,1,30,,322753,30,0,10,1,70,,322776,30,0,10,1,30,,322766,30,0,10,1,69,,322754,30,0,10,1,29,,322777,30,0,10,1,70,,322767,30,0,10,1,28,,322755,30,0,10,1,68,,322778,30,0,10,1,30,,322768,30,0,10,1,70,,322756,30,0,10,1
12502,'H59S200F-80-F2',541,,322798,30,0,10,1,73,,322786,30,0,10,1,32,,322824,30,0,10,1,71,,322799,30,0,10,1,32,,322787,30,0,10,1,72,,322825,30,0,10,1,34,,322800,30,0,10,1,73,,322788,30,0,10,1,72,,322826,30,0,10,1,29,,322810,30,0,10,1,27,,322801,30,0,10,1,68,,322789,30,0,10,1,28,,322820,30,0,10,2,71,,322811,30,0,10,1,29,,322802,30,0,10,1,68,,322790,30,0,10,1,32,,322821,30,0,10,2,62,,322813,30,0,10,1,25,,322812,30,0,10,1,65,,322803,30,0,10,1,25,,322791,30,0,10,1,28,,322822,30,0,10,2,69,,322814,30,0,10,1,31,,322804,30,0,10,1,71,,322792,30,0,10,1,28,,322823,30,0,10,2,67,,322815,30,0,10,1,31,,322805,30,0,10,1,71,,322793,30,0,10,1,32,,322816,30,0,10,1,70,,322806,30,0,10,1,30,,322794,30,0,10,1,70,,322817,30,0,10,1,30,,322807,30,0,10,1,69,,322795,30,0,10,1,29,,322818,30,0,10,1,70,,322808,30,0,10,1,28,,322796,30,0,10,1,68,,322819,30,0,10,1,30,,322809,30,0,10,1,70,,322797,30,0,10,1
36002,'H56S000A-80-A',2536,,346517,10,0,10,1,85,,346513,10,0,10,2,85,,346514,10,0,10,1,45,,346515,10,0,10,1,85,,346516,10,0,10,1
36002,'H56S000I-80-I',2535,,346520,10,0,10,1,85,,346518,10,0,10,1,85,,346522,10,0,10,2,45,,346519,10,0,10,1,85,,346521,10,0,10,2
36002,'H56S000S-82-S',2535,,346523,10,0,10,1,85,,346526,10,0,10,1,84,,346524,10,0,10,1,45,,346527,10,0,10,1,85,,346525,10,0,10,2
36002,'H56S100F-80-F1',2535,,346530,10,0,10,1,85,,346528,10,0,10,1,85,,346532,10,0,10,2,45,,346529,10,0,10,1,85,,346531,10,0,10,2
36002,'H56S200F-80-F2',2535,,346535,10,0,10,1,85,,346533,10,0,10,1,85,,346537,10,0,10,2,45,,346534,10,0,10,1,85,,346536,10,0,10,2
