16504,'H50S000A-82-A',534,,330633,9,0,9,1,69,,330646,9,0,9,1,31,,330634,9,0,9,1,69,,330647,9,0,9,1,22,,330656,9,0,9,1,22,,330635,9,0,9,1,63,,330648,9,0,9,1,19,,330657,9,0,9,1,18,,330664,9,0,9,1,56,,330636,9,0,9,1,16,,330649,9,0,9,1,14,,330672,9,0,9,1,10,,330658,9,0,9,1,10,,330682,9,0,9,1,50,,330665,9,0,9,1,10,,330690,9,0,9,1,10,,330637,9,0,9,1,9,,330650,9,0,9,1,10,,330696,9,0,9,1,9,,330673,9,0,9,1,50,,330659,9,0,9,1,10,,330683,9,0,9,1,10,,330666,9,0,9,1,9,,330691,9,0,9,1,9,,330638,9,0,9,1,9,,330651,9,0,9,1,7,,330706,9,0,9,1,47,,330697,9,0,9,1,7,,330674,9,0,9,1,7,,330713,9,0,9,1,7,,330660,9,0,9,1,7,,330717,9,0,9,1,7,,330684,9,0,9,1,7,,330667,9,0,9,1,8,,330692,9,0,9,1,48,,330639,9,0,9,1,8,,330652,9,0,9,1,7,,330707,9,0,9,1,7,,330698,9,0,9,1,7,,330675,9,0,9,1,7,,330714,9,0,9,1,5,,330727,9,0,9,1,6,,330661,9,0,9,1,6,,330718,9,0,9,1,6,,330685,9,0,9,1,46,,330731,9,0,9,1,6,,330668,9,0,9,1,6,,330693,9,0,9,1,7,,330640,9,0,9,1,7,,330653,9,0,9,1,7,,330708,9,0,9,1,7,,330715,9,0,9,1,7,,330676,9,0,9,1,7,,330699,9,0,9,1,46,,330728,9,0,9,1,6,,330662,9,0,9,1,6,,330732,9,0,9,1,5,,330719,9,0,9,1,5,,330686,9,0,9,1,5,,330669,9,0,9,1,6,,330694,9,0,9,1,6,,330734,9,0,9,1,6,,330641,9,0,9,1,6,,330654,9,0,9,1,46,,330709,9,0,9,1,6,,330716,9,0,9,1,6,,330677,9,0,9,1,6,,330700,9,0,9,1,6,,330729,9,0,9,1,6,,330663,9,0,9,1,4,,330687,9,0,9,1,4,,330733,9,0,9,1,4,,330741,9,0,9,1,5,,330720,9,0,9,1,6,,330670,9,0,9,1,47,,330695,9,0,9,1,7,,330735,9,0,9,1,7,,330642,9,0,9,1,7,,330655,9,0,9,1,7,,330710,9,0,9,1,7,,330678,9,0,9,1,7,,330701,9,0,9,1,7,,330730,9,0,9,1,7,,330688,9,0,9,1,47,,330742,9,0,9,1,6,,330721,9,0,9,1,8,,330671,9,0,9,1,9,,330736,9,0,9,1,9,,330643,9,0,9,1,10,,330711,9,0,9,1,10,,330679,9,0,9,1,51,,330702,9,0,9,1,12,,330689,9,0,9,1,12,,330722,9,0,9,1,12,,330737,9,0,9,1,8,,330644,9,0,9,1,48,,330712,9,0,9,1,12,,330680,9,0,9,1,16,,330703,9,0,9,1,17,,330723,9,0,9,1,62,,330738,9,0,9,1,23,,330645,9,0,9,1,24,,330704,9,0,9,1,68,,330739,9,0,9,1,29,,330724,9,0,9,1,70,,330681,9,0,9,1,30,,330740,9,0,9,1,69,,330725,9,0,9,1,30,,330705,9,0,9,1,70,,330726,9,0,9,1
16504,'H50S000I-82-I',536,,330743,9,0,9,1,70,,330757,9,0,9,1,33,,330744,9,0,9,1,69,,330758,9,0,9,1,28,,330766,9,0,9,1,67,,330745,9,0,9,1,25,,330759,9,0,9,1,23,,330767,9,0,9,1,63,,330746,9,0,9,1,20,,330785,9,0,9,1,13,,330760,9,0,9,1,11,,330775,9,0,9,1,50,,330768,9,0,9,1,10,,330802,9,0,9,1,9,,330747,9,0,9,1,10,,330796,9,0,9,1,9,,330809,9,0,9,1,9,,330786,9,0,9,1,48,,330761,9,0,9,1,8,,330769,9,0,9,1,10,,330776,9,0,9,1,9,,330803,9,0,9,1,10,,330748,9,0,9,1,9,,330815,9,0,9,1,9,,330797,9,0,9,1,49,,330810,9,0,9,1,9,,330787,9,0,9,1,11,,330770,9,0,9,1,7,,330762,9,0,9,1,8,,330777,9,0,9,1,8,,330804,9,0,9,1,7,,330749,9,0,9,1,49,,330816,9,0,9,1,8,,330821,9,0,9,1,8,,330798,9,0,9,1,7,,330811,9,0,9,1,7,,330788,9,0,9,1,8,,330771,9,0,9,1,8,,330763,9,0,9,1,48,,330778,9,0,9,1,8,,330805,9,0,9,1,8,,330750,9,0,9,1,8,,330817,9,0,9,1,7,,330822,9,0,9,1,7,,330799,9,0,9,1,7,,330812,9,0,9,1,7,,330789,9,0,9,1,7,,330825,9,0,9,1,47,,330772,9,0,9,1,7,,330764,9,0,9,1,7,,330779,9,0,9,1,6,,330806,9,0,9,1,7,,330751,9,0,9,1,7,,330818,9,0,9,1,7,,330823,9,0,9,1,7,,330800,9,0,9,1,47,,330813,9,0,9,1,7,,330790,9,0,9,1,7,,330826,9,0,9,1,7,,330773,9,0,9,1,7,,330765,9,0,9,1,7,,330780,9,0,9,1,7,,330807,9,0,9,1,8,,330752,9,0,9,1,7,,330824,9,0,9,1,47,,330819,9,0,9,1,7,,330801,9,0,9,1,8,,330827,9,0,9,1,7,,330814,9,0,9,1,8,,330791,9,0,9,1,8,,330774,9,0,9,1,9,,330781,9,0,9,1,49,,330808,9,0,9,1,10,,330753,9,0,9,1,10,,330820,9,0,9,1,14,,330828,9,0,9,1,14,,330792,9,0,9,1,57,,330782,9,0,9,1,19,,330754,9,0,9,1,19,,330829,9,0,9,1,60,,330793,9,0,9,1,25,,330783,9,0,9,1,24,,330830,9,0,9,1,66,,330794,9,0,9,1,30,,330784,9,0,9,1,71,,330831,9,0,9,1,28,,330795,9,0,9,1,70,,330755,9,0,9,1,29,,330832,9,0,9,1,69,,330756,9,0,9,1,29,,330833,9,0,9,1
16504,'H50S000S-82-S',522,,330843,9,0,9,1,21,,330852,9,0,9,1,61,,330834,9,0,9,1,11,,330875,9,0,9,1,10,,330844,9,0,9,1,10,,330884,9,0,9,1,9,,330853,9,0,9,1,9,,330895,9,0,9,1,47,,330863,9,0,9,1,7,,330903,9,0,9,1,6,,330911,9,0,9,1,6,,330835,9,0,9,1,5,,330876,9,0,9,1,6,,330913,9,0,9,1,7,,330845,9,0,9,1,7,,330914,9,0,9,1,7,,330885,9,0,9,1,6,,330915,9,0,9,1,45,,330854,9,0,9,1,6,,330928,9,0,9,1,6,,330896,9,0,9,1,6,,330864,9,0,9,1,6,,330912,9,0,9,1,8,,330904,9,0,9,1,9,,330836,9,0,9,1,8,,330877,9,0,9,1,8,,330916,9,0,9,1,48,,330846,9,0,9,1,9,,330886,9,0,9,1,9,,330855,9,0,9,1,9,,330897,9,0,9,1,9,,330865,9,0,9,1,10,,330905,9,0,9,1,49,,330837,9,0,9,1,9,,330878,9,0,9,1,10,,330917,9,0,9,1,8,,330887,9,0,9,1,9,,330847,9,0,9,1,10,,330856,9,0,9,1,10,,330898,9,0,9,1,51,,330866,9,0,9,1,10,,330906,9,0,9,1,10,,330918,9,0,9,1,7,,330838,9,0,9,1,8,,330879,9,0,9,1,7,,330888,9,0,9,1,7,,330929,9,0,9,1,48,,330848,9,0,9,1,9,,330857,9,0,9,1,9,,330899,9,0,9,1,8,,330867,9,0,9,1,8,,330935,9,0,9,1,7,,330907,9,0,9,1,6,,330919,9,0,9,1,6,,330880,9,0,9,1,48,,330839,9,0,9,1,8,,330889,9,0,9,1,8,,330930,9,0,9,1,8,,330849,9,0,9,1,8,,330858,9,0,9,1,8,,330900,9,0,9,1,8,,330868,9,0,9,1,47,,330920,9,0,9,1,7,,330936,9,0,9,1,6,,330908,9,0,9,1,7,,330881,9,0,9,1,8,,330840,9,0,9,1,8,,330890,9,0,9,1,8,,330931,9,0,9,1,8,,330850,9,0,9,1,48,,330859,9,0,9,1,8,,330901,9,0,9,1,8,,330869,9,0,9,1,8,,330921,9,0,9,1,8,,330937,9,0,9,1,4,,330944,9,0,9,1,4,,330909,9,0,9,1,4,,330951,9,0,9,1,5,,330882,9,0,9,1,5,,330938,9,0,9,1,46,,330841,9,0,9,1,6,,330891,9,0,9,1,7,,330932,9,0,9,1,7,,330851,9,0,9,1,6,,330941,9,0,9,1,6,,330860,9,0,9,1,6,,330902,9,0,9,1,7,,330870,9,0,9,1,8,,330922,9,0,9,1,48,,330952,9,0,9,1,7,,330945,9,0,9,1,6,,330910,9,0,9,1,8,,330883,9,0,9,1,7,,330939,9,0,9,1,7,,330842,9,0,9,1,8,,330953,9,0,9,1,7,,330933,9,0,9,1,48,,330942,9,0,9,1,8,,330861,9,0,9,1,10,,330871,9,0,9,1,10,,330923,9,0,9,1,11,,330946,9,0,9,1,11,,330892,9,0,9,1,50,,330940,9,0,9,1,9,,330954,9,0,9,1,9,,330934,9,0,9,1,10,,330943,9,0,9,1,12,,330872,9,0,9,1,11,,330924,9,0,9,1,51,,330947,9,0,9,1,12,,330893,9,0,9,1,15,,330955,9,0,9,1,17,,330862,9,0,9,1,59,,330873,9,0,9,1,23,,330948,9,0,9,1,20,,330956,9,0,9,1,62,,330925,9,0,9,1,22,,330894,9,0,9,1,21,,330949,9,0,9,1,60,,330874,9,0,9,1,21,,330926,9,0,9,1,73,,330950,9,0,9,1,34,,330927,9,0,9,1
16504,'H50S100F-80-F1',536,,330957,9,0,9,1,70,,330971,9,0,9,1,33,,330958,9,0,9,1,69,,330972,9,0,9,1,28,,330980,9,0,9,1,67,,330959,9,0,9,1,25,,330973,9,0,9,1,23,,330981,9,0,9,1,63,,330960,9,0,9,1,20,,330999,9,0,9,1,13,,330974,9,0,9,1,11,,330989,9,0,9,1,50,,330982,9,0,9,1,10,,331016,9,0,9,1,9,,330961,9,0,9,1,10,,331010,9,0,9,1,9,,331023,9,0,9,1,9,,331000,9,0,9,1,48,,330975,9,0,9,1,8,,330983,9,0,9,1,10,,330990,9,0,9,1,9,,331017,9,0,9,1,10,,330962,9,0,9,1,9,,331029,9,0,9,1,9,,331011,9,0,9,1,49,,331024,9,0,9,1,9,,331001,9,0,9,1,11,,330984,9,0,9,1,7,,330976,9,0,9,1,8,,330991,9,0,9,1,8,,331018,9,0,9,1,7,,330963,9,0,9,1,49,,331030,9,0,9,1,8,,331035,9,0,9,1,8,,331012,9,0,9,1,7,,331025,9,0,9,1,7,,331002,9,0,9,1,8,,330985,9,0,9,1,8,,330977,9,0,9,1,48,,330992,9,0,9,1,8,,331019,9,0,9,1,8,,330964,9,0,9,1,8,,331031,9,0,9,1,7,,331036,9,0,9,1,7,,331013,9,0,9,1,7,,331026,9,0,9,1,7,,331003,9,0,9,1,7,,331039,9,0,9,1,47,,330986,9,0,9,1,7,,330978,9,0,9,1,7,,330993,9,0,9,1,6,,331020,9,0,9,1,7,,330965,9,0,9,1,7,,331032,9,0,9,1,7,,331037,9,0,9,1,7,,331014,9,0,9,1,47,,331027,9,0,9,1,7,,331004,9,0,9,1,7,,331040,9,0,9,1,7,,330987,9,0,9,1,7,,330979,9,0,9,1,7,,330994,9,0,9,1,7,,331021,9,0,9,1,8,,330966,9,0,9,1,7,,331038,9,0,9,1,47,,331033,9,0,9,1,7,,331015,9,0,9,1,8,,331041,9,0,9,1,7,,331028,9,0,9,1,8,,331005,9,0,9,1,8,,330988,9,0,9,1,9,,330995,9,0,9,1,49,,331022,9,0,9,1,10,,330967,9,0,9,1,10,,331034,9,0,9,1,14,,331042,9,0,9,1,14,,331006,9,0,9,1,57,,330996,9,0,9,1,19,,330968,9,0,9,1,19,,331043,9,0,9,1,60,,331007,9,0,9,1,25,,330997,9,0,9,1,24,,331044,9,0,9,1,66,,331008,9,0,9,1,30,,330998,9,0,9,1,71,,331045,9,0,9,1,28,,331009,9,0,9,1,70,,330969,9,0,9,1,29,,331046,9,0,9,1,69,,330970,9,0,9,1,29,,331047,9,0,9,1
16504,'H50S200F-80-F2',536,,331048,9,0,9,1,70,,331062,9,0,9,1,33,,331049,9,0,9,1,69,,331063,9,0,9,1,28,,331071,9,0,9,1,67,,331050,9,0,9,1,25,,331064,9,0,9,1,23,,331072,9,0,9,1,63,,331051,9,0,9,1,20,,331090,9,0,9,1,13,,331065,9,0,9,1,11,,331080,9,0,9,1,50,,331073,9,0,9,1,10,,331107,9,0,9,1,9,,331052,9,0,9,1,10,,331101,9,0,9,1,9,,331114,9,0,9,1,9,,331091,9,0,9,1,48,,331066,9,0,9,1,8,,331074,9,0,9,1,10,,331081,9,0,9,1,9,,331108,9,0,9,1,10,,331053,9,0,9,1,9,,331120,9,0,9,1,9,,331102,9,0,9,1,49,,331115,9,0,9,1,9,,331092,9,0,9,1,11,,331075,9,0,9,1,7,,331067,9,0,9,1,8,,331082,9,0,9,1,8,,331109,9,0,9,1,7,,331054,9,0,9,1,49,,331121,9,0,9,1,8,,331126,9,0,9,1,8,,331103,9,0,9,1,7,,331116,9,0,9,1,7,,331093,9,0,9,1,8,,331076,9,0,9,1,8,,331068,9,0,9,1,48,,331083,9,0,9,1,8,,331110,9,0,9,1,8,,331055,9,0,9,1,8,,331122,9,0,9,1,7,,331127,9,0,9,1,7,,331104,9,0,9,1,7,,331117,9,0,9,1,7,,331094,9,0,9,1,7,,331130,9,0,9,1,47,,331077,9,0,9,1,7,,331069,9,0,9,1,7,,331084,9,0,9,1,6,,331111,9,0,9,1,7,,331056,9,0,9,1,7,,331123,9,0,9,1,7,,331128,9,0,9,1,7,,331105,9,0,9,1,47,,331118,9,0,9,1,7,,331095,9,0,9,1,7,,331131,9,0,9,1,7,,331078,9,0,9,1,7,,331070,9,0,9,1,7,,331085,9,0,9,1,7,,331112,9,0,9,1,8,,331057,9,0,9,1,7,,331129,9,0,9,1,47,,331124,9,0,9,1,7,,331106,9,0,9,1,8,,331132,9,0,9,1,7,,331119,9,0,9,1,8,,331096,9,0,9,1,8,,331079,9,0,9,1,9,,331086,9,0,9,1,49,,331113,9,0,9,1,10,,331058,9,0,9,1,10,,331125,9,0,9,1,14,,331133,9,0,9,1,14,,331097,9,0,9,1,57,,331087,9,0,9,1,19,,331059,9,0,9,1,19,,331134,9,0,9,1,60,,331098,9,0,9,1,25,,331088,9,0,9,1,24,,331135,9,0,9,1,66,,331099,9,0,9,1,30,,331089,9,0,9,1,71,,331136,9,0,9,1,28,,331100,9,0,9,1,70,,331060,9,0,9,1,29,,331137,9,0,9,1,69,,331061,9,0,9,1,29,,331138,9,0,9,1
36904,'H50S000A-82-A',2535,,346998,8,0,9,1,72,,346996,8,0,9,2,30,,346999,8,0,9,1,68,,346994,8,0,9,1,32,,346997,8,0,9,2,68,,346995,8,0,9,1,44,,347000,8,0,9,1
36904,'H50S000I-82-I',2505,,347004,8,0,9,1,45,,347001,8,0,9,2,85,,347005,8,0,9,1,85,,347002,8,0,9,2,85,,347006,8,0,9,1,45,,347003,8,0,9,2
36904,'H50S000S-82-S',2506,,347009,8,0,9,1,39,,347012,8,0,9,1,80,,347007,8,0,9,1,101,,347010,8,0,9,1,80,,347008,8,0,9,1,44,,347011,8,0,9,1
36904,'H50S000S-82-SV',2657,,347013,8,0,9,2
36904,'H50S100F-80-F1',2505,,347017,8,0,9,1,45,,347014,8,0,9,2,85,,347018,8,0,9,1,85,,347015,8,0,9,2,85,,347019,8,0,9,1,45,,347016,8,0,9,2
36904,'H50S200F-80-F2',2505,,347023,8,0,9,1,45,,347020,8,0,9,2,85,,347024,8,0,9,1,85,,347021,8,0,9,2,85,,347025,8,0,9,1,45,,347022,8,0,9,2
