18502,'H59S000A-80-A',533,,335056,25,0,10,1,73,,335066,25,0,10,1,33,,335071,25,0,10,2,77,,335057,25,0,10,1,32,,335067,25,0,10,1,72,,335072,25,0,10,2,32,,335058,25,0,10,1,72,,335068,25,0,10,1,30,,335073,25,0,10,2,72,,335059,25,0,10,1,32,,335069,25,0,10,1,72,,335074,25,0,10,2,76,,335060,25,0,10,1,32,,335070,25,0,10,1,68,,335078,25,0,10,1,29,,335075,25,0,10,2,69,,335082,25,0,10,1,28,,335085,25,0,10,2,27,,335079,25,0,10,1,68,,335076,25,0,10,2,29,,335083,25,0,10,1,69,,335086,25,0,10,2,30,,335080,25,0,10,1,69,,335077,25,0,10,2,27,,335084,25,0,10,1,69,,335061,25,0,10,1,28,,335081,25,0,10,1,69,,335062,25,0,10,1,27,,335048,25,0,10,1,70,,335052,25,0,10,1,31,,335063,25,0,10,1,71,,335049,25,0,10,1,31,,335053,25,0,10,1,70,,335064,25,0,10,1,30,,335050,25,0,10,1,71,,335054,25,0,10,1,30,,335065,25,0,10,1,69,,335051,25,0,10,1,28,,335055,25,0,10,1
18502,'H59S000I-81-I',533,,335087,25,0,10,2,71,,335099,25,0,10,1,29,,335111,25,0,10,2,70,,335088,25,0,10,2,30,,335100,25,0,10,1,69,,335112,25,0,10,2,32,,335089,25,0,10,2,72,,335101,25,0,10,1,31,,335113,25,0,10,2,72,,335090,25,0,10,2,34,,335102,25,0,10,1,73,,335114,25,0,10,2,32,,335091,25,0,10,2,73,,335103,25,0,10,1,32,,335115,25,0,10,2,72,,335118,25,0,10,1,30,,335092,25,0,10,2,70,,335104,25,0,10,1,31,,335116,25,0,10,2,70,,335119,25,0,10,1,30,,335093,25,0,10,2,70,,335105,25,0,10,1,29,,335117,25,0,10,2,72,,335120,25,0,10,1,73,,335094,25,0,10,2,32,,335106,25,0,10,1,71,,335121,25,0,10,1,31,,335095,25,0,10,2,69,,335107,25,0,10,1,29,,335122,25,0,10,1,70,,335096,25,0,10,2,29,,335108,25,0,10,1,26,,335123,25,0,10,1,69,,335097,25,0,10,2,29,,335109,25,0,10,1,68,,335124,25,0,10,1,26,,335098,25,0,10,2,67,,335110,25,0,10,1,30,,335125,25,0,10,1
18502,'H59S000S-80-S',533,,335128,25,0,10,1,71,,335150,25,0,10,2,25,,335162,25,0,10,1,74,,335129,25,0,10,1,14,,335130,25,0,10,2,22,,335151,25,0,10,2,19,,335154,25,0,10,1,63,,335127,25,0,10,2,12,,335132,25,0,10,1,14,,335159,25,0,10,1,61,,335169,25,0,10,1,28,,335136,25,0,10,1,71,,335155,25,0,10,1,30,,335133,25,0,10,1,69,,335170,25,0,10,1,29,,335137,25,0,10,1,70,,335156,25,0,10,1,28,,335152,25,0,10,1,68,,335171,25,0,10,1,27,,335138,25,0,10,1,28,,335157,25,0,10,1,67,,335153,25,0,10,1,28,,335172,25,0,10,1,68,,335139,25,0,10,1,30,,335158,25,0,10,1,70,,335134,25,0,10,1,31,,335160,25,0,10,2,69,,335140,25,0,10,1,30,,335145,25,0,10,1,70,,335164,25,0,10,1,28,,335161,25,0,10,2,69,,335141,25,0,10,1,31,,335146,25,0,10,1,72,,335165,25,0,10,1,30,,335142,25,0,10,1,71,,335147,25,0,10,1,30,,335166,25,0,10,1,69,,335143,25,0,10,1,29,,335148,25,0,10,1,70,,335167,25,0,10,1,29,,335144,25,0,10,1,70,,335149,25,0,10,1,32,,335168,25,0,10,1
18502,'H59S100F-80-F1',533,,335173,25,0,10,2,71,,335185,25,0,10,1,29,,335197,25,0,10,2,70,,335174,25,0,10,2,30,,335186,25,0,10,1,69,,335198,25,0,10,2,32,,335175,25,0,10,2,72,,335187,25,0,10,1,31,,335199,25,0,10,2,72,,335176,25,0,10,2,34,,335188,25,0,10,1,73,,335200,25,0,10,2,32,,335177,25,0,10,2,73,,335189,25,0,10,1,32,,335201,25,0,10,2,72,,335204,25,0,10,1,30,,335178,25,0,10,2,70,,335190,25,0,10,1,31,,335202,25,0,10,2,70,,335205,25,0,10,1,30,,335179,25,0,10,2,70,,335191,25,0,10,1,29,,335203,25,0,10,2,72,,335206,25,0,10,1,73,,335180,25,0,10,2,32,,335192,25,0,10,1,71,,335207,25,0,10,1,31,,335181,25,0,10,2,69,,335193,25,0,10,1,29,,335208,25,0,10,1,70,,335182,25,0,10,2,29,,335194,25,0,10,1,26,,335209,25,0,10,1,69,,335183,25,0,10,2,29,,335195,25,0,10,1,68,,335210,25,0,10,1,26,,335184,25,0,10,2,67,,335196,25,0,10,1,30,,335211,25,0,10,1
18502,'H59S200F-80-F2',533,,335212,25,0,10,2,71,,335224,25,0,10,1,29,,335236,25,0,10,2,70,,335213,25,0,10,2,30,,335225,25,0,10,1,69,,335237,25,0,10,2,32,,335214,25,0,10,2,72,,335226,25,0,10,1,31,,335238,25,0,10,2,72,,335215,25,0,10,2,34,,335227,25,0,10,1,73,,335239,25,0,10,2,32,,335216,25,0,10,2,73,,335228,25,0,10,1,32,,335240,25,0,10,2,72,,335243,25,0,10,1,30,,335217,25,0,10,2,70,,335229,25,0,10,1,31,,335241,25,0,10,2,70,,335244,25,0,10,1,30,,335218,25,0,10,2,70,,335230,25,0,10,1,29,,335242,25,0,10,2,72,,335245,25,0,10,1,73,,335219,25,0,10,2,32,,335231,25,0,10,1,71,,335246,25,0,10,1,31,,335220,25,0,10,2,69,,335232,25,0,10,1,29,,335247,25,0,10,1,70,,335221,25,0,10,2,29,,335233,25,0,10,1,26,,335248,25,0,10,1,69,,335222,25,0,10,2,29,,335234,25,0,10,1,68,,335249,25,0,10,1,26,,335223,25,0,10,2,67,,335235,25,0,10,1,30,,335250,25,0,10,1
36402,'H54S000A-80-A',2508,,346815,39,0,10,1,46,,346817,39,0,10,2,86,,346814,39,0,10,1,85,,346813,39,0,10,1,85,,346816,39,0,10,1,39,,346818,39,0,10,2
36402,'H54S000I-80-I',2510,,346822,39,0,10,1,44,,346820,39,0,10,1,84,,346823,39,0,10,2,86,,346821,39,0,10,1,84,,346819,39,0,10,1
36402,'H54S000S-80-S',2509,,346827,39,0,10,2,47,,346828,39,0,10,1,84,,346826,39,0,10,2,86,,346824,39,0,10,1,82,,346825,39,0,10,1
36402,'H54S100F-80-F1',2510,,346832,39,0,10,1,44,,346830,39,0,10,1,84,,346833,39,0,10,2,86,,346831,39,0,10,1,84,,346829,39,0,10,1
36402,'H54S200F-80-F2',2510,,346837,39,0,10,1,44,,346835,39,0,10,1,84,,346838,39,0,10,2,86,,346836,39,0,10,1,84,,346834,39,0,10,1
