10502,'H50S000A-82-A',548,,316794,14,0,10,1,70,,316807,14,0,10,1,30,,316795,14,0,10,1,70,,316808,14,0,10,1,29,,316796,14,0,10,1,69,,316716,14,0,10,2,28,,316797,14,0,10,1,14,,316717,14,0,10,2,55,,316744,14,0,10,1,14,,316798,14,0,10,1,14,,316718,14,0,10,2,11,,316749,14,0,10,2,51,,316745,14,0,10,1,8,,316722,14,0,10,2,23,,316719,14,0,10,2,66,,316723,14,0,10,2,10,,316780,14,0,10,1,10,,316750,14,0,10,2,10,,316746,14,0,10,1,11,,316720,14,0,10,2,16,,316724,14,0,10,2,56,,316751,14,0,10,2,16,,316770,14,0,10,2,16,,316781,14,0,10,1,13,,316747,14,0,10,1,50,,316752,14,0,10,2,10,,316771,14,0,10,2,10,,316725,14,0,10,2,9,,316782,14,0,10,1,10,,316748,14,0,10,1,10,,316753,14,0,10,2,50,,316772,14,0,10,2,13,,316726,14,0,10,2,12,,316783,14,0,10,1,12,,316732,14,0,10,1,12,,316773,14,0,10,2,49,,316760,14,0,10,2,10,,316727,14,0,10,2,10,,316784,14,0,10,1,9,,316754,14,0,10,2,10,,316733,14,0,10,1,11,,316761,14,0,10,2,50,,316774,14,0,10,2,10,,316785,14,0,10,1,9,,316728,14,0,10,2,7,,316755,14,0,10,2,7,,316734,14,0,10,1,9,,316762,14,0,10,2,9,,316775,14,0,10,2,48,,316786,14,0,10,1,7,,316756,14,0,10,2,7,,316729,14,0,10,2,7,,316735,14,0,10,1,7,,316806,14,0,10,2,6,,316763,14,0,10,2,7,,316776,14,0,10,2,6,,316757,14,0,10,2,6,,316787,14,0,10,1,45,,316721,14,0,10,1,6,,316730,14,0,10,2,8,,316736,14,0,10,1,8,,316764,14,0,10,2,7,,316777,14,0,10,2,7,,316758,14,0,10,2,8,,316731,14,0,10,2,8,,316737,14,0,10,1,48,,316788,14,0,10,1,8,,316778,14,0,10,2,7,,316765,14,0,10,2,10,,316759,14,0,10,2,12,,316789,14,0,10,1,12,,316738,14,0,10,1,52,,316779,14,0,10,2,13,,316766,14,0,10,2,15,,316790,14,0,10,1,15,,316739,14,0,10,1,55,,316767,14,0,10,2,16,,316791,14,0,10,1,15,,316740,14,0,10,1,15,,316768,14,0,10,2,55,,316799,14,0,10,1,14,,316792,14,0,10,1,15,,316769,14,0,10,2,13,,316800,14,0,10,1,14,,316793,14,0,10,1,54,,316804,14,0,10,2,19,,316801,14,0,10,1,21,,316805,14,0,10,2,60,,316741,14,0,10,1,24,,316802,14,0,10,1,66,,316742,14,0,10,1,30,,316803,14,0,10,1,69,,316743,14,0,10,1
10502,'H50S000I-82-I',550,,316809,14,0,10,1,69,,316858,14,0,10,2,29,,316810,14,0,10,1,69,,316859,14,0,10,2,16,,316811,14,0,10,1,16,,316825,14,0,10,2,72,,316812,14,0,10,1,27,,316826,14,0,10,2,54,,316813,14,0,10,1,15,,316880,14,0,10,2,29,,316814,14,0,10,1,55,,316881,14,0,10,2,12,,316827,14,0,10,2,12,,316839,14,0,10,2,12,,316815,14,0,10,1,11,,316882,14,0,10,2,11,,316828,14,0,10,2,52,,316840,14,0,10,2,19,,316816,14,0,10,1,17,,316829,14,0,10,2,11,,316841,14,0,10,2,65,,316856,14,0,10,1,23,,316830,14,0,10,2,59,,316817,14,0,10,1,16,,316857,14,0,10,1,16,,316842,14,0,10,2,16,,316831,14,0,10,2,56,,316818,14,0,10,1,12,,316860,14,0,10,2,12,,316843,14,0,10,2,12,,316832,14,0,10,2,12,,316819,14,0,10,1,53,,316861,14,0,10,2,13,,316844,14,0,10,2,12,,316833,14,0,10,2,11,,316820,14,0,10,1,11,,316866,14,0,10,2,50,,316862,14,0,10,2,10,,316845,14,0,10,2,10,,316821,14,0,10,1,11,,316834,14,0,10,2,11,,316863,14,0,10,2,9,,316867,14,0,10,2,50,,316846,14,0,10,2,9,,316835,14,0,10,2,10,,316822,14,0,10,1,10,,316868,14,0,10,2,9,,316864,14,0,10,2,10,,316847,14,0,10,2,50,,316823,14,0,10,1,9,,316836,14,0,10,2,8,,316869,14,0,10,2,7,,316871,14,0,10,1,7,,316865,14,0,10,2,8,,316824,14,0,10,1,8,,316848,14,0,10,2,48,,316870,14,0,10,2,8,,316837,14,0,10,2,11,,316872,14,0,10,1,12,,316883,14,0,10,1,12,,316849,14,0,10,2,12,,316838,14,0,10,2,52,,316873,14,0,10,1,15,,316884,14,0,10,1,14,,316850,14,0,10,2,18,,316874,14,0,10,1,57,,316885,14,0,10,1,16,,316851,14,0,10,2,21,,316875,14,0,10,1,64,,316852,14,0,10,2,24,,316876,14,0,10,1,66,,316853,14,0,10,2,29,,316877,14,0,10,1,70,,316854,14,0,10,2,29,,316878,14,0,10,1,70,,316855,14,0,10,2,30,,316879,14,0,10,1
10502,'H50S000S-82-S',548,,316996,14,0,10,1,60,,316914,14,0,10,2,12,,316911,14,0,10,2,12,,316997,14,0,10,1,11,,317003,14,0,10,2,12,,316915,14,0,10,2,51,,316912,14,0,10,2,5,,316926,14,0,10,2,11,,316998,14,0,10,1,13,,316928,14,0,10,2,13,,316910,14,0,10,2,9,,316913,14,0,10,2,49,,316927,14,0,10,2,8,,316941,14,0,10,1,9,,316925,14,0,10,2,8,,316898,14,0,10,2,8,,316890,14,0,10,1,8,,316929,14,0,10,1,8,,317004,14,0,10,2,49,,316951,14,0,10,2,9,,316942,14,0,10,1,10,,316899,14,0,10,2,10,,316891,14,0,10,1,10,,316930,14,0,10,1,9,,316916,14,0,10,2,49,,316943,14,0,10,1,9,,316900,14,0,10,2,11,,316892,14,0,10,1,12,,316931,14,0,10,1,12,,316917,14,0,10,2,12,,316901,14,0,10,2,52,,316893,14,0,10,1,11,,316932,14,0,10,1,9,,316944,14,0,10,1,11,,316918,14,0,10,2,11,,316902,14,0,10,2,51,,316894,14,0,10,1,11,,316933,14,0,10,1,4,,316945,14,0,10,1,8,,316952,14,0,10,1,10,,316919,14,0,10,2,9,,316903,14,0,10,2,9,,316895,14,0,10,1,51,,316934,14,0,10,1,12,,316953,14,0,10,1,12,,316920,14,0,10,2,12,,316904,14,0,10,2,12,,316935,14,0,10,1,49,,316946,14,0,10,1,9,,316954,14,0,10,1,9,,316921,14,0,10,2,11,,316905,14,0,10,2,11,,316936,14,0,10,1,9,,316947,14,0,10,1,9,,316955,14,0,10,1,50,,316958,14,0,10,1,8,,316922,14,0,10,2,10,,316906,14,0,10,2,8,,316937,14,0,10,1,7,,316966,14,0,10,2,6,,316948,14,0,10,1,6,,316956,14,0,10,1,47,,316985,14,0,10,1,7,,316959,14,0,10,1,6,,316923,14,0,10,2,6,,317006,14,0,10,2,4,,316907,14,0,10,2,3,,316993,14,0,10,1,4,,316938,14,0,10,1,8,,316967,14,0,10,2,4,,316889,14,0,10,1,3,,316949,14,0,10,1,4,,316957,14,0,10,1,4,,316977,14,0,10,1,4,,316986,14,0,10,1,45,,316960,14,0,10,1,5,,316896,14,0,10,2,6,,316924,14,0,10,2,5,,316939,14,0,10,1,5,,316908,14,0,10,2,9,,316994,14,0,10,1,5,,316968,14,0,10,2,5,,316950,14,0,10,1,5,,316978,14,0,10,1,6,,316897,14,0,10,2,46,,316987,14,0,10,1,6,,316940,14,0,10,1,6,,316961,14,0,10,1,6,,316909,14,0,10,2,6,,316969,14,0,10,2,7,,316995,14,0,10,1,6,,316999,14,0,10,1,7,,316979,14,0,10,1,8,,316988,14,0,10,1,49,,317005,14,0,10,1,9,,316962,14,0,10,1,9,,316970,14,0,10,2,10,,317000,14,0,10,1,11,,316980,14,0,10,1,11,,316989,14,0,10,1,52,,316963,14,0,10,1,11,,316971,14,0,10,2,12,,317001,14,0,10,1,12,,316990,14,0,10,1,11,,316981,14,0,10,1,51,,316964,14,0,10,1,12,,316972,14,0,10,2,11,,317002,14,0,10,1,11,,316991,14,0,10,1,11,,316982,14,0,10,1,10,,316965,14,0,10,1,52,,316973,14,0,10,2,15,,316992,14,0,10,1,14,,316983,14,0,10,1,22,,316974,14,0,10,2,62,,316984,14,0,10,1,20,,316886,14,0,10,1,64,,316975,14,0,10,2,28,,316887,14,0,10,1,70,,316976,14,0,10,2,28,,316888,14,0,10,1
10502,'H50S100F-80-F1',550,,317007,14,0,10,1,69,,317056,14,0,10,2,29,,317008,14,0,10,1,69,,317057,14,0,10,2,16,,317009,14,0,10,1,16,,317023,14,0,10,2,72,,317010,14,0,10,1,27,,317024,14,0,10,2,54,,317011,14,0,10,1,15,,317078,14,0,10,2,29,,317012,14,0,10,1,55,,317079,14,0,10,2,12,,317025,14,0,10,2,12,,317037,14,0,10,2,12,,317013,14,0,10,1,11,,317080,14,0,10,2,11,,317026,14,0,10,2,52,,317038,14,0,10,2,19,,317014,14,0,10,1,17,,317027,14,0,10,2,11,,317039,14,0,10,2,65,,317054,14,0,10,1,23,,317028,14,0,10,2,59,,317015,14,0,10,1,16,,317055,14,0,10,1,16,,317040,14,0,10,2,16,,317029,14,0,10,2,56,,317016,14,0,10,1,12,,317058,14,0,10,2,12,,317041,14,0,10,2,12,,317030,14,0,10,2,12,,317017,14,0,10,1,53,,317059,14,0,10,2,13,,317042,14,0,10,2,12,,317031,14,0,10,2,11,,317018,14,0,10,1,11,,317064,14,0,10,2,50,,317060,14,0,10,2,10,,317043,14,0,10,2,10,,317019,14,0,10,1,11,,317032,14,0,10,2,11,,317061,14,0,10,2,9,,317065,14,0,10,2,50,,317044,14,0,10,2,9,,317033,14,0,10,2,10,,317020,14,0,10,1,10,,317066,14,0,10,2,9,,317062,14,0,10,2,10,,317045,14,0,10,2,50,,317021,14,0,10,1,9,,317034,14,0,10,2,8,,317067,14,0,10,2,7,,317069,14,0,10,1,7,,317063,14,0,10,2,8,,317022,14,0,10,1,8,,317046,14,0,10,2,48,,317068,14,0,10,2,8,,317035,14,0,10,2,11,,317070,14,0,10,1,12,,317081,14,0,10,1,12,,317047,14,0,10,2,12,,317036,14,0,10,2,52,,317071,14,0,10,1,15,,317082,14,0,10,1,14,,317048,14,0,10,2,18,,317072,14,0,10,1,57,,317083,14,0,10,1,16,,317049,14,0,10,2,21,,317073,14,0,10,1,64,,317050,14,0,10,2,24,,317074,14,0,10,1,66,,317051,14,0,10,2,29,,317075,14,0,10,1,70,,317052,14,0,10,2,29,,317076,14,0,10,1,70,,317053,14,0,10,2,30,,317077,14,0,10,1
10502,'H50S200F-80-F2',550,,317084,14,0,10,1,69,,317133,14,0,10,2,29,,317085,14,0,10,1,69,,317134,14,0,10,2,16,,317086,14,0,10,1,16,,317100,14,0,10,2,72,,317087,14,0,10,1,27,,317101,14,0,10,2,54,,317088,14,0,10,1,15,,317155,14,0,10,2,29,,317089,14,0,10,1,55,,317156,14,0,10,2,12,,317102,14,0,10,2,12,,317114,14,0,10,2,12,,317090,14,0,10,1,11,,317157,14,0,10,2,11,,317103,14,0,10,2,52,,317115,14,0,10,2,19,,317091,14,0,10,1,17,,317104,14,0,10,2,11,,317116,14,0,10,2,65,,317131,14,0,10,1,23,,317105,14,0,10,2,59,,317092,14,0,10,1,16,,317132,14,0,10,1,16,,317117,14,0,10,2,16,,317106,14,0,10,2,56,,317093,14,0,10,1,12,,317135,14,0,10,2,12,,317118,14,0,10,2,12,,317107,14,0,10,2,12,,317094,14,0,10,1,53,,317136,14,0,10,2,13,,317119,14,0,10,2,12,,317108,14,0,10,2,11,,317095,14,0,10,1,11,,317141,14,0,10,2,50,,317137,14,0,10,2,10,,317120,14,0,10,2,10,,317096,14,0,10,1,11,,317109,14,0,10,2,11,,317138,14,0,10,2,9,,317142,14,0,10,2,50,,317121,14,0,10,2,9,,317110,14,0,10,2,10,,317097,14,0,10,1,10,,317143,14,0,10,2,9,,317139,14,0,10,2,10,,317122,14,0,10,2,50,,317098,14,0,10,1,9,,317111,14,0,10,2,8,,317144,14,0,10,2,7,,317146,14,0,10,1,7,,317140,14,0,10,2,8,,317099,14,0,10,1,8,,317123,14,0,10,2,48,,317145,14,0,10,2,8,,317112,14,0,10,2,11,,317147,14,0,10,1,12,,317158,14,0,10,1,12,,317124,14,0,10,2,12,,317113,14,0,10,2,52,,317148,14,0,10,1,15,,317159,14,0,10,1,14,,317125,14,0,10,2,18,,317149,14,0,10,1,57,,317160,14,0,10,1,16,,317126,14,0,10,2,21,,317150,14,0,10,1,64,,317127,14,0,10,2,24,,317151,14,0,10,1,66,,317128,14,0,10,2,29,,317152,14,0,10,1,70,,317129,14,0,10,2,29,,317153,14,0,10,1,70,,317130,14,0,10,2,30,,317154,14,0,10,1
10502,'H56S000S-82-S',1635,,317161,14,0,10,1
10502,'H57S000S-80-S',1728,,317162,14,0,10,1
35602,'H56S000A-80-A',2546,,346236,52,0,10,2,58,,346225,52,0,10,1,14,,346232,52,0,10,1,14,,346226,52,0,10,1,14,,346227,52,0,10,2,12,,346231,52,0,10,1,52,,346224,52,0,10,1,13,,346238,52,0,10,1,13,,346230,52,0,10,1,13,,346228,52,0,10,1,53,,346229,52,0,10,1,13,,346234,52,0,10,2,13,,346233,52,0,10,2,13,,346237,52,0,10,2,13,,346235,52,0,10,1
35602,'H56S000I-80-I',2544,,346239,52,0,10,1,88,,346242,52,0,10,1,85,,346241,52,0,10,1,88,,346240,52,0,10,1,41,,346243,52,0,10,2
35602,'H56S000S-82-S',2539,,346244,52,0,10,1,86,,346249,52,0,10,2,85,,346248,52,0,10,1,27,,346246,52,0,10,2,65,,346245,52,0,10,1,25,,346247,52,0,10,2,25,,346250,52,0,10,1
35602,'H56S100F-80-F1',2544,,346251,52,0,10,1,88,,346254,52,0,10,1,85,,346253,52,0,10,1,88,,346252,52,0,10,1,41,,346255,52,0,10,2
35602,'H56S200F-80-F2',2544,,346256,52,0,10,1,88,,346259,52,0,10,1,85,,346258,52,0,10,1,88,,346257,52,0,10,1,41,,346260,52,0,10,2
