10602,'H56S000A-80-A',521,,317567,22,0,10,1,33,,317610,22,0,10,1,74,,317623,22,0,10,1,29,,317544,22,0,10,1,68,,317624,22,0,10,1,28,,317545,22,0,10,1,66,,317547,22,0,10,2,27,,317546,22,0,10,1,63,,317586,22,0,10,1,22,,317611,22,0,10,1,23,,317614,22,0,10,1,61,,317587,22,0,10,1,19,,317612,22,0,10,1,19,,317568,22,0,10,1,59,,317588,22,0,10,1,16,,317608,22,0,10,1,15,,317613,22,0,10,1,16,,317569,22,0,10,1,57,,317589,22,0,10,1,14,,317594,22,0,10,1,12,,317609,22,0,10,1,10,,317563,22,0,10,1,51,,317570,22,0,10,1,11,,317621,22,0,10,1,12,,317590,22,0,10,1,11,,317595,22,0,10,1,9,,317548,22,0,10,1,10,,317564,22,0,10,1,51,,317571,22,0,10,1,11,,317622,22,0,10,1,11,,317591,22,0,10,1,10,,317596,22,0,10,1,9,,317549,22,0,10,1,10,,317565,22,0,10,1,50,,317559,22,0,10,2,11,,317572,22,0,10,1,12,,317592,22,0,10,1,9,,317597,22,0,10,1,9,,317550,22,0,10,1,10,,317566,22,0,10,1,50,,317560,22,0,10,2,7,,317602,22,0,10,1,6,,317573,22,0,10,1,6,,317617,22,0,10,1,7,,317593,22,0,10,1,7,,317598,22,0,10,1,7,,317551,22,0,10,1,7,,317554,22,0,10,1,46,,317603,22,0,10,1,5,,317574,22,0,10,1,8,,317561,22,0,10,2,8,,317576,22,0,10,1,7,,317599,22,0,10,1,7,,317618,22,0,10,1,6,,317555,22,0,10,1,7,,317552,22,0,10,1,7,,317604,22,0,10,1,46,,317562,22,0,10,2,4,,317575,22,0,10,1,6,,317615,22,0,10,2,7,,317577,22,0,10,1,7,,317556,22,0,10,1,7,,317553,22,0,10,1,9,,317619,22,0,10,1,12,,317605,22,0,10,1,54,,317578,22,0,10,1,12,,317616,22,0,10,2,11,,317557,22,0,10,1,11,,317606,22,0,10,1,13,,317620,22,0,10,1,57,,317579,22,0,10,1,18,,317607,22,0,10,1,18,,317625,22,0,10,1,58,,317580,22,0,10,1,15,,317600,22,0,10,1,14,,317626,22,0,10,1,17,,317558,22,0,10,1,58,,317581,22,0,10,1,19,,317627,22,0,10,1,18,,317601,22,0,10,1,60,,317582,22,0,10,1,22,,317631,22,0,10,2,21,,317628,22,0,10,1,64,,317583,22,0,10,1,26,,317629,22,0,10,1,69,,317584,22,0,10,1,30,,317630,22,0,10,1,70,,317585,22,0,10,1
10602,'H56S000I-80-I',525,,317665,22,0,10,1,30,,317694,22,0,10,1,73,,317666,22,0,10,1,31,,317643,22,0,10,1,69,,317667,22,0,10,1,72,,317644,22,0,10,1,31,,317668,22,0,10,1,69,,317645,22,0,10,1,30,,317669,22,0,10,1,74,,317646,22,0,10,1,31,,317670,22,0,10,1,21,,317678,22,0,10,2,59,,317647,22,0,10,1,20,,317635,22,0,10,2,20,,317679,22,0,10,2,58,,317648,22,0,10,1,17,,317671,22,0,10,1,18,,317636,22,0,10,2,57,,317685,22,0,10,2,14,,317649,22,0,10,1,15,,317672,22,0,10,1,13,,317680,22,0,10,2,54,,317637,22,0,10,2,10,,317686,22,0,10,2,11,,317653,22,0,10,1,12,,317650,22,0,10,1,12,,317673,22,0,10,1,12,,317681,22,0,10,2,51,,317638,22,0,10,2,12,,317687,22,0,10,2,11,,317654,22,0,10,1,10,,317651,22,0,10,1,10,,317674,22,0,10,1,50,,317682,22,0,10,2,10,,317639,22,0,10,2,10,,317688,22,0,10,2,10,,317655,22,0,10,1,11,,317652,22,0,10,1,8,,317690,22,0,10,2,50,,317675,22,0,10,1,10,,317640,22,0,10,2,8,,317683,22,0,10,2,8,,317689,22,0,10,2,9,,317656,22,0,10,1,9,,317676,22,0,10,1,8,,317691,22,0,10,2,49,,317684,22,0,10,2,9,,317641,22,0,10,2,9,,317698,22,0,10,1,11,,317677,22,0,10,1,13,,317657,22,0,10,1,13,,317642,22,0,10,2,56,,317692,22,0,10,2,16,,317699,22,0,10,1,14,,317658,22,0,10,1,15,,317693,22,0,10,2,56,,317632,22,0,10,1,18,,317700,22,0,10,2,18,,317659,22,0,10,1,61,,317633,22,0,10,1,22,,317660,22,0,10,1,21,,317701,22,0,10,2,61,,317634,22,0,10,1,22,,317661,22,0,10,1,65,,317702,22,0,10,2,27,,317662,22,0,10,1,26,,317695,22,0,10,1,68,,317663,22,0,10,1,28,,317696,22,0,10,1,67,,317664,22,0,10,1,28,,317697,22,0,10,1
10602,'H56S000S-82-S',537,,317711,22,0,10,1,64,,317788,22,0,10,1,28,,317712,22,0,10,1,28,,317789,22,0,10,1,70,,317713,22,0,10,1,23,,317801,22,0,10,2,59,,317728,22,0,10,2,21,,317729,22,0,10,1,10,,317708,22,0,10,1,61,,317706,22,0,10,1,12,,317783,22,0,10,1,18,,317730,22,0,10,1,20,,317705,22,0,10,2,59,,317707,22,0,10,1,16,,317784,22,0,10,1,17,,317731,22,0,10,1,57,,317722,22,0,10,2,19,,317785,22,0,10,1,10,,317716,22,0,10,2,11,,317732,22,0,10,1,18,,317723,22,0,10,2,57,,317745,22,0,10,1,15,,317717,22,0,10,2,14,,317733,22,0,10,1,12,,317791,22,0,10,1,51,,317724,22,0,10,2,11,,317746,22,0,10,1,11,,317718,22,0,10,2,12,,317734,22,0,10,1,11,,317792,22,0,10,1,52,,317725,22,0,10,2,12,,317747,22,0,10,1,11,,317719,22,0,10,2,10,,317735,22,0,10,1,8,,317806,22,0,10,2,9,,317793,22,0,10,1,50,,317726,22,0,10,2,11,,317748,22,0,10,1,10,,317720,22,0,10,2,10,,317757,22,0,10,2,8,,317736,22,0,10,1,8,,317790,22,0,10,1,6,,317794,22,0,10,1,46,,317749,22,0,10,1,5,,317768,22,0,10,2,5,,317715,22,0,10,2,5,,317727,22,0,10,2,6,,317797,22,0,10,1,6,,317721,22,0,10,2,6,,317755,22,0,10,2,6,,317714,22,0,10,1,4,,317772,22,0,10,2,5,,317758,22,0,10,2,5,,317774,22,0,10,2,45,,317787,22,0,10,2,5,,317737,22,0,10,1,5,,317795,22,0,10,1,5,,317802,22,0,10,2,5,,317769,22,0,10,2,6,,317781,22,0,10,2,7,,317773,22,0,10,2,5,,317756,22,0,10,2,5,,317775,22,0,10,2,4,,317750,22,0,10,2,5,,317799,22,0,10,2,3,,317759,22,0,10,2,45,,317796,22,0,10,1,5,,317803,22,0,10,2,5,,317738,22,0,10,1,6,,317782,22,0,10,2,6,,317770,22,0,10,2,6,,317777,22,0,10,2,6,,317751,22,0,10,2,6,,317800,22,0,10,2,6,,317776,22,0,10,2,3,,317760,22,0,10,1,5,,317739,22,0,10,1,46,,317804,22,0,10,2,7,,317771,22,0,10,2,8,,317752,22,0,10,2,7,,317778,22,0,10,2,8,,317761,22,0,10,1,9,,317805,22,0,10,2,8,,317740,22,0,10,1,9,,317753,22,0,10,2,53,,317762,22,0,10,1,12,,317779,22,0,10,2,14,,317754,22,0,10,2,13,,317741,22,0,10,1,52,,317780,22,0,10,2,13,,317763,22,0,10,1,14,,317703,22,0,10,1,14,,317742,22,0,10,1,13,,317807,22,0,10,2,52,,317704,22,0,10,1,13,,317764,22,0,10,1,16,,317808,22,0,10,2,19,,317743,22,0,10,1,63,,317765,22,0,10,1,22,,317744,22,0,10,1,60,,317798,22,0,10,2,22,,317766,22,0,10,1,22,,317786,22,0,10,2,58,,317709,22,0,10,1,19,,317767,22,0,10,1,24,,317710,22,0,10,1
10602,'H56S100F-80-F1',525,,317842,22,0,10,1,30,,317871,22,0,10,1,73,,317843,22,0,10,1,31,,317820,22,0,10,1,69,,317844,22,0,10,1,72,,317821,22,0,10,1,31,,317845,22,0,10,1,69,,317822,22,0,10,1,30,,317846,22,0,10,1,74,,317823,22,0,10,1,31,,317847,22,0,10,1,21,,317855,22,0,10,2,59,,317824,22,0,10,1,20,,317812,22,0,10,2,20,,317856,22,0,10,2,58,,317825,22,0,10,1,17,,317848,22,0,10,1,18,,317813,22,0,10,2,57,,317862,22,0,10,2,14,,317826,22,0,10,1,15,,317849,22,0,10,1,13,,317857,22,0,10,2,54,,317814,22,0,10,2,10,,317863,22,0,10,2,11,,317830,22,0,10,1,12,,317827,22,0,10,1,12,,317850,22,0,10,1,12,,317858,22,0,10,2,51,,317815,22,0,10,2,12,,317864,22,0,10,2,11,,317831,22,0,10,1,10,,317828,22,0,10,1,10,,317851,22,0,10,1,50,,317859,22,0,10,2,10,,317816,22,0,10,2,10,,317865,22,0,10,2,10,,317832,22,0,10,1,11,,317829,22,0,10,1,8,,317867,22,0,10,2,50,,317852,22,0,10,1,10,,317817,22,0,10,2,8,,317860,22,0,10,2,8,,317866,22,0,10,2,9,,317833,22,0,10,1,9,,317853,22,0,10,1,8,,317868,22,0,10,2,49,,317861,22,0,10,2,9,,317818,22,0,10,2,9,,317875,22,0,10,1,11,,317854,22,0,10,1,13,,317834,22,0,10,1,13,,317819,22,0,10,2,56,,317869,22,0,10,2,16,,317876,22,0,10,1,14,,317835,22,0,10,1,15,,317870,22,0,10,2,56,,317809,22,0,10,1,18,,317877,22,0,10,2,18,,317836,22,0,10,1,61,,317810,22,0,10,1,22,,317837,22,0,10,1,21,,317878,22,0,10,2,61,,317811,22,0,10,1,22,,317838,22,0,10,1,65,,317879,22,0,10,2,27,,317839,22,0,10,1,26,,317872,22,0,10,1,68,,317840,22,0,10,1,28,,317873,22,0,10,1,67,,317841,22,0,10,1,28,,317874,22,0,10,1
10602,'H56S200F-80-F2',525,,317913,22,0,10,1,30,,317942,22,0,10,1,73,,317914,22,0,10,1,31,,317891,22,0,10,1,69,,317915,22,0,10,1,72,,317892,22,0,10,1,31,,317916,22,0,10,1,69,,317893,22,0,10,1,30,,317917,22,0,10,1,74,,317894,22,0,10,1,31,,317918,22,0,10,1,21,,317926,22,0,10,2,59,,317895,22,0,10,1,20,,317883,22,0,10,2,20,,317927,22,0,10,2,58,,317896,22,0,10,1,17,,317919,22,0,10,1,18,,317884,22,0,10,2,57,,317933,22,0,10,2,14,,317897,22,0,10,1,15,,317920,22,0,10,1,13,,317928,22,0,10,2,54,,317885,22,0,10,2,10,,317934,22,0,10,2,11,,317901,22,0,10,1,12,,317898,22,0,10,1,12,,317921,22,0,10,1,12,,317929,22,0,10,2,51,,317886,22,0,10,2,12,,317935,22,0,10,2,11,,317902,22,0,10,1,10,,317899,22,0,10,1,10,,317922,22,0,10,1,50,,317930,22,0,10,2,10,,317887,22,0,10,2,10,,317936,22,0,10,2,10,,317903,22,0,10,1,11,,317900,22,0,10,1,8,,317938,22,0,10,2,50,,317923,22,0,10,1,10,,317888,22,0,10,2,8,,317931,22,0,10,2,8,,317937,22,0,10,2,9,,317904,22,0,10,1,9,,317924,22,0,10,1,8,,317939,22,0,10,2,49,,317932,22,0,10,2,9,,317889,22,0,10,2,9,,317946,22,0,10,1,11,,317925,22,0,10,1,13,,317905,22,0,10,1,13,,317890,22,0,10,2,56,,317940,22,0,10,2,16,,317947,22,0,10,1,14,,317906,22,0,10,1,15,,317941,22,0,10,2,56,,317880,22,0,10,1,18,,317948,22,0,10,2,18,,317907,22,0,10,1,61,,317881,22,0,10,1,22,,317908,22,0,10,1,21,,317949,22,0,10,2,61,,317882,22,0,10,1,22,,317909,22,0,10,1,65,,317950,22,0,10,2,27,,317910,22,0,10,1,26,,317943,22,0,10,1,68,,317911,22,0,10,1,28,,317944,22,0,10,1,67,,317912,22,0,10,1,28,,317945,22,0,10,1
11002,'H56S000A-80-A',612,,318996,36,0,10,1,31,,319001,36,0,10,1,71,,319005,36,0,10,1,29,,319032,36,0,10,1,70,,318997,36,0,10,1,30,,319002,36,0,10,1,75,,319006,36,0,10,1,32,,319033,36,0,10,1,71,,318998,36,0,10,1,31,,319003,36,0,10,1,71,,318995,36,0,10,1,31,,319004,36,0,10,1,73,,319011,36,0,10,1,32,,319018,36,0,10,1,75,,319026,36,0,10,1,73,,319023,36,0,10,1,33,,319007,36,0,10,1,69,,319012,36,0,10,1,29,,319019,36,0,10,1,70,,319027,36,0,10,1,29,,319024,36,0,10,1,68,,319008,36,0,10,1,25,,319013,36,0,10,1,29,,319020,36,0,10,1,67,,319028,36,0,10,1,26,,319025,36,0,10,1,70,,319009,36,0,10,1,33,,319014,36,0,10,1,70,,319021,36,0,10,1,33,,319029,36,0,10,1,72,,319010,36,0,10,1,28,,319015,36,0,10,1,71,,319022,36,0,10,1,28,,318994,36,0,10,1,67,,319034,36,0,10,1,26,,319016,36,0,10,1,67,,319030,36,0,10,1,28,,318999,36,0,10,1,69,,319035,36,0,10,1,27,,319017,36,0,10,1,66,,319031,36,0,10,1,28,,319000,36,0,10,1
11002,'H56S000I-80-I',642,,319040,36,0,10,1,69,,319071,36,0,10,1,32,,319073,36,0,10,1,70,,319047,36,0,10,1,30,,319041,36,0,10,1,72,,319072,36,0,10,1,35,,319074,36,0,10,1,71,,319048,36,0,10,1,31,,319042,36,0,10,1,71,,319046,36,0,10,1,30,,319075,36,0,10,1,71,,319045,36,0,10,1,31,,319068,36,0,10,1,75,,319065,36,0,10,1,73,,319049,36,0,10,1,32,,319055,36,0,10,1,72,,319063,36,0,10,1,29,,319069,36,0,10,1,68,,319066,36,0,10,1,29,,319050,36,0,10,1,69,,319056,36,0,10,1,28,,319064,36,0,10,1,28,,319070,36,0,10,1,68,,319067,36,0,10,1,31,,319051,36,0,10,1,69,,319057,36,0,10,1,31,,319043,36,0,10,1,70,,319036,36,0,10,1,32,,319052,36,0,10,1,70,,319058,36,0,10,1,29,,319044,36,0,10,1,69,,319037,36,0,10,1,29,,319053,36,0,10,1,68,,319059,36,0,10,1,27,,319061,36,0,10,1,67,,319038,36,0,10,1,28,,319054,36,0,10,1,68,,319060,36,0,10,1,27,,319062,36,0,10,1,66,,319039,36,0,10,1
11002,'H56S000S-82-S',555,,319076,36,0,10,1,71,,319085,36,0,10,1,76,,319112,36,0,10,1,19,,319094,36,0,10,1,30,,319102,36,0,10,1,71,,319077,36,0,10,1,29,,319086,36,0,10,1,73,,319106,36,0,10,1,30,,319095,36,0,10,1,70,,319103,36,0,10,1,34,,319078,36,0,10,1,71,,319087,36,0,10,1,71,,319107,36,0,10,1,33,,319096,36,0,10,1,69,,319104,36,0,10,1,29,,319079,36,0,10,1,69,,319088,36,0,10,1,30,,319100,36,0,10,1,76,,319097,36,0,10,1,30,,319105,36,0,10,1,72,,319080,36,0,10,1,31,,319089,36,0,10,1,66,,319101,36,0,10,1,24,,319110,36,0,10,1,25,,319098,36,0,10,1,54,,319111,36,0,10,1,14,,319108,36,0,10,1,28,,319081,36,0,10,1,69,,319090,36,0,10,1,29,,319113,36,0,10,1,67,,319099,36,0,10,1,27,,319109,36,0,10,1,67,,319082,36,0,10,1,26,,319091,36,0,10,1,68,,319114,36,0,10,1,31,,319117,36,0,10,1,72,,319083,36,0,10,1,33,,319092,36,0,10,1,71,,319115,36,0,10,1,30,,319118,36,0,10,1,68,,319084,36,0,10,1,27,,319093,36,0,10,1,65,,319116,36,0,10,1
11002,'H56S100F-80-F1',642,,319123,36,0,10,1,69,,319154,36,0,10,1,32,,319156,36,0,10,1,70,,319130,36,0,10,1,30,,319124,36,0,10,1,72,,319155,36,0,10,1,35,,319157,36,0,10,1,71,,319131,36,0,10,1,31,,319125,36,0,10,1,71,,319129,36,0,10,1,30,,319158,36,0,10,1,71,,319128,36,0,10,1,31,,319151,36,0,10,1,75,,319148,36,0,10,1,73,,319132,36,0,10,1,32,,319138,36,0,10,1,72,,319146,36,0,10,1,29,,319152,36,0,10,1,68,,319149,36,0,10,1,29,,319133,36,0,10,1,69,,319139,36,0,10,1,28,,319147,36,0,10,1,28,,319153,36,0,10,1,68,,319150,36,0,10,1,31,,319134,36,0,10,1,69,,319140,36,0,10,1,31,,319126,36,0,10,1,70,,319119,36,0,10,1,32,,319135,36,0,10,1,70,,319141,36,0,10,1,29,,319127,36,0,10,1,69,,319120,36,0,10,1,29,,319136,36,0,10,1,68,,319142,36,0,10,1,27,,319144,36,0,10,1,67,,319121,36,0,10,1,28,,319137,36,0,10,1,68,,319143,36,0,10,1,27,,319145,36,0,10,1,66,,319122,36,0,10,1
11002,'H56S200F-80-F2',642,,319163,36,0,10,1,69,,319194,36,0,10,1,32,,319196,36,0,10,1,70,,319170,36,0,10,1,30,,319164,36,0,10,1,72,,319195,36,0,10,1,35,,319197,36,0,10,1,71,,319171,36,0,10,1,31,,319165,36,0,10,1,71,,319169,36,0,10,1,30,,319198,36,0,10,1,71,,319168,36,0,10,1,31,,319191,36,0,10,1,75,,319188,36,0,10,1,73,,319172,36,0,10,1,32,,319178,36,0,10,1,72,,319186,36,0,10,1,29,,319192,36,0,10,1,68,,319189,36,0,10,1,29,,319173,36,0,10,1,69,,319179,36,0,10,1,28,,319187,36,0,10,1,28,,319193,36,0,10,1,68,,319190,36,0,10,1,31,,319174,36,0,10,1,69,,319180,36,0,10,1,31,,319166,36,0,10,1,70,,319159,36,0,10,1,32,,319175,36,0,10,1,70,,319181,36,0,10,1,29,,319167,36,0,10,1,69,,319160,36,0,10,1,29,,319176,36,0,10,1,68,,319182,36,0,10,1,27,,319184,36,0,10,1,67,,319161,36,0,10,1,28,,319177,36,0,10,1,68,,319183,36,0,10,1,27,,319185,36,0,10,1,66,,319162,36,0,10,1
35002,'H56S000A-80-A',2628,,345988,105,0,10,1,81,,345997,105,0,10,1,27,,346000,105,0,10,1,17,,346002,105,0,10,2,51,,345995,105,0,10,1,10,,345994,105,0,10,2,10,,345992,105,0,10,1,10,,345993,105,0,10,1,10,,345989,105,0,10,1,10,,345990,105,0,10,2,51,,345999,105,0,10,2,10,,345996,105,0,10,1,10,,345998,105,0,10,1,10,,345991,105,0,10,1,14,,346001,105,0,10,1
35002,'H56S000I-80-I',2618,,346008,105,0,10,1,28,,346003,105,0,10,1,66,,346005,105,0,10,1,27,,346010,105,0,10,2,67,,346007,105,0,10,1,26,,346009,105,0,10,1,26,,346004,105,0,10,2,66,,346006,105,0,10,1
35002,'H56S000S-82-S',2622,,346012,105,0,10,1,85,,346016,105,0,10,2,94,,346015,105,0,10,1,44,,346013,105,0,10,1,69,,346014,105,0,10,1,15,,346011,105,0,10,1
35002,'H56S100F-80-F1',2618,,346022,105,0,10,1,28,,346017,105,0,10,1,66,,346019,105,0,10,1,27,,346024,105,0,10,2,67,,346021,105,0,10,1,26,,346023,105,0,10,1,26,,346018,105,0,10,2,66,,346020,105,0,10,1
35002,'H56S200F-80-F2',2618,,346030,105,0,10,1,28,,346025,105,0,10,1,66,,346027,105,0,10,1,27,,346032,105,0,10,2,67,,346029,105,0,10,1,26,,346031,105,0,10,1,26,,346026,105,0,10,2,66,,346028,105,0,10,1
