8502,'H59S000A-80-A',516,,310788,33,0,10,1,41,,310795,33,0,10,1,79,,310796,33,0,10,1,80,,310789,33,0,10,1,84,,310807,33,0,10,2,42,,310797,33,0,10,1,81,,310790,33,0,10,1,82,,310808,33,0,10,2,42,,310798,33,0,10,1,81,,310791,33,0,10,1,83,,310809,33,0,10,2,43,,310799,33,0,10,1,83,,310792,33,0,10,1,73,,310810,33,0,10,2,33,,310802,33,0,10,1,74,,310800,33,0,10,1,34,,310793,33,0,10,1,74,,310811,33,0,10,2,32,,310803,33,0,10,1,74,,310801,33,0,10,1,73,,310794,33,0,10,1,32,,310812,33,0,10,2,83,,310804,33,0,10,1,81,,310816,33,0,10,1,43,,310813,33,0,10,2,85,,310805,33,0,10,1,85,,310817,33,0,10,1,45,,310814,33,0,10,2,84,,310806,33,0,10,1,85,,310818,33,0,10,1,85,,310815,33,0,10,2
8502,'H59S000I-81-I',528,,310819,33,0,10,1,83,,310823,33,0,10,2,45,,310830,33,0,10,1,85,,310842,33,0,10,1,84,,310824,33,0,10,2,83,,310831,33,0,10,1,43,,310843,33,0,10,1,82,,310825,33,0,10,2,81,,310832,33,0,10,1,40,,310844,33,0,10,1,81,,310826,33,0,10,2,81,,310833,33,0,10,1,33,,310848,33,0,10,2,72,,310845,33,0,10,1,33,,310827,33,0,10,2,72,,310834,33,0,10,1,32,,310849,33,0,10,2,72,,310846,33,0,10,1,29,,310828,33,0,10,2,72,,310835,33,0,10,1,72,,310850,33,0,10,2,32,,310847,33,0,10,1,72,,310829,33,0,10,2,33,,310836,33,0,10,1,78,,310820,33,0,10,1,39,,310839,33,0,10,1,81,,310837,33,0,10,1,79,,310821,33,0,10,1,83,,310840,33,0,10,1,43,,310838,33,0,10,1,83,,310822,33,0,10,1,83,,310841,33,0,10,1
8502,'H59S000S-80-S',517,,310851,33,0,10,1,34,,310854,33,0,10,2,71,,310864,33,0,10,2,26,,310856,33,0,10,1,63,,310869,33,0,10,2,23,,310871,33,0,10,2,20,,310886,33,0,10,1,59,,310855,33,0,10,2,17,,310888,33,0,10,1,20,,310865,33,0,10,2,66,,310857,33,0,10,1,28,,310870,33,0,10,2,69,,310887,33,0,10,1,28,,310889,33,0,10,1,68,,310866,33,0,10,2,33,,310858,33,0,10,1,73,,310875,33,0,10,2,33,,310872,33,0,10,1,73,,310867,33,0,10,2,30,,310879,33,0,10,2,70,,310859,33,0,10,1,33,,310876,33,0,10,2,72,,310873,33,0,10,1,30,,310868,33,0,10,2,74,,310880,33,0,10,2,75,,310860,33,0,10,1,30,,310877,33,0,10,2,72,,310874,33,0,10,1,32,,310884,33,0,10,1,72,,310881,33,0,10,2,33,,310861,33,0,10,1,73,,310878,33,0,10,2,33,,310885,33,0,10,1,77,,310882,33,0,10,2,83,,310862,33,0,10,1,44,,310852,33,0,10,1,84,,310883,33,0,10,2,72,,310863,33,0,10,1,48,,310853,33,0,10,1
8502,'H59S100F-80-F1',528,,310890,33,0,10,1,83,,310891,33,0,10,2,45,,310898,33,0,10,1,85,,310910,33,0,10,1,84,,310892,33,0,10,2,83,,310899,33,0,10,1,43,,310911,33,0,10,1,82,,310893,33,0,10,2,81,,310900,33,0,10,1,40,,310912,33,0,10,1,81,,310894,33,0,10,2,81,,310901,33,0,10,1,33,,310919,33,0,10,2,72,,310913,33,0,10,1,33,,310895,33,0,10,2,72,,310902,33,0,10,1,32,,310920,33,0,10,2,72,,310914,33,0,10,1,29,,310896,33,0,10,2,72,,310903,33,0,10,1,72,,310921,33,0,10,2,32,,310915,33,0,10,1,72,,310897,33,0,10,2,33,,310904,33,0,10,1,78,,310916,33,0,10,1,39,,310907,33,0,10,1,81,,310905,33,0,10,1,79,,310917,33,0,10,1,83,,310908,33,0,10,1,43,,310906,33,0,10,1,83,,310918,33,0,10,1,83,,310909,33,0,10,1
8502,'H59S200F-80-F2',528,,310922,33,0,10,1,83,,310923,33,0,10,2,45,,310930,33,0,10,1,85,,310942,33,0,10,1,84,,310924,33,0,10,2,83,,310931,33,0,10,1,43,,310943,33,0,10,1,82,,310925,33,0,10,2,81,,310932,33,0,10,1,40,,310944,33,0,10,1,81,,310926,33,0,10,2,81,,310933,33,0,10,1,33,,310951,33,0,10,2,72,,310945,33,0,10,1,33,,310927,33,0,10,2,72,,310934,33,0,10,1,32,,310952,33,0,10,2,72,,310946,33,0,10,1,29,,310928,33,0,10,2,72,,310935,33,0,10,1,72,,310953,33,0,10,2,32,,310947,33,0,10,1,72,,310929,33,0,10,2,33,,310936,33,0,10,1,78,,310948,33,0,10,1,39,,310939,33,0,10,1,81,,310937,33,0,10,1,79,,310949,33,0,10,1,83,,310940,33,0,10,1,43,,310938,33,0,10,1,83,,310950,33,0,10,1,83,,310941,33,0,10,1
36202,'H54S000A-80-A',2620,,346682,82,0,10,2,88,,346684,82,0,10,1,45,,346681,82,0,10,1,85,,346680,82,0,10,1,82,,346683,82,0,10,1
36202,'H54S000I-80-I',2620,,346688,82,0,10,2,85,,346686,82,0,10,1,45,,346687,82,0,10,2,88,,346685,82,0,10,1,85,,346689,82,0,10,2
36202,'H54S000S-80-S',2620,,346691,82,0,10,2,85,,346694,82,0,10,1,45,,346693,82,0,10,1,88,,346690,82,0,10,1,85,,346692,82,0,10,1
36202,'H54S100F-80-F1',2620,,346698,82,0,10,2,85,,346696,82,0,10,1,45,,346697,82,0,10,2,88,,346695,82,0,10,1,85,,346699,82,0,10,2
36202,'H54S200F-80-F2',2620,,346703,82,0,10,2,85,,346701,82,0,10,1,45,,346702,82,0,10,2,88,,346700,82,0,10,1,85,,346704,82,0,10,2
