4403,'H54S000A-80-A',524,,298137,1,0,8,1,31,,298097,1,0,8,2,71,,298143,1,0,8,1,32,,298138,1,0,8,1,73,,298098,1,0,8,2,71,,298144,1,0,8,1,15,,298139,1,0,8,1,15,,298119,1,0,8,1,27,,298099,1,0,8,2,61,,298145,1,0,8,1,20,,298140,1,0,8,1,60,,298120,1,0,8,1,20,,298100,1,0,8,2,20,,298146,1,0,8,1,61,,298141,1,0,8,1,21,,298131,1,0,8,2,21,,298101,1,0,8,2,61,,298110,1,0,8,2,20,,298142,1,0,8,1,18,,298121,1,0,8,1,58,,298132,1,0,8,2,17,,298102,1,0,8,2,16,,298111,1,0,8,2,16,,298094,1,0,8,1,56,,298122,1,0,8,1,14,,298149,1,0,8,1,14,,298133,1,0,8,2,15,,298103,1,0,8,2,55,,298112,1,0,8,2,14,,298095,1,0,8,1,14,,298123,1,0,8,1,14,,298150,1,0,8,1,10,,298134,1,0,8,2,50,,298147,1,0,8,1,11,,298104,1,0,8,2,11,,298113,1,0,8,2,12,,298092,1,0,8,1,11,,298096,1,0,8,1,53,,298124,1,0,8,1,13,,298135,1,0,8,2,12,,298148,1,0,8,1,11,,298105,1,0,8,2,13,,298114,1,0,8,2,55,,298093,1,0,8,1,16,,298125,1,0,8,1,16,,298136,1,0,8,2,16,,298106,1,0,8,2,64,,298115,1,0,8,2,27,,298126,1,0,8,1,67,,298107,1,0,8,2,27,,298116,1,0,8,2,67,,298127,1,0,8,1,27,,298108,1,0,8,2,68,,298117,1,0,8,2,28,,298128,1,0,8,1,28,,298089,1,0,8,1,72,,298109,1,0,8,2,71,,298118,1,0,8,2,31,,298129,1,0,8,1,71,,298090,1,0,8,1,31,,298130,1,0,8,1,69,,298091,1,0,8,1
4403,'H54S000I-80-I',523,,298165,1,0,8,2,33,,298201,1,0,8,1,73,,298166,1,0,8,2,72,,298174,1,0,8,1,32,,298154,1,0,8,1,72,,298167,1,0,8,2,29,,298175,1,0,8,1,69,,298155,1,0,8,1,25,,298168,1,0,8,2,22,,298176,1,0,8,1,61,,298164,1,0,8,1,21,,298156,1,0,8,1,25,,298169,1,0,8,2,66,,298177,1,0,8,1,25,,298157,1,0,8,1,60,,298160,1,0,8,1,19,,298170,1,0,8,2,20,,298178,1,0,8,1,60,,298158,1,0,8,1,18,,298184,1,0,8,1,20,,298161,1,0,8,1,60,,298179,1,0,8,1,15,,298192,1,0,8,2,15,,298159,1,0,8,1,15,,298185,1,0,8,1,55,,298171,1,0,8,2,15,,298162,1,0,8,1,14,,298180,1,0,8,1,14,,298151,1,0,8,2,55,,298193,1,0,8,2,15,,298186,1,0,8,1,14,,298172,1,0,8,2,13,,298181,1,0,8,1,12,,298163,1,0,8,1,53,,298152,1,0,8,2,15,,298194,1,0,8,2,15,,298187,1,0,8,1,15,,298173,1,0,8,2,55,,298182,1,0,8,1,16,,298153,1,0,8,2,16,,298202,1,0,8,1,61,,298188,1,0,8,1,21,,298183,1,0,8,1,21,,298195,1,0,8,2,73,,298189,1,0,8,1,33,,298196,1,0,8,2,73,,298190,1,0,8,1,33,,298197,1,0,8,2,73,,298191,1,0,8,1,29,,298203,1,0,8,1,73,,298198,1,0,8,2,73,,298204,1,0,8,1,32,,298199,1,0,8,2,72,,298205,1,0,8,1,32,,298200,1,0,8,2
4403,'H54S000S-80-S',525,,298219,1,0,8,2,15,,298221,1,0,8,2,15,,298243,1,0,8,2,56,,298279,1,0,8,1,20,,298222,1,0,8,1,20,,298220,1,0,8,2,60,,298244,1,0,8,1,39,,298231,1,0,8,2,59,,298223,1,0,8,1,18,,298230,1,0,8,2,19,,298211,1,0,8,1,59,,298232,1,0,8,1,19,,298248,1,0,8,2,22,,298224,1,0,8,1,62,,298212,1,0,8,1,21,,298233,1,0,8,1,21,,298249,1,0,8,2,61,,298225,1,0,8,1,15,,298239,1,0,8,2,14,,298213,1,0,8,1,14,,298234,1,0,8,1,60,,298250,1,0,8,2,20,,298226,1,0,8,1,17,,298276,1,0,8,1,56,,298240,1,0,8,2,16,,298235,1,0,8,1,15,,298210,1,0,8,1,14,,298251,1,0,8,2,52,,298227,1,0,8,1,11,,298245,1,0,8,2,12,,298277,1,0,8,1,12,,298241,1,0,8,2,11,,298206,1,0,8,1,50,,298236,1,0,8,1,12,,298228,1,0,8,1,10,,298252,1,0,8,2,9,,298214,1,0,8,1,10,,298217,1,0,8,1,9,,298246,1,0,8,2,6,,298278,1,0,8,1,46,,298272,1,0,8,2,9,,298242,1,0,8,2,10,,298275,1,0,8,2,8,,298237,1,0,8,1,8,,298257,1,0,8,2,8,,298229,1,0,8,1,8,,298253,1,0,8,1,50,,298215,1,0,8,1,10,,298218,1,0,8,1,8,,298260,1,0,8,1,8,,298247,1,0,8,2,9,,298207,1,0,8,2,10,,298258,1,0,8,2,52,,298238,1,0,8,1,12,,298216,1,0,8,1,12,,298208,1,0,8,2,12,,298254,1,0,8,1,16,,298261,1,0,8,1,56,,298259,1,0,8,2,17,,298264,1,0,8,2,25,,298255,1,0,8,1,65,,298262,1,0,8,1,25,,298265,1,0,8,2,64,,298256,1,0,8,1,23,,298269,1,0,8,1,24,,298263,1,0,8,1,65,,298266,1,0,8,2,26,,298270,1,0,8,1,70,,298273,1,0,8,2,29,,298267,1,0,8,2,68,,298271,1,0,8,1,30,,298274,1,0,8,2,70,,298268,1,0,8,2,33,,298209,1,0,8,1
4403,'H54S100F-80-F1',523,,298294,1,0,8,2,33,,298330,1,0,8,1,73,,298295,1,0,8,2,72,,298303,1,0,8,1,32,,298283,1,0,8,1,72,,298296,1,0,8,2,29,,298304,1,0,8,1,69,,298284,1,0,8,1,25,,298297,1,0,8,2,22,,298305,1,0,8,1,61,,298293,1,0,8,1,21,,298285,1,0,8,1,25,,298298,1,0,8,2,66,,298306,1,0,8,1,25,,298286,1,0,8,1,60,,298289,1,0,8,1,19,,298299,1,0,8,2,20,,298307,1,0,8,1,60,,298287,1,0,8,1,18,,298313,1,0,8,1,20,,298290,1,0,8,1,60,,298308,1,0,8,1,15,,298321,1,0,8,2,15,,298288,1,0,8,1,15,,298314,1,0,8,1,55,,298300,1,0,8,2,15,,298291,1,0,8,1,14,,298309,1,0,8,1,14,,298280,1,0,8,2,55,,298322,1,0,8,2,15,,298315,1,0,8,1,14,,298301,1,0,8,2,13,,298310,1,0,8,1,12,,298292,1,0,8,1,53,,298281,1,0,8,2,15,,298323,1,0,8,2,15,,298316,1,0,8,1,15,,298302,1,0,8,2,55,,298311,1,0,8,1,16,,298282,1,0,8,2,16,,298331,1,0,8,1,61,,298317,1,0,8,1,21,,298312,1,0,8,1,21,,298324,1,0,8,2,73,,298318,1,0,8,1,33,,298325,1,0,8,2,73,,298319,1,0,8,1,33,,298326,1,0,8,2,73,,298320,1,0,8,1,29,,298332,1,0,8,1,73,,298327,1,0,8,2,73,,298333,1,0,8,1,32,,298328,1,0,8,2,72,,298334,1,0,8,1,32,,298329,1,0,8,2
4403,'H54S200F-80-F2',523,,298349,1,0,8,2,33,,298385,1,0,8,1,73,,298350,1,0,8,2,72,,298358,1,0,8,1,32,,298338,1,0,8,1,72,,298351,1,0,8,2,29,,298359,1,0,8,1,69,,298339,1,0,8,1,25,,298352,1,0,8,2,22,,298360,1,0,8,1,61,,298348,1,0,8,1,21,,298340,1,0,8,1,25,,298353,1,0,8,2,66,,298361,1,0,8,1,25,,298341,1,0,8,1,60,,298344,1,0,8,1,19,,298354,1,0,8,2,20,,298362,1,0,8,1,60,,298342,1,0,8,1,18,,298368,1,0,8,1,20,,298345,1,0,8,1,60,,298363,1,0,8,1,15,,298376,1,0,8,2,15,,298343,1,0,8,1,15,,298369,1,0,8,1,55,,298355,1,0,8,2,15,,298346,1,0,8,1,14,,298364,1,0,8,1,14,,298335,1,0,8,2,55,,298377,1,0,8,2,15,,298370,1,0,8,1,14,,298356,1,0,8,2,13,,298365,1,0,8,1,12,,298347,1,0,8,1,53,,298336,1,0,8,2,15,,298378,1,0,8,2,15,,298371,1,0,8,1,15,,298357,1,0,8,2,55,,298366,1,0,8,1,16,,298337,1,0,8,2,16,,298386,1,0,8,1,61,,298372,1,0,8,1,21,,298367,1,0,8,1,21,,298379,1,0,8,2,73,,298373,1,0,8,1,33,,298380,1,0,8,2,73,,298374,1,0,8,1,33,,298381,1,0,8,2,73,,298375,1,0,8,1,29,,298387,1,0,8,1,73,,298382,1,0,8,2,73,,298388,1,0,8,1,32,,298383,1,0,8,2,72,,298389,1,0,8,1,32,,298384,1,0,8,2
4403,'H58S000S-83-S',730,,298390,1,0,8,2
4404,'H51S000S-81-S',737,,298391,37,4,,2,18,,298392,37,4,,2
4404,'H54S000A-80-A',521,,298442,37,4,,1,31,,298401,37,4,,2,70,,298449,37,4,,1,30,,298443,37,4,,1,68,,298402,37,4,,2,24,,298450,37,4,,1,61,,298444,37,4,,1,23,,298423,37,4,,1,23,,298403,37,4,,2,63,,298451,37,4,,1,22,,298445,37,4,,1,20,,298424,37,4,,1,60,,298404,37,4,,2,19,,298452,37,4,,1,18,,298446,37,4,,1,55,,298436,37,4,,2,15,,298425,37,4,,1,14,,298405,37,4,,2,14,,298395,37,4,,1,55,,298453,37,4,,1,13,,298447,37,4,,1,12,,298426,37,4,,1,12,,298397,37,4,,2,13,,298437,37,4,,2,54,,298406,37,4,,2,13,,298415,37,4,,2,13,,298398,37,4,,1,13,,298448,37,4,,1,52,,298427,37,4,,1,12,,298455,37,4,,1,13,,298438,37,4,,2,14,,298407,37,4,,2,15,,298416,37,4,,2,55,,298399,37,4,,1,14,,298428,37,4,,1,15,,298456,37,4,,1,12,,298439,37,4,,2,54,,298408,37,4,,2,17,,298417,37,4,,2,17,,298400,37,4,,1,17,,298429,37,4,,1,56,,298440,37,4,,2,10,,298454,37,4,,1,11,,298409,37,4,,2,13,,298418,37,4,,2,56,,298396,37,4,,1,16,,298430,37,4,,1,17,,298441,37,4,,2,16,,298410,37,4,,2,62,,298419,37,4,,2,25,,298431,37,4,,1,67,,298411,37,4,,2,29,,298420,37,4,,2,69,,298432,37,4,,1,28,,298412,37,4,,2,28,,298421,37,4,,2,68,,298433,37,4,,1,29,,298413,37,4,,2,71,,298422,37,4,,2,30,,298434,37,4,,1,72,,298393,37,4,,1,71,,298414,37,4,,2,31,,298435,37,4,,1,69,,298394,37,4,,1
4404,'H54S000I-80-I',516,,298472,37,4,,2,33,,298506,37,4,,1,76,,298473,37,4,,2,33,,298507,37,4,,1,72,,298459,37,4,,1,26,,298474,37,4,,2,66,,298482,37,4,,1,21,,298460,37,4,,1,61,,298469,37,4,,1,20,,298475,37,4,,2,21,,298483,37,4,,1,61,,298470,37,4,,1,21,,298461,37,4,,1,18,,298476,37,4,,2,60,,298484,37,4,,1,20,,298471,37,4,,1,19,,298462,37,4,,1,59,,298465,37,4,,1,19,,298477,37,4,,2,20,,298485,37,4,,1,60,,298463,37,4,,1,16,,298490,37,4,,1,14,,298466,37,4,,1,14,,298478,37,4,,2,55,,298486,37,4,,1,15,,298498,37,4,,2,15,,298464,37,4,,1,15,,298491,37,4,,1,54,,298479,37,4,,2,14,,298467,37,4,,1,16,,298487,37,4,,1,20,,298499,37,4,,2,59,,298492,37,4,,1,18,,298480,37,4,,2,19,,298468,37,4,,1,59,,298457,37,4,,2,15,,298500,37,4,,2,15,,298493,37,4,,1,16,,298481,37,4,,2,55,,298488,37,4,,1,16,,298458,37,4,,2,29,,298494,37,4,,1,69,,298489,37,4,,1,25,,298508,37,4,,1,70,,298495,37,4,,1,33,,298501,37,4,,2,73,,298496,37,4,,1,33,,298502,37,4,,2,73,,298497,37,4,,1,29,,298509,37,4,,1,73,,298503,37,4,,2,73,,298510,37,4,,1,32,,298504,37,4,,2,71,,298511,37,4,,1,32,,298505,37,4,,2
4404,'H54S000S-80-S',521,,298521,37,4,,2,27,,298547,37,4,,2,66,,298514,37,4,,2,25,,298522,37,4,,2,16,,298524,37,4,,2,50,,298549,37,4,,1,11,,298548,37,4,,2,15,,298576,37,4,,1,14,,298533,37,4,,2,59,,298525,37,4,,1,9,,298523,37,4,,2,9,,298531,37,4,,2,11,,298550,37,4,,1,9,,298515,37,4,,1,58,,298535,37,4,,1,10,,298534,37,4,,2,10,,298553,37,4,,2,10,,298542,37,4,,2,11,,298526,37,4,,1,11,,298532,37,4,,2,52,,298516,37,4,,1,20,,298536,37,4,,1,21,,298554,37,4,,2,61,,298527,37,4,,1,21,,298517,37,4,,1,21,,298537,37,4,,1,60,,298555,37,4,,2,22,,298528,37,4,,1,23,,298543,37,4,,2,62,,298538,37,4,,1,17,,298513,37,4,,1,14,,298556,37,4,,2,54,,298529,37,4,,1,17,,298574,37,4,,1,18,,298544,37,4,,2,21,,298539,37,4,,1,61,,298557,37,4,,2,20,,298551,37,4,,2,15,,298575,37,4,,1,55,,298545,37,4,,2,18,,298540,37,4,,1,16,,298530,37,4,,1,16,,298518,37,4,,1,54,,298520,37,4,,1,14,,298552,37,4,,2,14,,298546,37,4,,2,17,,298541,37,4,,1,62,,298558,37,4,,1,25,,298562,37,4,,1,61,,298561,37,4,,2,21,,298519,37,4,,1,22,,298559,37,4,,1,64,,298563,37,4,,1,24,,298567,37,4,,2,66,,298560,37,4,,1,31,,298564,37,4,,1,72,,298568,37,4,,2,32,,298571,37,4,,1,71,,298565,37,4,,1,31,,298569,37,4,,2,68,,298572,37,4,,1,1,,298566,20,4,,1,29,,298573,37,4,,2,70,,298570,37,4,,2,31,,298512,37,4,,1
4404,'H54S100F-80-F1',516,,298592,37,4,,2,33,,298626,37,4,,1,76,,298593,37,4,,2,33,,298627,37,4,,1,72,,298579,37,4,,1,26,,298594,37,4,,2,66,,298602,37,4,,1,21,,298580,37,4,,1,61,,298589,37,4,,1,20,,298595,37,4,,2,21,,298603,37,4,,1,61,,298590,37,4,,1,21,,298581,37,4,,1,18,,298596,37,4,,2,60,,298604,37,4,,1,20,,298591,37,4,,1,19,,298582,37,4,,1,59,,298585,37,4,,1,19,,298597,37,4,,2,20,,298605,37,4,,1,60,,298583,37,4,,1,16,,298610,37,4,,1,14,,298586,37,4,,1,14,,298598,37,4,,2,55,,298606,37,4,,1,15,,298618,37,4,,2,15,,298584,37,4,,1,15,,298611,37,4,,1,54,,298599,37,4,,2,14,,298587,37,4,,1,16,,298607,37,4,,1,20,,298619,37,4,,2,59,,298612,37,4,,1,18,,298600,37,4,,2,19,,298588,37,4,,1,59,,298577,37,4,,2,15,,298620,37,4,,2,15,,298613,37,4,,1,16,,298601,37,4,,2,55,,298608,37,4,,1,16,,298578,37,4,,2,29,,298614,37,4,,1,69,,298609,37,4,,1,25,,298628,37,4,,1,70,,298615,37,4,,1,33,,298621,37,4,,2,73,,298616,37,4,,1,33,,298622,37,4,,2,73,,298617,37,4,,1,29,,298629,37,4,,1,73,,298623,37,4,,2,73,,298630,37,4,,1,32,,298624,37,4,,2,71,,298631,37,4,,1,32,,298625,37,4,,2
4404,'H54S200F-80-F2',516,,298647,37,4,,2,33,,298681,37,4,,1,76,,298648,37,4,,2,33,,298682,37,4,,1,72,,298634,37,4,,1,26,,298649,37,4,,2,66,,298657,37,4,,1,21,,298635,37,4,,1,61,,298644,37,4,,1,20,,298650,37,4,,2,21,,298658,37,4,,1,61,,298645,37,4,,1,21,,298636,37,4,,1,18,,298651,37,4,,2,60,,298659,37,4,,1,20,,298646,37,4,,1,19,,298637,37,4,,1,59,,298640,37,4,,1,19,,298652,37,4,,2,20,,298660,37,4,,1,60,,298638,37,4,,1,16,,298665,37,4,,1,14,,298641,37,4,,1,14,,298653,37,4,,2,55,,298661,37,4,,1,15,,298673,37,4,,2,15,,298639,37,4,,1,15,,298666,37,4,,1,54,,298654,37,4,,2,14,,298642,37,4,,1,16,,298662,37,4,,1,20,,298674,37,4,,2,59,,298667,37,4,,1,18,,298655,37,4,,2,19,,298643,37,4,,1,59,,298632,37,4,,2,15,,298675,37,4,,2,15,,298668,37,4,,1,16,,298656,37,4,,2,55,,298663,37,4,,1,16,,298633,37,4,,2,29,,298669,37,4,,1,69,,298664,37,4,,1,25,,298683,37,4,,1,70,,298670,37,4,,1,33,,298676,37,4,,2,73,,298671,37,4,,1,33,,298677,37,4,,2,73,,298672,37,4,,1,29,,298684,37,4,,1,73,,298678,37,4,,2,73,,298685,37,4,,1,32,,298679,37,4,,2,71,,298686,37,4,,1,32,,298680,37,4,,2
4404,'H58S000S-83-S',724,,298687,37,4,,2,126,,298688,37,4,,2
