1304,'H51S000A-80-A',620,,289023,2,0,9,1,33,,289042,2,0,9,1,70,,289024,2,0,9,1,30,,289043,2,0,9,1,70,,289025,2,0,9,1,29,,289044,2,0,9,1,67,,289026,2,0,9,1,30,,289008,2,0,9,2,71,,289027,2,0,9,1,30,,289009,2,0,9,2,70,,289028,2,0,9,1,28,,289010,2,0,9,2,70,,289029,2,0,9,1,30,,289011,2,0,9,2,70,,289030,2,0,9,1,30,,289012,2,0,9,2,70,,289031,2,0,9,1,30,,289013,2,0,9,2,70,,289032,2,0,9,1,30,,289014,2,0,9,2,71,,289033,2,0,9,1,31,,289015,2,0,9,2,72,,289034,2,0,9,1,33,,289016,2,0,9,2,69,,289035,2,0,9,1,30,,289017,2,0,9,2,70,,289036,2,0,9,1,29,,289018,2,0,9,2,69,,289037,2,0,9,1,29,,289019,2,0,9,2,69,,289038,2,0,9,1,30,,289020,2,0,9,2,70,,289039,2,0,9,1,30,,289021,2,0,9,2,70,,289040,2,0,9,1,30,,289022,2,0,9,2,70,,289041,2,0,9,1,30,,289045,2,0,9,2
1304,'H51S000I-80-I',720,,289046,2,0,9,1,31,,289075,2,0,9,2,71,,289047,2,0,9,1,30,,289056,2,0,9,1,67,,289048,2,0,9,1,29,,289057,2,0,9,1,69,,289049,2,0,9,1,29,,289058,2,0,9,1,70,,289050,2,0,9,1,30,,289059,2,0,9,1,70,,289076,2,0,9,2,30,,289070,2,0,9,1,70,,289065,2,0,9,1,30,,289051,2,0,9,1,70,,289060,2,0,9,1,30,,289077,2,0,9,2,70,,289071,2,0,9,1,30,,289066,2,0,9,1,70,,289052,2,0,9,1,30,,289061,2,0,9,1,70,,289078,2,0,9,2,30,,289072,2,0,9,1,70,,289067,2,0,9,1,30,,289053,2,0,9,1,70,,289062,2,0,9,1,30,,289079,2,0,9,2,70,,289073,2,0,9,1,30,,289068,2,0,9,1,70,,289054,2,0,9,1,30,,289063,2,0,9,1,70,,289080,2,0,9,2,30,,289074,2,0,9,1,70,,289069,2,0,9,1,30,,289055,2,0,9,1,72,,289064,2,0,9,1,32,,289081,2,0,9,2
1304,'H51S000S-81-S',2005,,289103,2,0,9,1,30,,289116,2,0,9,1,70,,289104,2,0,9,1,30,,289117,2,0,9,1,70,,289105,2,0,9,1,30,,289118,2,0,9,1,70,,289106,2,0,9,1,30,,289100,2,0,9,1,70,,289107,2,0,9,1
1304,'H51S100F-80-F1',720,,289124,2,0,9,1,31,,289159,2,0,9,2,71,,289125,2,0,9,1,30,,289134,2,0,9,1,67,,289126,2,0,9,1,29,,289135,2,0,9,1,69,,289127,2,0,9,1,29,,289136,2,0,9,1,70,,289128,2,0,9,1,30,,289137,2,0,9,1,70,,289153,2,0,9,2,30,,289148,2,0,9,1,70,,289143,2,0,9,1,30,,289129,2,0,9,1,70,,289138,2,0,9,1,30,,289154,2,0,9,2,70,,289149,2,0,9,1,30,,289144,2,0,9,1,70,,289130,2,0,9,1,30,,289139,2,0,9,1,70,,289155,2,0,9,2,30,,289150,2,0,9,1,70,,289145,2,0,9,1,30,,289131,2,0,9,1,70,,289140,2,0,9,1,30,,289156,2,0,9,2,70,,289151,2,0,9,1,30,,289146,2,0,9,1,70,,289132,2,0,9,1,30,,289141,2,0,9,1,70,,289157,2,0,9,2,30,,289152,2,0,9,1,70,,289147,2,0,9,1,30,,289133,2,0,9,1,72,,289142,2,0,9,1,32,,289158,2,0,9,2
1304,'H51S200F-80-F2',720,,289160,2,0,9,1,31,,289195,2,0,9,2,71,,289161,2,0,9,1,30,,289170,2,0,9,1,67,,289162,2,0,9,1,29,,289171,2,0,9,1,69,,289163,2,0,9,1,29,,289172,2,0,9,1,70,,289164,2,0,9,1,30,,289173,2,0,9,1,70,,289189,2,0,9,2,30,,289184,2,0,9,1,70,,289179,2,0,9,1,30,,289165,2,0,9,1,70,,289174,2,0,9,1,30,,289190,2,0,9,2,70,,289185,2,0,9,1,30,,289180,2,0,9,1,70,,289166,2,0,9,1,30,,289175,2,0,9,1,70,,289191,2,0,9,2,30,,289186,2,0,9,1,70,,289181,2,0,9,1,30,,289167,2,0,9,1,70,,289176,2,0,9,1,30,,289192,2,0,9,2,70,,289187,2,0,9,1,30,,289182,2,0,9,1,70,,289168,2,0,9,1,30,,289177,2,0,9,1,70,,289193,2,0,9,2,30,,289188,2,0,9,1,70,,289183,2,0,9,1,30,,289169,2,0,9,1,72,,289178,2,0,9,1,32,,289194,2,0,9,2
6901,'H50S000A-82-A',531,,307263,21,0,5,1,72,,307266,21,0,5,2,32,,307203,21,0,5,2,69,,307204,21,0,5,1,30,,307264,21,0,5,1,70,,307210,21,0,5,2,28,,307260,21,0,5,2,26,,307217,21,0,5,2,64,,307205,21,0,5,1,21,,307224,21,0,5,1,59,,307227,21,0,5,1,20,,307211,21,0,5,2,21,,307261,21,0,5,2,61,,307229,21,0,5,1,20,,307218,21,0,5,2,20,,307206,21,0,5,1,60,,307225,21,0,5,1,20,,307228,21,0,5,1,19,,307212,21,0,5,2,14,,307262,21,0,5,2,54,,307238,21,0,5,1,12,,307230,21,0,5,1,12,,307241,21,0,5,1,12,,307219,21,0,5,2,12,,307207,21,0,5,1,52,,307244,21,0,5,1,12,,307226,21,0,5,1,14,,307232,21,0,5,1,14,,307247,21,0,5,1,56,,307213,21,0,5,2,15,,307250,21,0,5,2,11,,307239,21,0,5,1,10,,307231,21,0,5,1,10,,307242,21,0,5,1,50,,307220,21,0,5,2,10,,307259,21,0,5,1,10,,307208,21,0,5,1,15,,307245,21,0,5,1,15,,307233,21,0,5,1,54,,307248,21,0,5,1,16,,307214,21,0,5,2,15,,307251,21,0,5,2,15,,307240,21,0,5,1,52,,307255,21,0,5,1,12,,307243,21,0,5,1,12,,307221,21,0,5,2,12,,307209,21,0,5,1,12,,307246,21,0,5,1,52,,307234,21,0,5,1,12,,307249,21,0,5,1,16,,307215,21,0,5,2,22,,307252,21,0,5,2,65,,307256,21,0,5,1,26,,307222,21,0,5,2,67,,307235,21,0,5,1,27,,307216,21,0,5,2,65,,307253,21,0,5,2,29,,307257,21,0,5,1,71,,307223,21,0,5,2,31,,307236,21,0,5,1,72,,307254,21,0,5,2,30,,307258,21,0,5,1,69,,307267,21,0,5,1,27,,307237,21,0,5,1,22,,307265,21,0,5,1
6901,'H50S000I-82-I',529,,307270,21,0,5,2,72,,307314,21,0,5,1,32,,307268,21,0,5,2,72,,307323,21,0,5,1,32,,307271,21,0,5,2,72,,307315,21,0,5,1,29,,307269,21,0,5,2,68,,307284,21,0,5,2,28,,307276,21,0,5,1,25,,307272,21,0,5,2,65,,307316,21,0,5,1,26,,307289,21,0,5,1,69,,307285,21,0,5,2,30,,307277,21,0,5,1,68,,307273,21,0,5,2,24,,307301,21,0,5,1,62,,307290,21,0,5,1,16,,307296,21,0,5,1,15,,307286,21,0,5,2,15,,307299,21,0,5,1,55,,307278,21,0,5,1,15,,307318,21,0,5,2,15,,307274,21,0,5,2,15,,307305,21,0,5,2,55,,307302,21,0,5,1,15,,307291,21,0,5,1,15,,307297,21,0,5,1,15,,307287,21,0,5,2,55,,307300,21,0,5,1,15,,307279,21,0,5,1,14,,307310,21,0,5,2,12,,307319,21,0,5,2,11,,307303,21,0,5,1,52,,307275,21,0,5,2,11,,307306,21,0,5,2,16,,307292,21,0,5,1,16,,307298,21,0,5,1,55,,307320,21,0,5,2,15,,307288,21,0,5,2,15,,307280,21,0,5,1,16,,307311,21,0,5,2,59,,307304,21,0,5,1,20,,307307,21,0,5,2,20,,307293,21,0,5,1,60,,307317,21,0,5,1,21,,307321,21,0,5,2,26,,307281,21,0,5,1,71,,307312,21,0,5,2,72,,307308,21,0,5,2,32,,307294,21,0,5,1,72,,307282,21,0,5,1,30,,307313,21,0,5,2,70,,307309,21,0,5,2,30,,307295,21,0,5,1,69,,307283,21,0,5,1,24,,307322,21,0,5,2
6901,'H50S000S-82-S',518,,307333,21,0,5,1,28,,307344,21,0,5,2,70,,307326,21,0,5,1,13,,307328,21,0,5,2,13,,307341,21,0,5,2,11,,307365,21,0,5,2,51,,307343,21,0,5,1,13,,307352,21,0,5,1,10,,307334,21,0,5,1,10,,307374,21,0,5,1,5,,307353,21,0,5,1,5,,307363,21,0,5,1,10,,307417,21,0,5,2,45,,307388,21,0,5,2,7,,307345,21,0,5,2,7,,307364,21,0,5,1,7,,307358,21,0,5,1,7,,307370,21,0,5,1,7,,307327,21,0,5,1,9,,307412,21,0,5,2,10,,307329,21,0,5,2,48,,307382,21,0,5,2,11,,307387,21,0,5,1,13,,307393,21,0,5,2,17,,307342,21,0,5,2,57,,307335,21,0,5,1,15,,307375,21,0,5,1,16,,307389,21,0,5,2,16,,307346,21,0,5,2,55,,307359,21,0,5,1,14,,307366,21,0,5,2,14,,307330,21,0,5,2,14,,307383,21,0,5,2,55,,307394,21,0,5,2,15,,307354,21,0,5,1,12,,307336,21,0,5,1,12,,307371,21,0,5,1,11,,307376,21,0,5,1,51,,307390,21,0,5,2,11,,307347,21,0,5,2,9,,307401,21,0,5,1,9,,307360,21,0,5,1,10,,307367,21,0,5,2,10,,307403,21,0,5,2,49,,307331,21,0,5,2,9,,307384,21,0,5,2,9,,307408,21,0,5,1,9,,307395,21,0,5,2,9,,307400,21,0,5,1,10,,307355,21,0,5,1,10,,307337,21,0,5,1,50,,307372,21,0,5,1,10,,307377,21,0,5,1,8,,307415,21,0,5,1,8,,307391,21,0,5,2,8,,307348,21,0,5,2,8,,307402,21,0,5,1,8,,307361,21,0,5,1,48,,307399,21,0,5,1,7,,307368,21,0,5,2,15,,307404,21,0,5,2,7,,307332,21,0,5,2,8,,307385,21,0,5,2,8,,307409,21,0,5,1,9,,307396,21,0,5,2,60,,307356,21,0,5,1,20,,307338,21,0,5,1,11,,307373,21,0,5,1,51,,307378,21,0,5,1,11,,307392,21,0,5,2,10,,307349,21,0,5,2,11,,307362,21,0,5,1,9,,307419,21,0,5,1,9,,307369,21,0,5,2,9,,307405,21,0,5,2,55,,307386,21,0,5,2,15,,307397,21,0,5,2,16,,307357,21,0,5,1,56,,307339,21,0,5,1,15,,307418,21,0,5,2,15,,307379,21,0,5,1,15,,307414,21,0,5,1,54,,307350,21,0,5,2,13,,307406,21,0,5,2,14,,307413,21,0,5,1,14,,307398,21,0,5,2,14,,307410,21,0,5,2,57,,307340,21,0,5,1,20,,307324,21,0,5,1,20,,307380,21,0,5,1,62,,307351,21,0,5,2,23,,307407,21,0,5,2,70,,307411,21,0,5,2,31,,307325,21,0,5,1,70,,307381,21,0,5,1,23,,307416,21,0,5,1
6901,'H50S100F-80-F1',529,,307422,21,0,5,2,72,,307466,21,0,5,1,32,,307420,21,0,5,2,72,,307475,21,0,5,1,32,,307423,21,0,5,2,72,,307467,21,0,5,1,29,,307421,21,0,5,2,68,,307436,21,0,5,2,28,,307428,21,0,5,1,25,,307424,21,0,5,2,65,,307468,21,0,5,1,26,,307441,21,0,5,1,69,,307437,21,0,5,2,30,,307429,21,0,5,1,68,,307425,21,0,5,2,24,,307453,21,0,5,1,62,,307442,21,0,5,1,16,,307448,21,0,5,1,15,,307438,21,0,5,2,15,,307451,21,0,5,1,55,,307430,21,0,5,1,15,,307470,21,0,5,2,15,,307426,21,0,5,2,15,,307457,21,0,5,2,55,,307454,21,0,5,1,15,,307443,21,0,5,1,15,,307449,21,0,5,1,15,,307439,21,0,5,2,55,,307452,21,0,5,1,15,,307431,21,0,5,1,14,,307462,21,0,5,2,12,,307471,21,0,5,2,11,,307455,21,0,5,1,52,,307427,21,0,5,2,11,,307458,21,0,5,2,16,,307444,21,0,5,1,16,,307450,21,0,5,1,55,,307472,21,0,5,2,15,,307440,21,0,5,2,15,,307432,21,0,5,1,16,,307463,21,0,5,2,59,,307456,21,0,5,1,20,,307459,21,0,5,2,20,,307445,21,0,5,1,60,,307469,21,0,5,1,21,,307473,21,0,5,2,26,,307433,21,0,5,1,71,,307464,21,0,5,2,72,,307460,21,0,5,2,32,,307446,21,0,5,1,72,,307434,21,0,5,1,30,,307465,21,0,5,2,70,,307461,21,0,5,2,30,,307447,21,0,5,1,69,,307435,21,0,5,1,24,,307474,21,0,5,2
6901,'H50S200F-80-F2',529,,307478,21,0,5,2,72,,307522,21,0,5,1,32,,307476,21,0,5,2,72,,307531,21,0,5,1,32,,307479,21,0,5,2,72,,307523,21,0,5,1,29,,307477,21,0,5,2,68,,307492,21,0,5,2,28,,307484,21,0,5,1,25,,307480,21,0,5,2,65,,307524,21,0,5,1,26,,307497,21,0,5,1,69,,307493,21,0,5,2,30,,307485,21,0,5,1,68,,307481,21,0,5,2,24,,307509,21,0,5,1,62,,307498,21,0,5,1,16,,307504,21,0,5,1,15,,307494,21,0,5,2,15,,307507,21,0,5,1,55,,307486,21,0,5,1,15,,307526,21,0,5,2,15,,307482,21,0,5,2,15,,307513,21,0,5,2,55,,307510,21,0,5,1,15,,307499,21,0,5,1,15,,307505,21,0,5,1,15,,307495,21,0,5,2,55,,307508,21,0,5,1,15,,307487,21,0,5,1,14,,307518,21,0,5,2,12,,307527,21,0,5,2,11,,307511,21,0,5,1,52,,307483,21,0,5,2,11,,307514,21,0,5,2,16,,307500,21,0,5,1,16,,307506,21,0,5,1,55,,307528,21,0,5,2,15,,307496,21,0,5,2,15,,307488,21,0,5,1,16,,307519,21,0,5,2,59,,307512,21,0,5,1,20,,307515,21,0,5,2,20,,307501,21,0,5,1,60,,307525,21,0,5,1,21,,307529,21,0,5,2,26,,307489,21,0,5,1,71,,307520,21,0,5,2,72,,307516,21,0,5,2,32,,307502,21,0,5,1,72,,307490,21,0,5,1,30,,307521,21,0,5,2,70,,307517,21,0,5,2,30,,307503,21,0,5,1,69,,307491,21,0,5,1,24,,307530,21,0,5,2
6901,'H54S000S-80-S',1619,,307532,21,0,5,1,109,,307533,21,0,5,2
6901,'H58S000S-83-S',732,,307536,21,0,5,2,20,,307534,21,0,5,2,956,,307535,21,0,5,2
38001,'H50S000A-82-A',2616,,347292,35,0,5,1,91,,347291,35,0,5,1,45,,347295,35,0,5,1,65,,347294,2,0,5,2,20,,347293,35,0,5,1
38001,'H50S000I-82-I',2530,,347299,35,0,5,1,87,,347297,35,0,5,2,83,,347298,35,0,5,1,44,,347296,35,0,5,1,86,,347300,35,0,5,1
38001,'H50S000S-82-S',2542,,347303,35,0,5,1,84,,347305,35,0,5,1,88,,347301,35,0,5,1,43,,347302,35,0,5,1,87,,347304,35,0,5,1
38001,'H50S000S-82-SV',2736,,347306,2,0,5,2
38001,'H50S100F-80-F1',2530,,347310,35,0,5,1,87,,347308,35,0,5,2,83,,347309,35,0,5,1,44,,347307,35,0,5,1,86,,347311,35,0,5,1
38001,'H50S200F-80-F2',2530,,347315,35,0,5,1,87,,347313,35,0,5,2,83,,347314,35,0,5,1,44,,347312,35,0,5,1,86,,347316,35,0,5,1
