19501,'H56S000A-80-A',452,,337868,8,0,5,2,70,,337866,8,0,5,1,30,,337879,8,0,5,2,70,,337884,8,0,5,1,29,,337869,8,0,5,2,69,,337867,8,0,5,1,31,,337880,8,0,5,2,71,,337885,8,0,5,1,30,,337870,8,0,5,2,70,,337898,8,0,5,1,31,,337881,8,0,5,2,71,,337886,8,0,5,1,31,,337871,8,0,5,2,70,,337899,8,0,5,1,30,,337882,8,0,5,2,71,,337887,8,0,5,1,31,,337872,8,0,5,2,70,,337900,8,0,5,1,30,,337883,8,0,5,2,72,,337888,8,0,5,1,72,,337873,8,0,5,2,32,,337901,8,0,5,1,72,,337894,8,0,5,2,30,,337889,8,0,5,1,70,,337874,8,0,5,2,30,,337902,8,0,5,1,71,,337895,8,0,5,2,29,,337890,8,0,5,1,69,,337875,8,0,5,2,29,,337903,8,0,5,1,69,,337896,8,0,5,2,29,,337891,8,0,5,1,69,,337876,8,0,5,2,29,,337904,8,0,5,1,29,,337897,8,0,5,2,69,,337892,8,0,5,1,30,,337877,8,0,5,2,70,,337905,8,0,5,1,29,,337907,8,0,5,2,69,,337893,8,0,5,1,29,,337878,8,0,5,2,68,,337906,8,0,5,1
19501,'H56S000I-80-I',451,,337908,8,0,5,2,70,,337911,8,0,5,1,30,,337921,8,0,5,2,70,,337929,8,0,5,1,30,,337909,8,0,5,2,70,,337912,8,0,5,1,30,,337922,8,0,5,2,69,,337930,8,0,5,1,29,,337910,8,0,5,2,69,,337913,8,0,5,1,29,,337923,8,0,5,2,72,,337931,8,0,5,1,32,,337939,8,0,5,2,72,,337914,8,0,5,1,31,,337924,8,0,5,2,71,,337932,8,0,5,1,30,,337940,8,0,5,2,70,,337915,8,0,5,1,30,,337925,8,0,5,2,70,,337935,8,0,5,1,31,,337941,8,0,5,2,71,,337916,8,0,5,1,30,,337926,8,0,5,2,70,,337936,8,0,5,1,30,,337942,8,0,5,2,71,,337917,8,0,5,1,30,,337927,8,0,5,2,70,,337937,8,0,5,1,29,,337943,8,0,5,2,69,,337918,8,0,5,1,29,,337928,8,0,5,2,70,,337938,8,0,5,1,31,,337944,8,0,5,2,71,,337919,8,0,5,1,30,,337933,8,0,5,1,70,,337947,8,0,5,1,30,,337945,8,0,5,2,70,,337920,8,0,5,1,29,,337934,8,0,5,1,70,,337948,8,0,5,1,30,,337946,8,0,5,2
19501,'H56S000S-82-S',441,,337964,8,0,5,2,72,,337949,8,0,5,1,32,,337953,8,0,5,2,72,,337966,8,0,5,1,31,,337965,8,0,5,2,71,,337955,8,0,5,1,30,,337954,8,0,5,2,70,,337967,8,0,5,1,30,,337974,8,0,5,1,70,,337978,8,0,5,2,31,,337956,8,0,5,1,71,,337968,8,0,5,1,31,,337975,8,0,5,1,70,,337979,8,0,5,2,31,,337957,8,0,5,1,70,,337969,8,0,5,1,31,,337976,8,0,5,1,71,,337980,8,0,5,2,31,,337958,8,0,5,1,71,,337970,8,0,5,1,73,,337977,8,0,5,1,31,,337981,8,0,5,2,70,,337959,8,0,5,1,30,,337985,8,0,5,2,71,,337951,8,0,5,2,29,,337950,8,0,5,1,70,,337982,8,0,5,2,31,,337960,8,0,5,1,70,,337986,8,0,5,2,29,,337971,8,0,5,1,69,,337983,8,0,5,2,29,,337961,8,0,5,1,29,,337987,8,0,5,2,68,,337972,8,0,5,1,30,,337984,8,0,5,2,69,,337962,8,0,5,1,29,,337988,8,0,5,2,68,,337973,8,0,5,1,28,,337989,8,0,5,2,73,,337963,8,0,5,1,34,,337952,8,0,5,1
19501,'H56S100F-80-F1',451,,337990,8,0,5,2,70,,337993,8,0,5,1,30,,338003,8,0,5,2,70,,338011,8,0,5,1,30,,337991,8,0,5,2,70,,337994,8,0,5,1,30,,338004,8,0,5,2,69,,338012,8,0,5,1,29,,337992,8,0,5,2,69,,337995,8,0,5,1,29,,338005,8,0,5,2,72,,338013,8,0,5,1,32,,338021,8,0,5,2,72,,337996,8,0,5,1,31,,338006,8,0,5,2,71,,338014,8,0,5,1,30,,338022,8,0,5,2,70,,337997,8,0,5,1,30,,338007,8,0,5,2,70,,338017,8,0,5,1,31,,338023,8,0,5,2,71,,337998,8,0,5,1,30,,338008,8,0,5,2,70,,338018,8,0,5,1,30,,338024,8,0,5,2,71,,337999,8,0,5,1,30,,338009,8,0,5,2,70,,338019,8,0,5,1,29,,338025,8,0,5,2,69,,338000,8,0,5,1,29,,338010,8,0,5,2,70,,338020,8,0,5,1,31,,338026,8,0,5,2,71,,338001,8,0,5,1,30,,338015,8,0,5,1,70,,338029,8,0,5,1,30,,338027,8,0,5,2,70,,338002,8,0,5,1,29,,338016,8,0,5,1,70,,338030,8,0,5,1,30,,338028,8,0,5,2
19501,'H56S200F-80-F2',451,,338031,8,0,5,2,70,,338034,8,0,5,1,30,,338044,8,0,5,2,70,,338052,8,0,5,1,30,,338032,8,0,5,2,70,,338035,8,0,5,1,30,,338045,8,0,5,2,69,,338053,8,0,5,1,29,,338033,8,0,5,2,69,,338036,8,0,5,1,29,,338046,8,0,5,2,72,,338054,8,0,5,1,32,,338062,8,0,5,2,72,,338037,8,0,5,1,31,,338047,8,0,5,2,71,,338055,8,0,5,1,30,,338063,8,0,5,2,70,,338038,8,0,5,1,30,,338048,8,0,5,2,70,,338058,8,0,5,1,31,,338064,8,0,5,2,71,,338039,8,0,5,1,30,,338049,8,0,5,2,70,,338059,8,0,5,1,30,,338065,8,0,5,2,71,,338040,8,0,5,1,30,,338050,8,0,5,2,70,,338060,8,0,5,1,29,,338066,8,0,5,2,69,,338041,8,0,5,1,29,,338051,8,0,5,2,70,,338061,8,0,5,1,31,,338067,8,0,5,2,71,,338042,8,0,5,1,30,,338056,8,0,5,1,70,,338070,8,0,5,1,30,,338068,8,0,5,2,70,,338043,8,0,5,1,29,,338057,8,0,5,1,70,,338071,8,0,5,1,30,,338069,8,0,5,2
35601,'H56S000A-80-A',2556,,346198,38,0,5,2,83,,346199,38,0,5,1,93,,346195,38,0,5,2,92,,346197,38,0,5,1,82,,346196,38,0,5,1
35601,'H56S000I-80-I',2556,,346201,38,0,5,1,81,,346205,38,0,5,2,80,,346202,38,0,5,1,40,,346200,38,0,5,1,84,,346204,38,0,5,1,84,,346203,38,0,5,1
35601,'H56S000S-82-S',2609,,346208,38,0,5,1,33,,346210,38,0,5,1,74,,346211,38,0,5,2,34,,346206,38,0,5,1,86,,346209,38,0,5,2,89,,346207,38,0,5,1
35601,'H56S100F-80-F1',2556,,346213,38,0,5,1,81,,346217,38,0,5,2,80,,346214,38,0,5,1,40,,346212,38,0,5,1,84,,346216,38,0,5,1,84,,346215,38,0,5,1
35601,'H56S200F-80-F2',2556,,346219,38,0,5,1,81,,346223,38,0,5,2,80,,346220,38,0,5,1,40,,346218,38,0,5,1,84,,346222,38,0,5,1,84,,346221,38,0,5,1
49601,'H50S000S-82-S',1458,,350543,5,0,5,1
49601,'H56S000A-80-A',645,,350547,5,0,5,1,70,,350544,5,0,5,1,27,,350580,5,0,5,2,68,,350548,5,0,5,1,26,,350545,5,0,5,1,20,,350551,5,0,5,2,60,,350581,5,0,5,2,18,,350549,5,0,5,1,18,,350563,5,0,5,2,58,,350585,5,0,5,1,18,,350550,5,0,5,1,18,,350582,5,0,5,2,58,,350552,5,0,5,2,19,,350564,5,0,5,2,20,,350586,5,0,5,1,57,,350546,5,0,5,1,20,,350583,5,0,5,2,20,,350565,5,0,5,2,17,,350555,5,0,5,2,57,,350587,5,0,5,1,17,,350572,5,0,5,2,16,,350584,5,0,5,2,55,,350556,5,0,5,2,16,,350566,5,0,5,2,18,,350588,5,0,5,1,20,,350573,5,0,5,2,60,,350553,5,0,5,2,21,,350567,5,0,5,2,19,,350589,5,0,5,1,60,,350574,5,0,5,2,20,,350554,5,0,5,2,20,,350558,5,0,5,1,59,,350568,5,0,5,2,25,,350575,5,0,5,2,67,,350559,5,0,5,1,30,,350569,5,0,5,2,69,,350576,5,0,5,2,29,,350560,5,0,5,1,72,,350570,5,0,5,2,33,,350577,5,0,5,2,73,,350561,5,0,5,1,30,,350571,5,0,5,2,69,,350578,5,0,5,2,30,,350562,5,0,5,1,70,,350557,5,0,5,2,31,,350579,5,0,5,2
49601,'H56S000I-80-I',645,,350618,5,0,5,1,69,,350605,5,0,5,1,30,,350602,5,0,5,2,70,,350619,5,0,5,1,27,,350606,5,0,5,1,66,,350603,5,0,5,2,24,,350592,5,0,5,1,23,,350620,5,0,5,1,63,,350613,5,0,5,1,22,,350596,5,0,5,1,62,,350593,5,0,5,1,21,,350621,5,0,5,1,21,,350614,5,0,5,1,60,,350627,5,0,5,2,21,,350597,5,0,5,1,20,,350622,5,0,5,1,59,,350598,5,0,5,2,19,,350615,5,0,5,1,21,,350628,5,0,5,2,57,,350608,5,0,5,2,20,,350623,5,0,5,1,20,,350616,5,0,5,1,60,,350629,5,0,5,2,19,,350609,5,0,5,2,19,,350624,5,0,5,1,19,,350617,5,0,5,1,59,,350630,5,0,5,2,24,,350610,5,0,5,2,65,,350625,5,0,5,1,27,,350631,5,0,5,2,15,,350590,5,0,5,1,55,,350611,5,0,5,2,31,,350626,5,0,5,1,15,,350632,5,0,5,2,55,,350591,5,0,5,1,30,,350612,5,0,5,2,73,,350633,5,0,5,2,33,,350607,5,0,5,1,73,,350594,5,0,5,1,32,,350599,5,0,5,2,72,,350601,5,0,5,1,29,,350595,5,0,5,1,69,,350600,5,0,5,2,29,,350604,5,0,5,2
49601,'H56S000S-82-S',533,,350678,5,0,5,1,22,,350656,5,0,5,1,60,,350654,5,0,5,1,13,,350659,5,0,5,2,12,,350704,5,0,5,2,8,,350679,5,0,5,1,8,,350661,5,0,5,2,48,,350693,5,0,5,2,8,,350657,5,0,5,1,6,,350663,5,0,5,2,6,,350664,5,0,5,2,6,,350641,5,0,5,2,6,,350655,5,0,5,1,7,,350674,5,0,5,2,8,,350686,5,0,5,1,8,,350660,5,0,5,2,49,,350705,5,0,5,2,10,,350680,5,0,5,1,10,,350662,5,0,5,2,11,,350643,5,0,5,1,11,,350658,5,0,5,1,51,,350665,5,0,5,2,12,,350642,5,0,5,2,12,,350687,5,0,5,1,20,,350681,5,0,5,1,59,,350644,5,0,5,1,20,,350666,5,0,5,2,19,,350688,5,0,5,1,61,,350682,5,0,5,1,20,,350645,5,0,5,1,19,,350667,5,0,5,2,58,,350689,5,0,5,1,15,,350694,5,0,5,1,15,,350683,5,0,5,1,15,,350646,5,0,5,1,56,,350668,5,0,5,2,20,,350690,5,0,5,1,20,,350695,5,0,5,1,59,,350684,5,0,5,1,22,,350669,5,0,5,2,21,,350691,5,0,5,1,65,,350696,5,0,5,1,11,,350698,5,0,5,2,11,,350685,5,0,5,1,12,,350675,5,0,5,2,13,,350670,5,0,5,2,55,,350652,5,0,5,2,10,,350692,5,0,5,1,13,,350653,5,0,5,2,17,,350697,5,0,5,1,55,,350699,5,0,5,2,16,,350676,5,0,5,2,17,,350671,5,0,5,2,20,,350677,5,0,5,2,59,,350636,5,0,5,1,20,,350700,5,0,5,2,20,,350651,5,0,5,2,61,,350672,5,0,5,2,22,,350637,5,0,5,1,62,,350701,5,0,5,2,22,,350647,5,0,5,1,21,,350673,5,0,5,2,60,,350638,5,0,5,1,20,,350702,5,0,5,2,20,,350650,5,0,5,1,60,,350648,5,0,5,1,22,,350639,5,0,5,1,25,,350634,5,0,5,1,68,,350649,5,0,5,1,29,,350640,5,0,5,1,70,,350635,5,0,5,1,31,,350703,5,0,5,2
49601,'H56S100F-80-F1',645,,350734,5,0,5,1,69,,350721,5,0,5,1,30,,350718,5,0,5,2,70,,350735,5,0,5,1,27,,350722,5,0,5,1,66,,350719,5,0,5,2,24,,350708,5,0,5,1,23,,350736,5,0,5,1,63,,350729,5,0,5,1,22,,350712,5,0,5,1,62,,350709,5,0,5,1,21,,350737,5,0,5,1,21,,350730,5,0,5,1,60,,350743,5,0,5,2,21,,350713,5,0,5,1,20,,350738,5,0,5,1,59,,350714,5,0,5,2,19,,350731,5,0,5,1,21,,350744,5,0,5,2,57,,350724,5,0,5,2,20,,350739,5,0,5,1,20,,350732,5,0,5,1,60,,350745,5,0,5,2,19,,350725,5,0,5,2,19,,350740,5,0,5,1,19,,350733,5,0,5,1,59,,350746,5,0,5,2,24,,350726,5,0,5,2,65,,350741,5,0,5,1,27,,350747,5,0,5,2,15,,350706,5,0,5,1,55,,350727,5,0,5,2,31,,350742,5,0,5,1,15,,350748,5,0,5,2,55,,350707,5,0,5,1,30,,350728,5,0,5,2,73,,350749,5,0,5,2,33,,350723,5,0,5,1,73,,350710,5,0,5,1,32,,350715,5,0,5,2,72,,350717,5,0,5,1,29,,350711,5,0,5,1,69,,350716,5,0,5,2,29,,350720,5,0,5,2
49601,'H56S200F-80-F2',645,,350778,5,0,5,1,69,,350765,5,0,5,1,30,,350762,5,0,5,2,70,,350779,5,0,5,1,27,,350766,5,0,5,1,66,,350763,5,0,5,2,24,,350752,5,0,5,1,23,,350780,5,0,5,1,63,,350773,5,0,5,1,22,,350756,5,0,5,1,62,,350753,5,0,5,1,21,,350781,5,0,5,1,21,,350774,5,0,5,1,60,,350787,5,0,5,2,21,,350757,5,0,5,1,20,,350782,5,0,5,1,59,,350758,5,0,5,2,19,,350775,5,0,5,1,21,,350788,5,0,5,2,57,,350768,5,0,5,2,20,,350783,5,0,5,1,20,,350776,5,0,5,1,60,,350789,5,0,5,2,19,,350769,5,0,5,2,19,,350784,5,0,5,1,19,,350777,5,0,5,1,59,,350790,5,0,5,2,24,,350770,5,0,5,2,65,,350785,5,0,5,1,27,,350791,5,0,5,2,15,,350750,5,0,5,1,55,,350771,5,0,5,2,31,,350786,5,0,5,1,15,,350792,5,0,5,2,55,,350751,5,0,5,1,30,,350772,5,0,5,2,73,,350793,5,0,5,2,33,,350767,5,0,5,1,73,,350754,5,0,5,1,32,,350759,5,0,5,2,72,,350761,5,0,5,1,29,,350755,5,0,5,1,69,,350760,5,0,5,2,29,,350764,5,0,5,2
