3304,'H50S000S-82-S',1004,,295154,35,0,9,1
3304,'H54S000A-80-A',500,,295156,35,0,106,1,27,,295162,35,0,106,1,28,,295175,35,0,106,1,69,,295157,35,0,9,1,30,,295166,35,0,9,1,68,,295163,35,0,9,1,23,,295181,35,0,9,1,62,,295176,35,0,9,1,19,,295158,35,0,9,1,19,,295171,35,0,9,1,59,,295167,35,0,9,1,19,,295164,35,0,9,1,14,,295186,35,0,9,1,12,,295182,35,0,9,1,53,,295226,35,0,9,1,14,,295177,35,0,9,1,15,,295159,35,0,9,1,17,,295202,35,0,9,1,57,,295172,35,0,9,1,15,,295168,35,0,9,1,15,,295205,35,0,9,1,13,,295165,35,0,9,1,10,,295187,35,0,9,1,50,,295197,35,0,9,1,10,,295183,35,0,9,1,9,,295227,35,0,9,1,10,,295178,35,0,9,1,10,,295194,35,0,9,1,8,,295160,35,0,9,1,48,,295199,35,0,9,1,8,,295213,35,0,9,2,12,,295203,35,0,9,1,12,,295173,35,0,9,1,12,,295208,35,0,9,2,10,,295169,35,0,9,1,50,,295206,35,0,9,1,9,,295220,35,0,9,1,10,,295188,35,0,9,1,10,,295198,35,0,9,1,10,,295223,35,0,9,1,9,,295184,35,0,9,1,50,,295179,35,0,9,1,10,,295195,35,0,9,1,10,,295161,35,0,9,1,10,,295214,35,0,9,2,11,,295204,35,0,9,1,10,,295174,35,0,9,1,52,,295209,35,0,9,2,10,,295170,35,0,9,1,10,,295207,35,0,9,1,12,,295221,35,0,9,1,13,,295189,35,0,9,1,53,,295224,35,0,9,1,10,,295185,35,0,9,1,11,,295180,35,0,9,1,11,,295196,35,0,9,1,16,,295215,35,0,9,2,57,,295216,35,0,9,1,15,,295210,35,0,9,2,17,,295225,35,0,9,1,63,,295190,35,0,106,1,22,,295200,35,0,106,1,25,,295228,35,0,106,1,63,,295217,35,0,106,1,26,,295211,35,0,106,2,66,,295191,35,0,106,1,22,,295201,35,0,106,1,23,,295229,35,0,106,1,63,,295218,35,0,106,1,31,,295212,35,0,106,2,70,,295192,35,0,106,1,32,,295230,35,0,106,1,71,,295155,35,0,106,1,28,,295219,35,0,106,1,65,,295222,35,0,106,2,25,,295193,35,0,106,1
3304,'H54S000I-80-I',504,,295239,35,0,106,1,29,,295245,35,0,106,1,68,,295263,35,0,106,1,30,,295235,35,0,9,1,72,,295240,35,0,9,1,29,,295246,35,0,9,1,69,,295264,35,0,9,1,27,,295236,35,0,9,1,22,,295259,35,0,9,1,62,,295241,35,0,9,1,21,,295247,35,0,9,1,17,,295271,35,0,9,1,57,,295265,35,0,9,1,16,,295276,35,0,9,2,16,,295237,35,0,9,1,17,,295260,35,0,9,1,55,,295280,35,0,9,1,15,,295242,35,0,9,1,15,,295283,35,0,9,2,11,,295248,35,0,9,1,52,,295272,35,0,9,1,15,,295269,35,0,9,1,14,,295266,35,0,9,1,12,,295277,35,0,9,2,11,,295238,35,0,9,1,52,,295284,35,0,9,2,12,,295261,35,0,9,1,13,,295281,35,0,9,1,11,,295285,35,0,9,1,11,,295243,35,0,9,1,51,,295287,35,0,9,2,11,,295249,35,0,9,1,12,,295273,35,0,9,1,13,,295270,35,0,9,1,13,,295293,35,0,9,1,53,,295267,35,0,9,1,13,,295278,35,0,9,2,16,,295262,35,0,9,1,15,,295282,35,0,9,1,54,,295286,35,0,9,1,15,,295244,35,0,9,1,16,,295288,35,0,9,2,16,,295250,35,0,9,1,55,,295274,35,0,9,1,17,,295232,35,0,9,2,16,,295268,35,0,9,1,17,,295279,35,0,9,2,56,,295255,35,0,9,1,20,,295231,35,0,106,1,25,,295251,35,0,106,1,64,,295275,35,0,106,1,27,,295233,35,0,106,2,68,,295256,35,0,106,1,32,,295234,35,0,106,2,68,,295252,35,0,106,1,29,,295290,35,0,106,1,69,,295257,35,0,106,1,30,,295292,35,0,106,1,70,,295253,35,0,106,1,29,,295291,35,0,106,1,67,,295258,35,0,106,1,30,,295289,35,0,106,2,70,,295254,35,0,106,1
3304,'H54S000S-80-S',515,,295303,35,0,106,1,14,,295305,35,0,106,2,14,,295316,35,0,106,1,16,,295377,35,0,106,1,56,,295317,35,0,9,1,11,,295323,35,0,9,1,11,,295299,35,0,9,2,6,,295325,9,0,9,1,6,,295307,35,0,9,1,5,,295300,9,0,9,2,5,,295379,35,0,9,1,50,,295332,35,0,9,1,6,,295322,9,0,9,1,5,,295295,35,0,9,1,6,,295333,35,0,9,2,4,,295341,9,0,9,1,5,,295304,35,0,9,1,12,,295337,35,0,9,1,3,,295347,9,0,9,1,8,,295306,35,0,9,2,47,,295345,35,0,9,1,4,,295301,9,0,9,1,8,,295346,35,0,9,1,9,,295312,9,0,9,1,3,,295376,35,0,9,2,12,,295318,35,0,9,1,10,,295358,35,0,9,2,52,,295326,35,0,9,1,12,,295308,35,0,9,1,23,,295351,35,0,9,1,12,,295342,35,0,9,1,68,,295348,35,0,9,1,13,,295302,35,0,9,1,13,,295313,35,0,9,1,13,,295338,35,0,9,2,53,,295319,35,0,9,1,14,,295327,35,0,9,1,14,,295324,35,0,9,2,13,,295309,35,0,9,1,52,,295352,35,0,9,1,12,,295297,35,0,9,2,12,,295343,35,0,9,1,13,,295349,35,0,9,1,13,,295355,35,0,9,1,53,,295335,35,0,9,1,13,,295314,35,0,9,1,11,,295339,35,0,9,2,11,,295320,35,0,9,1,11,,295328,35,0,9,1,52,,295359,35,0,9,2,11,,295310,35,0,9,1,12,,295353,35,0,9,1,12,,295298,35,0,9,2,10,,295357,35,0,9,1,10,,295344,35,0,9,1,49,,295350,35,0,9,1,10,,295356,35,0,9,1,11,,295334,35,0,9,2,10,,295336,35,0,9,1,12,,295315,35,0,9,1,51,,295340,35,0,9,2,10,,295321,35,0,9,1,10,,295294,35,0,9,1,10,,295329,35,0,9,1,10,,295360,35,0,9,2,11,,295311,35,0,9,1,50,,295363,35,0,9,2,8,,295354,35,0,9,1,8,,295378,35,0,9,1,10,,295361,35,0,9,1,10,,295365,35,0,9,2,11,,295366,35,0,9,1,62,,295296,35,0,9,1,36,,295374,35,0,9,1,60,,295330,35,0,106,1,21,,295364,35,0,106,2,22,,295362,35,0,106,1,65,,295367,35,0,106,2,29,,295372,35,0,106,1,70,,295370,35,0,106,1,30,,295331,35,0,106,1,71,,295368,35,0,106,1,31,,295373,35,0,106,1,67,,295371,35,0,106,1,30,,295381,35,0,106,1,71,,295369,35,0,106,1,29,,295380,35,0,106,1,70,,295375,35,0,106,1
3304,'H54S100F-80-F1',504,,295390,35,0,106,1,29,,295396,35,0,106,1,68,,295414,35,0,106,1,30,,295386,35,0,9,1,72,,295391,35,0,9,1,29,,295397,35,0,9,1,69,,295415,35,0,9,1,27,,295387,35,0,9,1,22,,295410,35,0,9,1,62,,295392,35,0,9,1,21,,295398,35,0,9,1,17,,295422,35,0,9,1,57,,295416,35,0,9,1,16,,295427,35,0,9,2,16,,295388,35,0,9,1,17,,295411,35,0,9,1,55,,295431,35,0,9,1,15,,295393,35,0,9,1,15,,295434,35,0,9,2,11,,295399,35,0,9,1,52,,295423,35,0,9,1,15,,295420,35,0,9,1,14,,295417,35,0,9,1,12,,295428,35,0,9,2,11,,295389,35,0,9,1,52,,295435,35,0,9,2,12,,295412,35,0,9,1,13,,295432,35,0,9,1,11,,295436,35,0,9,1,11,,295394,35,0,9,1,51,,295438,35,0,9,2,11,,295400,35,0,9,1,12,,295424,35,0,9,1,13,,295421,35,0,9,1,13,,295444,35,0,9,1,53,,295418,35,0,9,1,13,,295429,35,0,9,2,16,,295413,35,0,9,1,15,,295433,35,0,9,1,54,,295437,35,0,9,1,15,,295395,35,0,9,1,16,,295439,35,0,9,2,16,,295401,35,0,9,1,55,,295425,35,0,9,1,17,,295383,35,0,9,2,16,,295419,35,0,9,1,17,,295430,35,0,9,2,56,,295406,35,0,9,1,20,,295382,35,0,106,1,25,,295402,35,0,106,1,64,,295426,35,0,106,1,27,,295384,35,0,106,2,68,,295407,35,0,106,1,32,,295385,35,0,106,2,68,,295403,35,0,106,1,29,,295441,35,0,106,1,69,,295408,35,0,106,1,30,,295443,35,0,106,1,70,,295404,35,0,106,1,29,,295442,35,0,106,1,67,,295409,35,0,106,1,30,,295440,35,0,106,2,70,,295405,35,0,106,1
3304,'H54S200F-80-F2',504,,295453,35,0,106,1,29,,295459,35,0,106,1,68,,295477,35,0,106,1,30,,295449,35,0,9,1,72,,295454,35,0,9,1,29,,295460,35,0,9,1,69,,295478,35,0,9,1,27,,295450,35,0,9,1,22,,295473,35,0,9,1,62,,295455,35,0,9,1,21,,295461,35,0,9,1,17,,295485,35,0,9,1,57,,295479,35,0,9,1,16,,295490,35,0,9,2,16,,295451,35,0,9,1,17,,295474,35,0,9,1,55,,295494,35,0,9,1,15,,295456,35,0,9,1,15,,295497,35,0,9,2,11,,295462,35,0,9,1,52,,295486,35,0,9,1,15,,295483,35,0,9,1,14,,295480,35,0,9,1,12,,295491,35,0,9,2,11,,295452,35,0,9,1,52,,295498,35,0,9,2,12,,295475,35,0,9,1,13,,295495,35,0,9,1,11,,295499,35,0,9,1,11,,295457,35,0,9,1,51,,295501,35,0,9,2,11,,295463,35,0,9,1,12,,295487,35,0,9,1,13,,295484,35,0,9,1,13,,295507,35,0,9,1,53,,295481,35,0,9,1,13,,295492,35,0,9,2,16,,295476,35,0,9,1,15,,295496,35,0,9,1,54,,295500,35,0,9,1,15,,295458,35,0,9,1,16,,295502,35,0,9,2,16,,295464,35,0,9,1,55,,295488,35,0,9,1,17,,295446,35,0,9,2,16,,295482,35,0,9,1,17,,295493,35,0,9,2,56,,295469,35,0,9,1,20,,295445,35,0,106,1,25,,295465,35,0,106,1,64,,295489,35,0,106,1,27,,295447,35,0,106,2,68,,295470,35,0,106,1,32,,295448,35,0,106,2,68,,295466,35,0,106,1,29,,295504,35,0,106,1,69,,295471,35,0,106,1,30,,295506,35,0,106,1,70,,295467,35,0,106,1,29,,295505,35,0,106,1,67,,295472,35,0,106,1,30,,295503,35,0,106,2,70,,295468,35,0,106,1
3304,'H57S000S-80-S',703,,295508,9,0,9,1,36,,295510,9,0,9,1,188,,295509,35,0,9,1
3304,'H59S000S-80-S',1831,,295511,35,0,9,1
19202,'H51S000S-81-S',1616,,337073,16,0,10,2
19202,'H54S000A-80-A',453,,337074,16,0,10,1,73,,337088,16,0,10,2,33,,337076,16,0,10,1,73,,337075,16,0,10,1,72,,337089,16,0,10,2,31,,337077,16,0,10,1,71,,337107,16,0,10,1,31,,337090,16,0,10,2,71,,337078,16,0,10,1,32,,337108,16,0,10,1,71,,337101,16,0,10,1,31,,337094,16,0,10,2,71,,337082,16,0,10,1,31,,337085,16,0,10,2,73,,337079,16,0,10,1,31,,337109,16,0,10,1,71,,337102,16,0,10,1,31,,337095,16,0,10,2,71,,337083,16,0,10,1,31,,337086,16,0,10,2,71,,337080,16,0,10,1,31,,337110,16,0,10,1,70,,337103,16,0,10,1,31,,337096,16,0,10,2,71,,337084,16,0,10,1,30,,337087,16,0,10,2,71,,337081,16,0,10,1,31,,337111,16,0,10,1,71,,337104,16,0,10,1,71,,337097,16,0,10,2,31,,337112,16,0,10,1,71,,337105,16,0,10,1,31,,337098,16,0,10,2,71,,337091,16,0,10,1,31,,337106,16,0,10,1,71,,337099,16,0,10,2,31,,337092,16,0,10,1,72,,337113,16,0,10,2,32,,337100,16,0,10,2,72,,337093,16,0,10,1
19202,'H54S000I-80-I',453,,337129,16,0,10,1,73,,337131,16,0,10,1,33,,337114,16,0,10,2,72,,337130,16,0,10,1,70,,337132,16,0,10,1,30,,337115,16,0,10,2,70,,337123,16,0,10,1,30,,337133,16,0,10,1,71,,337116,16,0,10,2,30,,337149,16,0,10,1,70,,337141,16,0,10,2,30,,337134,16,0,10,2,70,,337124,16,0,10,1,30,,337120,16,0,10,2,70,,337117,16,0,10,2,31,,337150,16,0,10,1,70,,337142,16,0,10,2,30,,337135,16,0,10,2,70,,337125,16,0,10,1,30,,337121,16,0,10,2,70,,337118,16,0,10,2,30,,337151,16,0,10,1,70,,337143,16,0,10,2,30,,337136,16,0,10,2,70,,337126,16,0,10,1,30,,337122,16,0,10,2,69,,337119,16,0,10,2,30,,337152,16,0,10,1,69,,337144,16,0,10,2,30,,337137,16,0,10,2,71,,337153,16,0,10,1,30,,337145,16,0,10,2,70,,337138,16,0,10,2,30,,337154,16,0,10,1,70,,337146,16,0,10,2,30,,337139,16,0,10,2,70,,337127,16,0,10,1,30,,337147,16,0,10,2,70,,337140,16,0,10,2,28,,337128,16,0,10,1,25,,337148,16,0,10,2
19202,'H54S000S-80-S',454,,337168,16,0,10,2,64,,337170,16,0,10,2,24,,337185,16,0,10,2,63,,337186,16,0,10,2,17,,337162,16,0,10,1,17,,337169,16,0,10,2,17,,337171,16,0,10,2,58,,337172,16,0,10,2,20,,337159,16,0,10,1,10,,337166,4,0,10,1,5,,337187,16,0,10,2,56,,337163,16,0,10,1,29,,337183,16,0,10,2,69,,337173,16,0,10,2,29,,337160,16,0,10,1,70,,337164,16,0,10,1,30,,337184,16,0,10,2,70,,337174,16,0,10,2,30,,337161,16,0,10,2,70,,337175,16,0,10,1,30,,337202,16,0,10,2,69,,337179,16,0,10,1,29,,337188,16,0,10,2,70,,337176,16,0,10,1,29,,337165,16,0,10,2,29,,337180,16,0,10,1,60,,337189,16,0,10,2,19,,337182,16,0,10,2,19,,337177,16,0,10,1,80,,337167,16,0,10,2,18,,337181,16,0,10,1,57,,337196,16,0,10,2,18,,337190,16,0,10,2,29,,337178,16,0,10,1,68,,337191,16,0,10,2,31,,337197,16,0,10,2,71,,337155,16,0,10,1,31,,337192,16,0,10,2,70,,337198,16,0,10,2,29,,337156,16,0,10,1,70,,337193,16,0,10,2,30,,337199,16,0,10,2,71,,337157,16,0,10,1,30,,337194,16,0,10,2,69,,337200,16,0,10,2,30,,337158,16,0,10,1,70,,337195,16,0,10,2,28,,337201,16,0,10,2
19202,'H54S100F-80-F1',453,,337218,16,0,10,1,73,,337220,16,0,10,1,33,,337203,16,0,10,2,72,,337219,16,0,10,1,70,,337221,16,0,10,1,30,,337204,16,0,10,2,70,,337212,16,0,10,1,30,,337222,16,0,10,1,71,,337205,16,0,10,2,30,,337238,16,0,10,1,70,,337230,16,0,10,2,30,,337223,16,0,10,2,70,,337213,16,0,10,1,30,,337209,16,0,10,2,70,,337206,16,0,10,2,31,,337239,16,0,10,1,70,,337231,16,0,10,2,30,,337224,16,0,10,2,70,,337214,16,0,10,1,30,,337210,16,0,10,2,70,,337207,16,0,10,2,30,,337240,16,0,10,1,70,,337232,16,0,10,2,30,,337225,16,0,10,2,70,,337215,16,0,10,1,30,,337211,16,0,10,2,69,,337208,16,0,10,2,30,,337241,16,0,10,1,69,,337233,16,0,10,2,30,,337226,16,0,10,2,71,,337242,16,0,10,1,30,,337234,16,0,10,2,70,,337227,16,0,10,2,30,,337243,16,0,10,1,70,,337235,16,0,10,2,30,,337228,16,0,10,2,70,,337216,16,0,10,1,30,,337236,16,0,10,2,70,,337229,16,0,10,2,28,,337217,16,0,10,1,25,,337237,16,0,10,2
19202,'H54S200F-80-F2',453,,337259,16,0,10,1,73,,337261,16,0,10,1,33,,337244,16,0,10,2,72,,337260,16,0,10,1,70,,337262,16,0,10,1,30,,337245,16,0,10,2,70,,337253,16,0,10,1,30,,337263,16,0,10,1,71,,337246,16,0,10,2,30,,337279,16,0,10,1,70,,337271,16,0,10,2,30,,337264,16,0,10,2,70,,337254,16,0,10,1,30,,337250,16,0,10,2,70,,337247,16,0,10,2,31,,337280,16,0,10,1,70,,337272,16,0,10,2,30,,337265,16,0,10,2,70,,337255,16,0,10,1,30,,337251,16,0,10,2,70,,337248,16,0,10,2,30,,337281,16,0,10,1,70,,337273,16,0,10,2,30,,337266,16,0,10,2,70,,337256,16,0,10,1,30,,337252,16,0,10,2,69,,337249,16,0,10,2,30,,337282,16,0,10,1,69,,337274,16,0,10,2,30,,337267,16,0,10,2,71,,337283,16,0,10,1,30,,337275,16,0,10,2,70,,337268,16,0,10,2,30,,337284,16,0,10,1,70,,337276,16,0,10,2,30,,337269,16,0,10,2,70,,337257,16,0,10,1,30,,337277,16,0,10,2,70,,337270,16,0,10,2,28,,337258,16,0,10,1,25,,337278,16,0,10,2
19202,'H57S000S-80-S',759,,337285,4,0,10,1
19202,'H58S000S-83-S',732,,337286,4,0,10,2
