20201,'H60S000A-80-A',621,,340047,29,0,5,1,31,,340036,29,0,5,1,70,,340048,29,0,5,1,31,,340061,29,0,5,1,72,,340064,29,0,5,1,26,,340058,29,0,5,1,69,,340037,29,0,5,1,32,,340049,29,0,5,1,71,,340062,29,0,5,1,29,,340065,29,0,5,1,70,,340059,29,0,5,1,30,,340038,29,0,5,1,67,,340050,29,0,5,1,25,,340044,29,0,5,1,62,,340070,29,0,5,1,23,,340066,29,0,5,1,23,,340043,29,0,5,1,63,,340063,29,0,5,1,22,,340039,29,0,5,1,63,,340051,29,0,5,1,23,,340045,29,0,5,1,22,,340071,29,0,5,1,60,,340067,29,0,5,1,17,,340054,29,0,5,2,17,,340074,29,0,5,1,61,,340068,29,0,5,2,23,,340040,29,0,5,1,22,,340052,29,0,5,1,61,,340046,29,0,5,1,22,,340072,29,0,5,1,27,,340055,29,0,5,2,70,,340075,29,0,5,1,32,,340041,29,0,5,1,68,,340053,29,0,5,1,30,,340073,29,0,5,1,69,,340056,29,0,5,2,27,,340076,29,0,5,1,71,,340042,29,0,5,1,30,,340060,29,0,5,2,70,,340069,29,0,5,1,30,,340057,29,0,5,2,69,,340077,29,0,5,1
20201,'H60S000I-81-I',722,,340092,29,0,5,1,31,,340101,29,0,5,1,72,,340109,29,0,5,1,31,,340111,29,0,5,1,73,,340099,29,0,5,1,73,,340093,29,0,5,1,33,,340102,29,0,5,1,68,,340110,29,0,5,1,29,,340112,29,0,5,1,70,,340100,29,0,5,1,31,,340094,29,0,5,1,70,,340103,29,0,5,1,32,,340080,29,0,5,1,70,,340085,29,0,5,1,33,,340097,29,0,5,1,73,,340095,29,0,5,1,29,,340104,29,0,5,1,72,,340081,29,0,5,1,30,,340086,29,0,5,1,70,,340098,29,0,5,1,33,,340096,29,0,5,1,71,,340105,29,0,5,1,33,,340082,29,0,5,1,73,,340087,29,0,5,1,28,,340078,29,0,5,1,69,,340108,29,0,5,1,28,,340106,29,0,5,1,70,,340083,29,0,5,1,27,,340088,29,0,5,1,67,,340090,29,0,5,1,27,,340079,29,0,5,1,68,,340107,29,0,5,1,28,,340084,29,0,5,1,69,,340089,29,0,5,1,29,,340091,29,0,5,1
20201,'H60S000S-83-S',604,,340125,29,0,5,1,29,,340137,29,0,5,2,26,,340136,29,0,5,2,58,,340114,29,0,5,1,29,,340133,29,0,5,1,73,,340138,29,0,5,1,30,,340122,29,0,5,1,69,,340126,29,0,5,1,29,,340130,29,0,5,1,58,,340121,29,0,5,1,19,,340115,29,0,5,1,22,,340134,29,0,5,1,66,,340139,29,0,5,1,27,,340123,29,0,5,1,70,,340127,29,0,5,1,35,,340131,29,0,5,1,69,,340116,29,0,5,1,27,,340135,29,0,5,1,73,,340140,29,0,5,1,9,,340124,29,0,5,1,35,,340128,29,0,5,1,65,,340144,29,0,5,1,25,,340132,29,0,5,1,67,,340117,29,0,5,1,30,,340156,29,0,5,1,73,,340141,29,0,5,1,33,,340149,29,0,5,2,71,,340145,29,0,5,1,31,,340152,29,0,5,1,67,,340118,29,0,5,1,28,,340157,29,0,5,1,67,,340142,29,0,5,1,30,,340150,29,0,5,2,65,,340146,29,0,5,1,23,,340153,29,0,5,1,20,,340119,29,0,5,1,70,,340158,29,0,5,1,30,,340143,29,0,5,1,68,,340151,29,0,5,2,28,,340147,29,0,5,1,72,,340120,29,0,5,1
20201,'H60S100F-80-F1',722,,340179,29,0,5,1,31,,340182,29,0,5,2,72,,340185,29,0,5,1,31,,340183,29,0,5,1,73,,340159,29,0,5,1,73,,340164,29,0,5,2,33,,340168,29,0,5,1,68,,340180,29,0,5,1,29,,340184,29,0,5,1,70,,340160,29,0,5,1,31,,340165,29,0,5,2,70,,340169,29,0,5,1,32,,340186,29,0,5,1,70,,340174,29,0,5,2,33,,340181,29,0,5,1,73,,340166,29,0,5,2,29,,340170,29,0,5,1,72,,340187,29,0,5,1,30,,340175,29,0,5,2,70,,340191,29,0,5,1,33,,340167,29,0,5,2,71,,340171,29,0,5,1,33,,340188,29,0,5,1,73,,340176,29,0,5,2,28,,340161,29,0,5,1,69,,340192,29,0,5,2,28,,340172,29,0,5,1,70,,340189,29,0,5,1,27,,340177,29,0,5,2,67,,340162,29,0,5,1,27,,340193,29,0,5,2,68,,340173,29,0,5,1,28,,340190,29,0,5,1,69,,340178,29,0,5,2,29,,340163,29,0,5,1
20201,'H60S200F-80-F2',722,,340214,29,0,5,1,31,,340217,29,0,5,2,72,,340220,29,0,5,1,31,,340218,29,0,5,1,73,,340194,29,0,5,1,73,,340199,29,0,5,2,33,,340203,29,0,5,1,68,,340215,29,0,5,1,29,,340219,29,0,5,1,70,,340195,29,0,5,1,31,,340200,29,0,5,2,70,,340204,29,0,5,1,32,,340221,29,0,5,1,70,,340209,29,0,5,2,33,,340216,29,0,5,1,73,,340201,29,0,5,2,29,,340205,29,0,5,1,72,,340222,29,0,5,1,30,,340210,29,0,5,2,70,,340226,29,0,5,1,33,,340202,29,0,5,2,71,,340206,29,0,5,1,33,,340223,29,0,5,1,73,,340211,29,0,5,2,28,,340196,29,0,5,1,69,,340227,29,0,5,2,28,,340207,29,0,5,1,70,,340224,29,0,5,1,27,,340212,29,0,5,2,67,,340197,29,0,5,1,27,,340228,29,0,5,2,68,,340208,29,0,5,1,28,,340225,29,0,5,1,69,,340213,29,0,5,2,29,,340198,29,0,5,1
20904,'H60S000A-80-A',605,,342745,29,0,9,1,31,,342772,29,0,9,1,71,,342759,29,0,9,1,31,,342746,29,0,9,1,69,,342773,29,0,9,1,31,,342760,29,0,9,1,71,,342747,29,0,9,1,29,,342774,29,0,9,1,71,,342761,29,0,9,1,31,,342748,29,0,9,1,69,,342775,29,0,9,1,33,,342762,29,0,9,1,71,,342749,29,0,9,1,33,,342776,29,0,9,1,73,,342763,29,0,9,1,32,,342750,29,0,9,1,72,,342777,29,0,9,1,33,,342764,29,0,9,1,72,,342751,29,0,9,1,72,,342778,29,0,9,1,32,,342765,29,0,9,1,72,,342752,29,0,9,1,32,,342779,29,0,9,1,71,,342766,29,0,9,1,32,,342753,29,0,9,1,72,,342780,29,0,9,1,31,,342767,29,0,9,1,69,,342754,29,0,9,1,28,,342781,29,0,9,1,71,,342768,29,0,9,1,29,,342755,29,0,9,1,68,,342782,29,0,9,1,29,,342769,29,0,9,1,69,,342756,29,0,9,1,30,,342783,29,0,9,1,69,,342770,29,0,9,1,28,,342757,29,0,9,1,69,,342784,29,0,9,1,28,,342771,29,0,9,1,28,,342758,29,0,9,1
20904,'H60S000I-81-I',605,,342785,29,0,9,1,30,,342786,29,0,9,2,71,,342804,29,0,9,1,30,,342795,29,0,9,1,70,,342787,29,0,9,2,31,,342805,29,0,9,1,71,,342796,29,0,9,1,29,,342788,29,0,9,2,71,,342806,29,0,9,1,31,,342797,29,0,9,1,69,,342789,29,0,9,2,32,,342807,29,0,9,1,72,,342798,29,0,9,1,32,,342790,29,0,9,2,74,,342808,29,0,9,1,32,,342799,29,0,9,1,72,,342791,29,0,9,2,33,,342809,29,0,9,1,72,,342800,29,0,9,1,32,,342792,29,0,9,2,73,,342810,29,0,9,1,72,,342801,29,0,9,1,32,,342793,29,0,9,2,72,,342811,29,0,9,1,32,,342802,29,0,9,1,73,,342794,29,0,9,2,32,,342820,29,0,9,1,70,,342803,29,0,9,1,28,,342815,29,0,9,1,72,,342821,29,0,9,1,30,,342812,29,0,9,1,69,,342816,29,0,9,1,28,,342822,29,0,9,1,69,,342813,29,0,9,1,29,,342817,29,0,9,1,67,,342823,29,0,9,1,29,,342814,29,0,9,1,68,,342818,29,0,9,1,27,,342819,29,0,9,1
20904,'H60S000S-83-S',606,,342830,29,0,9,1,39,,342837,29,0,9,2,60,,342824,29,0,9,1,12,,342839,29,0,9,2,16,,342851,29,0,9,2,16,,342852,29,0,9,1,56,,342831,29,0,9,1,24,,342863,29,0,9,2,10,,342838,29,0,9,2,17,,342825,29,0,9,1,55,,342840,29,0,9,2,17,,342841,29,0,9,2,19,,342853,29,0,9,1,64,,342832,29,0,9,1,28,,342826,29,0,9,1,70,,342842,29,0,9,2,30,,342854,29,0,9,1,71,,342833,29,0,9,1,31,,342827,29,0,9,1,71,,342843,29,0,9,2,31,,342855,29,0,9,1,70,,342834,29,0,9,1,28,,342828,29,0,9,1,66,,342844,29,0,9,2,24,,342856,29,0,9,1,20,,342864,29,0,9,1,54,,342835,29,0,9,1,13,,342865,29,0,9,1,13,,342829,29,0,9,1,13,,342867,29,0,9,1,56,,342845,29,0,9,2,17,,342866,29,0,9,1,22,,342857,29,0,9,1,65,,342836,29,0,9,1,28,,342868,29,0,9,1,73,,342846,29,0,9,2,31,,342858,29,0,9,1,72,,342869,29,0,9,1,31,,342847,29,0,9,2,70,,342859,29,0,9,1,31,,342870,29,0,9,1,69,,342848,29,0,9,2,30,,342860,29,0,9,1,71,,342871,29,0,9,1,26,,342849,29,0,9,2,68,,342861,29,0,9,1,28,,342872,29,0,9,1,68,,342850,29,0,9,2,27,,342862,29,0,9,1
20904,'H60S100F-80-F1',605,,342873,29,0,9,1,30,,342886,29,0,9,2,71,,342892,29,0,9,2,30,,342874,29,0,9,1,70,,342887,29,0,9,2,31,,342893,29,0,9,2,71,,342875,29,0,9,1,29,,342888,29,0,9,2,71,,342894,29,0,9,2,31,,342876,29,0,9,1,69,,342889,29,0,9,2,32,,342895,29,0,9,2,72,,342877,29,0,9,1,32,,342890,29,0,9,2,74,,342896,29,0,9,2,32,,342878,29,0,9,1,72,,342891,29,0,9,2,33,,342897,29,0,9,2,72,,342879,29,0,9,1,32,,342900,29,0,9,1,73,,342898,29,0,9,2,72,,342880,29,0,9,1,32,,342901,29,0,9,1,72,,342899,29,0,9,2,32,,342881,29,0,9,1,73,,342902,29,0,9,1,32,,342907,29,0,9,1,70,,342882,29,0,9,1,28,,342903,29,0,9,1,72,,342908,29,0,9,1,30,,342883,29,0,9,1,69,,342904,29,0,9,1,28,,342909,29,0,9,1,69,,342884,29,0,9,1,29,,342905,29,0,9,1,67,,342910,29,0,9,1,29,,342885,29,0,9,1,68,,342906,29,0,9,1,27,,342911,29,0,9,1
20904,'H60S200F-80-F2',605,,342912,29,0,9,1,30,,342925,29,0,9,2,71,,342931,29,0,9,2,30,,342913,29,0,9,1,70,,342926,29,0,9,2,31,,342932,29,0,9,2,71,,342914,29,0,9,1,29,,342927,29,0,9,2,71,,342933,29,0,9,2,31,,342915,29,0,9,1,69,,342928,29,0,9,2,32,,342934,29,0,9,2,72,,342916,29,0,9,1,32,,342929,29,0,9,2,74,,342935,29,0,9,2,32,,342917,29,0,9,1,72,,342930,29,0,9,2,33,,342936,29,0,9,2,72,,342918,29,0,9,1,32,,342939,29,0,9,1,73,,342937,29,0,9,2,72,,342919,29,0,9,1,32,,342940,29,0,9,1,72,,342938,29,0,9,2,32,,342920,29,0,9,1,73,,342941,29,0,9,1,32,,342946,29,0,9,1,70,,342921,29,0,9,1,28,,342942,29,0,9,1,72,,342947,29,0,9,1,30,,342922,29,0,9,1,69,,342943,29,0,9,1,28,,342948,29,0,9,1,69,,342923,29,0,9,1,29,,342944,29,0,9,1,67,,342949,29,0,9,1,29,,342924,29,0,9,1,68,,342945,29,0,9,1,27,,342950,29,0,9,1
