7902,'H58S000A-80-A',516,,309452,27,0,10,2,33,,309461,27,0,10,2,62,,309449,27,0,10,1,30,,309453,27,0,10,2,65,,309466,27,0,10,2,20,,309454,27,0,10,1,33,,309459,27,0,10,2,74,,309462,27,0,10,2,73,,309450,27,0,10,1,33,,309484,27,0,10,2,73,,309463,27,0,10,2,30,,309455,27,0,10,1,70,,309460,27,0,10,2,30,,309467,27,0,10,2,70,,309451,27,0,10,1,30,,309485,27,0,10,2,70,,309464,27,0,10,2,30,,309456,27,0,10,1,73,,309486,27,0,10,2,33,,309468,27,0,10,2,73,,309457,27,0,10,1,21,,309490,27,0,10,2,70,,309465,27,0,10,2,30,,309480,27,0,10,1,70,,309487,27,0,10,2,30,,309469,27,0,10,2,73,,309458,27,0,10,1,30,,309472,27,0,10,1,70,,309478,27,0,10,1,30,,309481,27,0,10,1,69,,309473,27,0,10,1,29,,309470,27,0,10,2,69,,309488,27,0,10,1,30,,309475,27,0,10,2,70,,309479,27,0,10,1,30,,309489,27,0,10,1,70,,309476,27,0,10,2,30,,309471,27,0,10,2,70,,309482,27,0,10,1,30,,309477,27,0,10,2,70,,309474,27,0,10,1,35,,309483,27,0,10,1
7902,'H58S000I-80-I',514,,309494,27,0,10,1,34,,309513,27,0,10,2,63,,309491,27,0,10,1,30,,309495,27,0,10,1,65,,309497,27,0,10,2,20,,309501,27,0,10,1,33,,309517,27,0,10,1,74,,309493,27,0,10,2,73,,309492,27,0,10,1,33,,309496,27,0,10,1,73,,309498,27,0,10,2,30,,309502,27,0,10,1,70,,309518,27,0,10,1,30,,309499,27,0,10,2,70,,309522,27,0,10,2,30,,309519,27,0,10,1,70,,309507,27,0,10,2,30,,309503,27,0,10,1,73,,309524,27,0,10,2,33,,309500,27,0,10,2,73,,309523,27,0,10,2,21,,309521,27,0,10,1,70,,309508,27,0,10,2,30,,309504,27,0,10,1,70,,309525,27,0,10,2,30,,309509,27,0,10,2,70,,309505,27,0,10,1,30,,309526,27,0,10,2,70,,309510,27,0,10,2,30,,309506,27,0,10,1,70,,309520,27,0,10,1,30,,309511,27,0,10,2,70,,309527,27,0,10,2,30,,309514,27,0,10,1,70,,309512,27,0,10,2,30,,309528,27,0,10,2,70,,309515,27,0,10,1,30,,309530,27,0,10,2,70,,309529,27,0,10,2,33,,309516,27,0,10,1,73,,309531,27,0,10,2
7902,'H58S000S-83-S',513,,309537,27,0,10,2,35,,309542,27,0,10,1,70,,309545,27,0,10,2,24,,309539,27,0,10,2,63,,309538,27,0,10,2,18,,309533,27,0,10,1,13,,309544,27,0,10,2,7,,309578,27,0,10,2,8,,309546,27,0,10,2,53,,309532,27,0,10,2,15,,309549,27,0,10,1,15,,309562,27,0,10,2,15,,309540,27,0,10,2,68,,309534,27,0,10,1,30,,309547,27,0,10,2,70,,309565,27,0,10,1,30,,309541,27,0,10,2,70,,309563,27,0,10,1,30,,309535,27,0,10,1,70,,309548,27,0,10,2,30,,309566,27,0,10,1,70,,309564,27,0,10,1,30,,309556,27,0,10,1,70,,309536,27,0,10,1,31,,309570,27,0,10,2,55,,309579,27,0,10,2,19,,309572,27,0,10,2,19,,309557,27,0,10,1,10,,309580,27,0,10,2,50,,309550,27,0,10,1,20,,309576,27,0,10,2,15,,309581,27,0,10,2,15,,309571,27,0,10,2,55,,309582,27,0,10,2,14,,309551,27,0,10,1,15,,309583,27,0,10,2,15,,309543,27,0,10,1,55,,309584,27,0,10,2,15,,309577,27,0,10,2,30,,309558,27,0,10,2,69,,309552,27,0,10,1,30,,309567,27,0,10,1,65,,309573,27,0,10,1,30,,309559,27,0,10,2,70,,309553,27,0,10,1,28,,309568,27,0,10,1,70,,309574,27,0,10,1,30,,309560,27,0,10,2,70,,309554,27,0,10,1,30,,309569,27,0,10,1,70,,309575,27,0,10,1,30,,309561,27,0,10,2,70,,309555,27,0,10,1
7902,'H58S100F-80-F1',514,,309595,27,0,10,2,34,,309605,27,0,10,1,63,,309586,27,0,10,1,30,,309596,27,0,10,2,65,,309606,27,0,10,1,20,,309597,27,0,10,1,33,,309599,27,0,10,2,74,,309613,27,0,10,1,73,,309587,27,0,10,1,33,,309585,27,0,10,1,73,,309614,27,0,10,1,30,,309588,27,0,10,1,70,,309600,27,0,10,2,30,,309607,27,0,10,1,70,,309589,27,0,10,1,30,,309615,27,0,10,1,70,,309603,27,0,10,2,30,,309590,27,0,10,1,73,,309601,27,0,10,2,33,,309608,27,0,10,1,73,,309620,27,0,10,1,21,,309616,27,0,10,1,70,,309604,27,0,10,2,30,,309591,27,0,10,1,70,,309602,27,0,10,2,30,,309609,27,0,10,1,70,,309621,27,0,10,1,30,,309598,27,0,10,2,70,,309610,27,0,10,1,30,,309622,27,0,10,1,70,,309617,27,0,10,1,30,,309611,27,0,10,1,70,,309623,27,0,10,2,30,,309592,27,0,10,1,70,,309612,27,0,10,1,30,,309624,27,0,10,2,70,,309593,27,0,10,1,30,,309618,27,0,10,1,70,,309625,27,0,10,2,33,,309594,27,0,10,1,73,,309619,27,0,10,1
7902,'H58S200F-80-F2',514,,309626,27,0,10,2,34,,309643,27,0,10,1,63,,309644,27,0,10,1,30,,309627,27,0,10,2,65,,309654,27,0,10,1,20,,309635,27,0,10,1,33,,309650,27,0,10,2,74,,309639,27,0,10,1,73,,309645,27,0,10,1,33,,309637,27,0,10,1,73,,309640,27,0,10,1,30,,309646,27,0,10,1,70,,309651,27,0,10,2,30,,309655,27,0,10,1,70,,309647,27,0,10,1,30,,309628,27,0,10,1,70,,309633,27,0,10,2,30,,309648,27,0,10,1,73,,309652,27,0,10,2,33,,309656,27,0,10,1,73,,309661,27,0,10,1,21,,309629,27,0,10,1,70,,309634,27,0,10,2,30,,309649,27,0,10,1,70,,309653,27,0,10,2,30,,309657,27,0,10,1,70,,309662,27,0,10,1,30,,309638,27,0,10,2,70,,309658,27,0,10,1,30,,309663,27,0,10,1,70,,309636,27,0,10,1,30,,309659,27,0,10,1,70,,309664,27,0,10,2,30,,309630,27,0,10,1,70,,309660,27,0,10,1,30,,309665,27,0,10,2,70,,309631,27,0,10,1,30,,309641,27,0,10,1,70,,309666,27,0,10,2,33,,309632,27,0,10,1,73,,309642,27,0,10,1
38202,'H60S000A-80-A',2607,,347374,30,0,10,1,45,,347376,30,0,10,1,85,,347373,30,0,10,1,85,,347375,30,0,10,1
38202,'H60S000I-81-I',2608,,347379,30,0,10,1,45,,347378,30,0,10,1,84,,347377,30,0,10,1,85,,347380,30,0,10,1
38202,'H60S000S-83-S',2608,,347381,30,0,10,2,45,,347384,30,0,10,1,84,,347382,30,0,10,1,85,,347383,30,0,10,1
38202,'H60S100F-80-F1',2608,,347387,30,0,10,1,45,,347385,30,0,10,1,84,,347386,30,0,10,2,85,,347388,30,0,10,1
38202,'H60S200F-80-F2',2608,,347391,30,0,10,1,45,,347389,30,0,10,1,84,,347390,30,0,10,2,85,,347392,30,0,10,1
