18002,'H58S000A-80-A',546,,334546,24,0,10,2,71,,334541,24,0,10,1,33,,334547,24,0,10,2,72,,334542,24,0,10,1,27,,334549,24,0,10,1,66,,334548,24,0,10,2,30,,334543,24,0,10,1,67,,334550,24,0,10,1,28,,334555,24,0,10,1,71,,334544,24,0,10,1,32,,334551,24,0,10,1,73,,334556,24,0,10,1,32,,334545,24,0,10,1,74,,334559,24,0,10,2,31,,334562,24,0,10,2,73,,334563,24,0,10,1,33,,334560,24,0,10,2,73,,334568,24,0,10,1,73,,334564,24,0,10,1,33,,334561,24,0,10,2,73,,334569,24,0,10,1,33,,334570,24,0,10,2,73,,334557,24,0,10,1,32,,334571,24,0,10,2,72,,334534,24,0,10,2,32,,334558,24,0,10,1,67,,334572,24,0,10,2,30,,334535,24,0,10,2,69,,334538,24,0,10,1,29,,334573,24,0,10,2,67,,334536,24,0,10,2,26,,334539,24,0,10,1,67,,334574,24,0,10,2,27,,334537,24,0,10,2,66,,334540,24,0,10,1,26,,334575,24,0,10,2,27,,334552,24,0,10,1,62,,334565,24,0,10,1,27,,334553,24,0,10,1,71,,334566,24,0,10,1,31,,334554,24,0,10,1,70,,334567,24,0,10,1
18002,'H58S000I-80-I',618,,334598,24,0,10,2,33,,334586,24,0,10,1,73,,334599,24,0,10,2,32,,334587,24,0,10,1,73,,334600,24,0,10,2,72,,334588,24,0,10,1,27,,334576,24,0,10,1,27,,334601,24,0,10,2,68,,334589,24,0,10,1,28,,334577,24,0,10,1,70,,334602,24,0,10,2,29,,334590,24,0,10,1,69,,334578,24,0,10,1,31,,334603,24,0,10,2,70,,334591,24,0,10,1,30,,334579,24,0,10,1,70,,334604,24,0,10,2,30,,334592,24,0,10,1,71,,334580,24,0,10,1,30,,334605,24,0,10,2,70,,334593,24,0,10,1,30,,334581,24,0,10,1,70,,334606,24,0,10,2,30,,334594,24,0,10,1,70,,334582,24,0,10,1,29,,334607,24,0,10,2,70,,334595,24,0,10,1,30,,334583,24,0,10,1,70,,334608,24,0,10,2,28,,334596,24,0,10,1,68,,334584,24,0,10,1,28,,334609,24,0,10,2,67,,334597,24,0,10,1,27,,334585,24,0,10,1,71,,334610,24,0,10,1,29,,334614,24,0,10,2,71,,334611,24,0,10,1,29,,334615,24,0,10,2,69,,334612,24,0,10,1,29,,334613,24,0,10,1
18002,'H58S000S-83-S',548,,334633,24,0,10,1,68,,334637,24,0,10,2,33,,334638,24,0,10,2,72,,334626,24,0,10,1,34,,334639,24,0,10,2,72,,334641,24,0,10,2,20,,334627,24,0,10,1,73,,334618,24,0,10,1,33,,334642,24,0,10,2,71,,334649,24,0,10,2,33,,334619,24,0,10,1,71,,334643,24,0,10,2,30,,334650,24,0,10,2,63,,334620,24,0,10,1,33,,334644,24,0,10,2,73,,334634,24,0,10,1,73,,334621,24,0,10,1,33,,334645,24,0,10,2,20,,334648,24,0,10,1,63,,334653,24,0,10,1,25,,334622,24,0,10,1,14,,334656,24,0,10,1,52,,334659,24,0,10,2,12,,334646,24,0,10,2,12,,334661,24,0,10,1,22,,334658,24,0,10,2,62,,334623,24,0,10,1,22,,334660,24,0,10,2,17,,334651,24,0,10,2,50,,334640,24,0,10,2,9,,334662,24,0,10,1,12,,334652,24,0,10,2,19,,334617,24,0,10,2,67,,334657,24,0,10,2,31,,334624,24,0,10,1,71,,334655,24,0,10,2,29,,334628,24,0,10,1,70,,334625,24,0,10,1,31,,334616,24,0,10,2,70,,334629,24,0,10,1,29,,334635,24,0,10,1,69,,334631,24,0,10,2,29,,334630,24,0,10,1,69,,334636,24,0,10,1,29,,334632,24,0,10,2,69,,334647,24,0,10,1,28,,334654,24,0,10,1
18002,'H58S100F-80-F1',618,,334684,24,0,10,2,33,,334675,24,0,10,1,73,,334685,24,0,10,2,32,,334676,24,0,10,1,73,,334686,24,0,10,2,72,,334677,24,0,10,1,27,,334665,24,0,10,1,27,,334687,24,0,10,2,68,,334678,24,0,10,1,28,,334666,24,0,10,1,70,,334688,24,0,10,2,29,,334679,24,0,10,1,69,,334667,24,0,10,1,31,,334689,24,0,10,2,70,,334680,24,0,10,1,30,,334668,24,0,10,1,70,,334690,24,0,10,2,30,,334681,24,0,10,1,71,,334669,24,0,10,1,30,,334700,24,0,10,2,70,,334682,24,0,10,1,30,,334670,24,0,10,1,70,,334701,24,0,10,2,30,,334683,24,0,10,1,70,,334671,24,0,10,1,29,,334702,24,0,10,2,70,,334697,24,0,10,2,30,,334672,24,0,10,1,70,,334695,24,0,10,2,28,,334698,24,0,10,2,68,,334673,24,0,10,1,28,,334696,24,0,10,2,67,,334699,24,0,10,2,27,,334674,24,0,10,1,71,,334692,24,0,10,1,29,,334663,24,0,10,1,71,,334693,24,0,10,1,29,,334664,24,0,10,1,69,,334694,24,0,10,1,29,,334691,24,0,10,1
18002,'H58S200F-80-F2',618,,334715,24,0,10,2,33,,334732,24,0,10,1,73,,334716,24,0,10,2,32,,334733,24,0,10,1,73,,334717,24,0,10,2,72,,334734,24,0,10,1,27,,334722,24,0,10,1,27,,334718,24,0,10,2,68,,334735,24,0,10,1,28,,334723,24,0,10,1,70,,334719,24,0,10,2,29,,334736,24,0,10,1,69,,334724,24,0,10,1,31,,334720,24,0,10,2,70,,334737,24,0,10,1,30,,334725,24,0,10,1,70,,334721,24,0,10,2,30,,334738,24,0,10,1,71,,334726,24,0,10,1,30,,334712,24,0,10,2,70,,334739,24,0,10,1,30,,334727,24,0,10,1,70,,334713,24,0,10,2,30,,334740,24,0,10,1,70,,334728,24,0,10,1,29,,334714,24,0,10,2,70,,334703,24,0,10,2,30,,334729,24,0,10,1,70,,334741,24,0,10,2,28,,334704,24,0,10,2,68,,334730,24,0,10,1,28,,334742,24,0,10,2,67,,334705,24,0,10,2,27,,334731,24,0,10,1,71,,334706,24,0,10,1,29,,334710,24,0,10,1,71,,334707,24,0,10,1,29,,334711,24,0,10,1,69,,334708,24,0,10,1,29,,334709,24,0,10,1
36503,'H58S000A-80-A',2656,,346842,49,0,8,1,72,,346840,49,0,8,1,73,,346841,49,0,8,1,31,,346844,49,0,8,1,76,,346839,49,0,8,1,37,,346843,49,0,8,1
36503,'H58S000I-80-I',2620,,346849,49,0,8,1,81,,346845,49,0,8,1,42,,346847,49,0,8,1,80,,346850,49,0,8,1,82,,346846,49,0,8,1,40,,346848,49,0,8,1
36503,'H58S000S-83-S',2623,,346852,49,0,8,1,79,,346854,49,0,8,1,40,,346856,49,0,8,1,80,,346851,49,0,8,1,80,,346853,49,0,8,1,42,,346855,49,0,8,1
36503,'H58S100F-80-F1',2620,,346861,49,0,8,1,81,,346859,49,0,8,1,42,,346857,49,0,8,1,80,,346862,49,0,8,1,82,,346860,49,0,8,1,40,,346858,49,0,8,1
36503,'H58S200F-80-F2',2620,,346867,49,0,8,1,81,,346863,49,0,8,1,42,,346865,49,0,8,1,80,,346868,49,0,8,1,82,,346864,49,0,8,1,40,,346866,49,0,8,1
