12101,'H58S000A-80-A',515,,321010,19,0,5,1,29,,321006,19,0,5,1,70,,321013,19,0,5,1,32,,321011,19,0,5,1,70,,321007,19,0,5,1,32,,321019,19,0,5,1,71,,321014,19,0,5,1,29,,321012,19,0,5,1,69,,321008,19,0,5,1,23,,321020,19,0,5,1,63,,321049,19,0,5,1,21,,321015,19,0,5,1,20,,321033,19,0,5,1,60,,321041,19,0,5,1,17,,321009,19,0,5,1,15,,321021,19,0,5,1,15,,321029,19,0,5,1,56,,321050,19,0,5,1,15,,321025,19,0,5,1,14,,321016,19,0,5,1,14,,321063,19,0,5,1,52,,321034,19,0,5,1,12,,321042,19,0,5,1,12,,321057,19,0,5,1,13,,321022,19,0,5,1,15,,321030,19,0,5,1,55,,321066,19,0,5,1,12,,321051,19,0,5,1,12,,321026,19,0,5,1,13,,321017,19,0,5,1,12,,321064,19,0,5,1,52,,321035,19,0,5,1,13,,321043,19,0,5,1,12,,321058,19,0,5,1,11,,321023,19,0,5,1,11,,321069,19,0,5,1,51,,321031,19,0,5,1,12,,321067,19,0,5,1,12,,321052,19,0,5,1,11,,321027,19,0,5,1,12,,321018,19,0,5,1,52,,321065,19,0,5,1,13,,321036,19,0,5,1,12,,321044,19,0,5,1,12,,321032,19,0,5,1,12,,321059,19,0,5,1,53,,321024,19,0,5,1,14,,321068,19,0,5,1,16,,321053,19,0,5,1,18,,321028,19,0,5,1,61,,321037,19,0,5,1,24,,321045,19,0,5,1,66,,321060,19,0,5,1,29,,321054,19,0,5,1,70,,321038,19,0,5,1,30,,321046,19,0,5,1,70,,321061,19,0,5,1,31,,321055,19,0,5,1,70,,321039,19,0,5,1,28,,321047,19,0,5,1,69,,321062,19,0,5,1,30,,321056,19,0,5,1,73,,321040,19,0,5,1,33,,321048,19,0,5,1
12101,'H58S000I-80-I',515,,321077,19,0,5,1,33,,321070,19,0,5,1,70,,321088,19,0,5,1,30,,321078,19,0,5,1,72,,321071,19,0,5,1,32,,321089,19,0,5,1,70,,321079,19,0,5,1,30,,321095,19,0,5,1,67,,321072,19,0,5,1,23,,321090,19,0,5,1,62,,321113,19,0,5,1,21,,321080,19,0,5,1,19,,321104,19,0,5,1,59,,321096,19,0,5,1,19,,321073,19,0,5,1,18,,321091,19,0,5,1,17,,321117,19,0,5,1,57,,321114,19,0,5,1,17,,321081,19,0,5,1,18,,321105,19,0,5,1,58,,321097,19,0,5,1,16,,321074,19,0,5,1,15,,321092,19,0,5,1,16,,321106,19,0,5,1,60,,321118,19,0,5,1,20,,321082,19,0,5,1,20,,321120,19,0,5,1,58,,321098,19,0,5,1,17,,321075,19,0,5,1,14,,321093,19,0,5,1,15,,321107,19,0,5,1,55,,321115,19,0,5,1,15,,321119,19,0,5,1,17,,321083,19,0,5,1,56,,321121,19,0,5,1,16,,321099,19,0,5,1,16,,321076,19,0,5,1,16,,321094,19,0,5,1,57,,321108,19,0,5,1,14,,321116,19,0,5,1,19,,321084,19,0,5,1,64,,321122,19,0,5,1,28,,321100,19,0,5,1,70,,321109,19,0,5,1,29,,321085,19,0,5,1,70,,321123,19,0,5,1,31,,321101,19,0,5,1,71,,321110,19,0,5,1,29,,321086,19,0,5,1,71,,321124,19,0,5,1,30,,321102,19,0,5,1,71,,321111,19,0,5,1,31,,321087,19,0,5,1,69,,321103,19,0,5,1,32,,321112,19,0,5,1
12101,'H58S000S-83-S',517,,321138,19,0,5,1,23,,321155,19,0,5,1,69,,321132,19,0,5,1,11,,321140,19,0,5,1,10,,321150,19,0,5,1,10,,321166,19,0,5,1,10,,321174,19,0,5,1,8,,321175,19,0,5,1,48,,321139,19,0,5,1,6,,321125,19,0,5,1,7,,321181,19,0,5,1,7,,321156,19,0,5,1,5,,321182,19,0,5,1,6,,321201,19,0,5,1,6,,321183,19,0,5,1,7,,321190,19,0,5,1,8,,321196,19,0,5,1,50,,321133,19,0,5,1,11,,321141,19,0,5,1,10,,321151,19,0,5,1,10,,321202,19,0,5,1,9,,321167,19,0,5,1,10,,321203,19,0,5,1,51,,321176,19,0,5,1,11,,321126,19,0,5,1,11,,321157,19,0,5,1,11,,321184,19,0,5,1,11,,321191,19,0,5,1,51,,321197,19,0,5,1,11,,321134,19,0,5,1,11,,321142,19,0,5,1,12,,321152,19,0,5,1,11,,321168,19,0,5,1,52,,321204,19,0,5,1,12,,321177,19,0,5,1,12,,321127,19,0,5,1,12,,321158,19,0,5,1,12,,321185,19,0,5,1,52,,321192,19,0,5,1,12,,321198,19,0,5,1,13,,321135,19,0,5,1,12,,321143,19,0,5,1,12,,321153,19,0,5,1,52,,321169,19,0,5,1,12,,321178,19,0,5,1,12,,321128,19,0,5,1,12,,321159,19,0,5,1,12,,321186,19,0,5,1,52,,321193,19,0,5,1,12,,321199,19,0,5,1,12,,321136,19,0,5,1,13,,321205,19,0,5,1,12,,321144,19,0,5,1,54,,321154,19,0,5,1,13,,321170,19,0,5,1,12,,321179,19,0,5,1,6,,321129,19,0,5,1,9,,321160,19,0,5,1,9,,321222,19,0,5,1,48,,321187,19,0,5,1,7,,321194,19,0,5,1,7,,321213,19,0,5,1,7,,321200,19,0,5,1,7,,321215,19,0,5,1,7,,321211,19,0,5,1,6,,321216,19,0,5,1,7,,321137,19,0,5,1,7,,321206,19,0,5,1,46,,321225,19,0,5,1,7,,321145,19,0,5,1,7,,321224,19,0,5,1,6,,321220,19,0,5,1,7,,321195,19,0,5,1,6,,321171,19,0,5,1,6,,321180,19,0,5,1,6,,321130,19,0,5,1,9,,321161,19,0,5,1,49,,321223,19,0,5,1,10,,321188,19,0,5,1,12,,321214,19,0,5,1,12,,321212,19,0,5,1,11,,321217,19,0,5,1,52,,321207,19,0,5,1,12,,321146,19,0,5,1,12,,321221,19,0,5,1,12,,321172,19,0,5,1,12,,321131,19,0,5,1,52,,321162,19,0,5,1,11,,321189,19,0,5,1,24,,321218,19,0,5,1,64,,321208,19,0,5,1,24,,321147,19,0,5,1,23,,321173,12,0,5,1,7,,321163,19,0,5,1,70,,321219,19,0,5,1,29,,321209,19,0,5,1,71,,321148,19,0,5,1,32,,321164,19,0,5,1,73,,321210,19,0,5,1,72,,321149,19,0,5,1,32,,321165,19,0,5,1
12101,'H58S100F-80-F1',515,,321233,19,0,5,1,33,,321226,19,0,5,1,70,,321240,19,0,5,1,30,,321234,19,0,5,1,72,,321227,19,0,5,1,32,,321241,19,0,5,1,70,,321235,19,0,5,1,30,,321254,19,0,5,1,67,,321228,19,0,5,1,23,,321242,19,0,5,1,62,,321267,19,0,5,1,21,,321236,19,0,5,1,19,,321263,19,0,5,1,59,,321255,19,0,5,1,19,,321229,19,0,5,1,18,,321243,19,0,5,1,17,,321273,19,0,5,1,57,,321268,19,0,5,1,17,,321237,19,0,5,1,18,,321264,19,0,5,1,58,,321256,19,0,5,1,16,,321230,19,0,5,1,15,,321251,19,0,5,1,16,,321244,19,0,5,1,60,,321274,19,0,5,1,20,,321238,19,0,5,1,20,,321276,19,0,5,1,58,,321257,19,0,5,1,17,,321231,19,0,5,1,14,,321252,19,0,5,1,15,,321245,19,0,5,1,55,,321265,19,0,5,1,15,,321275,19,0,5,1,17,,321239,19,0,5,1,56,,321277,19,0,5,1,16,,321258,19,0,5,1,16,,321232,19,0,5,1,16,,321253,19,0,5,1,57,,321246,19,0,5,1,14,,321266,19,0,5,1,19,,321269,19,0,5,1,64,,321278,19,0,5,1,28,,321259,19,0,5,1,70,,321247,19,0,5,1,29,,321270,19,0,5,1,70,,321279,19,0,5,1,31,,321260,19,0,5,1,71,,321248,19,0,5,1,29,,321271,19,0,5,1,71,,321280,19,0,5,1,30,,321261,19,0,5,1,71,,321249,19,0,5,1,31,,321272,19,0,5,1,69,,321262,19,0,5,1,32,,321250,19,0,5,1
12101,'H58S200F-80-F2',515,,321293,19,0,5,1,33,,321286,19,0,5,1,70,,321300,19,0,5,1,30,,321294,19,0,5,1,72,,321287,19,0,5,1,32,,321301,19,0,5,1,70,,321295,19,0,5,1,30,,321311,19,0,5,1,67,,321288,19,0,5,1,23,,321302,19,0,5,1,62,,321322,19,0,5,1,21,,321296,19,0,5,1,19,,321320,19,0,5,1,59,,321312,19,0,5,1,19,,321289,19,0,5,1,18,,321303,19,0,5,1,17,,321328,19,0,5,1,57,,321323,19,0,5,1,17,,321297,19,0,5,1,18,,321321,19,0,5,1,58,,321313,19,0,5,1,16,,321290,19,0,5,1,15,,321281,19,0,5,1,16,,321304,19,0,5,1,60,,321329,19,0,5,1,20,,321298,19,0,5,1,20,,321331,19,0,5,1,58,,321314,19,0,5,1,17,,321291,19,0,5,1,14,,321282,19,0,5,1,15,,321305,19,0,5,1,55,,321284,19,0,5,1,15,,321330,19,0,5,1,17,,321299,19,0,5,1,56,,321332,19,0,5,1,16,,321315,19,0,5,1,16,,321292,19,0,5,1,16,,321283,19,0,5,1,57,,321306,19,0,5,1,14,,321285,19,0,5,1,19,,321324,19,0,5,1,64,,321333,19,0,5,1,28,,321316,19,0,5,1,70,,321307,19,0,5,1,29,,321325,19,0,5,1,70,,321334,19,0,5,1,31,,321317,19,0,5,1,71,,321308,19,0,5,1,29,,321326,19,0,5,1,71,,321335,19,0,5,1,30,,321318,19,0,5,1,71,,321309,19,0,5,1,31,,321327,19,0,5,1,69,,321319,19,0,5,1,32,,321310,19,0,5,1
17101,'H50S000A-82-A',504,,332284,6,0,5,2,31,,332325,6,0,5,1,71,,332285,6,0,5,2,32,,332305,6,0,5,1,71,,332286,6,0,5,2,31,,332306,6,0,5,1,71,,332287,6,0,5,2,31,,332307,6,0,5,1,70,,332288,6,0,5,2,30,,332308,6,0,5,1,70,,332289,6,0,5,2,30,,332309,6,0,5,1,70,,332290,6,0,5,2,31,,332310,6,0,5,1,71,,332291,6,0,5,2,30,,332311,6,0,5,1,70,,332292,6,0,5,2,31,,332312,6,0,5,1,71,,332293,6,0,5,2,30,,332313,6,0,5,1,70,,332294,6,0,5,2,30,,332314,6,0,5,1,71,,332295,6,0,5,2,31,,332315,6,0,5,1,71,,332296,6,0,5,2,31,,332316,6,0,5,1,70,,332297,6,0,5,2,31,,332317,6,0,5,1,71,,332298,6,0,5,2,32,,332318,6,0,5,1,71,,332299,6,0,5,2,31,,332319,6,0,5,1,71,,332300,6,0,5,2,31,,332320,6,0,5,1,71,,332301,6,0,5,2,71,,332321,6,0,5,1,30,,332302,6,0,5,2,71,,332322,6,0,5,1,31,,332303,6,0,5,2,71,,332323,6,0,5,1,29,,332304,6,0,5,2,72,,332324,6,0,5,1
17101,'H50S000I-82-I',504,,332365,6,0,5,2,30,,332366,6,0,5,1,70,,332327,6,0,5,2,30,,332346,6,0,5,1,68,,332328,6,0,5,2,27,,332326,6,0,5,1,27,,332347,6,0,5,1,68,,332329,6,0,5,2,29,,332348,6,0,5,1,71,,332330,6,0,5,2,31,,332349,6,0,5,1,70,,332331,6,0,5,2,30,,332350,6,0,5,1,70,,332332,6,0,5,2,30,,332351,6,0,5,1,71,,332333,6,0,5,2,31,,332352,6,0,5,1,72,,332334,6,0,5,2,71,,332353,6,0,5,1,31,,332335,6,0,5,2,71,,332354,6,0,5,1,31,,332336,6,0,5,2,71,,332355,6,0,5,1,30,,332337,6,0,5,2,70,,332356,6,0,5,1,30,,332338,6,0,5,2,70,,332357,6,0,5,1,30,,332339,6,0,5,2,68,,332358,6,0,5,1,30,,332340,6,0,5,2,70,,332359,6,0,5,1,29,,332341,6,0,5,2,70,,332360,6,0,5,1,30,,332342,6,0,5,2,70,,332361,6,0,5,1,30,,332343,6,0,5,2,70,,332362,6,0,5,1,31,,332344,6,0,5,2,71,,332363,6,0,5,1,31,,332345,6,0,5,2,71,,332364,6,0,5,1
17101,'H50S000S-82-S',504,,332373,6,0,5,2,29,,332378,6,0,5,1,68,,332381,6,0,5,2,23,,332384,6,0,5,2,17,,332379,6,0,5,1,16,,332382,6,0,5,2,56,,332374,6,0,5,1,17,,332385,6,0,5,2,16,,332380,6,0,5,1,57,,332383,6,0,5,2,19,,332375,6,0,5,1,20,,332411,6,0,5,2,62,,332415,6,0,5,1,22,,332376,6,0,5,1,23,,332412,6,0,5,2,65,,332416,6,0,5,1,27,,332377,6,0,5,1,68,,332413,6,0,5,2,28,,332417,6,0,5,1,71,,332414,6,0,5,2,29,,332418,6,0,5,1,69,,332367,6,0,5,2,30,,332372,6,0,5,1,70,,332368,6,0,5,2,30,,332403,6,0,5,1,68,,332393,6,0,5,2,23,,332369,6,0,5,2,23,,332404,6,0,5,1,59,,332386,6,0,5,1,18,,332394,6,0,5,2,17,,332370,6,0,5,2,57,,332405,6,0,5,1,15,,332387,6,0,5,1,15,,332388,6,0,5,1,14,,332395,6,0,5,2,55,,332371,6,0,5,2,15,,332406,6,0,5,1,19,,332389,6,0,5,1,19,,332396,6,0,5,2,62,,332407,6,0,5,1,26,,332390,6,0,5,1,69,,332397,6,0,5,2,30,,332391,6,0,5,1,70,,332398,6,0,5,2,30,,332392,6,0,5,1,70,,332399,6,0,5,2,30,,332408,6,0,5,1,70,,332400,6,0,5,2,29,,332409,6,0,5,1,69,,332401,6,0,5,2,28,,332410,6,0,5,1,68,,332402,6,0,5,2
17101,'H50S100F-80-F1',504,,332458,6,0,5,2,30,,332459,6,0,5,1,70,,332420,6,0,5,2,30,,332439,6,0,5,1,68,,332421,6,0,5,2,27,,332419,6,0,5,1,27,,332440,6,0,5,1,68,,332422,6,0,5,2,29,,332441,6,0,5,1,71,,332423,6,0,5,2,31,,332442,6,0,5,1,70,,332424,6,0,5,2,30,,332443,6,0,5,1,70,,332425,6,0,5,2,30,,332444,6,0,5,1,71,,332426,6,0,5,2,31,,332445,6,0,5,1,72,,332427,6,0,5,2,71,,332446,6,0,5,1,31,,332428,6,0,5,2,71,,332447,6,0,5,1,31,,332429,6,0,5,2,71,,332448,6,0,5,1,30,,332430,6,0,5,2,70,,332449,6,0,5,1,30,,332431,6,0,5,2,70,,332450,6,0,5,1,30,,332432,6,0,5,2,68,,332451,6,0,5,1,30,,332433,6,0,5,2,70,,332452,6,0,5,1,29,,332434,6,0,5,2,70,,332453,6,0,5,1,30,,332435,6,0,5,2,70,,332454,6,0,5,1,30,,332436,6,0,5,2,70,,332455,6,0,5,1,31,,332437,6,0,5,2,71,,332456,6,0,5,1,31,,332438,6,0,5,2,71,,332457,6,0,5,1
17101,'H50S200F-80-F2',504,,332499,6,0,5,2,30,,332500,6,0,5,1,70,,332461,6,0,5,2,30,,332480,6,0,5,1,68,,332462,6,0,5,2,27,,332460,6,0,5,1,27,,332481,6,0,5,1,68,,332463,6,0,5,2,29,,332482,6,0,5,1,71,,332464,6,0,5,2,31,,332483,6,0,5,1,70,,332465,6,0,5,2,30,,332484,6,0,5,1,70,,332466,6,0,5,2,30,,332485,6,0,5,1,71,,332467,6,0,5,2,31,,332486,6,0,5,1,72,,332468,6,0,5,2,71,,332487,6,0,5,1,31,,332469,6,0,5,2,71,,332488,6,0,5,1,31,,332470,6,0,5,2,71,,332489,6,0,5,1,30,,332471,6,0,5,2,70,,332490,6,0,5,1,30,,332472,6,0,5,2,70,,332491,6,0,5,1,30,,332473,6,0,5,2,68,,332492,6,0,5,1,30,,332474,6,0,5,2,70,,332493,6,0,5,1,29,,332475,6,0,5,2,70,,332494,6,0,5,1,30,,332476,6,0,5,2,70,,332495,6,0,5,1,30,,332477,6,0,5,2,70,,332496,6,0,5,1,31,,332478,6,0,5,2,71,,332497,6,0,5,1,31,,332479,6,0,5,2,71,,332498,6,0,5,1
17701,'H58S000S-83-S',1618,,333407,37,0,5,2
17701,'H60S000A-80-A',559,,333408,37,0,5,1,67,,333421,37,0,5,1,30,,333429,37,0,5,1,71,,333409,37,0,5,1,31,,333422,37,0,5,1,71,,333430,37,0,5,1,29,,333410,37,0,5,1,69,,333423,37,0,5,1,30,,333431,37,0,5,1,69,,333411,37,0,5,1,30,,333424,37,0,5,1,71,,333432,37,0,5,1,30,,333412,37,0,5,1,68,,333425,37,0,5,1,20,,333434,37,0,5,2,57,,333433,37,0,5,1,18,,333437,37,0,5,2,23,,333413,37,0,5,1,63,,333426,37,0,5,1,23,,333435,37,0,5,2,24,,333438,37,0,5,2,64,,333414,37,0,5,1,26,,333427,37,0,5,1,63,,333441,37,0,5,2,23,,333436,37,0,5,2,20,,333415,37,0,5,1,58,,333443,37,0,5,2,20,,333428,37,0,5,1,21,,333442,37,0,5,2,63,,333449,37,0,5,2,23,,333416,37,0,5,1,66,,333444,37,0,5,2,29,,333439,37,0,5,2,30,,333450,37,0,5,2,70,,333417,37,0,5,1,30,,333445,37,0,5,2
17701,'H60S000I-81-I',557,,333451,37,0,5,1,70,,333462,37,0,5,2,30,,333472,37,0,5,2,69,,333452,37,0,5,1,30,,333463,37,0,5,2,70,,333473,37,0,5,2,30,,333453,37,0,5,1,70,,333464,37,0,5,2,30,,333474,37,0,5,2,69,,333454,37,0,5,1,32,,333465,37,0,5,2,69,,333475,37,0,5,2,30,,333455,37,0,5,1,72,,333466,37,0,5,2,31,,333476,37,0,5,2,67,,333456,37,0,5,1,33,,333467,37,0,5,2,70,,333477,37,0,5,2,29,,333457,37,0,5,1,73,,333468,37,0,5,2,71,,333478,37,0,5,2,28,,333458,37,0,5,1,24,,333489,37,0,5,2,62,,333469,37,0,5,2,32,,333479,37,0,5,2,69,,333459,37,0,5,1,28,,333470,37,0,5,2,73,,333480,37,0,5,2,28,,333460,37,0,5,1,67,,333471,37,0,5,2,25,,333481,37,0,5,1,65,,333485,37,0,5,2
17701,'H60S000S-83-S',548,,333494,37,0,5,1,71,,333502,37,0,5,2,30,,333492,37,0,5,2,71,,333491,37,0,5,1,32,,333507,37,0,5,2,72,,333505,37,0,5,1,30,,333506,37,0,5,2,70,,333508,37,0,5,1,31,,333512,37,0,5,2,70,,333503,37,0,5,1,29,,333509,37,0,5,1,70,,333493,37,0,5,1,29,,333513,37,0,5,2,69,,333490,37,0,5,2,29,,333495,37,0,5,1,71,,333516,37,0,5,2,31,,333514,37,0,5,2,66,,333510,37,0,5,1,22,,333496,37,0,5,1,61,,333525,37,0,5,2,21,,333532,37,0,5,2,15,,333515,37,0,5,2,9,,333537,37,0,5,2,9,,333517,37,0,5,1,47,,333540,37,0,5,1,8,,333511,37,0,5,1,14,,333535,37,0,5,2,11,,333541,37,0,5,2,10,,333526,37,0,5,2,9,,333524,37,0,5,1,48,,333533,37,0,5,1,12,,333497,37,0,5,1,12,,333527,37,0,5,2,12,,333504,37,0,5,1,11,,333518,37,0,5,1,51,,333498,37,0,5,1,11,,333536,37,0,5,2,12,,333519,37,0,5,2,16,,333534,37,0,5,1,18,,333538,37,0,5,1,61,,333528,37,0,5,2,24,,333499,37,0,5,1,66,,333520,37,0,5,2,30,,333539,37,0,5,1,68,,333529,37,0,5,2
17701,'H60S100F-80-F1',557,,333542,37,0,5,1,70,,333555,37,0,5,2,30,,333565,37,0,5,2,69,,333543,37,0,5,1,30,,333556,37,0,5,2,70,,333566,37,0,5,2,30,,333544,37,0,5,1,70,,333557,37,0,5,2,30,,333567,37,0,5,2,69,,333545,37,0,5,1,32,,333558,37,0,5,2,69,,333568,37,0,5,2,30,,333546,37,0,5,1,72,,333559,37,0,5,2,31,,333569,37,0,5,2,67,,333547,37,0,5,1,33,,333560,37,0,5,2,70,,333570,37,0,5,2,29,,333548,37,0,5,1,73,,333561,37,0,5,2,71,,333571,37,0,5,2,28,,333549,37,0,5,1,24,,333574,37,0,5,1,62,,333562,37,0,5,2,32,,333572,37,0,5,2,69,,333550,37,0,5,1,28,,333563,37,0,5,2,73,,333573,37,0,5,2,28,,333551,37,0,5,1,67,,333564,37,0,5,2,25,,333579,37,0,5,1,65,,333575,37,0,5,1
17701,'H60S200F-80-F2',557,,333581,37,0,5,1,70,,333594,37,0,5,2,30,,333604,37,0,5,2,69,,333582,37,0,5,1,30,,333595,37,0,5,2,70,,333605,37,0,5,2,30,,333583,37,0,5,1,70,,333596,37,0,5,2,30,,333606,37,0,5,2,69,,333584,37,0,5,1,32,,333597,37,0,5,2,69,,333607,37,0,5,2,30,,333585,37,0,5,1,72,,333598,37,0,5,2,31,,333608,37,0,5,2,67,,333586,37,0,5,1,33,,333599,37,0,5,2,70,,333609,37,0,5,2,29,,333587,37,0,5,1,73,,333600,37,0,5,2,71,,333610,37,0,5,2,28,,333588,37,0,5,1,24,,333613,37,0,5,1,62,,333601,37,0,5,2,32,,333611,37,0,5,2,69,,333589,37,0,5,1,28,,333602,37,0,5,2,73,,333612,37,0,5,2,28,,333590,37,0,5,1,67,,333603,37,0,5,2,25,,333618,37,0,5,1,65,,333614,37,0,5,1
37801,'H60S000A-80-A',2556,,347259,36,0,5,1,88,,347256,36,0,5,1,93,,347257,36,0,5,1,92,,347258,36,0,5,1
37801,'H60S000I-81-I',2554,,347261,36,0,5,1,90,,347263,36,0,5,1,91,,347260,36,0,5,1,93,,347262,36,0,5,1
37801,'H60S000S-83-S',2554,,347266,36,0,5,1,91,,347264,36,0,5,1,96,,347267,36,0,5,1,91,,347265,36,0,5,1
37801,'H60S100F-80-F1',2554,,347268,36,0,5,1,90,,347271,36,0,5,1,91,,347270,36,0,5,1,93,,347269,36,0,5,1
37801,'H60S200F-80-F2',2554,,347272,36,0,5,1,90,,347275,36,0,5,1,91,,347274,36,0,5,1,93,,347273,36,0,5,1
38001,'H50S000A-82-A',2604,,347292,18,0,5,1,48,,347291,18,0,5,1,85,,347295,18,0,5,1,85,,347293,18,0,5,1
38001,'H50S000I-82-I',2517,,347299,18,0,5,1,86,,347297,18,0,5,2,45,,347298,18,0,5,1,84,,347296,18,0,5,1,85,,347300,18,0,5,1
38001,'H50S000S-82-S',2530,,347303,18,0,5,1,84,,347305,18,0,5,1,87,,347301,18,0,5,1,42,,347302,18,0,5,1,88,,347304,18,0,5,1
38001,'H50S100F-80-F1',2517,,347310,18,0,5,1,86,,347308,18,0,5,2,45,,347309,18,0,5,1,84,,347307,18,0,5,1,85,,347311,18,0,5,1
38001,'H50S200F-80-F2',2517,,347315,18,0,5,1,86,,347313,18,0,5,2,45,,347314,18,0,5,1,84,,347312,18,0,5,1,85,,347316,18,0,5,1
