11002,'H56S000A-80-A',558,,318996,13,0,10,1,70,,319001,13,0,10,1,31,,319005,13,0,10,1,69,,319032,13,0,10,1,30,,318997,13,0,10,1,70,,319002,13,0,10,1,74,,319006,13,0,10,1,32,,319033,13,0,10,1,71,,318998,13,0,10,1,30,,319003,13,0,10,1,71,,318995,13,0,10,1,30,,319004,13,0,10,1,73,,319011,13,0,10,1,32,,319018,13,0,10,1,73,,319026,13,0,10,1,33,,319023,13,0,10,1,73,,319007,13,0,10,1,29,,319012,13,0,10,1,69,,319019,13,0,10,1,30,,319027,13,0,10,1,69,,319024,13,0,10,1,28,,319008,13,0,10,1,65,,319013,13,0,10,1,29,,319020,13,0,10,1,67,,319028,13,0,10,1,26,,319025,13,0,10,1,70,,319009,13,0,10,1,33,,319014,13,0,10,1,71,,319021,13,0,10,1,33,,319029,13,0,10,1,72,,319010,13,0,10,1,31,,319015,13,0,10,1,71,,319022,13,0,10,1,28,,318994,13,0,10,1,67,,319034,13,0,10,1,26,,319016,13,0,10,1,67,,319030,13,0,10,1,28,,318999,13,0,10,1,29,,319035,13,0,10,1,68,,319017,13,0,10,1,26,,319031,13,0,10,1,68,,319000,13,0,10,1
11002,'H56S000I-80-I',627,,319040,13,0,10,1,29,,319071,13,0,10,1,72,,319073,13,0,10,1,30,,319047,13,0,10,1,70,,319041,13,0,10,1,72,,319072,13,0,10,1,33,,319074,13,0,10,1,71,,319048,13,0,10,1,31,,319042,13,0,10,1,71,,319046,13,0,10,1,30,,319075,13,0,10,1,71,,319045,13,0,10,1,31,,319068,13,0,10,1,74,,319065,13,0,10,1,33,,319049,13,0,10,1,72,,319055,13,0,10,1,32,,319063,13,0,10,1,69,,319069,13,0,10,1,28,,319066,13,0,10,1,69,,319050,13,0,10,1,29,,319056,13,0,10,1,68,,319064,13,0,10,1,28,,319070,13,0,10,1,68,,319067,13,0,10,1,31,,319051,13,0,10,1,70,,319057,13,0,10,1,31,,319043,13,0,10,1,71,,319036,13,0,10,1,32,,319052,13,0,10,1,70,,319058,13,0,10,1,29,,319044,13,0,10,1,69,,319037,13,0,10,1,30,,319053,13,0,10,1,69,,319059,13,0,10,1,27,,319061,13,0,10,1,67,,319038,13,0,10,1,28,,319054,13,0,10,1,68,,319060,13,0,10,1,27,,319062,13,0,10,1,26,,319039,13,0,10,1
11002,'H56S000S-82-S',539,,319076,13,0,10,1,71,,319085,13,0,10,1,32,,319112,13,0,10,1,58,,319094,13,0,10,1,30,,319102,13,0,10,1,72,,319077,13,0,10,1,31,,319086,13,0,10,1,73,,319106,13,0,10,1,31,,319095,13,0,10,1,68,,319103,13,0,10,1,33,,319078,13,0,10,1,71,,319087,13,0,10,1,31,,319107,13,0,10,1,73,,319096,13,0,10,1,29,,319104,13,0,10,1,69,,319079,13,0,10,1,29,,319088,13,0,10,1,70,,319100,13,0,10,1,34,,319097,13,0,10,1,70,,319105,13,0,10,1,30,,319080,13,0,10,1,71,,319089,13,0,10,1,26,,319101,13,0,10,1,66,,319110,13,0,10,1,25,,319098,13,0,10,1,15,,319111,13,0,10,1,55,,319108,13,0,10,1,28,,319081,13,0,10,1,29,,319090,13,0,10,1,69,,319113,13,0,10,1,28,,319099,13,0,10,1,68,,319109,13,0,10,1,27,,319082,13,0,10,1,67,,319091,13,0,10,1,28,,319114,13,0,10,1,71,,319117,13,0,10,1,32,,319083,13,0,10,1,73,,319092,13,0,10,1,32,,319115,13,0,10,1,70,,319118,13,0,10,1,28,,319084,13,0,10,1,68,,319093,13,0,10,1,25,,319116,13,0,10,1
11002,'H56S100F-80-F1',627,,319123,13,0,10,1,29,,319154,13,0,10,1,72,,319156,13,0,10,1,30,,319130,13,0,10,1,70,,319124,13,0,10,1,72,,319155,13,0,10,1,33,,319157,13,0,10,1,71,,319131,13,0,10,1,31,,319125,13,0,10,1,71,,319129,13,0,10,1,30,,319158,13,0,10,1,71,,319128,13,0,10,1,31,,319151,13,0,10,1,74,,319148,13,0,10,1,33,,319132,13,0,10,1,72,,319138,13,0,10,1,32,,319146,13,0,10,1,69,,319152,13,0,10,1,28,,319149,13,0,10,1,69,,319133,13,0,10,1,29,,319139,13,0,10,1,68,,319147,13,0,10,1,28,,319153,13,0,10,1,68,,319150,13,0,10,1,31,,319134,13,0,10,1,70,,319140,13,0,10,1,31,,319126,13,0,10,1,71,,319119,13,0,10,1,32,,319135,13,0,10,1,70,,319141,13,0,10,1,29,,319127,13,0,10,1,69,,319120,13,0,10,1,30,,319136,13,0,10,1,69,,319142,13,0,10,1,27,,319144,13,0,10,1,67,,319121,13,0,10,1,28,,319137,13,0,10,1,68,,319143,13,0,10,1,27,,319145,13,0,10,1,26,,319122,13,0,10,1
11002,'H56S200F-80-F2',627,,319163,13,0,10,1,29,,319194,13,0,10,1,72,,319196,13,0,10,1,30,,319170,13,0,10,1,70,,319164,13,0,10,1,72,,319195,13,0,10,1,33,,319197,13,0,10,1,71,,319171,13,0,10,1,31,,319165,13,0,10,1,71,,319169,13,0,10,1,30,,319198,13,0,10,1,71,,319168,13,0,10,1,31,,319191,13,0,10,1,74,,319188,13,0,10,1,33,,319172,13,0,10,1,72,,319178,13,0,10,1,32,,319186,13,0,10,1,69,,319192,13,0,10,1,28,,319189,13,0,10,1,69,,319173,13,0,10,1,29,,319179,13,0,10,1,68,,319187,13,0,10,1,28,,319193,13,0,10,1,68,,319190,13,0,10,1,31,,319174,13,0,10,1,70,,319180,13,0,10,1,31,,319166,13,0,10,1,71,,319159,13,0,10,1,32,,319175,13,0,10,1,70,,319181,13,0,10,1,29,,319167,13,0,10,1,69,,319160,13,0,10,1,30,,319176,13,0,10,1,69,,319182,13,0,10,1,27,,319184,13,0,10,1,67,,319161,13,0,10,1,28,,319177,13,0,10,1,68,,319183,13,0,10,1,27,,319185,13,0,10,1,26,,319162,13,0,10,1
19802,'H56S000A-80-A',503,,339268,3,0,10,1,32,,339265,3,0,10,1,72,,339293,3,0,10,2,31,,339285,3,0,10,1,71,,339269,3,0,10,1,29,,339277,3,0,10,2,68,,339300,3,0,10,1,29,,339294,3,0,10,2,69,,339286,3,0,10,1,31,,339270,3,0,10,1,70,,339278,3,0,10,2,30,,339301,3,0,10,1,69,,339295,3,0,10,2,30,,339287,3,0,10,1,70,,339271,3,0,10,1,29,,339279,3,0,10,2,71,,339302,3,0,10,1,29,,339296,3,0,10,2,68,,339288,3,0,10,1,29,,339272,3,0,10,1,70,,339280,3,0,10,2,29,,339303,3,0,10,2,30,,339297,3,0,10,1,71,,339289,3,0,10,1,29,,339273,3,0,10,1,70,,339281,3,0,10,2,71,,339304,3,0,10,2,29,,339298,3,0,10,1,29,,339290,3,0,10,1,69,,339274,3,0,10,1,29,,339282,3,0,10,2,69,,339305,3,0,10,2,30,,339299,3,0,10,1,69,,339291,3,0,10,1,30,,339275,3,0,10,1,71,,339283,3,0,10,2,30,,339306,3,0,10,2,70,,339266,3,0,10,1,29,,339292,3,0,10,1,71,,339276,3,0,10,1,31,,339284,3,0,10,2,73,,339307,3,0,10,2,30,,339267,3,0,10,1
19802,'H56S000I-80-I',505,,339308,3,0,10,1,30,,339326,3,0,10,2,70,,339312,3,0,10,1,30,,339340,3,0,10,1,70,,339318,3,0,10,2,30,,339309,3,0,10,1,70,,339327,3,0,10,2,31,,339313,3,0,10,1,71,,339341,3,0,10,1,33,,339319,3,0,10,2,73,,339342,3,0,10,1,32,,339328,3,0,10,2,73,,339329,3,0,10,1,32,,339334,3,0,10,1,71,,339320,3,0,10,2,31,,339343,3,0,10,1,71,,339314,3,0,10,1,30,,339330,3,0,10,1,70,,339335,3,0,10,1,30,,339321,3,0,10,2,70,,339344,3,0,10,1,30,,339315,3,0,10,1,70,,339331,3,0,10,1,32,,339336,3,0,10,1,72,,339322,3,0,10,2,29,,339345,3,0,10,1,69,,339316,3,0,10,1,30,,339332,3,0,10,1,70,,339337,3,0,10,1,28,,339323,3,0,10,2,68,,339346,3,0,10,1,30,,339317,3,0,10,1,70,,339333,3,0,10,1,30,,339338,3,0,10,1,70,,339324,3,0,10,2,31,,339310,3,0,10,2,70,,339348,3,0,10,1,30,,339347,3,0,10,2,71,,339339,3,0,10,1,33,,339325,3,0,10,2,73,,339311,3,0,10,1
19802,'H56S000S-82-S',537,,339392,3,0,10,2,70,,339359,3,0,10,2,30,,339390,3,0,10,1,21,,339382,3,0,10,2,61,,339378,3,0,10,2,20,,339364,3,0,10,2,15,,339371,3,0,10,1,50,,339377,3,0,10,1,27,,339383,3,0,10,2,70,,339360,3,0,10,2,31,,339374,3,0,10,1,72,,339379,3,0,10,2,29,,339372,3,0,10,1,68,,339384,3,0,10,2,30,,339361,3,0,10,2,69,,339375,3,0,10,1,30,,339380,3,0,10,2,70,,339373,3,0,10,1,28,,339385,3,0,10,2,31,,339362,3,0,10,2,62,,339351,3,0,10,1,22,,339376,3,0,10,1,63,,339381,3,0,10,2,22,,339349,3,0,10,1,24,,339365,3,0,10,1,70,,339355,3,0,10,1,28,,339363,3,0,10,2,67,,339352,3,0,10,1,27,,339369,3,0,10,2,69,,339388,3,0,10,2,29,,339366,3,0,10,1,69,,339356,3,0,10,1,30,,339391,3,0,10,1,70,,339386,3,0,10,2,30,,339370,3,0,10,2,73,,339367,3,0,10,1,33,,339357,3,0,10,1,73,,339353,3,0,10,1,33,,339387,3,0,10,2,72,,339389,3,0,10,2,31,,339368,3,0,10,1,71,,339358,3,0,10,1,31,,339354,3,0,10,1,71,,339350,3,0,10,1
19802,'H56S100F-80-F1',505,,339393,3,0,10,1,30,,339411,3,0,10,2,70,,339397,3,0,10,1,30,,339425,3,0,10,1,70,,339403,3,0,10,2,30,,339394,3,0,10,1,70,,339412,3,0,10,2,31,,339398,3,0,10,1,71,,339426,3,0,10,1,33,,339404,3,0,10,2,73,,339427,3,0,10,1,32,,339413,3,0,10,2,73,,339414,3,0,10,1,32,,339419,3,0,10,1,71,,339405,3,0,10,2,31,,339428,3,0,10,1,71,,339399,3,0,10,1,30,,339415,3,0,10,1,70,,339420,3,0,10,1,30,,339406,3,0,10,2,70,,339429,3,0,10,1,30,,339400,3,0,10,1,70,,339416,3,0,10,1,32,,339421,3,0,10,1,72,,339407,3,0,10,2,29,,339430,3,0,10,1,69,,339401,3,0,10,1,30,,339417,3,0,10,1,70,,339422,3,0,10,1,28,,339408,3,0,10,2,68,,339431,3,0,10,1,30,,339402,3,0,10,1,70,,339418,3,0,10,1,30,,339423,3,0,10,1,70,,339409,3,0,10,2,31,,339395,3,0,10,2,70,,339433,3,0,10,1,30,,339432,3,0,10,2,71,,339424,3,0,10,1,33,,339410,3,0,10,2,73,,339396,3,0,10,1
19802,'H56S200F-80-F2',505,,339434,3,0,10,1,30,,339452,3,0,10,2,70,,339438,3,0,10,1,30,,339466,3,0,10,1,70,,339444,3,0,10,2,30,,339435,3,0,10,1,70,,339453,3,0,10,2,31,,339439,3,0,10,1,71,,339467,3,0,10,1,33,,339445,3,0,10,2,73,,339468,3,0,10,1,32,,339454,3,0,10,2,73,,339455,3,0,10,1,32,,339460,3,0,10,1,71,,339446,3,0,10,2,31,,339469,3,0,10,1,71,,339440,3,0,10,1,30,,339456,3,0,10,1,70,,339461,3,0,10,1,30,,339447,3,0,10,2,70,,339470,3,0,10,1,30,,339441,3,0,10,1,70,,339457,3,0,10,1,32,,339462,3,0,10,1,72,,339448,3,0,10,2,29,,339471,3,0,10,1,69,,339442,3,0,10,1,30,,339458,3,0,10,1,70,,339463,3,0,10,1,28,,339449,3,0,10,2,68,,339472,3,0,10,1,30,,339443,3,0,10,1,70,,339459,3,0,10,1,30,,339464,3,0,10,1,70,,339450,3,0,10,2,31,,339436,3,0,10,2,70,,339474,3,0,10,1,30,,339473,3,0,10,2,71,,339465,3,0,10,1,33,,339451,3,0,10,2,73,,339437,3,0,10,1
