21102,'H56S000A-80-A',622,,343377,12,0,10,1,28,,343405,12,0,10,2,68,,343384,12,0,10,1,28,,343391,12,0,10,2,69,,343409,12,0,10,1,29,,343394,12,0,10,1,69,,343406,12,0,10,2,29,,343385,12,0,10,1,73,,343392,12,0,10,2,30,,343410,12,0,10,1,69,,343395,12,0,10,1,29,,343407,12,0,10,2,70,,343386,12,0,10,1,31,,343393,12,0,10,2,71,,343411,12,0,10,1,31,,343396,12,0,10,1,70,,343408,12,0,10,2,32,,343387,12,0,10,1,68,,343412,12,0,10,2,33,,343401,12,0,10,1,71,,343397,12,0,10,1,30,,343399,12,0,10,2,70,,343388,12,0,10,1,30,,343403,12,0,10,2,68,,343402,12,0,10,1,30,,343398,12,0,10,1,67,,343400,12,0,10,2,29,,343389,12,0,10,1,70,,343404,12,0,10,2,29,,343381,12,0,10,2,69,,343379,12,0,10,1,30,,343413,12,0,10,2,71,,343390,12,0,10,1,31,,343382,12,0,10,2,71,,343380,12,0,10,1,30,,343383,12,0,10,2,69,,343378,12,0,10,2
21102,'H56S000I-80-I',622,,343421,12,0,10,1,28,,343425,12,0,10,2,69,,343418,12,0,10,1,26,,343432,12,0,10,1,68,,343424,12,0,10,1,30,,343422,12,0,10,1,69,,343426,12,0,10,2,30,,343433,12,0,10,1,71,,343441,12,0,10,2,29,,343423,12,0,10,1,69,,343427,12,0,10,2,32,,343434,12,0,10,1,72,,343442,12,0,10,2,31,,343445,12,0,10,1,72,,343428,12,0,10,2,30,,343438,12,0,10,1,70,,343435,12,0,10,1,30,,343443,12,0,10,2,70,,343446,12,0,10,1,30,,343429,12,0,10,2,70,,343439,12,0,10,1,30,,343436,12,0,10,1,70,,343444,12,0,10,2,29,,343447,12,0,10,1,68,,343430,12,0,10,2,27,,343440,12,0,10,1,68,,343437,12,0,10,1,30,,343450,12,0,10,1,71,,343414,12,0,10,1,30,,343431,12,0,10,2,70,,343416,12,0,10,1,32,,343419,12,0,10,1,70,,343448,12,0,10,1,30,,343415,12,0,10,1,69,,343417,12,0,10,1,30,,343420,12,0,10,1,70,,343449,12,0,10,2
21102,'H56S000S-82-S',613,,343452,12,0,10,1,17,,343474,12,0,10,2,17,,343501,12,0,99 137,2,57,,343457,12,0,10,1,16,,343482,12,0,99 137,2,15,,343468,12,0,10,2,17,,343522,12,0,99 137,1,54,,343514,12,0,10,1,14,,343481,12,0,99 137,2,15,,343453,12,0,10,1,15,,343475,12,0,99 137,2,56,,343521,12,0,10,2,15,,343502,12,0,99 137,2,16,,343458,12,0,10,1,15,,343467,12,0,10,1,56,,343469,12,0,10,2,17,,343486,12,0,10,2,18,,343483,12,0,10,1,59,,343454,12,0,10,1,20,,343476,12,0,10,2,20,,343515,12,0,10,2,60,,343503,12,0,10,2,20,,343509,12,0,10,1,20,,343470,12,0,10,2,60,,343487,12,0,10,2,23,,343484,12,0,10,1,20,,343477,12,0,10,2,60,,343506,12,0,10,1,17,,343504,12,0,10,2,16,,343510,12,0,10,1,15,,343471,12,0,10,2,56,,343490,12,0,10,2,16,,343488,12,0,10,2,16,,343485,12,0,10,1,12,,343492,12,0,10,2,51,,343478,12,0,10,2,11,,343516,12,0,10,2,11,,343507,12,0,10,1,9,,343496,12,0,99 137,2,10,,343462,12,0,10,1,11,,343505,12,0,10,2,49,,343511,12,0,99 137,1,10,,343497,12,0,10,2,9,,343472,12,0,10,2,11,,343465,12,0,99 137,1,10,,343491,12,0,10,2,9,,343494,12,0,10,1,49,,343489,12,0,99 137,2,9,,343499,12,0,10,1,10,,343519,12,0,10,2,9,,343493,12,0,99 137,2,7,,343520,12,0,10,2,8,,343479,12,0,10,2,11,,343508,12,0,99 137,1,48,,343460,12,0,10,1,9,,343463,12,0,10,1,15,,343459,12,0,10,1,14,,343498,12,0,10,2,16,,343473,12,0,10,2,54,,343495,12,0,10,1,16,,343500,12,0,10,1,14,,343455,12,0,10,1,16,,343480,12,0,10,2,54,,343517,12,0,10,2,15,,343464,12,0,10,1,15,,343518,12,0,10,2,65,,343466,12,0,10,2,29,,343523,12,0,10,2,70,,343456,12,0,10,1,30,,343461,12,0,10,1,69,,343512,12,0,10,1,30,,343451,12,0,10,2,70,,343513,12,0,10,1
21102,'H56S100F-80-F1',622,,343531,12,0,10,1,28,,343535,12,0,10,2,69,,343528,12,0,10,1,26,,343542,12,0,10,1,68,,343534,12,0,10,1,30,,343532,12,0,10,1,69,,343536,12,0,10,2,30,,343543,12,0,10,1,71,,343551,12,0,10,2,29,,343533,12,0,10,1,69,,343537,12,0,10,2,32,,343544,12,0,10,1,72,,343552,12,0,10,2,31,,343555,12,0,10,1,72,,343538,12,0,10,2,30,,343548,12,0,10,1,70,,343545,12,0,10,1,30,,343553,12,0,10,2,70,,343556,12,0,10,1,30,,343539,12,0,10,2,70,,343549,12,0,10,1,30,,343546,12,0,10,1,70,,343554,12,0,10,2,29,,343557,12,0,10,1,68,,343540,12,0,10,2,27,,343550,12,0,10,1,68,,343547,12,0,10,1,30,,343560,12,0,10,1,71,,343524,12,0,10,1,30,,343541,12,0,10,2,70,,343526,12,0,10,1,32,,343529,12,0,10,1,70,,343558,12,0,10,1,30,,343525,12,0,10,1,69,,343527,12,0,10,1,30,,343530,12,0,10,1,70,,343559,12,0,10,2
21102,'H56S200F-80-F2',622,,343568,12,0,10,1,28,,343572,12,0,10,2,69,,343565,12,0,10,1,26,,343579,12,0,10,1,68,,343571,12,0,10,1,30,,343569,12,0,10,1,69,,343573,12,0,10,2,30,,343580,12,0,10,1,71,,343588,12,0,10,2,29,,343570,12,0,10,1,69,,343574,12,0,10,2,32,,343581,12,0,10,1,72,,343589,12,0,10,2,31,,343592,12,0,10,1,72,,343575,12,0,10,2,30,,343585,12,0,10,1,70,,343582,12,0,10,1,30,,343590,12,0,10,2,70,,343593,12,0,10,1,30,,343576,12,0,10,2,70,,343586,12,0,10,1,30,,343583,12,0,10,1,70,,343591,12,0,10,2,29,,343594,12,0,10,1,68,,343577,12,0,10,2,27,,343587,12,0,10,1,68,,343584,12,0,10,1,30,,343597,12,0,10,1,71,,343561,12,0,10,1,30,,343578,12,0,10,2,70,,343563,12,0,10,1,32,,343566,12,0,10,1,70,,343595,12,0,10,1,30,,343562,12,0,10,1,69,,343564,12,0,10,1,30,,343567,12,0,10,1,70,,343596,12,0,10,2
22104,'H60S000A-80-A',828,,345153,12,0,9,2,30,,345164,12,0,9,1,69,,345154,12,0,9,2,31,,345165,12,0,9,1,71,,345155,12,0,9,2,29,,345166,12,0,9,1,70,,345156,12,0,9,2,31,,345167,12,0,9,1,70,,345157,12,0,9,2,71,,345168,12,0,9,1,30,,345158,12,0,9,2,71,,345169,12,0,9,1,30,,345159,12,0,9,2,71,,345170,12,0,9,1,30,,345160,12,0,9,2,71,,345171,12,0,9,1,30,,345161,12,0,9,2,71,,345172,12,0,9,1,30,,345162,12,0,9,2,70,,345173,12,0,9,1,30,,345163,12,0,9,2,68,,345174,12,0,9,1
22104,'H60S000I-81-I',802,,345175,12,0,9,1,33,,345186,12,0,9,1,69,,345176,12,0,9,1,33,,345187,12,0,9,1,72,,345177,12,0,9,1,33,,345188,12,0,9,1,72,,345178,12,0,9,1,32,,345189,12,0,9,1,73,,345179,12,0,9,1,31,,345190,12,0,9,1,70,,345180,12,0,9,1,31,,345191,12,0,9,1,73,,345181,12,0,9,1,32,,345192,12,0,9,1,70,,345182,12,0,9,1,32,,345193,12,0,9,1,71,,345183,12,0,9,1,30,,345194,12,0,9,1,72,,345184,12,0,9,1,72,,345195,12,0,9,1,30,,345185,12,0,9,1,70,,345196,12,0,9,1
22104,'H60S000S-83-S',614,,345209,12,0,9,1,14,,345215,12,0,9,2,16,,345197,12,0,9,1,15,,345212,12,0,9,1,55,,345200,12,0,9,2,15,,345216,12,0,9,2,17,,345198,12,0,9,1,56,,345213,12,0,9,1,16,,345201,12,0,9,2,22,,345217,12,0,9,2,15,,345199,12,0,9,1,56,,345202,12,0,9,1,17,,345214,12,0,9,2,17,,345218,12,0,9,2,70,,345203,12,0,9,1,32,,345219,12,0,9,2,70,,345204,12,0,9,1,32,,345220,12,0,9,2,71,,345205,12,0,9,1,32,,345221,12,0,9,2,70,,345206,12,0,9,1,32,,345222,12,0,9,2,70,,345207,12,0,9,1,32,,345223,12,0,9,2,65,,345208,12,0,9,1,24,,345234,12,0,9,1,62,,345237,12,0,9,1,15,,345224,12,0,9,2,16,,345235,12,0,9,1,14,,345210,12,0,9,2,57,,345229,12,0,9,1,12,,345225,12,0,9,1,11,,345238,12,0,9,1,16,,345236,12,0,9,1,54,,345211,12,0,9,2,13,,345230,12,0,9,1,19,,345226,12,0,9,1,19,,345239,12,0,9,2,63,,345231,12,0,9,1,31,,345227,12,0,9,1,73,,345232,12,0,9,1,32,,345228,12,0,9,1,72,,345233,12,0,9,1
22104,'H60S100F-80-F1',802,,345240,12,0,9,1,33,,345251,12,0,9,2,69,,345241,12,0,9,1,33,,345252,12,0,9,2,72,,345242,12,0,9,1,33,,345253,12,0,9,2,72,,345243,12,0,9,1,32,,345254,12,0,9,2,73,,345244,12,0,9,1,31,,345255,12,0,9,2,70,,345245,12,0,9,1,31,,345256,12,0,9,2,73,,345246,12,0,9,1,32,,345257,12,0,9,2,70,,345247,12,0,9,1,32,,345258,12,0,9,2,71,,345248,12,0,9,1,30,,345259,12,0,9,2,72,,345249,12,0,9,1,72,,345260,12,0,9,2,30,,345250,12,0,9,1,70,,345261,12,0,9,2
22104,'H60S200F-80-F2',802,,345262,12,0,9,1,33,,345273,12,0,9,2,69,,345263,12,0,9,1,33,,345274,12,0,9,2,72,,345264,12,0,9,1,33,,345275,12,0,9,2,72,,345265,12,0,9,1,32,,345276,12,0,9,2,73,,345266,12,0,9,1,31,,345277,12,0,9,2,70,,345267,12,0,9,1,31,,345278,12,0,9,2,73,,345268,12,0,9,1,32,,345279,12,0,9,2,70,,345269,12,0,9,1,32,,345280,12,0,9,2,71,,345270,12,0,9,1,30,,345281,12,0,9,2,72,,345271,12,0,9,1,72,,345282,12,0,9,2,30,,345272,12,0,9,1,70,,345283,12,0,9,2
