18501,'H57S000S-80-S',1541,,334849,32,0,5,1,66,,334850,32,0,5,1
18501,'H59S000A-80-A',614,,334861,32,0,5,1,27,,334881,32,0,5,1,71,,334871,32,0,5,1,30,,334875,32,0,5,2,73,,334862,32,0,5,1,30,,334872,32,0,5,1,70,,334876,32,0,5,2,32,,334863,32,0,5,1,72,,334873,32,0,5,1,32,,334877,32,0,5,2,73,,334864,32,0,5,1,32,,334874,32,0,5,1,73,,334878,32,0,5,2,73,,334885,32,0,5,1,33,,334888,32,0,5,2,72,,334882,32,0,5,1,31,,334879,32,0,5,2,71,,334886,32,0,5,1,30,,334889,32,0,5,2,70,,334883,32,0,5,1,30,,334880,32,0,5,2,70,,334887,32,0,5,1,27,,334865,32,0,5,1,70,,334884,32,0,5,1,29,,334866,32,0,5,1,70,,334851,32,0,5,1,32,,334856,32,0,5,1,70,,334867,32,0,5,1,30,,334852,32,0,5,1,69,,334857,32,0,5,1,29,,334868,32,0,5,1,71,,334853,32,0,5,1,30,,334858,32,0,5,1,70,,334869,32,0,5,1,29,,334854,32,0,5,1,69,,334859,32,0,5,1,30,,334870,32,0,5,1,68,,334855,32,0,5,1,28,,334860,32,0,5,1
18501,'H59S000I-81-I',614,,334890,32,0,5,2,32,,334902,32,0,5,1,70,,334914,32,0,5,2,33,,334891,32,0,5,2,74,,334903,32,0,5,1,31,,334915,32,0,5,2,74,,334892,32,0,5,2,31,,334904,32,0,5,1,73,,334916,32,0,5,2,75,,334893,32,0,5,2,33,,334905,32,0,5,1,71,,334917,32,0,5,2,35,,334894,32,0,5,2,73,,334906,32,0,5,1,33,,334918,32,0,5,2,73,,334921,32,0,5,1,32,,334895,32,0,5,2,73,,334907,32,0,5,1,71,,334919,32,0,5,2,31,,334922,32,0,5,1,69,,334896,32,0,5,2,29,,334908,32,0,5,1,29,,334920,32,0,5,2,66,,334923,32,0,5,1,28,,334897,32,0,5,2,70,,334909,32,0,5,1,30,,334924,32,0,5,1,69,,334898,32,0,5,2,30,,334910,32,0,5,1,69,,334925,32,0,5,1,30,,334899,32,0,5,2,69,,334911,32,0,5,1,28,,334926,32,0,5,1,67,,334900,32,0,5,2,28,,334912,32,0,5,1,68,,334927,32,0,5,1,26,,334901,32,0,5,2,68,,334913,32,0,5,1,27,,334928,32,0,5,1
18501,'H59S000S-80-S',622,,334930,32,0,5,1,35,,334950,32,0,5,2,67,,334960,32,0,5,1,20,,334929,32,0,5,2,60,,334957,32,0,5,1,29,,334934,32,0,5,1,73,,334953,32,0,5,1,33,,334932,32,0,5,1,71,,334967,32,0,5,1,34,,334935,32,0,5,1,70,,334954,32,0,5,1,30,,334951,32,0,5,1,69,,334968,32,0,5,1,29,,334936,32,0,5,1,67,,334955,32,0,5,1,27,,334952,32,0,5,1,68,,334969,32,0,5,1,28,,334937,32,0,5,1,69,,334956,32,0,5,1,24,,334933,32,0,5,1,105,,334938,32,0,5,1,22,,334944,32,0,5,1,61,,334931,32,0,5,1,20,,334961,32,0,5,1,68,,334958,32,0,5,2,26,,334939,32,0,5,1,26,,334945,32,0,5,1,67,,334962,32,0,5,1,26,,334959,32,0,5,2,65,,334940,32,0,5,1,30,,334946,32,0,5,1,70,,334963,32,0,5,1,30,,334941,32,0,5,1,70,,334947,32,0,5,1,30,,334964,32,0,5,1,67,,334942,32,0,5,1,28,,334948,32,0,5,1,69,,334965,32,0,5,1,27,,334943,32,0,5,1,70,,334949,32,0,5,1,30,,334966,32,0,5,1
18501,'H59S100F-80-F1',614,,334970,32,0,5,2,32,,334982,32,0,5,1,70,,334994,32,0,5,2,33,,334971,32,0,5,2,74,,334983,32,0,5,1,31,,334995,32,0,5,2,74,,334972,32,0,5,2,31,,334984,32,0,5,1,73,,334996,32,0,5,2,75,,334973,32,0,5,2,33,,334985,32,0,5,1,71,,334997,32,0,5,2,35,,334974,32,0,5,2,73,,334986,32,0,5,1,33,,334998,32,0,5,2,73,,335001,32,0,5,1,32,,334975,32,0,5,2,73,,334987,32,0,5,1,71,,334999,32,0,5,2,31,,335002,32,0,5,1,69,,334976,32,0,5,2,29,,334988,32,0,5,1,29,,335000,32,0,5,2,66,,335003,32,0,5,1,28,,334977,32,0,5,2,70,,334989,32,0,5,1,30,,335004,32,0,5,1,69,,334978,32,0,5,2,30,,334990,32,0,5,1,69,,335005,32,0,5,1,30,,334979,32,0,5,2,69,,334991,32,0,5,1,28,,335006,32,0,5,1,67,,334980,32,0,5,2,28,,334992,32,0,5,1,68,,335007,32,0,5,1,26,,334981,32,0,5,2,68,,334993,32,0,5,1,27,,335008,32,0,5,1
18501,'H59S200F-80-F2',614,,335009,32,0,5,2,32,,335021,32,0,5,1,70,,335033,32,0,5,2,33,,335010,32,0,5,2,74,,335022,32,0,5,1,31,,335034,32,0,5,2,74,,335011,32,0,5,2,31,,335023,32,0,5,1,73,,335035,32,0,5,2,75,,335012,32,0,5,2,33,,335024,32,0,5,1,71,,335036,32,0,5,2,35,,335013,32,0,5,2,73,,335025,32,0,5,1,33,,335037,32,0,5,2,73,,335040,32,0,5,1,32,,335014,32,0,5,2,73,,335026,32,0,5,1,71,,335038,32,0,5,2,31,,335041,32,0,5,1,69,,335015,32,0,5,2,29,,335027,32,0,5,1,29,,335039,32,0,5,2,66,,335042,32,0,5,1,28,,335016,32,0,5,2,70,,335028,32,0,5,1,30,,335043,32,0,5,1,69,,335017,32,0,5,2,30,,335029,32,0,5,1,69,,335044,32,0,5,1,30,,335018,32,0,5,2,69,,335030,32,0,5,1,28,,335045,32,0,5,1,67,,335019,32,0,5,2,28,,335031,32,0,5,1,68,,335046,32,0,5,1,26,,335020,32,0,5,2,68,,335032,32,0,5,1,27,,335047,32,0,5,1
36401,'H54S000A-80-A',2625,,346786,53,0,5,1,88,,346788,53,0,5,1,31,,346789,53,0,5,2,10,,346784,53,0,5,1,85,,346785,53,0,5,2,83,,346787,53,0,5,1
36401,'H54S000I-80-I',2618,,346793,53,0,5,1,85,,346795,53,0,5,1,30,,346790,53,0,5,1,71,,346792,53,0,5,2,31,,346791,53,0,5,1,81,,346794,53,0,5,1
36401,'H54S000S-80-S',2619,,346796,53,0,5,1,84,,346798,53,0,5,1,45,,346800,53,0,5,1,85,,346799,53,0,5,2,84,,346797,53,0,5,1
36401,'H54S100F-80-F1',2618,,346804,53,0,5,1,85,,346806,53,0,5,1,30,,346801,53,0,5,1,71,,346803,53,0,5,2,31,,346802,53,0,5,1,81,,346805,53,0,5,1
36401,'H54S200F-80-F2',2618,,346810,53,0,5,1,85,,346812,53,0,5,1,30,,346807,53,0,5,1,71,,346809,53,0,5,2,31,,346808,53,0,5,1,81,,346811,53,0,5,1
37001,'H51S000A-80-A',2613,,347028,76,0,5,2,45,,347026,76,0,5,1,85,,347027,76,0,5,2,85,,347029,76,0,5,1,83,,347030,76,0,5,2
37001,'H51S000I-80-I',2609,,347032,76,0,5,2,45,,347034,76,0,5,1,86,,347031,76,0,5,1,85,,347033,76,0,5,2,85,,347035,76,0,5,1
37001,'H51S000S-81-S',2611,,347039,76,0,5,2,45,,347037,76,0,5,1,83,,347036,76,0,5,1,86,,347040,76,0,5,2,86,,347038,76,0,5,1
37001,'H51S100F-80-F1',2609,,347042,76,0,5,2,45,,347044,76,0,5,1,86,,347041,76,0,5,1,85,,347043,76,0,5,2,85,,347045,76,0,5,1
37001,'H51S200F-80-F2',2609,,347047,76,0,5,2,45,,347049,76,0,5,1,86,,347046,76,0,5,1,85,,347048,76,0,5,2,85,,347050,76,0,5,1
43203,'H54S000S-80-S',632,,347922,2,0,99 110,2,68,,347923,2,0,99 110,2,31,,347924,2,0,99 110,1,70,,347942,2,0,99 110,1,30,,347934,2,0,99 110,1
44403,'H54S000S-80-S',709,,349062,1,0,8,1,15,,349069,1,0,8,2,5,,349072,1,0,8,2,5,,349073,1,0,8,2,9,,349076,1,0,8,2,9,,349063,1,0,8,1,56,,349070,1,0,8,2,15,,349074,1,0,8,2,14,,349064,1,0,8,1,15,,349071,1,0,8,2,55,,349075,1,0,8,2,21,,349065,1,0,8,1,86,,349066,1,0,8,1,86,,349067,1,0,8,1,46,,349068,1,0,8,1,86,,349077,1,0,8,1,86,,349078,1,0,8,1,86,,349079,1,0,8,1,46,,349080,1,0,8,1,86,,349081,1,0,8,1,86,,349082,1,0,8,1,86,,349083,1,0,8,1,46,,349084,1,0,8,1,86,,349085,1,0,8,1,85,,349086,1,0,8,1
