16101,'H50S000S-82-S',509,,328564,21,0,5,2,236,,328563,21,0,5,2,94,,328562,21,0,5,1
16101,'H51S000A-80-A',507,,328565,21,0,5,1,31,,328578,21,0,5,2,72,,328579,21,0,5,2,31,,328566,21,0,5,1,70,,328592,21,0,5,1,28,,328580,21,0,5,2,68,,328567,21,0,5,1,22,,328611,21,0,5,2,22,,328593,21,0,5,1,62,,328581,21,0,5,2,20,,328601,21,0,5,1,20,,328568,21,0,5,1,61,,328612,21,0,5,2,20,,328594,21,0,5,1,19,,328582,21,0,5,2,62,,328602,21,0,5,1,22,,328569,21,0,5,1,63,,328618,21,0,5,2,15,,328613,21,0,5,2,14,,328595,21,0,5,1,14,,328583,21,0,5,2,14,,328621,21,0,5,2,54,,328603,21,0,5,1,15,,328570,21,0,5,1,14,,328619,21,0,5,2,14,,328614,21,0,5,2,54,,328596,21,0,5,1,14,,328584,21,0,5,2,14,,328622,21,0,5,2,14,,328604,21,0,5,1,52,,328625,21,0,5,2,10,,328571,21,0,5,1,10,,328620,21,0,5,2,13,,328615,21,0,5,2,14,,328597,21,0,5,1,54,,328585,21,0,5,2,14,,328623,21,0,5,2,14,,328605,21,0,5,1,13,,328626,21,0,5,2,13,,328572,21,0,5,1,53,,328627,21,0,5,2,10,,328616,21,0,5,2,10,,328598,21,0,5,1,10,,328586,21,0,5,2,13,,328599,21,0,5,1,54,,328606,21,0,5,1,13,,328624,21,0,5,2,14,,328573,21,0,5,1,14,,328628,21,0,5,2,54,,328617,21,0,5,2,15,,328587,21,0,5,2,16,,328600,21,0,5,1,16,,328607,21,0,5,1,60,,328574,21,0,5,1,22,,328629,21,0,5,2,22,,328588,21,0,5,2,69,,328608,21,0,5,1,29,,328575,21,0,5,1,70,,328589,21,0,5,2,30,,328609,21,0,5,1,70,,328576,21,0,5,1,30,,328590,21,0,5,2,68,,328610,21,0,5,1,30,,328577,21,0,5,1,61,,328591,21,0,5,2
16101,'H51S000I-80-I',507,,328630,21,0,5,1,33,,328631,21,0,5,1,73,,328644,21,0,5,1,31,,328646,21,0,5,2,70,,328632,21,0,5,1,32,,328645,21,0,5,1,69,,328647,21,0,5,2,25,,328633,21,0,5,1,65,,328662,21,0,5,1,23,,328655,21,0,5,2,24,,328648,21,0,5,2,63,,328634,21,0,5,1,23,,328663,21,0,5,1,21,,328656,21,0,5,2,57,,328672,21,0,5,2,16,,328649,21,0,5,2,15,,328635,21,0,5,1,55,,328652,21,0,5,1,15,,328664,21,0,5,1,15,,328657,21,0,5,2,17,,328673,21,0,5,2,58,,328650,21,0,5,2,17,,328636,21,0,5,1,15,,328653,21,0,5,1,15,,328665,21,0,5,1,55,,328658,21,0,5,2,14,,328670,21,0,5,2,14,,328674,21,0,5,2,14,,328651,21,0,5,2,54,,328637,21,0,5,1,14,,328654,21,0,5,1,14,,328681,21,0,5,2,15,,328666,21,0,5,1,54,,328659,21,0,5,2,13,,328671,21,0,5,2,14,,328675,21,0,5,2,16,,328638,21,0,5,1,56,,328687,21,0,5,1,17,,328682,21,0,5,2,17,,328667,21,0,5,1,17,,328660,21,0,5,2,55,,328676,21,0,5,2,15,,328639,21,0,5,1,16,,328688,21,0,5,1,16,,328683,21,0,5,2,56,,328668,21,0,5,1,16,,328661,21,0,5,2,18,,328677,21,0,5,2,60,,328640,21,0,5,1,20,,328684,21,0,5,2,20,,328669,21,0,5,1,68,,328678,21,0,5,2,29,,328641,21,0,5,1,69,,328685,21,0,5,2,27,,328679,21,0,5,2,69,,328642,21,0,5,1,28,,328686,21,0,5,2,67,,328680,21,0,5,2,26,,328689,21,0,5,2,26,,328643,21,0,5,1
16101,'H51S000S-81-S',535,,328690,21,0,5,1,24,,328708,21,0,5,2,65,,328698,21,0,5,1,12,,328710,21,0,5,2,11,,328716,21,0,5,2,10,,328730,21,0,5,2,49,,328691,21,0,5,1,8,,328722,21,0,5,2,7,,328740,21,0,5,2,7,,328732,21,0,5,2,6,,328709,21,0,5,2,5,,328692,21,0,5,1,14,,328742,21,0,5,1,48,,328752,21,0,5,2,7,,328758,21,0,5,2,7,,328760,21,0,5,2,7,,328699,21,0,5,1,6,,328759,21,0,5,2,6,,328711,21,0,5,2,9,,328717,21,0,5,2,6,,328731,21,0,5,2,7,,328761,21,0,5,2,49,,328723,21,0,5,2,9,,328741,21,0,5,2,8,,328733,21,0,5,2,11,,328693,21,0,5,1,12,,328743,21,0,5,1,11,,328753,21,0,5,2,51,,328700,21,0,5,1,10,,328712,21,0,5,2,11,,328718,21,0,5,2,11,,328762,21,0,5,2,11,,328724,21,0,5,2,52,,328734,21,0,5,2,12,,328694,21,0,5,1,12,,328744,21,0,5,1,12,,328754,21,0,5,2,11,,328701,21,0,5,1,51,,328713,21,0,5,2,11,,328719,21,0,5,2,11,,328763,21,0,5,2,11,,328725,21,0,5,2,11,,328735,21,0,5,2,11,,328695,21,0,5,1,51,,328745,21,0,5,1,11,,328755,21,0,5,2,11,,328702,21,0,5,1,10,,328767,21,0,5,2,9,,328714,21,0,5,2,9,,328720,21,0,5,2,50,,328764,21,0,5,2,10,,328726,21,0,5,2,10,,328736,21,0,5,2,10,,328696,21,0,5,1,10,,328746,21,0,5,1,9,,328770,21,0,5,2,48,,328756,21,0,5,2,8,,328703,21,0,5,1,9,,328768,21,0,5,2,9,,328715,21,0,5,2,7,,328776,21,0,5,2,6,,328721,21,0,5,2,6,,328773,21,0,5,2,7,,328765,21,0,5,2,47,,328727,21,0,5,2,7,,328778,21,0,5,2,9,,328737,21,0,5,2,9,,328697,21,0,5,1,8,,328789,21,0,5,2,8,,328747,21,0,5,1,7,,328771,21,0,5,2,6,,328791,21,0,5,2,47,,328757,21,0,5,2,7,,328704,21,0,5,1,8,,328769,21,0,5,2,7,,328784,21,0,5,2,7,,328792,21,0,5,2,6,,328777,21,0,5,2,8,,328774,21,0,5,2,9,,328766,21,0,5,2,48,,328728,21,0,5,2,9,,328779,21,0,5,1,10,,328738,21,0,5,2,12,,328790,21,0,5,2,12,,328748,21,0,5,1,12,,328772,21,0,5,2,52,,328705,21,0,5,1,12,,328785,21,0,5,2,12,,328775,21,0,5,2,12,,328729,21,0,5,2,12,,328780,21,0,5,1,52,,328739,21,0,5,2,16,,328749,21,0,5,1,23,,328706,21,0,5,1,62,,328786,21,0,5,2,24,,328781,21,0,5,1,23,,328750,21,0,5,1,63,,328707,21,0,5,1,27,,328787,21,0,5,2,68,,328782,21,0,5,1,25,,328751,21,0,5,1,62,,328793,21,0,5,2,25,,328788,21,0,5,2,26,,328783,21,0,5,1
16101,'H51S100F-80-F1',507,,328851,21,0,5,1,33,,328797,21,0,5,1,73,,328794,21,0,5,1,31,,328810,21,0,5,2,70,,328798,21,0,5,1,32,,328795,21,0,5,1,69,,328811,21,0,5,2,25,,328799,21,0,5,1,65,,328843,21,0,5,1,23,,328827,21,0,5,2,24,,328812,21,0,5,2,63,,328800,21,0,5,1,23,,328844,21,0,5,1,21,,328828,21,0,5,2,57,,328818,21,0,5,2,16,,328813,21,0,5,2,15,,328801,21,0,5,1,55,,328840,21,0,5,1,15,,328845,21,0,5,1,15,,328829,21,0,5,2,17,,328819,21,0,5,2,58,,328814,21,0,5,2,17,,328802,21,0,5,1,15,,328841,21,0,5,1,15,,328846,21,0,5,1,55,,328830,21,0,5,2,14,,328816,21,0,5,2,14,,328820,21,0,5,2,14,,328815,21,0,5,2,54,,328803,21,0,5,1,14,,328842,21,0,5,1,14,,328834,21,0,5,2,15,,328847,21,0,5,1,54,,328831,21,0,5,2,13,,328817,21,0,5,2,14,,328821,21,0,5,2,16,,328804,21,0,5,1,56,,328852,21,0,5,1,17,,328835,21,0,5,2,17,,328848,21,0,5,1,17,,328832,21,0,5,2,55,,328822,21,0,5,2,15,,328805,21,0,5,1,16,,328853,21,0,5,1,16,,328836,21,0,5,2,56,,328849,21,0,5,1,16,,328833,21,0,5,2,18,,328823,21,0,5,2,60,,328806,21,0,5,1,20,,328837,21,0,5,2,20,,328850,21,0,5,1,68,,328824,21,0,5,2,29,,328807,21,0,5,1,69,,328838,21,0,5,2,27,,328825,21,0,5,2,69,,328808,21,0,5,1,28,,328839,21,0,5,2,67,,328826,21,0,5,2,26,,328796,21,0,5,2,26,,328809,21,0,5,1
16101,'H51S200F-80-F2',507,,328911,21,0,5,1,33,,328857,21,0,5,1,73,,328854,21,0,5,1,31,,328870,21,0,5,2,70,,328858,21,0,5,1,32,,328855,21,0,5,1,69,,328871,21,0,5,2,25,,328859,21,0,5,1,65,,328903,21,0,5,1,23,,328887,21,0,5,2,24,,328872,21,0,5,2,63,,328860,21,0,5,1,23,,328904,21,0,5,1,21,,328888,21,0,5,2,57,,328878,21,0,5,2,16,,328873,21,0,5,2,15,,328861,21,0,5,1,55,,328900,21,0,5,1,15,,328905,21,0,5,1,15,,328889,21,0,5,2,17,,328879,21,0,5,2,58,,328874,21,0,5,2,17,,328862,21,0,5,1,15,,328901,21,0,5,1,15,,328906,21,0,5,1,55,,328890,21,0,5,2,14,,328876,21,0,5,2,14,,328880,21,0,5,2,14,,328875,21,0,5,2,54,,328863,21,0,5,1,14,,328902,21,0,5,1,14,,328894,21,0,5,2,15,,328907,21,0,5,1,54,,328891,21,0,5,2,13,,328877,21,0,5,2,14,,328881,21,0,5,2,16,,328864,21,0,5,1,56,,328912,21,0,5,1,17,,328895,21,0,5,2,17,,328908,21,0,5,1,17,,328892,21,0,5,2,55,,328882,21,0,5,2,15,,328865,21,0,5,1,16,,328913,21,0,5,1,16,,328896,21,0,5,2,56,,328909,21,0,5,1,16,,328893,21,0,5,2,18,,328883,21,0,5,2,60,,328866,21,0,5,1,20,,328897,21,0,5,2,20,,328910,21,0,5,1,68,,328884,21,0,5,2,29,,328867,21,0,5,1,69,,328898,21,0,5,2,27,,328885,21,0,5,2,69,,328868,21,0,5,1,28,,328899,21,0,5,2,67,,328886,21,0,5,2,26,,328856,21,0,5,2,26,,328869,21,0,5,1
37001,'H51S000A-80-A',2534,,347028,21,0,5,2,85,,347026,21,0,5,1,85,,347027,21,0,5,2,45,,347029,21,0,5,1,83,,347030,21,0,5,2
37001,'H51S000I-80-I',2533,,347032,21,0,5,2,85,,347034,21,0,5,1,85,,347031,21,0,5,1,45,,347033,21,0,5,2,85,,347035,21,0,5,1
37001,'H51S000S-81-S',2534,,347039,21,0,5,2,85,,347037,21,0,5,1,84,,347036,21,0,5,1,45,,347040,21,0,5,2,85,,347038,21,0,5,1
37001,'H51S100F-80-F1',2533,,347042,21,0,5,2,85,,347044,21,0,5,1,85,,347041,21,0,5,1,45,,347043,21,0,5,2,85,,347045,21,0,5,1
37001,'H51S200F-80-F2',2533,,347047,21,0,5,2,85,,347049,21,0,5,1,85,,347046,21,0,5,1,45,,347048,21,0,5,2,85,,347050,21,0,5,1
