4102,'H58S000S-83-S',603,,297644,37,0,10,1,22,,297639,37,0,10,1,21,,297638,37,0,10,1,63,,297640,37,0,10,2,29,,297654,37,0,10,1,65,,297663,37,0,10,2,24,,297645,37,0,10,1,21,,297651,37,0,10,1,59,,297660,37,0,10,2,21,,297665,37,0,10,2,23,,297641,37,0,10,2,69,,297655,37,0,10,1,30,,297646,37,0,10,1,68,,297642,37,0,10,1,29,,297666,37,0,10,2,69,,297652,37,0,10,1,26,,297656,37,0,10,1,67,,297647,37,0,10,1,33,,297643,37,0,10,1,73,,297667,37,0,10,2,31,,297653,37,0,10,1,71,,297657,37,0,10,1,29,,297672,12,0,10,2,4,,297648,37,0,10,1,67,,297661,37,0,10,2,31,,297668,37,0,10,2,71,,297649,37,0,10,1,27,,297670,37,0,10,1,68,,297658,37,0,10,1,28,,297673,37,0,10,2,65,,297662,37,0,10,2,22,,297669,37,0,10,2,22,,297650,37,0,10,1,60,,297671,37,0,10,1,26,,297659,37,0,10,1,69,,297674,37,0,10,2,30,,297664,37,0,10,1
4102,'H58S100F-80-F1',648,,297678,37,0,10,1,74,,297677,37,0,10,2,31,,297680,37,0,10,2,71,,297682,37,0,10,1,29,,297683,37,0,10,1,67,,297684,37,0,10,2,24,,297679,37,0,10,1,572,,297675,37,0,10,1,30,,297685,37,0,10,2,68,,297687,37,0,10,1,31,,297690,37,0,10,2,70,,297691,37,0,10,2,29,,297681,37,0,10,2,67,,297676,37,0,10,1,29,,297686,37,0,10,2,69,,297688,37,0,10,1,22,,297689,37,0,10,2
4102,'H58S200F-80-F2',648,,297692,37,0,10,1,74,,297706,37,0,10,2,31,,297694,37,0,10,2,71,,297703,37,0,10,1,29,,297695,37,0,10,1,67,,297696,37,0,10,2,24,,297693,37,0,10,1,572,,297707,37,0,10,1,30,,297697,37,0,10,2,68,,297699,37,0,10,1,31,,297701,37,0,10,2,70,,297702,37,0,10,2,29,,297704,37,0,10,2,67,,297708,37,0,10,1,29,,297698,37,0,10,2,69,,297700,37,0,10,1,22,,297705,37,0,10,2
12102,'H58S000A-80-A',452,,321336,5,0,10,1,68,,321342,5,0,10,1,28,,321340,5,0,10,1,65,,321337,5,0,10,1,25,,321348,5,0,10,1,65,,321343,5,0,10,1,24,,321341,5,0,10,1,25,,321338,5,0,10,1,63,,321354,5,0,10,1,18,,321349,5,0,10,1,17,,321379,5,0,10,1,55,,321344,5,0,10,1,15,,321363,5,0,10,1,16,,321355,5,0,10,1,15,,321371,5,0,10,1,56,,321339,5,0,10,1,16,,321350,5,0,10,1,15,,321360,5,0,10,1,14,,321380,5,0,10,1,54,,321356,5,0,10,1,14,,321345,5,0,10,1,15,,321364,5,0,10,1,15,,321372,5,0,10,1,55,,321387,5,0,10,1,14,,321351,5,0,10,1,14,,321361,5,0,10,1,13,,321397,5,0,10,1,12,,321381,5,0,10,1,52,,321357,5,0,10,1,11,,321346,5,0,10,1,12,,321394,5,0,10,1,12,,321365,5,0,10,1,13,,321373,5,0,10,1,52,,321388,5,0,10,1,12,,321352,5,0,10,1,11,,321401,5,0,10,1,11,,321362,5,0,10,1,10,,321398,5,0,10,1,51,,321382,5,0,10,1,11,,321358,5,0,10,1,13,,321347,5,0,10,1,13,,321395,5,0,10,1,14,,321366,5,0,10,1,54,,321374,5,0,10,1,15,,321389,5,0,10,1,15,,321353,5,0,10,1,13,,321402,5,0,10,1,53,,321399,5,0,10,1,13,,321383,5,0,10,1,15,,321359,5,0,10,1,15,,321396,5,0,10,1,56,,321367,5,0,10,1,17,,321375,5,0,10,1,17,,321390,5,0,10,1,64,,321400,5,0,10,1,26,,321384,5,0,10,1,30,,321368,5,0,10,1,70,,321376,5,0,10,1,30,,321391,5,0,10,1,72,,321385,5,0,10,1,70,,321369,5,0,10,1,30,,321377,5,0,10,1,71,,321392,5,0,10,1,31,,321386,5,0,10,1,71,,321370,5,0,10,1,31,,321378,5,0,10,1,73,,321393,5,0,10,1
12102,'H58S000I-80-I',453,,321403,5,0,10,1,69,,321422,5,0,10,1,29,,321411,5,0,10,1,70,,321404,5,0,10,1,30,,321423,5,0,10,1,69,,321412,5,0,10,1,25,,321429,5,0,10,1,64,,321405,5,0,10,1,25,,321424,5,0,10,1,24,,321413,5,0,10,1,64,,321439,5,0,10,1,22,,321430,5,0,10,1,58,,321406,5,0,10,1,19,,321425,5,0,10,1,17,,321453,5,0,10,1,16,,321449,5,0,10,1,56,,321414,5,0,10,1,18,,321440,5,0,10,1,18,,321431,5,0,10,1,58,,321407,5,0,10,1,17,,321426,5,0,10,1,14,,321442,5,0,10,1,13,,321454,5,0,10,1,52,,321450,5,0,10,1,12,,321415,5,0,10,1,13,,321456,5,0,10,1,14,,321441,5,0,10,1,14,,321432,5,0,10,1,55,,321408,5,0,10,1,15,,321427,5,0,10,1,14,,321443,5,0,10,1,14,,321451,5,0,10,1,55,,321455,5,0,10,1,16,,321416,5,0,10,1,16,,321457,5,0,10,1,18,,321433,5,0,10,1,58,,321409,5,0,10,1,18,,321428,5,0,10,1,17,,321444,5,0,10,1,56,,321452,5,0,10,1,18,,321417,5,0,10,1,20,,321458,5,0,10,1,60,,321434,5,0,10,1,22,,321410,5,0,10,1,25,,321445,5,0,10,1,70,,321418,5,0,10,1,31,,321459,5,0,10,1,71,,321435,5,0,10,1,33,,321446,5,0,10,1,71,,321419,5,0,10,1,32,,321460,5,0,10,1,71,,321436,5,0,10,1,72,,321447,5,0,10,1,32,,321420,5,0,10,1,71,,321437,5,0,10,1,32,,321448,5,0,10,1,72,,321421,5,0,10,1,24,,321438,5,0,10,1
12102,'H58S000S-83-S',453,,321468,5,0,10,1,49,,321476,5,0,10,1,9,,321487,5,0,10,1,9,,321503,5,0,10,1,9,,321511,5,0,10,1,9,,321513,5,0,10,1,9,,321474,5,0,10,1,9,,321461,5,0,10,1,48,,321519,5,0,10,1,7,,321493,5,0,10,1,8,,321521,5,0,10,1,8,,321523,5,0,10,1,8,,321530,5,0,10,1,6,,321536,5,0,10,1,5,,321469,5,0,10,1,5,,321542,5,0,10,1,6,,321477,5,0,10,1,46,,321544,5,0,10,1,5,,321488,5,0,10,1,5,,321545,5,0,10,1,5,,321546,5,0,10,1,6,,321504,5,0,10,1,5,,321512,5,0,10,1,5,,321547,5,0,10,1,6,,321514,5,0,10,1,6,,321548,5,0,10,1,6,,321475,5,0,10,1,7,,321462,5,0,10,1,46,,321520,5,0,10,1,10,,321522,5,0,10,1,11,,321524,5,0,10,1,10,,321531,5,0,10,1,9,,321537,5,0,10,1,11,,321470,5,0,10,1,50,,321478,5,0,10,1,11,,321489,5,0,10,1,12,,321505,5,0,10,1,12,,321550,5,0,10,1,12,,321515,5,0,10,1,52,,321463,5,0,10,1,12,,321495,5,0,10,1,12,,321525,5,0,10,1,12,,321532,5,0,10,1,12,,321538,5,0,10,1,52,,321471,5,0,10,1,12,,321479,5,0,10,1,12,,321490,5,0,10,1,11,,321506,5,0,10,1,10,,321551,5,0,10,1,50,,321516,5,0,10,1,11,,321464,5,0,10,1,11,,321496,5,0,10,1,11,,321526,5,0,10,1,12,,321533,5,0,10,1,11,,321539,5,0,10,1,51,,321472,5,0,10,1,10,,321552,5,0,10,1,10,,321480,5,0,10,1,10,,321491,5,0,10,1,10,,321507,5,0,10,1,12,,321517,5,0,10,1,52,,321465,5,0,10,1,12,,321497,5,0,10,1,11,,321527,5,0,10,1,11,,321534,5,0,10,1,12,,321540,5,0,10,1,48,,321563,5,0,10,1,10,,321473,5,0,10,1,9,,321553,5,0,10,1,8,,321572,5,0,10,1,9,,321481,5,0,10,1,9,,321492,5,0,10,1,8,,321568,5,0,10,1,47,,321535,5,0,10,1,3,,321508,5,0,10,1,8,,321518,5,0,10,1,8,,321466,5,0,10,1,8,,321498,5,0,10,1,10,,321570,5,0,10,1,10,,321528,5,0,10,1,50,,321561,5,0,10,1,10,,321541,5,0,10,1,10,,321559,5,0,10,1,11,,321564,5,0,10,1,12,,321554,5,0,10,1,12,,321482,5,0,10,1,52,,321569,5,0,10,1,12,,321509,5,0,10,1,12,,321467,5,0,10,1,12,,321499,5,0,10,1,12,,321529,5,0,10,1,52,,321562,5,0,10,1,12,,321560,5,0,10,1,11,,321565,5,0,10,1,11,,321555,5,0,10,1,12,,321483,5,0,10,1,64,,321510,5,0,10,1,28,,321500,5,0,10,1,67,,321566,5,0,10,1,25,,321556,5,0,10,1,64,,321484,5,0,10,1,29,,321501,5,0,10,1,70,,321567,5,0,10,1,29,,321557,5,0,10,1,71,,321485,5,0,10,1,32,,321502,5,0,10,1,73,,321558,5,0,10,1,26,,321486,5,0,10,1
12102,'H58S100F-80-F1',453,,321574,5,0,10,1,69,,321588,5,0,10,1,29,,321582,5,0,10,1,70,,321575,5,0,10,1,30,,321589,5,0,10,1,69,,321583,5,0,10,1,25,,321602,5,0,10,1,64,,321576,5,0,10,1,25,,321590,5,0,10,1,24,,321584,5,0,10,1,64,,321612,5,0,10,1,22,,321603,5,0,10,1,58,,321577,5,0,10,1,19,,321591,5,0,10,1,17,,321624,5,0,10,1,16,,321617,5,0,10,1,56,,321585,5,0,10,1,18,,321613,5,0,10,1,18,,321604,5,0,10,1,58,,321578,5,0,10,1,17,,321599,5,0,10,1,14,,321592,5,0,10,1,13,,321625,5,0,10,1,52,,321618,5,0,10,1,12,,321586,5,0,10,1,13,,321627,5,0,10,1,14,,321614,5,0,10,1,14,,321605,5,0,10,1,55,,321579,5,0,10,1,15,,321600,5,0,10,1,14,,321593,5,0,10,1,14,,321615,5,0,10,1,55,,321626,5,0,10,1,16,,321587,5,0,10,1,16,,321628,5,0,10,1,18,,321606,5,0,10,1,58,,321580,5,0,10,1,18,,321601,5,0,10,1,17,,321594,5,0,10,1,56,,321616,5,0,10,1,18,,321619,5,0,10,1,20,,321629,5,0,10,1,60,,321607,5,0,10,1,22,,321581,5,0,10,1,25,,321595,5,0,10,1,70,,321620,5,0,10,1,31,,321630,5,0,10,1,71,,321608,5,0,10,1,33,,321596,5,0,10,1,71,,321621,5,0,10,1,32,,321631,5,0,10,1,71,,321609,5,0,10,1,72,,321597,5,0,10,1,32,,321622,5,0,10,1,71,,321610,5,0,10,1,32,,321598,5,0,10,1,72,,321623,5,0,10,1,24,,321611,5,0,10,1
12102,'H58S200F-80-F2',453,,321637,5,0,10,1,69,,321651,5,0,10,1,29,,321645,5,0,10,1,70,,321638,5,0,10,1,30,,321652,5,0,10,1,69,,321646,5,0,10,1,25,,321662,5,0,10,1,64,,321639,5,0,10,1,25,,321653,5,0,10,1,24,,321647,5,0,10,1,64,,321672,5,0,10,1,22,,321663,5,0,10,1,58,,321640,5,0,10,1,19,,321654,5,0,10,1,17,,321682,5,0,10,1,16,,321675,5,0,10,1,56,,321648,5,0,10,1,18,,321673,5,0,10,1,18,,321664,5,0,10,1,58,,321641,5,0,10,1,17,,321632,5,0,10,1,14,,321655,5,0,10,1,13,,321683,5,0,10,1,52,,321676,5,0,10,1,12,,321649,5,0,10,1,13,,321685,5,0,10,1,14,,321674,5,0,10,1,14,,321665,5,0,10,1,55,,321642,5,0,10,1,15,,321633,5,0,10,1,14,,321656,5,0,10,1,14,,321635,5,0,10,1,55,,321684,5,0,10,1,16,,321650,5,0,10,1,16,,321686,5,0,10,1,18,,321666,5,0,10,1,58,,321643,5,0,10,1,18,,321634,5,0,10,1,17,,321657,5,0,10,1,56,,321636,5,0,10,1,18,,321677,5,0,10,1,20,,321687,5,0,10,1,60,,321667,5,0,10,1,22,,321644,5,0,10,1,25,,321658,5,0,10,1,70,,321678,5,0,10,1,31,,321688,5,0,10,1,71,,321668,5,0,10,1,33,,321659,5,0,10,1,71,,321679,5,0,10,1,32,,321689,5,0,10,1,71,,321669,5,0,10,1,72,,321660,5,0,10,1,32,,321680,5,0,10,1,71,,321670,5,0,10,1,32,,321661,5,0,10,1,72,,321681,5,0,10,1,24,,321671,5,0,10,1
37802,'H60S000A-80-A',2622,,347278,5,0,10,1,93,,347276,5,0,10,1,88,,347277,5,0,10,1
37802,'H60S000I-81-I',2622,,347280,5,0,10,1,91,,347281,5,0,10,1,90,,347279,5,0,10,1
37802,'H60S000S-83-S',2622,,347283,5,0,10,1,88,,347282,5,0,10,1,97,,347284,5,0,10,1
37802,'H60S100F-80-F1',2622,,347285,5,0,10,1,91,,347287,5,0,10,1,90,,347286,5,0,10,1
37802,'H60S200F-80-F2',2622,,347288,5,0,10,1,91,,347290,5,0,10,1,90,,347289,5,0,10,1
