3103,'H51S000A-80-A',554,,293870,32,0,8,2,75,,293874,32,0,8,1,77,,293871,32,0,8,2,36,,293875,32,0,8,1,76,,293872,32,0,8,2,40,,293876,32,0,8,1,76,,293873,32,0,8,2,75,,293895,32,0,8,2,36,,293877,32,0,8,1,77,,293886,32,0,8,1,36,,293896,32,0,8,2,76,,293878,32,0,8,1,75,,293887,32,0,8,1,35,,293897,32,0,8,2,74,,293879,32,0,8,1,33,,293888,32,0,8,1,73,,293898,32,0,8,2,33,,293880,32,0,8,1,73,,293889,32,0,8,1,73,,293899,32,0,8,2,33,,293881,32,0,8,1,72,,293890,32,0,8,1,33,,293900,32,0,8,2,71,,293882,32,0,8,1,30,,293891,32,0,8,1,73,,293901,32,0,8,2,33,,293883,32,0,8,1,73,,293892,32,0,8,1,32,,293902,32,0,8,2,72,,293884,32,0,8,1,33,,293893,32,0,8,1,73,,293903,32,0,8,2,73,,293885,32,0,8,1,33,,293894,32,0,8,1,73,,293904,32,0,8,2
3103,'H51S000I-80-I',554,,293905,32,0,8,1,78,,293917,32,0,8,1,78,,293906,32,0,8,1,37,,293918,32,0,8,1,77,,293927,32,0,8,1,78,,293919,32,0,8,1,38,,293928,32,0,8,1,79,,293920,32,0,8,1,38,,293929,32,0,8,1,80,,293921,32,0,8,1,68,,293935,32,0,8,2,30,,293930,32,0,8,1,69,,293922,32,0,8,1,31,,293907,32,0,8,1,70,,293912,32,0,8,1,30,,293936,32,0,8,2,70,,293931,32,0,8,1,30,,293923,32,0,8,1,70,,293908,32,0,8,1,29,,293913,32,0,8,1,70,,293937,32,0,8,2,30,,293932,32,0,8,1,70,,293924,32,0,8,1,29,,293909,32,0,8,1,69,,293914,32,0,8,1,30,,293938,32,0,8,2,70,,293933,32,0,8,1,29,,293925,32,0,8,1,70,,293910,32,0,8,1,30,,293915,32,0,8,1,70,,293939,32,0,8,2,32,,293934,32,0,8,1,71,,293926,32,0,8,1,32,,293911,32,0,8,1,72,,293916,32,0,8,1,31,,293940,32,0,8,2
3103,'H51S000S-81-S',556,,293953,32,0,8,1,70,,293960,32,0,8,2,30,,293941,32,0,8,1,74,,293954,32,0,8,1,71,,293961,32,0,8,2,30,,293942,32,0,8,1,72,,293955,32,0,8,1,32,,293962,32,0,8,2,71,,293943,32,0,8,1,30,,293956,32,0,8,1,72,,293963,32,0,8,2,31,,293944,32,0,8,1,71,,293957,32,0,8,1,30,,293964,32,0,8,2,70,,293945,32,0,8,1,31,,293958,32,0,8,1,72,,293965,32,0,8,2,31,,293946,32,0,8,1,74,,293959,32,0,8,1,33,,293966,32,0,8,2,75,,293947,32,0,8,1,29,,293968,32,0,8,1,68,,293974,32,0,8,2,26,,293967,32,0,8,2,64,,293948,32,0,8,1,31,,293969,32,0,8,1,69,,293975,32,0,8,2,32,,293949,32,0,8,1,70,,293970,32,0,8,1,30,,293976,32,0,8,2,69,,293950,32,0,8,1,30,,293971,32,0,8,1,70,,293977,32,0,8,2,30,,293951,32,0,8,1,68,,293972,32,0,8,1,29,,293978,32,0,8,2,70,,293952,32,0,8,1,30,,293973,32,0,8,1,70,,293979,32,0,8,2
3103,'H51S100F-80-F1',554,,293980,32,0,8,1,78,,293992,32,0,8,1,78,,293981,32,0,8,1,37,,293993,32,0,8,1,77,,294002,32,0,8,1,78,,293994,32,0,8,1,38,,294003,32,0,8,1,79,,293995,32,0,8,1,38,,294004,32,0,8,1,80,,293996,32,0,8,1,68,,294010,32,0,8,2,30,,294005,32,0,8,1,69,,293997,32,0,8,1,31,,293982,32,0,8,1,70,,293987,32,0,8,1,30,,294011,32,0,8,2,70,,294006,32,0,8,1,30,,293998,32,0,8,1,70,,293983,32,0,8,1,29,,293988,32,0,8,1,70,,294012,32,0,8,2,30,,294007,32,0,8,1,70,,293999,32,0,8,1,29,,293984,32,0,8,1,69,,293989,32,0,8,1,30,,294013,32,0,8,2,70,,294008,32,0,8,1,29,,294000,32,0,8,1,70,,293985,32,0,8,1,30,,293990,32,0,8,1,70,,294014,32,0,8,2,32,,294009,32,0,8,1,71,,294001,32,0,8,1,32,,293986,32,0,8,1,72,,293991,32,0,8,1,31,,294015,32,0,8,2
3103,'H51S200F-80-F2',554,,294016,32,0,8,1,78,,294028,32,0,8,1,78,,294017,32,0,8,1,37,,294029,32,0,8,1,77,,294038,32,0,8,1,78,,294030,32,0,8,1,38,,294039,32,0,8,1,79,,294031,32,0,8,1,38,,294040,32,0,8,1,80,,294032,32,0,8,1,68,,294046,32,0,8,2,30,,294041,32,0,8,1,69,,294033,32,0,8,1,31,,294018,32,0,8,1,70,,294023,32,0,8,1,30,,294047,32,0,8,2,70,,294042,32,0,8,1,30,,294034,32,0,8,1,70,,294019,32,0,8,1,29,,294024,32,0,8,1,70,,294048,32,0,8,2,30,,294043,32,0,8,1,70,,294035,32,0,8,1,29,,294020,32,0,8,1,69,,294025,32,0,8,1,30,,294049,32,0,8,2,70,,294044,32,0,8,1,29,,294036,32,0,8,1,70,,294021,32,0,8,1,30,,294026,32,0,8,1,70,,294050,32,0,8,2,32,,294045,32,0,8,1,71,,294037,32,0,8,1,32,,294022,32,0,8,1,72,,294027,32,0,8,1,31,,294051,32,0,8,2
4101,'H58S000S-83-S',532,,297576,3,0,5,1,21,,297577,3,0,5,1,59,,297588,3,0,5,2,28,,297569,3,0,5,1,70,,297584,3,0,5,2,31,,297565,3,0,5,2,70,,297578,3,0,5,1,32,,297593,3,0,5,1,62,,297570,3,0,5,1,28,,297566,3,0,5,1,69,,297589,3,0,5,2,29,,297574,3,0,5,1,21,,297579,3,0,5,1,70,,297571,3,0,5,1,30,,297567,3,0,5,1,68,,297590,3,0,5,2,29,,297575,3,0,5,1,66,,297580,3,0,5,1,25,,297572,3,0,5,1,62,,297585,3,0,5,2,24,,297568,3,0,5,1,24,,297591,3,0,5,2,73,,297596,3,0,5,2,33,,297581,3,0,5,1,73,,297597,3,0,5,2,26,,297586,3,0,5,2,68,,297592,3,0,5,2,30,,297573,3,0,5,1,66,,297594,3,0,5,1,26,,297582,3,0,5,1,68,,297598,3,0,5,2,28,,297587,3,0,5,2,70,,297599,3,0,5,2,29,,297595,3,0,5,1,67,,297583,3,0,5,1
4101,'H58S100F-80-F1',532,,297601,3,0,5,2,70,,297605,3,0,5,2,30,,297609,3,0,5,1,70,,297611,3,0,5,1,30,,297604,3,0,5,1,70,,297602,3,0,5,2,30,,297606,3,0,5,2,70,,297610,3,0,5,1,30,,297612,3,0,5,1,498,,297615,3,0,5,2,28,,297617,3,0,5,2,68,,297607,3,0,5,2,28,,297600,3,0,5,1,69,,297613,3,0,5,2,32,,297614,3,0,5,1,69,,297616,3,0,5,2,28,,297618,3,0,5,2,67,,297608,3,0,5,2,26,,297603,3,0,5,1
4101,'H58S200F-80-F2',532,,297635,3,0,5,2,70,,297620,3,0,5,2,30,,297630,3,0,5,1,70,,297622,3,0,5,1,30,,297619,3,0,5,1,70,,297636,3,0,5,2,30,,297621,3,0,5,2,70,,297631,3,0,5,1,30,,297623,3,0,5,1,498,,297626,3,0,5,2,28,,297628,3,0,5,2,68,,297632,3,0,5,2,28,,297637,3,0,5,1,69,,297624,3,0,5,2,32,,297625,3,0,5,1,69,,297627,3,0,5,2,28,,297629,3,0,5,2,67,,297633,3,0,5,2,26,,297634,3,0,5,1
18002,'H58S000A-80-A',532,,334546,2,0,10,2,70,,334541,2,0,10,1,33,,334547,2,0,10,2,72,,334542,2,0,10,1,27,,334549,2,0,10,1,66,,334548,2,0,10,2,28,,334543,2,0,10,1,27,,334550,2,0,10,1,67,,334555,2,0,10,1,29,,334544,2,0,10,1,72,,334551,2,0,10,1,33,,334556,2,0,10,1,72,,334545,2,0,10,1,72,,334559,2,0,10,2,31,,334562,2,0,10,2,73,,334563,2,0,10,1,33,,334560,2,0,10,2,73,,334568,2,0,10,1,33,,334564,2,0,10,1,73,,334561,2,0,10,2,33,,334569,2,0,10,1,73,,334570,2,0,10,2,33,,334557,2,0,10,1,72,,334571,2,0,10,2,32,,334534,2,0,10,2,72,,334558,2,0,10,1,71,,334572,2,0,10,2,30,,334535,2,0,10,2,69,,334538,2,0,10,1,29,,334573,2,0,10,2,27,,334536,2,0,10,2,67,,334539,2,0,10,1,27,,334574,2,0,10,2,67,,334537,2,0,10,2,26,,334540,2,0,10,1,66,,334575,2,0,10,2,27,,334552,2,0,10,1,64,,334565,2,0,10,1,27,,334553,2,0,10,1,72,,334566,2,0,10,1,31,,334554,2,0,10,1,70,,334567,2,0,10,1
18002,'H58S000I-80-I',602,,334598,2,0,10,2,33,,334586,2,0,10,1,73,,334599,2,0,10,2,32,,334587,2,0,10,1,73,,334600,2,0,10,2,32,,334588,2,0,10,1,66,,334576,2,0,10,1,26,,334601,2,0,10,2,67,,334589,2,0,10,1,28,,334577,2,0,10,1,70,,334602,2,0,10,2,29,,334590,2,0,10,1,69,,334578,2,0,10,1,31,,334603,2,0,10,2,70,,334591,2,0,10,1,30,,334579,2,0,10,1,70,,334604,2,0,10,2,30,,334592,2,0,10,1,71,,334580,2,0,10,1,30,,334605,2,0,10,2,70,,334593,2,0,10,1,30,,334581,2,0,10,1,70,,334606,2,0,10,2,30,,334594,2,0,10,1,70,,334582,2,0,10,1,30,,334607,2,0,10,2,71,,334595,2,0,10,1,30,,334583,2,0,10,1,70,,334608,2,0,10,2,28,,334596,2,0,10,1,28,,334584,2,0,10,1,68,,334609,2,0,10,2,28,,334597,2,0,10,1,67,,334585,2,0,10,1,31,,334610,2,0,10,1,70,,334614,2,0,10,2,31,,334611,2,0,10,1,69,,334615,2,0,10,2,29,,334612,2,0,10,1,69,,334613,2,0,10,1
18002,'H58S000S-83-S',531,,334633,2,0,10,1,28,,334637,2,0,10,2,68,,334638,2,0,10,2,31,,334626,2,0,10,1,73,,334639,2,0,10,2,72,,334641,2,0,10,2,21,,334627,2,0,10,1,33,,334618,2,0,10,1,73,,334642,2,0,10,2,72,,334649,2,0,10,2,33,,334619,2,0,10,1,71,,334643,2,0,10,2,30,,334650,2,0,10,2,23,,334620,2,0,10,1,73,,334644,2,0,10,2,73,,334634,2,0,10,1,33,,334621,2,0,10,1,73,,334645,2,0,10,2,20,,334648,2,0,10,1,20,,334653,2,0,10,1,65,,334622,2,0,10,1,14,,334656,2,0,10,1,12,,334659,2,0,10,2,12,,334646,2,0,10,2,52,,334661,2,0,10,1,22,,334658,2,0,10,2,22,,334623,2,0,10,1,62,,334660,2,0,10,2,17,,334651,2,0,10,2,11,,334640,2,0,10,2,10,,334662,2,0,10,1,52,,334652,2,0,10,2,19,,334617,2,0,10,2,30,,334657,2,0,10,2,71,,334624,2,0,10,1,31,,334655,2,0,10,2,70,,334628,2,0,10,1,30,,334625,2,0,10,1,71,,334616,2,0,10,2,30,,334629,2,0,10,1,70,,334635,2,0,10,1,30,,334631,2,0,10,2,70,,334630,2,0,10,1,29,,334636,2,0,10,1,69,,334632,2,0,10,2,29,,334647,2,0,10,1,68,,334654,2,0,10,1
18002,'H58S100F-80-F1',602,,334684,2,0,10,2,33,,334675,2,0,10,1,73,,334685,2,0,10,2,32,,334676,2,0,10,1,73,,334686,2,0,10,2,32,,334677,2,0,10,1,66,,334665,2,0,10,1,26,,334687,2,0,10,2,67,,334678,2,0,10,1,28,,334666,2,0,10,1,70,,334688,2,0,10,2,29,,334679,2,0,10,1,69,,334667,2,0,10,1,31,,334689,2,0,10,2,70,,334680,2,0,10,1,30,,334668,2,0,10,1,70,,334690,2,0,10,2,30,,334681,2,0,10,1,71,,334669,2,0,10,1,30,,334700,2,0,10,2,70,,334682,2,0,10,1,30,,334670,2,0,10,1,70,,334701,2,0,10,2,30,,334683,2,0,10,1,70,,334671,2,0,10,1,30,,334702,2,0,10,2,71,,334697,2,0,10,2,30,,334672,2,0,10,1,70,,334695,2,0,10,2,28,,334698,2,0,10,2,28,,334673,2,0,10,1,68,,334696,2,0,10,2,28,,334699,2,0,10,2,67,,334674,2,0,10,1,31,,334692,2,0,10,1,70,,334663,2,0,10,1,31,,334693,2,0,10,1,69,,334664,2,0,10,1,29,,334694,2,0,10,1,69,,334691,2,0,10,1
18002,'H58S200F-80-F2',602,,334715,2,0,10,2,33,,334732,2,0,10,1,73,,334716,2,0,10,2,32,,334733,2,0,10,1,73,,334717,2,0,10,2,32,,334734,2,0,10,1,66,,334722,2,0,10,1,26,,334718,2,0,10,2,67,,334735,2,0,10,1,28,,334723,2,0,10,1,70,,334719,2,0,10,2,29,,334736,2,0,10,1,69,,334724,2,0,10,1,31,,334720,2,0,10,2,70,,334737,2,0,10,1,30,,334725,2,0,10,1,70,,334721,2,0,10,2,30,,334738,2,0,10,1,71,,334726,2,0,10,1,30,,334712,2,0,10,2,70,,334739,2,0,10,1,30,,334727,2,0,10,1,70,,334713,2,0,10,2,30,,334740,2,0,10,1,70,,334728,2,0,10,1,30,,334714,2,0,10,2,71,,334703,2,0,10,2,30,,334729,2,0,10,1,70,,334741,2,0,10,2,28,,334704,2,0,10,2,28,,334730,2,0,10,1,68,,334742,2,0,10,2,28,,334705,2,0,10,2,67,,334731,2,0,10,1,31,,334706,2,0,10,1,70,,334710,2,0,10,1,31,,334707,2,0,10,1,69,,334711,2,0,10,1,29,,334708,2,0,10,1,69,,334709,2,0,10,1
36103,'H51S000A-80-A',2542,,346560,45,0,8,1,9,,346548,45,0,8,1,50,,346538,45,0,8,1,10,,346569,45,0,8,2,5,,346546,45,0,8,1,6,,346555,45,0,8,1,5,,346566,45,0,8,2,5,,346541,45,0,8,2,4,,346558,45,0,8,1,6,,346550,45,0,8,1,7,,346552,45,0,8,1,9,,346544,45,0,8,1,45,,346543,45,0,8,1,5,,346562,45,0,8,1,6,,346540,45,0,8,1,5,,346565,45,0,8,2,5,,346539,45,0,8,1,3,,346561,45,0,8,2,3,,346554,45,0,8,1,3,,346571,45,0,8,2,4,,346570,45,0,8,2,4,,346547,45,0,8,1,4,,346556,45,0,8,1,3,,346549,45,0,8,1,5,,346567,45,0,8,2,6,,346559,45,0,8,1,46,,346551,45,0,8,1,6,,346553,45,0,8,1,4,,346542,45,0,8,2,8,,346545,45,0,8,1,10,,346563,45,0,8,1,10,,346568,45,0,8,2,11,,346564,45,0,8,2,54,,346557,45,0,8,1
36103,'H51S000I-80-I',2521,,346576,45,0,8,1,28,,346572,45,0,8,1,61,,346575,45,0,8,1,39,,346577,45,0,8,1,85,,346573,45,0,8,1,85,,346578,45,0,8,1,85,,346574,45,0,8,1
36103,'H51S000S-81-S',2520,,346584,45,0,8,1,23,,346593,45,0,8,2,16,,346594,39,0,8,2,41,,346588,45,0,8,1,17,,346582,45,0,8,1,13,,346592,45,0,8,1,13,,346579,45,0,8,1,57,,346590,45,0,8,1,10,,346585,45,0,8,1,11,,346581,45,0,8,1,8,,346586,45,0,8,1,7,,346580,45,0,8,1,13,,346589,45,0,8,1,8,,346583,45,0,8,1,63,,346591,45,0,8,1,85,,346587,45,0,8,1
36103,'H51S000S-81-SV',2527,,346602,45,0,8,2,9,,346601,45,0,8,2,15,,346600,45,0,8,2,58,,346597,45,0,8,2,15,,346599,45,0,8,2,12,,346598,45,0,8,2,14,,346603,45,0,8,2,92,,346596,45,0,8,2,63,,346595,45,0,8,2
36103,'H51S100F-80-F1',2521,,346608,45,0,8,1,28,,346604,45,0,8,1,61,,346605,45,0,8,1,39,,346609,45,0,8,1,85,,346606,45,0,8,1,85,,346610,45,0,8,1,85,,346607,45,0,8,1
36103,'H51S200F-80-F2',2521,,346615,45,0,8,1,28,,346611,45,0,8,1,61,,346612,45,0,8,1,39,,346616,45,0,8,1,85,,346613,45,0,8,1,85,,346617,45,0,8,1,85,,346614,45,0,8,1
