20001,'H56S000S-82-S',738,,339475,2,0,5,1
20001,'H60S000A-80-A',612,,339476,2,0,5,1,30,,339487,2,0,5,2,69,,339497,2,0,5,2,29,,339477,2,0,5,1,73,,339488,2,0,5,2,32,,339498,2,0,5,2,70,,339478,2,0,5,1,29,,339489,2,0,5,2,69,,339499,2,0,5,2,30,,339479,2,0,5,1,68,,339490,2,0,5,2,29,,339500,2,0,5,2,70,,339480,2,0,5,1,30,,339491,2,0,5,2,70,,339501,2,0,5,2,31,,339481,2,0,5,1,71,,339492,2,0,5,2,29,,339502,2,0,5,2,70,,339482,2,0,5,1,30,,339493,2,0,5,2,70,,339503,2,0,5,2,29,,339483,2,0,5,1,69,,339494,2,0,5,2,30,,339504,2,0,5,2,71,,339484,2,0,5,1,32,,339495,2,0,5,1,71,,339505,2,0,5,2,28,,339485,2,0,5,1,70,,339496,2,0,5,1,30,,339506,2,0,5,2,70,,339486,2,0,5,1
20001,'H60S000I-81-I',744,,339525,2,0,5,1,70,,339507,2,0,5,1,30,,339516,2,0,5,2,69,,339526,2,0,5,1,29,,339508,2,0,5,1,69,,339517,2,0,5,2,30,,339527,2,0,5,1,71,,339509,2,0,5,1,29,,339518,2,0,5,2,70,,339528,2,0,5,1,30,,339510,2,0,5,1,70,,339519,2,0,5,2,30,,339529,2,0,5,1,70,,339511,2,0,5,1,29,,339520,2,0,5,2,70,,339530,2,0,5,1,30,,339512,2,0,5,1,69,,339521,2,0,5,2,29,,339531,2,0,5,1,71,,339513,2,0,5,1,32,,339522,2,0,5,2,71,,339532,2,0,5,1,32,,339514,2,0,5,1,69,,339523,2,0,5,2,30,,339533,2,0,5,1,69,,339515,2,0,5,1,29,,339524,2,0,5,2,70,,339534,2,0,5,1
20001,'H60S000S-83-S',559,,339543,2,0,5,1,60,,339541,2,0,5,1,24,,339555,2,0,5,2,61,,339562,2,0,5,2,19,,339544,2,0,5,1,29,,339535,2,0,5,2,54,,339542,2,0,5,1,14,,339556,2,0,5,2,14,,339554,2,0,5,1,15,,339563,2,0,5,2,57,,339545,2,0,5,1,20,,339536,2,0,5,2,22,,339557,2,0,5,2,69,,339564,2,0,5,2,30,,339546,2,0,5,1,70,,339558,2,0,5,2,31,,339565,2,0,5,2,71,,339547,2,0,5,1,31,,339559,2,0,5,2,70,,339566,2,0,5,2,30,,339548,2,0,5,1,68,,339560,2,0,5,2,30,,339567,2,0,5,2,71,,339549,2,0,5,1,31,,339561,2,0,5,2,72,,339568,2,0,5,2,24,,339570,2,0,5,1,61,,339550,2,0,5,1,23,,339537,2,0,5,1,23,,339569,2,0,5,2,64,,339571,2,0,5,1,24,,339551,2,0,5,1,68,,339538,2,0,5,1,31,,339572,2,0,5,1,70,,339552,2,0,5,1,29,,339539,2,0,5,1,69,,339573,2,0,5,1,29,,339553,2,0,5,1,72,,339540,2,0,5,1
20001,'H60S100F-80-F1',744,,339592,2,0,5,1,70,,339574,2,0,5,1,30,,339583,2,0,5,1,69,,339593,2,0,5,1,29,,339575,2,0,5,1,69,,339584,2,0,5,1,30,,339594,2,0,5,1,71,,339576,2,0,5,1,29,,339585,2,0,5,1,70,,339595,2,0,5,1,30,,339577,2,0,5,1,70,,339586,2,0,5,1,30,,339596,2,0,5,1,70,,339578,2,0,5,1,29,,339587,2,0,5,1,70,,339597,2,0,5,1,30,,339579,2,0,5,1,69,,339588,2,0,5,1,29,,339598,2,0,5,1,71,,339580,2,0,5,1,32,,339589,2,0,5,1,71,,339599,2,0,5,1,32,,339581,2,0,5,1,69,,339590,2,0,5,1,30,,339600,2,0,5,1,69,,339582,2,0,5,1,29,,339591,2,0,5,1,70,,339601,2,0,5,1
20001,'H60S200F-80-F2',744,,339620,2,0,5,1,70,,339602,2,0,5,1,30,,339611,2,0,5,1,69,,339621,2,0,5,1,29,,339603,2,0,5,1,69,,339612,2,0,5,1,30,,339622,2,0,5,1,71,,339604,2,0,5,1,29,,339613,2,0,5,1,70,,339623,2,0,5,1,30,,339605,2,0,5,1,70,,339614,2,0,5,1,30,,339624,2,0,5,1,70,,339606,2,0,5,1,29,,339615,2,0,5,1,70,,339625,2,0,5,1,30,,339607,2,0,5,1,69,,339616,2,0,5,1,29,,339626,2,0,5,1,71,,339608,2,0,5,1,32,,339617,2,0,5,1,71,,339627,2,0,5,1,32,,339609,2,0,5,1,69,,339618,2,0,5,1,30,,339628,2,0,5,1,69,,339610,2,0,5,1,29,,339619,2,0,5,1,70,,339629,2,0,5,1
41101,'H56S000A-80-A',557,,347447,2,0,5,2,70,,347448,2,0,5,1,29,,347428,2,0,5,1,70,,347411,2,0,5,2,31,,347421,2,0,5,2,72,,347449,2,0,5,1,71,,347429,2,0,5,1,30,,347433,2,0,5,1,28,,347422,2,0,5,2,70,,347439,2,0,5,1,30,,347430,2,0,5,1,66,,347434,2,0,5,1,30,,347423,2,0,5,2,71,,347440,2,0,5,1,30,,347431,2,0,5,1,70,,347435,2,0,5,1,31,,347424,2,0,5,2,70,,347441,2,0,5,1,30,,347432,2,0,5,1,70,,347436,2,0,5,1,30,,347425,2,0,5,2,69,,347442,2,0,5,1,29,,347419,2,0,5,2,70,,347437,2,0,5,1,29,,347426,2,0,5,2,72,,347443,2,0,5,1,32,,347420,2,0,5,2,69,,347438,2,0,5,1,29,,347427,2,0,5,2,71,,347444,2,0,5,1,31,,347416,2,0,5,1,69,,347412,2,0,5,1,29,,347414,2,0,5,2,71,,347445,2,0,5,1,31,,347417,2,0,5,2,71,,347413,2,0,5,1,72,,347415,2,0,5,2,22,,347446,2,0,5,1,30,,347418,2,0,5,2
41101,'H56S000I-80-I',627,,347483,2,0,5,1,73,,347456,2,0,5,2,30,,347450,2,0,5,1,29,,347465,2,0,5,2,70,,347484,2,0,5,1,29,,347457,2,0,5,2,69,,347477,2,0,5,1,29,,347466,2,0,5,2,71,,347472,2,0,5,1,31,,347458,2,0,5,2,69,,347478,2,0,5,1,29,,347467,2,0,5,2,69,,347473,2,0,5,1,31,,347459,2,0,5,2,70,,347479,2,0,5,1,29,,347468,2,0,5,2,70,,347474,2,0,5,1,30,,347460,2,0,5,2,70,,347480,2,0,5,1,29,,347469,2,0,5,2,69,,347475,2,0,5,1,30,,347461,2,0,5,2,72,,347481,2,0,5,1,31,,347470,2,0,5,2,73,,347476,2,0,5,1,29,,347462,2,0,5,2,70,,347482,2,0,5,1,29,,347471,2,0,5,2,70,,347455,2,0,5,1,29,,347463,2,0,5,2,69,,347453,2,0,5,1,30,,347485,2,0,5,2,70,,347451,2,0,5,1,30,,347464,2,0,5,2,71,,347454,2,0,5,1,32,,347486,2,0,5,2,70,,347452,2,0,5,1
41101,'H56S000S-82-S',501,,347490,2,0,5,1,100,,347492,2,0,5,2,40,,347488,2,0,5,2,59,,347491,2,0,5,1,20,,347493,2,0,5,2,21,,347522,2,0,5,2,59,,347525,2,0,5,2,21,,347531,2,0,5,2,21,,347521,2,0,5,1,61,,347541,2,0,5,1,14,,347499,2,0,5,1,14,,347511,2,0,5,1,15,,347494,2,0,5,2,55,,347523,2,0,5,2,14,,347526,2,0,5,2,14,,347532,2,0,5,2,15,,347543,2,0,5,1,57,,347516,2,0,5,1,20,,347500,2,0,5,1,20,,347512,2,0,5,1,60,,347495,2,0,5,2,24,,347527,2,0,5,2,20,,347533,2,0,5,2,60,,347517,2,0,5,1,21,,347501,2,0,5,1,22,,347513,2,0,5,1,61,,347496,2,0,5,2,20,,347524,2,0,5,2,17,,347528,2,0,5,2,57,,347534,2,0,5,2,14,,347518,2,0,5,1,13,,347502,2,0,5,1,14,,347542,2,0,5,2,15,,347514,2,0,5,1,55,,347497,2,0,5,2,15,,347536,2,0,5,2,13,,347506,2,0,5,1,10,,347537,2,0,5,2,50,,347538,2,0,5,2,10,,347529,2,0,5,2,14,,347535,2,0,5,2,19,,347519,2,0,5,1,59,,347503,2,0,5,1,20,,347515,2,0,5,1,21,,347498,2,0,5,2,62,,347507,2,0,5,1,22,,347530,2,0,5,2,26,,347520,2,0,5,1,70,,347504,2,0,5,1,30,,347539,2,0,5,2,69,,347508,2,0,5,1,30,,347489,2,0,5,1,70,,347505,2,0,5,1,30,,347540,2,0,5,2,70,,347509,2,0,5,1,29,,347510,2,0,5,2,64,,347487,2,0,5,1
41101,'H56S100F-80-F1',627,,347577,2,0,5,1,73,,347550,2,0,5,2,30,,347544,2,0,5,1,29,,347559,2,0,5,2,70,,347578,2,0,5,1,29,,347551,2,0,5,2,69,,347571,2,0,5,1,29,,347560,2,0,5,2,71,,347566,2,0,5,1,31,,347552,2,0,5,2,69,,347572,2,0,5,1,29,,347561,2,0,5,2,69,,347567,2,0,5,1,31,,347553,2,0,5,2,70,,347573,2,0,5,1,29,,347562,2,0,5,2,70,,347568,2,0,5,1,30,,347554,2,0,5,2,70,,347574,2,0,5,1,29,,347563,2,0,5,2,69,,347569,2,0,5,1,30,,347555,2,0,5,2,72,,347575,2,0,5,1,31,,347564,2,0,5,2,73,,347570,2,0,5,1,29,,347556,2,0,5,2,70,,347576,2,0,5,1,29,,347565,2,0,5,2,70,,347549,2,0,5,1,29,,347557,2,0,5,2,69,,347547,2,0,5,1,30,,347579,2,0,5,2,70,,347545,2,0,5,1,30,,347558,2,0,5,2,71,,347548,2,0,5,1,32,,347580,2,0,5,2,70,,347546,2,0,5,1
41101,'H56S200F-80-F2',627,,347614,2,0,5,1,73,,347587,2,0,5,2,30,,347581,2,0,5,1,29,,347596,2,0,5,2,70,,347615,2,0,5,1,29,,347588,2,0,5,2,69,,347608,2,0,5,1,29,,347597,2,0,5,2,71,,347603,2,0,5,1,31,,347589,2,0,5,2,69,,347609,2,0,5,1,29,,347598,2,0,5,2,69,,347604,2,0,5,1,31,,347590,2,0,5,2,70,,347610,2,0,5,1,29,,347599,2,0,5,2,70,,347605,2,0,5,1,30,,347591,2,0,5,2,70,,347611,2,0,5,1,29,,347600,2,0,5,2,69,,347606,2,0,5,1,30,,347592,2,0,5,2,72,,347612,2,0,5,1,31,,347601,2,0,5,2,73,,347607,2,0,5,1,29,,347593,2,0,5,2,70,,347613,2,0,5,1,29,,347602,2,0,5,2,70,,347586,2,0,5,1,29,,347594,2,0,5,2,69,,347584,2,0,5,1,30,,347616,2,0,5,2,70,,347582,2,0,5,1,30,,347595,2,0,5,2,71,,347585,2,0,5,1,32,,347617,2,0,5,2,70,,347583,2,0,5,1
41101,'H60S000S-83-S',533,,347618,2,0,5,2,88,,347619,2,0,5,1
