6603,'H51S000S-81-S',1540,,305618,1,0,8,1,70,,305634,1,0,8,2,28,,305648,1,0,8,2,68,,305619,1,0,8,1,28,,305635,1,0,8,2,68,,305649,1,0,8,2,27,,305620,1,0,8,1
6604,'H51S000A-80-A',552,,305725,35,0,9,2,70,,305734,35,0,9,1,30,,305726,35,0,9,2,70,,305735,35,0,9,1,31,,305727,35,0,9,2,71,,305736,35,0,9,1,30,,305728,35,0,9,2,71,,305737,35,0,9,1,30,,305729,35,0,9,2,71,,305738,35,0,9,1,30,,305730,35,0,9,2,72,,305739,35,0,9,1,31,,305731,35,0,9,2,72,,305740,35,0,9,1,72,,305732,35,0,9,2,30,,305752,35,0,9,2,70,,305741,35,0,9,1,30,,305733,35,0,9,2,70,,305753,35,0,9,2,32,,305742,35,0,9,1,73,,305754,35,0,9,2,33,,305743,35,0,9,1,73,,305755,35,0,9,2,32,,305744,35,0,9,1,73,,305756,35,0,9,2,33,,305745,35,0,9,1,71,,305757,35,0,9,2,31,,305746,35,0,9,1,71,,305758,35,0,9,2,30,,305747,35,0,9,1,71,,305759,35,0,9,2,31,,305748,35,0,9,1,69,,305760,35,0,9,2,30,,305749,35,0,9,1,70,,305761,35,0,9,2,30,,305750,35,0,9,1,70,,305762,35,0,9,2,30,,305751,35,0,9,1,68,,305763,35,0,9,2
6604,'H51S000I-80-I',622,,305764,35,0,9,1,30,,305783,35,0,9,2,70,,305765,35,0,9,1,31,,305784,35,0,9,2,70,,305766,35,0,9,1,30,,305785,35,0,9,2,71,,305767,35,0,9,1,30,,305786,35,0,9,2,72,,305768,35,0,9,1,32,,305787,35,0,9,2,72,,305769,35,0,9,1,72,,305788,35,0,9,2,33,,305770,35,0,9,1,73,,305789,35,0,9,2,33,,305771,35,0,9,1,73,,305790,35,0,9,2,33,,305772,35,0,9,1,72,,305791,35,0,9,2,33,,305773,35,0,9,1,72,,305792,35,0,9,2,32,,305774,35,0,9,1,72,,305793,35,0,9,2,72,,305775,35,0,9,1,32,,305794,35,0,9,2,70,,305776,35,0,9,1,31,,305795,35,0,9,2,71,,305777,35,0,9,1,30,,305796,35,0,9,2,70,,305778,35,0,9,1,30,,305797,35,0,9,2,70,,305779,35,0,9,1,29,,305798,35,0,9,2,70,,305780,35,0,9,1,28,,305799,35,0,9,2,28,,305781,35,0,9,1,68,,305800,35,0,9,2,26,,305782,35,0,9,1
6604,'H51S000S-81-S',535,,305801,35,0,9,1,73,,305817,35,0,9,2,30,,305802,35,0,9,1,71,,305818,35,0,9,2,34,,305832,35,0,9,2,70,,305803,35,0,9,1,28,,305819,35,0,9,2,69,,305833,35,0,9,2,24,,305804,35,0,9,1,68,,305820,35,0,9,2,28,,305834,35,0,9,2,27,,305805,35,0,9,1,68,,305821,35,0,9,2,29,,305835,35,0,9,2,70,,305806,35,0,9,1,30,,305822,35,0,9,2,70,,305836,35,0,9,2,30,,305807,35,0,9,1,70,,305823,35,0,9,2,30,,305837,35,0,9,2,395,,305826,35,0,9,2,71,,305840,35,0,9,2,29,,305811,35,0,9,1,72,,305827,35,0,9,2,32,,305812,35,0,9,1,72,,305828,35,0,9,2,32,,305813,35,0,9,1,71,,305829,35,0,9,2,30,,305814,35,0,9,1,68,,305830,35,0,9,2,30,,305815,35,0,9,1,69,,305831,35,0,9,2,28,,305816,35,0,9,1
6604,'H51S100F-80-F1',622,,305841,35,0,9,1,30,,305860,35,0,9,2,70,,305842,35,0,9,1,31,,305861,35,0,9,2,70,,305843,35,0,9,1,30,,305862,35,0,9,2,71,,305844,35,0,9,1,30,,305863,35,0,9,2,72,,305845,35,0,9,1,32,,305864,35,0,9,2,72,,305846,35,0,9,1,72,,305865,35,0,9,2,33,,305847,35,0,9,1,73,,305866,35,0,9,2,33,,305848,35,0,9,1,73,,305867,35,0,9,2,33,,305849,35,0,9,1,72,,305868,35,0,9,2,33,,305850,35,0,9,1,72,,305869,35,0,9,2,32,,305851,35,0,9,1,72,,305870,35,0,9,2,72,,305852,35,0,9,1,32,,305871,35,0,9,2,70,,305853,35,0,9,1,31,,305872,35,0,9,2,71,,305854,35,0,9,1,30,,305873,35,0,9,2,70,,305855,35,0,9,1,30,,305874,35,0,9,2,70,,305856,35,0,9,1,29,,305875,35,0,9,2,70,,305857,35,0,9,1,28,,305876,35,0,9,2,28,,305858,35,0,9,1,68,,305877,35,0,9,2,26,,305859,35,0,9,1
6604,'H51S200F-80-F2',622,,305878,35,0,9,1,30,,305897,35,0,9,2,70,,305879,35,0,9,1,31,,305898,35,0,9,2,70,,305880,35,0,9,1,30,,305899,35,0,9,2,71,,305881,35,0,9,1,30,,305900,35,0,9,2,72,,305882,35,0,9,1,32,,305901,35,0,9,2,72,,305883,35,0,9,1,72,,305902,35,0,9,2,33,,305884,35,0,9,1,73,,305903,35,0,9,2,33,,305885,35,0,9,1,73,,305904,35,0,9,2,33,,305886,35,0,9,1,72,,305905,35,0,9,2,33,,305887,35,0,9,1,72,,305906,35,0,9,2,32,,305888,35,0,9,1,72,,305907,35,0,9,2,72,,305889,35,0,9,1,32,,305908,35,0,9,2,70,,305890,35,0,9,1,31,,305909,35,0,9,2,71,,305891,35,0,9,1,30,,305910,35,0,9,2,70,,305892,35,0,9,1,30,,305911,35,0,9,2,70,,305893,35,0,9,1,29,,305912,35,0,9,2,70,,305894,35,0,9,1,28,,305913,35,0,9,2,28,,305895,35,0,9,1,68,,305914,35,0,9,2,26,,305896,35,0,9,1
16504,'H50S000A-82-A',554,,330633,33,0,9,1,69,,330646,33,0,9,1,31,,330634,33,0,9,1,69,,330647,33,0,9,1,22,,330656,33,0,9,1,63,,330635,33,0,9,1,26,,330648,33,0,9,1,19,,330657,33,0,9,1,58,,330664,33,0,9,1,16,,330636,33,0,9,1,17,,330649,33,0,9,1,14,,330672,33,0,9,1,50,,330658,33,0,9,1,10,,330682,33,0,9,1,10,,330665,33,0,9,1,11,,330690,33,0,9,1,10,,330637,33,0,9,1,10,,330650,33,0,9,1,50,,330696,33,0,9,1,9,,330673,33,0,9,1,10,,330659,33,0,9,1,10,,330683,33,0,9,1,10,,330666,33,0,9,1,9,,330691,33,0,9,1,49,,330638,33,0,9,1,9,,330651,33,0,9,1,7,,330706,33,0,9,1,7,,330697,33,0,9,1,7,,330674,33,0,9,1,7,,330713,33,0,9,1,7,,330660,33,0,9,1,7,,330717,33,0,9,1,47,,330684,33,0,9,1,7,,330667,33,0,9,1,8,,330692,33,0,9,1,8,,330639,33,0,9,1,8,,330652,33,0,9,1,7,,330707,33,0,9,1,7,,330698,33,0,9,1,7,,330675,33,0,9,1,47,,330714,33,0,9,1,5,,330727,33,0,9,1,6,,330661,33,0,9,1,6,,330718,33,0,9,1,6,,330685,33,0,9,1,6,,330731,33,0,9,1,6,,330668,33,0,9,1,6,,330693,33,0,9,1,7,,330640,33,0,9,1,7,,330653,33,0,9,1,47,,330708,33,0,9,1,7,,330715,33,0,9,1,7,,330676,33,0,9,1,7,,330699,33,0,9,1,6,,330728,33,0,9,1,6,,330662,33,0,9,1,7,,330732,33,0,9,1,6,,330719,33,0,9,1,5,,330686,33,0,9,1,45,,330669,33,0,9,1,6,,330694,33,0,9,1,6,,330734,33,0,9,1,6,,330641,33,0,9,1,6,,330654,33,0,9,1,6,,330709,33,0,9,1,6,,330716,33,0,9,1,6,,330677,33,0,9,1,6,,330700,33,0,9,1,6,,330729,33,0,9,1,46,,330663,33,0,9,1,4,,330687,33,0,9,1,4,,330733,33,0,9,1,4,,330741,33,0,9,1,5,,330720,33,0,9,1,6,,330670,33,0,9,1,6,,330695,33,0,9,1,6,,330735,33,0,9,1,7,,330642,33,0,9,1,7,,330655,33,0,9,1,7,,330710,33,0,9,1,47,,330678,33,0,9,1,7,,330701,33,0,9,1,7,,330730,33,0,9,1,7,,330688,33,0,9,1,7,,330742,33,0,9,1,6,,330721,33,0,9,1,8,,330671,33,0,9,1,9,,330736,33,0,9,1,47,,330643,33,0,9,1,9,,330711,33,0,9,1,10,,330679,33,0,9,1,11,,330702,33,0,9,1,12,,330689,33,0,9,1,12,,330722,33,0,9,1,52,,330737,33,0,9,1,8,,330644,33,0,9,1,8,,330712,33,0,9,1,12,,330680,33,0,9,1,16,,330703,33,0,9,1,57,,330723,33,0,9,1,22,,330738,33,0,9,1,23,,330645,33,0,9,1,64,,330704,33,0,9,1,28,,330739,33,0,9,1,69,,330724,33,0,9,1,29,,330681,33,0,9,1,67,,330740,33,0,9,1,29,,330725,33,0,9,1,70,,330705,33,0,9,1,30,,330726,33,0,9,1
16504,'H50S000I-82-I',556,,330743,33,0,9,1,70,,330757,33,0,9,1,33,,330744,33,0,9,1,71,,330758,33,0,9,1,29,,330766,33,0,9,1,67,,330745,33,0,9,1,25,,330759,33,0,9,1,63,,330767,33,0,9,1,24,,330746,33,0,9,1,20,,330785,33,0,9,1,53,,330760,33,0,9,1,11,,330775,33,0,9,1,10,,330768,33,0,9,1,10,,330802,33,0,9,1,11,,330747,33,0,9,1,50,,330796,33,0,9,1,9,,330809,33,0,9,1,9,,330786,33,0,9,1,8,,330761,33,0,9,1,8,,330769,33,0,9,1,10,,330776,33,0,9,1,9,,330803,33,0,9,1,50,,330748,33,0,9,1,9,,330815,33,0,9,1,9,,330797,33,0,9,1,9,,330810,33,0,9,1,9,,330787,33,0,9,1,11,,330770,33,0,9,1,47,,330762,33,0,9,1,8,,330777,33,0,9,1,8,,330804,33,0,9,1,7,,330749,33,0,9,1,9,,330816,33,0,9,1,8,,330821,33,0,9,1,8,,330798,33,0,9,1,7,,330811,33,0,9,1,47,,330788,33,0,9,1,8,,330771,33,0,9,1,8,,330763,33,0,9,1,8,,330778,33,0,9,1,8,,330805,33,0,9,1,8,,330750,33,0,9,1,8,,330817,33,0,9,1,7,,330822,33,0,9,1,47,,330799,33,0,9,1,7,,330812,33,0,9,1,7,,330789,33,0,9,1,7,,330825,33,0,9,1,7,,330772,33,0,9,1,7,,330764,33,0,9,1,7,,330779,33,0,9,1,6,,330806,33,0,9,1,7,,330751,33,0,9,1,47,,330818,33,0,9,1,7,,330823,33,0,9,1,7,,330800,33,0,9,1,7,,330813,33,0,9,1,7,,330790,33,0,9,1,7,,330826,33,0,9,1,7,,330773,33,0,9,1,7,,330765,33,0,9,1,47,,330780,33,0,9,1,7,,330807,33,0,9,1,8,,330752,33,0,9,1,7,,330824,33,0,9,1,7,,330819,33,0,9,1,7,,330801,33,0,9,1,8,,330827,33,0,9,1,7,,330814,33,0,9,1,48,,330791,33,0,9,1,8,,330774,33,0,9,1,8,,330781,33,0,9,1,9,,330808,33,0,9,1,10,,330753,33,0,9,1,10,,330820,33,0,9,1,12,,330828,33,0,9,1,54,,330792,33,0,9,1,17,,330782,33,0,9,1,19,,330754,33,0,9,1,59,,330829,33,0,9,1,20,,330793,33,0,9,1,25,,330783,33,0,9,1,64,,330830,33,0,9,1,26,,330794,33,0,9,1,70,,330784,33,0,9,1,30,,330831,33,0,9,1,65,,330795,33,0,9,1,30,,330755,33,0,9,1,69,,330832,33,0,9,1,29,,330756,33,0,9,1,69,,330833,33,0,9,1
16504,'H50S000S-82-S',541,,330843,33,0,9,1,61,,330852,33,0,9,1,21,,330834,33,0,9,1,11,,330875,33,0,9,1,11,,330844,33,0,9,1,12,,330884,33,0,9,1,49,,330853,33,0,9,1,10,,330895,33,0,9,1,7,,330863,33,0,9,1,9,,330903,33,0,9,1,8,,330911,33,0,9,1,6,,330835,33,0,9,1,6,,330876,33,0,9,1,6,,330913,33,0,9,1,48,,330845,33,0,9,1,7,,330914,33,0,9,1,7,,330885,33,0,9,1,6,,330915,33,0,9,1,5,,330854,33,0,9,1,6,,330928,33,0,9,1,6,,330896,33,0,9,1,6,,330864,33,0,9,1,5,,330912,33,0,9,1,48,,330904,33,0,9,1,9,,330836,33,0,9,1,8,,330877,33,0,9,1,8,,330916,33,0,9,1,8,,330846,33,0,9,1,9,,330886,33,0,9,1,9,,330855,33,0,9,1,49,,330897,33,0,9,1,9,,330865,33,0,9,1,10,,330905,33,0,9,1,9,,330837,33,0,9,1,9,,330878,33,0,9,1,10,,330917,33,0,9,1,8,,330887,33,0,9,1,49,,330847,33,0,9,1,10,,330856,33,0,9,1,10,,330898,33,0,9,1,12,,330866,33,0,9,1,10,,330906,33,0,9,1,10,,330918,33,0,9,1,47,,330838,33,0,9,1,8,,330879,33,0,9,1,7,,330888,33,0,9,1,7,,330929,33,0,9,1,8,,330848,33,0,9,1,9,,330857,33,0,9,1,9,,330899,33,0,9,1,48,,330867,33,0,9,1,8,,330935,33,0,9,1,7,,330907,33,0,9,1,6,,330919,33,0,9,1,6,,330880,33,0,9,1,8,,330839,33,0,9,1,8,,330889,33,0,9,1,8,,330930,33,0,9,1,48,,330849,33,0,9,1,8,,330858,33,0,9,1,8,,330900,33,0,9,1,8,,330868,33,0,9,1,7,,330920,33,0,9,1,7,,330936,33,0,9,1,6,,330908,33,0,9,1,7,,330881,33,0,9,1,8,,330840,33,0,9,1,48,,330890,33,0,9,1,8,,330931,33,0,9,1,8,,330850,33,0,9,1,8,,330859,33,0,9,1,8,,330901,33,0,9,1,8,,330869,33,0,9,1,8,,330921,33,0,9,1,49,,330937,33,0,9,1,6,,330944,33,0,9,1,5,,330909,33,0,9,1,4,,330951,33,0,9,1,5,,330882,33,0,9,1,5,,330938,33,0,9,1,6,,330841,33,0,9,1,6,,330891,33,0,9,1,7,,330932,33,0,9,1,7,,330851,33,0,9,1,46,,330941,33,0,9,1,6,,330860,33,0,9,1,6,,330902,33,0,9,1,7,,330870,33,0,9,1,8,,330922,33,0,9,1,8,,330952,33,0,9,1,7,,330945,33,0,9,1,6,,330910,33,0,9,1,8,,330883,33,0,9,1,47,,330939,33,0,9,1,6,,330842,33,0,9,1,7,,330953,33,0,9,1,7,,330933,33,0,9,1,8,,330942,33,0,9,1,8,,330861,33,0,9,1,10,,330871,33,0,9,1,50,,330923,33,0,9,1,11,,330946,33,0,9,1,9,,330892,33,0,9,1,9,,330940,33,0,9,1,9,,330954,33,0,9,1,9,,330934,33,0,9,1,10,,330943,33,0,9,1,52,,330872,33,0,9,1,11,,330924,33,0,9,1,11,,330947,33,0,9,1,12,,330893,33,0,9,1,15,,330955,33,0,9,1,56,,330862,33,0,9,1,19,,330873,33,0,9,1,22,,330948,33,0,9,1,58,,330956,33,0,9,1,22,,330925,33,0,9,1,22,,330894,33,0,9,1,57,,330949,33,0,9,1,19,,330874,33,0,9,1,21,,330926,33,0,9,1,73,,330950,33,0,9,1,74,,330927,33,0,9,1
16504,'H50S100F-80-F1',556,,330957,33,0,9,1,70,,330971,33,0,9,1,33,,330958,33,0,9,1,71,,330972,33,0,9,1,29,,330980,33,0,9,1,67,,330959,33,0,9,1,25,,330973,33,0,9,1,63,,330981,33,0,9,1,24,,330960,33,0,9,1,20,,330999,33,0,9,1,53,,330974,33,0,9,1,11,,330989,33,0,9,1,10,,330982,33,0,9,1,10,,331016,33,0,9,1,11,,330961,33,0,9,1,50,,331010,33,0,9,1,9,,331023,33,0,9,1,9,,331000,33,0,9,1,8,,330975,33,0,9,1,8,,330983,33,0,9,1,10,,330990,33,0,9,1,9,,331017,33,0,9,1,50,,330962,33,0,9,1,9,,331029,33,0,9,1,9,,331011,33,0,9,1,9,,331024,33,0,9,1,9,,331001,33,0,9,1,11,,330984,33,0,9,1,47,,330976,33,0,9,1,8,,330991,33,0,9,1,8,,331018,33,0,9,1,7,,330963,33,0,9,1,9,,331030,33,0,9,1,8,,331035,33,0,9,1,8,,331012,33,0,9,1,7,,331025,33,0,9,1,47,,331002,33,0,9,1,8,,330985,33,0,9,1,8,,330977,33,0,9,1,8,,330992,33,0,9,1,8,,331019,33,0,9,1,8,,330964,33,0,9,1,8,,331031,33,0,9,1,7,,331036,33,0,9,1,47,,331013,33,0,9,1,7,,331026,33,0,9,1,7,,331003,33,0,9,1,7,,331039,33,0,9,1,7,,330986,33,0,9,1,7,,330978,33,0,9,1,7,,330993,33,0,9,1,6,,331020,33,0,9,1,7,,330965,33,0,9,1,47,,331032,33,0,9,1,7,,331037,33,0,9,1,7,,331014,33,0,9,1,7,,331027,33,0,9,1,7,,331004,33,0,9,1,7,,331040,33,0,9,1,7,,330987,33,0,9,1,7,,330979,33,0,9,1,47,,330994,33,0,9,1,7,,331021,33,0,9,1,8,,330966,33,0,9,1,7,,331038,33,0,9,1,7,,331033,33,0,9,1,7,,331015,33,0,9,1,8,,331041,33,0,9,1,7,,331028,33,0,9,1,48,,331005,33,0,9,1,8,,330988,33,0,9,1,8,,330995,33,0,9,1,9,,331022,33,0,9,1,10,,330967,33,0,9,1,10,,331034,33,0,9,1,12,,331042,33,0,9,1,54,,331006,33,0,9,1,17,,330996,33,0,9,1,19,,330968,33,0,9,1,59,,331043,33,0,9,1,20,,331007,33,0,9,1,25,,330997,33,0,9,1,64,,331044,33,0,9,1,26,,331008,33,0,9,1,70,,330998,33,0,9,1,30,,331045,33,0,9,1,65,,331009,33,0,9,1,30,,330969,33,0,9,1,69,,331046,33,0,9,1,29,,330970,33,0,9,1,69,,331047,33,0,9,1
16504,'H50S200F-80-F2',556,,331048,33,0,9,1,70,,331062,33,0,9,1,33,,331049,33,0,9,1,71,,331063,33,0,9,1,29,,331071,33,0,9,1,67,,331050,33,0,9,1,25,,331064,33,0,9,1,63,,331072,33,0,9,1,24,,331051,33,0,9,1,20,,331090,33,0,9,1,53,,331065,33,0,9,1,11,,331080,33,0,9,1,10,,331073,33,0,9,1,10,,331107,33,0,9,1,11,,331052,33,0,9,1,50,,331101,33,0,9,1,9,,331114,33,0,9,1,9,,331091,33,0,9,1,8,,331066,33,0,9,1,8,,331074,33,0,9,1,10,,331081,33,0,9,1,9,,331108,33,0,9,1,50,,331053,33,0,9,1,9,,331120,33,0,9,1,9,,331102,33,0,9,1,9,,331115,33,0,9,1,9,,331092,33,0,9,1,11,,331075,33,0,9,1,47,,331067,33,0,9,1,8,,331082,33,0,9,1,8,,331109,33,0,9,1,7,,331054,33,0,9,1,9,,331121,33,0,9,1,8,,331126,33,0,9,1,8,,331103,33,0,9,1,7,,331116,33,0,9,1,47,,331093,33,0,9,1,8,,331076,33,0,9,1,8,,331068,33,0,9,1,8,,331083,33,0,9,1,8,,331110,33,0,9,1,8,,331055,33,0,9,1,8,,331122,33,0,9,1,7,,331127,33,0,9,1,47,,331104,33,0,9,1,7,,331117,33,0,9,1,7,,331094,33,0,9,1,7,,331130,33,0,9,1,7,,331077,33,0,9,1,7,,331069,33,0,9,1,7,,331084,33,0,9,1,6,,331111,33,0,9,1,7,,331056,33,0,9,1,47,,331123,33,0,9,1,7,,331128,33,0,9,1,7,,331105,33,0,9,1,7,,331118,33,0,9,1,7,,331095,33,0,9,1,7,,331131,33,0,9,1,7,,331078,33,0,9,1,7,,331070,33,0,9,1,47,,331085,33,0,9,1,7,,331112,33,0,9,1,8,,331057,33,0,9,1,7,,331129,33,0,9,1,7,,331124,33,0,9,1,7,,331106,33,0,9,1,8,,331132,33,0,9,1,7,,331119,33,0,9,1,48,,331096,33,0,9,1,8,,331079,33,0,9,1,8,,331086,33,0,9,1,9,,331113,33,0,9,1,10,,331058,33,0,9,1,10,,331125,33,0,9,1,12,,331133,33,0,9,1,54,,331097,33,0,9,1,17,,331087,33,0,9,1,19,,331059,33,0,9,1,59,,331134,33,0,9,1,20,,331098,33,0,9,1,25,,331088,33,0,9,1,64,,331135,33,0,9,1,26,,331099,33,0,9,1,70,,331089,33,0,9,1,30,,331136,33,0,9,1,65,,331100,33,0,9,1,30,,331060,33,0,9,1,69,,331137,33,0,9,1,29,,331061,33,0,9,1,69,,331138,33,0,9,1
16603,'H50S000S-82-S',1548,,331212,1,0,8,2,69,,331224,1,0,8,1,29,,331235,1,0,8,1,69,,331213,1,0,8,2,29,,331225,1,0,8,1,69,,331236,1,0,8,1
16604,'H50S000A-82-A',851,,331316,35,0,9,2,72,,331303,35,0,9,1,31,,331317,35,0,9,2,72,,331304,35,0,9,1,32,,331318,35,0,9,2,73,,331305,35,0,9,1,72,,331319,35,0,9,2,30,,331302,35,0,9,2,69,,331306,35,0,9,1,30,,331320,35,0,9,2,69,,331324,35,0,9,1,28,,331307,35,0,9,1,29,,331321,35,0,9,2,69,,331325,35,0,9,1,29,,331308,35,0,9,1,69,,331322,35,0,9,2,29,,331326,35,0,9,1,69,,331309,35,0,9,1,30,,331323,35,0,9,2,70,,331327,35,0,9,1,33,,331310,35,0,9,1,72,,331328,35,0,9,1,72,,331311,35,0,9,1,34,,331329,35,0,9,1,76,,331312,35,0,9,1,36,,331330,35,0,9,1,77,,331313,35,0,9,1,77,,331331,35,0,9,1,37,,331314,35,0,9,1,78,,331332,35,0,9,1,38,,331315,35,0,9,1
16604,'H50S000I-82-I',926,,331350,35,0,9,1,31,,331333,35,0,9,2,71,,331351,35,0,9,1,31,,331334,35,0,9,2,71,,331352,35,0,9,1,72,,331335,35,0,9,2,33,,331353,35,0,9,1,73,,331336,35,0,9,2,33,,331354,35,0,9,1,74,,331337,35,0,9,2,30,,331346,35,0,9,1,69,,331355,35,0,9,1,28,,331338,35,0,9,2,68,,331347,35,0,9,1,28,,331356,35,0,9,1,67,,331339,35,0,9,2,28,,331348,35,0,9,1,68,,331357,35,0,9,1,28,,331340,35,0,9,2,28,,331349,35,0,9,1,69,,331358,35,0,9,1,31,,331341,35,0,9,2,72,,331359,35,0,9,1,71,,331342,35,0,9,2,33,,331360,35,0,9,1,76,,331343,35,0,9,2,37,,331361,35,0,9,1,78,,331344,35,0,9,2,78,,331362,35,0,9,1,39,,331345,35,0,9,2
16604,'H50S000S-82-S',629,,331366,35,0,9,2,30,,331378,35,0,9,2,75,,331388,35,0,9,1,75,,331367,35,0,9,2,33,,331379,35,0,9,1,68,,331389,35,0,9,1,25,,331368,35,0,9,2,70,,331380,35,0,9,1,31,,331390,35,0,9,1,70,,331369,35,0,9,2,30,,331381,35,0,9,1,70,,331391,35,0,9,1,30,,331370,35,0,9,2,70,,331382,35,0,9,1,29,,331392,35,0,9,1,69,,331371,35,0,9,2,30,,331383,35,0,9,1,70,,331393,35,0,9,1,33,,331372,35,0,9,2,395,,331396,35,0,9,1,71,,331375,35,0,9,2,32,,331387,35,0,9,1,73,,331397,35,0,9,1,32,,331376,35,0,9,2,77,,331398,35,0,9,1,36,,331377,35,0,9,2,78,,331364,35,0,9,1,76,,331363,35,0,9,1,34,,331365,35,0,9,1
16604,'H50S100F-80-F1',926,,331416,35,0,9,1,31,,331399,35,0,9,2,71,,331417,35,0,9,1,31,,331400,35,0,9,2,71,,331418,35,0,9,1,72,,331401,35,0,9,2,33,,331419,35,0,9,1,73,,331402,35,0,9,2,33,,331420,35,0,9,1,74,,331403,35,0,9,2,30,,331412,35,0,9,1,69,,331421,35,0,9,1,28,,331404,35,0,9,2,68,,331413,35,0,9,1,28,,331422,35,0,9,1,67,,331405,35,0,9,2,28,,331414,35,0,9,1,68,,331423,35,0,9,1,28,,331406,35,0,9,2,28,,331415,35,0,9,1,69,,331424,35,0,9,1,31,,331407,35,0,9,2,72,,331425,35,0,9,1,71,,331408,35,0,9,2,33,,331426,35,0,9,1,76,,331409,35,0,9,2,37,,331427,35,0,9,1,78,,331410,35,0,9,2,78,,331428,35,0,9,1,39,,331411,35,0,9,2
16604,'H50S200F-80-F2',926,,331446,35,0,9,1,31,,331429,35,0,9,2,71,,331447,35,0,9,1,31,,331430,35,0,9,2,71,,331448,35,0,9,1,72,,331431,35,0,9,2,33,,331449,35,0,9,1,73,,331432,35,0,9,2,33,,331450,35,0,9,1,74,,331433,35,0,9,2,30,,331442,35,0,9,1,69,,331451,35,0,9,1,28,,331434,35,0,9,2,68,,331443,35,0,9,1,28,,331452,35,0,9,1,67,,331435,35,0,9,2,28,,331444,35,0,9,1,68,,331453,35,0,9,1,28,,331436,35,0,9,2,28,,331445,35,0,9,1,69,,331454,35,0,9,1,31,,331437,35,0,9,2,72,,331455,35,0,9,1,71,,331438,35,0,9,2,33,,331456,35,0,9,1,76,,331439,35,0,9,2,37,,331457,35,0,9,1,78,,331440,35,0,9,2,78,,331458,35,0,9,1,39,,331441,35,0,9,2
36904,'H50S000A-82-A',2549,,346998,32,0,9,1,73,,346996,32,0,9,2,30,,346999,32,0,9,1,68,,346994,32,0,9,1,32,,346997,32,0,9,2,67,,346995,32,0,9,1,84,,347000,32,0,9,1
36904,'H50S000I-82-I',2520,,347004,32,0,9,1,84,,347001,32,0,9,2,44,,347005,32,0,9,1,85,,347002,32,0,9,2,85,,347006,32,0,9,1,84,,347003,32,0,9,2
36904,'H50S000S-82-S',2521,,347009,32,0,9,1,79,,347012,32,0,9,1,40,,347007,32,0,9,1,100,,347010,32,0,9,1,80,,347008,32,0,9,1,84,,347011,32,0,9,1
36904,'H50S000S-82-SV',2712,,347013,32,0,9,2
36904,'H50S100F-80-F1',2520,,347017,32,0,9,1,84,,347014,32,0,9,2,44,,347018,32,0,9,1,85,,347015,32,0,9,2,85,,347019,32,0,9,1,84,,347016,32,0,9,2
36904,'H50S200F-80-F2',2520,,347023,32,0,9,1,84,,347020,32,0,9,2,44,,347024,32,0,9,1,85,,347021,32,0,9,2,85,,347025,32,0,9,1,84,,347022,32,0,9,2
