4102,'H58S000S-83-S',531,,297644,3,0,10,1,22,,297639,3,0,10,1,61,,297638,3,0,10,1,21,,297640,3,0,10,2,65,,297654,3,0,10,1,24,,297663,3,0,10,2,24,,297645,3,0,10,1,62,,297651,3,0,10,1,20,,297660,3,0,10,2,21,,297665,3,0,10,2,63,,297641,3,0,10,2,29,,297655,3,0,10,1,70,,297646,3,0,10,1,28,,297642,3,0,10,1,69,,297666,3,0,10,2,29,,297652,3,0,10,1,66,,297656,3,0,10,1,27,,297647,3,0,10,1,73,,297643,3,0,10,1,33,,297667,3,0,10,2,71,,297653,3,0,10,1,30,,297657,3,0,10,1,72,,297648,3,0,10,1,27,,297661,3,0,10,2,70,,297668,3,0,10,2,31,,297649,3,0,10,1,68,,297670,3,0,10,1,28,,297658,3,0,10,1,68,,297673,3,0,10,2,26,,297662,3,0,10,2,24,,297669,3,0,10,2,63,,297650,3,0,10,1,22,,297671,3,0,10,1,66,,297659,3,0,10,1,29,,297674,3,0,10,2,70,,297664,3,0,10,1
4102,'H58S100F-80-F1',616,,297678,3,0,10,1,29,,297677,3,0,10,2,70,,297680,3,0,10,2,30,,297682,3,0,10,1,70,,297683,3,0,10,1,28,,297684,3,0,10,2,64,,297679,3,0,10,1,531,,297675,3,0,10,1,69,,297685,3,0,10,2,28,,297687,3,0,10,1,70,,297690,3,0,10,2,30,,297691,3,0,10,2,70,,297681,3,0,10,2,27,,297676,3,0,10,1,69,,297686,3,0,10,2,30,,297688,3,0,10,1,24,,297689,3,0,10,2
4102,'H58S200F-80-F2',616,,297692,3,0,10,1,29,,297706,3,0,10,2,70,,297694,3,0,10,2,30,,297703,3,0,10,1,70,,297695,3,0,10,1,28,,297696,3,0,10,2,64,,297693,3,0,10,1,531,,297707,3,0,10,1,69,,297697,3,0,10,2,28,,297699,3,0,10,1,70,,297701,3,0,10,2,30,,297702,3,0,10,2,70,,297704,3,0,10,2,27,,297708,3,0,10,1,69,,297698,3,0,10,2,30,,297700,3,0,10,1,24,,297705,3,0,10,2
13904,'H58S000A-80-A',501,,325593,8,0,9,1,27,,325616,8,0,9,2,22,,325620,8,0,9,1,61,,325589,8,0,9,2,15,,325594,8,0,9,1,11,,325618,8,0,9,1,11,,325609,8,0,9,1,10,,325617,8,0,9,2,49,,325604,8,0,9,1,9,,325628,8,0,9,2,10,,325621,8,0,9,1,12,,325619,8,0,9,1,13,,325590,8,0,9,2,55,,325595,8,0,9,1,20,,325610,8,0,9,1,30,,325605,8,0,9,1,70,,325622,8,0,9,1,30,,325596,8,0,9,1,70,,325611,8,0,9,1,30,,325606,8,0,9,1,70,,325623,8,0,9,1,31,,325597,8,0,9,1,71,,325612,8,0,9,1,30,,325607,8,0,9,1,70,,325624,8,0,9,1,30,,325598,8,0,9,1,70,,325613,8,0,9,1,29,,325608,8,0,9,1,70,,325625,8,0,9,1,30,,325599,8,0,9,1,70,,325614,8,0,9,1,29,,325633,8,0,9,1,69,,325586,8,0,9,2,24,,325600,8,0,9,1,67,,325615,8,0,9,1,30,,325591,8,0,9,2,70,,325587,8,0,9,2,30,,325601,8,0,9,1,70,,325630,8,0,9,2,30,,325592,8,0,9,2,69,,325588,8,0,9,2,29,,325629,8,0,9,1,69,,325602,8,0,9,1,30,,325626,8,0,9,2,72,,325631,8,0,9,2,32,,325603,8,0,9,1,71,,325627,8,0,9,2,33,,325632,8,0,9,2
13904,'H58S000I-80-I',501,,325635,8,0,9,2,30,,325648,8,0,9,1,19,,325652,8,0,9,1,60,,325645,8,0,9,2,20,,325636,8,0,9,2,16,,325661,8,0,9,1,55,,325649,8,0,9,1,15,,325667,8,0,9,2,15,,325653,8,0,9,1,15,,325651,8,0,9,2,63,,325637,8,0,9,2,26,,325662,8,0,9,1,66,,325668,8,0,9,2,27,,325654,8,0,9,1,27,,325638,8,0,9,2,71,,325663,8,0,9,1,28,,325669,8,0,9,2,73,,325655,8,0,9,1,32,,325639,8,0,9,2,66,,325664,8,0,9,1,30,,325670,8,0,9,2,71,,325656,8,0,9,1,29,,325640,8,0,9,2,70,,325665,8,0,9,1,30,,325671,8,0,9,2,71,,325657,8,0,9,1,26,,325641,8,0,9,2,69,,325666,8,0,9,1,29,,325672,8,0,9,2,71,,325658,8,0,9,1,30,,325642,8,0,9,2,70,,325676,8,0,9,2,28,,325673,8,0,9,2,68,,325659,8,0,9,1,30,,325643,8,0,9,2,70,,325677,8,0,9,2,25,,325674,8,0,9,2,65,,325660,8,0,9,1,25,,325644,8,0,9,2,26,,325678,8,0,9,2,66,,325675,8,0,9,2,26,,325650,8,0,9,1,67,,325647,8,0,9,1,29,,325646,8,0,9,1,72,,325634,8,0,9,1,32,,325679,8,0,9,2
13904,'H58S000S-83-S',502,,325687,8,0,9,1,33,,325696,8,0,9,2,72,,325681,8,0,9,1,30,,325690,8,0,9,2,71,,325688,8,0,9,1,30,,325697,8,0,9,2,70,,325682,8,0,9,1,29,,325691,8,0,9,2,70,,325689,8,0,9,1,30,,325698,8,0,9,2,70,,325683,8,0,9,1,29,,325692,8,0,9,2,70,,325713,8,0,9,1,31,,325699,8,0,9,2,70,,325684,8,0,9,1,30,,325693,8,0,9,2,70,,325714,8,0,9,1,30,,325700,8,0,9,2,71,,325685,8,0,9,1,30,,325694,8,0,9,2,70,,325715,8,0,9,1,34,,325701,8,0,9,2,73,,325686,8,0,9,1,32,,325695,8,0,9,2,73,,325716,8,0,9,1,30,,325705,8,0,9,1,70,,325702,8,0,9,2,26,,325708,8,0,9,1,68,,325717,8,0,9,1,29,,325706,8,0,9,1,69,,325703,8,0,9,2,29,,325709,8,0,9,1,70,,325718,8,0,9,1,30,,325707,8,0,9,1,70,,325704,8,0,9,2,30,,325710,8,0,9,1,69,,325719,8,0,9,2,30,,325712,8,0,9,1,69,,325680,8,0,9,1,26,,325711,8,0,9,1,20,,325720,8,0,9,2
13904,'H58S100F-80-F1',501,,325721,8,0,9,1,30,,325741,8,0,9,1,19,,325744,8,0,9,2,60,,325754,8,0,9,2,20,,325722,8,0,9,1,16,,325757,8,0,9,2,55,,325742,8,0,9,1,15,,325732,8,0,9,1,15,,325745,8,0,9,2,15,,325743,8,0,9,2,63,,325723,8,0,9,1,26,,325758,8,0,9,2,66,,325733,8,0,9,1,27,,325746,8,0,9,2,27,,325724,8,0,9,1,71,,325759,8,0,9,2,28,,325734,8,0,9,1,73,,325747,8,0,9,2,32,,325725,8,0,9,1,66,,325760,8,0,9,2,30,,325735,8,0,9,1,71,,325748,8,0,9,2,29,,325726,8,0,9,1,70,,325761,8,0,9,2,30,,325736,8,0,9,1,71,,325749,8,0,9,2,26,,325727,8,0,9,1,69,,325762,8,0,9,2,29,,325737,8,0,9,1,71,,325750,8,0,9,2,30,,325728,8,0,9,1,70,,325763,8,0,9,2,28,,325738,8,0,9,1,68,,325751,8,0,9,2,30,,325729,8,0,9,1,70,,325764,8,0,9,2,25,,325739,8,0,9,1,65,,325752,8,0,9,2,25,,325730,8,0,9,1,26,,325755,8,0,9,1,66,,325765,8,0,9,2,26,,325753,8,0,9,2,67,,325766,8,0,9,2,29,,325740,8,0,9,1,72,,325731,8,0,9,2,32,,325756,8,0,9,1
13904,'H58S200F-80-F2',501,,325770,8,0,9,1,30,,325808,8,0,9,1,19,,325780,8,0,9,2,60,,325768,8,0,9,2,20,,325771,8,0,9,1,16,,325799,8,0,9,2,55,,325809,8,0,9,1,15,,325790,8,0,9,1,15,,325781,8,0,9,2,15,,325769,8,0,9,2,63,,325772,8,0,9,1,26,,325800,8,0,9,2,66,,325791,8,0,9,1,27,,325782,8,0,9,2,27,,325773,8,0,9,1,71,,325801,8,0,9,2,28,,325792,8,0,9,1,73,,325783,8,0,9,2,32,,325774,8,0,9,1,66,,325802,8,0,9,2,30,,325793,8,0,9,1,71,,325784,8,0,9,2,29,,325775,8,0,9,1,70,,325803,8,0,9,2,30,,325794,8,0,9,1,71,,325785,8,0,9,2,26,,325776,8,0,9,1,69,,325804,8,0,9,2,29,,325795,8,0,9,1,71,,325786,8,0,9,2,30,,325777,8,0,9,1,70,,325805,8,0,9,2,28,,325796,8,0,9,1,68,,325787,8,0,9,2,30,,325778,8,0,9,1,70,,325806,8,0,9,2,25,,325797,8,0,9,1,65,,325788,8,0,9,2,25,,325779,8,0,9,1,26,,325810,8,0,9,1,66,,325807,8,0,9,2,26,,325789,8,0,9,2,67,,325812,8,0,9,2,29,,325798,8,0,9,1,72,,325767,8,0,9,2,32,,325811,8,0,9,1
35504,'H54S000A-80-A',2523,,346166,9,0,9,2,86,,346165,9,0,9,1,45,,346168,9,0,9,1,85,,346170,9,0,9,1,85,,346167,9,0,9,2,25,,346169,9,0,9,1
35504,'H54S000I-80-I',2523,,346173,9,0,9,1,85,,346172,9,0,9,2,45,,346171,9,0,9,1,85,,346176,9,0,9,2,85,,346174,9,0,9,1,28,,346175,9,0,9,2
35504,'H54S000S-80-S',2523,,346177,9,0,9,1,85,,346181,9,0,9,2,45,,346180,9,0,9,1,85,,346179,9,0,9,2,82,,346178,9,0,9,1,31,,346182,9,0,9,2
35504,'H54S100F-80-F1',2523,,346185,9,0,9,1,85,,346184,9,0,9,2,45,,346183,9,0,9,1,85,,346188,9,0,9,2,85,,346186,9,0,9,1,28,,346187,9,0,9,2
35504,'H54S200F-80-F2',2523,,346191,9,0,9,1,85,,346190,9,0,9,2,45,,346189,9,0,9,1,85,,346194,9,0,9,2,85,,346192,9,0,9,1,28,,346193,9,0,9,2
