16101,'H50S000S-82-S',502,,328564,11,0,5,2,233,,328563,11,0,5,2,92,,328562,11,0,5,1
16101,'H51S000A-80-A',502,,328565,11,0,5,1,31,,328578,11,0,5,2,71,,328579,11,0,5,2,30,,328566,11,0,5,1,70,,328592,11,0,5,1,28,,328580,11,0,5,2,27,,328567,11,0,5,1,62,,328611,11,0,5,2,22,,328593,11,0,5,1,62,,328581,11,0,5,2,20,,328601,11,0,5,1,20,,328568,11,0,5,1,60,,328612,11,0,5,2,20,,328594,11,0,5,1,19,,328582,11,0,5,2,62,,328602,11,0,5,1,22,,328569,11,0,5,1,23,,328618,11,0,5,2,55,,328613,11,0,5,2,14,,328595,11,0,5,1,14,,328583,11,0,5,2,14,,328621,11,0,5,2,54,,328603,11,0,5,1,15,,328570,11,0,5,1,14,,328619,11,0,5,2,14,,328614,11,0,5,2,14,,328596,11,0,5,1,54,,328584,11,0,5,2,14,,328622,11,0,5,2,14,,328604,11,0,5,1,12,,328625,11,0,5,2,50,,328571,11,0,5,1,10,,328620,11,0,5,2,13,,328615,11,0,5,2,14,,328597,11,0,5,1,14,,328585,11,0,5,2,54,,328623,11,0,5,2,14,,328605,11,0,5,1,13,,328626,11,0,5,2,13,,328572,11,0,5,1,53,,328627,11,0,5,2,10,,328616,11,0,5,2,10,,328598,11,0,5,1,10,,328586,11,0,5,2,13,,328599,11,0,5,1,14,,328606,11,0,5,1,53,,328624,11,0,5,2,14,,328573,11,0,5,1,14,,328628,11,0,5,2,14,,328617,11,0,5,2,56,,328587,11,0,5,2,16,,328600,11,0,5,1,16,,328607,11,0,5,1,60,,328574,11,0,5,1,22,,328629,11,0,5,2,22,,328588,11,0,5,2,69,,328608,11,0,5,1,30,,328575,11,0,5,1,70,,328589,11,0,5,2,30,,328609,11,0,5,1,70,,328576,11,0,5,1,30,,328590,11,0,5,2,69,,328610,11,0,5,1,30,,328577,11,0,5,1,61,,328591,11,0,5,2
16101,'H51S000I-80-I',501,,328630,11,0,5,1,33,,328631,11,0,5,1,73,,328644,11,0,5,1,31,,328646,11,0,5,2,70,,328632,11,0,5,1,30,,328645,11,0,5,1,69,,328647,11,0,5,2,25,,328633,11,0,5,1,25,,328662,11,0,5,1,63,,328655,11,0,5,2,24,,328648,11,0,5,2,63,,328634,11,0,5,1,23,,328663,11,0,5,1,20,,328656,11,0,5,2,57,,328672,11,0,5,2,16,,328649,11,0,5,2,15,,328635,11,0,5,1,15,,328652,11,0,5,1,55,,328664,11,0,5,1,15,,328657,11,0,5,2,17,,328673,11,0,5,2,18,,328650,11,0,5,2,57,,328636,11,0,5,1,15,,328653,11,0,5,1,15,,328665,11,0,5,1,55,,328658,11,0,5,2,14,,328670,11,0,5,2,14,,328674,11,0,5,2,14,,328651,11,0,5,2,14,,328637,11,0,5,1,54,,328654,11,0,5,1,14,,328681,11,0,5,2,15,,328666,11,0,5,1,14,,328659,11,0,5,2,53,,328671,11,0,5,2,14,,328675,11,0,5,2,16,,328638,11,0,5,1,16,,328687,11,0,5,1,57,,328682,11,0,5,2,17,,328667,11,0,5,1,17,,328660,11,0,5,2,16,,328676,11,0,5,2,55,,328639,11,0,5,1,16,,328688,11,0,5,1,16,,328683,11,0,5,2,56,,328668,11,0,5,1,16,,328661,11,0,5,2,19,,328677,11,0,5,2,20,,328640,11,0,5,1,60,,328684,11,0,5,2,20,,328669,11,0,5,1,68,,328678,11,0,5,2,29,,328641,11,0,5,1,69,,328685,11,0,5,2,29,,328679,11,0,5,2,69,,328642,11,0,5,1,28,,328686,11,0,5,2,27,,328680,11,0,5,2,66,,328689,11,0,5,2,26,,328643,11,0,5,1
16101,'H51S000S-81-S',528,,328690,11,0,5,1,24,,328708,11,0,5,2,65,,328698,11,0,5,1,12,,328710,11,0,5,2,11,,328716,11,0,5,2,10,,328730,11,0,5,2,9,,328691,11,0,5,1,48,,328722,11,0,5,2,6,,328740,11,0,5,2,6,,328732,11,0,5,2,6,,328709,11,0,5,2,5,,328692,11,0,5,1,11,,328742,11,0,5,1,7,,328752,11,0,5,2,7,,328758,11,0,5,2,47,,328760,11,0,5,2,7,,328699,11,0,5,1,6,,328759,11,0,5,2,6,,328711,11,0,5,2,11,,328717,11,0,5,2,6,,328731,11,0,5,2,7,,328761,11,0,5,2,9,,328723,11,0,5,2,49,,328741,11,0,5,2,10,,328733,11,0,5,2,12,,328693,11,0,5,1,12,,328743,11,0,5,1,11,,328753,11,0,5,2,11,,328700,11,0,5,1,50,,328712,11,0,5,2,11,,328718,11,0,5,2,11,,328762,11,0,5,2,11,,328724,11,0,5,2,12,,328734,11,0,5,2,52,,328694,11,0,5,1,12,,328744,11,0,5,1,12,,328754,11,0,5,2,11,,328701,11,0,5,1,11,,328713,11,0,5,2,51,,328719,11,0,5,2,11,,328763,11,0,5,2,11,,328725,11,0,5,2,11,,328735,11,0,5,2,11,,328695,11,0,5,1,11,,328745,11,0,5,1,51,,328755,11,0,5,2,11,,328702,11,0,5,1,10,,328767,11,0,5,2,9,,328714,11,0,5,2,9,,328720,11,0,5,2,10,,328764,11,0,5,2,50,,328726,11,0,5,2,10,,328736,11,0,5,2,10,,328696,11,0,5,1,10,,328746,11,0,5,1,8,,328770,11,0,5,2,8,,328756,11,0,5,2,48,,328703,11,0,5,1,9,,328768,11,0,5,2,9,,328715,11,0,5,2,7,,328776,11,0,5,2,6,,328721,11,0,5,2,6,,328773,11,0,5,2,7,,328765,11,0,5,2,7,,328727,11,0,5,2,47,,328778,11,0,5,2,9,,328737,11,0,5,2,9,,328697,11,0,5,1,8,,328789,11,0,5,2,8,,328747,11,0,5,1,7,,328771,11,0,5,2,6,,328791,11,0,5,2,7,,328757,11,0,5,2,47,,328704,11,0,5,1,8,,328769,11,0,5,2,7,,328784,11,0,5,2,7,,328792,11,0,5,2,7,,328777,11,0,5,2,8,,328774,11,0,5,2,9,,328766,11,0,5,2,8,,328728,11,0,5,2,49,,328779,11,0,5,1,10,,328738,11,0,5,2,12,,328790,11,0,5,2,12,,328748,11,0,5,1,12,,328772,11,0,5,2,52,,328705,11,0,5,1,12,,328785,11,0,5,2,12,,328775,11,0,5,2,12,,328729,11,0,5,2,12,,328780,11,0,5,1,52,,328739,11,0,5,2,16,,328749,11,0,5,1,24,,328706,11,0,5,1,62,,328786,11,0,5,2,24,,328781,11,0,5,1,23,,328750,11,0,5,1,63,,328707,11,0,5,1,27,,328787,11,0,5,2,68,,328782,11,0,5,1,26,,328751,11,0,5,1,22,,328793,11,0,5,2,65,,328788,11,0,5,2,26,,328783,11,0,5,1
16101,'H51S100F-80-F1',501,,328851,11,0,5,1,33,,328797,11,0,5,1,73,,328794,11,0,5,1,31,,328810,11,0,5,2,70,,328798,11,0,5,1,30,,328795,11,0,5,1,69,,328811,11,0,5,2,25,,328799,11,0,5,1,25,,328843,11,0,5,1,63,,328827,11,0,5,2,24,,328812,11,0,5,2,63,,328800,11,0,5,1,23,,328844,11,0,5,1,20,,328828,11,0,5,2,57,,328818,11,0,5,2,16,,328813,11,0,5,2,15,,328801,11,0,5,1,15,,328840,11,0,5,1,55,,328845,11,0,5,1,15,,328829,11,0,5,2,17,,328819,11,0,5,2,18,,328814,11,0,5,2,57,,328802,11,0,5,1,15,,328841,11,0,5,1,15,,328846,11,0,5,1,55,,328830,11,0,5,2,14,,328816,11,0,5,2,14,,328820,11,0,5,2,14,,328815,11,0,5,2,14,,328803,11,0,5,1,54,,328842,11,0,5,1,14,,328834,11,0,5,2,15,,328847,11,0,5,1,14,,328831,11,0,5,2,53,,328817,11,0,5,2,14,,328821,11,0,5,2,16,,328804,11,0,5,1,16,,328852,11,0,5,1,57,,328835,11,0,5,2,17,,328848,11,0,5,1,17,,328832,11,0,5,2,16,,328822,11,0,5,2,55,,328805,11,0,5,1,16,,328853,11,0,5,1,16,,328836,11,0,5,2,56,,328849,11,0,5,1,16,,328833,11,0,5,2,19,,328823,11,0,5,2,20,,328806,11,0,5,1,60,,328837,11,0,5,2,20,,328850,11,0,5,1,68,,328824,11,0,5,2,29,,328807,11,0,5,1,69,,328838,11,0,5,2,29,,328825,11,0,5,2,69,,328808,11,0,5,1,28,,328839,11,0,5,2,27,,328826,11,0,5,2,66,,328796,11,0,5,2,26,,328809,11,0,5,1
16101,'H51S200F-80-F2',501,,328911,11,0,5,1,33,,328857,11,0,5,1,73,,328854,11,0,5,1,31,,328870,11,0,5,2,70,,328858,11,0,5,1,30,,328855,11,0,5,1,69,,328871,11,0,5,2,25,,328859,11,0,5,1,25,,328903,11,0,5,1,63,,328887,11,0,5,2,24,,328872,11,0,5,2,63,,328860,11,0,5,1,23,,328904,11,0,5,1,20,,328888,11,0,5,2,57,,328878,11,0,5,2,16,,328873,11,0,5,2,15,,328861,11,0,5,1,15,,328900,11,0,5,1,55,,328905,11,0,5,1,15,,328889,11,0,5,2,17,,328879,11,0,5,2,18,,328874,11,0,5,2,57,,328862,11,0,5,1,15,,328901,11,0,5,1,15,,328906,11,0,5,1,55,,328890,11,0,5,2,14,,328876,11,0,5,2,14,,328880,11,0,5,2,14,,328875,11,0,5,2,14,,328863,11,0,5,1,54,,328902,11,0,5,1,14,,328894,11,0,5,2,15,,328907,11,0,5,1,14,,328891,11,0,5,2,53,,328877,11,0,5,2,14,,328881,11,0,5,2,16,,328864,11,0,5,1,16,,328912,11,0,5,1,57,,328895,11,0,5,2,17,,328908,11,0,5,1,17,,328892,11,0,5,2,16,,328882,11,0,5,2,55,,328865,11,0,5,1,16,,328913,11,0,5,1,16,,328896,11,0,5,2,56,,328909,11,0,5,1,16,,328893,11,0,5,2,19,,328883,11,0,5,2,20,,328866,11,0,5,1,60,,328897,11,0,5,2,20,,328910,11,0,5,1,68,,328884,11,0,5,2,29,,328867,11,0,5,1,69,,328898,11,0,5,2,29,,328885,11,0,5,2,69,,328868,11,0,5,1,28,,328899,11,0,5,2,27,,328886,11,0,5,2,66,,328856,11,0,5,2,26,,328869,11,0,5,1
37001,'H51S000A-80-A',2527,,347028,11,0,5,2,85,,347026,11,0,5,1,45,,347027,11,0,5,2,85,,347029,11,0,5,1,85,,347030,11,0,5,2
37001,'H51S000I-80-I',2527,,347032,11,0,5,2,85,,347034,11,0,5,1,45,,347031,11,0,5,1,85,,347033,11,0,5,2,85,,347035,11,0,5,1
37001,'H51S000S-81-S',2527,,347039,11,0,5,2,85,,347037,11,0,5,1,45,,347036,11,0,5,1,85,,347040,11,0,5,2,85,,347038,11,0,5,1
37001,'H51S100F-80-F1',2527,,347042,11,0,5,2,85,,347044,11,0,5,1,45,,347041,11,0,5,1,85,,347043,11,0,5,2,85,,347045,11,0,5,1
37001,'H51S200F-80-F2',2527,,347047,11,0,5,2,85,,347049,11,0,5,1,45,,347046,11,0,5,1,85,,347048,11,0,5,2,85,,347050,11,0,5,1
