8602,'H54S000A-80-A',459,,311151,4,0,10,1,73,,311159,4,0,10,2,73,,311166,4,0,10,2,32,,311178,4,0,10,1,72,,311172,4,0,10,2,32,,311152,4,0,10,1,72,,311160,4,0,10,2,33,,311167,4,0,10,2,73,,311179,4,0,10,1,33,,311173,4,0,10,2,73,,311153,4,0,10,1,33,,311161,4,0,10,2,73,,311168,4,0,10,2,73,,311180,4,0,10,1,33,,311174,4,0,10,2,74,,311154,4,0,10,1,33,,311162,4,0,10,2,73,,311169,4,0,10,2,32,,311181,4,0,10,1,73,,311175,4,0,10,2,33,,311155,4,0,10,1,73,,311163,4,0,10,2,73,,311170,4,0,10,2,33,,311182,4,0,10,1,73,,311176,4,0,10,2,33,,311156,4,0,10,1,73,,311164,4,0,10,2,33,,311171,4,0,10,2,73,,311183,4,0,10,1,32,,311177,4,0,10,2,71,,311157,4,0,10,1,30,,311165,4,0,10,2,70,,311186,4,0,10,2,30,,311184,4,0,10,1,70,,311188,4,0,10,1,32,,311158,4,0,10,1,72,,311150,4,0,10,1,32,,311187,4,0,10,2,71,,311185,4,0,10,1
8602,'H54S000I-80-I',453,,311211,4,0,10,2,71,,311192,4,0,10,1,33,,311198,4,0,10,2,73,,311219,4,0,10,1,73,,311212,4,0,10,2,32,,311193,4,0,10,1,73,,311199,4,0,10,2,31,,311206,4,0,10,1,72,,311220,4,0,10,1,33,,311213,4,0,10,2,73,,311194,4,0,10,1,33,,311200,4,0,10,2,73,,311207,4,0,10,1,33,,311221,4,0,10,1,73,,311214,4,0,10,2,72,,311195,4,0,10,1,32,,311201,4,0,10,2,72,,311208,4,0,10,1,32,,311222,4,0,10,1,72,,311215,4,0,10,2,32,,311196,4,0,10,1,73,,311202,4,0,10,2,33,,311209,4,0,10,1,73,,311223,4,0,10,1,33,,311216,4,0,10,2,73,,311197,4,0,10,1,32,,311203,4,0,10,2,72,,311210,4,0,10,1,71,,311224,4,0,10,1,31,,311217,4,0,10,2,71,,311225,4,0,10,1,31,,311204,4,0,10,2,71,,311191,4,0,10,1,30,,311189,4,0,10,1,69,,311218,4,0,10,2,29,,311226,4,0,10,1,69,,311205,4,0,10,2,31,,311227,4,0,10,1,72,,311190,4,0,10,1
8602,'H54S000S-80-S',501,,311228,4,0,10,2,28,,311235,4,0,10,2,29,,311236,4,0,10,2,72,,311259,4,0,10,1,73,,311243,4,0,10,1,32,,311229,4,0,10,2,72,,311263,4,0,10,1,31,,311237,4,0,10,2,73,,311260,4,0,10,1,30,,311244,4,0,10,1,69,,311230,4,0,10,2,29,,311264,4,0,10,1,70,,311238,4,0,10,2,30,,311261,4,0,10,1,69,,311250,4,0,10,2,28,,311245,4,0,10,1,68,,311231,4,0,10,2,28,,311265,4,0,10,1,68,,311239,4,0,10,2,28,,311262,4,0,10,1,73,,311251,4,0,10,2,32,,311246,4,0,10,1,71,,311232,4,0,10,2,31,,311266,4,0,10,1,69,,311240,4,0,10,2,32,,311255,4,0,10,1,72,,311252,4,0,10,2,30,,311247,4,0,10,1,70,,311233,4,0,10,2,29,,311241,4,0,10,2,69,,311256,4,0,10,1,29,,311253,4,0,10,2,69,,311248,4,0,10,1,29,,311234,4,0,10,2,69,,311242,4,0,10,2,29,,311257,4,0,10,1,70,,311254,4,0,10,2,30,,311249,4,0,10,1,70,,311268,4,0,10,1,30,,311267,4,0,10,2,70,,311258,4,0,10,1
8602,'H54S100F-80-F1',453,,311291,4,0,10,2,71,,311272,4,0,10,1,33,,311278,4,0,10,2,73,,311299,4,0,10,1,73,,311292,4,0,10,2,32,,311273,4,0,10,1,73,,311279,4,0,10,2,31,,311286,4,0,10,1,72,,311300,4,0,10,1,33,,311293,4,0,10,2,73,,311274,4,0,10,1,33,,311280,4,0,10,2,73,,311287,4,0,10,1,33,,311301,4,0,10,1,73,,311294,4,0,10,2,72,,311275,4,0,10,1,32,,311281,4,0,10,2,72,,311288,4,0,10,1,32,,311302,4,0,10,1,72,,311295,4,0,10,2,32,,311276,4,0,10,1,73,,311282,4,0,10,2,33,,311289,4,0,10,1,73,,311303,4,0,10,1,33,,311296,4,0,10,2,73,,311277,4,0,10,1,32,,311283,4,0,10,2,72,,311290,4,0,10,1,71,,311304,4,0,10,1,31,,311297,4,0,10,2,71,,311305,4,0,10,1,31,,311284,4,0,10,2,71,,311271,4,0,10,1,30,,311269,4,0,10,1,69,,311298,4,0,10,2,29,,311306,4,0,10,1,69,,311285,4,0,10,2,31,,311307,4,0,10,1,72,,311270,4,0,10,1
8602,'H54S200F-80-F2',453,,311330,4,0,10,2,71,,311311,4,0,10,1,33,,311317,4,0,10,2,73,,311338,4,0,10,1,73,,311331,4,0,10,2,32,,311312,4,0,10,1,73,,311318,4,0,10,2,31,,311325,4,0,10,1,72,,311339,4,0,10,1,33,,311332,4,0,10,2,73,,311313,4,0,10,1,33,,311319,4,0,10,2,73,,311326,4,0,10,1,33,,311340,4,0,10,1,73,,311333,4,0,10,2,72,,311314,4,0,10,1,32,,311320,4,0,10,2,72,,311327,4,0,10,1,32,,311341,4,0,10,1,72,,311334,4,0,10,2,32,,311315,4,0,10,1,73,,311321,4,0,10,2,33,,311328,4,0,10,1,73,,311342,4,0,10,1,33,,311335,4,0,10,2,73,,311316,4,0,10,1,32,,311322,4,0,10,2,72,,311329,4,0,10,1,71,,311343,4,0,10,1,31,,311336,4,0,10,2,71,,311344,4,0,10,1,31,,311323,4,0,10,2,71,,311310,4,0,10,1,30,,311308,4,0,10,1,69,,311337,4,0,10,2,29,,311345,4,0,10,1,69,,311324,4,0,10,2,31,,311346,4,0,10,1,72,,311309,4,0,10,1
36202,'H54S000A-80-A',2538,,346682,4,0,10,2,88,,346684,4,0,10,1,85,,346681,4,0,10,1,45,,346680,4,0,10,1,82,,346683,4,0,10,1
36202,'H54S000I-80-I',2538,,346688,4,0,10,2,85,,346686,4,0,10,1,85,,346687,4,0,10,2,45,,346685,4,0,10,1,85,,346689,4,0,10,2
36202,'H54S000S-80-S',2538,,346691,4,0,10,2,85,,346694,4,0,10,1,85,,346693,4,0,10,1,45,,346690,4,0,10,1,85,,346692,4,0,10,1
36202,'H54S100F-80-F1',2538,,346698,4,0,10,2,85,,346696,4,0,10,1,85,,346697,4,0,10,2,45,,346695,4,0,10,1,85,,346699,4,0,10,2
36202,'H54S200F-80-F2',2538,,346703,4,0,10,2,85,,346701,4,0,10,1,85,,346702,4,0,10,2,45,,346700,4,0,10,1,85,,346704,4,0,10,2
41002,'H57S000S-80-S',546,,347403,4,0,10,1,89,,347404,4,0,10,2,66,,347405,4,0,10,2,26,,347406,4,0,10,1,28,,347408,4,0,10,2,68,,347407,4,0,10,1
41002,'H59S000S-80-S',610,,347409,4,0,10,2,242,,347410,4,0,10,2
48702,'H54S000S-80-S',547,,350451,4,0,99 129,2,61,,350441,4,0,99 129,1,11,,350454,4,0,99 129,2,12,,350443,4,0,99 129,2,10,,350445,4,0,99 129,2,11,,350447,4,0,99 129,2,51,,350444,4,0,99 129,1,12,,350452,4,0,99 129,2,11,,350462,4,0,99 129,2,11,,350457,4,0,99 129,2,10,,350455,4,0,99 129,2,11,,350458,4,0,99 129,2,58,,350463,4,0,99 129,1,20,,350446,4,0,99 129,2,20,,350453,4,0,99 129,2,60,,350456,4,0,99 129,2,632,,350459,4,0,99 128,2,68,,350450,4,0,99 128,2,25,,350449,4,0,99 128,1,66,,350460,4,0,99 128,1,26,,350464,4,0,99 128,2,25,,350442,4,0,99 128,1,65,,350448,4,0,99 128,2,26,,350461,4,0,99 128,1
