20002,'H60S000A-80-A',702,,339650,44,0,10,2,28,,339630,44,0,10,1,28,,339640,44,0,10,2,69,,339651,44,0,10,2,30,,339631,44,0,10,1,69,,339641,44,0,10,2,28,,339652,44,0,10,2,70,,339632,44,0,10,1,31,,339642,44,0,10,2,69,,339653,44,0,10,2,31,,339633,44,0,10,1,69,,339643,44,0,10,2,33,,339654,44,0,10,2,70,,339634,44,0,10,1,30,,339644,44,0,10,2,71,,339655,44,0,10,2,30,,339635,44,0,10,1,71,,339645,44,0,10,2,71,,339656,44,0,10,2,31,,339636,44,0,10,1,69,,339646,44,0,10,2,30,,339657,44,0,10,2,71,,339637,44,0,10,1,30,,339647,44,0,10,1,27,,339658,44,0,10,2,69,,339638,44,0,10,1,28,,339648,44,0,10,1,70,,339659,44,0,10,2,31,,339639,44,0,10,1,69,,339649,44,0,10,1,29,,339660,44,0,10,2
20002,'H60S000I-81-I',729,,339680,44,0,10,1,29,,339661,44,0,10,1,68,,339671,44,0,10,2,30,,339681,44,0,10,1,70,,339662,44,0,10,1,28,,339672,44,0,10,2,69,,339682,44,0,10,1,31,,339663,44,0,10,1,70,,339673,44,0,10,2,30,,339683,44,0,10,1,71,,339664,44,0,10,1,32,,339674,44,0,10,2,72,,339684,44,0,10,1,71,,339665,44,0,10,1,30,,339675,44,0,10,2,70,,339685,44,0,10,1,30,,339666,44,0,10,1,70,,339676,44,0,10,2,29,,339686,44,0,10,1,71,,339667,44,0,10,1,30,,339677,44,0,10,2,29,,339687,44,0,10,1,69,,339668,44,0,10,1,27,,339678,44,0,10,2,69,,339688,44,0,10,1,30,,339669,44,0,10,1,73,,339679,44,0,10,2,30,,339689,44,0,10,1,70,,339670,44,0,10,1
20002,'H60S000S-83-S',610,,339695,44,0,10,1,22,,339707,44,0,10,2,21,,339714,44,0,10,2,61,,339697,44,0,10,1,25,,339696,44,0,10,1,65,,339708,44,0,10,2,21,,339715,44,0,10,2,26,,339698,44,0,10,1,65,,339690,44,0,10,2,23,,339709,44,0,10,2,67,,339716,44,0,10,2,27,,339699,44,0,10,1,69,,339710,44,0,10,2,31,,339717,44,0,10,2,69,,339700,44,0,10,1,31,,339711,44,0,10,2,70,,339718,44,0,10,2,31,,339701,44,0,10,1,73,,339712,44,0,10,2,30,,339719,44,0,10,2,72,,339702,44,0,10,1,32,,339713,44,0,10,2,71,,339720,44,0,10,2,20,,339727,44,0,10,1,16,,339703,44,0,10,1,55,,339726,44,0,10,2,15,,339691,44,0,10,1,13,,339722,44,0,10,1,13,,339721,44,0,10,2,12,,339725,44,0,10,2,52,,339728,44,0,10,1,15,,339704,44,0,10,1,15,,339724,44,0,10,1,16,,339692,44,0,10,1,57,,339723,44,0,10,1,20,,339729,44,0,10,1,24,,339705,44,0,10,1,68,,339693,44,0,10,1,31,,339730,44,0,10,1,70,,339706,44,0,10,1,30,,339694,44,0,10,1,70,,339731,44,0,10,1
20002,'H60S100F-80-F1',729,,339751,44,0,10,1,29,,339732,44,0,10,1,68,,339742,44,0,10,1,30,,339752,44,0,10,1,70,,339733,44,0,10,1,28,,339743,44,0,10,1,69,,339753,44,0,10,1,31,,339734,44,0,10,1,70,,339744,44,0,10,1,30,,339754,44,0,10,1,71,,339735,44,0,10,1,32,,339745,44,0,10,1,72,,339755,44,0,10,1,71,,339736,44,0,10,1,30,,339746,44,0,10,1,70,,339756,44,0,10,1,30,,339737,44,0,10,1,70,,339747,44,0,10,1,29,,339757,44,0,10,1,71,,339738,44,0,10,1,30,,339748,44,0,10,1,29,,339758,44,0,10,1,69,,339739,44,0,10,1,27,,339749,44,0,10,1,69,,339759,44,0,10,1,30,,339740,44,0,10,1,73,,339750,44,0,10,1,30,,339760,44,0,10,1,70,,339741,44,0,10,1
20002,'H60S200F-80-F2',729,,339780,44,0,10,1,29,,339761,44,0,10,1,68,,339771,44,0,10,1,30,,339781,44,0,10,1,70,,339762,44,0,10,1,28,,339772,44,0,10,1,69,,339782,44,0,10,1,31,,339763,44,0,10,1,70,,339773,44,0,10,1,30,,339783,44,0,10,1,71,,339764,44,0,10,1,32,,339774,44,0,10,1,72,,339784,44,0,10,1,71,,339765,44,0,10,1,30,,339775,44,0,10,1,70,,339785,44,0,10,1,30,,339766,44,0,10,1,70,,339776,44,0,10,1,29,,339786,44,0,10,1,71,,339767,44,0,10,1,30,,339777,44,0,10,1,29,,339787,44,0,10,1,69,,339768,44,0,10,1,27,,339778,44,0,10,1,69,,339788,44,0,10,1,30,,339769,44,0,10,1,73,,339779,44,0,10,1,30,,339789,44,0,10,1,70,,339770,44,0,10,1
41102,'H56S000A-80-A',543,,347660,31,0,10,2,70,,347661,31,0,10,1,33,,347640,31,0,10,1,68,,347620,31,0,10,2,28,,347633,31,0,10,2,69,,347662,31,0,10,1,29,,347641,31,0,10,1,69,,347645,31,0,10,1,29,,347634,31,0,10,2,69,,347651,31,0,10,1,32,,347642,31,0,10,1,70,,347646,31,0,10,1,28,,347635,31,0,10,2,70,,347652,31,0,10,1,31,,347643,31,0,10,1,72,,347647,31,0,10,1,30,,347636,31,0,10,2,70,,347653,31,0,10,1,31,,347644,31,0,10,1,70,,347648,31,0,10,1,32,,347637,31,0,10,2,71,,347654,31,0,10,1,30,,347630,31,0,10,2,70,,347649,31,0,10,1,29,,347638,31,0,10,2,70,,347655,31,0,10,1,30,,347631,31,0,10,2,68,,347650,31,0,10,1,28,,347639,31,0,10,2,71,,347656,31,0,10,1,30,,347626,31,0,10,1,69,,347621,31,0,10,1,29,,347623,31,0,10,2,70,,347657,31,0,10,1,31,,347627,31,0,10,2,71,,347622,31,0,10,1,31,,347624,31,0,10,2,70,,347658,31,0,10,1,28,,347628,31,0,10,2,69,,347632,31,0,10,1,28,,347625,31,0,10,2,69,,347659,31,0,10,1,29,,347629,31,0,10,2
41102,'H56S000I-80-I',612,,347699,31,0,10,1,33,,347672,31,0,10,2,70,,347663,31,0,10,1,27,,347681,31,0,10,2,67,,347700,31,0,10,1,29,,347673,31,0,10,2,70,,347693,31,0,10,1,29,,347682,31,0,10,2,70,,347688,31,0,10,1,30,,347674,31,0,10,2,70,,347694,31,0,10,1,29,,347683,31,0,10,2,73,,347689,31,0,10,1,32,,347675,31,0,10,2,71,,347695,31,0,10,1,31,,347684,31,0,10,2,70,,347690,31,0,10,1,30,,347676,31,0,10,2,70,,347696,31,0,10,1,30,,347685,31,0,10,2,70,,347691,31,0,10,1,30,,347677,31,0,10,2,70,,347697,31,0,10,1,29,,347686,31,0,10,2,68,,347692,31,0,10,1,29,,347678,31,0,10,2,69,,347698,31,0,10,1,31,,347687,31,0,10,2,72,,347670,31,0,10,1,28,,347679,31,0,10,2,70,,347668,31,0,10,1,29,,347701,31,0,10,2,71,,347665,31,0,10,1,31,,347680,31,0,10,2,69,,347669,31,0,10,1,30,,347702,31,0,10,2,70,,347666,31,0,10,1,30,,347664,31,0,10,1,66,,347671,31,0,10,2,30,,347703,31,0,10,2,70,,347667,31,0,10,1
41102,'H56S000S-82-S',614,,347707,31,0,10,2,27,,347710,31,0,10,1,66,,347713,31,0,10,2,12,,347711,31,0,10,1,10,,347744,31,0,10,2,20,,347747,31,0,10,2,8,,347712,31,0,10,2,48,,347753,31,0,10,2,20,,347743,31,0,10,1,12,,347708,31,0,10,2,13,,347761,31,0,10,1,52,,347720,31,0,10,1,11,,347733,31,0,10,1,13,,347714,31,0,10,2,15,,347745,31,0,10,2,14,,347748,31,0,10,2,56,,347754,31,0,10,2,16,,347763,31,0,10,1,17,,347738,31,0,10,1,58,,347721,31,0,10,1,20,,347734,31,0,10,1,19,,347715,31,0,10,2,60,,347749,31,0,10,2,20,,347755,31,0,10,2,24,,347739,31,0,10,1,61,,347722,31,0,10,1,20,,347735,31,0,10,1,20,,347716,31,0,10,2,59,,347746,31,0,10,2,19,,347750,31,0,10,2,18,,347756,31,0,10,2,16,,347740,31,0,10,1,56,,347723,31,0,10,1,16,,347762,31,0,10,2,15,,347736,31,0,10,1,56,,347717,31,0,10,2,16,,347758,31,0,10,2,16,,347759,31,0,10,2,16,,347751,31,0,10,2,56,,347757,31,0,10,2,16,,347741,31,0,10,1,19,,347724,31,0,10,1,19,,347737,31,0,10,1,59,,347718,31,0,10,2,21,,347727,31,0,10,1,67,,347752,31,0,10,2,28,,347742,31,0,10,1,71,,347725,31,0,10,1,30,,347719,31,0,10,2,71,,347728,31,0,10,1,30,,347709,31,0,10,1,70,,347726,31,0,10,1,29,,347760,31,0,10,2,70,,347729,31,0,10,1,30,,347731,31,0,10,2,69,,347704,31,0,10,1,30,,347706,31,0,10,1,70,,347730,31,0,10,1,30,,347732,31,0,10,2,70,,347705,31,0,10,1
41102,'H56S100F-80-F1',612,,347800,31,0,10,1,33,,347773,31,0,10,2,70,,347764,31,0,10,1,27,,347782,31,0,10,2,67,,347801,31,0,10,1,29,,347774,31,0,10,2,70,,347794,31,0,10,1,29,,347783,31,0,10,2,70,,347789,31,0,10,1,30,,347775,31,0,10,2,70,,347795,31,0,10,1,29,,347784,31,0,10,2,73,,347790,31,0,10,1,32,,347776,31,0,10,2,71,,347796,31,0,10,1,31,,347785,31,0,10,2,70,,347791,31,0,10,1,30,,347777,31,0,10,2,70,,347797,31,0,10,1,30,,347786,31,0,10,2,70,,347792,31,0,10,1,30,,347778,31,0,10,2,70,,347798,31,0,10,1,29,,347787,31,0,10,2,68,,347793,31,0,10,1,29,,347779,31,0,10,2,69,,347799,31,0,10,1,31,,347788,31,0,10,2,72,,347771,31,0,10,1,28,,347780,31,0,10,2,70,,347769,31,0,10,1,29,,347802,31,0,10,2,71,,347766,31,0,10,1,31,,347781,31,0,10,2,69,,347770,31,0,10,1,30,,347803,31,0,10,2,70,,347767,31,0,10,1,30,,347765,31,0,10,1,66,,347772,31,0,10,2,30,,347804,31,0,10,2,70,,347768,31,0,10,1
41102,'H56S200F-80-F2',612,,347841,31,0,10,1,33,,347814,31,0,10,2,70,,347805,31,0,10,1,27,,347823,31,0,10,2,67,,347842,31,0,10,1,29,,347815,31,0,10,2,70,,347835,31,0,10,1,29,,347824,31,0,10,2,70,,347830,31,0,10,1,30,,347816,31,0,10,2,70,,347836,31,0,10,1,29,,347825,31,0,10,2,73,,347831,31,0,10,1,32,,347817,31,0,10,2,71,,347837,31,0,10,1,31,,347826,31,0,10,2,70,,347832,31,0,10,1,30,,347818,31,0,10,2,70,,347838,31,0,10,1,30,,347827,31,0,10,2,70,,347833,31,0,10,1,30,,347819,31,0,10,2,70,,347839,31,0,10,1,29,,347828,31,0,10,2,68,,347834,31,0,10,1,29,,347820,31,0,10,2,69,,347840,31,0,10,1,31,,347829,31,0,10,2,72,,347812,31,0,10,1,28,,347821,31,0,10,2,70,,347810,31,0,10,1,29,,347843,31,0,10,2,71,,347807,31,0,10,1,31,,347822,31,0,10,2,69,,347811,31,0,10,1,30,,347844,31,0,10,2,70,,347808,31,0,10,1,30,,347806,31,0,10,1,66,,347813,31,0,10,2,30,,347845,31,0,10,2,70,,347809,31,0,10,1
41102,'H60S000S-83-S',739,,347846,31,0,10,2,74,,347847,31,0,10,1
