20903,'H60S000A-80-A',515,,342538,22,0,8,1,31,,342552,22,0,8,2,71,,342553,22,0,8,1,30,,342539,22,0,8,1,70,,342566,22,0,8,1,31,,342554,22,0,8,1,71,,342540,22,0,8,1,29,,342567,22,0,8,1,71,,342555,22,0,8,1,31,,342541,22,0,8,1,69,,342568,22,0,8,1,31,,342556,22,0,8,1,71,,342542,22,0,8,1,33,,342569,22,0,8,1,73,,342557,22,0,8,1,31,,342543,22,0,8,1,73,,342570,22,0,8,1,73,,342558,22,0,8,1,32,,342544,22,0,8,1,72,,342571,22,0,8,1,33,,342559,22,0,8,1,72,,342545,22,0,8,1,32,,342572,22,0,8,1,72,,342560,22,0,8,1,32,,342546,22,0,8,1,72,,342573,22,0,8,1,31,,342561,22,0,8,1,70,,342547,22,0,8,1,32,,342574,22,0,8,1,71,,342562,22,0,8,1,29,,342548,22,0,8,1,69,,342575,22,0,8,1,29,,342563,22,0,8,1,69,,342549,22,0,8,1,30,,342576,22,0,8,1,68,,342564,22,0,8,1,29,,342550,22,0,8,1,69,,342577,22,0,8,1,28,,342565,22,0,8,1,68,,342551,22,0,8,1
20903,'H60S000I-81-I',515,,342578,22,0,8,1,31,,342580,22,0,8,2,71,,342598,22,0,8,1,30,,342579,22,0,8,1,70,,342581,22,0,8,2,31,,342599,22,0,8,1,70,,342589,22,0,8,1,30,,342582,22,0,8,2,71,,342600,22,0,8,1,31,,342590,22,0,8,1,69,,342583,22,0,8,2,31,,342601,22,0,8,1,72,,342591,22,0,8,1,32,,342584,22,0,8,2,72,,342602,22,0,8,1,32,,342592,22,0,8,1,73,,342585,22,0,8,2,73,,342603,22,0,8,1,32,,342593,22,0,8,1,72,,342586,22,0,8,2,33,,342604,22,0,8,1,72,,342594,22,0,8,1,32,,342587,22,0,8,2,72,,342605,22,0,8,1,32,,342595,22,0,8,1,72,,342588,22,0,8,2,33,,342606,22,0,8,1,70,,342596,22,0,8,1,33,,342610,22,0,8,1,72,,342614,22,0,8,1,30,,342597,22,0,8,1,69,,342611,22,0,8,1,29,,342615,22,0,8,1,70,,342607,22,0,8,1,29,,342612,22,0,8,1,67,,342616,22,0,8,1,29,,342608,22,0,8,1,68,,342613,22,0,8,1,27,,342617,22,0,8,1,69,,342609,22,0,8,1
20903,'H60S000S-83-S',516,,342623,22,0,8,1,33,,342631,22,0,8,2,73,,342633,22,0,8,2,31,,342644,22,0,8,1,55,,342624,22,0,8,1,19,,342655,22,0,8,2,15,,342632,22,0,8,2,16,,342618,22,0,8,1,57,,342634,22,0,8,2,25,,342645,22,0,8,1,72,,342625,22,0,8,1,29,,342619,22,0,8,1,71,,342635,22,0,8,2,29,,342646,22,0,8,1,70,,342626,22,0,8,1,30,,342620,22,0,8,1,70,,342636,22,0,8,2,30,,342647,22,0,8,1,70,,342627,22,0,8,1,29,,342621,22,0,8,1,69,,342637,22,0,8,2,27,,342648,22,0,8,1,67,,342628,22,0,8,1,28,,342622,22,0,8,1,28,,342638,22,0,8,2,59,,342658,22,0,8,1,18,,342649,22,0,8,1,16,,342656,22,0,8,1,55,,342629,22,0,8,1,14,,342657,22,0,8,1,15,,342660,22,0,8,1,16,,342639,22,0,8,2,57,,342659,22,0,8,1,21,,342650,22,0,8,1,22,,342630,22,0,8,1,67,,342661,22,0,8,1,31,,342640,22,0,8,2,71,,342651,22,0,8,1,31,,342662,22,0,8,1,71,,342641,22,0,8,2,30,,342652,22,0,8,1,71,,342663,22,0,8,1,28,,342642,22,0,8,2,70,,342653,22,0,8,1,30,,342664,22,0,8,1,67,,342643,22,0,8,2,27,,342654,22,0,8,1
20903,'H60S100F-80-F1',515,,342665,22,0,8,1,31,,342679,22,0,8,2,71,,342686,22,0,8,2,30,,342666,22,0,8,1,70,,342680,22,0,8,2,31,,342687,22,0,8,2,70,,342667,22,0,8,1,30,,342681,22,0,8,2,71,,342688,22,0,8,2,31,,342668,22,0,8,1,69,,342682,22,0,8,2,31,,342689,22,0,8,2,72,,342669,22,0,8,1,32,,342683,22,0,8,2,72,,342690,22,0,8,2,32,,342670,22,0,8,1,73,,342684,22,0,8,2,73,,342691,22,0,8,2,32,,342671,22,0,8,1,72,,342685,22,0,8,2,33,,342692,22,0,8,2,72,,342672,22,0,8,1,32,,342695,22,0,8,1,72,,342693,22,0,8,2,32,,342673,22,0,8,1,72,,342696,22,0,8,1,33,,342694,22,0,8,2,70,,342674,22,0,8,1,33,,342697,22,0,8,1,72,,342701,22,0,8,1,30,,342675,22,0,8,1,69,,342698,22,0,8,1,29,,342702,22,0,8,1,70,,342676,22,0,8,1,29,,342699,22,0,8,1,67,,342703,22,0,8,1,29,,342677,22,0,8,1,68,,342700,22,0,8,1,27,,342704,22,0,8,1,69,,342678,22,0,8,1
20903,'H60S200F-80-F2',515,,342705,22,0,8,1,31,,342719,22,0,8,2,71,,342726,22,0,8,2,30,,342706,22,0,8,1,70,,342720,22,0,8,2,31,,342727,22,0,8,2,70,,342707,22,0,8,1,30,,342721,22,0,8,2,71,,342728,22,0,8,2,31,,342708,22,0,8,1,69,,342722,22,0,8,2,31,,342729,22,0,8,2,72,,342709,22,0,8,1,32,,342723,22,0,8,2,72,,342730,22,0,8,2,32,,342710,22,0,8,1,73,,342724,22,0,8,2,73,,342731,22,0,8,2,32,,342711,22,0,8,1,72,,342725,22,0,8,2,33,,342732,22,0,8,2,72,,342712,22,0,8,1,32,,342735,22,0,8,1,72,,342733,22,0,8,2,32,,342713,22,0,8,1,72,,342736,22,0,8,1,33,,342734,22,0,8,2,70,,342714,22,0,8,1,33,,342737,22,0,8,1,72,,342741,22,0,8,1,30,,342715,22,0,8,1,69,,342738,22,0,8,1,29,,342742,22,0,8,1,70,,342716,22,0,8,1,29,,342739,22,0,8,1,67,,342743,22,0,8,1,29,,342717,22,0,8,1,68,,342740,22,0,8,1,27,,342744,22,0,8,1,69,,342718,22,0,8,1
23001,'H60S000A-80-A',555,,345561,43,0,5,1,71,,345548,43,0,5,1,31,,345574,43,0,5,2,71,,345562,43,0,5,1,31,,345549,43,0,5,1,71,,345575,43,0,5,2,71,,345563,43,0,5,1,31,,345550,43,0,5,1,72,,345576,43,0,5,2,33,,345564,43,0,5,1,71,,345551,43,0,5,1,33,,345577,43,0,5,2,73,,345565,43,0,5,1,31,,345552,43,0,5,1,73,,345578,43,0,5,2,33,,345566,43,0,5,1,73,,345553,43,0,5,1,33,,345579,43,0,5,2,73,,345567,43,0,5,1,73,,345554,43,0,5,1,33,,345580,43,0,5,2,73,,345568,43,0,5,1,33,,345555,43,0,5,1,71,,345581,43,0,5,2,33,,345569,43,0,5,1,72,,345556,43,0,5,1,31,,345582,43,0,5,2,72,,345570,43,0,5,1,32,,345557,43,0,5,1,70,,345583,43,0,5,2,32,,345571,43,0,5,1,72,,345558,43,0,5,1,28,,345584,43,0,5,2,72,,345572,43,0,5,1,32,,345559,43,0,5,1,70,,345585,43,0,5,2,71,,345573,43,0,5,1,31,,345560,43,0,5,1,72,,345586,43,0,5,2
23001,'H60S000I-81-I',555,,345600,43,0,5,1,72,,345587,43,0,5,1,31,,345613,43,0,5,2,71,,345601,43,0,5,1,71,,345588,43,0,5,1,31,,345614,43,0,5,2,71,,345602,43,0,5,1,31,,345589,43,0,5,1,69,,345615,43,0,5,2,32,,345603,43,0,5,1,70,,345590,43,0,5,1,30,,345616,43,0,5,2,72,,345604,43,0,5,1,30,,345591,43,0,5,1,70,,345617,43,0,5,2,32,,345605,43,0,5,1,70,,345592,43,0,5,1,31,,345618,43,0,5,2,73,,345606,43,0,5,1,30,,345593,43,0,5,1,72,,345619,43,0,5,2,33,,345607,43,0,5,1,69,,345594,43,0,5,1,32,,345620,43,0,5,2,72,,345608,43,0,5,1,30,,345595,43,0,5,1,70,,345621,43,0,5,2,31,,345609,43,0,5,1,69,,345596,43,0,5,1,30,,345622,43,0,5,2,71,,345610,43,0,5,1,30,,345597,43,0,5,1,70,,345623,43,0,5,2,30,,345611,43,0,5,1,70,,345598,43,0,5,1,33,,345624,43,0,5,2,73,,345612,43,0,5,1,73,,345599,43,0,5,1,33,,345625,43,0,5,2
23001,'H60S000S-83-S',554,,345633,43,0,5,2,70,,345653,43,0,5,1,16,,345626,43,0,5,2,18,,345643,43,0,5,1,62,,345654,43,0,5,1,17,,345641,43,0,5,2,19,,345634,43,0,5,2,56,,345661,43,0,5,1,17,,345671,43,0,5,2,16,,345627,43,0,5,2,55,,345672,43,0,5,2,14,,345655,43,0,5,1,16,,345642,43,0,5,2,14,,345635,43,0,5,2,67,,345662,43,0,5,1,30,,345628,43,0,5,2,70,,345656,43,0,5,1,30,,345636,43,0,5,2,70,,345663,43,0,5,1,30,,345629,43,0,5,2,70,,345657,43,0,5,1,31,,345637,43,0,5,2,70,,345664,43,0,5,1,27,,345630,43,0,5,2,66,,345658,43,0,5,1,25,,345638,43,0,5,2,78,,345665,46,0,99 94,1,13,,345674,43,0,5,2,20,,345631,46,0,99 94,2,14,,345659,43,0,5,1,61,,345676,46,0,99 94,1,5,,345639,43,0,5,2,16,,345677,46,0,99 94,2,3,,345673,43,0,5,1,18,,345666,46,0,99 94,1,52,,345675,43,0,5,2,25,,345632,46,0,99 94,2,8,,345660,43,0,5,1,59,,345644,46,0,99 94,1,12,,345640,43,0,5,2,24,,345667,43,0,5,1,73,,345649,43,0,5,1,33,,345645,43,0,5,1,71,,345668,43,0,5,1,33,,345650,43,0,5,1,72,,345646,43,0,5,1,32,,345669,43,0,5,1,72,,345651,43,0,5,1,32,,345647,43,0,5,1,73,,345670,43,0,5,1,73,,345652,43,0,5,1,33,,345648,43,0,5,1
23001,'H60S100F-80-F1',555,,345689,43,0,5,1,72,,345678,43,0,5,1,31,,345702,43,0,5,2,71,,345690,43,0,5,1,71,,345679,43,0,5,1,31,,345703,43,0,5,2,71,,345691,43,0,5,1,31,,345680,43,0,5,1,69,,345704,43,0,5,2,32,,345692,43,0,5,1,70,,345681,43,0,5,1,30,,345705,43,0,5,2,72,,345693,43,0,5,1,30,,345682,43,0,5,1,70,,345706,43,0,5,2,32,,345694,43,0,5,1,70,,345683,43,0,5,1,31,,345707,43,0,5,2,73,,345695,43,0,5,1,30,,345684,43,0,5,1,72,,345708,43,0,5,2,33,,345696,43,0,5,1,69,,345685,43,0,5,1,32,,345709,43,0,5,2,72,,345697,43,0,5,1,30,,345686,43,0,5,1,70,,345710,43,0,5,2,31,,345698,43,0,5,1,69,,345687,43,0,5,1,30,,345711,43,0,5,2,71,,345699,43,0,5,1,30,,345688,43,0,5,1,70,,345712,43,0,5,2,30,,345700,43,0,5,1,70,,345715,43,0,5,1,33,,345713,43,0,5,2,73,,345701,43,0,5,1,73,,345716,43,0,5,1,33,,345714,43,0,5,2
23001,'H60S200F-80-F2',555,,345728,43,0,5,1,72,,345717,43,0,5,1,31,,345741,43,0,5,2,71,,345729,43,0,5,1,71,,345718,43,0,5,1,31,,345742,43,0,5,2,71,,345730,43,0,5,1,31,,345719,43,0,5,1,69,,345743,43,0,5,2,32,,345731,43,0,5,1,70,,345720,43,0,5,1,30,,345744,43,0,5,2,72,,345732,43,0,5,1,30,,345721,43,0,5,1,70,,345745,43,0,5,2,32,,345733,43,0,5,1,70,,345722,43,0,5,1,31,,345746,43,0,5,2,73,,345734,43,0,5,1,30,,345723,43,0,5,1,72,,345747,43,0,5,2,33,,345735,43,0,5,1,69,,345724,43,0,5,1,32,,345748,43,0,5,2,72,,345736,43,0,5,1,30,,345725,43,0,5,1,70,,345749,43,0,5,2,31,,345737,43,0,5,1,69,,345726,43,0,5,1,30,,345750,43,0,5,2,71,,345738,43,0,5,1,30,,345727,43,0,5,1,70,,345751,43,0,5,2,30,,345739,43,0,5,1,70,,345754,43,0,5,1,33,,345752,43,0,5,2,73,,345740,43,0,5,1,73,,345755,43,0,5,1,33,,345753,43,0,5,2
35602,'H56S000A-80-A',2637,,346236,102,0,10,2,18,,346225,102,0,10,1,54,,346232,102,0,10,1,13,,346226,102,0,10,1,14,,346227,102,0,10,2,12,,346231,102,0,10,1,52,,346224,102,0,10,1,13,,346238,102,0,10,1,13,,346230,102,0,10,1,13,,346228,102,0,10,1,13,,346229,102,0,10,1,53,,346234,102,0,10,2,13,,346233,102,0,10,2,13,,346237,102,0,10,2,13,,346235,102,0,10,1
35602,'H56S000I-80-I',2630,,346239,102,0,10,1,88,,346242,102,0,10,1,85,,346241,102,0,10,1,48,,346240,102,0,10,1,81,,346243,102,0,10,2
35602,'H56S000S-82-S',2627,,346244,102,0,10,1,86,,346249,102,0,10,2,45,,346248,102,0,10,1,67,,346246,102,0,10,2,25,,346245,102,0,10,1,65,,346247,102,0,10,2,25,,346250,102,0,10,1
35602,'H56S100F-80-F1',2630,,346251,102,0,10,1,88,,346254,102,0,10,1,85,,346253,102,0,10,1,48,,346252,102,0,10,1,81,,346255,102,0,10,2
35602,'H56S200F-80-F2',2630,,346256,102,0,10,1,88,,346259,102,0,10,1,85,,346258,102,0,10,1,48,,346257,102,0,10,1,81,,346260,102,0,10,2
