11902,'H50S000A-82-A',704,,320849,15,0,10,2,30,,320866,15,0,10,2,70,,320858,15,0,10,1,29,,320850,15,0,10,2,69,,320867,15,0,10,2,30,,320859,15,0,10,1,69,,320851,15,0,10,2,30,,320868,15,0,10,2,70,,320860,15,0,10,1,30,,320852,15,0,10,2,70,,320869,15,0,10,2,30,,320861,15,0,10,1,70,,320853,15,0,10,2,30,,320870,15,0,10,2,71,,320862,15,0,10,1,31,,320854,15,0,10,2,70,,320871,15,0,10,2,30,,320863,15,0,10,1,70,,320855,15,0,10,2,30,,320872,15,0,10,2,70,,320864,15,0,10,1,30,,320856,15,0,10,2,70,,320873,15,0,10,2,30,,320865,15,0,10,1,70,,320857,15,0,10,2
11902,'H50S000I-82-I',656,,320874,15,0,10,2,70,,320891,15,0,10,1,32,,320883,15,0,10,2,70,,320875,15,0,10,2,30,,320892,15,0,10,1,70,,320884,15,0,10,2,30,,320876,15,0,10,2,70,,320893,15,0,10,1,30,,320885,15,0,10,2,70,,320877,15,0,10,2,30,,320894,15,0,10,1,70,,320886,15,0,10,2,30,,320878,15,0,10,2,71,,320895,15,0,10,1,71,,320887,15,0,10,2,31,,320879,15,0,10,2,71,,320896,15,0,10,1,31,,320888,15,0,10,2,71,,320880,15,0,10,2,30,,320897,15,0,10,1,70,,320889,15,0,10,2,30,,320881,15,0,10,2,70,,320898,15,0,10,1,29,,320890,15,0,10,2,69,,320882,15,0,10,2
11902,'H50S000S-82-S',645,,320899,15,0,10,2,70,,320904,15,0,10,2,31,,320905,15,0,10,2,69,,320906,15,0,10,1,32,,320914,15,0,10,2,71,,320918,15,0,10,1,29,,320900,15,0,10,1,68,,320907,15,0,10,1,28,,320915,15,0,10,2,67,,320919,15,0,10,1,26,,320901,15,0,10,1,65,,320908,15,0,10,1,26,,320902,15,0,10,2,25,,320916,15,0,10,2,65,,320920,15,0,10,1,26,,320909,15,0,10,1,67,,320903,15,0,10,2,29,,320917,15,0,10,2,70,,320921,15,0,10,1,32,,320910,15,0,10,1,70,,320927,15,0,10,2,32,,320928,15,0,10,1,72,,320925,15,0,10,1,32,,320911,15,0,10,1,66,,320922,15,0,10,1,28,,320929,15,0,10,1,65,,320926,15,0,10,1,25,,320912,15,0,10,1,26,,320923,15,0,10,1,67,,320930,15,0,10,1,28,,320913,15,0,10,1,68,,320924,15,0,10,1
11902,'H50S100F-80-F1',656,,320931,15,0,10,2,70,,320948,15,0,10,1,32,,320940,15,0,10,2,70,,320932,15,0,10,2,30,,320949,15,0,10,1,70,,320941,15,0,10,2,30,,320933,15,0,10,2,70,,320950,15,0,10,1,30,,320942,15,0,10,2,70,,320934,15,0,10,2,30,,320951,15,0,10,1,70,,320943,15,0,10,2,30,,320935,15,0,10,2,71,,320952,15,0,10,1,71,,320944,15,0,10,2,31,,320936,15,0,10,2,71,,320953,15,0,10,1,31,,320945,15,0,10,2,71,,320937,15,0,10,2,30,,320954,15,0,10,1,70,,320946,15,0,10,2,30,,320938,15,0,10,2,70,,320955,15,0,10,1,29,,320947,15,0,10,2,69,,320939,15,0,10,2
11902,'H50S200F-80-F2',656,,320956,15,0,10,2,70,,320973,15,0,10,1,32,,320965,15,0,10,2,70,,320957,15,0,10,2,30,,320974,15,0,10,1,70,,320966,15,0,10,2,30,,320958,15,0,10,2,70,,320975,15,0,10,1,30,,320967,15,0,10,2,70,,320959,15,0,10,2,30,,320976,15,0,10,1,70,,320968,15,0,10,2,30,,320960,15,0,10,2,71,,320977,15,0,10,1,71,,320969,15,0,10,2,31,,320961,15,0,10,2,71,,320978,15,0,10,1,31,,320970,15,0,10,2,71,,320962,15,0,10,2,30,,320979,15,0,10,1,70,,320971,15,0,10,2,30,,320963,15,0,10,2,70,,320980,15,0,10,1,29,,320972,15,0,10,2,69,,320964,15,0,10,2
16102,'H50S000S-82-S',831,,328914,5,0,10,2,24,,328915,5,0,10,1
16102,'H51S000A-80-A',530,,328916,5,0,10,1,23,,328943,5,0,10,1,66,,328944,5,0,10,1,26,,328930,5,0,10,2,68,,328917,5,0,10,1,30,,328945,5,0,10,1,70,,328931,5,0,10,2,17,,328953,5,0,10,1,17,,328918,5,0,10,1,57,,328964,5,0,10,2,15,,328970,5,0,10,2,15,,328946,5,0,10,1,18,,328932,5,0,10,2,58,,328954,5,0,10,1,18,,328919,5,0,10,1,15,,328971,5,0,10,2,15,,328965,5,0,10,2,55,,328947,5,0,10,1,15,,328933,5,0,10,2,14,,328975,5,0,10,2,14,,328955,5,0,10,1,53,,328978,5,0,10,2,15,,328920,5,0,10,1,14,,328972,5,0,10,2,14,,328966,5,0,10,2,54,,328948,5,0,10,1,14,,328934,5,0,10,2,14,,328976,5,0,10,2,14,,328956,5,0,10,1,11,,328980,5,0,10,2,50,,328921,5,0,10,1,11,,328973,5,0,10,2,13,,328967,5,0,10,2,14,,328949,5,0,10,1,54,,328935,5,0,10,2,13,,328977,5,0,10,2,13,,328957,5,0,10,1,11,,328981,5,0,10,2,10,,328922,5,0,10,1,10,,328974,5,0,10,2,50,,328982,5,0,10,2,10,,328968,5,0,10,2,10,,328950,5,0,10,1,10,,328936,5,0,10,2,10,,328951,5,0,10,1,9,,328929,5,0,10,2,49,,328958,5,0,10,1,13,,328979,5,0,10,2,14,,328923,5,0,10,1,14,,328983,5,0,10,2,54,,328969,5,0,10,2,15,,328937,5,0,10,2,15,,328952,5,0,10,1,16,,328959,5,0,10,1,61,,328924,5,0,10,1,22,,328984,5,0,10,2,26,,328938,5,0,10,2,70,,328960,5,0,10,1,30,,328925,5,0,10,1,70,,328939,5,0,10,2,30,,328961,5,0,10,1,70,,328926,5,0,10,1,30,,328940,5,0,10,2,69,,328962,5,0,10,1,29,,328927,5,0,10,1,68,,328941,5,0,10,2,30,,328963,5,0,10,1,70,,328928,5,0,10,1,30,,328942,5,0,10,2
16102,'H51S000I-80-I',526,,328998,5,0,10,1,28,,329000,5,0,10,2,68,,328985,5,0,10,1,28,,328999,5,0,10,1,66,,329001,5,0,10,2,26,,328986,5,0,10,1,64,,329018,5,0,10,1,24,,329011,5,0,10,2,24,,329002,5,0,10,2,63,,328987,5,0,10,1,23,,329019,5,0,10,1,60,,329012,5,0,10,2,17,,329029,5,0,10,2,16,,329003,5,0,10,2,15,,328988,5,0,10,1,55,,329007,5,0,10,1,15,,329020,5,0,10,1,15,,329013,5,0,10,2,17,,329030,5,0,10,2,56,,329004,5,0,10,2,15,,328989,5,0,10,1,15,,329008,5,0,10,1,15,,329021,5,0,10,1,55,,329014,5,0,10,2,14,,329026,5,0,10,2,14,,329031,5,0,10,2,14,,329005,5,0,10,2,54,,328990,5,0,10,1,13,,329009,5,0,10,1,14,,329039,5,0,10,2,15,,329022,5,0,10,1,14,,329015,5,0,10,2,52,,329027,5,0,10,2,10,,329032,5,0,10,2,10,,329006,5,0,10,2,10,,328991,5,0,10,1,10,,329045,5,0,10,1,50,,329010,5,0,10,1,10,,329040,5,0,10,2,10,,329048,5,0,10,2,10,,329023,5,0,10,1,10,,329016,5,0,10,2,11,,329028,5,0,10,2,52,,329033,5,0,10,2,16,,328992,5,0,10,1,17,,329046,5,0,10,1,17,,329041,5,0,10,2,57,,329024,5,0,10,1,16,,329017,5,0,10,2,15,,329034,5,0,10,2,15,,328993,5,0,10,1,56,,329047,5,0,10,1,17,,329042,5,0,10,2,20,,329025,5,0,10,1,67,,329035,5,0,10,2,30,,328994,5,0,10,1,70,,329043,5,0,10,2,29,,329036,5,0,10,2,69,,328995,5,0,10,1,28,,329044,5,0,10,2,68,,329037,5,0,10,2,28,,329049,5,0,10,2,67,,328996,5,0,10,1,26,,329038,5,0,10,2,26,,329050,5,0,10,2,66,,328997,5,0,10,1
16102,'H51S000S-81-S',520,,329059,5,0,10,1,23,,329077,5,0,10,2,64,,329051,5,0,10,1,12,,329099,5,0,10,2,12,,329069,5,0,10,2,11,,329103,5,0,10,1,13,,329119,5,0,10,2,51,,329060,5,0,10,1,7,,329120,5,0,10,2,7,,329071,5,0,10,2,7,,329078,5,0,10,2,8,,329091,5,0,10,2,6,,329121,5,0,10,2,6,,329052,5,0,10,1,5,,329084,5,0,10,2,5,,329101,5,0,10,2,44,,329100,5,0,10,2,4,,329102,5,0,10,2,5,,329092,5,0,10,2,7,,329070,5,0,10,2,7,,329053,5,0,10,1,15,,329104,5,0,10,1,8,,329113,5,0,10,2,56,,329061,5,0,10,1,9,,329072,5,0,10,2,10,,329079,5,0,10,2,12,,329122,5,0,10,2,12,,329085,5,0,10,2,12,,329093,5,0,10,2,52,,329054,5,0,10,1,11,,329105,5,0,10,1,11,,329114,5,0,10,2,11,,329062,5,0,10,1,11,,329073,5,0,10,2,51,,329080,5,0,10,2,11,,329123,5,0,10,2,11,,329086,5,0,10,2,11,,329094,5,0,10,2,12,,329055,5,0,10,1,52,,329106,5,0,10,1,12,,329115,5,0,10,2,11,,329063,5,0,10,1,12,,329074,5,0,10,2,12,,329081,5,0,10,2,52,,329124,5,0,10,2,12,,329087,5,0,10,2,10,,329095,5,0,10,2,10,,329056,5,0,10,1,10,,329107,5,0,10,1,10,,329116,5,0,10,2,51,,329064,5,0,10,1,10,,329127,5,0,10,2,9,,329075,5,0,10,2,9,,329082,5,0,10,2,7,,329133,5,0,10,2,7,,329125,5,0,10,2,7,,329088,5,0,10,2,47,,329138,5,0,10,2,7,,329096,5,0,10,2,8,,329057,5,0,10,1,7,,329152,5,0,10,2,7,,329108,5,0,10,1,8,,329130,5,0,10,2,6,,329155,5,0,10,2,6,,329117,5,0,10,2,6,,329065,5,0,10,1,50,,329128,5,0,10,2,5,,329146,5,0,10,2,4,,329076,5,0,10,2,4,,329156,5,0,10,2,5,,329137,5,0,10,2,5,,329083,5,0,10,2,5,,329134,5,0,10,2,10,,329126,5,0,10,2,5,,329089,5,0,10,2,6,,329139,5,0,10,2,46,,329140,5,0,10,1,6,,329097,5,0,10,2,7,,329058,5,0,10,1,8,,329153,5,0,10,2,9,,329109,5,0,10,1,9,,329131,5,0,10,2,9,,329118,5,0,10,2,10,,329066,5,0,10,1,50,,329129,5,0,10,2,9,,329147,5,0,10,2,12,,329135,5,0,10,2,11,,329090,5,0,10,2,10,,329141,5,0,10,1,51,,329098,5,0,10,2,11,,329154,5,0,10,2,11,,329110,5,0,10,1,12,,329132,5,0,10,2,12,,329067,5,0,10,1,12,,329148,5,0,10,2,57,,329136,5,0,10,2,19,,329142,5,0,10,1,24,,329111,5,0,10,1,64,,329068,5,0,10,1,24,,329149,5,0,10,2,64,,329143,5,0,10,1,26,,329112,5,0,10,1,68,,329157,5,0,10,2,29,,329150,5,0,10,2,69,,329144,5,0,10,1,29,,329158,5,0,10,2,26,,329151,5,0,10,2,65,,329145,5,0,10,1
16102,'H51S100F-80-F1',526,,329159,5,0,10,1,28,,329176,5,0,10,2,68,,329163,5,0,10,1,28,,329160,5,0,10,1,66,,329177,5,0,10,2,26,,329164,5,0,10,1,64,,329213,5,0,10,1,24,,329196,5,0,10,2,24,,329178,5,0,10,2,63,,329165,5,0,10,1,23,,329214,5,0,10,1,60,,329197,5,0,10,2,17,,329186,5,0,10,2,16,,329179,5,0,10,2,15,,329166,5,0,10,1,55,,329209,5,0,10,1,15,,329215,5,0,10,1,15,,329198,5,0,10,2,17,,329187,5,0,10,2,56,,329180,5,0,10,2,15,,329167,5,0,10,1,15,,329210,5,0,10,1,15,,329216,5,0,10,1,55,,329199,5,0,10,2,14,,329183,5,0,10,2,14,,329188,5,0,10,2,14,,329181,5,0,10,2,54,,329168,5,0,10,1,13,,329211,5,0,10,1,14,,329203,5,0,10,2,15,,329217,5,0,10,1,14,,329200,5,0,10,2,52,,329184,5,0,10,2,10,,329189,5,0,10,2,10,,329182,5,0,10,2,10,,329169,5,0,10,1,10,,329222,5,0,10,1,50,,329212,5,0,10,1,10,,329204,5,0,10,2,10,,329221,5,0,10,2,10,,329218,5,0,10,1,10,,329201,5,0,10,2,11,,329185,5,0,10,2,52,,329190,5,0,10,2,16,,329170,5,0,10,1,17,,329223,5,0,10,1,17,,329205,5,0,10,2,57,,329219,5,0,10,1,16,,329202,5,0,10,2,15,,329191,5,0,10,2,15,,329171,5,0,10,1,56,,329224,5,0,10,1,17,,329206,5,0,10,2,20,,329220,5,0,10,1,67,,329192,5,0,10,2,30,,329172,5,0,10,1,70,,329207,5,0,10,2,29,,329193,5,0,10,2,69,,329173,5,0,10,1,28,,329208,5,0,10,2,68,,329194,5,0,10,2,28,,329161,5,0,10,2,67,,329174,5,0,10,1,26,,329195,5,0,10,2,26,,329162,5,0,10,2,66,,329175,5,0,10,1
16102,'H51S200F-80-F2',526,,329225,5,0,10,1,28,,329242,5,0,10,2,68,,329229,5,0,10,1,28,,329226,5,0,10,1,66,,329243,5,0,10,2,26,,329230,5,0,10,1,64,,329279,5,0,10,1,24,,329262,5,0,10,2,24,,329244,5,0,10,2,63,,329231,5,0,10,1,23,,329280,5,0,10,1,60,,329263,5,0,10,2,17,,329252,5,0,10,2,16,,329245,5,0,10,2,15,,329232,5,0,10,1,55,,329275,5,0,10,1,15,,329281,5,0,10,1,15,,329264,5,0,10,2,17,,329253,5,0,10,2,56,,329246,5,0,10,2,15,,329233,5,0,10,1,15,,329276,5,0,10,1,15,,329282,5,0,10,1,55,,329265,5,0,10,2,14,,329249,5,0,10,2,14,,329254,5,0,10,2,14,,329247,5,0,10,2,54,,329234,5,0,10,1,13,,329277,5,0,10,1,14,,329269,5,0,10,2,15,,329283,5,0,10,1,14,,329266,5,0,10,2,52,,329250,5,0,10,2,10,,329255,5,0,10,2,10,,329248,5,0,10,2,10,,329235,5,0,10,1,10,,329288,5,0,10,1,50,,329278,5,0,10,1,10,,329270,5,0,10,2,10,,329287,5,0,10,2,10,,329284,5,0,10,1,10,,329267,5,0,10,2,11,,329251,5,0,10,2,52,,329256,5,0,10,2,16,,329236,5,0,10,1,17,,329289,5,0,10,1,17,,329271,5,0,10,2,57,,329285,5,0,10,1,16,,329268,5,0,10,2,15,,329257,5,0,10,2,15,,329237,5,0,10,1,56,,329290,5,0,10,1,17,,329272,5,0,10,2,20,,329286,5,0,10,1,67,,329258,5,0,10,2,30,,329238,5,0,10,1,70,,329273,5,0,10,2,29,,329259,5,0,10,2,69,,329239,5,0,10,1,28,,329274,5,0,10,2,68,,329260,5,0,10,2,28,,329227,5,0,10,2,67,,329240,5,0,10,1,26,,329261,5,0,10,2,26,,329228,5,0,10,2,66,,329241,5,0,10,1
16102,'H57S000S-80-S',1600,,329291,5,0,10,1
16102,'H59S000S-80-S',1638,,329292,5,0,10,2
37002,'H51S000A-80-A',2619,,347054,48,0,10,1,83,,347053,48,0,10,2,43,,347051,48,0,10,1,84,,347052,48,0,10,2,85,,347055,48,0,10,1
37002,'H51S000I-80-I',2529,,347060,48,0,10,1,85,,347056,48,0,10,1,45,,347058,48,0,10,2,85,,347061,48,0,10,1,85,,347057,48,0,10,1,89,,347059,48,0,10,2
37002,'H51S000S-81-S',2530,,347064,48,0,10,1,85,,347062,48,0,10,1,85,,347066,48,0,10,2,45,,347065,48,0,10,1,85,,347063,48,0,10,1,89,,347067,48,0,10,2
37002,'H51S100F-80-F1',2529,,347072,48,0,10,1,85,,347068,48,0,10,1,45,,347070,48,0,10,2,85,,347073,48,0,10,1,85,,347069,48,0,10,1,89,,347071,48,0,10,2
37002,'H51S200F-80-F2',2529,,347078,48,0,10,1,85,,347074,48,0,10,1,45,,347076,48,0,10,2,85,,347079,48,0,10,1,85,,347075,48,0,10,1,89,,347077,48,0,10,2
