6403,'H50S000S-82-S',1537,,304748,10,0,8,2
6403,'H60S000A-80-A',537,,304749,10,0,8,1,72,,304760,10,0,8,2,31,,304750,10,0,8,1,73,,304761,10,0,8,2,32,,304793,10,0,8,1,69,,304802,10,0,8,2,25,,304782,10,0,8,1,19,,304803,10,0,8,2,55,,304815,10,0,8,2,18,,304783,10,0,8,1,19,,304804,10,0,8,2,60,,304784,10,0,8,1,14,,304751,10,0,8,1,9,,304805,10,0,8,2,10,,304794,10,0,8,1,10,,304785,10,0,8,1,51,,304752,10,0,8,1,11,,304806,10,0,8,2,11,,304795,10,0,8,1,10,,304786,10,0,8,1,11,,304753,10,0,8,1,11,,304807,10,0,8,2,51,,304796,10,0,8,1,10,,304787,10,0,8,1,11,,304754,10,0,8,1,7,,304816,10,0,8,2,7,,304808,10,0,8,2,8,,304797,10,0,8,1,54,,304788,10,0,8,1,14,,304817,10,0,8,2,8,,304755,10,0,8,1,10,,304798,10,0,8,1,11,,304809,10,0,8,2,51,,304789,10,0,8,1,11,,304818,10,0,8,2,11,,304756,10,0,8,1,11,,304799,10,0,8,1,12,,304810,10,0,8,2,10,,304790,10,0,8,1,51,,304757,10,0,8,1,11,,304800,10,0,8,1,12,,304811,10,0,8,2,11,,304791,10,0,8,1,11,,304758,10,0,8,1,50,,304801,10,0,8,1,8,,304821,10,0,8,2,9,,304812,10,0,8,2,9,,304792,10,0,8,1,9,,304762,10,0,8,1,8,,304759,10,0,8,1,9,,304822,10,0,8,2,48,,304819,10,0,8,2,8,,304813,10,0,8,2,11,,304764,10,0,8,1,10,,304763,10,0,8,1,9,,304823,10,0,8,2,9,,304820,10,0,8,2,7,,304814,10,0,8,2,48,,304769,10,0,8,1,10,,304765,10,0,8,1,10,,304766,10,0,8,2,11,,304824,10,0,8,2,11,,304770,10,0,8,1,10,,304780,10,0,8,2,50,,304767,10,0,8,2,11,,304826,10,0,8,1,11,,304771,10,0,8,1,12,,304781,10,0,8,2,10,,304768,10,0,8,2,52,,304827,10,0,8,1,17,,304772,10,0,8,1,23,,304828,10,0,8,1,63,,304773,10,0,8,1,20,,304829,10,0,8,1,20,,304825,10,0,8,2,57,,304774,10,0,8,1,19,,304830,10,0,8,1,22,,304775,10,0,8,1,61,,304831,10,0,8,1,20,,304776,10,0,8,1,16,,304832,10,0,8,1,20,,304777,10,0,8,1,56,,304833,10,0,8,1,19,,304778,10,0,8,1,19,,304834,10,0,8,1,60,,304779,10,0,8,1,21,,304835,10,0,8,1
6403,'H60S000I-81-I',537,,304836,10,0,8,1,72,,304837,10,0,8,1,33,,304838,10,0,8,1,72,,304851,10,0,8,2,31,,304839,10,0,8,1,71,,304852,10,0,8,2,28,,304840,10,0,8,1,63,,304853,10,0,8,2,20,,304841,10,0,8,1,17,,304874,10,0,8,1,56,,304854,10,0,8,2,15,,304842,10,0,8,1,13,,304875,10,0,8,1,13,,304855,10,0,8,2,14,,304843,10,0,8,1,53,,304876,10,0,8,1,15,,304856,10,0,8,2,16,,304844,10,0,8,1,16,,304877,10,0,8,1,57,,304857,10,0,8,2,18,,304845,10,0,8,1,18,,304878,10,0,8,1,56,,304858,10,0,8,2,16,,304889,10,0,8,2,14,,304846,10,0,8,1,13,,304879,10,0,8,1,12,,304859,10,0,8,2,51,,304890,10,0,8,2,11,,304847,10,0,8,1,11,,304880,10,0,8,1,11,,304860,10,0,8,2,11,,304891,10,0,8,2,52,,304848,10,0,8,1,12,,304881,10,0,8,1,12,,304861,10,0,8,2,13,,304892,10,0,8,2,13,,304849,10,0,8,1,53,,304882,10,0,8,1,13,,304862,10,0,8,2,12,,304893,10,0,8,2,12,,304850,10,0,8,1,10,,304883,10,0,8,1,51,,304863,10,0,8,2,10,,304902,10,0,8,1,9,,304898,10,0,8,2,9,,304894,10,0,8,2,8,,304884,10,0,8,1,8,,304864,10,0,8,2,49,,304903,10,0,8,1,11,,304899,10,0,8,2,9,,304895,10,0,8,2,10,,304885,10,0,8,1,13,,304904,10,0,8,1,14,,304900,10,0,8,2,54,,304886,10,0,8,1,13,,304896,10,0,8,2,13,,304905,10,0,8,1,15,,304887,10,0,8,1,56,,304897,10,0,8,2,16,,304906,10,0,8,1,19,,304888,10,0,8,1,58,,304867,10,0,8,1,21,,304907,10,0,8,1,21,,304868,10,0,8,1,62,,304901,10,0,8,2,19,,304908,10,0,8,1,19,,304869,10,0,8,1,59,,304909,10,0,8,1,21,,304870,10,0,8,1,26,,304865,10,0,8,1,63,,304871,10,0,8,1,23,,304866,10,0,8,1,22,,304872,10,0,8,1,74,,304873,10,0,8,1
6403,'H60S000S-83-S',539,,304913,10,0,8,1,71,,304916,10,0,8,1,31,,304952,10,0,8,1,71,,304960,10,0,8,2,32,,304961,10,0,8,1,72,,304949,10,0,8,2,15,,304974,10,0,8,1,15,,304910,10,0,8,1,12,,304964,10,0,8,1,51,,304950,10,0,8,2,10,,304975,10,0,8,1,11,,304911,10,0,8,1,14,,304965,10,0,8,1,57,,304976,10,0,8,1,11,,304912,10,0,8,1,17,,304966,10,0,8,1,16,,304977,10,0,8,1,66,,304967,10,0,8,1,14,,304924,10,0,8,1,15,,304917,10,0,8,1,13,,304953,10,0,8,1,52,,304968,10,0,8,1,10,,304925,10,0,8,1,12,,304918,10,0,8,1,15,,304954,10,0,8,1,15,,304969,10,0,8,1,53,,304926,10,0,8,1,12,,304919,10,0,8,1,11,,304955,10,0,8,1,11,,304970,10,0,8,1,11,,304927,10,0,8,1,50,,304920,10,0,8,1,11,,304956,10,0,8,1,11,,304971,10,0,8,1,12,,304928,10,0,8,1,12,,304921,10,0,8,1,53,,304957,10,0,8,1,11,,304972,10,0,8,1,7,,304935,10,0,8,1,8,,304929,10,0,8,1,12,,304922,10,0,8,1,4,,305000,10,0,8,1,4,,304985,10,0,8,1,5,,304958,10,0,8,1,46,,304979,10,0,8,2,6,,304995,10,0,8,2,7,,305002,10,0,8,2,5,,304973,10,0,8,2,4,,304930,10,0,8,1,5,,304994,10,0,8,2,5,,304951,10,0,8,1,5,,304923,10,0,8,1,5,,304933,10,0,8,1,5,,304959,10,0,8,1,6,,304978,10,0,8,2,5,,304996,10,0,8,2,44,,304914,10,0,8,2,6,,305007,10,0,8,2,6,,304931,10,0,8,1,6,,304937,10,0,8,1,7,,304987,10,0,8,2,7,,304934,10,0,8,1,7,,304932,10,0,8,1,8,,305005,10,0,8,2,5,,304915,10,0,8,2,46,,304936,10,0,8,1,6,,304986,10,0,8,2,7,,304938,10,0,8,1,8,,304948,10,0,8,1,8,,304984,10,0,8,1,9,,305006,10,0,8,2,8,,305004,10,0,8,1,8,,305003,10,0,8,2,47,,304999,10,0,8,2,7,,304939,10,0,8,1,10,,305001,10,0,8,1,12,,304943,10,0,8,1,12,,304941,10,0,8,1,12,,304940,10,0,8,1,52,,304962,10,0,8,1,14,,304944,10,0,8,1,14,,304991,10,0,8,1,14,,304963,10,0,8,1,54,,304980,10,0,8,1,15,,304992,10,0,8,1,18,,304990,10,0,8,1,18,,304981,10,0,8,1,58,,304988,10,0,8,1,16,,304993,10,0,8,1,17,,304982,10,0,8,1,57,,304989,10,0,8,1,18,,304942,10,0,8,1,11,,304983,10,0,8,1,23,,304945,10,0,8,1,63,,304997,10,0,8,2,23,,304946,10,0,8,1,62,,304998,10,0,8,2,32,,304947,10,0,8,1
6403,'H60S100F-80-F1',537,,305015,10,0,8,1,72,,305031,10,0,8,1,33,,305034,10,0,8,2,72,,305049,10,0,8,1,31,,305035,10,0,8,2,71,,305050,10,0,8,1,28,,305036,10,0,8,2,63,,305051,10,0,8,1,20,,305037,10,0,8,2,17,,305016,10,0,8,1,56,,305052,10,0,8,1,15,,305038,10,0,8,2,13,,305017,10,0,8,1,13,,305053,10,0,8,1,14,,305039,10,0,8,2,53,,305018,10,0,8,1,15,,305054,10,0,8,1,16,,305040,10,0,8,2,16,,305019,10,0,8,1,57,,305055,10,0,8,1,18,,305041,10,0,8,2,18,,305020,10,0,8,1,56,,305056,10,0,8,1,16,,305065,10,0,8,2,15,,305042,10,0,8,2,12,,305021,10,0,8,1,12,,305057,10,0,8,1,51,,305066,10,0,8,2,11,,305043,10,0,8,2,11,,305022,10,0,8,1,11,,305058,10,0,8,1,11,,305067,10,0,8,2,52,,305044,10,0,8,2,12,,305023,10,0,8,1,12,,305059,10,0,8,1,13,,305068,10,0,8,2,13,,305045,10,0,8,2,53,,305024,10,0,8,1,13,,305060,10,0,8,1,12,,305069,10,0,8,2,12,,305046,10,0,8,2,10,,305025,10,0,8,1,51,,305061,10,0,8,1,10,,305073,10,0,8,1,9,,305070,10,0,8,2,9,,305047,10,0,8,1,8,,305026,10,0,8,1,8,,305062,10,0,8,1,49,,305074,10,0,8,1,11,,305071,10,0,8,2,9,,305048,10,0,8,1,10,,305027,10,0,8,1,13,,305075,10,0,8,1,14,,305072,10,0,8,2,54,,305028,10,0,8,1,13,,305080,10,0,8,1,13,,305076,10,0,8,1,15,,305029,10,0,8,1,56,,305081,10,0,8,1,16,,305077,10,0,8,1,19,,305030,10,0,8,1,58,,305008,10,0,8,1,21,,305078,10,0,8,1,21,,305009,10,0,8,1,62,,305063,10,0,8,1,19,,305079,10,0,8,1,19,,305010,10,0,8,1,59,,305064,10,0,8,1,21,,305011,10,0,8,1,26,,305032,10,0,8,1,63,,305012,10,0,8,1,23,,305033,10,0,8,1,22,,305013,10,0,8,1,74,,305014,10,0,8,1
6403,'H60S200F-80-F2',537,,305089,10,0,8,1,72,,305105,10,0,8,1,33,,305108,10,0,8,2,72,,305123,10,0,8,1,31,,305109,10,0,8,2,71,,305124,10,0,8,1,28,,305110,10,0,8,2,63,,305125,10,0,8,1,20,,305111,10,0,8,2,17,,305090,10,0,8,1,56,,305126,10,0,8,1,15,,305112,10,0,8,2,13,,305091,10,0,8,1,13,,305127,10,0,8,1,14,,305113,10,0,8,2,53,,305092,10,0,8,1,15,,305128,10,0,8,1,16,,305114,10,0,8,2,16,,305093,10,0,8,1,57,,305129,10,0,8,1,18,,305115,10,0,8,2,18,,305094,10,0,8,1,56,,305130,10,0,8,1,16,,305139,10,0,8,2,15,,305116,10,0,8,2,12,,305095,10,0,8,1,12,,305131,10,0,8,1,51,,305140,10,0,8,2,11,,305117,10,0,8,2,11,,305096,10,0,8,1,11,,305132,10,0,8,1,11,,305141,10,0,8,2,52,,305118,10,0,8,2,12,,305097,10,0,8,1,12,,305133,10,0,8,1,13,,305142,10,0,8,2,13,,305119,10,0,8,2,53,,305098,10,0,8,1,13,,305134,10,0,8,1,12,,305143,10,0,8,2,12,,305120,10,0,8,2,10,,305099,10,0,8,1,51,,305135,10,0,8,1,10,,305147,10,0,8,1,9,,305144,10,0,8,2,9,,305121,10,0,8,1,8,,305100,10,0,8,1,8,,305136,10,0,8,1,49,,305148,10,0,8,1,11,,305145,10,0,8,2,9,,305122,10,0,8,1,10,,305101,10,0,8,1,13,,305149,10,0,8,1,14,,305146,10,0,8,2,54,,305102,10,0,8,1,13,,305154,10,0,8,1,13,,305150,10,0,8,1,15,,305103,10,0,8,1,56,,305155,10,0,8,1,16,,305151,10,0,8,1,19,,305104,10,0,8,1,58,,305082,10,0,8,1,21,,305152,10,0,8,1,21,,305083,10,0,8,1,62,,305137,10,0,8,1,19,,305153,10,0,8,1,19,,305084,10,0,8,1,59,,305138,10,0,8,1,21,,305085,10,0,8,1,26,,305106,10,0,8,1,63,,305086,10,0,8,1,23,,305107,10,0,8,1,22,,305087,10,0,8,1,74,,305088,10,0,8,1
38202,'H60S000A-80-A',2601,,347374,21,0,10,1,45,,347376,21,0,10,1,85,,347373,21,0,10,1,85,,347375,21,0,10,1
38202,'H60S000I-81-I',2601,,347379,21,0,10,1,45,,347378,21,0,10,1,85,,347377,21,0,10,1,85,,347380,21,0,10,1
38202,'H60S000S-83-S',2601,,347381,21,0,10,2,45,,347384,21,0,10,1,85,,347382,21,0,10,1,85,,347383,21,0,10,1
38202,'H60S100F-80-F1',2601,,347387,21,0,10,1,45,,347385,21,0,10,1,85,,347386,21,0,10,2,85,,347388,21,0,10,1
38202,'H60S200F-80-F2',2601,,347391,21,0,10,1,45,,347389,21,0,10,1,85,,347390,21,0,10,2,85,,347392,21,0,10,1
