20201,'H50S000S-82-S',746,,340035,14,0,5,1,868,,340034,14,0,5,1,45,,340033,14,0,5,1
20201,'H60S000A-80-A',641,,340047,54,0,5,1,71,,340036,54,0,5,1,30,,340048,54,0,5,1,71,,340061,54,0,5,1,32,,340064,54,0,5,1,66,,340058,54,0,5,1,29,,340037,54,0,5,1,74,,340049,54,0,5,1,31,,340062,54,0,5,1,69,,340065,54,0,5,1,30,,340059,54,0,5,1,70,,340038,54,0,5,1,27,,340050,54,0,5,1,65,,340044,54,0,5,1,23,,340070,54,0,5,1,24,,340066,54,0,5,1,63,,340043,54,0,5,1,23,,340063,54,0,5,1,62,,340039,54,0,5,1,23,,340051,54,0,5,1,23,,340045,54,0,5,1,62,,340071,54,0,5,1,20,,340067,54,0,5,1,17,,340054,54,0,5,2,57,,340074,54,0,5,1,21,,340068,54,0,5,2,23,,340040,54,0,5,1,61,,340052,54,0,5,1,21,,340046,54,0,5,1,22,,340072,54,0,5,1,67,,340055,54,0,5,2,30,,340075,54,0,5,1,69,,340041,54,0,5,1,28,,340053,54,0,5,1,70,,340073,54,0,5,1,29,,340056,54,0,5,2,67,,340076,54,0,5,1,31,,340042,54,0,5,1,70,,340060,54,0,5,2,30,,340069,54,0,5,1,70,,340057,54,0,5,2,29,,340077,54,0,5,1
20201,'H60S000I-81-I',742,,340092,54,0,5,1,71,,340101,54,0,5,1,32,,340109,54,0,5,1,71,,340111,54,0,5,1,33,,340099,54,0,5,1,73,,340093,54,0,5,1,33,,340102,54,0,5,1,69,,340110,54,0,5,1,30,,340112,54,0,5,1,70,,340100,54,0,5,1,31,,340094,54,0,5,1,70,,340103,54,0,5,1,32,,340080,54,0,5,1,70,,340085,54,0,5,1,73,,340097,54,0,5,1,33,,340095,54,0,5,1,69,,340104,54,0,5,1,32,,340081,54,0,5,1,70,,340086,54,0,5,1,30,,340098,54,0,5,1,73,,340096,54,0,5,1,31,,340105,54,0,5,1,73,,340082,54,0,5,1,31,,340087,54,0,5,1,68,,340078,54,0,5,1,29,,340108,54,0,5,1,68,,340106,54,0,5,1,30,,340083,54,0,5,1,67,,340088,54,0,5,1,27,,340090,54,0,5,1,27,,340079,54,0,5,1,68,,340107,54,0,5,1,27,,340084,54,0,5,1,69,,340089,54,0,5,1,29,,340091,54,0,5,1
20201,'H60S000S-83-S',629,,340125,54,0,5,1,29,,340137,54,0,5,2,61,,340129,14,0,5,1,6,,340136,54,0,5,2,18,,340114,54,0,5,1,69,,340133,54,0,5,1,33,,340138,54,0,5,1,70,,340122,54,0,5,1,29,,340126,54,0,5,1,67,,340130,54,0,5,1,17,,340121,54,0,5,1,19,,340115,54,0,5,1,62,,340134,54,0,5,1,26,,340139,54,0,5,1,67,,340123,54,0,5,1,31,,340127,54,0,5,1,75,,340131,54,0,5,1,29,,340116,54,0,5,1,67,,340135,54,0,5,1,36,,340140,54,0,5,1,9,,340124,54,0,5,1,60,,340148,14,0,5,2,16,,340128,54,0,5,1,25,,340144,54,0,5,1,65,,340132,54,0,5,1,6,,340154,14,0,5,1,7,,340155,14,0,5,2,14,,340117,54,0,5,1,70,,340156,54,0,5,1,22,,340113,14,0,5,1,11,,340141,54,0,5,1,70,,340149,54,0,5,2,29,,340145,54,0,5,1,71,,340152,54,0,5,1,27,,340118,54,0,5,1,68,,340157,54,0,5,1,27,,340142,54,0,5,1,70,,340150,54,0,5,2,25,,340146,54,0,5,1,22,,340153,54,0,5,1,60,,340119,54,0,5,1,30,,340158,54,0,5,1,70,,340143,54,0,5,1,28,,340151,54,0,5,2,68,,340147,54,0,5,1,32,,340120,54,0,5,1
20201,'H60S100F-80-F1',742,,340179,54,0,5,1,71,,340182,54,0,5,2,32,,340185,54,0,5,1,71,,340183,54,0,5,1,33,,340159,54,0,5,1,73,,340164,54,0,5,2,33,,340168,54,0,5,1,69,,340180,54,0,5,1,30,,340184,54,0,5,1,70,,340160,54,0,5,1,31,,340165,54,0,5,2,70,,340169,54,0,5,1,32,,340186,54,0,5,1,70,,340174,54,0,5,2,73,,340181,54,0,5,1,33,,340166,54,0,5,2,69,,340170,54,0,5,1,32,,340187,54,0,5,1,70,,340175,54,0,5,2,30,,340191,54,0,5,1,73,,340167,54,0,5,2,31,,340171,54,0,5,1,73,,340188,54,0,5,1,31,,340176,54,0,5,2,68,,340161,54,0,5,1,29,,340192,54,0,5,2,68,,340172,54,0,5,1,30,,340189,54,0,5,1,67,,340177,54,0,5,2,27,,340162,54,0,5,1,27,,340193,54,0,5,2,68,,340173,54,0,5,1,27,,340190,54,0,5,1,69,,340178,54,0,5,2,29,,340163,54,0,5,1
20201,'H60S200F-80-F2',742,,340214,54,0,5,1,71,,340217,54,0,5,2,32,,340220,54,0,5,1,71,,340218,54,0,5,1,33,,340194,54,0,5,1,73,,340199,54,0,5,2,33,,340203,54,0,5,1,69,,340215,54,0,5,1,30,,340219,54,0,5,1,70,,340195,54,0,5,1,31,,340200,54,0,5,2,70,,340204,54,0,5,1,32,,340221,54,0,5,1,70,,340209,54,0,5,2,73,,340216,54,0,5,1,33,,340201,54,0,5,2,69,,340205,54,0,5,1,32,,340222,54,0,5,1,70,,340210,54,0,5,2,30,,340226,54,0,5,1,73,,340202,54,0,5,2,31,,340206,54,0,5,1,73,,340223,54,0,5,1,31,,340211,54,0,5,2,68,,340196,54,0,5,1,29,,340227,54,0,5,2,68,,340207,54,0,5,1,30,,340224,54,0,5,1,67,,340212,54,0,5,2,27,,340197,54,0,5,1,27,,340228,54,0,5,2,68,,340208,54,0,5,1,27,,340225,54,0,5,1,69,,340213,54,0,5,2,29,,340198,54,0,5,1
37801,'H60S000A-80-A',2538,,347259,15,0,5,1,90,,347256,15,0,5,1,92,,347257,15,0,5,1,92,,347258,15,0,5,1
37801,'H60S000I-81-I',2537,,347261,15,0,5,1,90,,347263,15,0,5,1,91,,347260,15,0,5,1,93,,347262,15,0,5,1
37801,'H60S000S-83-S',2537,,347266,15,0,5,1,91,,347264,15,0,5,1,97,,347267,15,0,5,1,90,,347265,15,0,5,1
37801,'H60S100F-80-F1',2537,,347268,15,0,5,1,90,,347271,15,0,5,1,91,,347270,15,0,5,1,93,,347269,15,0,5,1
37801,'H60S200F-80-F2',2537,,347272,15,0,5,1,90,,347275,15,0,5,1,91,,347274,15,0,5,1,93,,347273,15,0,5,1
46001,'H50S000S-82-S',1451,,349272,11,0,99 30,2,187,,349273,11,0,99 30,2
46001,'H58S000S-83-S',543,,349276,11,0,99 30,2,101,,349274,11,0,99 30,2,68,,349277,11,0,99 30,1,14,,349278,11,0,99 30,1,31,,349280,11,0,99 30,2,71,,349281,11,0,99 30,2,28,,349282,11,0,99 30,1,62,,349275,11,0,99 30,2,30,,349283,11,0,99 30,2,557,,349286,11,0,99 30,1,10,,349288,11,0,99 30,1,10,,349291,11,0,99 30,2,10,,349293,11,0,99 30,2,9,,349296,11,0,99 30,2,10,,349298,11,0,99 30,2,49,,349299,11,0,99 30,2,9,,349300,11,0,99 30,2,8,,349295,11,0,99 30,2,9,,349302,11,0,99 30,1,16,,349284,11,0,99 30,1,9,,349290,11,0,99 30,2,47,,349292,11,0,99 30,1,14,,349279,11,0,99 30,1,16,,349297,11,0,99 30,2,22,,349289,11,0,99 30,2,86,,349287,11,0,99 30,1,63,,349294,11,0,99 30,2,20,,349301,11,0,99 30,2,21,,349285,11,0,99 30,1
46001,'H58S100F-80-F1',543,,349309,11,0,99 30,1,70,,349312,11,0,99 30,2,31,,349305,11,0,99 30,1,64,,349308,11,0,99 30,2,18,,349311,11,0,99 30,2,31,,349313,11,0,99 30,2,71,,349315,11,0,99 30,1,28,,349314,11,0,99 30,2,62,,349310,11,0,99 30,1,30,,349306,11,0,99 30,1,503,,349317,11,0,99 30,1,70,,349319,11,0,99 30,2,25,,349322,11,0,99 30,2,65,,349323,11,0,99 30,2,25,,349303,11,0,99 30,1,65,,349321,11,0,99 30,2,26,,349307,11,0,99 30,2,29,,349316,11,0,99 30,1,70,,349318,11,0,99 30,1,30,,349320,11,0,99 30,2,69,,349324,11,0,99 30,2,18,,349304,11,0,99 30,1
46001,'H58S200F-80-F2',543,,349343,11,0,99 30,1,70,,349335,11,0,99 30,2,31,,349326,11,0,99 30,1,64,,349333,11,0,99 30,2,18,,349334,11,0,99 30,2,31,,349336,11,0,99 30,2,71,,349328,11,0,99 30,1,28,,349337,11,0,99 30,2,62,,349344,11,0,99 30,1,30,,349327,11,0,99 30,1,503,,349338,11,0,99 30,1,70,,349340,11,0,99 30,2,25,,349331,11,0,99 30,2,65,,349345,11,0,99 30,2,25,,349329,11,0,99 30,1,65,,349342,11,0,99 30,2,26,,349325,11,0,99 30,2,29,,349332,11,0,99 30,1,70,,349339,11,0,99 30,1,30,,349341,11,0,99 30,2,69,,349346,11,0,99 30,2,18,,349330,11,0,99 30,1
46001,'H59S000S-80-S',1816,,349347,11,0,99 30,2
46001,'H60S000S-83-S',613,,349348,11,0,99 30,2
