11001,'H56S000A-80-A',451,,318786,3,0,5,1,70,,318791,3,0,5,1,29,,318796,3,0,5,1,68,,318823,3,0,5,1,29,,318787,3,0,5,1,69,,318792,3,0,5,1,31,,318797,3,0,5,1,70,,318824,3,0,5,1,31,,318788,3,0,5,1,72,,318793,3,0,5,1,33,,318798,3,0,5,1,73,,318825,3,0,5,1,31,,318789,3,0,5,1,72,,318794,3,0,5,1,71,,318785,3,0,5,1,31,,318795,3,0,5,1,26,,318799,3,0,5,1,66,,318804,3,0,5,1,26,,318810,3,0,5,1,69,,318818,3,0,5,1,30,,318815,3,0,5,1,70,,318800,3,0,5,1,30,,318805,3,0,5,1,69,,318811,3,0,5,1,29,,318819,3,0,5,1,69,,318816,3,0,5,1,27,,318801,3,0,5,1,66,,318806,3,0,5,1,27,,318812,3,0,5,1,67,,318820,3,0,5,1,27,,318817,3,0,5,1,30,,318802,3,0,5,1,70,,318807,3,0,5,1,71,,318813,3,0,5,1,32,,318821,3,0,5,1,69,,318803,3,0,5,1,28,,318808,3,0,5,1,30,,318814,3,0,5,1,68,,318784,3,0,5,1,27,,318826,3,0,5,1,66,,318809,3,0,5,1,28,,318822,3,0,5,1,68,,318790,3,0,5,1
11001,'H56S000I-80-I',521,,318830,3,0,5,1,29,,318861,3,0,5,1,69,,318864,3,0,5,1,29,,318837,3,0,5,1,70,,318831,3,0,5,1,29,,318862,3,0,5,1,73,,318865,3,0,5,1,29,,318838,3,0,5,1,72,,318832,3,0,5,1,33,,318863,3,0,5,1,72,,318866,3,0,5,1,32,,318839,3,0,5,1,70,,318833,3,0,5,1,31,,318836,3,0,5,1,71,,318867,3,0,5,1,70,,318835,3,0,5,1,26,,318852,3,0,5,1,26,,318858,3,0,5,1,66,,318855,3,0,5,1,27,,318840,3,0,5,1,71,,318845,3,0,5,1,31,,318853,3,0,5,1,68,,318859,3,0,5,1,27,,318856,3,0,5,1,68,,318841,3,0,5,1,29,,318846,3,0,5,1,68,,318854,3,0,5,1,27,,318860,3,0,5,1,68,,318857,3,0,5,1,29,,318842,3,0,5,1,69,,318847,3,0,5,1,30,,318834,3,0,5,1,70,,318827,3,0,5,1,30,,318843,3,0,5,1,70,,318848,3,0,5,1,29,,318850,3,0,5,1,29,,318828,3,0,5,1,69,,318844,3,0,5,1,28,,318849,3,0,5,1,67,,318851,3,0,5,1,27,,318829,3,0,5,1
11001,'H56S000S-82-S',427,,318868,3,0,5,1,75,,318877,3,0,5,1,27,,318905,3,0,5,1,28,,318894,3,0,5,1,71,,318869,3,0,5,1,20,,318906,3,0,5,1,58,,318878,3,0,5,1,18,,318886,3,0,5,1,14,,318900,3,0,5,1,66,,318887,3,0,5,1,31,,318895,3,0,5,1,72,,318870,3,0,5,1,31,,318879,3,0,5,1,72,,318901,3,0,5,1,32,,318888,3,0,5,1,73,,318896,3,0,5,1,33,,318871,3,0,5,1,72,,318880,3,0,5,1,34,,318902,3,0,5,1,68,,318889,3,0,5,1,28,,318897,3,0,5,1,68,,318872,3,0,5,1,23,,318881,3,0,5,1,63,,318893,3,0,5,1,20,,318899,3,0,5,1,32,,318890,3,0,5,1,71,,318898,3,0,5,1,32,,318873,3,0,5,1,73,,318882,3,0,5,1,72,,318907,3,0,5,1,29,,318891,3,0,5,1,69,,318903,3,0,5,1,27,,318874,3,0,5,1,28,,318883,3,0,5,1,67,,318908,3,0,5,1,26,,318892,3,0,5,1,67,,318904,3,0,5,1,27,,318875,3,0,5,1,68,,318884,3,0,5,1,29,,318909,3,0,5,1,70,,318911,3,0,5,1,32,,318876,3,0,5,1,72,,318885,3,0,5,1,26,,318910,3,0,5,1
11001,'H56S100F-80-F1',521,,318915,3,0,5,1,29,,318946,3,0,5,1,69,,318949,3,0,5,1,29,,318922,3,0,5,1,70,,318916,3,0,5,1,29,,318947,3,0,5,1,73,,318950,3,0,5,1,29,,318923,3,0,5,1,72,,318917,3,0,5,1,33,,318948,3,0,5,1,72,,318951,3,0,5,1,32,,318924,3,0,5,1,70,,318918,3,0,5,1,31,,318921,3,0,5,1,71,,318952,3,0,5,1,70,,318920,3,0,5,1,26,,318937,3,0,5,1,26,,318943,3,0,5,1,66,,318940,3,0,5,1,27,,318925,3,0,5,1,71,,318930,3,0,5,1,31,,318938,3,0,5,1,68,,318944,3,0,5,1,27,,318941,3,0,5,1,68,,318926,3,0,5,1,29,,318931,3,0,5,1,68,,318939,3,0,5,1,27,,318945,3,0,5,1,68,,318942,3,0,5,1,29,,318927,3,0,5,1,69,,318932,3,0,5,1,30,,318919,3,0,5,1,70,,318912,3,0,5,1,30,,318928,3,0,5,1,70,,318933,3,0,5,1,29,,318935,3,0,5,1,29,,318913,3,0,5,1,69,,318929,3,0,5,1,28,,318934,3,0,5,1,67,,318936,3,0,5,1,27,,318914,3,0,5,1
11001,'H56S200F-80-F2',521,,318956,3,0,5,1,29,,318987,3,0,5,1,69,,318990,3,0,5,1,29,,318963,3,0,5,1,70,,318957,3,0,5,1,29,,318988,3,0,5,1,73,,318991,3,0,5,1,29,,318964,3,0,5,1,72,,318958,3,0,5,1,33,,318989,3,0,5,1,72,,318992,3,0,5,1,32,,318965,3,0,5,1,70,,318959,3,0,5,1,31,,318962,3,0,5,1,71,,318993,3,0,5,1,70,,318961,3,0,5,1,26,,318978,3,0,5,1,26,,318984,3,0,5,1,66,,318981,3,0,5,1,27,,318966,3,0,5,1,71,,318971,3,0,5,1,31,,318979,3,0,5,1,68,,318985,3,0,5,1,27,,318982,3,0,5,1,68,,318967,3,0,5,1,29,,318972,3,0,5,1,68,,318980,3,0,5,1,27,,318986,3,0,5,1,68,,318983,3,0,5,1,29,,318968,3,0,5,1,69,,318973,3,0,5,1,30,,318960,3,0,5,1,70,,318953,3,0,5,1,30,,318969,3,0,5,1,70,,318974,3,0,5,1,29,,318976,3,0,5,1,29,,318954,3,0,5,1,69,,318970,3,0,5,1,28,,318975,3,0,5,1,67,,318977,3,0,5,1,27,,318955,3,0,5,1
19502,'H56S000A-80-A',610,,338073,39,0,10,2,32,,338072,39,0,10,1,71,,338084,39,0,10,2,31,,338088,39,0,10,1,71,,338074,39,0,10,2,33,,338103,39,0,10,1,71,,338085,39,0,10,2,32,,338089,39,0,10,1,70,,338075,39,0,10,2,31,,338104,39,0,10,1,71,,338086,39,0,10,2,31,,338090,39,0,10,1,73,,338076,39,0,10,2,30,,338105,39,0,10,1,70,,338087,39,0,10,2,32,,338091,39,0,10,1,71,,338077,39,0,10,2,71,,338106,39,0,10,1,31,,338098,39,0,10,2,71,,338092,39,0,10,1,31,,338078,39,0,10,2,71,,338107,39,0,10,1,31,,338099,39,0,10,2,69,,338093,39,0,10,1,28,,338079,39,0,10,2,70,,338108,39,0,10,1,27,,338100,39,0,10,2,27,,338094,39,0,10,1,69,,338080,39,0,10,2,29,,338109,39,0,10,1,70,,338101,39,0,10,2,30,,338095,39,0,10,1,69,,338081,39,0,10,2,29,,338110,39,0,10,1,67,,338102,39,0,10,2,30,,338096,39,0,10,1,70,,338082,39,0,10,2,29,,338111,39,0,10,1,68,,338113,39,0,10,2,29,,338097,39,0,10,1,69,,338083,39,0,10,2,29,,338112,39,0,10,1
19502,'H56S000I-80-I',610,,338114,39,0,10,2,32,,338116,39,0,10,1,71,,338126,39,0,10,2,31,,338134,39,0,10,1,71,,338115,39,0,10,2,31,,338117,39,0,10,1,70,,338127,39,0,10,2,32,,338135,39,0,10,1,71,,338144,39,0,10,2,31,,338118,39,0,10,1,73,,338128,39,0,10,2,29,,338136,39,0,10,1,70,,338145,39,0,10,2,30,,338119,39,0,10,1,70,,338129,39,0,10,2,31,,338139,39,0,10,1,71,,338146,39,0,10,2,30,,338120,39,0,10,1,70,,338130,39,0,10,2,30,,338140,39,0,10,1,70,,338147,39,0,10,2,31,,338121,39,0,10,1,70,,338131,39,0,10,2,30,,338141,39,0,10,1,70,,338148,39,0,10,2,28,,338122,39,0,10,1,70,,338132,39,0,10,2,29,,338142,39,0,10,1,67,,338149,39,0,10,2,30,,338123,39,0,10,1,70,,338133,39,0,10,2,30,,338143,39,0,10,1,70,,338150,39,0,10,2,30,,338124,39,0,10,1,70,,338137,39,0,10,1,30,,338153,39,0,10,1,70,,338151,39,0,10,2,29,,338125,39,0,10,1,69,,338138,39,0,10,1,29,,338154,39,0,10,1,68,,338152,39,0,10,2
19502,'H56S000S-82-S',545,,338173,39,0,10,1,69,,338172,39,0,10,2,33,,338162,39,0,10,1,66,,338161,39,0,10,2,30,,338174,39,0,10,1,65,,338182,39,0,10,1,15,,338186,39,0,10,2,15,,338194,39,0,10,2,3,,338155,39,0,10,1,63,,338163,39,0,10,1,21,,338156,39,0,10,1,24,,338175,39,0,10,1,70,,338183,39,0,10,1,30,,338187,39,0,10,2,71,,338164,39,0,10,1,31,,338176,39,0,10,1,71,,338184,39,0,10,1,32,,338188,39,0,10,2,71,,338165,39,0,10,1,30,,338177,39,0,10,1,70,,338185,39,0,10,1,30,,338189,39,0,10,2,70,,338166,39,0,10,1,29,,338195,39,0,10,2,71,,338158,39,0,10,2,30,,338157,39,0,10,1,71,,338190,39,0,10,2,30,,338167,39,0,10,1,73,,338196,39,0,10,2,30,,338178,39,0,10,1,70,,338191,39,0,10,2,29,,338168,39,0,10,1,68,,338197,39,0,10,2,28,,338179,39,0,10,1,69,,338192,39,0,10,2,30,,338169,39,0,10,1,69,,338198,39,0,10,2,28,,338180,39,0,10,1,68,,338193,39,0,10,2,30,,338170,39,0,10,1,70,,338159,39,0,10,1,29,,338181,39,0,10,1,69,,338199,39,0,10,2,29,,338171,39,0,10,1,69,,338160,39,0,10,1
19502,'H56S100F-80-F1',610,,338200,39,0,10,2,32,,338202,39,0,10,1,71,,338212,39,0,10,2,31,,338220,39,0,10,1,71,,338201,39,0,10,2,31,,338203,39,0,10,1,70,,338213,39,0,10,2,32,,338221,39,0,10,1,71,,338230,39,0,10,2,31,,338204,39,0,10,1,73,,338214,39,0,10,2,29,,338222,39,0,10,1,70,,338231,39,0,10,2,30,,338205,39,0,10,1,70,,338215,39,0,10,2,31,,338225,39,0,10,1,71,,338232,39,0,10,2,30,,338206,39,0,10,1,70,,338216,39,0,10,2,30,,338226,39,0,10,1,70,,338233,39,0,10,2,31,,338207,39,0,10,1,70,,338217,39,0,10,2,30,,338227,39,0,10,1,70,,338234,39,0,10,2,28,,338208,39,0,10,1,70,,338218,39,0,10,2,29,,338228,39,0,10,1,67,,338235,39,0,10,2,30,,338209,39,0,10,1,70,,338219,39,0,10,2,30,,338229,39,0,10,1,70,,338236,39,0,10,2,30,,338210,39,0,10,1,70,,338223,39,0,10,1,30,,338239,39,0,10,1,70,,338237,39,0,10,2,29,,338211,39,0,10,1,69,,338224,39,0,10,1,29,,338240,39,0,10,1,68,,338238,39,0,10,2
19502,'H56S200F-80-F2',610,,338241,39,0,10,2,32,,338243,39,0,10,1,71,,338253,39,0,10,2,31,,338261,39,0,10,1,71,,338242,39,0,10,2,31,,338244,39,0,10,1,70,,338254,39,0,10,2,32,,338262,39,0,10,1,71,,338271,39,0,10,2,31,,338245,39,0,10,1,73,,338255,39,0,10,2,29,,338263,39,0,10,1,70,,338272,39,0,10,2,30,,338246,39,0,10,1,70,,338256,39,0,10,2,31,,338266,39,0,10,1,71,,338273,39,0,10,2,30,,338247,39,0,10,1,70,,338257,39,0,10,2,30,,338267,39,0,10,1,70,,338274,39,0,10,2,31,,338248,39,0,10,1,70,,338258,39,0,10,2,30,,338268,39,0,10,1,70,,338275,39,0,10,2,28,,338249,39,0,10,1,70,,338259,39,0,10,2,29,,338269,39,0,10,1,67,,338276,39,0,10,2,30,,338250,39,0,10,1,70,,338260,39,0,10,2,30,,338270,39,0,10,1,70,,338277,39,0,10,2,30,,338251,39,0,10,1,70,,338264,39,0,10,1,30,,338280,39,0,10,1,70,,338278,39,0,10,2,29,,338252,39,0,10,1,69,,338265,39,0,10,1,29,,338281,39,0,10,1,68,,338279,39,0,10,2
19801,'H56S000A-80-A',440,,339055,22,0,5,1,71,,339080,22,0,5,2,31,,339054,22,0,5,1,71,,339058,22,0,5,1,33,,339056,22,0,5,1,72,,339081,22,0,5,2,33,,339073,22,0,5,1,74,,339059,22,0,5,1,32,,339066,22,0,5,2,70,,339088,22,0,5,1,31,,339082,22,0,5,2,70,,339074,22,0,5,1,30,,339060,22,0,5,1,69,,339067,22,0,5,2,30,,339089,22,0,5,1,69,,339083,22,0,5,2,30,,339075,22,0,5,1,70,,339061,22,0,5,1,30,,339068,22,0,5,2,72,,339090,22,0,5,1,30,,339084,22,0,5,2,68,,339076,22,0,5,1,29,,339062,22,0,5,1,70,,339069,22,0,5,2,29,,339091,22,0,5,2,70,,339085,22,0,5,1,31,,339077,22,0,5,1,70,,339063,22,0,5,1,27,,339070,22,0,5,2,69,,339092,22,0,5,2,30,,339086,22,0,5,1,69,,339078,22,0,5,1,29,,339064,22,0,5,1,68,,339071,22,0,5,2,28,,339093,22,0,5,2,69,,339087,22,0,5,1,29,,339079,22,0,5,1,71,,339065,22,0,5,1,31,,339072,22,0,5,2,70,,339094,22,0,5,2,30,,339057,22,0,5,1
19801,'H56S000I-80-I',441,,339113,22,0,5,2,72,,339100,22,0,5,1,33,,339097,22,0,5,2,73,,339095,22,0,5,1,34,,339114,22,0,5,2,71,,339101,22,0,5,1,31,,339126,22,0,5,1,71,,339106,22,0,5,2,31,,339096,22,0,5,1,73,,339115,22,0,5,2,70,,339102,22,0,5,1,30,,339127,22,0,5,1,25,,339099,22,0,5,1,64,,339107,22,0,5,2,29,,339128,22,0,5,1,70,,339116,22,0,5,2,30,,339117,22,0,5,1,70,,339121,22,0,5,1,31,,339108,22,0,5,2,70,,339129,22,0,5,1,28,,339103,22,0,5,1,69,,339118,22,0,5,1,31,,339122,22,0,5,1,72,,339109,22,0,5,2,31,,339130,22,0,5,1,70,,339104,22,0,5,1,30,,339119,22,0,5,1,70,,339123,22,0,5,1,29,,339110,22,0,5,2,69,,339131,22,0,5,1,29,,339105,22,0,5,1,69,,339120,22,0,5,1,30,,339124,22,0,5,1,70,,339111,22,0,5,2,30,,339132,22,0,5,1,70,,339134,22,0,5,1,30,,339133,22,0,5,1,69,,339125,22,0,5,1,30,,339112,22,0,5,2,70,,339098,22,0,5,2,30,,339135,22,0,5,1
19801,'H56S000S-82-S',516,,339140,22,0,5,1,30,,339136,22,0,5,1,68,,339166,22,0,5,2,19,,339149,22,0,5,2,17,,339158,22,0,5,1,59,,339141,22,0,5,2,31,,339145,22,0,5,2,18,,339150,22,0,5,2,62,,339162,22,0,5,1,20,,339171,22,0,5,2,61,,339167,22,0,5,2,28,,339159,22,0,5,1,29,,339172,22,0,5,2,68,,339146,22,0,5,2,30,,339163,22,0,5,1,70,,339168,22,0,5,2,29,,339160,22,0,5,1,68,,339173,22,0,5,2,31,,339147,22,0,5,2,72,,339164,22,0,5,1,31,,339169,22,0,5,2,70,,339161,22,0,5,1,30,,339174,22,0,5,2,73,,339148,22,0,5,2,27,,339137,22,0,5,1,69,,339155,22,0,5,2,18,,339170,22,0,5,2,3,,339165,24,0,5,1,10,,339177,22,0,5,2,69,,339151,22,0,5,1,28,,339142,22,0,5,1,67,,339181,22,0,5,1,26,,339138,22,0,5,1,69,,339156,22,0,5,2,29,,339178,22,0,5,2,68,,339152,22,0,5,1,27,,339143,22,0,5,1,67,,339182,22,0,5,1,28,,339175,22,0,5,2,67,,339157,22,0,5,2,27,,339179,22,0,5,2,25,,339153,22,0,5,1,67,,339144,22,0,5,1,28,,339139,22,0,5,1,67,,339176,22,0,5,2,29,,339180,22,0,5,2,70,,339154,22,0,5,1
19801,'H56S100F-80-F1',441,,339201,22,0,5,2,72,,339188,22,0,5,1,33,,339185,22,0,5,2,73,,339183,22,0,5,1,34,,339202,22,0,5,2,71,,339189,22,0,5,1,31,,339214,22,0,5,1,71,,339194,22,0,5,2,31,,339184,22,0,5,1,73,,339203,22,0,5,2,70,,339190,22,0,5,1,30,,339215,22,0,5,1,25,,339187,22,0,5,1,64,,339195,22,0,5,2,29,,339216,22,0,5,1,70,,339204,22,0,5,2,30,,339205,22,0,5,1,70,,339209,22,0,5,1,31,,339196,22,0,5,2,70,,339217,22,0,5,1,28,,339191,22,0,5,1,69,,339206,22,0,5,1,31,,339210,22,0,5,1,72,,339197,22,0,5,2,31,,339218,22,0,5,1,70,,339192,22,0,5,1,30,,339207,22,0,5,1,70,,339211,22,0,5,1,29,,339198,22,0,5,2,69,,339219,22,0,5,1,29,,339193,22,0,5,1,69,,339208,22,0,5,1,30,,339212,22,0,5,1,70,,339199,22,0,5,2,30,,339220,22,0,5,1,70,,339222,22,0,5,1,30,,339221,22,0,5,1,69,,339213,22,0,5,1,30,,339200,22,0,5,2,70,,339186,22,0,5,2,30,,339223,22,0,5,1
19801,'H56S200F-80-F2',441,,339242,22,0,5,2,72,,339229,22,0,5,1,33,,339226,22,0,5,2,73,,339224,22,0,5,1,34,,339243,22,0,5,2,71,,339230,22,0,5,1,31,,339255,22,0,5,1,71,,339235,22,0,5,2,31,,339225,22,0,5,1,73,,339244,22,0,5,2,70,,339231,22,0,5,1,30,,339256,22,0,5,1,25,,339228,22,0,5,1,64,,339236,22,0,5,2,29,,339257,22,0,5,1,70,,339245,22,0,5,2,30,,339246,22,0,5,1,70,,339250,22,0,5,1,31,,339237,22,0,5,2,70,,339258,22,0,5,1,28,,339232,22,0,5,1,69,,339247,22,0,5,1,31,,339251,22,0,5,1,72,,339238,22,0,5,2,31,,339259,22,0,5,1,70,,339233,22,0,5,1,30,,339248,22,0,5,1,70,,339252,22,0,5,1,29,,339239,22,0,5,2,69,,339260,22,0,5,1,29,,339234,22,0,5,1,69,,339249,22,0,5,1,30,,339253,22,0,5,1,70,,339240,22,0,5,2,30,,339261,22,0,5,1,70,,339263,22,0,5,1,30,,339262,22,0,5,1,69,,339254,22,0,5,1,30,,339241,22,0,5,2,70,,339227,22,0,5,2,30,,339264,22,0,5,1
49101,'H56S000S-82-S',546,,350481,2,0,5,2,55,,350468,2,0,5,1,17,,350485,2,0,5,1,17,,350471,2,0,5,1,17,,350482,2,0,5,2,55,,350470,2,0,5,1,11,,350474,2,0,5,1,11,,350486,2,0,5,1,11,,350478,2,0,5,1,12,,350487,2,0,5,1,56,,350483,2,0,5,2,17,,350476,2,0,5,1,17,,350475,2,0,5,1,16,,350472,2,0,5,1,57,,350488,2,0,5,1,23,,350477,2,0,5,1,70,,350473,2,0,5,1,30,,350489,2,0,5,1,70,,350500,2,0,5,1,30,,350494,2,0,5,2,70,,350490,2,0,5,1,30,,350501,2,0,5,1,70,,350495,2,0,5,2,30,,350491,2,0,5,1,69,,350502,2,0,5,1,28,,350496,2,0,5,2,68,,350492,2,0,5,1,28,,350503,2,0,5,1,28,,350469,2,0,5,1,66,,350493,2,0,5,1,25,,350465,2,0,5,1,66,,350497,2,0,5,2,26,,350484,2,0,5,2,69,,350466,2,0,5,1,28,,350498,2,0,5,2,70,,350479,2,0,5,2,28,,350467,2,0,5,1,67,,350499,2,0,5,2,28,,350480,2,0,5,2
