8602,'H54S000A-80-A',519,,311151,43,0,10,1,34,,311159,43,0,10,2,74,,311166,43,0,10,2,32,,311178,43,0,10,1,72,,311172,43,0,10,2,72,,311152,43,0,10,1,32,,311160,43,0,10,2,75,,311167,43,0,10,2,33,,311179,43,0,10,1,73,,311173,43,0,10,2,33,,311153,43,0,10,1,73,,311161,43,0,10,2,33,,311168,43,0,10,2,73,,311180,43,0,10,1,74,,311174,43,0,10,2,34,,311154,43,0,10,1,73,,311162,43,0,10,2,33,,311169,43,0,10,2,72,,311181,43,0,10,1,33,,311175,43,0,10,2,73,,311155,43,0,10,1,33,,311163,43,0,10,2,71,,311170,43,0,10,2,33,,311182,43,0,10,1,73,,311176,43,0,10,2,73,,311156,43,0,10,1,33,,311164,43,0,10,2,72,,311171,43,0,10,2,32,,311183,43,0,10,1,72,,311177,43,0,10,2,31,,311157,43,0,10,1,70,,311165,43,0,10,2,29,,311186,43,0,10,2,70,,311184,43,0,10,1,30,,311188,43,0,10,1,72,,311158,43,0,10,1,32,,311150,43,0,10,1,72,,311187,43,0,10,2,29,,311185,43,0,10,1
8602,'H54S000I-80-I',513,,311211,43,0,10,2,31,,311192,43,0,10,1,73,,311198,43,0,10,2,33,,311219,43,0,10,1,75,,311212,43,0,10,2,33,,311193,43,0,10,1,73,,311199,43,0,10,2,71,,311206,43,0,10,1,33,,311220,43,0,10,1,73,,311213,43,0,10,2,33,,311194,43,0,10,1,73,,311200,43,0,10,2,34,,311207,43,0,10,1,73,,311221,43,0,10,1,33,,311214,43,0,10,2,72,,311195,43,0,10,1,32,,311201,43,0,10,2,72,,311208,43,0,10,1,72,,311222,43,0,10,1,32,,311215,43,0,10,2,72,,311196,43,0,10,1,33,,311202,43,0,10,2,72,,311209,43,0,10,1,33,,311223,43,0,10,1,73,,311216,43,0,10,2,31,,311197,43,0,10,1,71,,311203,43,0,10,2,32,,311210,43,0,10,1,71,,311224,43,0,10,1,31,,311217,43,0,10,2,70,,311225,43,0,10,1,31,,311204,43,0,10,2,71,,311191,43,0,10,1,29,,311189,43,0,10,1,69,,311218,43,0,10,2,29,,311226,43,0,10,1,68,,311205,43,0,10,2,30,,311227,43,0,10,1,72,,311190,43,0,10,1
8602,'H54S000S-80-S',522,,311228,43,0,10,2,29,,311235,43,0,10,2,69,,311236,43,0,10,2,34,,311259,43,0,10,1,73,,311243,43,0,10,1,32,,311229,43,0,10,2,72,,311263,43,0,10,1,70,,311237,43,0,10,2,33,,311260,43,0,10,1,70,,311244,43,0,10,1,29,,311230,43,0,10,2,69,,311264,43,0,10,1,30,,311238,43,0,10,2,73,,311261,43,0,10,1,29,,311250,43,0,10,2,68,,311245,43,0,10,1,28,,311231,43,0,10,2,28,,311265,43,0,10,1,68,,311239,43,0,10,2,28,,311262,43,0,10,1,74,,311251,43,0,10,2,72,,311246,43,0,10,1,33,,311232,43,0,10,2,70,,311266,43,0,10,1,27,,311240,43,0,10,2,72,,311255,43,0,10,1,30,,311252,43,0,10,2,70,,311247,43,0,10,1,30,,311233,43,0,10,2,27,,311241,43,0,10,2,69,,311256,43,0,10,1,29,,311253,43,0,10,2,69,,311248,43,0,10,1,29,,311234,43,0,10,2,69,,311242,43,0,10,2,27,,311257,43,0,10,1,70,,311254,43,0,10,2,30,,311249,43,0,10,1,69,,311268,43,0,10,1,30,,311267,43,0,10,2,70,,311258,43,0,10,1
8602,'H54S100F-80-F1',513,,311291,43,0,10,2,31,,311272,43,0,10,1,73,,311278,43,0,10,2,33,,311299,43,0,10,1,75,,311292,43,0,10,2,33,,311273,43,0,10,1,73,,311279,43,0,10,2,71,,311286,43,0,10,1,33,,311300,43,0,10,1,73,,311293,43,0,10,2,33,,311274,43,0,10,1,73,,311280,43,0,10,2,34,,311287,43,0,10,1,73,,311301,43,0,10,1,33,,311294,43,0,10,2,72,,311275,43,0,10,1,32,,311281,43,0,10,2,72,,311288,43,0,10,1,72,,311302,43,0,10,1,32,,311295,43,0,10,2,72,,311276,43,0,10,1,33,,311282,43,0,10,2,72,,311289,43,0,10,1,33,,311303,43,0,10,1,73,,311296,43,0,10,2,31,,311277,43,0,10,1,71,,311283,43,0,10,2,32,,311290,43,0,10,1,71,,311304,43,0,10,1,31,,311297,43,0,10,2,70,,311305,43,0,10,1,31,,311284,43,0,10,2,71,,311271,43,0,10,1,29,,311269,43,0,10,1,69,,311298,43,0,10,2,29,,311306,43,0,10,1,68,,311285,43,0,10,2,30,,311307,43,0,10,1,72,,311270,43,0,10,1
8602,'H54S200F-80-F2',513,,311330,43,0,10,2,31,,311311,43,0,10,1,73,,311317,43,0,10,2,33,,311338,43,0,10,1,75,,311331,43,0,10,2,33,,311312,43,0,10,1,73,,311318,43,0,10,2,71,,311325,43,0,10,1,33,,311339,43,0,10,1,73,,311332,43,0,10,2,33,,311313,43,0,10,1,73,,311319,43,0,10,2,34,,311326,43,0,10,1,73,,311340,43,0,10,1,33,,311333,43,0,10,2,72,,311314,43,0,10,1,32,,311320,43,0,10,2,72,,311327,43,0,10,1,72,,311341,43,0,10,1,32,,311334,43,0,10,2,72,,311315,43,0,10,1,33,,311321,43,0,10,2,72,,311328,43,0,10,1,33,,311342,43,0,10,1,73,,311335,43,0,10,2,31,,311316,43,0,10,1,71,,311322,43,0,10,2,32,,311329,43,0,10,1,71,,311343,43,0,10,1,31,,311336,43,0,10,2,70,,311344,43,0,10,1,31,,311323,43,0,10,2,71,,311310,43,0,10,1,29,,311308,43,0,10,1,69,,311337,43,0,10,2,29,,311345,43,0,10,1,68,,311324,43,0,10,2,30,,311346,43,0,10,1,72,,311309,43,0,10,1
36201,'H54S000A-80-A',2708,,346656,76,0,5,1,45,,346657,76,0,5,2,85,,346659,76,0,5,1,85,,346658,76,0,5,2
36201,'H54S000I-80-I',2624,,346662,76,0,5,2,84,,346660,76,0,5,1,44,,346664,76,0,5,2,85,,346661,76,0,5,1,85,,346663,76,0,5,2
36201,'H54S000S-80-S',2622,,346667,76,0,5,1,85,,346666,76,0,5,1,45,,346665,76,0,5,1,85,,346669,76,0,5,1,85,,346668,76,0,5,1
36201,'H54S100F-80-F1',2624,,346672,76,0,5,2,84,,346670,76,0,5,1,44,,346674,76,0,5,2,85,,346671,76,0,5,1,85,,346673,76,0,5,2
36201,'H54S200F-80-F2',2624,,346677,76,0,5,2,84,,346675,76,0,5,1,44,,346679,76,0,5,2,85,,346676,76,0,5,1,85,,346678,76,0,5,2
