20202,'H60S000A-80-A',636,,340240,39,0,10,1,23,,340252,39,0,10,2,59,,340257,39,0,10,1,17,,340239,39,0,10,1,18,,340261,39,0,10,2,62,,340229,39,0,10,1,26,,340241,39,0,10,1,71,,340254,39,0,10,1,33,,340258,39,0,10,1,70,,340250,39,0,10,1,29,,340230,39,0,10,1,67,,340242,39,0,10,1,32,,340255,39,0,10,1,73,,340259,39,0,10,1,32,,340251,39,0,10,1,71,,340231,39,0,10,1,24,,340243,39,0,10,1,60,,340237,39,0,10,1,24,,340264,39,0,10,1,28,,340260,39,0,10,1,63,,340236,39,0,10,1,22,,340256,39,0,10,1,62,,340232,39,0,10,1,25,,340244,39,0,10,1,25,,340238,39,0,10,1,67,,340265,39,0,10,1,24,,340247,39,0,10,2,61,,340268,39,0,10,1,22,,340262,39,0,10,2,22,,340233,39,0,10,1,67,,340245,39,0,10,1,31,,340266,39,0,10,1,71,,340248,39,0,10,2,30,,340269,39,0,10,1,69,,340234,39,0,10,1,29,,340246,39,0,10,1,69,,340267,39,0,10,1,28,,340249,39,0,10,2,69,,340270,39,0,10,1,28,,340235,39,0,10,1,68,,340253,39,0,10,2,28,,340263,39,0,10,1
20202,'H60S000I-81-I',636,,340274,39,0,10,1,67,,340275,39,0,10,1,29,,340271,39,0,10,1,71,,340293,39,0,10,1,32,,340286,39,0,10,1,71,,340296,39,0,10,1,32,,340304,39,0,10,1,72,,340306,39,0,10,1,33,,340294,39,0,10,1,74,,340287,39,0,10,1,32,,340297,39,0,10,1,70,,340305,39,0,10,1,31,,340307,39,0,10,1,70,,340295,39,0,10,1,31,,340288,39,0,10,1,70,,340298,39,0,10,1,32,,340276,39,0,10,1,70,,340281,39,0,10,1,33,,340291,39,0,10,1,73,,340289,39,0,10,1,29,,340299,39,0,10,1,72,,340277,39,0,10,1,70,,340282,39,0,10,1,30,,340292,39,0,10,1,73,,340290,39,0,10,1,32,,340300,39,0,10,1,72,,340278,39,0,10,1,28,,340283,39,0,10,1,68,,340272,39,0,10,1,28,,340303,39,0,10,1,28,,340301,39,0,10,1,70,,340279,39,0,10,1,30,,340284,39,0,10,1,69,,340285,39,0,10,1,29,,340273,39,0,10,1,68,,340302,39,0,10,1,28,,340280,39,0,10,1
20202,'H60S000S-83-S',618,,340325,39,0,10,1,32,,340329,39,0,10,1,73,,340315,39,0,10,1,30,,340318,39,0,10,1,72,,340322,39,0,10,1,31,,340308,39,0,10,1,69,,340326,39,0,10,1,30,,340330,39,0,10,1,68,,340316,39,0,10,1,30,,340319,39,0,10,1,61,,340323,39,0,10,1,18,,340314,39,0,10,1,21,,340309,39,0,10,1,63,,340327,39,0,10,1,24,,340331,39,0,10,1,64,,340317,39,0,10,1,17,,340336,39,0,10,1,16,,340320,39,0,10,1,19,,340337,39,0,10,1,64,,340324,39,0,10,1,24,,340310,39,0,10,1,63,,340328,39,0,10,1,20,,340341,39,0,10,2,19,,340332,39,0,10,1,57,,340346,39,0,10,1,16,,340342,39,0,10,2,18,,340321,39,0,10,1,21,,340338,39,0,10,1,66,,340348,39,0,10,1,31,,340311,39,0,10,1,72,,340349,39,0,10,1,30,,340333,39,0,10,1,70,,340343,39,0,10,2,28,,340339,39,0,10,1,63,,340347,39,0,10,1,24,,340312,39,0,10,1,68,,340350,39,0,10,1,30,,340334,39,0,10,1,69,,340344,39,0,10,2,30,,340340,39,0,10,1,72,,340313,39,0,10,1,31,,340351,39,0,10,1,70,,340335,39,0,10,1,30,,340345,39,0,10,2
20202,'H60S100F-80-F1',636,,340357,39,0,10,1,67,,340362,39,0,10,1,29,,340352,39,0,10,1,71,,340376,39,0,10,2,32,,340373,39,0,10,1,71,,340377,39,0,10,2,32,,340380,39,0,10,1,72,,340378,39,0,10,1,33,,340353,39,0,10,1,74,,340358,39,0,10,2,32,,340363,39,0,10,1,70,,340374,39,0,10,1,31,,340379,39,0,10,1,70,,340354,39,0,10,1,31,,340359,39,0,10,2,70,,340364,39,0,10,1,32,,340381,39,0,10,1,70,,340369,39,0,10,2,33,,340375,39,0,10,1,73,,340360,39,0,10,2,29,,340365,39,0,10,1,72,,340382,39,0,10,1,70,,340370,39,0,10,2,30,,340386,39,0,10,1,73,,340361,39,0,10,2,32,,340366,39,0,10,1,72,,340383,39,0,10,1,28,,340371,39,0,10,2,68,,340355,39,0,10,1,28,,340387,39,0,10,2,28,,340367,39,0,10,1,70,,340384,39,0,10,1,30,,340372,39,0,10,2,69,,340356,39,0,10,1,29,,340388,39,0,10,2,68,,340368,39,0,10,1,28,,340385,39,0,10,1
20202,'H60S200F-80-F2',636,,340394,39,0,10,1,67,,340399,39,0,10,1,29,,340389,39,0,10,1,71,,340413,39,0,10,2,32,,340410,39,0,10,1,71,,340414,39,0,10,2,32,,340417,39,0,10,1,72,,340415,39,0,10,1,33,,340390,39,0,10,1,74,,340395,39,0,10,2,32,,340400,39,0,10,1,70,,340411,39,0,10,1,31,,340416,39,0,10,1,70,,340391,39,0,10,1,31,,340396,39,0,10,2,70,,340401,39,0,10,1,32,,340418,39,0,10,1,70,,340406,39,0,10,2,33,,340412,39,0,10,1,73,,340397,39,0,10,2,29,,340402,39,0,10,1,72,,340419,39,0,10,1,70,,340407,39,0,10,2,30,,340423,39,0,10,1,73,,340398,39,0,10,2,32,,340403,39,0,10,1,72,,340420,39,0,10,1,28,,340408,39,0,10,2,68,,340392,39,0,10,1,28,,340424,39,0,10,2,28,,340404,39,0,10,1,70,,340421,39,0,10,1,30,,340409,39,0,10,2,69,,340393,39,0,10,1,29,,340425,39,0,10,2,68,,340405,39,0,10,1,28,,340422,39,0,10,1
37802,'H60S000A-80-A',2700,,347278,65,0,10,1,54,,347276,65,0,10,1,88,,347277,65,0,10,1
37802,'H60S000I-81-I',2658,,347280,65,0,10,1,92,,347281,65,0,10,1,91,,347279,65,0,10,1
37802,'H60S000S-83-S',2700,,347283,65,0,10,1,50,,347282,65,0,10,1,99,,347284,65,0,10,1
37802,'H60S100F-80-F1',2658,,347285,65,0,10,1,92,,347287,65,0,10,1,91,,347286,65,0,10,1
37802,'H60S200F-80-F2',2658,,347288,65,0,10,1,92,,347290,65,0,10,1,91,,347289,65,0,10,1
