3501,'H56S000A-80-A',631,,295964,36,0,5,1,70,,295945,36,0,5,1,30,,295966,36,0,5,1,72,,295963,36,0,5,1,33,,295965,36,0,5,1,71,,295946,36,0,5,1,33,,295953,36,0,5,2,69,,295938,36,0,5,1,32,,295960,36,0,5,2,68,,295947,36,0,5,1,29,,295954,36,0,5,2,71,,295939,36,0,5,1,31,,295961,36,0,5,2,70,,295948,36,0,5,1,30,,295955,36,0,5,2,70,,295940,36,0,5,1,31,,295962,36,0,5,2,72,,295949,36,0,5,1,32,,295956,36,0,5,2,71,,295941,36,0,5,1,30,,295968,36,0,5,2,71,,295950,36,0,5,1,31,,295957,36,0,5,2,69,,295942,36,0,5,1,29,,295969,36,0,5,2,70,,295951,36,0,5,1,30,,295958,36,0,5,2,68,,295943,36,0,5,1,28,,295970,36,0,5,2,68,,295952,36,0,5,1,28,,295959,36,0,5,2,70,,295944,36,0,5,1,29,,295971,36,0,5,2,69,,295967,36,0,5,1
3501,'H56S000I-80-I',630,,295997,36,0,5,1,73,,295984,36,0,5,2,29,,296005,36,0,5,1,70,,295972,36,0,5,1,30,,295998,36,0,5,1,69,,296001,36,0,5,1,33,,295985,36,0,5,2,74,,295992,36,0,5,1,32,,295973,36,0,5,1,68,,296002,36,0,5,1,30,,295986,36,0,5,2,71,,295993,36,0,5,1,30,,295974,36,0,5,1,72,,295978,36,0,5,1,29,,295987,36,0,5,2,69,,295994,36,0,5,1,30,,295975,36,0,5,1,70,,295979,36,0,5,1,28,,295988,36,0,5,2,70,,295995,36,0,5,1,29,,295976,36,0,5,1,71,,295980,36,0,5,1,32,,295989,36,0,5,2,71,,295996,36,0,5,1,29,,295977,36,0,5,1,70,,295981,36,0,5,1,31,,295990,36,0,5,2,69,,296003,36,0,5,1,28,,295999,36,0,5,1,68,,295982,36,0,5,1,29,,295991,36,0,5,2,69,,296004,36,0,5,1,30,,296000,36,0,5,1,70,,295983,36,0,5,1
3501,'H56S000S-82-S',649,,296042,36,0,5,1,63,,296040,36,0,5,1,28,,296006,36,0,5,2,61,,296023,36,0,5,1,21,,296007,36,0,5,2,20,,296037,36,0,5,2,61,,296043,36,0,5,1,21,,296041,36,0,5,1,22,,296030,36,0,5,2,64,,296020,36,0,5,1,28,,296008,36,0,5,1,69,,296014,36,0,5,2,29,,296024,36,0,5,1,70,,296031,36,0,5,2,29,,296021,36,0,5,1,69,,296009,36,0,5,1,31,,296015,36,0,5,2,69,,296025,36,0,5,1,30,,296032,36,0,5,2,67,,296022,36,0,5,1,30,,296010,36,0,5,1,27,,296016,36,0,5,2,67,,296026,36,0,5,1,27,,296033,36,0,5,2,67,,296038,36,0,5,2,30,,296011,36,0,5,1,72,,296017,36,0,5,2,25,,296027,36,0,5,1,67,,296034,36,0,5,2,23,,296039,36,0,5,2,23,,296012,36,0,5,1,67,,296018,36,0,5,2,29,,296028,36,0,5,1,68,,296035,36,0,5,2,31,,296013,36,0,5,1,69,,296019,36,0,5,2,30,,296029,36,0,5,1,70,,296036,36,0,5,2
3501,'H56S100F-80-F1',630,,296069,36,0,5,1,73,,296056,36,0,5,2,29,,296077,36,0,5,1,70,,296044,36,0,5,1,30,,296070,36,0,5,1,69,,296073,36,0,5,1,33,,296057,36,0,5,2,74,,296064,36,0,5,1,32,,296045,36,0,5,1,68,,296074,36,0,5,1,30,,296058,36,0,5,2,71,,296065,36,0,5,1,30,,296046,36,0,5,1,72,,296050,36,0,5,1,29,,296059,36,0,5,2,69,,296066,36,0,5,1,30,,296047,36,0,5,1,70,,296051,36,0,5,1,28,,296060,36,0,5,2,70,,296067,36,0,5,1,29,,296048,36,0,5,1,71,,296052,36,0,5,1,32,,296061,36,0,5,2,71,,296068,36,0,5,1,29,,296049,36,0,5,1,70,,296053,36,0,5,1,31,,296062,36,0,5,2,69,,296075,36,0,5,1,28,,296071,36,0,5,1,68,,296054,36,0,5,1,29,,296063,36,0,5,2,69,,296076,36,0,5,1,30,,296072,36,0,5,1,70,,296055,36,0,5,1
3501,'H56S200F-80-F2',630,,296103,36,0,5,1,73,,296090,36,0,5,2,29,,296111,36,0,5,1,70,,296078,36,0,5,1,30,,296104,36,0,5,1,69,,296107,36,0,5,1,33,,296091,36,0,5,2,74,,296098,36,0,5,1,32,,296079,36,0,5,1,68,,296108,36,0,5,1,30,,296092,36,0,5,2,71,,296099,36,0,5,1,30,,296080,36,0,5,1,72,,296084,36,0,5,1,29,,296093,36,0,5,2,69,,296100,36,0,5,1,30,,296081,36,0,5,1,70,,296085,36,0,5,1,28,,296094,36,0,5,2,70,,296101,36,0,5,1,29,,296082,36,0,5,1,71,,296086,36,0,5,1,32,,296095,36,0,5,2,71,,296102,36,0,5,1,29,,296083,36,0,5,1,70,,296087,36,0,5,1,31,,296096,36,0,5,2,69,,296109,36,0,5,1,28,,296105,36,0,5,1,68,,296088,36,0,5,1,29,,296097,36,0,5,2,69,,296110,36,0,5,1,30,,296106,36,0,5,1,70,,296089,36,0,5,1
10701,'H56S000A-80-A',539,,317951,45,0,5,1,72,,317962,45,0,5,2,33,,317971,45,0,5,2,71,,317952,45,0,5,1,33,,317963,45,0,5,2,73,,317972,45,0,5,2,31,,317953,45,0,5,1,70,,317981,45,0,5,1,28,,317964,45,0,5,2,69,,317973,45,0,5,2,30,,317954,45,0,5,1,71,,317982,45,0,5,1,30,,317965,45,0,5,2,70,,317974,45,0,5,2,30,,317955,45,0,5,1,70,,317983,45,0,5,1,30,,317966,45,0,5,2,70,,317975,45,0,5,2,30,,317956,45,0,5,1,70,,317984,45,0,5,1,30,,317967,45,0,5,2,70,,317976,45,0,5,2,30,,317957,45,0,5,1,70,,317985,45,0,5,1,30,,317968,45,0,5,2,70,,317977,45,0,5,2,29,,317958,45,0,5,1,70,,317986,45,0,5,1,29,,317969,45,0,5,2,69,,317978,45,0,5,2,30,,317959,45,0,5,1,70,,317987,45,0,5,1,30,,317970,45,0,5,2,70,,317979,45,0,5,2,30,,317960,45,0,5,1,70,,317988,45,0,5,1,29,,317990,45,0,5,2,68,,317980,45,0,5,2,28,,317961,45,0,5,1,69,,317989,45,0,5,1,31,,317991,45,0,5,2
10701,'H56S000I-80-I',538,,317993,45,0,5,1,71,,318020,45,0,5,1,33,,318004,45,0,5,2,72,,317994,45,0,5,1,30,,318010,45,0,5,1,73,,318005,45,0,5,2,32,,317995,45,0,5,1,71,,318011,45,0,5,1,32,,318021,45,0,5,1,70,,318006,45,0,5,2,28,,317996,45,0,5,1,69,,318012,45,0,5,1,30,,318022,45,0,5,1,70,,318007,45,0,5,2,30,,317997,45,0,5,1,70,,318013,45,0,5,1,30,,318023,45,0,5,1,70,,318008,45,0,5,2,30,,317998,45,0,5,1,70,,318014,45,0,5,1,30,,317992,45,0,5,1,71,,318009,45,0,5,2,31,,317999,45,0,5,1,72,,318015,45,0,5,1,32,,318024,45,0,5,2,71,,318028,45,0,5,1,31,,318000,45,0,5,1,69,,318016,45,0,5,1,26,,318025,45,0,5,2,68,,318029,45,0,5,1,28,,318001,45,0,5,1,69,,318017,45,0,5,1,29,,318026,45,0,5,2,70,,318030,45,0,5,1,29,,318002,45,0,5,1,67,,318018,45,0,5,1,29,,318027,45,0,5,2,69,,318031,45,0,5,1,29,,318003,45,0,5,1,73,,318019,45,0,5,1
10701,'H56S000S-82-S',535,,318058,45,0,5,1,22,,318039,45,0,5,2,59,,318033,45,0,5,1,17,,318041,45,0,5,2,17,,318047,45,0,5,2,58,,318049,45,0,5,2,12,,318059,45,0,5,1,14,,318061,45,0,5,1,12,,318040,45,0,5,2,10,,318051,45,0,5,2,50,,318057,45,0,5,2,8,,318034,45,0,5,1,7,,318060,45,0,5,2,6,,318036,45,0,5,2,8,,318042,45,0,5,2,7,,318066,45,0,5,2,10,,318048,45,0,5,2,51,,318080,45,0,5,1,12,,318050,45,0,5,2,10,,318037,45,0,5,2,11,,318062,45,0,5,1,12,,318038,45,0,5,2,10,,318052,45,0,5,2,54,,318035,45,0,5,1,24,,318043,45,0,5,2,68,,318081,45,0,5,1,28,,318063,45,0,5,1,69,,318053,45,0,5,2,29,,318044,45,0,5,2,29,,318082,45,0,5,1,67,,318064,45,0,5,1,30,,318054,45,0,5,2,69,,318045,45,0,5,2,31,,318083,45,0,5,1,65,,318065,45,0,5,1,22,,318071,45,0,5,1,63,,318055,45,0,5,2,23,,318046,45,0,5,2,22,,318089,45,0,5,1,62,,318032,45,0,5,1,22,,318084,45,0,5,2,22,,318072,45,0,5,1,62,,318056,45,0,5,2,26,,318076,45,0,5,2,65,,318067,45,0,5,1,29,,318085,45,0,5,2,67,,318073,45,0,5,1,27,,318077,45,0,5,2,67,,318068,45,0,5,1,27,,318086,45,0,5,2,27,,318074,45,0,5,1,68,,318078,45,0,5,2,28,,318069,45,0,5,1,68,,318087,45,0,5,2,27,,318075,45,0,5,1,68,,318079,45,0,5,2,29,,318070,45,0,5,1,72,,318088,45,0,5,2
10701,'H56S100F-80-F1',538,,318091,45,0,5,1,71,,318118,45,0,5,1,33,,318102,45,0,5,2,72,,318092,45,0,5,1,30,,318108,45,0,5,1,73,,318103,45,0,5,2,32,,318093,45,0,5,1,71,,318109,45,0,5,1,32,,318119,45,0,5,1,70,,318104,45,0,5,2,28,,318094,45,0,5,1,69,,318110,45,0,5,1,30,,318120,45,0,5,1,70,,318105,45,0,5,2,30,,318095,45,0,5,1,70,,318111,45,0,5,1,30,,318121,45,0,5,1,70,,318106,45,0,5,2,30,,318096,45,0,5,1,70,,318112,45,0,5,1,30,,318090,45,0,5,1,71,,318107,45,0,5,2,31,,318097,45,0,5,1,72,,318113,45,0,5,1,32,,318122,45,0,5,2,71,,318126,45,0,5,1,31,,318098,45,0,5,1,69,,318114,45,0,5,1,26,,318123,45,0,5,2,68,,318127,45,0,5,1,28,,318099,45,0,5,1,69,,318115,45,0,5,1,29,,318124,45,0,5,2,70,,318128,45,0,5,1,29,,318100,45,0,5,1,67,,318116,45,0,5,1,29,,318125,45,0,5,2,69,,318129,45,0,5,1,29,,318101,45,0,5,1,73,,318117,45,0,5,1
10701,'H56S200F-80-F2',538,,318131,45,0,5,1,71,,318158,45,0,5,1,33,,318142,45,0,5,2,72,,318132,45,0,5,1,30,,318148,45,0,5,1,73,,318143,45,0,5,2,32,,318133,45,0,5,1,71,,318149,45,0,5,1,32,,318159,45,0,5,1,70,,318144,45,0,5,2,28,,318134,45,0,5,1,69,,318150,45,0,5,1,30,,318160,45,0,5,1,70,,318145,45,0,5,2,30,,318135,45,0,5,1,70,,318151,45,0,5,1,30,,318161,45,0,5,1,70,,318146,45,0,5,2,30,,318136,45,0,5,1,70,,318152,45,0,5,1,30,,318130,45,0,5,1,71,,318147,45,0,5,2,31,,318137,45,0,5,1,72,,318153,45,0,5,1,32,,318162,45,0,5,2,71,,318166,45,0,5,1,31,,318138,45,0,5,1,69,,318154,45,0,5,1,26,,318163,45,0,5,2,68,,318167,45,0,5,1,28,,318139,45,0,5,1,69,,318155,45,0,5,1,29,,318164,45,0,5,2,70,,318168,45,0,5,1,29,,318140,45,0,5,1,67,,318156,45,0,5,1,29,,318165,45,0,5,2,69,,318169,45,0,5,1,29,,318141,45,0,5,1,73,,318157,45,0,5,1
