18701,'H54S000A-80-A',538,,335744,23,0,5,1,71,,335728,23,0,5,1,31,,335735,23,0,5,1,71,,335745,23,0,5,1,30,,335729,23,0,5,2,70,,335736,23,0,5,1,31,,335746,23,0,5,1,71,,335753,23,0,5,1,35,,335767,23,0,5,1,72,,335747,23,0,5,1,30,,335737,23,0,5,2,69,,335759,23,0,5,1,28,,335748,23,0,5,1,68,,335738,23,0,5,2,29,,335754,23,0,5,1,69,,335749,23,0,5,1,29,,335739,23,0,5,2,68,,335765,23,0,5,2,29,,335750,23,0,5,1,69,,335720,23,0,5,2,25,,335766,23,0,5,2,19,,335768,23,0,5,1,58,,335751,23,0,5,1,19,,335721,23,0,5,2,17,,335740,23,0,5,2,56,,335722,23,0,5,1,15,,335752,23,0,5,1,15,,335724,23,0,5,2,15,,335741,23,0,5,2,12,,335769,23,0,5,1,51,,335727,23,0,5,1,12,,335723,23,0,5,1,12,,335730,23,0,5,1,22,,335725,23,0,5,2,61,,335734,23,0,5,2,21,,335760,23,0,5,1,62,,335731,23,0,5,1,23,,335726,23,0,5,2,22,,335755,23,0,5,1,66,,335761,23,0,5,1,27,,335732,23,0,5,1,68,,335756,23,0,5,1,28,,335762,23,0,5,1,69,,335733,23,0,5,1,31,,335757,23,0,5,1,71,,335763,23,0,5,1,31,,335742,23,0,5,1,72,,335758,23,0,5,1,33,,335764,23,0,5,1,73,,335743,23,0,5,1
18701,'H54S000I-80-I',533,,335771,23,0,5,2,71,,335777,23,0,5,1,30,,335778,23,0,5,1,73,,335772,23,0,5,2,33,,335779,23,0,5,1,73,,335773,23,0,5,2,35,,335812,23,0,5,1,71,,335780,23,0,5,1,30,,335811,23,0,5,2,71,,335813,23,0,5,1,31,,335781,23,0,5,1,71,,335770,23,0,5,1,30,,335814,23,0,5,1,70,,335791,23,0,5,2,30,,335805,23,0,5,1,69,,335782,23,0,5,1,29,,335792,23,0,5,2,67,,335796,23,0,5,2,26,,335783,23,0,5,1,67,,335793,23,0,5,2,22,,335774,23,0,5,2,22,,335797,23,0,5,2,62,,335784,23,0,5,1,22,,335775,23,0,5,2,62,,335794,23,0,5,2,24,,335798,23,0,5,2,24,,335776,23,0,5,2,57,,335785,23,0,5,1,17,,335795,23,0,5,2,17,,335806,23,0,5,1,68,,335799,23,0,5,2,28,,335786,23,0,5,1,68,,335807,23,0,5,1,27,,335800,23,0,5,2,27,,335787,23,0,5,1,67,,335808,23,0,5,1,27,,335801,23,0,5,2,64,,335788,23,0,5,1,25,,335809,23,0,5,1,65,,335802,23,0,5,2,25,,335789,23,0,5,1,72,,335810,23,0,5,1,32,,335803,23,0,5,2,73,,335790,23,0,5,1,33,,335804,23,0,5,2
18701,'H54S000S-80-S',538,,335815,23,0,5,1,70,,335840,23,0,5,1,31,,335884,23,0,5,2,71,,335848,23,0,5,1,34,,335841,23,0,5,1,71,,335849,23,0,5,2,30,,335833,23,0,5,1,67,,335842,23,0,5,1,30,,335850,23,0,5,2,69,,335835,23,0,5,2,29,,335843,23,0,5,1,69,,335851,23,0,5,2,29,,335836,23,0,5,2,69,,335844,23,0,5,1,30,,335852,23,0,5,2,67,,335857,23,0,5,1,25,,335845,23,0,5,1,19,,335859,23,0,5,1,58,,335855,23,0,5,2,16,,335853,23,0,5,2,17,,335858,23,0,5,1,16,,335846,23,0,5,1,57,,335860,23,0,5,1,13,,335864,23,0,5,2,11,,335856,23,0,5,2,11,,335818,23,0,5,2,8,,335871,23,0,5,2,47,,335854,23,0,5,2,6,,335881,23,0,5,2,6,,335837,23,0,5,1,8,,335869,23,0,5,2,7,,335847,23,0,123,1,6,,335878,23,0,5,2,5,,335882,23,0,5,2,5,,335873,23,0,5,2,6,,335816,23,0,5,1,5,,335880,23,0,123,2,46,,335865,23,0,5,2,11,,335861,23,0,5,1,7,,335838,23,0,5,2,5,,335872,23,0,123,2,7,,335839,23,0,5,2,9,,335879,23,0,5,2,10,,335874,23,0,5,2,6,,335883,23,0,123,2,46,,335870,23,0,5,2,8,,335866,23,0,5,2,9,,335817,23,0,5,1,10,,335885,23,0,123,2,10,,335832,23,0,5,1,8,,335862,23,0,5,1,54,,335834,23,0,5,1,14,,335875,23,0,5,2,15,,335825,23,0,5,1,17,,335867,23,0,5,2,58,,335863,23,0,5,1,17,,335829,23,0,5,1,20,,335876,23,0,5,2,61,,335868,23,0,5,2,20,,335830,23,0,5,1,21,,335822,23,0,5,1,60,,335877,23,0,5,2,15,,335826,23,0,5,1,16,,335831,23,0,5,1,21,,335819,23,0,5,2,62,,335823,23,0,5,1,24,,335827,23,0,5,1,65,,335820,23,0,5,2,29,,335824,23,0,5,1,72,,335828,23,0,5,1,32,,335821,23,0,5,2
18701,'H54S100F-80-F1',533,,335887,23,0,5,2,71,,335893,23,0,5,1,30,,335894,23,0,5,1,73,,335888,23,0,5,2,33,,335895,23,0,5,1,73,,335889,23,0,5,2,35,,335928,23,0,5,1,71,,335896,23,0,5,1,30,,335927,23,0,5,2,71,,335929,23,0,5,1,31,,335897,23,0,5,1,71,,335886,23,0,5,1,30,,335930,23,0,5,1,70,,335907,23,0,5,2,30,,335921,23,0,5,1,69,,335898,23,0,5,1,29,,335908,23,0,5,2,67,,335912,23,0,5,2,26,,335899,23,0,5,1,67,,335909,23,0,5,2,22,,335890,23,0,5,2,22,,335913,23,0,5,2,62,,335900,23,0,5,1,22,,335891,23,0,5,2,62,,335910,23,0,5,2,24,,335914,23,0,5,2,24,,335892,23,0,5,2,57,,335901,23,0,5,1,17,,335911,23,0,5,2,17,,335922,23,0,5,1,68,,335915,23,0,5,2,28,,335902,23,0,5,1,68,,335923,23,0,5,1,27,,335916,23,0,5,2,27,,335903,23,0,5,1,67,,335924,23,0,5,1,27,,335917,23,0,5,2,64,,335904,23,0,5,1,25,,335925,23,0,5,1,65,,335918,23,0,5,2,25,,335905,23,0,5,1,72,,335926,23,0,5,1,32,,335919,23,0,5,2,73,,335906,23,0,5,1,33,,335920,23,0,5,2
18701,'H54S200F-80-F2',533,,335932,23,0,5,2,71,,335938,23,0,5,1,30,,335939,23,0,5,1,73,,335933,23,0,5,2,33,,335940,23,0,5,1,73,,335934,23,0,5,2,35,,335973,23,0,5,1,71,,335941,23,0,5,1,30,,335972,23,0,5,2,71,,335974,23,0,5,1,31,,335942,23,0,5,1,71,,335931,23,0,5,1,30,,335975,23,0,5,1,70,,335952,23,0,5,2,30,,335966,23,0,5,1,69,,335943,23,0,5,1,29,,335953,23,0,5,2,67,,335957,23,0,5,2,26,,335944,23,0,5,1,67,,335954,23,0,5,2,22,,335935,23,0,5,2,22,,335958,23,0,5,2,62,,335945,23,0,5,1,22,,335936,23,0,5,2,62,,335955,23,0,5,2,24,,335959,23,0,5,2,24,,335937,23,0,5,2,57,,335946,23,0,5,1,17,,335956,23,0,5,2,17,,335967,23,0,5,1,68,,335960,23,0,5,2,28,,335947,23,0,5,1,68,,335968,23,0,5,1,27,,335961,23,0,5,2,27,,335948,23,0,5,1,67,,335969,23,0,5,1,27,,335962,23,0,5,2,64,,335949,23,0,5,1,25,,335970,23,0,5,1,65,,335963,23,0,5,2,25,,335950,23,0,5,1,72,,335971,23,0,5,1,32,,335964,23,0,5,2,73,,335951,23,0,5,1,33,,335965,23,0,5,2
36201,'H54S000A-80-A',2705,,346656,70,0,5,1,45,,346657,70,0,5,2,85,,346659,70,0,5,1,85,,346658,70,0,5,2
36201,'H54S000I-80-I',2621,,346662,70,0,5,2,84,,346660,70,0,5,1,44,,346664,70,0,5,2,85,,346661,70,0,5,1,85,,346663,70,0,5,2
36201,'H54S000S-80-S',2619,,346667,70,0,5,1,85,,346666,70,0,5,1,45,,346665,70,0,5,1,85,,346669,70,0,5,1,85,,346668,70,0,5,1
36201,'H54S100F-80-F1',2621,,346672,70,0,5,2,84,,346670,70,0,5,1,44,,346674,70,0,5,2,85,,346671,70,0,5,1,85,,346673,70,0,5,2
36201,'H54S200F-80-F2',2621,,346677,70,0,5,2,84,,346675,70,0,5,1,44,,346679,70,0,5,2,85,,346676,70,0,5,1,85,,346678,70,0,5,2
