12501,'H59S000A-80-A',532,,322405,12,0,5,1,70,,322430,12,0,5,1,31,,322417,12,0,5,2,71,,322406,12,0,5,1,31,,322431,12,0,5,1,70,,322418,12,0,5,2,31,,322407,12,0,5,1,70,,322432,12,0,5,1,31,,322419,12,0,5,2,74,,322408,12,0,5,1,32,,322433,12,0,5,1,71,,322424,12,0,5,1,31,,322420,12,0,5,2,70,,322409,12,0,5,1,33,,322434,12,0,5,1,73,,322425,12,0,5,1,33,,322421,12,0,5,2,73,,322410,12,0,5,1,73,,322435,12,0,5,1,29,,322426,12,0,5,1,29,,322422,12,0,5,2,68,,322411,12,0,5,1,29,,322436,12,0,5,1,69,,322427,12,0,5,1,28,,322423,12,0,5,2,69,,322412,12,0,5,1,30,,322437,12,0,5,1,71,,322428,12,0,5,1,31,,322438,12,0,5,1,67,,322413,12,0,5,1,26,,322404,12,0,5,2,66,,322429,12,0,5,1,29,,322439,12,0,5,1,70,,322414,12,0,5,1,31,,322442,12,0,5,2,71,,322440,12,0,5,1,27,,322415,12,0,5,1,68,,322443,12,0,5,2,28,,322441,12,0,5,1,69,,322416,12,0,5,1,32,,322444,12,0,5,2
12501,'H59S000I-81-I',532,,322449,12,0,5,1,72,,322473,12,0,5,1,31,,322461,12,0,5,1,71,,322450,12,0,5,1,32,,322474,12,0,5,1,71,,322462,12,0,5,1,30,,322451,12,0,5,1,69,,322475,12,0,5,1,28,,322463,12,0,5,1,70,,322452,12,0,5,1,30,,322476,12,0,5,1,69,,322477,12,0,5,1,30,,322464,12,0,5,1,69,,322453,12,0,5,1,29,,322445,12,0,5,2,70,,322478,12,0,5,1,31,,322465,12,0,5,1,72,,322454,12,0,5,1,32,,322446,12,0,5,2,72,,322479,12,0,5,1,32,,322466,12,0,5,1,70,,322455,12,0,5,1,29,,322447,12,0,5,2,69,,322480,12,0,5,1,28,,322467,12,0,5,1,67,,322456,12,0,5,1,27,,322448,12,0,5,2,27,,322481,12,0,5,1,71,,322468,12,0,5,1,71,,322457,12,0,5,1,31,,322482,12,0,5,1,70,,322469,12,0,5,1,30,,322458,12,0,5,1,69,,322483,12,0,5,1,30,,322470,12,0,5,1,69,,322459,12,0,5,1,28,,322484,12,0,5,1,30,,322471,12,0,5,1,70,,322460,12,0,5,1,30,,322485,12,0,5,1,73,,322472,12,0,5,1
12501,'H59S000S-80-S',533,,322528,12,0,5,1,69,,322493,12,0,5,2,29,,322487,12,0,5,1,28,,322495,12,0,5,1,69,,322504,12,0,5,1,72,,322494,12,0,5,2,31,,322488,12,0,5,1,70,,322496,12,0,5,1,30,,322505,12,0,5,1,69,,322514,12,0,5,1,31,,322489,12,0,5,1,72,,322497,12,0,5,1,31,,322506,12,0,5,1,71,,322515,12,0,5,1,30,,322490,12,0,5,1,69,,322498,12,0,5,1,29,,322507,12,0,5,1,71,,322516,12,0,5,1,30,,322491,12,0,5,1,70,,322499,12,0,5,1,32,,322508,12,0,5,1,64,,322527,12,0,5,2,20,,322517,12,0,5,1,23,,322492,12,0,5,1,67,,322500,12,0,5,1,31,,322509,12,0,5,1,72,,322519,12,0,5,1,30,,322523,12,0,5,1,70,,322501,12,0,5,1,32,,322510,12,0,5,1,70,,322520,12,0,5,1,30,,322524,12,0,5,1,70,,322502,12,0,5,1,30,,322511,12,0,5,1,70,,322521,12,0,5,1,30,,322525,12,0,5,1,70,,322503,12,0,5,1,29,,322512,12,0,5,1,72,,322522,12,0,5,1,33,,322526,12,0,5,1,83,,322513,12,0,5,1
12501,'H59S100F-80-F1',532,,322532,12,0,5,1,72,,322569,12,0,5,1,31,,322544,12,0,5,1,71,,322533,12,0,5,1,32,,322570,12,0,5,1,71,,322545,12,0,5,1,30,,322534,12,0,5,1,69,,322571,12,0,5,1,28,,322546,12,0,5,1,70,,322535,12,0,5,1,30,,322572,12,0,5,1,69,,322556,12,0,5,1,30,,322547,12,0,5,1,69,,322536,12,0,5,1,29,,322565,12,0,5,2,70,,322557,12,0,5,1,31,,322548,12,0,5,1,72,,322537,12,0,5,1,32,,322566,12,0,5,2,72,,322558,12,0,5,1,32,,322549,12,0,5,1,70,,322538,12,0,5,1,29,,322567,12,0,5,2,69,,322559,12,0,5,1,28,,322550,12,0,5,1,67,,322539,12,0,5,1,27,,322568,12,0,5,2,27,,322560,12,0,5,1,71,,322551,12,0,5,1,71,,322540,12,0,5,1,31,,322561,12,0,5,1,70,,322552,12,0,5,1,30,,322541,12,0,5,1,69,,322562,12,0,5,1,30,,322553,12,0,5,1,69,,322542,12,0,5,1,28,,322563,12,0,5,1,30,,322554,12,0,5,1,70,,322543,12,0,5,1,30,,322564,12,0,5,1,73,,322555,12,0,5,1
12501,'H59S200F-80-F2',532,,322573,12,0,5,1,72,,322610,12,0,5,1,31,,322585,12,0,5,1,71,,322574,12,0,5,1,32,,322611,12,0,5,1,71,,322586,12,0,5,1,30,,322575,12,0,5,1,69,,322612,12,0,5,1,28,,322587,12,0,5,1,70,,322576,12,0,5,1,30,,322613,12,0,5,1,69,,322597,12,0,5,1,30,,322588,12,0,5,1,69,,322577,12,0,5,1,29,,322606,12,0,5,2,70,,322598,12,0,5,1,31,,322589,12,0,5,1,72,,322578,12,0,5,1,32,,322607,12,0,5,2,72,,322599,12,0,5,1,32,,322590,12,0,5,1,70,,322579,12,0,5,1,29,,322608,12,0,5,2,69,,322600,12,0,5,1,28,,322591,12,0,5,1,67,,322580,12,0,5,1,27,,322609,12,0,5,2,27,,322601,12,0,5,1,71,,322592,12,0,5,1,71,,322581,12,0,5,1,31,,322602,12,0,5,1,70,,322593,12,0,5,1,30,,322582,12,0,5,1,69,,322603,12,0,5,1,30,,322594,12,0,5,1,69,,322583,12,0,5,1,28,,322604,12,0,5,1,30,,322595,12,0,5,1,70,,322584,12,0,5,1,30,,322605,12,0,5,1,73,,322596,12,0,5,1
36001,'H56S000A-80-A',2621,,346492,22,0,5,1,85,,346488,22,0,5,2,45,,346489,22,0,5,1,85,,346490,22,0,5,1,85,,346491,22,0,5,1
36001,'H56S000I-80-I',2618,,346495,22,0,5,1,85,,346493,22,0,5,1,45,,346497,22,0,5,2,84,,346494,22,0,5,1,86,,346496,22,0,5,2
36001,'H56S000S-82-S',2620,,346498,22,0,5,1,85,,346500,22,0,5,1,44,,346499,22,0,5,1,85,,346501,22,0,5,1,86,,346502,22,0,5,2
36001,'H56S100F-80-F1',2618,,346505,22,0,5,1,85,,346503,22,0,5,1,45,,346507,22,0,5,2,84,,346504,22,0,5,1,86,,346506,22,0,5,2
36001,'H56S200F-80-F2',2618,,346510,22,0,5,1,85,,346508,22,0,5,1,45,,346512,22,0,5,2,84,,346509,22,0,5,1,86,,346511,22,0,5,2
