19501,'H56S000A-80-A',451,,337868,7,0,5,2,70,,337866,7,0,5,1,30,,337879,7,0,5,2,70,,337884,7,0,5,1,29,,337869,7,0,5,2,69,,337867,7,0,5,1,31,,337880,7,0,5,2,71,,337885,7,0,5,1,30,,337870,7,0,5,2,70,,337898,7,0,5,1,31,,337881,7,0,5,2,71,,337886,7,0,5,1,31,,337871,7,0,5,2,70,,337899,7,0,5,1,30,,337882,7,0,5,2,71,,337887,7,0,5,1,31,,337872,7,0,5,2,70,,337900,7,0,5,1,30,,337883,7,0,5,2,72,,337888,7,0,5,1,72,,337873,7,0,5,2,32,,337901,7,0,5,1,72,,337894,7,0,5,2,30,,337889,7,0,5,1,70,,337874,7,0,5,2,30,,337902,7,0,5,1,71,,337895,7,0,5,2,29,,337890,7,0,5,1,69,,337875,7,0,5,2,29,,337903,7,0,5,1,69,,337896,7,0,5,2,29,,337891,7,0,5,1,29,,337876,7,0,5,2,69,,337904,7,0,5,1,29,,337897,7,0,5,2,69,,337892,7,0,5,1,30,,337877,7,0,5,2,70,,337905,7,0,5,1,29,,337907,7,0,5,2,69,,337893,7,0,5,1,29,,337878,7,0,5,2,68,,337906,7,0,5,1
19501,'H56S000I-80-I',450,,337908,7,0,5,2,70,,337911,7,0,5,1,30,,337921,7,0,5,2,70,,337929,7,0,5,1,30,,337909,7,0,5,2,70,,337912,7,0,5,1,30,,337922,7,0,5,2,69,,337930,7,0,5,1,29,,337910,7,0,5,2,69,,337913,7,0,5,1,29,,337923,7,0,5,2,72,,337931,7,0,5,1,32,,337939,7,0,5,2,72,,337914,7,0,5,1,31,,337924,7,0,5,2,71,,337932,7,0,5,1,30,,337940,7,0,5,2,70,,337915,7,0,5,1,30,,337925,7,0,5,2,70,,337935,7,0,5,1,31,,337941,7,0,5,2,71,,337916,7,0,5,1,30,,337926,7,0,5,2,70,,337936,7,0,5,1,30,,337942,7,0,5,2,71,,337917,7,0,5,1,30,,337927,7,0,5,2,70,,337937,7,0,5,1,29,,337943,7,0,5,2,69,,337918,7,0,5,1,29,,337928,7,0,5,2,70,,337938,7,0,5,1,31,,337944,7,0,5,2,71,,337919,7,0,5,1,30,,337933,7,0,5,1,70,,337947,7,0,5,1,30,,337945,7,0,5,2,70,,337920,7,0,5,1,29,,337934,7,0,5,1,70,,337948,7,0,5,1,30,,337946,7,0,5,2
19501,'H56S000S-82-S',440,,337964,7,0,5,2,72,,337949,7,0,5,1,32,,337953,7,0,5,2,72,,337966,7,0,5,1,31,,337965,7,0,5,2,71,,337955,7,0,5,1,30,,337954,7,0,5,2,70,,337967,7,0,5,1,30,,337974,7,0,5,1,70,,337978,7,0,5,2,31,,337956,7,0,5,1,71,,337968,7,0,5,1,31,,337975,7,0,5,1,70,,337979,7,0,5,2,31,,337957,7,0,5,1,70,,337969,7,0,5,1,31,,337976,7,0,5,1,71,,337980,7,0,5,2,31,,337958,7,0,5,1,71,,337970,7,0,5,1,33,,337977,7,0,5,1,71,,337981,7,0,5,2,70,,337959,7,0,5,1,30,,337985,7,0,5,2,71,,337951,7,0,5,2,29,,337950,7,0,5,1,70,,337982,7,0,5,2,31,,337960,7,0,5,1,70,,337986,7,0,5,2,29,,337971,7,0,5,1,29,,337983,7,0,5,2,69,,337961,7,0,5,1,29,,337987,7,0,5,2,68,,337972,7,0,5,1,30,,337984,7,0,5,2,69,,337962,7,0,5,1,29,,337988,7,0,5,2,68,,337973,7,0,5,1,28,,337989,7,0,5,2,73,,337963,7,0,5,1,34,,337952,7,0,5,1
19501,'H56S100F-80-F1',450,,337990,7,0,5,2,70,,337993,7,0,5,1,30,,338003,7,0,5,2,70,,338011,7,0,5,1,30,,337991,7,0,5,2,70,,337994,7,0,5,1,30,,338004,7,0,5,2,69,,338012,7,0,5,1,29,,337992,7,0,5,2,69,,337995,7,0,5,1,29,,338005,7,0,5,2,72,,338013,7,0,5,1,32,,338021,7,0,5,2,72,,337996,7,0,5,1,31,,338006,7,0,5,2,71,,338014,7,0,5,1,30,,338022,7,0,5,2,70,,337997,7,0,5,1,30,,338007,7,0,5,2,70,,338017,7,0,5,1,31,,338023,7,0,5,2,71,,337998,7,0,5,1,30,,338008,7,0,5,2,70,,338018,7,0,5,1,30,,338024,7,0,5,2,71,,337999,7,0,5,1,30,,338009,7,0,5,2,70,,338019,7,0,5,1,29,,338025,7,0,5,2,69,,338000,7,0,5,1,29,,338010,7,0,5,2,70,,338020,7,0,5,1,31,,338026,7,0,5,2,71,,338001,7,0,5,1,30,,338015,7,0,5,1,70,,338029,7,0,5,1,30,,338027,7,0,5,2,70,,338002,7,0,5,1,29,,338016,7,0,5,1,70,,338030,7,0,5,1,30,,338028,7,0,5,2
19501,'H56S200F-80-F2',450,,338031,7,0,5,2,70,,338034,7,0,5,1,30,,338044,7,0,5,2,70,,338052,7,0,5,1,30,,338032,7,0,5,2,70,,338035,7,0,5,1,30,,338045,7,0,5,2,69,,338053,7,0,5,1,29,,338033,7,0,5,2,69,,338036,7,0,5,1,29,,338046,7,0,5,2,72,,338054,7,0,5,1,32,,338062,7,0,5,2,72,,338037,7,0,5,1,31,,338047,7,0,5,2,71,,338055,7,0,5,1,30,,338063,7,0,5,2,70,,338038,7,0,5,1,30,,338048,7,0,5,2,70,,338058,7,0,5,1,31,,338064,7,0,5,2,71,,338039,7,0,5,1,30,,338049,7,0,5,2,70,,338059,7,0,5,1,30,,338065,7,0,5,2,71,,338040,7,0,5,1,30,,338050,7,0,5,2,70,,338060,7,0,5,1,29,,338066,7,0,5,2,69,,338041,7,0,5,1,29,,338051,7,0,5,2,70,,338061,7,0,5,1,31,,338067,7,0,5,2,71,,338042,7,0,5,1,30,,338056,7,0,5,1,70,,338070,7,0,5,1,30,,338068,7,0,5,2,70,,338043,7,0,5,1,29,,338057,7,0,5,1,70,,338071,7,0,5,1,30,,338069,7,0,5,2
35601,'H56S000A-80-A',2555,,346198,37,0,5,2,83,,346199,37,0,5,1,93,,346195,37,0,5,2,92,,346197,37,0,5,1,82,,346196,37,0,5,1
35601,'H56S000I-80-I',2555,,346201,37,0,5,1,81,,346205,37,0,5,2,80,,346202,37,0,5,1,40,,346200,37,0,5,1,84,,346204,37,0,5,1,84,,346203,37,0,5,1
35601,'H56S000S-82-S',2608,,346208,37,0,5,1,33,,346210,37,0,5,1,74,,346211,37,0,5,2,34,,346206,37,0,5,1,86,,346209,37,0,5,2,89,,346207,37,0,5,1
35601,'H56S100F-80-F1',2555,,346213,37,0,5,1,81,,346217,37,0,5,2,80,,346214,37,0,5,1,40,,346212,37,0,5,1,84,,346216,37,0,5,1,84,,346215,37,0,5,1
35601,'H56S200F-80-F2',2555,,346219,37,0,5,1,81,,346223,37,0,5,2,80,,346220,37,0,5,1,40,,346218,37,0,5,1,84,,346222,37,0,5,1,84,,346221,37,0,5,1
49601,'H50S000S-82-S',1457,,350543,4,0,5,1
49601,'H56S000A-80-A',644,,350547,4,0,5,1,70,,350544,4,0,5,1,27,,350580,4,0,5,2,68,,350548,4,0,5,1,26,,350545,4,0,5,1,20,,350551,4,0,5,2,60,,350581,4,0,5,2,18,,350549,4,0,5,1,18,,350563,4,0,5,2,58,,350585,4,0,5,1,18,,350550,4,0,5,1,18,,350582,4,0,5,2,58,,350552,4,0,5,2,19,,350564,4,0,5,2,20,,350586,4,0,5,1,17,,350546,4,0,5,1,60,,350583,4,0,5,2,20,,350565,4,0,5,2,17,,350555,4,0,5,2,57,,350587,4,0,5,1,17,,350572,4,0,5,2,16,,350584,4,0,5,2,55,,350556,4,0,5,2,16,,350566,4,0,5,2,18,,350588,4,0,5,1,20,,350573,4,0,5,2,60,,350553,4,0,5,2,21,,350567,4,0,5,2,19,,350589,4,0,5,1,60,,350574,4,0,5,2,20,,350554,4,0,5,2,20,,350558,4,0,5,1,59,,350568,4,0,5,2,25,,350575,4,0,5,2,67,,350559,4,0,5,1,30,,350569,4,0,5,2,69,,350576,4,0,5,2,29,,350560,4,0,5,1,72,,350570,4,0,5,2,33,,350577,4,0,5,2,73,,350561,4,0,5,1,30,,350571,4,0,5,2,69,,350578,4,0,5,2,30,,350562,4,0,5,1,70,,350557,4,0,5,2,31,,350579,4,0,5,2
49601,'H56S000I-80-I',644,,350618,4,0,5,1,69,,350605,4,0,5,1,30,,350602,4,0,5,2,70,,350619,4,0,5,1,27,,350606,4,0,5,1,66,,350603,4,0,5,2,24,,350592,4,0,5,1,23,,350620,4,0,5,1,63,,350613,4,0,5,1,22,,350596,4,0,5,1,62,,350593,4,0,5,1,21,,350621,4,0,5,1,21,,350614,4,0,5,1,60,,350627,4,0,5,2,21,,350597,4,0,5,1,20,,350622,4,0,5,1,59,,350598,4,0,5,2,19,,350615,4,0,5,1,21,,350628,4,0,5,2,17,,350608,4,0,5,2,60,,350623,4,0,5,1,20,,350616,4,0,5,1,20,,350629,4,0,5,2,59,,350609,4,0,5,2,19,,350624,4,0,5,1,19,,350617,4,0,5,1,59,,350630,4,0,5,2,24,,350610,4,0,5,2,65,,350625,4,0,5,1,27,,350631,4,0,5,2,15,,350590,4,0,5,1,55,,350611,4,0,5,2,31,,350626,4,0,5,1,15,,350632,4,0,5,2,55,,350591,4,0,5,1,30,,350612,4,0,5,2,73,,350633,4,0,5,2,33,,350607,4,0,5,1,73,,350594,4,0,5,1,32,,350599,4,0,5,2,72,,350601,4,0,5,1,29,,350595,4,0,5,1,69,,350600,4,0,5,2,29,,350604,4,0,5,2
49601,'H56S000S-82-S',532,,350678,4,0,5,1,22,,350656,4,0,5,1,60,,350654,4,0,5,1,13,,350659,4,0,5,2,12,,350704,4,0,5,2,8,,350679,4,0,5,1,8,,350661,4,0,5,2,48,,350693,4,0,5,2,8,,350657,4,0,5,1,6,,350663,4,0,5,2,6,,350664,4,0,5,2,6,,350641,4,0,5,2,6,,350655,4,0,5,1,7,,350674,4,0,5,2,8,,350686,4,0,5,1,8,,350660,4,0,5,2,49,,350705,4,0,5,2,10,,350680,4,0,5,1,10,,350662,4,0,5,2,11,,350643,4,0,5,1,11,,350658,4,0,5,1,51,,350665,4,0,5,2,12,,350642,4,0,5,2,12,,350687,4,0,5,1,20,,350681,4,0,5,1,59,,350644,4,0,5,1,20,,350666,4,0,5,2,19,,350688,4,0,5,1,61,,350682,4,0,5,1,20,,350645,4,0,5,1,19,,350667,4,0,5,2,58,,350689,4,0,5,1,15,,350694,4,0,5,1,15,,350683,4,0,5,1,15,,350646,4,0,5,1,56,,350668,4,0,5,2,20,,350690,4,0,5,1,20,,350695,4,0,5,1,59,,350684,4,0,5,1,22,,350669,4,0,5,2,21,,350691,4,0,5,1,65,,350696,4,0,5,1,11,,350698,4,0,5,2,11,,350685,4,0,5,1,12,,350675,4,0,5,2,13,,350670,4,0,5,2,55,,350652,4,0,5,2,10,,350692,4,0,5,1,13,,350653,4,0,5,2,17,,350697,4,0,5,1,55,,350699,4,0,5,2,16,,350676,4,0,5,2,17,,350671,4,0,5,2,20,,350677,4,0,5,2,59,,350636,4,0,5,1,20,,350700,4,0,5,2,20,,350651,4,0,5,2,61,,350672,4,0,5,2,22,,350637,4,0,5,1,62,,350701,4,0,5,2,22,,350647,4,0,5,1,21,,350673,4,0,5,2,60,,350638,4,0,5,1,20,,350702,4,0,5,2,20,,350650,4,0,5,1,60,,350648,4,0,5,1,22,,350639,4,0,5,1,25,,350634,4,0,5,1,68,,350649,4,0,5,1,29,,350640,4,0,5,1,70,,350635,4,0,5,1,31,,350703,4,0,5,2
49601,'H56S100F-80-F1',644,,350734,4,0,5,1,69,,350721,4,0,5,1,30,,350718,4,0,5,2,70,,350735,4,0,5,1,27,,350722,4,0,5,1,66,,350719,4,0,5,2,24,,350708,4,0,5,1,23,,350736,4,0,5,1,63,,350729,4,0,5,1,22,,350712,4,0,5,1,62,,350709,4,0,5,1,21,,350737,4,0,5,1,21,,350730,4,0,5,1,60,,350743,4,0,5,2,21,,350713,4,0,5,1,20,,350738,4,0,5,1,59,,350714,4,0,5,2,19,,350731,4,0,5,1,21,,350744,4,0,5,2,17,,350724,4,0,5,2,60,,350739,4,0,5,1,20,,350732,4,0,5,1,20,,350745,4,0,5,2,59,,350725,4,0,5,2,19,,350740,4,0,5,1,19,,350733,4,0,5,1,59,,350746,4,0,5,2,24,,350726,4,0,5,2,65,,350741,4,0,5,1,27,,350747,4,0,5,2,15,,350706,4,0,5,1,55,,350727,4,0,5,2,31,,350742,4,0,5,1,15,,350748,4,0,5,2,55,,350707,4,0,5,1,30,,350728,4,0,5,2,73,,350749,4,0,5,2,33,,350723,4,0,5,1,73,,350710,4,0,5,1,32,,350715,4,0,5,2,72,,350717,4,0,5,1,29,,350711,4,0,5,1,69,,350716,4,0,5,2,29,,350720,4,0,5,2
49601,'H56S200F-80-F2',644,,350778,4,0,5,1,69,,350765,4,0,5,1,30,,350762,4,0,5,2,70,,350779,4,0,5,1,27,,350766,4,0,5,1,66,,350763,4,0,5,2,24,,350752,4,0,5,1,23,,350780,4,0,5,1,63,,350773,4,0,5,1,22,,350756,4,0,5,1,62,,350753,4,0,5,1,21,,350781,4,0,5,1,21,,350774,4,0,5,1,60,,350787,4,0,5,2,21,,350757,4,0,5,1,20,,350782,4,0,5,1,59,,350758,4,0,5,2,19,,350775,4,0,5,1,21,,350788,4,0,5,2,17,,350768,4,0,5,2,60,,350783,4,0,5,1,20,,350776,4,0,5,1,20,,350789,4,0,5,2,59,,350769,4,0,5,2,19,,350784,4,0,5,1,19,,350777,4,0,5,1,59,,350790,4,0,5,2,24,,350770,4,0,5,2,65,,350785,4,0,5,1,27,,350791,4,0,5,2,15,,350750,4,0,5,1,55,,350771,4,0,5,2,31,,350786,4,0,5,1,15,,350792,4,0,5,2,55,,350751,4,0,5,1,30,,350772,4,0,5,2,73,,350793,4,0,5,2,33,,350767,4,0,5,1,73,,350754,4,0,5,1,32,,350759,4,0,5,2,72,,350761,4,0,5,1,29,,350755,4,0,5,1,69,,350760,4,0,5,2,29,,350764,4,0,5,2
