12804,'H50S000A-82-A',627,,323400,38,0,9,1,27,,323394,38,0,9,2,68,,323416,38,0,9,2,30,,323411,38,0,9,1,73,,323395,38,0,9,2,30,,323429,38,0,9,1,75,,323417,38,0,9,2,76,,323412,38,0,9,1,29,,323396,38,0,9,2,71,,323421,38,0,9,1,30,,323425,38,0,9,2,72,,323401,38,0,9,1,31,,323413,38,0,9,1,70,,323405,38,0,9,2,29,,323418,38,0,9,2,70,,323408,38,0,9,1,31,,323397,38,0,9,2,70,,323422,38,0,9,1,29,,323426,38,0,9,2,69,,323402,38,0,9,1,25,,323414,38,0,9,1,74,,323406,38,0,9,2,24,,323419,38,0,9,2,25,,323409,38,0,9,1,76,,323398,38,0,9,2,27,,323423,38,0,9,1,67,,323427,38,0,9,2,29,,323403,38,0,9,1,68,,323415,38,0,9,1,29,,323407,38,0,9,2,73,,323420,38,0,9,2,28,,323410,38,0,9,1,69,,323399,38,0,9,2,30,,323424,38,0,9,1,71,,323428,38,0,9,2,31,,323404,38,0,9,1
12804,'H50S000I-82-I',626,,323430,38,0,9,2,28,,323431,38,0,9,1,65,,323457,38,0,9,1,32,,323437,38,0,9,2,72,,323446,38,0,9,1,31,,323442,38,0,9,1,72,,323454,38,0,9,2,32,,323451,38,0,9,2,72,,323432,38,0,9,1,70,,323458,38,0,9,1,28,,323438,38,0,9,2,30,,323447,38,0,9,1,70,,323443,38,0,9,1,30,,323455,38,0,9,2,77,,323452,38,0,9,2,74,,323433,38,0,9,1,30,,323459,38,0,9,1,71,,323439,38,0,9,2,32,,323448,38,0,9,1,67,,323453,38,0,9,2,23,,323434,38,0,9,1,73,,323460,38,0,9,1,32,,323440,38,0,9,2,70,,323449,38,0,9,1,29,,323463,38,0,9,2,68,,323444,38,0,9,1,27,,323456,38,0,9,2,70,,323435,38,0,9,1,29,,323461,38,0,9,1,73,,323441,38,0,9,2,30,,323450,38,0,9,1,67,,323464,38,0,9,2,29,,323445,38,0,9,1,71,,323465,38,0,9,1,27,,323436,38,0,9,1,23,,323462,38,0,9,1
12804,'H50S000S-82-S',556,,323466,38,0,9,1,79,,323467,38,0,9,2,68,,323468,38,0,9,1,42,,323499,38,0,9,1,75,,323470,38,0,9,1,33,,323492,38,0,9,1,70,,323486,38,0,9,1,26,,323481,38,0,9,1,68,,323500,38,0,9,1,31,,323471,38,0,9,1,66,,323493,38,0,9,1,26,,323487,38,0,9,1,71,,323482,38,0,9,1,37,,323501,38,0,9,1,65,,323472,38,0,9,1,28,,323494,38,0,9,1,78,,323488,38,0,9,1,33,,323483,38,0,9,1,68,,323474,38,0,9,2,80,,323473,38,0,9,1,38,,323469,38,0,9,1,77,,323489,38,0,9,1,36,,323484,38,0,9,1,71,,323478,38,0,9,1,20,,323498,38,0,9,1,60,,323496,38,0,9,1,27,,323475,38,0,9,1,26,,323490,38,0,9,1,65,,323485,38,0,9,1,28,,323479,38,0,9,1,71,,323497,38,0,9,1,37,,323476,38,0,9,1,70,,323491,38,0,9,1,31,,323480,38,0,9,1,68,,323495,38,0,9,1,29,,323477,38,0,9,1
12804,'H50S100F-80-F1',626,,323502,38,0,9,2,28,,323503,38,0,9,1,65,,323529,38,0,9,1,32,,323509,38,0,9,2,72,,323518,38,0,9,1,31,,323514,38,0,9,1,72,,323526,38,0,9,2,32,,323523,38,0,9,2,72,,323504,38,0,9,1,70,,323530,38,0,9,1,28,,323510,38,0,9,2,30,,323519,38,0,9,1,70,,323515,38,0,9,1,30,,323527,38,0,9,2,77,,323524,38,0,9,2,74,,323505,38,0,9,1,30,,323531,38,0,9,1,71,,323511,38,0,9,2,32,,323520,38,0,9,1,67,,323525,38,0,9,2,23,,323506,38,0,9,1,73,,323532,38,0,9,1,32,,323512,38,0,9,2,70,,323521,38,0,9,1,29,,323535,38,0,9,2,68,,323516,38,0,9,1,27,,323528,38,0,9,2,70,,323507,38,0,9,1,29,,323533,38,0,9,1,73,,323513,38,0,9,2,30,,323522,38,0,9,1,67,,323536,38,0,9,2,29,,323517,38,0,9,1,71,,323537,38,0,9,1,27,,323508,38,0,9,1,23,,323534,38,0,9,1
12804,'H50S200F-80-F2',626,,323538,38,0,9,2,28,,323539,38,0,9,1,65,,323565,38,0,9,1,32,,323545,38,0,9,2,72,,323554,38,0,9,1,31,,323550,38,0,9,1,72,,323562,38,0,9,2,32,,323559,38,0,9,2,72,,323540,38,0,9,1,70,,323566,38,0,9,1,28,,323546,38,0,9,2,30,,323555,38,0,9,1,70,,323551,38,0,9,1,30,,323563,38,0,9,2,77,,323560,38,0,9,2,74,,323541,38,0,9,1,30,,323567,38,0,9,1,71,,323547,38,0,9,2,32,,323556,38,0,9,1,67,,323561,38,0,9,2,23,,323542,38,0,9,1,73,,323568,38,0,9,1,32,,323548,38,0,9,2,70,,323557,38,0,9,1,29,,323571,38,0,9,2,68,,323552,38,0,9,1,27,,323564,38,0,9,2,70,,323543,38,0,9,1,29,,323569,38,0,9,1,73,,323549,38,0,9,2,30,,323558,38,0,9,1,67,,323572,38,0,9,2,29,,323553,38,0,9,1,71,,323573,38,0,9,1,27,,323544,38,0,9,1,23,,323570,38,0,9,1
12804,'H60S000S-83-S',610,,323574,38,0,9,1
17702,'H60S000A-80-A',632,,333620,20,0,10,1,27,,333633,20,0,10,1,60,,333644,20,0,10,1,17,,333640,20,0,10,1,66,,333621,20,0,10,1,31,,333634,20,0,10,1,71,,333641,20,0,10,1,29,,333622,20,0,10,1,69,,333635,20,0,10,1,30,,333642,20,0,10,1,69,,333623,20,0,10,1,31,,333636,20,0,10,1,71,,333643,20,0,10,1,31,,333624,20,0,10,1,68,,333637,20,0,10,1,27,,333645,20,0,10,2,28,,333647,20,0,10,2,64,,333625,20,0,10,1,26,,333638,20,0,10,1,73,,333646,20,0,10,2,33,,333626,20,0,10,1,70,,333639,20,0,10,1,31,,333649,20,0,10,2,71,,333627,20,0,10,1,30,,333651,20,0,10,2,69,,333650,20,0,10,2,30,,333657,20,0,10,2,70,,333628,20,0,10,1,30,,333652,20,0,10,2,69,,333648,20,0,10,2,29,,333658,20,0,10,2,54,,333629,6,0,10,1,31,,333653,6,0,10,2,70,,333630,6,0,10,1,30,,333654,6,0,10,2,70,,333631,6,0,10,1,30,,333655,6,0,10,2,70,,333632,6,0,10,1,30,,333656,6,0,10,2
17702,'H60S000I-81-I',631,,333659,20,0,10,1,70,,333669,20,0,10,2,30,,333679,20,0,10,2,70,,333660,20,0,10,1,30,,333670,20,0,10,2,70,,333680,20,0,10,2,29,,333661,20,0,10,1,70,,333671,20,0,10,2,30,,333681,20,0,10,2,71,,333662,20,0,10,1,31,,333672,20,0,10,2,70,,333682,20,0,10,2,29,,333663,20,0,10,1,72,,333673,20,0,10,2,31,,333683,20,0,10,2,68,,333664,20,0,10,1,33,,333674,20,0,10,2,70,,333684,20,0,10,2,29,,333665,20,0,10,1,23,,333696,20,0,10,2,63,,333675,20,0,10,2,27,,333685,20,0,10,2,71,,333666,20,0,10,1,33,,333676,20,0,10,2,73,,333686,20,0,10,2,28,,333667,20,0,10,1,67,,333677,20,0,10,2,33,,333687,20,0,10,2,68,,333668,20,0,10,1,27,,333678,20,0,10,2,59,,333688,6,0,10,1,30,,333692,6,0,10,2,70,,333689,6,0,10,1,30,,333693,6,0,10,2,70,,333690,6,0,10,1,30,,333694,6,0,10,2,69,,333691,6,0,10,1,29,,333695,6,0,10,2
17702,'H60S000S-83-S',548,,333701,20,0,10,2,55,,333706,20,0,10,1,15,,333698,20,0,10,1,12,,333704,20,0,10,1,12,,333700,20,0,10,1,7,,333716,20,0,10,2,8,,333712,20,0,10,2,49,,333717,20,0,10,2,11,,333718,20,0,10,2,7,,333720,20,0,10,1,7,,333702,20,0,10,2,7,,333722,20,0,10,2,5,,333723,20,0,10,2,5,,333724,20,0,10,2,6,,333725,20,0,10,2,47,,333699,20,0,10,1,7,,333728,20,0,10,2,8,,333729,20,0,10,2,8,,333730,20,0,10,1,10,,333727,20,0,10,2,12,,333711,20,0,10,2,12,,333734,20,0,10,2,49,,333721,20,0,10,1,9,,333719,20,0,10,2,11,,333714,20,0,10,1,12,,333726,20,0,10,2,20,,333731,20,0,10,1,60,,333713,20,0,10,2,23,,333735,20,0,10,2,67,,333715,20,0,10,1,29,,333732,20,0,10,1,69,,333703,20,0,10,1,29,,333736,20,0,10,2,69,,333697,20,0,10,2,31,,333705,20,0,10,1,70,,333738,20,0,10,2,30,,333737,20,0,10,2,73,,333733,20,0,10,1,34,,333745,20,0,10,2,73,,333751,20,0,10,2,28,,333739,20,0,10,1,68,,333753,20,0,10,2,31,,333752,20,0,10,1,69,,333746,20,0,10,2,31,,333707,20,0,10,1,70,,333740,20,0,10,2,27,,333754,20,0,10,1,71,,333747,20,0,10,2,33,,333708,20,0,10,1,66,,333741,20,0,10,2,25,,333748,6,0,10,2,65,,333709,6,0,10,1,25,,333742,6,0,10,2,25,,333749,6,0,10,2,65,,333710,6,0,10,1,25,,333743,6,0,10,2,69,,333750,6,0,10,1,32,,333744,6,0,10,2
17702,'H60S100F-80-F1',631,,333755,20,0,10,1,70,,333768,20,0,10,2,30,,333778,20,0,10,2,70,,333756,20,0,10,1,30,,333769,20,0,10,2,70,,333779,20,0,10,2,29,,333757,20,0,10,1,70,,333770,20,0,10,2,30,,333780,20,0,10,2,71,,333758,20,0,10,1,31,,333771,20,0,10,2,70,,333781,20,0,10,2,29,,333759,20,0,10,1,72,,333772,20,0,10,2,31,,333782,20,0,10,2,68,,333760,20,0,10,1,33,,333773,20,0,10,2,70,,333783,20,0,10,2,29,,333761,20,0,10,1,23,,333787,20,0,10,1,63,,333774,20,0,10,2,27,,333784,20,0,10,2,71,,333762,20,0,10,1,33,,333775,20,0,10,2,73,,333785,20,0,10,2,28,,333763,20,0,10,1,67,,333776,20,0,10,2,33,,333786,20,0,10,2,68,,333764,20,0,10,1,27,,333777,20,0,10,2,59,,333792,6,0,10,1,30,,333788,6,0,10,1,70,,333765,6,0,10,1,30,,333789,6,0,10,1,70,,333766,6,0,10,1,30,,333790,6,0,10,1,69,,333767,6,0,10,1,29,,333791,6,0,10,1
17702,'H60S200F-80-F2',631,,333793,20,0,10,1,70,,333806,20,0,10,2,30,,333816,20,0,10,2,70,,333794,20,0,10,1,30,,333807,20,0,10,2,70,,333817,20,0,10,2,29,,333795,20,0,10,1,70,,333808,20,0,10,2,30,,333818,20,0,10,2,71,,333796,20,0,10,1,31,,333809,20,0,10,2,70,,333819,20,0,10,2,29,,333797,20,0,10,1,72,,333810,20,0,10,2,31,,333820,20,0,10,2,68,,333798,20,0,10,1,33,,333811,20,0,10,2,70,,333821,20,0,10,2,29,,333799,20,0,10,1,23,,333825,20,0,10,1,63,,333812,20,0,10,2,27,,333822,20,0,10,2,71,,333800,20,0,10,1,33,,333813,20,0,10,2,73,,333823,20,0,10,2,28,,333801,20,0,10,1,67,,333814,20,0,10,2,33,,333824,20,0,10,2,68,,333802,20,0,10,1,27,,333815,20,0,10,2,59,,333830,6,0,10,1,30,,333826,6,0,10,1,70,,333803,6,0,10,1,30,,333827,6,0,10,1,70,,333804,6,0,10,1,30,,333828,6,0,10,1,69,,333805,6,0,10,1,29,,333829,6,0,10,1
