6802,'H60S000A-80-A',452,,306984,5,0,10,1,69,,306985,5,0,10,1,28,,307010,5,0,10,2,70,,306998,5,0,10,2,30,,306986,5,0,10,1,70,,307011,5,0,10,2,30,,306999,5,0,10,2,71,,306987,5,0,10,1,30,,307012,5,0,10,2,71,,307000,5,0,10,2,31,,306988,5,0,10,1,72,,307013,5,0,10,2,33,,307001,5,0,10,2,73,,306989,5,0,10,1,70,,307014,5,0,10,2,33,,307002,5,0,10,2,71,,306990,5,0,10,1,29,,307015,5,0,10,2,72,,307003,5,0,10,2,31,,306991,5,0,10,1,69,,307016,5,0,10,2,32,,307004,5,0,10,2,71,,306992,5,0,10,1,29,,307017,5,0,10,2,72,,307005,5,0,10,2,31,,306993,5,0,10,1,69,,307018,5,0,10,2,30,,307006,5,0,10,2,71,,306994,5,0,10,1,30,,307019,5,0,10,2,70,,307007,5,0,10,2,27,,306995,5,0,10,1,69,,307020,5,0,10,2,30,,307008,5,0,10,2,67,,306996,5,0,10,1,28,,307021,5,0,10,2,70,,307009,5,0,10,2,32,,306997,5,0,10,1,73,,307022,5,0,10,2,31,,307024,5,0,10,1,70,,307023,5,0,10,1,30,,307025,5,0,10,1
6802,'H60S000I-81-I',454,,307027,5,0,10,1,76,,307040,5,0,10,1,76,,307041,5,0,10,2,34,,307028,5,0,10,1,73,,307054,5,0,10,2,33,,307042,5,0,10,2,73,,307029,5,0,10,1,32,,307055,5,0,10,2,73,,307043,5,0,10,2,33,,307030,5,0,10,1,71,,307056,5,0,10,2,29,,307044,5,0,10,2,68,,307031,5,0,10,1,30,,307057,5,0,10,2,71,,307045,5,0,10,2,30,,307032,5,0,10,1,70,,307058,5,0,10,2,30,,307046,5,0,10,2,70,,307033,5,0,10,1,30,,307059,5,0,10,2,70,,307047,5,0,10,2,30,,307034,5,0,10,1,70,,307060,5,0,10,2,31,,307048,5,0,10,2,70,,307035,5,0,10,1,29,,307061,5,0,10,2,70,,307049,5,0,10,2,30,,307036,5,0,10,1,70,,307062,5,0,10,2,30,,307050,5,0,10,2,67,,307037,5,0,10,1,29,,307063,5,0,10,2,70,,307051,5,0,10,2,27,,307038,5,0,10,1,67,,307064,5,0,10,2,30,,307052,5,0,10,2,67,,307039,5,0,10,1,28,,307065,5,0,10,2,75,,307053,5,0,10,2,35,,307026,5,0,10,1,75,,307066,5,0,10,1
6802,'H60S000S-83-S',448,,307072,5,0,10,1,77,,307077,5,0,10,1,77,,307075,5,0,10,1,33,,307083,5,0,10,1,73,,307085,5,0,10,2,34,,307076,5,0,10,1,75,,307084,5,0,10,1,34,,307086,5,0,10,2,70,,307078,5,0,96 97,1,30,,307087,5,0,96 97,1,70,,307067,5,0,96 97,1,29,,307079,5,0,96 97,1,69,,307088,5,0,96 97,1,32,,307068,5,0,96 97,1,72,,307080,5,0,96 97,1,32,,307089,5,0,96 97,1,64,,307069,5,0,96 97,1,20,,307081,5,0,10,1,15,,307073,5,0,96 97,2,53,,307090,5,0,10,1,12,,307094,5,0,96 97,2,13,,307096,5,0,10,2,13,,307070,5,0,96 97,1,13,,307092,5,0,10,2,52,,307074,5,0,96 97,2,12,,307082,5,0,10,1,11,,307095,5,0,96 97,2,12,,307105,5,0,10,1,12,,307091,5,0,96 97,1,50,,307118,5,0,10,1,9,,307098,5,0,96 97,2,8,,307071,5,0,10,1,9,,307097,5,0,96 97,2,10,,307111,5,0,10,2,13,,307093,5,0,96 97,2,54,,307100,5,0,10,1,14,,307120,5,0,96 97,2,14,,307099,5,0,10,1,14,,307119,5,0,96 97,1,52,,307106,5,0,10,1,20,,307112,5,0,96 97,2,22,,307113,5,0,10,1,68,,307101,5,0,10,1,32,,307107,5,0,10,1,73,,307114,5,0,10,1,30,,307102,5,0,10,1,72,,307108,5,0,10,1,33,,307115,5,0,10,1,73,,307103,5,0,10,1,73,,307109,5,0,10,1,33,,307116,5,0,10,1,73,,307104,5,0,10,1,30,,307110,5,0,10,1,70,,307117,5,0,10,1
6802,'H60S100F-80-F1',454,,307121,5,0,10,1,76,,307135,5,0,10,1,76,,307136,5,0,10,2,34,,307122,5,0,10,1,73,,307149,5,0,10,1,33,,307137,5,0,10,2,73,,307123,5,0,10,1,32,,307150,5,0,10,1,73,,307138,5,0,10,2,33,,307124,5,0,10,1,71,,307151,5,0,10,1,29,,307139,5,0,10,2,68,,307125,5,0,10,1,30,,307152,5,0,10,1,71,,307140,5,0,10,2,30,,307126,5,0,10,1,70,,307153,5,0,10,1,30,,307141,5,0,10,2,70,,307127,5,0,10,1,30,,307154,5,0,10,1,70,,307142,5,0,10,2,30,,307128,5,0,10,1,70,,307155,5,0,10,1,31,,307143,5,0,10,2,70,,307129,5,0,10,1,29,,307156,5,0,10,1,70,,307144,5,0,10,2,30,,307130,5,0,10,1,70,,307157,5,0,10,1,30,,307145,5,0,10,2,67,,307131,5,0,10,1,29,,307158,5,0,10,1,70,,307146,5,0,10,2,27,,307132,5,0,10,1,67,,307159,5,0,10,1,30,,307147,5,0,10,2,67,,307133,5,0,10,1,28,,307160,5,0,10,1,75,,307148,5,0,10,2,35,,307134,5,0,10,2,75,,307161,5,0,10,1
6802,'H60S200F-80-F2',454,,307162,5,0,10,1,76,,307176,5,0,10,1,76,,307177,5,0,10,2,34,,307163,5,0,10,1,73,,307190,5,0,10,1,33,,307178,5,0,10,2,73,,307164,5,0,10,1,32,,307191,5,0,10,1,73,,307179,5,0,10,2,33,,307165,5,0,10,1,71,,307192,5,0,10,1,29,,307180,5,0,10,2,68,,307166,5,0,10,1,30,,307193,5,0,10,1,71,,307181,5,0,10,2,30,,307167,5,0,10,1,70,,307194,5,0,10,1,30,,307182,5,0,10,2,70,,307168,5,0,10,1,30,,307195,5,0,10,1,70,,307183,5,0,10,2,30,,307169,5,0,10,1,70,,307196,5,0,10,1,31,,307184,5,0,10,2,70,,307170,5,0,10,1,29,,307197,5,0,10,1,70,,307185,5,0,10,2,30,,307171,5,0,10,1,70,,307198,5,0,10,1,30,,307186,5,0,10,2,67,,307172,5,0,10,1,29,,307199,5,0,10,1,70,,307187,5,0,10,2,27,,307173,5,0,10,1,67,,307200,5,0,10,1,30,,307188,5,0,10,2,67,,307174,5,0,10,1,28,,307201,5,0,10,1,75,,307189,5,0,10,2,35,,307175,5,0,10,2,75,,307202,5,0,10,1
38202,'H60S000A-80-A',2623,,347374,65,0,10,1,85,,347376,65,0,10,1,45,,347373,65,0,10,1,85,,347375,65,0,10,1
38202,'H60S000I-81-I',2623,,347379,65,0,10,1,85,,347378,65,0,10,1,44,,347377,65,0,10,1,85,,347380,65,0,10,1
38202,'H60S000S-83-S',2624,,347381,65,0,10,2,85,,347384,65,0,10,1,44,,347382,65,0,10,1,85,,347383,65,0,10,1
38202,'H60S100F-80-F1',2623,,347387,65,0,10,1,85,,347385,65,0,10,1,44,,347386,65,0,10,2,85,,347388,65,0,10,1
38202,'H60S200F-80-F2',2623,,347391,65,0,10,1,85,,347389,65,0,10,1,44,,347390,65,0,10,2,85,,347392,65,0,10,1
