21101,'H50S000S-82-S',801,,343161,19,0,99 137,1
21101,'H56S000A-80-A',622,,343174,24,0,5,2,29,,343196,24,0,5,1,70,,343162,24,0,5,1,30,,343192,24,0,5,2,70,,343167,24,0,5,1,32,,343175,24,0,5,2,70,,343197,24,0,5,1,28,,343178,24,0,5,1,68,,343193,24,0,5,2,31,,343168,24,0,5,1,69,,343176,24,0,5,2,30,,343198,24,0,5,1,71,,343179,24,0,5,1,30,,343194,24,0,5,2,70,,343169,24,0,5,1,23,,343177,24,0,5,2,59,,343199,24,0,5,1,19,,343186,24,0,5,1,20,,343180,24,0,5,1,59,,343195,24,0,5,2,20,,343183,24,0,5,2,20,,343170,24,0,5,1,60,,343200,24,0,5,2,21,,343189,24,0,5,2,28,,343187,24,0,5,1,70,,343181,24,0,5,1,29,,343184,24,0,5,2,67,,343171,24,0,5,1,27,,343190,24,0,5,2,65,,343188,24,0,5,1,26,,343182,24,0,5,1,67,,343185,24,0,5,2,27,,343172,24,0,5,1,28,,343191,24,0,5,2,68,,343165,24,0,5,2,29,,343163,24,0,5,1,70,,343201,24,0,5,2,32,,343173,24,0,5,1,71,,343166,24,0,5,2,31,,343164,24,0,5,1
21101,'H56S000I-80-I',621,,343220,24,0,5,1,33,,343210,24,0,5,1,70,,343207,24,0,5,1,30,,343212,24,0,5,2,70,,343221,24,0,5,1,30,,343211,24,0,5,1,68,,343208,24,0,5,1,29,,343213,24,0,5,2,71,,343222,24,0,5,1,32,,343231,24,0,5,2,69,,343209,24,0,5,1,30,,343214,24,0,5,2,69,,343227,24,0,5,1,29,,343223,24,0,5,1,71,,343232,24,0,5,2,29,,343235,24,0,5,1,70,,343215,24,0,5,2,30,,343228,24,0,5,1,71,,343224,24,0,5,1,28,,343233,24,0,5,2,70,,343236,24,0,5,1,28,,343216,24,0,5,2,68,,343229,24,0,5,1,27,,343225,24,0,5,1,69,,343234,24,0,5,2,24,,343237,24,0,5,1,65,,343217,24,0,5,2,26,,343230,24,0,5,1,28,,343226,24,0,5,1,70,,343238,24,0,5,1,30,,343202,24,0,5,1,69,,343218,24,0,5,2,29,,343204,24,0,5,1,70,,343206,24,0,5,1,30,,343219,24,0,5,2,70,,343203,24,0,5,1,31,,343205,24,0,5,1
21101,'H56S000S-82-S',513,,343302,24,0,5,2,26,,343301,24,0,5,1,64,,343300,24,0,5,2,25,,343290,19,0,99 137,1,12,,343292,24,0,5,1,9,,343260,24,0,5,2,53,,343239,19,0,99 137,1,3,,343278,24,0,5,2,12,,343254,24,0,5,2,13,,343296,19,0,99 137,2,7,,343264,24,0,5,2,10,,343280,24,0,5,2,61,,343243,24,0,5,1,12,,343263,24,0,5,2,16,,343249,19,0,99 137,2,5,,343265,24,0,5,1,10,,343298,24,0,5,1,54,,343262,19,0,99 137,1,6,,343291,24,0,5,1,11,,343261,24,0,5,2,12,,343240,24,0,5,1,15,,343255,24,0,5,2,56,,343297,24,0,5,2,18,,343281,24,0,5,2,20,,343248,24,0,5,1,60,,343250,24,0,5,2,20,,343269,24,0,5,2,22,,343266,24,0,5,1,60,,343256,24,0,5,2,20,,343293,24,0,5,2,20,,343282,24,0,5,2,60,,343287,24,0,5,1,20,,343251,24,0,5,2,22,,343270,24,0,5,2,61,,343267,24,0,5,1,20,,343257,24,0,5,2,20,,343285,24,0,5,1,58,,343283,24,0,5,2,17,,343288,24,0,5,1,21,,343252,24,0,5,2,60,,343272,19,0,99 137,2,13,,343271,24,0,5,2,20,,343268,19,0,99 137,1,11,,343273,24,0,5,2,59,,343258,19,0,99 137,2,12,,343286,24,0,5,1,21,,343244,19,0,99 137,1,12,,343284,24,0,5,2,59,,343276,19,0,99 137,2,11,,343253,24,0,5,2,24,,343274,19,0,99 137,1,60,,343279,24,0,5,1,24,,343259,24,0,5,2,28,,343245,24,0,5,1,69,,343277,24,0,5,2,30,,343275,24,0,5,1,70,,343241,24,0,5,1,30,,343294,24,0,5,2,70,,343246,24,0,5,1,28,,343247,24,0,5,2,68,,343299,24,0,5,2,31,,343242,24,0,5,1,64,,343289,24,0,5,2,24,,343295,24,0,5,2
21101,'H56S100F-80-F1',621,,343321,24,0,5,1,33,,343311,24,0,5,1,70,,343308,24,0,5,1,30,,343313,24,0,5,2,70,,343322,24,0,5,1,30,,343312,24,0,5,1,68,,343309,24,0,5,1,29,,343314,24,0,5,2,71,,343323,24,0,5,1,32,,343332,24,0,5,2,69,,343310,24,0,5,1,30,,343315,24,0,5,2,69,,343328,24,0,5,1,29,,343324,24,0,5,1,71,,343333,24,0,5,2,29,,343336,24,0,5,1,70,,343316,24,0,5,2,30,,343329,24,0,5,1,71,,343325,24,0,5,1,28,,343334,24,0,5,2,70,,343337,24,0,5,1,28,,343317,24,0,5,2,68,,343330,24,0,5,1,27,,343326,24,0,5,1,69,,343335,24,0,5,2,24,,343338,24,0,5,1,65,,343318,24,0,5,2,26,,343331,24,0,5,1,28,,343327,24,0,5,1,70,,343339,24,0,5,1,30,,343303,24,0,5,1,69,,343319,24,0,5,2,29,,343305,24,0,5,1,70,,343307,24,0,5,1,30,,343320,24,0,5,2,70,,343304,24,0,5,1,31,,343306,24,0,5,1
21101,'H56S200F-80-F2',621,,343358,24,0,5,1,33,,343348,24,0,5,1,70,,343345,24,0,5,1,30,,343350,24,0,5,2,70,,343359,24,0,5,1,30,,343349,24,0,5,1,68,,343346,24,0,5,1,29,,343351,24,0,5,2,71,,343360,24,0,5,1,32,,343369,24,0,5,2,69,,343347,24,0,5,1,30,,343352,24,0,5,2,69,,343365,24,0,5,1,29,,343361,24,0,5,1,71,,343370,24,0,5,2,29,,343373,24,0,5,1,70,,343353,24,0,5,2,30,,343366,24,0,5,1,71,,343362,24,0,5,1,28,,343371,24,0,5,2,70,,343374,24,0,5,1,28,,343354,24,0,5,2,68,,343367,24,0,5,1,27,,343363,24,0,5,1,69,,343372,24,0,5,2,24,,343375,24,0,5,1,65,,343355,24,0,5,2,26,,343368,24,0,5,1,28,,343364,24,0,5,1,70,,343376,24,0,5,1,30,,343340,24,0,5,1,69,,343356,24,0,5,2,29,,343342,24,0,5,1,70,,343344,24,0,5,1,30,,343357,24,0,5,2,70,,343341,24,0,5,1,31,,343343,24,0,5,1
22103,'H60S000A-80-A',822,,345034,8,0,8,1,28,,345023,8,0,8,2,70,,345035,8,0,8,1,29,,345024,8,0,8,2,72,,345036,8,0,8,1,32,,345025,8,0,8,2,68,,345037,8,0,8,1,30,,345026,8,0,8,2,71,,345038,8,0,8,1,30,,345027,8,0,8,2,71,,345039,8,0,8,1,30,,345028,8,0,8,2,71,,345040,8,0,8,1,30,,345029,8,0,8,2,71,,345041,8,0,8,1,30,,345030,8,0,8,2,71,,345042,8,0,8,1,30,,345031,8,0,8,2,70,,345043,8,0,8,1,30,,345032,8,0,8,2,70,,345044,8,0,8,1,30,,345033,8,0,8,2
22103,'H60S000I-81-I',802,,345056,8,0,8,1,29,,345045,8,0,8,1,73,,345057,8,0,8,1,30,,345046,8,0,8,1,73,,345058,8,0,8,1,33,,345047,8,0,8,1,69,,345059,8,0,8,1,33,,345048,8,0,8,1,71,,345060,8,0,8,1,30,,345049,8,0,8,1,71,,345061,8,0,8,1,33,,345050,8,0,8,1,71,,345062,8,0,8,1,30,,345051,8,0,8,1,72,,345063,8,0,8,1,32,,345052,8,0,8,1,70,,345064,8,0,8,1,32,,345053,8,0,8,1,72,,345065,8,0,8,1,33,,345054,8,0,8,1,70,,345066,8,0,8,1,30,,345055,8,0,8,1
22103,'H60S000S-83-S',607,,345078,8,0,8,2,15,,345081,8,0,8,1,16,,345079,8,0,8,1,15,,345084,8,0,8,2,55,,345067,8,0,8,1,15,,345082,8,0,8,1,17,,345069,8,0,8,2,14,,345085,8,0,8,2,56,,345068,8,0,8,1,16,,345083,8,0,8,1,18,,345070,8,0,8,2,64,,345086,8,0,8,2,30,,345071,8,0,8,1,72,,345087,8,0,8,2,27,,345072,8,0,8,1,73,,345088,8,0,8,2,32,,345073,8,0,8,1,72,,345089,8,0,8,2,30,,345074,8,0,8,1,72,,345090,8,0,8,2,30,,345075,8,0,8,1,72,,345091,8,0,8,2,31,,345076,8,0,8,1,72,,345092,8,0,8,2,30,,345077,8,0,8,1,50,,345106,8,0,8,2,14,,345098,8,0,8,1,14,,345099,8,0,8,1,14,,345107,8,0,8,1,13,,345093,8,0,8,2,51,,345104,8,0,8,1,15,,345080,8,0,8,2,13,,345100,8,0,8,1,15,,345094,8,0,8,1,56,,345108,8,0,8,1,17,,345105,8,0,8,1,19,,345101,8,0,8,1,68,,345095,8,0,8,1,29,,345102,8,0,8,1,71,,345096,8,0,8,1,33,,345103,8,0,8,1,72,,345097,8,0,8,1
22103,'H60S100F-80-F1',802,,345120,8,0,8,2,29,,345109,8,0,8,1,73,,345121,8,0,8,2,30,,345110,8,0,8,1,73,,345122,8,0,8,2,33,,345111,8,0,8,1,69,,345123,8,0,8,2,33,,345112,8,0,8,1,71,,345124,8,0,8,2,30,,345113,8,0,8,1,71,,345125,8,0,8,2,33,,345114,8,0,8,1,71,,345126,8,0,8,2,30,,345115,8,0,8,1,72,,345127,8,0,8,2,32,,345116,8,0,8,1,70,,345128,8,0,8,2,32,,345117,8,0,8,1,72,,345129,8,0,8,2,33,,345118,8,0,8,1,70,,345130,8,0,8,2,30,,345119,8,0,8,1
22103,'H60S200F-80-F2',802,,345142,8,0,8,2,29,,345131,8,0,8,1,73,,345143,8,0,8,2,30,,345132,8,0,8,1,73,,345144,8,0,8,2,33,,345133,8,0,8,1,69,,345145,8,0,8,2,33,,345134,8,0,8,1,71,,345146,8,0,8,2,30,,345135,8,0,8,1,71,,345147,8,0,8,2,33,,345136,8,0,8,1,71,,345148,8,0,8,2,30,,345137,8,0,8,1,72,,345149,8,0,8,2,32,,345138,8,0,8,1,70,,345150,8,0,8,2,32,,345139,8,0,8,1,72,,345151,8,0,8,2,33,,345140,8,0,8,1,70,,345152,8,0,8,2,30,,345141,8,0,8,1
