3502,'H56S000A-80-A',606,,296145,11,0,10,2,29,,296137,11,0,10,1,69,,296139,11,0,10,1,29,,296119,11,0,10,1,70,,296141,11,0,10,1,31,,296138,11,0,10,1,70,,296140,11,0,10,1,32,,296120,11,0,10,1,73,,296127,11,0,10,2,34,,296112,11,0,10,1,72,,296134,11,0,10,2,30,,296121,11,0,10,1,70,,296128,11,0,10,2,31,,296113,11,0,10,1,71,,296135,11,0,10,2,30,,296122,11,0,10,1,71,,296129,11,0,10,2,31,,296114,11,0,10,1,70,,296136,11,0,10,2,31,,296123,11,0,10,1,72,,296130,11,0,10,2,31,,296115,11,0,10,1,70,,296142,11,0,10,2,31,,296124,11,0,10,1,71,,296131,11,0,10,2,28,,296116,11,0,10,1,69,,296143,11,0,10,2,28,,296125,11,0,10,1,69,,296132,11,0,10,2,26,,296117,11,0,10,1,68,,296144,11,0,10,2,29,,296126,11,0,10,1,69,,296133,11,0,10,2,30,,296118,11,0,10,1
3502,'H56S000I-80-I',605,,296178,11,0,10,1,29,,296146,11,0,10,1,69,,296171,11,0,10,1,29,,296158,11,0,10,2,71,,296179,11,0,10,1,30,,296147,11,0,10,1,71,,296172,11,0,10,1,32,,296174,11,0,10,1,72,,296159,11,0,10,2,32,,296166,11,0,10,1,73,,296148,11,0,10,1,29,,296175,11,0,10,1,70,,296160,11,0,10,2,30,,296167,11,0,10,1,71,,296149,11,0,10,1,32,,296153,11,0,10,1,69,,296161,11,0,10,2,29,,296168,11,0,10,1,70,,296150,11,0,10,1,30,,296154,11,0,10,1,69,,296162,11,0,10,2,31,,296169,11,0,10,1,68,,296151,11,0,10,1,29,,296155,11,0,10,1,71,,296163,11,0,10,2,30,,296170,11,0,10,1,70,,296152,11,0,10,1,28,,296156,11,0,10,1,70,,296164,11,0,10,2,30,,296176,11,0,10,1,70,,296173,11,0,10,1,30,,296157,11,0,10,1,70,,296165,11,0,10,2,31,,296177,11,0,10,1
3502,'H56S000S-82-S',544,,296212,11,0,10,1,71,,296180,11,0,10,2,34,,296182,11,0,10,2,73,,296214,11,0,10,1,28,,296213,11,0,10,1,71,,296181,11,0,10,2,30,,296198,11,0,10,1,70,,296210,11,0,10,2,31,,296215,11,0,10,1,70,,296204,11,0,10,2,30,,296195,11,0,10,1,71,,296183,11,0,10,1,29,,296189,11,0,10,2,71,,296199,11,0,10,1,29,,296205,11,0,10,2,69,,296196,11,0,10,1,28,,296184,11,0,10,1,68,,296190,11,0,10,2,28,,296200,11,0,10,1,68,,296206,11,0,10,2,28,,296197,11,0,10,1,69,,296185,11,0,10,1,31,,296191,11,0,10,2,69,,296201,11,0,10,1,27,,296207,11,0,10,2,67,,296211,11,0,10,2,27,,296186,11,0,10,1,26,,296192,11,0,10,2,71,,296202,11,0,10,1,31,,296208,11,0,10,2,71,,296187,11,0,10,1,70,,296193,11,0,10,2,28,,296203,11,0,10,1,25,,296209,11,0,10,2,70,,296188,11,0,10,1,33,,296194,11,0,10,2
3502,'H56S100F-80-F1',605,,296248,11,0,10,1,29,,296216,11,0,10,1,69,,296241,11,0,10,1,29,,296228,11,0,10,2,71,,296249,11,0,10,1,30,,296217,11,0,10,1,71,,296242,11,0,10,1,32,,296244,11,0,10,1,72,,296229,11,0,10,2,32,,296236,11,0,10,1,73,,296218,11,0,10,1,29,,296245,11,0,10,1,70,,296230,11,0,10,2,30,,296237,11,0,10,1,71,,296219,11,0,10,1,32,,296223,11,0,10,1,69,,296231,11,0,10,2,29,,296238,11,0,10,1,70,,296220,11,0,10,1,30,,296224,11,0,10,1,69,,296232,11,0,10,2,31,,296239,11,0,10,1,68,,296221,11,0,10,1,29,,296225,11,0,10,1,71,,296233,11,0,10,2,30,,296240,11,0,10,1,70,,296222,11,0,10,1,28,,296226,11,0,10,1,70,,296234,11,0,10,2,30,,296246,11,0,10,1,70,,296243,11,0,10,1,30,,296227,11,0,10,1,70,,296235,11,0,10,2,31,,296247,11,0,10,1
3502,'H56S200F-80-F2',605,,296282,11,0,10,1,29,,296250,11,0,10,1,69,,296275,11,0,10,1,29,,296262,11,0,10,2,71,,296283,11,0,10,1,30,,296251,11,0,10,1,71,,296276,11,0,10,1,32,,296278,11,0,10,1,72,,296263,11,0,10,2,32,,296270,11,0,10,1,73,,296252,11,0,10,1,29,,296279,11,0,10,1,70,,296264,11,0,10,2,30,,296271,11,0,10,1,71,,296253,11,0,10,1,32,,296257,11,0,10,1,69,,296265,11,0,10,2,29,,296272,11,0,10,1,70,,296254,11,0,10,1,30,,296258,11,0,10,1,69,,296266,11,0,10,2,31,,296273,11,0,10,1,68,,296255,11,0,10,1,29,,296259,11,0,10,1,71,,296267,11,0,10,2,30,,296274,11,0,10,1,70,,296256,11,0,10,1,28,,296260,11,0,10,1,70,,296268,11,0,10,2,30,,296280,11,0,10,1,70,,296277,11,0,10,1,30,,296261,11,0,10,1,70,,296269,11,0,10,2,31,,296281,11,0,10,1
7404,'H59S000A-80-A',635,,309049,9,0,99 120,1,70,,309067,9,0,99 120,2,30,,309050,9,0,99 120,1,70,,309068,9,0,99 120,2,30,,309051,9,0,99 120,1,70,,309069,9,0,99 120,2,30,,309052,9,0,99 120,1,70,,309070,9,0,99 120,2,30,,309053,9,0,99 120,1,70,,309071,9,0,99 120,2,30,,309054,9,0,99 120,1,70,,309072,9,0,99 120,2,30,,309055,9,0,99 120,1,70,,309073,9,0,99 120,2,30,,309056,9,0,99 120,1,70,,309074,9,0,99 120,2,30,,309057,9,0,99 120,1,70,,309075,9,0,99 120,2,30,,309058,9,0,99 120,1,71,,309076,9,0,99 120,2,31,,309059,9,0,99 120,1,69,,309077,9,0,99 120,2,29,,309060,9,0,99 120,1,70,,309078,9,0,99 120,2,30,,309061,9,0,99 120,1,70,,309079,9,0,99 120,2,30,,309062,9,0,99 120,1,70,,309080,9,0,99 120,2,30,,309063,9,0,99 120,1,70,,309081,9,0,99 120,2,30,,309064,9,0,99 120,1,70,,309082,9,0,99 120,2,30,,309065,9,0,99 120,1,70,,309083,9,0,99 120,2,30,,309066,9,0,99 120,1
7404,'H59S000I-81-I',634,,309084,9,0,99 120,1,70,,309102,9,0,99 120,2,30,,309085,9,0,99 120,1,70,,309103,9,0,99 120,2,31,,309086,9,0,99 120,1,70,,309104,9,0,99 120,2,30,,309087,9,0,99 120,1,70,,309105,9,0,99 120,2,30,,309088,9,0,99 120,1,70,,309106,9,0,99 120,2,30,,309089,9,0,99 120,1,70,,309107,9,0,99 120,2,30,,309090,9,0,99 120,1,70,,309108,9,0,99 120,2,30,,309091,9,0,99 120,1,70,,309109,9,0,99 120,2,30,,309092,9,0,99 120,1,70,,309110,9,0,99 120,2,30,,309093,9,0,99 120,1,70,,309111,9,0,99 120,2,30,,309094,9,0,99 120,1,70,,309112,9,0,99 120,2,30,,309095,9,0,99 120,1,70,,309113,9,0,99 120,2,30,,309096,9,0,99 120,1,70,,309114,9,0,99 120,2,30,,309097,9,0,99 120,1,70,,309115,9,0,99 120,2,30,,309098,9,0,99 120,1,70,,309116,9,0,99 120,2,30,,309099,9,0,99 120,1,70,,309117,9,0,99 120,2,30,,309100,9,0,99 120,1,70,,309118,9,0,99 120,2,30,,309101,9,0,99 120,1
7404,'H59S000S-80-S',620,,309140,9,0,99 120,1,25,,309119,9,0,99 120,2,63,,309141,9,0,99 120,1,24,,309120,9,0,99 120,2,25,,309142,9,0,99 120,1,66,,309121,9,0,99 120,2,25,,309143,9,0,99 120,1,66,,309122,9,0,99 120,2,23,,309144,9,0,99 120,1,63,,309123,9,0,99 120,2,24,,309145,9,0,99 120,1,23,,309124,9,0,99 120,2,63,,309146,9,0,99 120,1,23,,309125,9,0,99 120,2,23,,309147,9,0,99 120,1,63,,309126,9,0,99 120,2,23,,309148,9,0,99 120,1,63,,309127,9,0,99 120,2,23,,309149,9,0,99 120,1,23,,309128,9,0,99 120,2,63,,309150,9,0,99 120,1,25,,309129,9,0,99 120,2,482,,309156,9,0,99 120,1,31,,309135,9,0,99 120,2,70,,309157,9,0,99 120,1,28,,309136,9,0,99 120,2,71,,309158,9,0,99 120,1,31,,309137,9,0,99 120,2,70,,309159,9,0,99 120,1,29,,309138,9,0,99 120,2,67,,309160,9,0,99 120,1,29,,309139,9,0,99 120,2
7404,'H59S100F-80-F1',634,,309161,9,0,99 120,1,70,,309179,9,0,99 120,2,30,,309162,9,0,99 120,1,70,,309180,9,0,99 120,2,31,,309163,9,0,99 120,1,70,,309181,9,0,99 120,2,30,,309164,9,0,99 120,1,70,,309182,9,0,99 120,2,30,,309165,9,0,99 120,1,70,,309183,9,0,99 120,2,30,,309166,9,0,99 120,1,70,,309184,9,0,99 120,2,30,,309167,9,0,99 120,1,70,,309185,9,0,99 120,2,30,,309168,9,0,99 120,1,70,,309186,9,0,99 120,2,30,,309169,9,0,99 120,1,70,,309187,9,0,99 120,2,30,,309170,9,0,99 120,1,70,,309188,9,0,99 120,2,30,,309171,9,0,99 120,1,70,,309189,9,0,99 120,2,30,,309172,9,0,99 120,1,70,,309190,9,0,99 120,2,30,,309173,9,0,99 120,1,70,,309191,9,0,99 120,2,30,,309174,9,0,99 120,1,70,,309192,9,0,99 120,2,30,,309175,9,0,99 120,1,70,,309193,9,0,99 120,2,30,,309176,9,0,99 120,1,70,,309194,9,0,99 120,2,30,,309177,9,0,99 120,1,70,,309195,9,0,99 120,2,30,,309178,9,0,99 120,1
7404,'H59S200F-80-F2',634,,309196,9,0,99 120,1,70,,309214,9,0,99 120,2,30,,309197,9,0,99 120,1,70,,309215,9,0,99 120,2,31,,309198,9,0,99 120,1,70,,309216,9,0,99 120,2,30,,309199,9,0,99 120,1,70,,309217,9,0,99 120,2,30,,309200,9,0,99 120,1,70,,309218,9,0,99 120,2,30,,309201,9,0,99 120,1,70,,309219,9,0,99 120,2,30,,309202,9,0,99 120,1,70,,309220,9,0,99 120,2,30,,309203,9,0,99 120,1,70,,309221,9,0,99 120,2,30,,309204,9,0,99 120,1,70,,309222,9,0,99 120,2,30,,309205,9,0,99 120,1,70,,309223,9,0,99 120,2,30,,309206,9,0,99 120,1,70,,309224,9,0,99 120,2,30,,309207,9,0,99 120,1,70,,309225,9,0,99 120,2,30,,309208,9,0,99 120,1,70,,309226,9,0,99 120,2,30,,309209,9,0,99 120,1,70,,309227,9,0,99 120,2,30,,309210,9,0,99 120,1,70,,309228,9,0,99 120,2,30,,309211,9,0,99 120,1,70,,309229,9,0,99 120,2,30,,309212,9,0,99 120,1,70,,309230,9,0,99 120,2,30,,309213,9,0,99 120,1
