9301,'H50S000A-82-A',533,,312352,27,4,,2,70,,312322,27,4,,1,30,,312353,27,4,,2,71,,312323,27,4,,1,31,,312314,27,4,,1,71,,312324,27,4,,1,29,,312315,27,4,,1,69,,312325,27,4,,1,30,,312316,27,4,,1,70,,312326,27,4,,1,30,,312317,27,4,,1,75,,312327,27,4,,1,31,,312318,27,4,,1,71,,312328,27,4,,1,32,,312319,27,4,,1,74,,312329,27,4,,1,33,,312320,27,4,,1,73,,312330,27,4,,1,32,,312321,27,4,,1,66,,312331,27,4,,1,33,,312342,27,4,,2,71,,312332,27,4,,1,33,,312343,27,4,,2,73,,312333,27,4,,1,69,,312344,27,4,,2,30,,312334,27,4,,1,28,,312345,27,4,,2,70,,312335,27,4,,1,27,,312346,27,4,,2,69,,312336,27,4,,1,28,,312347,27,4,,2,70,,312337,27,4,,1,27,,312348,27,4,,2,68,,312338,27,4,,1,28,,312349,27,4,,2,69,,312339,27,4,,1,30,,312350,27,4,,2,70,,312340,27,4,,1,30,,312351,27,4,,2,70,,312341,27,4,,1
9301,'H50S000I-82-I',551,,312354,27,4,,1,70,,312374,27,4,,2,30,,312355,27,4,,1,70,,312375,27,4,,2,30,,312356,27,4,,1,70,,312376,27,4,,2,33,,312357,27,4,,1,70,,312377,27,4,,2,34,,312358,27,4,,1,70,,312378,27,4,,2,30,,312359,27,4,,1,70,,312379,27,4,,2,30,,312360,27,4,,1,70,,312380,27,4,,2,74,,312361,27,4,,1,30,,312381,27,4,,2,70,,312362,27,4,,1,30,,312382,27,4,,2,70,,312363,27,4,,1,30,,312383,27,4,,2,72,,312364,27,4,,1,29,,312384,27,4,,2,72,,312365,27,4,,1,29,,312385,27,4,,2,71,,312366,27,4,,1,29,,312386,27,4,,2,66,,312367,27,4,,1,29,,312387,27,4,,2,29,,312368,27,4,,1,70,,312388,27,4,,2,30,,312369,27,4,,1,70,,312389,27,4,,2,30,,312370,27,4,,1,69,,312390,27,4,,2,30,,312371,27,4,,1,68,,312391,27,4,,2,29,,312372,27,4,,1,70,,312392,27,4,,2,29,,312373,27,4,,1,69,,312393,27,4,,2
9301,'H50S000S-82-S',535,,312417,27,4,,1,70,,312394,27,4,,2,30,,312418,27,4,,1,72,,312395,27,4,,2,31,,312419,27,4,,1,70,,312396,27,4,,2,30,,312420,27,4,,1,71,,312397,27,4,,2,30,,312421,27,4,,1,71,,312398,27,4,,2,29,,312422,27,4,,1,71,,312399,27,4,,2,30,,312423,27,4,,1,71,,312400,27,4,,2,31,,312424,27,4,,1,69,,312401,27,4,,2,35,,312425,27,4,,1,72,,312402,27,4,,2,33,,312426,27,4,,1,72,,312403,27,4,,2,33,,312406,27,4,,2,72,,312404,27,4,,1,72,,312408,27,4,,1,32,,312407,27,4,,2,72,,312405,27,4,,1,30,,312409,27,4,,1,71,,312427,27,4,,2,29,,312410,27,4,,1,69,,312428,27,4,,2,29,,312411,27,4,,1,70,,312429,27,4,,2,30,,312412,27,4,,1,27,,312430,27,4,,2,70,,312413,27,4,,1,28,,312431,27,4,,2,67,,312414,27,4,,1,28,,312432,27,4,,2,67,,312415,27,4,,1,27,,312433,27,4,,2,67,,312416,27,4,,1
9301,'H50S100F-80-F1',551,,312434,27,4,,1,70,,312454,27,4,,2,30,,312435,27,4,,1,70,,312455,27,4,,2,30,,312436,27,4,,1,70,,312456,27,4,,2,33,,312437,27,4,,1,70,,312457,27,4,,2,34,,312438,27,4,,1,70,,312458,27,4,,2,30,,312439,27,4,,1,70,,312459,27,4,,2,30,,312440,27,4,,1,70,,312460,27,4,,2,74,,312441,27,4,,1,30,,312461,27,4,,2,70,,312442,27,4,,1,30,,312462,27,4,,2,70,,312443,27,4,,1,30,,312463,27,4,,2,72,,312444,27,4,,1,29,,312464,27,4,,2,72,,312445,27,4,,1,29,,312465,27,4,,2,71,,312446,27,4,,1,29,,312466,27,4,,2,66,,312447,27,4,,1,29,,312467,27,4,,2,29,,312448,27,4,,1,70,,312468,27,4,,2,30,,312449,27,4,,1,70,,312469,27,4,,2,30,,312450,27,4,,1,69,,312470,27,4,,2,30,,312451,27,4,,1,68,,312471,27,4,,2,29,,312452,27,4,,1,70,,312472,27,4,,2,29,,312453,27,4,,1,69,,312473,27,4,,2
9301,'H50S200F-80-F2',551,,312474,27,4,,1,70,,312494,27,4,,2,30,,312475,27,4,,1,70,,312495,27,4,,2,30,,312476,27,4,,1,70,,312496,27,4,,2,33,,312477,27,4,,1,70,,312497,27,4,,2,34,,312478,27,4,,1,70,,312498,27,4,,2,30,,312479,27,4,,1,70,,312499,27,4,,2,30,,312480,27,4,,1,70,,312500,27,4,,2,74,,312481,27,4,,1,30,,312501,27,4,,2,70,,312482,27,4,,1,30,,312502,27,4,,2,70,,312483,27,4,,1,30,,312503,27,4,,2,72,,312484,27,4,,1,29,,312504,27,4,,2,72,,312485,27,4,,1,29,,312505,27,4,,2,71,,312486,27,4,,1,29,,312506,27,4,,2,66,,312487,27,4,,1,29,,312507,27,4,,2,29,,312488,27,4,,1,70,,312508,27,4,,2,30,,312489,27,4,,1,70,,312509,27,4,,2,30,,312490,27,4,,1,69,,312510,27,4,,2,30,,312491,27,4,,1,68,,312511,27,4,,2,29,,312492,27,4,,1,70,,312512,27,4,,2,29,,312493,27,4,,1,69,,312513,27,4,,2
9302,'H50S000A-82-A',508,,312522,1,0,10,1,28,,312553,1,0,10,2,70,,312523,1,0,10,1,30,,312554,1,0,10,2,71,,312524,1,0,10,1,31,,312514,1,0,10,1,71,,312525,1,0,10,1,30,,312515,1,0,10,1,70,,312526,1,0,10,1,30,,312516,1,0,10,1,71,,312527,1,0,10,1,31,,312517,1,0,10,1,71,,312528,1,0,10,1,31,,312518,1,0,10,1,71,,312529,1,0,10,1,33,,312519,1,0,10,1,73,,312530,1,0,10,1,33,,312520,1,0,10,1,73,,312531,1,0,10,1,32,,312521,1,0,10,1,66,,312532,1,0,10,1,33,,312543,1,0,10,2,72,,312533,1,0,10,1,72,,312544,1,0,10,2,33,,312534,1,0,10,1,69,,312545,1,0,10,2,30,,312535,1,0,10,1,70,,312546,1,0,10,2,30,,312536,1,0,10,1,70,,312547,1,0,10,2,29,,312537,1,0,10,1,69,,312548,1,0,10,2,29,,312538,1,0,10,1,70,,312549,1,0,10,2,30,,312539,1,0,10,1,70,,312550,1,0,10,2,30,,312540,1,0,10,1,70,,312551,1,0,10,2,30,,312541,1,0,10,1,70,,312552,1,0,10,2,32,,312542,1,0,10,1
9302,'H50S000I-82-I',507,,312556,1,0,10,1,29,,312555,1,0,10,2,69,,312557,1,0,10,1,30,,312577,1,0,10,2,70,,312558,1,0,10,1,30,,312578,1,0,10,2,70,,312559,1,0,10,1,30,,312579,1,0,10,2,70,,312560,1,0,10,1,30,,312580,1,0,10,2,70,,312561,1,0,10,1,30,,312581,1,0,10,2,70,,312562,1,0,10,1,30,,312582,1,0,10,2,70,,312563,1,0,10,1,30,,312583,1,0,10,2,70,,312564,1,0,10,1,30,,312584,1,0,10,2,70,,312565,1,0,10,1,30,,312585,1,0,10,2,70,,312566,1,0,10,1,30,,312586,1,0,10,2,72,,312567,1,0,10,1,29,,312587,1,0,10,2,72,,312568,1,0,10,1,30,,312588,1,0,10,2,70,,312569,1,0,10,1,29,,312589,1,0,10,2,69,,312570,1,0,10,1,30,,312590,1,0,10,2,70,,312571,1,0,10,1,30,,312591,1,0,10,2,70,,312572,1,0,10,1,30,,312592,1,0,10,2,70,,312573,1,0,10,1,30,,312593,1,0,10,2,70,,312574,1,0,10,1,30,,312594,1,0,10,2,70,,312575,1,0,10,1,30,,312595,1,0,10,2,70,,312576,1,0,10,1,29,,312596,1,0,10,2
9302,'H50S000S-82-S',507,,312597,1,0,10,2,31,,312621,1,0,10,1,71,,312598,1,0,10,2,31,,312622,1,0,10,1,71,,312599,1,0,10,2,30,,312623,1,0,10,1,70,,312600,1,0,10,2,30,,312624,1,0,10,1,71,,312601,1,0,10,2,31,,312625,1,0,10,1,70,,312602,1,0,10,2,29,,312626,1,0,10,1,71,,312603,1,0,10,2,30,,312627,1,0,10,1,71,,312604,1,0,10,2,31,,312628,1,0,10,1,72,,312605,1,0,10,2,32,,312629,1,0,10,1,72,,312606,1,0,10,2,33,,312630,1,0,10,1,73,,312607,1,0,10,2,73,,312610,1,0,10,2,33,,312608,1,0,10,1,72,,312612,1,0,10,1,31,,312611,1,0,10,2,72,,312609,1,0,10,1,30,,312613,1,0,10,1,70,,312631,1,0,10,2,29,,312614,1,0,10,1,70,,312632,1,0,10,2,30,,312615,1,0,10,1,70,,312633,1,0,10,2,30,,312616,1,0,10,1,70,,312634,1,0,10,2,30,,312617,1,0,10,1,69,,312635,1,0,10,2,29,,312618,1,0,10,1,69,,312636,1,0,10,2,28,,312619,1,0,10,1,72,,312637,1,0,10,2,31,,312620,1,0,10,1
9302,'H50S100F-80-F1',507,,312639,1,0,10,1,29,,312638,1,0,10,2,69,,312640,1,0,10,1,30,,312660,1,0,10,2,70,,312641,1,0,10,1,30,,312661,1,0,10,2,70,,312642,1,0,10,1,30,,312662,1,0,10,2,70,,312643,1,0,10,1,30,,312663,1,0,10,2,70,,312644,1,0,10,1,30,,312664,1,0,10,2,70,,312645,1,0,10,1,30,,312665,1,0,10,2,70,,312646,1,0,10,1,30,,312666,1,0,10,2,70,,312647,1,0,10,1,30,,312667,1,0,10,2,70,,312648,1,0,10,1,30,,312668,1,0,10,2,70,,312649,1,0,10,1,30,,312669,1,0,10,2,72,,312650,1,0,10,1,29,,312670,1,0,10,2,72,,312651,1,0,10,1,30,,312671,1,0,10,2,70,,312652,1,0,10,1,29,,312672,1,0,10,2,69,,312653,1,0,10,1,30,,312673,1,0,10,2,70,,312654,1,0,10,1,30,,312674,1,0,10,2,70,,312655,1,0,10,1,30,,312675,1,0,10,2,70,,312656,1,0,10,1,30,,312676,1,0,10,2,70,,312657,1,0,10,1,30,,312677,1,0,10,2,70,,312658,1,0,10,1,30,,312678,1,0,10,2,70,,312659,1,0,10,1,29,,312679,1,0,10,2
9302,'H50S200F-80-F2',507,,312681,1,0,10,1,29,,312680,1,0,10,2,69,,312682,1,0,10,1,30,,312702,1,0,10,2,70,,312683,1,0,10,1,30,,312703,1,0,10,2,70,,312684,1,0,10,1,30,,312704,1,0,10,2,70,,312685,1,0,10,1,30,,312705,1,0,10,2,70,,312686,1,0,10,1,30,,312706,1,0,10,2,70,,312687,1,0,10,1,30,,312707,1,0,10,2,70,,312688,1,0,10,1,30,,312708,1,0,10,2,70,,312689,1,0,10,1,30,,312709,1,0,10,2,70,,312690,1,0,10,1,30,,312710,1,0,10,2,70,,312691,1,0,10,1,30,,312711,1,0,10,2,72,,312692,1,0,10,1,29,,312712,1,0,10,2,72,,312693,1,0,10,1,30,,312713,1,0,10,2,70,,312694,1,0,10,1,29,,312714,1,0,10,2,69,,312695,1,0,10,1,30,,312715,1,0,10,2,70,,312696,1,0,10,1,30,,312716,1,0,10,2,70,,312697,1,0,10,1,30,,312717,1,0,10,2,70,,312698,1,0,10,1,30,,312718,1,0,10,2,70,,312699,1,0,10,1,30,,312719,1,0,10,2,70,,312700,1,0,10,1,30,,312720,1,0,10,2,70,,312701,1,0,10,1,29,,312721,1,0,10,2
