20903,'H60S000A-80-A',516,,342538,23,0,8,1,31,,342552,23,0,8,2,71,,342553,23,0,8,1,30,,342539,23,0,8,1,70,,342566,23,0,8,1,31,,342554,23,0,8,1,71,,342540,23,0,8,1,29,,342567,23,0,8,1,71,,342555,23,0,8,1,31,,342541,23,0,8,1,69,,342568,23,0,8,1,31,,342556,23,0,8,1,71,,342542,23,0,8,1,33,,342569,23,0,8,1,73,,342557,23,0,8,1,31,,342543,23,0,8,1,73,,342570,23,0,8,1,73,,342558,23,0,8,1,32,,342544,23,0,8,1,72,,342571,23,0,8,1,33,,342559,23,0,8,1,72,,342545,23,0,8,1,32,,342572,23,0,8,1,72,,342560,23,0,8,1,32,,342546,23,0,8,1,72,,342573,23,0,8,1,31,,342561,23,0,8,1,70,,342547,23,0,8,1,32,,342574,23,0,8,1,71,,342562,23,0,8,1,29,,342548,23,0,8,1,69,,342575,23,0,8,1,29,,342563,23,0,8,1,69,,342549,23,0,8,1,30,,342576,23,0,8,1,68,,342564,23,0,8,1,29,,342550,23,0,8,1,69,,342577,23,0,8,1,28,,342565,23,0,8,1,68,,342551,23,0,8,1
20903,'H60S000I-81-I',516,,342578,23,0,8,1,31,,342580,23,0,8,2,71,,342598,23,0,8,1,30,,342579,23,0,8,1,70,,342581,23,0,8,2,31,,342599,23,0,8,1,70,,342589,23,0,8,1,30,,342582,23,0,8,2,71,,342600,23,0,8,1,31,,342590,23,0,8,1,69,,342583,23,0,8,2,31,,342601,23,0,8,1,72,,342591,23,0,8,1,32,,342584,23,0,8,2,72,,342602,23,0,8,1,32,,342592,23,0,8,1,73,,342585,23,0,8,2,73,,342603,23,0,8,1,32,,342593,23,0,8,1,72,,342586,23,0,8,2,33,,342604,23,0,8,1,72,,342594,23,0,8,1,32,,342587,23,0,8,2,72,,342605,23,0,8,1,32,,342595,23,0,8,1,72,,342588,23,0,8,2,33,,342606,23,0,8,1,70,,342596,23,0,8,1,33,,342610,23,0,8,1,72,,342614,23,0,8,1,70,,342597,23,0,8,1,29,,342611,23,0,8,1,29,,342615,23,0,8,1,70,,342607,23,0,8,1,29,,342612,23,0,8,1,67,,342616,23,0,8,1,29,,342608,23,0,8,1,68,,342613,23,0,8,1,27,,342617,23,0,8,1,69,,342609,23,0,8,1
20903,'H60S000S-83-S',517,,342623,23,0,8,1,33,,342631,23,0,8,2,73,,342633,23,0,8,2,31,,342644,23,0,8,1,55,,342624,23,0,8,1,19,,342655,23,0,8,2,15,,342632,23,0,8,2,16,,342618,23,0,8,1,57,,342634,23,0,8,2,25,,342645,23,0,8,1,72,,342625,23,0,8,1,29,,342619,23,0,8,1,71,,342635,23,0,8,2,29,,342646,23,0,8,1,70,,342626,23,0,8,1,30,,342620,23,0,8,1,70,,342636,23,0,8,2,30,,342647,23,0,8,1,70,,342627,23,0,8,1,29,,342621,23,0,8,1,69,,342637,23,0,8,2,27,,342648,23,0,8,1,67,,342628,23,0,8,1,29,,342622,23,0,8,1,67,,342638,23,0,8,2,19,,342658,23,0,8,1,18,,342649,23,0,8,1,16,,342656,23,0,8,1,55,,342629,23,0,8,1,14,,342657,23,0,8,1,15,,342660,23,0,8,1,16,,342639,23,0,8,2,57,,342659,23,0,8,1,21,,342650,23,0,8,1,22,,342630,23,0,8,1,67,,342661,23,0,8,1,31,,342640,23,0,8,2,71,,342651,23,0,8,1,31,,342662,23,0,8,1,71,,342641,23,0,8,2,30,,342652,23,0,8,1,71,,342663,23,0,8,1,28,,342642,23,0,8,2,70,,342653,23,0,8,1,30,,342664,23,0,8,1,67,,342643,23,0,8,2,27,,342654,23,0,8,1
20903,'H60S100F-80-F1',516,,342665,23,0,8,1,31,,342679,23,0,8,2,71,,342686,23,0,8,2,30,,342666,23,0,8,1,70,,342680,23,0,8,2,31,,342687,23,0,8,2,70,,342667,23,0,8,1,30,,342681,23,0,8,2,71,,342688,23,0,8,2,31,,342668,23,0,8,1,69,,342682,23,0,8,2,31,,342689,23,0,8,2,72,,342669,23,0,8,1,32,,342683,23,0,8,2,72,,342690,23,0,8,2,32,,342670,23,0,8,1,73,,342684,23,0,8,2,73,,342691,23,0,8,2,32,,342671,23,0,8,1,72,,342685,23,0,8,2,33,,342692,23,0,8,2,72,,342672,23,0,8,1,32,,342695,23,0,8,1,72,,342693,23,0,8,2,32,,342673,23,0,8,1,72,,342696,23,0,8,1,33,,342694,23,0,8,2,70,,342674,23,0,8,1,33,,342697,23,0,8,1,72,,342701,23,0,8,1,70,,342675,23,0,8,1,29,,342698,23,0,8,1,29,,342702,23,0,8,1,70,,342676,23,0,8,1,29,,342699,23,0,8,1,67,,342703,23,0,8,1,29,,342677,23,0,8,1,68,,342700,23,0,8,1,27,,342704,23,0,8,1,69,,342678,23,0,8,1
20903,'H60S200F-80-F2',516,,342705,23,0,8,1,31,,342719,23,0,8,2,71,,342726,23,0,8,2,30,,342706,23,0,8,1,70,,342720,23,0,8,2,31,,342727,23,0,8,2,70,,342707,23,0,8,1,30,,342721,23,0,8,2,71,,342728,23,0,8,2,31,,342708,23,0,8,1,69,,342722,23,0,8,2,31,,342729,23,0,8,2,72,,342709,23,0,8,1,32,,342723,23,0,8,2,72,,342730,23,0,8,2,32,,342710,23,0,8,1,73,,342724,23,0,8,2,73,,342731,23,0,8,2,32,,342711,23,0,8,1,72,,342725,23,0,8,2,33,,342732,23,0,8,2,72,,342712,23,0,8,1,32,,342735,23,0,8,1,72,,342733,23,0,8,2,32,,342713,23,0,8,1,72,,342736,23,0,8,1,33,,342734,23,0,8,2,70,,342714,23,0,8,1,33,,342737,23,0,8,1,72,,342741,23,0,8,1,70,,342715,23,0,8,1,29,,342738,23,0,8,1,29,,342742,23,0,8,1,70,,342716,23,0,8,1,29,,342739,23,0,8,1,67,,342743,23,0,8,1,29,,342717,23,0,8,1,68,,342740,23,0,8,1,27,,342744,23,0,8,1,69,,342718,23,0,8,1
23001,'H60S000A-80-A',557,,345561,44,0,5,1,71,,345548,44,0,5,1,31,,345574,44,0,5,2,71,,345562,44,0,5,1,71,,345549,44,0,5,1,31,,345575,44,0,5,2,71,,345563,44,0,5,1,31,,345550,44,0,5,1,72,,345576,44,0,5,2,33,,345564,44,0,5,1,71,,345551,44,0,5,1,33,,345577,44,0,5,2,73,,345565,44,0,5,1,31,,345552,44,0,5,1,73,,345578,44,0,5,2,33,,345566,44,0,5,1,73,,345553,44,0,5,1,33,,345579,44,0,5,2,73,,345567,44,0,5,1,73,,345554,44,0,5,1,33,,345580,44,0,5,2,73,,345568,44,0,5,1,33,,345555,44,0,5,1,71,,345581,44,0,5,2,33,,345569,44,0,5,1,72,,345556,44,0,5,1,31,,345582,44,0,5,2,72,,345570,44,0,5,1,32,,345557,44,0,5,1,70,,345583,44,0,5,2,32,,345571,44,0,5,1,72,,345558,44,0,5,1,28,,345584,44,0,5,2,72,,345572,44,0,5,1,72,,345559,44,0,5,1,30,,345585,44,0,5,2,71,,345573,44,0,5,1,31,,345560,44,0,5,1,72,,345586,44,0,5,2
23001,'H60S000I-81-I',557,,345600,44,0,5,1,72,,345587,44,0,5,1,71,,345613,44,0,5,2,31,,345601,44,0,5,1,71,,345588,44,0,5,1,31,,345614,44,0,5,2,71,,345602,44,0,5,1,31,,345589,44,0,5,1,69,,345615,44,0,5,2,32,,345603,44,0,5,1,70,,345590,44,0,5,1,30,,345616,44,0,5,2,72,,345604,44,0,5,1,30,,345591,44,0,5,1,70,,345617,44,0,5,2,32,,345605,44,0,5,1,70,,345592,44,0,5,1,31,,345618,44,0,5,2,73,,345606,44,0,5,1,30,,345593,44,0,5,1,72,,345619,44,0,5,2,33,,345607,44,0,5,1,69,,345594,44,0,5,1,32,,345620,44,0,5,2,72,,345608,44,0,5,1,30,,345595,44,0,5,1,70,,345621,44,0,5,2,31,,345609,44,0,5,1,69,,345596,44,0,5,1,30,,345622,44,0,5,2,71,,345610,44,0,5,1,30,,345597,44,0,5,1,70,,345623,44,0,5,2,30,,345611,44,0,5,1,70,,345598,44,0,5,1,33,,345624,44,0,5,2,73,,345612,44,0,5,1,73,,345599,44,0,5,1,33,,345625,44,0,5,2
23001,'H60S000S-83-S',556,,345633,44,0,5,2,70,,345653,44,0,5,1,16,,345626,44,0,5,2,58,,345643,44,0,5,1,22,,345654,44,0,5,1,17,,345641,44,0,5,2,19,,345634,44,0,5,2,56,,345661,44,0,5,1,17,,345671,44,0,5,2,16,,345627,44,0,5,2,55,,345672,44,0,5,2,14,,345655,44,0,5,1,16,,345642,44,0,5,2,14,,345635,44,0,5,2,67,,345662,44,0,5,1,30,,345628,44,0,5,2,70,,345656,44,0,5,1,30,,345636,44,0,5,2,70,,345663,44,0,5,1,30,,345629,44,0,5,2,70,,345657,44,0,5,1,31,,345637,44,0,5,2,70,,345664,44,0,5,1,27,,345630,44,0,5,2,66,,345658,44,0,5,1,25,,345638,44,0,5,2,78,,345665,47,0,99 94,1,13,,345674,44,0,5,2,20,,345631,47,0,99 94,2,14,,345659,44,0,5,1,61,,345676,47,0,99 94,1,5,,345639,44,0,5,2,16,,345677,47,0,99 94,2,3,,345673,44,0,5,1,58,,345666,47,0,99 94,1,12,,345675,44,0,5,2,25,,345632,47,0,99 94,2,8,,345660,44,0,5,1,59,,345644,47,0,99 94,1,12,,345640,44,0,5,2,24,,345667,44,0,5,1,73,,345649,44,0,5,1,33,,345645,44,0,5,1,71,,345668,44,0,5,1,33,,345650,44,0,5,1,72,,345646,44,0,5,1,32,,345669,44,0,5,1,72,,345651,44,0,5,1,32,,345647,44,0,5,1,73,,345670,44,0,5,1,73,,345652,44,0,5,1,33,,345648,44,0,5,1
23001,'H60S100F-80-F1',557,,345689,44,0,5,1,72,,345678,44,0,5,1,71,,345702,44,0,5,2,31,,345690,44,0,5,1,71,,345679,44,0,5,1,31,,345703,44,0,5,2,71,,345691,44,0,5,1,31,,345680,44,0,5,1,69,,345704,44,0,5,2,32,,345692,44,0,5,1,70,,345681,44,0,5,1,30,,345705,44,0,5,2,72,,345693,44,0,5,1,30,,345682,44,0,5,1,70,,345706,44,0,5,2,32,,345694,44,0,5,1,70,,345683,44,0,5,1,31,,345707,44,0,5,2,73,,345695,44,0,5,1,30,,345684,44,0,5,1,72,,345708,44,0,5,2,33,,345696,44,0,5,1,69,,345685,44,0,5,1,32,,345709,44,0,5,2,72,,345697,44,0,5,1,30,,345686,44,0,5,1,70,,345710,44,0,5,2,31,,345698,44,0,5,1,69,,345687,44,0,5,1,30,,345711,44,0,5,2,71,,345699,44,0,5,1,30,,345688,44,0,5,1,70,,345712,44,0,5,2,30,,345700,44,0,5,1,70,,345715,44,0,5,1,33,,345713,44,0,5,2,73,,345701,44,0,5,1,73,,345716,44,0,5,1,33,,345714,44,0,5,2
23001,'H60S200F-80-F2',557,,345728,44,0,5,1,72,,345717,44,0,5,1,71,,345741,44,0,5,2,31,,345729,44,0,5,1,71,,345718,44,0,5,1,31,,345742,44,0,5,2,71,,345730,44,0,5,1,31,,345719,44,0,5,1,69,,345743,44,0,5,2,32,,345731,44,0,5,1,70,,345720,44,0,5,1,30,,345744,44,0,5,2,72,,345732,44,0,5,1,30,,345721,44,0,5,1,70,,345745,44,0,5,2,32,,345733,44,0,5,1,70,,345722,44,0,5,1,31,,345746,44,0,5,2,73,,345734,44,0,5,1,30,,345723,44,0,5,1,72,,345747,44,0,5,2,33,,345735,44,0,5,1,69,,345724,44,0,5,1,32,,345748,44,0,5,2,72,,345736,44,0,5,1,30,,345725,44,0,5,1,70,,345749,44,0,5,2,31,,345737,44,0,5,1,69,,345726,44,0,5,1,30,,345750,44,0,5,2,71,,345738,44,0,5,1,30,,345727,44,0,5,1,70,,345751,44,0,5,2,30,,345739,44,0,5,1,70,,345754,44,0,5,1,33,,345752,44,0,5,2,73,,345740,44,0,5,1,73,,345755,44,0,5,1,33,,345753,44,0,5,2
35602,'H56S000A-80-A',2638,,346236,103,0,10,2,18,,346225,103,0,10,1,54,,346232,103,0,10,1,13,,346226,103,0,10,1,14,,346227,103,0,10,2,12,,346231,103,0,10,1,52,,346224,103,0,10,1,13,,346238,103,0,10,1,13,,346230,103,0,10,1,13,,346228,103,0,10,1,13,,346229,103,0,10,1,53,,346234,103,0,10,2,13,,346233,103,0,10,2,13,,346237,103,0,10,2,13,,346235,103,0,10,1
35602,'H56S000I-80-I',2631,,346239,103,0,10,1,88,,346242,103,0,10,1,85,,346241,103,0,10,1,48,,346240,103,0,10,1,81,,346243,103,0,10,2
35602,'H56S000S-82-S',2628,,346244,103,0,10,1,86,,346249,103,0,10,2,45,,346248,103,0,10,1,67,,346246,103,0,10,2,25,,346245,103,0,10,1,65,,346247,103,0,10,2,25,,346250,103,0,10,1
35602,'H56S100F-80-F1',2631,,346251,103,0,10,1,88,,346254,103,0,10,1,85,,346253,103,0,10,1,48,,346252,103,0,10,1,81,,346255,103,0,10,2
35602,'H56S200F-80-F2',2631,,346256,103,0,10,1,88,,346259,103,0,10,1,85,,346258,103,0,10,1,48,,346257,103,0,10,1,81,,346260,103,0,10,2
