20201,'H50S000S-82-S',739,,340035,5,0,5,1,867,,340034,5,0,5,1,45,,340033,5,0,5,1
20201,'H60S000A-80-A',635,,340047,45,0,5,1,71,,340036,45,0,5,1,30,,340048,45,0,5,1,71,,340061,45,0,5,1,32,,340064,45,0,5,1,66,,340058,45,0,5,1,29,,340037,45,0,5,1,74,,340049,45,0,5,1,31,,340062,45,0,5,1,69,,340065,45,0,5,1,30,,340059,45,0,5,1,70,,340038,45,0,5,1,27,,340050,45,0,5,1,65,,340044,45,0,5,1,23,,340070,45,0,5,1,24,,340066,45,0,5,1,63,,340043,45,0,5,1,23,,340063,45,0,5,1,22,,340039,45,0,5,1,63,,340051,45,0,5,1,23,,340045,45,0,5,1,62,,340071,45,0,5,1,20,,340067,45,0,5,1,17,,340054,45,0,5,2,17,,340074,45,0,5,1,61,,340068,45,0,5,2,23,,340040,45,0,5,1,61,,340052,45,0,5,1,21,,340046,45,0,5,1,22,,340072,45,0,5,1,67,,340055,45,0,5,2,30,,340075,45,0,5,1,70,,340041,45,0,5,1,28,,340053,45,0,5,1,70,,340073,45,0,5,1,29,,340056,45,0,5,2,67,,340076,45,0,5,1,31,,340042,45,0,5,1,70,,340060,45,0,5,2,30,,340069,45,0,5,1,70,,340057,45,0,5,2,29,,340077,45,0,5,1
20201,'H60S000I-81-I',737,,340092,45,0,5,1,71,,340101,45,0,5,1,32,,340109,45,0,5,1,71,,340111,45,0,5,1,33,,340099,45,0,5,1,73,,340093,45,0,5,1,33,,340102,45,0,5,1,68,,340110,45,0,5,1,30,,340112,45,0,5,1,70,,340100,45,0,5,1,31,,340094,45,0,5,1,70,,340103,45,0,5,1,32,,340080,45,0,5,1,70,,340085,45,0,5,1,33,,340097,45,0,5,1,73,,340095,45,0,5,1,29,,340104,45,0,5,1,72,,340081,45,0,5,1,30,,340086,45,0,5,1,70,,340098,45,0,5,1,73,,340096,45,0,5,1,31,,340105,45,0,5,1,73,,340082,45,0,5,1,32,,340087,45,0,5,1,68,,340078,45,0,5,1,29,,340108,45,0,5,1,68,,340106,45,0,5,1,30,,340083,45,0,5,1,27,,340088,45,0,5,1,67,,340090,45,0,5,1,27,,340079,45,0,5,1,68,,340107,45,0,5,1,27,,340084,45,0,5,1,69,,340089,45,0,5,1,29,,340091,45,0,5,1
20201,'H60S000S-83-S',622,,340125,45,0,5,1,29,,340137,45,0,5,2,61,,340129,5,0,5,1,6,,340136,45,0,5,2,18,,340114,45,0,5,1,69,,340133,45,0,5,1,33,,340138,45,0,5,1,70,,340122,45,0,5,1,29,,340126,45,0,5,1,68,,340130,45,0,5,1,17,,340121,45,0,5,1,19,,340115,45,0,5,1,62,,340134,45,0,5,1,26,,340139,45,0,5,1,27,,340123,45,0,5,1,70,,340127,45,0,5,1,75,,340131,45,0,5,1,29,,340116,45,0,5,1,27,,340135,45,0,5,1,76,,340140,45,0,5,1,9,,340124,45,0,5,1,59,,340148,5,0,5,2,16,,340128,45,0,5,1,25,,340144,45,0,5,1,65,,340132,45,0,5,1,6,,340154,5,0,5,1,7,,340155,5,0,5,2,14,,340117,45,0,5,1,70,,340156,45,0,5,1,22,,340113,5,0,5,1,11,,340141,45,0,5,1,71,,340149,45,0,5,2,30,,340145,45,0,5,1,71,,340152,45,0,5,1,27,,340118,45,0,5,1,68,,340157,45,0,5,1,27,,340142,45,0,5,1,70,,340150,45,0,5,2,25,,340146,45,0,5,1,22,,340153,45,0,5,1,60,,340119,45,0,5,1,30,,340158,45,0,5,1,70,,340143,45,0,5,1,28,,340151,45,0,5,2,68,,340147,45,0,5,1,32,,340120,45,0,5,1
20201,'H60S100F-80-F1',737,,340179,45,0,5,1,71,,340182,45,0,5,2,32,,340185,45,0,5,1,71,,340183,45,0,5,1,33,,340159,45,0,5,1,73,,340164,45,0,5,2,33,,340168,45,0,5,1,68,,340180,45,0,5,1,30,,340184,45,0,5,1,70,,340160,45,0,5,1,31,,340165,45,0,5,2,70,,340169,45,0,5,1,32,,340186,45,0,5,1,70,,340174,45,0,5,2,33,,340181,45,0,5,1,73,,340166,45,0,5,2,29,,340170,45,0,5,1,72,,340187,45,0,5,1,30,,340175,45,0,5,2,70,,340191,45,0,5,1,73,,340167,45,0,5,2,31,,340171,45,0,5,1,73,,340188,45,0,5,1,32,,340176,45,0,5,2,68,,340161,45,0,5,1,29,,340192,45,0,5,2,68,,340172,45,0,5,1,30,,340189,45,0,5,1,27,,340177,45,0,5,2,67,,340162,45,0,5,1,27,,340193,45,0,5,2,68,,340173,45,0,5,1,27,,340190,45,0,5,1,69,,340178,45,0,5,2,29,,340163,45,0,5,1
20201,'H60S200F-80-F2',737,,340214,45,0,5,1,71,,340217,45,0,5,2,32,,340220,45,0,5,1,71,,340218,45,0,5,1,33,,340194,45,0,5,1,73,,340199,45,0,5,2,33,,340203,45,0,5,1,68,,340215,45,0,5,1,30,,340219,45,0,5,1,70,,340195,45,0,5,1,31,,340200,45,0,5,2,70,,340204,45,0,5,1,32,,340221,45,0,5,1,70,,340209,45,0,5,2,33,,340216,45,0,5,1,73,,340201,45,0,5,2,29,,340205,45,0,5,1,72,,340222,45,0,5,1,30,,340210,45,0,5,2,70,,340226,45,0,5,1,73,,340202,45,0,5,2,31,,340206,45,0,5,1,73,,340223,45,0,5,1,32,,340211,45,0,5,2,68,,340196,45,0,5,1,29,,340227,45,0,5,2,68,,340207,45,0,5,1,30,,340224,45,0,5,1,27,,340212,45,0,5,2,67,,340197,45,0,5,1,27,,340228,45,0,5,2,68,,340208,45,0,5,1,27,,340225,45,0,5,1,69,,340213,45,0,5,2,29,,340198,45,0,5,1
37801,'H60S000A-80-A',2532,,347259,6,0,5,1,91,,347256,6,0,5,1,91,,347257,6,0,5,1,92,,347258,6,0,5,1
37801,'H60S000I-81-I',2532,,347261,6,0,5,1,91,,347263,6,0,5,1,90,,347260,6,0,5,1,93,,347262,6,0,5,1
37801,'H60S000S-83-S',2532,,347266,6,0,5,1,91,,347264,6,0,5,1,97,,347267,6,0,5,1,90,,347265,6,0,5,1
37801,'H60S100F-80-F1',2532,,347268,6,0,5,1,91,,347271,6,0,5,1,90,,347270,6,0,5,1,93,,347269,6,0,5,1
37801,'H60S200F-80-F2',2532,,347272,6,0,5,1,91,,347275,6,0,5,1,90,,347274,6,0,5,1,93,,347273,6,0,5,1
