18902,'H54S000A-80-A',459,,336554,39,0,10,1,68,,336571,39,0,10,1,30,,336590,39,0,10,1,68,,336555,39,0,10,1,30,,336572,39,0,10,1,67,,336591,39,0,10,1,26,,336556,39,0,10,1,66,,336573,39,0,10,1,21,,336541,39,0,10,1,21,,336592,39,0,10,1,61,,336561,39,0,10,1,20,,336566,39,0,10,1,18,,336542,39,0,10,1,57,,336562,39,0,10,1,17,,336593,39,0,10,1,15,,336565,39,0,10,1,56,,336567,39,0,10,1,18,,336574,39,0,10,1,20,,336543,39,0,10,1,20,,336579,39,0,10,1,60,,336550,39,0,10,2,20,,336568,39,0,10,1,19,,336575,39,0,10,1,59,,336545,39,0,10,1,18,,336580,39,0,10,1,18,,336551,39,0,10,2,59,,336569,39,0,10,1,19,,336576,39,0,10,1,18,,336546,39,0,10,1,58,,336581,39,0,10,1,18,,336552,39,0,10,2,17,,336570,39,0,10,1,59,,336577,39,0,10,1,25,,336547,39,0,10,1,29,,336553,39,0,10,2,70,,336578,39,0,10,1,30,,336582,39,0,10,1,65,,336585,39,0,10,1,24,,336544,39,0,10,2,65,,336564,39,0,10,1,27,,336557,39,0,10,1,67,,336586,39,0,10,1,28,,336583,39,0,10,1,70,,336558,39,0,10,1,31,,336587,39,0,10,1,70,,336584,39,0,10,1,29,,336559,39,0,10,1,70,,336548,39,0,10,2,30,,336588,39,0,10,1,28,,336560,39,0,10,1,70,,336549,39,0,10,2,28,,336563,39,0,10,2,68,,336589,39,0,10,1
18902,'H54S000I-80-I',458,,336596,39,0,10,1,69,,336602,39,0,10,2,32,,336614,39,0,10,1,68,,336597,39,0,10,1,29,,336603,39,0,10,2,69,,336615,39,0,10,1,29,,336598,39,0,10,1,69,,336604,39,0,10,2,30,,336616,39,0,10,1,70,,336599,39,0,10,1,29,,336605,39,0,10,2,69,,336617,39,0,10,1,29,,336600,39,0,10,1,70,,336618,39,0,10,1,19,,336606,39,0,10,2,19,,336628,39,0,10,2,59,,336607,39,0,10,1,20,,336601,39,0,10,1,20,,336619,39,0,10,1,60,,336595,39,0,10,2,18,,336629,39,0,10,2,19,,336630,39,0,10,1,61,,336594,39,0,10,2,22,,336620,39,0,10,1,65,,336608,39,0,10,2,31,,336631,39,0,10,1,72,,336621,39,0,10,1,31,,336609,39,0,10,2,70,,336632,39,0,10,1,31,,336622,39,0,10,1,70,,336610,39,0,10,2,31,,336633,39,0,10,1,72,,336623,39,0,10,1,31,,336611,39,0,10,2,68,,336634,39,0,10,1,29,,336624,39,0,10,1,69,,336612,39,0,10,2,29,,336635,39,0,10,1,70,,336625,39,0,10,1,30,,336613,39,0,10,2,70,,336636,39,0,10,1,30,,336626,39,0,10,1,68,,336638,39,0,10,2,30,,336637,39,0,10,1,25,,336627,39,0,10,1
18902,'H54S000S-80-S',502,,336649,39,0,10,1,15,,336642,39,0,10,2,15,,336658,39,0,10,2,16,,336639,39,0,10,1,55,,336643,39,0,10,1,15,,336650,39,0,10,1,9,,336660,39,0,10,2,8,,336678,39,0,10,2,9,,336644,39,0,10,1,11,,336659,39,0,10,2,4,,336662,39,0,10,2,46,,336647,39,0,10,2,9,,336677,39,0,10,2,6,,336669,39,0,10,2,5,,336640,39,0,10,1,8,,336676,39,0,10,2,6,,336645,39,0,10,2,6,,336680,39,0,10,2,7,,336681,39,0,10,2,7,,336661,39,0,10,2,46,,336682,39,0,10,2,9,,336683,39,0,10,2,12,,336684,39,0,10,2,13,,336663,39,0,10,2,16,,336664,39,0,10,2,60,,336653,39,0,10,1,22,,336671,39,0,10,2,22,,336685,39,0,10,2,58,,336641,39,0,10,2,17,,336665,39,0,10,2,17,,336654,39,0,10,1,58,,336686,39,0,10,2,18,,336672,39,0,10,2,18,,336666,39,0,10,2,59,,336689,39,0,10,1,19,,336655,39,0,10,1,21,,336687,39,0,10,2,60,,336673,39,0,10,2,19,,336667,39,0,10,2,18,,336690,39,0,10,1,18,,336656,39,0,10,1,59,,336688,39,0,10,2,19,,336674,39,0,10,2,18,,336668,39,0,10,2,61,,336691,39,0,10,1,21,,336657,39,0,10,1,22,,336692,39,0,10,2,63,,336675,39,0,10,2,26,,336705,39,0,10,1,70,,336648,39,0,10,1,30,,336693,39,0,10,2,70,,336698,39,0,10,2,24,,336704,39,0,10,2,68,,336699,39,0,10,1,29,,336706,39,0,10,1,66,,336694,39,0,10,2,30,,336700,39,0,10,1,69,,336708,39,0,10,1,29,,336695,39,0,10,2,70,,336701,39,0,10,1,30,,336709,39,0,10,1,71,,336696,39,0,10,2,31,,336702,39,0,10,1,70,,336707,39,0,10,1,29,,336697,39,0,10,2,24,,336703,39,0,10,1
18902,'H54S100F-80-F1',458,,336712,39,0,10,1,69,,336718,39,0,10,2,32,,336730,39,0,10,1,68,,336713,39,0,10,1,29,,336719,39,0,10,2,69,,336731,39,0,10,1,29,,336714,39,0,10,1,69,,336720,39,0,10,2,30,,336732,39,0,10,1,70,,336715,39,0,10,1,29,,336721,39,0,10,2,69,,336733,39,0,10,1,29,,336716,39,0,10,1,70,,336734,39,0,10,1,19,,336722,39,0,10,2,19,,336744,39,0,10,2,59,,336723,39,0,10,1,20,,336717,39,0,10,1,20,,336735,39,0,10,1,60,,336711,39,0,10,2,18,,336745,39,0,10,2,19,,336746,39,0,10,1,61,,336710,39,0,10,2,22,,336736,39,0,10,1,65,,336724,39,0,10,2,31,,336747,39,0,10,1,72,,336737,39,0,10,1,31,,336725,39,0,10,2,70,,336748,39,0,10,1,31,,336738,39,0,10,1,70,,336726,39,0,10,2,31,,336749,39,0,10,1,72,,336739,39,0,10,1,31,,336727,39,0,10,2,68,,336750,39,0,10,1,29,,336740,39,0,10,1,69,,336728,39,0,10,2,29,,336751,39,0,10,1,70,,336741,39,0,10,1,30,,336729,39,0,10,2,70,,336752,39,0,10,1,30,,336742,39,0,10,1,68,,336754,39,0,10,2,30,,336753,39,0,10,1,25,,336743,39,0,10,1
18902,'H54S200F-80-F2',458,,336757,39,0,10,1,69,,336763,39,0,10,2,32,,336775,39,0,10,1,68,,336758,39,0,10,1,29,,336764,39,0,10,2,69,,336776,39,0,10,1,29,,336759,39,0,10,1,69,,336765,39,0,10,2,30,,336777,39,0,10,1,70,,336760,39,0,10,1,29,,336766,39,0,10,2,69,,336778,39,0,10,1,29,,336761,39,0,10,1,70,,336779,39,0,10,1,19,,336767,39,0,10,2,19,,336789,39,0,10,2,59,,336768,39,0,10,1,20,,336762,39,0,10,1,20,,336780,39,0,10,1,60,,336756,39,0,10,2,18,,336790,39,0,10,2,19,,336791,39,0,10,1,61,,336755,39,0,10,2,22,,336781,39,0,10,1,65,,336769,39,0,10,2,31,,336792,39,0,10,1,72,,336782,39,0,10,1,31,,336770,39,0,10,2,70,,336793,39,0,10,1,31,,336783,39,0,10,1,70,,336771,39,0,10,2,31,,336794,39,0,10,1,72,,336784,39,0,10,1,31,,336772,39,0,10,2,68,,336795,39,0,10,1,29,,336785,39,0,10,1,69,,336773,39,0,10,2,29,,336796,39,0,10,1,70,,336786,39,0,10,1,30,,336774,39,0,10,2,70,,336797,39,0,10,1,30,,336787,39,0,10,1,68,,336799,39,0,10,2,30,,336798,39,0,10,1,25,,336788,39,0,10,1
36202,'H54S000A-80-A',2606,,346682,56,0,10,2,48,,346684,56,0,10,1,85,,346681,56,0,10,1,85,,346680,56,0,10,1,82,,346683,56,0,10,1
36202,'H54S000I-80-I',2606,,346688,56,0,10,2,45,,346686,56,0,10,1,85,,346687,56,0,10,2,86,,346685,56,0,10,1,85,,346689,56,0,10,2
36202,'H54S000S-80-S',2605,,346691,56,0,10,2,45,,346694,56,0,10,1,85,,346693,56,0,10,1,87,,346690,56,0,10,1,85,,346692,56,0,10,1
36202,'H54S100F-80-F1',2606,,346698,56,0,10,2,45,,346696,56,0,10,1,85,,346697,56,0,10,2,86,,346695,56,0,10,1,85,,346699,56,0,10,2
36202,'H54S200F-80-F2',2606,,346703,56,0,10,2,45,,346701,56,0,10,1,85,,346702,56,0,10,2,86,,346700,56,0,10,1,85,,346704,56,0,10,2
