11703,'H60S000A-80-A',649,,320552,5,0,8,1,86,,320553,5,0,8,1,86,,320554,5,0,8,1,86,,320555,5,0,8,1,47,,320556,5,0,8,1,87,,320557,5,0,8,1,87,,320558,5,0,8,1,87,,320559,5,0,8,1,88,,320560,5,0,8,1,48,,320561,5,0,8,1,88,,320562,5,0,8,1,89,,320563,5,0,8,1,91,,320564,5,0,8,1,90,,320565,5,0,8,1,49,,320566,5,0,8,1,87,,320567,5,0,8,1,86,,320568,5,0,8,1
11703,'H60S000I-81-I',848,,320569,5,0,8,1,88,,320570,5,0,8,1,88,,320571,5,0,8,1,89,,320572,5,0,8,1,89,,320573,5,0,8,1,49,,320574,5,0,8,1,89,,320575,5,0,8,1,90,,320576,5,0,8,1,90,,320577,5,0,8,1,90,,320578,5,0,8,1,49,,320579,5,0,8,1,88,,320580,5,0,8,1,85,,320581,5,0,8,1,85,,320582,5,0,8,1,85,,320583,5,0,8,1
11703,'H60S000S-83-S',546,,320594,5,0,8,1,87,,320595,5,0,8,1,70,,320598,5,0,8,2,31,,320596,5,0,8,1,73,,320599,5,0,8,2,31,,320597,5,0,8,1,76,,320600,5,0,8,2,87,,320584,5,0,8,1,51,,320585,5,0,8,1,91,,320586,5,0,8,1,91,,320587,5,0,8,1,92,,320588,5,0,8,1,92,,320589,5,0,8,1,27,,320601,5,0,8,1,69,,320590,5,0,8,1,30,,320602,5,0,8,1,71,,320591,5,0,8,1,32,,320603,5,0,8,1,70,,320592,5,0,8,1,30,,320604,5,0,8,1,63,,320606,5,0,8,1,23,,320593,5,0,8,1,70,,320605,5,0,8,1
11703,'H60S100F-80-F1',848,,320607,5,0,8,1,88,,320608,5,0,8,1,88,,320609,5,0,8,1,89,,320610,5,0,8,1,89,,320611,5,0,8,1,49,,320612,5,0,8,1,89,,320613,5,0,8,1,90,,320614,5,0,8,1,90,,320615,5,0,8,1,90,,320616,5,0,8,1,49,,320617,5,0,8,1,88,,320618,5,0,8,1,85,,320619,5,0,8,1,85,,320620,5,0,8,1,85,,320621,5,0,8,1
11703,'H60S200F-80-F2',848,,320622,5,0,8,1,88,,320623,5,0,8,1,88,,320624,5,0,8,1,89,,320625,5,0,8,1,89,,320626,5,0,8,1,49,,320627,5,0,8,1,89,,320628,5,0,8,1,90,,320629,5,0,8,1,90,,320630,5,0,8,1,90,,320631,5,0,8,1,49,,320632,5,0,8,1,88,,320633,5,0,8,1,85,,320634,5,0,8,1,85,,320635,5,0,8,1,85,,320636,5,0,8,1
36802,'H57S000A-80-A',2647,,346929,74,0,10,1,59,,346927,74,0,10,1,19,,346925,74,0,10,1,30,,346931,74,0,10,1,70,,346926,74,0,10,2,77,,346930,74,0,10,1,40,,346928,74,0,10,1
36802,'H57S000I-80-I',2643,,346935,74,0,10,1,85,,346932,74,0,10,1,82,,346933,74,0,10,1,91,,346934,74,0,10,1,46,,346936,74,0,10,1
36802,'H57S000S-80-S',2641,,346940,74,0,10,1,81,,346938,74,0,10,1,94,,346937,74,0,10,1,96,,346939,74,0,10,1,37,,346941,74,0,10,1
36802,'H57S100F-80-F1',2643,,346945,74,0,10,1,85,,346942,74,0,10,1,82,,346943,74,0,10,1,91,,346944,74,0,10,1,46,,346946,74,0,10,1
36802,'H57S200F-80-F2',2643,,346950,74,0,10,1,85,,346947,74,0,10,1,82,,346948,74,0,10,1,91,,346949,74,0,10,1,46,,346951,74,0,10,1
