17101,'H50S000A-82-A',505,,332284,8,0,5,2,31,,332325,8,0,5,1,71,,332285,8,0,5,2,32,,332305,8,0,5,1,71,,332286,8,0,5,2,31,,332306,8,0,5,1,71,,332287,8,0,5,2,31,,332307,8,0,5,1,70,,332288,8,0,5,2,30,,332308,8,0,5,1,70,,332289,8,0,5,2,30,,332309,8,0,5,1,70,,332290,8,0,5,2,31,,332310,8,0,5,1,71,,332291,8,0,5,2,30,,332311,8,0,5,1,70,,332292,8,0,5,2,31,,332312,8,0,5,1,71,,332293,8,0,5,2,30,,332313,8,0,5,1,70,,332294,8,0,5,2,30,,332314,8,0,5,1,71,,332295,8,0,5,2,31,,332315,8,0,5,1,71,,332296,8,0,5,2,31,,332316,8,0,5,1,70,,332297,8,0,5,2,31,,332317,8,0,5,1,71,,332298,8,0,5,2,32,,332318,8,0,5,1,71,,332299,8,0,5,2,31,,332319,8,0,5,1,71,,332300,8,0,5,2,31,,332320,8,0,5,1,71,,332301,8,0,5,2,71,,332321,8,0,5,1,30,,332302,8,0,5,2,71,,332322,8,0,5,1,31,,332303,8,0,5,2,71,,332323,8,0,5,1,29,,332304,8,0,5,2,72,,332324,8,0,5,1
17101,'H50S000I-82-I',505,,332365,8,0,5,2,30,,332366,8,0,5,1,70,,332327,8,0,5,2,30,,332346,8,0,5,1,68,,332328,8,0,5,2,27,,332326,8,0,5,1,27,,332347,8,0,5,1,68,,332329,8,0,5,2,29,,332348,8,0,5,1,71,,332330,8,0,5,2,31,,332349,8,0,5,1,70,,332331,8,0,5,2,30,,332350,8,0,5,1,70,,332332,8,0,5,2,30,,332351,8,0,5,1,71,,332333,8,0,5,2,31,,332352,8,0,5,1,72,,332334,8,0,5,2,71,,332353,8,0,5,1,31,,332335,8,0,5,2,71,,332354,8,0,5,1,31,,332336,8,0,5,2,71,,332355,8,0,5,1,30,,332337,8,0,5,2,70,,332356,8,0,5,1,30,,332338,8,0,5,2,70,,332357,8,0,5,1,30,,332339,8,0,5,2,68,,332358,8,0,5,1,30,,332340,8,0,5,2,70,,332359,8,0,5,1,29,,332341,8,0,5,2,70,,332360,8,0,5,1,30,,332342,8,0,5,2,70,,332361,8,0,5,1,30,,332343,8,0,5,2,70,,332362,8,0,5,1,31,,332344,8,0,5,2,71,,332363,8,0,5,1,31,,332345,8,0,5,2,71,,332364,8,0,5,1
17101,'H50S000S-82-S',505,,332373,8,0,5,2,29,,332378,8,0,5,1,68,,332381,8,0,5,2,23,,332384,8,0,5,2,17,,332379,8,0,5,1,16,,332382,8,0,5,2,57,,332374,8,0,5,1,17,,332385,8,0,5,2,16,,332380,8,0,5,1,57,,332383,8,0,5,2,19,,332375,8,0,5,1,20,,332411,8,0,5,2,61,,332415,8,0,5,1,22,,332376,8,0,5,1,23,,332412,8,0,5,2,65,,332416,8,0,5,1,27,,332377,8,0,5,1,68,,332413,8,0,5,2,28,,332417,8,0,5,1,71,,332414,8,0,5,2,29,,332418,8,0,5,1,69,,332367,8,0,5,2,30,,332372,8,0,5,1,70,,332368,8,0,5,2,30,,332403,8,0,5,1,68,,332393,8,0,5,2,23,,332369,8,0,5,2,23,,332404,8,0,5,1,59,,332386,8,0,5,1,18,,332394,8,0,5,2,17,,332370,8,0,5,2,57,,332405,8,0,5,1,15,,332387,8,0,5,1,15,,332388,8,0,5,1,14,,332395,8,0,5,2,55,,332371,8,0,5,2,15,,332406,8,0,5,1,19,,332389,8,0,5,1,19,,332396,8,0,5,2,62,,332407,8,0,5,1,26,,332390,8,0,5,1,69,,332397,8,0,5,2,30,,332391,8,0,5,1,70,,332398,8,0,5,2,30,,332392,8,0,5,1,70,,332399,8,0,5,2,30,,332408,8,0,5,1,70,,332400,8,0,5,2,29,,332409,8,0,5,1,69,,332401,8,0,5,2,28,,332410,8,0,5,1,68,,332402,8,0,5,2
17101,'H50S100F-80-F1',505,,332458,8,0,5,2,30,,332459,8,0,5,1,70,,332420,8,0,5,2,30,,332439,8,0,5,1,68,,332421,8,0,5,2,27,,332419,8,0,5,1,27,,332440,8,0,5,1,68,,332422,8,0,5,2,29,,332441,8,0,5,1,71,,332423,8,0,5,2,31,,332442,8,0,5,1,70,,332424,8,0,5,2,30,,332443,8,0,5,1,70,,332425,8,0,5,2,30,,332444,8,0,5,1,71,,332426,8,0,5,2,31,,332445,8,0,5,1,72,,332427,8,0,5,2,71,,332446,8,0,5,1,31,,332428,8,0,5,2,71,,332447,8,0,5,1,31,,332429,8,0,5,2,71,,332448,8,0,5,1,30,,332430,8,0,5,2,70,,332449,8,0,5,1,30,,332431,8,0,5,2,70,,332450,8,0,5,1,30,,332432,8,0,5,2,68,,332451,8,0,5,1,30,,332433,8,0,5,2,70,,332452,8,0,5,1,29,,332434,8,0,5,2,70,,332453,8,0,5,1,30,,332435,8,0,5,2,70,,332454,8,0,5,1,30,,332436,8,0,5,2,70,,332455,8,0,5,1,31,,332437,8,0,5,2,71,,332456,8,0,5,1,31,,332438,8,0,5,2,71,,332457,8,0,5,1
17101,'H50S200F-80-F2',505,,332499,8,0,5,2,30,,332500,8,0,5,1,70,,332461,8,0,5,2,30,,332480,8,0,5,1,68,,332462,8,0,5,2,27,,332460,8,0,5,1,27,,332481,8,0,5,1,68,,332463,8,0,5,2,29,,332482,8,0,5,1,71,,332464,8,0,5,2,31,,332483,8,0,5,1,70,,332465,8,0,5,2,30,,332484,8,0,5,1,70,,332466,8,0,5,2,30,,332485,8,0,5,1,71,,332467,8,0,5,2,31,,332486,8,0,5,1,72,,332468,8,0,5,2,71,,332487,8,0,5,1,31,,332469,8,0,5,2,71,,332488,8,0,5,1,31,,332470,8,0,5,2,71,,332489,8,0,5,1,30,,332471,8,0,5,2,70,,332490,8,0,5,1,30,,332472,8,0,5,2,70,,332491,8,0,5,1,30,,332473,8,0,5,2,68,,332492,8,0,5,1,30,,332474,8,0,5,2,70,,332493,8,0,5,1,29,,332475,8,0,5,2,70,,332494,8,0,5,1,30,,332476,8,0,5,2,70,,332495,8,0,5,1,30,,332477,8,0,5,2,70,,332496,8,0,5,1,31,,332478,8,0,5,2,71,,332497,8,0,5,1,31,,332479,8,0,5,2,71,,332498,8,0,5,1
38001,'H50S000A-82-A',2605,,347292,20,0,5,1,48,,347291,20,0,5,1,85,,347295,20,0,5,1,85,,347293,20,0,5,1
38001,'H50S000I-82-I',2519,,347299,20,0,5,1,86,,347297,20,0,5,2,44,,347298,20,0,5,1,84,,347296,20,0,5,1,85,,347300,20,0,5,1
38001,'H50S000S-82-S',2531,,347303,20,0,5,1,84,,347305,20,0,5,1,87,,347301,20,0,5,1,42,,347302,20,0,5,1,88,,347304,20,0,5,1
38001,'H50S100F-80-F1',2519,,347310,20,0,5,1,86,,347308,20,0,5,2,44,,347309,20,0,5,1,84,,347307,20,0,5,1,85,,347311,20,0,5,1
38001,'H50S200F-80-F2',2519,,347315,20,0,5,1,86,,347313,20,0,5,2,44,,347314,20,0,5,1,84,,347312,20,0,5,1,85,,347316,20,0,5,1
