10302,'H50S000A-82-A',552,,315684,5,0,10,2,69,,315643,5,0,10,1,29,,315685,5,0,10,2,69,,315644,5,0,10,1,29,,315686,5,0,10,2,71,,315645,5,0,10,1,32,,315687,5,0,10,2,56,,315659,5,0,10,1,15,,315646,5,0,10,1,30,,315688,5,0,10,2,68,,315647,5,0,10,1,15,,315660,5,0,10,1,20,,315690,5,0,10,1,65,,315648,5,0,10,1,30,,315689,5,0,10,2,68,,315649,5,0,10,1,24,,315693,5,0,10,2,63,,315661,5,0,10,1,23,,315650,5,0,10,1,23,,315694,5,0,10,2,63,,315662,5,0,10,1,20,,315651,5,0,10,1,17,,315695,5,0,10,2,55,,315653,5,0,10,1,12,,315673,5,0,10,1,12,,315663,5,0,10,1,12,,315652,5,0,10,1,13,,315654,5,0,10,1,53,,315696,5,0,10,2,13,,315674,5,0,10,1,15,,315664,5,0,10,1,14,,315641,5,0,10,1,54,,315655,5,0,10,1,15,,315675,5,0,10,1,16,,315642,5,0,10,1,14,,315691,5,0,10,1,56,,315656,5,0,10,1,17,,315676,5,0,10,1,17,,315665,5,0,10,1,17,,315692,5,0,10,1,58,,315657,5,0,10,1,21,,315666,5,0,10,1,21,,315677,5,0,10,2,60,,315658,5,0,10,1,26,,315667,5,0,10,1,68,,315678,5,0,10,2,28,,315668,5,0,10,1,68,,315679,5,0,10,2,29,,315669,5,0,10,1,68,,315680,5,0,10,2,29,,315670,5,0,10,1,69,,315681,5,0,10,2,28,,315671,5,0,10,1,28,,315682,5,0,10,2,68,,315672,5,0,10,1,28,,315683,5,0,10,2
10302,'H50S000I-82-I',617,,315742,5,0,10,1,30,,315715,5,0,10,2,70,,315743,5,0,10,1,30,,315716,5,0,10,2,70,,315744,5,0,10,1,29,,315717,5,0,10,2,70,,315698,5,0,10,1,31,,315739,5,0,10,1,73,,315699,5,0,10,1,29,,315718,5,0,10,2,72,,315700,5,0,10,1,30,,315719,5,0,10,2,72,,315701,5,0,10,1,24,,315720,5,0,10,2,62,,315726,5,0,10,1,21,,315702,5,0,10,1,21,,315721,5,0,10,2,61,,315727,5,0,10,1,20,,315703,5,0,10,1,20,,315722,5,0,10,2,60,,315728,5,0,10,1,20,,315704,5,0,10,1,20,,315723,5,0,10,2,58,,315729,5,0,10,1,18,,315705,5,0,10,1,20,,315724,5,0,10,2,60,,315741,5,0,10,1,16,,315730,5,0,10,1,15,,315706,5,0,10,1,15,,315740,5,0,10,2,55,,315731,5,0,10,1,15,,315697,5,0,10,1,15,,315707,5,0,10,1,16,,315725,5,0,10,2,60,,315732,5,0,10,1,25,,315708,5,0,10,1,68,,315733,5,0,10,1,28,,315709,5,0,10,1,67,,315734,5,0,10,1,29,,315710,5,0,10,1,69,,315735,5,0,10,1,29,,315711,5,0,10,1,29,,315736,5,0,10,1,69,,315712,5,0,10,1,29,,315737,5,0,10,1,68,,315713,5,0,10,1,29,,315738,5,0,10,1,69,,315714,5,0,10,1
10302,'H50S000S-82-S',547,,315747,5,0,10,1,69,,315760,5,0,10,1,10,,315818,5,0,10,2,21,,315748,5,0,10,1,71,,315819,5,0,10,2,32,,315749,5,0,10,1,72,,315759,5,0,10,1,29,,315750,5,0,10,1,70,,315761,5,0,10,1,29,,315751,5,0,10,1,52,,315767,5,0,10,2,15,,315762,5,0,10,1,15,,315782,5,0,10,1,14,,315752,5,0,10,1,54,,315768,5,0,10,2,14,,315763,5,0,10,1,14,,315783,5,0,10,1,14,,315753,5,0,10,1,61,,315769,5,0,10,2,23,,315784,5,0,10,1,19,,315754,5,0,10,1,57,,315764,5,0,10,1,17,,315770,5,0,10,2,16,,315785,5,0,10,1,17,,315755,5,0,10,1,55,,315765,5,0,10,1,15,,315771,5,0,10,2,15,,315786,5,0,10,1,13,,315756,5,0,10,1,51,,315773,5,0,10,2,11,,315766,5,0,10,1,9,,315776,5,0,10,2,8,,315772,5,0,10,2,7,,315793,5,0,10,1,7,,315787,5,0,10,1,13,,315813,5,0,10,1,46,,315757,5,0,10,1,5,,315774,5,0,10,2,5,,315790,5,0,10,2,5,,315779,5,0,10,1,6,,315777,5,0,10,2,6,,315794,5,0,10,1,20,,315788,5,0,10,1,5,,315758,5,0,10,1,5,,315775,5,0,10,2,46,,315791,5,0,10,2,6,,315814,5,0,10,1,5,,315780,5,0,10,1,5,,315795,5,0,10,1,6,,315778,5,0,10,2,12,,315745,5,0,10,2,5,,315804,5,0,10,1,6,,315789,5,0,10,1,7,,315792,5,0,10,2,48,,315815,5,0,10,1,8,,315796,5,0,10,1,8,,315781,5,0,10,1,11,,315746,5,0,10,2,12,,315805,5,0,10,1,12,,315816,5,0,10,1,54,,315797,5,0,10,1,15,,315820,5,0,10,1,15,,315806,5,0,10,1,15,,315817,5,0,10,1,57,,315798,5,0,10,1,21,,315807,5,0,10,1,79,,315799,5,0,10,1,25,,315808,5,0,10,1,68,,315800,5,0,10,1,28,,315809,5,0,10,1,68,,315801,5,0,10,1,28,,315810,5,0,10,1,28,,315802,5,0,10,1,67,,315811,5,0,10,1,29,,315803,5,0,10,1,70,,315812,5,0,10,1
10302,'H50S100F-80-F1',617,,315866,5,0,10,1,30,,315839,5,0,10,2,70,,315867,5,0,10,1,30,,315840,5,0,10,2,70,,315868,5,0,10,1,29,,315841,5,0,10,2,70,,315822,5,0,10,1,31,,315863,5,0,10,1,73,,315823,5,0,10,1,29,,315842,5,0,10,2,72,,315824,5,0,10,1,30,,315843,5,0,10,2,72,,315825,5,0,10,1,24,,315844,5,0,10,2,62,,315850,5,0,10,1,21,,315826,5,0,10,1,21,,315845,5,0,10,2,61,,315851,5,0,10,1,20,,315827,5,0,10,1,20,,315846,5,0,10,2,60,,315852,5,0,10,1,20,,315828,5,0,10,1,20,,315847,5,0,10,2,58,,315853,5,0,10,1,18,,315829,5,0,10,1,20,,315848,5,0,10,2,60,,315865,5,0,10,1,16,,315854,5,0,10,1,15,,315830,5,0,10,1,15,,315864,5,0,10,2,55,,315855,5,0,10,1,15,,315821,5,0,10,1,15,,315831,5,0,10,1,16,,315849,5,0,10,2,60,,315856,5,0,10,1,25,,315832,5,0,10,1,68,,315857,5,0,10,1,28,,315833,5,0,10,1,67,,315858,5,0,10,1,29,,315834,5,0,10,1,69,,315859,5,0,10,1,29,,315835,5,0,10,1,29,,315860,5,0,10,1,69,,315836,5,0,10,1,29,,315861,5,0,10,1,68,,315837,5,0,10,1,29,,315862,5,0,10,1,69,,315838,5,0,10,1
10302,'H50S200F-80-F2',617,,315914,5,0,10,1,30,,315887,5,0,10,2,70,,315915,5,0,10,1,30,,315888,5,0,10,2,70,,315916,5,0,10,1,29,,315889,5,0,10,2,70,,315870,5,0,10,1,31,,315911,5,0,10,1,73,,315871,5,0,10,1,29,,315890,5,0,10,2,72,,315872,5,0,10,1,30,,315891,5,0,10,2,72,,315873,5,0,10,1,24,,315892,5,0,10,2,62,,315898,5,0,10,1,21,,315874,5,0,10,1,21,,315893,5,0,10,2,61,,315899,5,0,10,1,20,,315875,5,0,10,1,20,,315894,5,0,10,2,60,,315900,5,0,10,1,20,,315876,5,0,10,1,20,,315895,5,0,10,2,58,,315901,5,0,10,1,18,,315877,5,0,10,1,20,,315896,5,0,10,2,60,,315913,5,0,10,1,16,,315902,5,0,10,1,15,,315878,5,0,10,1,15,,315912,5,0,10,2,55,,315903,5,0,10,1,15,,315869,5,0,10,1,15,,315879,5,0,10,1,16,,315897,5,0,10,2,60,,315904,5,0,10,1,25,,315880,5,0,10,1,68,,315905,5,0,10,1,28,,315881,5,0,10,1,67,,315906,5,0,10,1,29,,315882,5,0,10,1,69,,315907,5,0,10,1,29,,315883,5,0,10,1,29,,315908,5,0,10,1,69,,315884,5,0,10,1,29,,315909,5,0,10,1,68,,315885,5,0,10,1,29,,315910,5,0,10,1,69,,315886,5,0,10,1
10302,'H56S000S-82-S',1635,,315917,5,0,10,1,98,,315918,5,0,10,1
10302,'H57S000S-80-S',2052,,315919,5,0,10,1
10302,'H59S000S-80-S',1550,,315920,5,0,10,2,92,,315921,5,0,10,2
16202,'H50S000A-82-A',603,,329480,5,0,10,2,27,,329481,5,0,10,1,71,,329491,5,0,10,1,31,,329482,5,0,10,1,72,,329492,5,0,10,1,33,,329483,5,0,10,1,73,,329493,5,0,10,1,30,,329511,5,0,10,2,70,,329484,5,0,10,1,29,,329494,5,0,10,1,68,,329512,5,0,10,2,28,,329485,5,0,10,1,68,,329507,5,0,10,1,30,,329495,5,0,10,1,70,,329486,5,0,10,2,30,,329508,5,0,10,1,70,,329496,5,0,10,1,31,,329487,5,0,10,2,70,,329509,5,0,10,1,30,,329497,5,0,10,1,69,,329488,5,0,10,2,29,,329510,5,0,10,1,70,,329498,5,0,10,1,29,,329489,5,0,10,2,69,,329513,5,0,10,2,29,,329499,5,0,10,1,30,,329490,5,0,10,2,71,,329514,5,0,10,2,72,,329500,5,0,10,1,33,,329515,5,0,10,2,70,,329501,5,0,10,1,31,,329516,5,0,10,2,70,,329502,5,0,10,1,31,,329517,5,0,10,2,70,,329503,5,0,10,1,31,,329518,5,0,10,2,69,,329504,5,0,10,1,30,,329519,5,0,10,2,68,,329505,5,0,10,1,28,,329520,5,0,10,2,69,,329506,5,0,10,1
16202,'H50S000I-82-I',603,,329521,5,0,10,1,29,,329526,5,0,10,2,73,,329522,5,0,10,1,32,,329527,5,0,10,2,71,,329523,5,0,10,1,28,,329532,5,0,10,1,70,,329528,5,0,10,2,32,,329524,5,0,10,2,70,,329558,5,0,10,1,33,,329533,5,0,10,1,70,,329529,5,0,10,2,31,,329538,5,0,10,2,71,,329534,5,0,10,1,31,,329530,5,0,10,2,71,,329539,5,0,10,2,31,,329535,5,0,10,1,72,,329531,5,0,10,2,32,,329540,5,0,10,2,73,,329536,5,0,10,1,33,,329549,5,0,10,1,73,,329541,5,0,10,2,71,,329537,5,0,10,1,33,,329525,5,0,10,2,72,,329550,5,0,10,1,33,,329542,5,0,10,2,73,,329551,5,0,10,1,33,,329543,5,0,10,2,73,,329552,5,0,10,1,33,,329544,5,0,10,2,73,,329553,5,0,10,1,32,,329545,5,0,10,2,72,,329554,5,0,10,1,32,,329546,5,0,10,2,70,,329555,5,0,10,1,71,,329547,5,0,10,2,31,,329556,5,0,10,1,71,,329548,5,0,10,2,30,,329557,5,0,10,1
16202,'H50S000S-82-S',619,,329559,5,0,10,1,31,,329590,5,0,10,2,70,,329563,5,0,10,1,30,,329577,5,0,10,2,71,,329591,5,0,10,1,32,,329564,5,0,10,1,71,,329578,5,0,10,2,31,,329592,5,0,10,1,72,,329565,5,0,10,1,32,,329579,5,0,10,2,70,,329593,5,0,10,1,30,,329566,5,0,10,1,70,,329580,5,0,10,2,30,,329594,5,0,10,1,70,,329567,5,0,10,1,30,,329581,5,0,10,2,71,,329595,5,0,10,1,71,,329568,5,0,10,1,31,,329582,5,0,10,2,70,,329596,5,0,10,1,30,,329560,5,0,10,1,70,,329569,5,0,10,1,30,,329583,5,0,10,2,68,,329597,5,0,10,1,30,,329570,5,0,10,1,71,,329584,5,0,10,2,30,,329561,5,0,10,1,70,,329571,5,0,10,1,30,,329585,5,0,10,2,70,,329562,5,0,10,1,31,,329572,5,0,10,1,71,,329586,5,0,10,2,33,,329573,5,0,10,1,70,,329587,5,0,10,2,30,,329574,5,0,10,1,69,,329588,5,0,10,2,29,,329575,5,0,10,1,68,,329589,5,0,10,2,30,,329576,5,0,10,1
16202,'H50S100F-80-F1',603,,329598,5,0,10,1,29,,329603,5,0,10,2,73,,329599,5,0,10,1,32,,329604,5,0,10,2,71,,329600,5,0,10,1,28,,329609,5,0,10,1,70,,329605,5,0,10,2,32,,329601,5,0,10,2,70,,329635,5,0,10,1,33,,329610,5,0,10,1,70,,329606,5,0,10,2,31,,329615,5,0,10,2,71,,329611,5,0,10,1,31,,329607,5,0,10,2,71,,329616,5,0,10,2,31,,329612,5,0,10,1,72,,329608,5,0,10,2,32,,329617,5,0,10,2,73,,329613,5,0,10,1,33,,329626,5,0,10,1,73,,329618,5,0,10,2,71,,329614,5,0,10,1,33,,329602,5,0,10,2,72,,329627,5,0,10,1,33,,329619,5,0,10,2,73,,329628,5,0,10,1,33,,329620,5,0,10,2,73,,329629,5,0,10,1,33,,329621,5,0,10,2,73,,329630,5,0,10,1,32,,329622,5,0,10,2,72,,329631,5,0,10,1,32,,329623,5,0,10,2,70,,329632,5,0,10,1,71,,329624,5,0,10,2,31,,329633,5,0,10,1,71,,329625,5,0,10,2,30,,329634,5,0,10,1
16202,'H50S200F-80-F2',603,,329636,5,0,10,1,29,,329641,5,0,10,2,73,,329637,5,0,10,1,32,,329642,5,0,10,2,71,,329638,5,0,10,1,28,,329647,5,0,10,1,70,,329643,5,0,10,2,32,,329639,5,0,10,2,70,,329673,5,0,10,1,33,,329648,5,0,10,1,70,,329644,5,0,10,2,31,,329653,5,0,10,2,71,,329649,5,0,10,1,31,,329645,5,0,10,2,71,,329654,5,0,10,2,31,,329650,5,0,10,1,72,,329646,5,0,10,2,32,,329655,5,0,10,2,73,,329651,5,0,10,1,33,,329664,5,0,10,1,73,,329656,5,0,10,2,71,,329652,5,0,10,1,33,,329640,5,0,10,2,72,,329665,5,0,10,1,33,,329657,5,0,10,2,73,,329666,5,0,10,1,33,,329658,5,0,10,2,73,,329667,5,0,10,1,33,,329659,5,0,10,2,73,,329668,5,0,10,1,32,,329660,5,0,10,2,72,,329669,5,0,10,1,32,,329661,5,0,10,2,70,,329670,5,0,10,1,71,,329662,5,0,10,2,31,,329671,5,0,10,1,71,,329663,5,0,10,2,30,,329672,5,0,10,1
