8601,'H54S000A-80-A',616,,310975,32,0,5,2,33,,310956,32,0,5,1,73,,310964,32,0,5,2,33,,310970,32,0,5,2,72,,310982,32,0,5,1,32,,310976,32,0,5,2,73,,310957,32,0,5,1,72,,310965,32,0,5,2,32,,310971,32,0,5,2,72,,310983,32,0,5,1,32,,310977,32,0,5,2,73,,310958,32,0,5,1,33,,310966,32,0,5,2,73,,310972,32,0,5,2,33,,310984,32,0,5,1,72,,310978,32,0,5,2,33,,310959,32,0,5,1,73,,310967,32,0,5,2,72,,310973,32,0,5,2,33,,310985,32,0,5,1,72,,310979,32,0,5,2,33,,310960,32,0,5,1,73,,310968,32,0,5,2,33,,310974,32,0,5,2,73,,310986,32,0,5,1,32,,310980,32,0,5,2,73,,310961,32,0,5,1,33,,310969,32,0,5,2,73,,310989,32,0,5,2,71,,310987,32,0,5,1,32,,310981,32,0,5,2,72,,310962,32,0,5,1,33,,310954,32,0,5,1,73,,310990,32,0,5,2,31,,310988,32,0,5,1,73,,310963,32,0,5,1,32,,310955,32,0,5,1,71,,310991,32,0,5,2
8601,'H54S000I-80-I',617,,311015,32,0,5,2,32,,310996,32,0,5,1,73,,311002,32,0,5,2,30,,311010,32,0,5,1,71,,311022,32,0,5,1,32,,311016,32,0,5,2,72,,310997,32,0,5,1,32,,311003,32,0,5,2,72,,311011,32,0,5,1,72,,311023,32,0,5,1,33,,311017,32,0,5,2,72,,310998,32,0,5,1,32,,311004,32,0,5,2,72,,311012,32,0,5,1,32,,311024,32,0,5,1,72,,311018,32,0,5,2,32,,310999,32,0,5,1,73,,311005,32,0,5,2,33,,311013,32,0,5,1,71,,311025,32,0,5,1,33,,311019,32,0,5,2,73,,311000,32,0,5,1,73,,311006,32,0,5,2,33,,311014,32,0,5,1,73,,311026,32,0,5,1,33,,311020,32,0,5,2,72,,311001,32,0,5,1,31,,311007,32,0,5,2,71,,310994,32,0,5,1,30,,310995,32,0,5,2,70,,311021,32,0,5,2,29,,311028,32,0,5,1,70,,311008,32,0,5,2,31,,311029,32,0,5,1,72,,310992,32,0,5,1,32,,311030,32,0,5,2,72,,311009,32,0,5,2,31,,311027,32,0,5,1,70,,310993,32,0,5,1
8601,'H54S000S-80-S',607,,311044,32,0,5,1,27,,311031,32,0,5,2,68,,311037,32,0,5,2,34,,311038,32,0,5,2,73,,311062,32,0,5,1,32,,311045,32,0,5,1,72,,311032,32,0,5,2,31,,311065,32,0,5,1,71,,311039,32,0,5,2,30,,311063,32,0,5,1,65,,311052,32,0,5,2,26,,311046,32,0,5,1,65,,311033,32,0,5,2,30,,311066,32,0,5,1,70,,311040,32,0,5,2,29,,311064,32,0,5,1,71,,311053,32,0,5,2,31,,311047,32,0,5,1,70,,311034,32,0,5,2,30,,311067,32,0,5,1,70,,311041,32,0,5,2,32,,311058,32,0,5,1,72,,311054,32,0,5,2,33,,311048,32,0,5,1,73,,311035,32,0,5,2,31,,311042,32,0,5,2,72,,311059,32,0,5,1,28,,311055,32,0,5,2,69,,311049,32,0,5,1,29,,311036,32,0,5,2,69,,311043,32,0,5,2,29,,311060,32,0,5,1,69,,311056,32,0,5,2,29,,311050,32,0,5,1,68,,311070,32,0,5,1,28,,311068,32,0,5,2,70,,311061,32,0,5,1,30,,311057,32,0,5,2,71,,311051,32,0,5,1,31,,311071,32,0,5,1,71,,311069,32,0,5,2
8601,'H54S100F-80-F1',617,,311095,32,0,5,2,32,,311076,32,0,5,1,73,,311082,32,0,5,2,30,,311090,32,0,5,1,71,,311102,32,0,5,1,32,,311096,32,0,5,2,72,,311077,32,0,5,1,32,,311083,32,0,5,2,72,,311091,32,0,5,1,72,,311103,32,0,5,1,33,,311097,32,0,5,2,72,,311078,32,0,5,1,32,,311084,32,0,5,2,72,,311092,32,0,5,1,32,,311104,32,0,5,1,72,,311098,32,0,5,2,32,,311079,32,0,5,1,73,,311085,32,0,5,2,33,,311093,32,0,5,1,71,,311105,32,0,5,1,33,,311099,32,0,5,2,73,,311080,32,0,5,1,73,,311086,32,0,5,2,33,,311094,32,0,5,1,73,,311106,32,0,5,1,33,,311100,32,0,5,2,72,,311081,32,0,5,1,31,,311087,32,0,5,2,71,,311074,32,0,5,1,30,,311075,32,0,5,2,70,,311101,32,0,5,2,29,,311108,32,0,5,1,70,,311088,32,0,5,2,31,,311109,32,0,5,1,72,,311072,32,0,5,1,32,,311110,32,0,5,2,72,,311089,32,0,5,2,31,,311107,32,0,5,1,70,,311073,32,0,5,1
8601,'H54S200F-80-F2',617,,311134,32,0,5,2,32,,311115,32,0,5,1,73,,311121,32,0,5,2,30,,311129,32,0,5,1,71,,311141,32,0,5,1,32,,311135,32,0,5,2,72,,311116,32,0,5,1,32,,311122,32,0,5,2,72,,311130,32,0,5,1,72,,311142,32,0,5,1,33,,311136,32,0,5,2,72,,311117,32,0,5,1,32,,311123,32,0,5,2,72,,311131,32,0,5,1,32,,311143,32,0,5,1,72,,311137,32,0,5,2,32,,311118,32,0,5,1,73,,311124,32,0,5,2,33,,311132,32,0,5,1,71,,311144,32,0,5,1,33,,311138,32,0,5,2,73,,311119,32,0,5,1,73,,311125,32,0,5,2,33,,311133,32,0,5,1,73,,311145,32,0,5,1,33,,311139,32,0,5,2,72,,311120,32,0,5,1,31,,311126,32,0,5,2,71,,311113,32,0,5,1,30,,311114,32,0,5,2,70,,311140,32,0,5,2,29,,311147,32,0,5,1,70,,311127,32,0,5,2,31,,311148,32,0,5,1,72,,311111,32,0,5,1,32,,311149,32,0,5,2,72,,311128,32,0,5,2,31,,311146,32,0,5,1,70,,311112,32,0,5,1
18901,'H54S000A-80-A',535,,336280,25,0,5,1,69,,336298,25,0,5,1,29,,336320,25,0,5,1,69,,336281,25,0,5,1,30,,336299,25,0,5,1,71,,336321,25,0,5,1,35,,336291,25,0,5,1,72,,336268,25,0,5,1,31,,336322,25,0,5,1,71,,336292,25,0,5,1,29,,336269,25,0,5,1,71,,336305,25,0,5,1,29,,336293,25,0,5,1,69,,336300,25,0,5,1,28,,336306,25,0,5,1,67,,336277,25,0,5,2,19,,336294,25,0,5,1,19,,336301,25,0,5,1,58,,336272,25,0,5,1,18,,336307,25,0,5,1,18,,336278,25,0,5,2,18,,336295,25,0,5,1,60,,336302,25,0,5,1,20,,336273,25,0,5,1,17,,336308,25,0,5,1,56,,336279,25,0,5,2,16,,336296,25,0,5,1,15,,336303,25,0,5,1,14,,336323,25,0,5,1,54,,336309,25,0,5,1,16,,336314,25,0,5,1,15,,336297,25,0,5,1,14,,336270,25,0,5,2,55,,336304,25,0,5,1,13,,336289,25,0,5,1,14,,336310,25,0,5,1,16,,336282,25,0,5,1,57,,336315,25,0,5,1,17,,336271,25,0,5,2,17,,336311,25,0,5,1,18,,336290,25,0,5,1,59,,336283,25,0,5,1,25,,336316,25,0,5,1,66,,336312,25,0,5,1,26,,336284,25,0,5,1,65,,336274,25,0,5,2,24,,336317,25,0,5,1,24,,336313,25,0,5,1,63,,336285,25,0,5,1,23,,336275,25,0,5,2,23,,336287,25,0,5,2,63,,336318,25,0,5,1,23,,336286,25,0,5,1,65,,336276,25,0,5,2,29,,336288,25,0,5,2,70,,336319,25,0,5,1
18901,'H54S000I-80-I',534,,336329,25,0,5,1,69,,336334,25,0,5,2,30,,336344,25,0,5,1,69,,336330,25,0,5,1,29,,336335,25,0,5,2,69,,336345,25,0,5,1,29,,336331,25,0,5,1,30,,336336,25,0,5,2,73,,336346,25,0,5,1,70,,336332,25,0,5,1,30,,336337,25,0,5,2,71,,336359,25,0,5,2,33,,336333,25,0,5,1,72,,336349,25,0,5,1,30,,336360,25,0,5,2,69,,336361,25,0,5,1,30,,336350,25,0,5,1,69,,336338,25,0,5,2,25,,336362,25,0,5,1,23,,336324,25,0,5,2,63,,336351,25,0,5,1,22,,336339,25,0,5,2,19,,336325,25,0,5,2,58,,336363,25,0,5,1,16,,336347,25,0,5,1,16,,336352,25,0,5,1,57,,336348,25,0,5,2,15,,336340,25,0,5,2,16,,336328,25,0,5,1,15,,336364,25,0,5,1,54,,336327,25,0,5,1,13,,336353,25,0,5,1,17,,336326,25,0,5,1,19,,336341,25,0,5,2,64,,336365,25,0,5,1,29,,336354,25,0,5,1,71,,336342,25,0,5,2,30,,336366,25,0,5,1,70,,336355,25,0,5,1,30,,336343,25,0,5,2,70,,336367,25,0,5,1,30,,336356,25,0,5,1,66,,336370,25,0,5,2,28,,336368,25,0,5,1,68,,336357,25,0,5,1,26,,336371,25,0,5,2,69,,336369,25,0,5,1,32,,336358,25,0,5,1
18901,'H54S000S-80-S',534,,336385,25,0,5,1,70,,336394,25,0,5,2,30,,336372,25,0,5,1,74,,336395,25,0,5,2,35,,336396,25,0,5,2,71,,336386,25,0,5,1,26,,336402,25,0,5,2,69,,336408,25,0,5,2,26,,336397,25,0,5,2,68,,336387,25,0,5,1,30,,336403,25,0,5,2,70,,336373,25,0,5,2,27,,336388,25,0,5,1,22,,336409,25,0,5,2,60,,336404,25,0,5,2,20,,336398,25,0,5,2,19,,336412,25,0,5,1,58,,336389,25,0,5,1,19,,336410,25,0,5,2,19,,336405,25,0,5,2,59,,336399,25,0,5,2,19,,336413,25,0,5,1,19,,336390,25,0,5,1,58,,336411,25,0,5,2,9,,336380,25,0,5,2,14,,336406,25,0,5,2,12,,336400,25,0,5,2,11,,336435,25,0,5,1,11,,336414,25,0,5,1,59,,336375,25,0,5,2,9,,336383,25,0,5,1,12,,336431,25,0,5,2,14,,336415,25,0,5,2,6,,336424,25,0,5,1,47,,336407,25,0,5,2,6,,336392,25,0,5,1,4,,336434,25,0,5,2,7,,336422,25,0,5,2,7,,336436,25,0,5,1,9,,336382,25,0,5,2,7,,336401,25,0,5,2,8,,336432,25,0,5,2,47,,336384,25,0,5,1,7,,336377,25,0,5,1,9,,336425,25,0,5,1,9,,336393,25,0,5,1,11,,336379,25,0,5,2,11,,336437,25,0,5,1,52,,336423,25,0,5,2,14,,336417,25,0,5,2,16,,336433,25,0,5,2,19,,336426,25,0,5,1,59,,336440,25,0,5,1,19,,336438,25,0,5,1,18,,336418,25,0,5,2,57,,336381,25,0,5,2,20,,336427,25,0,5,1,20,,336441,25,0,5,1,60,,336374,25,0,5,2,20,,336419,25,0,5,2,24,,336428,25,0,5,1,65,,336442,25,0,5,1,23,,336378,25,0,5,1,21,,336420,25,0,5,2,63,,336429,25,0,5,1,21,,336439,25,0,5,1,71,,336421,25,0,5,2,30,,336430,25,0,5,1
18901,'H54S100F-80-F1',534,,336448,25,0,5,1,69,,336453,25,0,5,2,30,,336463,25,0,5,1,69,,336449,25,0,5,1,29,,336454,25,0,5,2,69,,336464,25,0,5,1,29,,336450,25,0,5,1,30,,336455,25,0,5,2,73,,336465,25,0,5,1,70,,336451,25,0,5,1,30,,336456,25,0,5,2,71,,336478,25,0,5,2,33,,336452,25,0,5,1,72,,336468,25,0,5,1,30,,336479,25,0,5,2,69,,336480,25,0,5,1,30,,336469,25,0,5,1,69,,336457,25,0,5,2,25,,336481,25,0,5,1,23,,336443,25,0,5,2,63,,336470,25,0,5,1,22,,336458,25,0,5,2,19,,336444,25,0,5,2,58,,336482,25,0,5,1,16,,336466,25,0,5,1,16,,336471,25,0,5,1,57,,336467,25,0,5,2,15,,336459,25,0,5,2,16,,336447,25,0,5,1,15,,336483,25,0,5,1,54,,336446,25,0,5,1,13,,336472,25,0,5,1,17,,336445,25,0,5,1,19,,336460,25,0,5,2,64,,336484,25,0,5,1,29,,336473,25,0,5,1,71,,336461,25,0,5,2,30,,336485,25,0,5,1,70,,336474,25,0,5,1,30,,336462,25,0,5,2,70,,336486,25,0,5,1,30,,336475,25,0,5,1,66,,336489,25,0,5,2,28,,336487,25,0,5,1,68,,336476,25,0,5,1,26,,336490,25,0,5,2,69,,336488,25,0,5,1,32,,336477,25,0,5,1
18901,'H54S200F-80-F2',534,,336496,25,0,5,1,69,,336501,25,0,5,2,30,,336511,25,0,5,1,69,,336497,25,0,5,1,29,,336502,25,0,5,2,69,,336512,25,0,5,1,29,,336498,25,0,5,1,30,,336503,25,0,5,2,73,,336513,25,0,5,1,70,,336499,25,0,5,1,30,,336504,25,0,5,2,71,,336526,25,0,5,2,33,,336500,25,0,5,1,72,,336516,25,0,5,1,30,,336527,25,0,5,2,69,,336528,25,0,5,1,30,,336517,25,0,5,1,69,,336505,25,0,5,2,25,,336529,25,0,5,1,23,,336491,25,0,5,2,63,,336518,25,0,5,1,22,,336506,25,0,5,2,19,,336492,25,0,5,2,58,,336530,25,0,5,1,16,,336514,25,0,5,1,16,,336519,25,0,5,1,57,,336515,25,0,5,2,15,,336507,25,0,5,2,16,,336495,25,0,5,1,15,,336531,25,0,5,1,54,,336494,25,0,5,1,13,,336520,25,0,5,1,17,,336493,25,0,5,1,19,,336508,25,0,5,2,64,,336532,25,0,5,1,29,,336521,25,0,5,1,71,,336509,25,0,5,2,30,,336533,25,0,5,1,70,,336522,25,0,5,1,30,,336510,25,0,5,2,70,,336534,25,0,5,1,30,,336523,25,0,5,1,66,,336537,25,0,5,2,28,,336535,25,0,5,1,68,,336524,25,0,5,1,26,,336538,25,0,5,2,69,,336536,25,0,5,1,32,,336525,25,0,5,1
18901,'H59S000S-80-S',1609,,336539,25,0,5,2,38,,336540,25,0,5,2
