2401,'H59S000A-80-A',633,,291585,23,0,5,1,72,,291591,23,0,5,1,31,,291574,23,0,5,1,72,,291586,23,0,5,1,33,,291592,23,0,5,1,71,,291575,23,0,5,1,30,,291597,23,0,5,1,66,,291587,23,0,5,1,26,,291593,23,0,5,1,23,,291604,23,0,5,1,63,,291576,23,0,5,1,22,,291579,23,0,5,1,60,,291588,23,0,5,1,22,,291612,23,0,5,2,20,,291594,23,0,5,1,60,,291605,23,0,5,1,20,,291598,23,0,5,1,19,,291601,23,0,5,2,16,,291580,23,0,5,1,55,,291589,23,0,5,1,14,,291583,23,0,5,1,13,,291613,23,0,5,2,12,,291595,23,0,5,1,53,,291577,23,0,5,1,12,,291606,23,0,5,1,12,,291614,23,0,5,2,11,,291599,23,0,5,1,12,,291602,23,0,5,2,52,,291615,23,0,5,1,11,,291581,23,0,5,1,12,,291590,23,0,5,1,8,,291622,23,0,5,1,8,,291584,23,0,5,1,9,,291628,23,0,5,1,49,,291596,23,0,5,1,9,,291631,23,0,5,1,8,,291578,23,0,5,1,8,,291634,23,0,5,2,11,,291607,23,0,5,1,12,,291600,23,0,5,1,53,,291603,23,0,5,2,13,,291616,23,0,5,1,13,,291582,23,0,5,1,13,,291623,23,0,5,1,12,,291629,23,0,5,1,50,,291621,23,0,5,2,13,,291632,23,0,5,1,16,,291635,23,0,5,2,20,,291608,23,0,5,1,61,,291617,23,0,5,1,20,,291624,23,0,5,1,19,,291630,23,0,5,1,59,,291633,23,0,5,1,20,,291636,23,0,5,2,20,,291609,23,0,5,1,64,,291618,23,0,5,1,25,,291625,23,0,5,1,67,,291637,23,0,5,2,30,,291610,23,0,5,1,66,,291619,23,0,5,1,27,,291626,23,0,5,1,26,,291638,23,0,5,2,67,,291611,23,0,5,1,27,,291620,23,0,5,1,67,,291627,23,0,5,1
2401,'H59S000I-81-I',633,,291646,23,0,5,1,71,,291639,23,0,5,1,33,,291663,23,0,5,1,71,,291647,23,0,5,1,33,,291640,23,0,5,1,73,,291664,23,0,5,1,38,,291648,23,0,5,1,71,,291665,23,0,5,1,30,,291641,23,0,5,1,71,,291670,23,0,5,1,29,,291649,23,0,5,1,67,,291674,23,0,5,1,24,,291666,23,0,5,1,60,,291642,23,0,5,1,20,,291671,23,0,5,1,20,,291676,23,0,5,2,58,,291650,23,0,5,1,18,,291678,23,0,5,1,17,,291675,23,0,5,2,13,,291667,23,0,5,1,55,,291643,23,0,5,1,15,,291672,23,0,5,1,15,,291657,23,0,5,1,15,,291677,23,0,5,2,54,,291651,23,0,5,1,14,,291679,23,0,5,1,15,,291682,23,0,5,2,15,,291668,23,0,5,1,52,,291683,23,0,5,2,12,,291644,23,0,5,1,14,,291673,23,0,5,1,13,,291658,23,0,5,1,13,,291681,23,0,5,2,53,,291652,23,0,5,1,12,,291680,23,0,5,1,13,,291684,23,0,5,1,13,,291669,23,0,5,1,14,,291689,23,0,5,2,55,,291645,23,0,5,1,19,,291659,23,0,5,1,23,,291653,23,0,5,1,65,,291685,23,0,5,1,28,,291690,23,0,5,2,66,,291660,23,0,5,1,30,,291654,23,0,5,1,68,,291686,23,0,5,1,27,,291691,23,0,5,2,67,,291661,23,0,5,1,28,,291655,23,0,5,1,70,,291687,23,0,5,1,30,,291662,23,0,5,1,72,,291656,23,0,5,1,33,,291688,23,0,5,1
2401,'H59S000S-80-S',541,,291692,23,0,5,1,78,,291699,23,0,5,1,12,,291701,23,0,5,1,11,,291723,23,0,5,2,11,,291709,23,0,5,1,53,,291726,23,0,5,1,13,,291737,23,0,5,1,13,,291693,23,0,5,1,12,,291725,23,0,5,1,13,,291736,23,0,5,2,55,,291742,23,0,5,1,13,,291700,23,0,5,1,11,,291702,23,0,5,1,11,,291759,23,0,5,1,10,,291710,23,0,5,1,52,,291727,23,0,5,1,12,,291766,23,0,5,1,12,,291738,23,0,5,1,11,,291765,23,0,5,2,10,,291715,23,0,5,1,52,,291750,23,0,5,1,12,,291743,23,0,5,1,12,,291695,23,0,5,1,13,,291703,23,0,5,1,12,,291760,23,0,5,1,52,,291711,23,0,5,1,13,,291728,23,0,5,1,12,,291767,23,0,5,1,12,,291739,23,0,5,1,12,,291716,23,0,5,1,52,,291751,23,0,5,1,12,,291744,23,0,5,1,14,,291795,23,0,5,1,12,,291696,23,0,5,1,12,,291704,23,0,5,1,52,,291761,23,0,5,1,11,,291712,23,0,5,1,12,,291729,23,0,5,1,12,,291768,23,0,5,1,12,,291740,23,0,5,1,52,,291717,23,0,5,1,12,,291752,23,0,5,1,12,,291745,23,0,5,1,12,,291796,23,0,5,1,11,,291697,23,0,5,1,52,,291705,23,0,5,1,12,,291762,23,0,5,1,13,,291713,23,0,5,1,11,,291730,23,0,5,1,12,,291769,23,0,5,1,50,,291741,23,0,5,1,9,,291770,23,0,5,1,8,,291775,23,0,5,2,9,,291777,23,0,5,2,9,,291718,23,0,5,1,7,,291776,23,0,5,2,6,,291753,23,0,5,1,46,,291746,23,0,5,1,7,,291772,23,0,5,2,6,,291797,23,0,5,1,5,,291698,23,0,5,1,5,,291787,23,0,5,2,7,,291780,23,0,5,1,8,,291783,23,0,5,2,8,,291763,23,0,5,1,11,,291781,23,0,5,1,50,,291731,23,0,5,1,11,,291707,23,0,5,1,10,,291790,23,0,5,2,10,,291785,23,0,5,1,11,,291778,23,0,5,2,52,,291719,23,0,5,1,11,,291747,23,0,5,1,10,,291798,23,0,5,1,9,,291788,23,0,5,2,9,,291755,23,0,5,1,11,,291774,23,0,5,2,52,,291732,23,0,5,1,12,,291708,23,0,5,1,12,,291791,23,0,5,2,12,,291786,23,0,5,1,11,,291779,23,0,5,2,52,,291720,23,0,5,1,14,,291748,23,0,5,1,16,,291756,23,0,5,1,20,,291733,23,0,5,1,59,,291794,23,0,5,1,20,,291792,23,0,5,2,24,,291721,23,0,5,1,67,,291757,23,0,5,1,28,,291734,23,0,5,1,65,,291793,23,0,5,2,28,,291722,23,0,5,1,68,,291758,23,0,5,1,27,,291735,23,0,5,1
2401,'H59S100F-80-F1',633,,291806,23,0,5,1,71,,291799,23,0,5,1,33,,291850,23,0,5,1,71,,291807,23,0,5,1,33,,291800,23,0,5,1,73,,291851,23,0,5,1,38,,291808,23,0,5,1,71,,291823,23,0,5,1,30,,291801,23,0,5,1,71,,291828,23,0,5,1,29,,291809,23,0,5,1,67,,291832,23,0,5,1,24,,291824,23,0,5,1,60,,291802,23,0,5,1,20,,291829,23,0,5,1,20,,291834,23,0,5,2,58,,291810,23,0,5,1,18,,291836,23,0,5,1,17,,291833,23,0,5,2,13,,291825,23,0,5,1,55,,291803,23,0,5,1,15,,291830,23,0,5,1,15,,291817,23,0,5,1,15,,291835,23,0,5,2,54,,291811,23,0,5,1,14,,291837,23,0,5,1,15,,291839,23,0,5,2,15,,291826,23,0,5,1,52,,291840,23,0,5,2,12,,291804,23,0,5,1,14,,291831,23,0,5,1,13,,291818,23,0,5,1,13,,291849,23,0,5,2,53,,291812,23,0,5,1,12,,291838,23,0,5,1,13,,291841,23,0,5,1,13,,291827,23,0,5,1,14,,291846,23,0,5,2,55,,291805,23,0,5,1,19,,291819,23,0,5,1,23,,291813,23,0,5,1,65,,291842,23,0,5,1,28,,291847,23,0,5,2,66,,291820,23,0,5,1,30,,291814,23,0,5,1,68,,291843,23,0,5,1,27,,291848,23,0,5,2,67,,291821,23,0,5,1,28,,291815,23,0,5,1,70,,291844,23,0,5,1,30,,291822,23,0,5,1,72,,291816,23,0,5,1,33,,291845,23,0,5,1
2401,'H59S200F-80-F2',633,,291859,23,0,5,1,71,,291852,23,0,5,1,33,,291903,23,0,5,1,71,,291860,23,0,5,1,33,,291853,23,0,5,1,73,,291904,23,0,5,1,38,,291861,23,0,5,1,71,,291876,23,0,5,1,30,,291854,23,0,5,1,71,,291881,23,0,5,1,29,,291862,23,0,5,1,67,,291885,23,0,5,1,24,,291877,23,0,5,1,60,,291855,23,0,5,1,20,,291882,23,0,5,1,20,,291887,23,0,5,2,58,,291863,23,0,5,1,18,,291889,23,0,5,1,17,,291886,23,0,5,2,13,,291878,23,0,5,1,55,,291856,23,0,5,1,15,,291883,23,0,5,1,15,,291870,23,0,5,1,15,,291888,23,0,5,2,54,,291864,23,0,5,1,14,,291890,23,0,5,1,15,,291892,23,0,5,2,15,,291879,23,0,5,1,52,,291893,23,0,5,2,12,,291857,23,0,5,1,14,,291884,23,0,5,1,13,,291871,23,0,5,1,13,,291902,23,0,5,2,53,,291865,23,0,5,1,12,,291891,23,0,5,1,13,,291894,23,0,5,1,13,,291880,23,0,5,1,14,,291899,23,0,5,2,55,,291858,23,0,5,1,19,,291872,23,0,5,1,23,,291866,23,0,5,1,65,,291895,23,0,5,1,28,,291900,23,0,5,2,66,,291873,23,0,5,1,30,,291867,23,0,5,1,68,,291896,23,0,5,1,27,,291901,23,0,5,2,67,,291874,23,0,5,1,28,,291868,23,0,5,1,70,,291897,23,0,5,1,30,,291875,23,0,5,1,72,,291869,23,0,5,1,33,,291898,23,0,5,1
35601,'H56S000A-80-A',2651,,346198,110,0,5,2,83,,346199,110,0,5,1,91,,346195,110,0,5,2,92,,346197,110,0,5,1,42,,346196,110,0,5,1
35601,'H56S000I-80-I',2650,,346201,110,0,5,1,81,,346205,110,0,5,2,80,,346202,110,0,5,1,40,,346200,110,0,5,1,84,,346204,110,0,5,1,84,,346203,110,0,5,1
35601,'H56S000S-82-S',2703,,346208,110,0,5,1,33,,346210,110,0,5,1,74,,346211,110,0,5,2,34,,346206,110,0,5,1,86,,346209,110,0,5,2,89,,346207,110,0,5,1
35601,'H56S100F-80-F1',2650,,346213,110,0,5,1,81,,346217,110,0,5,2,80,,346214,110,0,5,1,40,,346212,110,0,5,1,84,,346216,110,0,5,1,84,,346215,110,0,5,1
35601,'H56S200F-80-F2',2650,,346219,110,0,5,1,81,,346223,110,0,5,2,80,,346220,110,0,5,1,40,,346218,110,0,5,1,84,,346222,110,0,5,1,84,,346221,110,0,5,1
