7001,'H60S000A-80-A',746,,307878,8,0,5,1,70,,307904,8,0,5,2,25,,307879,8,0,5,1,65,,307905,8,0,5,2,25,,307880,8,0,5,1,25,,307906,8,0,5,2,65,,307881,8,0,5,1,25,,307907,8,0,5,2,71,,307882,8,0,5,1,38,,307883,8,0,5,1,78,,307884,8,0,5,1,78,,307885,8,0,5,1,38,,307886,8,0,5,1,78,,307887,8,0,5,1,78,,307888,8,0,5,1,31,,307908,19,0,5,1,69,,307889,19,0,5,1,28,,307909,19,0,5,1,69,,307890,19,0,5,1,30,,307910,19,0,5,1,25,,307891,19,0,5,1,63,,307911,8,0,5,1,19,,307892,8,0,5,1,19,,307912,8,0,5,1,66,,307893,8,0,5,1,76,,307894,8,0,5,1,36,,307895,8,0,5,1,76,,307896,8,0,5,1,36,,307897,8,0,5,1,76,,307898,8,0,5,1,76,,307899,8,0,5,1,36,,307900,8,0,5,1,76,,307901,8,0,5,1,36,,307902,8,0,5,1,76,,307903,8,0,5,1
7001,'H60S000I-81-I',746,,307913,8,0,5,1,69,,307939,8,0,5,2,25,,307914,8,0,5,1,65,,307940,8,0,5,2,25,,307915,8,0,5,1,25,,307941,8,0,5,2,65,,307916,8,0,5,1,26,,307942,8,0,5,2,71,,307917,8,0,5,1,38,,307918,8,0,5,1,78,,307919,8,0,5,1,78,,307920,8,0,5,1,38,,307921,8,0,5,1,78,,307922,8,0,5,1,78,,307923,8,0,5,1,30,,307943,19,0,5,2,65,,307924,19,0,5,1,32,,307944,19,0,5,2,69,,307925,19,0,5,1,30,,307945,19,0,5,2,26,,307926,19,0,5,1,63,,307946,8,0,5,2,19,,307927,8,0,5,1,19,,307947,8,0,5,2,65,,307928,8,0,5,1,77,,307929,8,0,5,1,36,,307930,8,0,5,1,76,,307931,8,0,5,1,36,,307932,8,0,5,1,76,,307933,8,0,5,1,76,,307934,8,0,5,1,36,,307935,8,0,5,1,76,,307936,8,0,5,1,36,,307937,8,0,5,1,76,,307938,8,0,5,1
7001,'H60S000S-83-S',623,,307948,19,0,5,1,30,,307959,19,0,5,1,72,,307949,19,0,5,1,28,,307960,19,0,5,1,67,,307950,19,0,5,1,27,,307961,19,0,5,1,67,,307951,19,0,5,1,28,,307962,19,0,5,1,67,,307952,19,0,5,1,35,,307963,19,0,5,1,75,,307953,19,0,5,1,33,,307964,19,0,5,1,72,,307954,19,0,5,1,31,,307965,19,0,5,1,73,,307955,19,0,5,1,29,,307966,19,0,5,1,67,,307956,19,0,5,1,29,,307967,19,0,5,1,69,,307957,19,0,5,1,29,,307968,19,0,5,1,68,,307958,19,0,5,1,31,,307969,19,0,5,1,71,,307977,19,0,5,1,30,,307970,19,0,5,1,72,,307978,19,0,5,1,33,,307971,19,0,5,2,73,,307979,19,0,5,1,27,,307972,19,0,5,2,66,,307980,19,0,5,1,28,,307973,19,0,5,2,70,,307981,19,0,5,1,30,,307974,19,0,5,2,70,,307982,19,0,5,1,31,,307975,19,0,5,2,72,,307983,19,0,5,1,33,,307976,19,0,5,2,73,,307984,19,0,5,1
7001,'H60S100F-80-F1',746,,308005,8,0,5,1,69,,308006,8,0,5,2,25,,307985,8,0,5,1,65,,308007,8,0,5,2,25,,307986,8,0,5,1,25,,308008,8,0,5,2,65,,307987,8,0,5,1,26,,308009,8,0,5,2,71,,307988,8,0,5,1,38,,307989,8,0,5,1,78,,307990,8,0,5,1,78,,307991,8,0,5,1,38,,307992,8,0,5,1,78,,307993,8,0,5,1,78,,307994,8,0,5,1,30,,308010,19,0,5,2,65,,307995,19,0,5,1,32,,308011,19,0,5,2,69,,307996,19,0,5,1,30,,308012,19,0,5,2,26,,307997,19,0,5,1,63,,308013,8,0,5,2,19,,307998,8,0,5,1,19,,308014,8,0,5,2,65,,307999,8,0,5,1,77,,308000,8,0,5,1,36,,308001,8,0,5,1,76,,308002,8,0,5,1,36,,308003,8,0,5,1,76,,308004,8,0,5,1,76,,308015,8,0,5,1,36,,308016,8,0,5,1,76,,308017,8,0,5,1,36,,308018,8,0,5,1,76,,308019,8,0,5,1
7001,'H60S200F-80-F2',746,,308040,8,0,5,1,69,,308041,8,0,5,2,25,,308020,8,0,5,1,65,,308042,8,0,5,2,25,,308021,8,0,5,1,25,,308043,8,0,5,2,65,,308022,8,0,5,1,26,,308044,8,0,5,2,71,,308023,8,0,5,1,38,,308024,8,0,5,1,78,,308025,8,0,5,1,78,,308026,8,0,5,1,38,,308027,8,0,5,1,78,,308028,8,0,5,1,78,,308029,8,0,5,1,30,,308045,19,0,5,2,65,,308030,19,0,5,1,32,,308046,19,0,5,2,69,,308031,19,0,5,1,30,,308047,19,0,5,2,26,,308032,19,0,5,1,63,,308048,8,0,5,2,19,,308033,8,0,5,1,19,,308049,8,0,5,2,65,,308034,8,0,5,1,77,,308035,8,0,5,1,36,,308036,8,0,5,1,76,,308037,8,0,5,1,36,,308038,8,0,5,1,76,,308039,8,0,5,1,76,,308050,8,0,5,1,36,,308051,8,0,5,1,76,,308052,8,0,5,1,36,,308053,8,0,5,1,76,,308054,8,0,5,1
12101,'H58S000A-80-A',506,,321010,9,0,5,1,29,,321006,9,0,5,1,70,,321013,9,0,5,1,31,,321011,9,0,5,1,70,,321007,9,0,5,1,31,,321019,9,0,5,1,71,,321014,9,0,5,1,29,,321012,9,0,5,1,69,,321008,9,0,5,1,23,,321020,9,0,5,1,22,,321049,9,0,5,1,60,,321015,9,0,5,1,20,,321033,9,0,5,1,20,,321041,9,0,5,1,57,,321009,9,0,5,1,15,,321021,9,0,5,1,15,,321029,9,0,5,1,16,,321050,9,0,5,1,55,,321025,9,0,5,1,14,,321016,9,0,5,1,13,,321063,9,0,5,1,12,,321034,9,0,5,1,52,,321042,9,0,5,1,12,,321057,9,0,5,1,13,,321022,9,0,5,1,15,,321030,9,0,5,1,15,,321066,9,0,5,1,52,,321051,9,0,5,1,12,,321026,9,0,5,1,13,,321017,9,0,5,1,12,,321064,9,0,5,1,12,,321035,9,0,5,1,53,,321043,9,0,5,1,12,,321058,9,0,5,1,11,,321023,9,0,5,1,11,,321069,9,0,5,1,11,,321031,9,0,5,1,52,,321067,9,0,5,1,12,,321052,9,0,5,1,12,,321027,9,0,5,1,12,,321018,9,0,5,1,12,,321065,9,0,5,1,53,,321036,9,0,5,1,12,,321044,9,0,5,1,12,,321032,9,0,5,1,12,,321059,9,0,5,1,13,,321024,9,0,5,1,54,,321068,9,0,5,1,17,,321053,9,0,5,1,18,,321028,9,0,5,1,62,,321037,9,0,5,1,24,,321045,9,0,5,1,26,,321060,9,0,5,1,69,,321054,9,0,5,1,30,,321038,9,0,5,1,70,,321046,9,0,5,1,30,,321061,9,0,5,1,71,,321055,9,0,5,1,30,,321039,9,0,5,1,70,,321047,9,0,5,1,29,,321062,9,0,5,1,70,,321056,9,0,5,1,33,,321040,9,0,5,1,73,,321048,9,0,5,1
12101,'H58S000I-80-I',507,,321077,9,0,5,1,32,,321070,9,0,5,1,70,,321088,9,0,5,1,30,,321078,9,0,5,1,71,,321071,9,0,5,1,31,,321089,9,0,5,1,70,,321079,9,0,5,1,30,,321095,9,0,5,1,67,,321072,9,0,5,1,23,,321090,9,0,5,1,21,,321113,9,0,5,1,60,,321080,9,0,5,1,19,,321104,9,0,5,1,19,,321096,9,0,5,1,59,,321073,9,0,5,1,18,,321091,9,0,5,1,17,,321117,9,0,5,1,57,,321114,9,0,5,1,17,,321081,9,0,5,1,18,,321105,9,0,5,1,18,,321097,9,0,5,1,55,,321074,9,0,5,1,15,,321092,9,0,5,1,16,,321106,9,0,5,1,60,,321118,9,0,5,1,20,,321082,9,0,5,1,20,,321120,9,0,5,1,19,,321098,9,0,5,1,57,,321075,9,0,5,1,14,,321093,9,0,5,1,15,,321107,9,0,5,1,55,,321115,9,0,5,1,15,,321119,9,0,5,1,17,,321083,9,0,5,1,16,,321121,9,0,5,1,56,,321099,9,0,5,1,16,,321076,9,0,5,1,16,,321094,9,0,5,1,17,,321108,9,0,5,1,56,,321116,9,0,5,1,19,,321084,9,0,5,1,24,,321122,9,0,5,1,68,,321100,9,0,5,1,30,,321109,9,0,5,1,69,,321085,9,0,5,1,30,,321123,9,0,5,1,71,,321101,9,0,5,1,31,,321110,9,0,5,1,70,,321086,9,0,5,1,31,,321124,9,0,5,1,71,,321102,9,0,5,1,31,,321111,9,0,5,1,71,,321087,9,0,5,1,30,,321103,9,0,5,1,72,,321112,9,0,5,1
12101,'H58S000S-83-S',505,,321138,9,0,5,1,22,,321155,9,0,5,1,29,,321132,9,0,5,1,51,,321140,9,0,5,1,10,,321150,9,0,5,1,10,,321166,9,0,5,1,10,,321174,9,0,5,1,8,,321175,9,0,5,1,8,,321139,9,0,5,1,6,,321125,9,0,5,1,47,,321181,9,0,5,1,7,,321156,9,0,5,1,5,,321182,9,0,5,1,6,,321201,9,0,5,1,6,,321183,9,0,5,1,7,,321190,9,0,5,1,8,,321196,9,0,5,1,10,,321133,9,0,5,1,51,,321141,9,0,5,1,10,,321151,9,0,5,1,10,,321202,9,0,5,1,9,,321167,9,0,5,1,10,,321203,9,0,5,1,11,,321176,9,0,5,1,51,,321126,9,0,5,1,11,,321157,9,0,5,1,11,,321184,9,0,5,1,11,,321191,9,0,5,1,11,,321197,9,0,5,1,51,,321134,9,0,5,1,11,,321142,9,0,5,1,12,,321152,9,0,5,1,11,,321168,9,0,5,1,12,,321204,9,0,5,1,11,,321177,9,0,5,1,52,,321127,9,0,5,1,12,,321158,9,0,5,1,12,,321185,9,0,5,1,12,,321192,9,0,5,1,12,,321198,9,0,5,1,53,,321135,9,0,5,1,12,,321143,9,0,5,1,12,,321153,9,0,5,1,12,,321169,9,0,5,1,52,,321178,9,0,5,1,12,,321128,9,0,5,1,12,,321159,9,0,5,1,12,,321186,9,0,5,1,12,,321193,9,0,5,1,52,,321199,9,0,5,1,12,,321136,9,0,5,1,12,,321205,9,0,5,1,12,,321144,9,0,5,1,13,,321154,9,0,5,1,53,,321170,9,0,5,1,12,,321179,9,0,5,1,6,,321129,9,0,5,1,9,,321160,9,0,5,1,9,,321222,9,0,5,1,8,,321187,9,0,5,1,7,,321194,9,0,5,1,47,,321213,9,0,5,1,7,,321200,9,0,5,1,7,,321215,9,0,5,1,7,,321211,9,0,5,1,6,,321216,9,0,5,1,7,,321137,9,0,5,1,7,,321206,9,0,5,1,6,,321225,9,0,5,1,7,,321145,9,0,5,1,47,,321224,9,0,5,1,6,,321220,9,0,5,1,7,,321195,9,0,5,1,7,,321171,9,0,5,1,7,,321180,9,0,5,1,7,,321130,9,0,5,1,9,,321161,9,0,5,1,11,,321223,9,0,5,1,50,,321188,9,0,5,1,12,,321214,9,0,5,1,12,,321212,9,0,5,1,11,,321217,9,0,5,1,12,,321207,9,0,5,1,52,,321146,9,0,5,1,12,,321221,9,0,5,1,12,,321172,9,0,5,1,12,,321131,9,0,5,1,12,,321162,9,0,5,1,51,,321189,9,0,5,1,24,,321218,9,0,5,1,24,,321208,9,0,5,1,64,,321147,9,0,5,1,23,,321173,2,0,5,1,7,,321163,9,0,5,1,70,,321219,9,0,5,1,29,,321209,9,0,5,1,71,,321148,9,0,5,1,32,,321164,9,0,5,1,73,,321210,9,0,5,1,32,,321149,9,0,5,1,72,,321165,9,0,5,1
12101,'H58S100F-80-F1',507,,321233,9,0,5,1,32,,321226,9,0,5,1,70,,321240,9,0,5,1,30,,321234,9,0,5,1,71,,321227,9,0,5,1,31,,321241,9,0,5,1,70,,321235,9,0,5,1,30,,321254,9,0,5,1,67,,321228,9,0,5,1,23,,321242,9,0,5,1,21,,321267,9,0,5,1,60,,321236,9,0,5,1,19,,321263,9,0,5,1,19,,321255,9,0,5,1,59,,321229,9,0,5,1,18,,321243,9,0,5,1,17,,321273,9,0,5,1,57,,321268,9,0,5,1,17,,321237,9,0,5,1,18,,321264,9,0,5,1,18,,321256,9,0,5,1,55,,321230,9,0,5,1,15,,321251,9,0,5,1,16,,321244,9,0,5,1,60,,321274,9,0,5,1,20,,321238,9,0,5,1,20,,321276,9,0,5,1,19,,321257,9,0,5,1,57,,321231,9,0,5,1,14,,321252,9,0,5,1,15,,321245,9,0,5,1,55,,321265,9,0,5,1,15,,321275,9,0,5,1,17,,321239,9,0,5,1,16,,321277,9,0,5,1,56,,321258,9,0,5,1,16,,321232,9,0,5,1,16,,321253,9,0,5,1,17,,321246,9,0,5,1,56,,321266,9,0,5,1,19,,321269,9,0,5,1,24,,321278,9,0,5,1,68,,321259,9,0,5,1,30,,321247,9,0,5,1,69,,321270,9,0,5,1,30,,321279,9,0,5,1,71,,321260,9,0,5,1,31,,321248,9,0,5,1,70,,321271,9,0,5,1,31,,321280,9,0,5,1,71,,321261,9,0,5,1,31,,321249,9,0,5,1,71,,321272,9,0,5,1,30,,321262,9,0,5,1,72,,321250,9,0,5,1
12101,'H58S200F-80-F2',507,,321293,9,0,5,1,32,,321286,9,0,5,1,70,,321300,9,0,5,1,30,,321294,9,0,5,1,71,,321287,9,0,5,1,31,,321301,9,0,5,1,70,,321295,9,0,5,1,30,,321311,9,0,5,1,67,,321288,9,0,5,1,23,,321302,9,0,5,1,21,,321322,9,0,5,1,60,,321296,9,0,5,1,19,,321320,9,0,5,1,19,,321312,9,0,5,1,59,,321289,9,0,5,1,18,,321303,9,0,5,1,17,,321328,9,0,5,1,57,,321323,9,0,5,1,17,,321297,9,0,5,1,18,,321321,9,0,5,1,18,,321313,9,0,5,1,55,,321290,9,0,5,1,15,,321281,9,0,5,1,16,,321304,9,0,5,1,60,,321329,9,0,5,1,20,,321298,9,0,5,1,20,,321331,9,0,5,1,19,,321314,9,0,5,1,57,,321291,9,0,5,1,14,,321282,9,0,5,1,15,,321305,9,0,5,1,55,,321284,9,0,5,1,15,,321330,9,0,5,1,17,,321299,9,0,5,1,16,,321332,9,0,5,1,56,,321315,9,0,5,1,16,,321292,9,0,5,1,16,,321283,9,0,5,1,17,,321306,9,0,5,1,56,,321285,9,0,5,1,19,,321324,9,0,5,1,24,,321333,9,0,5,1,68,,321316,9,0,5,1,30,,321307,9,0,5,1,69,,321325,9,0,5,1,30,,321334,9,0,5,1,71,,321317,9,0,5,1,31,,321308,9,0,5,1,70,,321326,9,0,5,1,31,,321335,9,0,5,1,71,,321318,9,0,5,1,31,,321309,9,0,5,1,71,,321327,9,0,5,1,30,,321319,9,0,5,1,72,,321310,9,0,5,1
19603,'H56S000S-82-S',628,,338282,56,0,8,1
19603,'H58S000S-83-S',1624,,338283,56,0,8,2
19603,'H60S000S-83-S',648,,338304,56,0,8,2,67,,338307,56,0,8,1,24,,338294,56,0,8,1,61,,338305,56,0,8,2,22,,338306,56,0,8,2,18,,338310,56,0,8,1,16,,338287,56,0,8,1,58,,338308,56,0,8,1,22,,338295,56,0,8,1,66,,338317,56,0,8,1,29,,338311,56,0,8,1,28,,338288,56,0,8,1,68,,338296,56,0,8,1,27,,338318,56,0,8,1,67,,338312,56,0,8,1,28,,338289,56,0,8,1,71,,338297,56,0,8,1,29,,338319,56,0,8,1,72,,338313,56,0,8,1,6,,338324,11,0,8,2,18,,338290,56,0,8,1,55,,338323,56,0,8,1,9,,338284,56,0,8,1,8,,338325,56,0,8,2,8,,338326,56,0,8,1,3,,338344,11,0,8,2,3,,338298,56,0,8,1,5,,338327,56,0,8,2,5,,338329,56,0,8,2,6,,338309,56,0,8,1,6,,338332,56,0,8,2,5,,338334,56,0,8,1,46,,338340,56,0,8,2,6,,338320,56,0,8,1,7,,338346,56,0,8,2,12,,338341,11,0,8,2,2,,338314,56,0,8,1,5,,338347,56,0,8,2,5,,338348,56,0,8,2,6,,338291,56,0,8,1,8,,338345,56,0,8,2,47,,338342,56,0,8,2,6,,338330,56,0,8,2,6,,338285,56,0,8,1,10,,338286,56,0,8,1,4,,338349,11,0,8,2,5,,338299,56,0,8,1,10,,338328,56,0,8,2,10,,338303,56,0,8,1,49,,338335,56,0,8,1,9,,338292,56,0,8,1,10,,338351,56,0,8,2,6,,338338,11,0,8,1,4,,338315,56,0,8,1,12,,338321,56,0,8,1,57,,338343,56,0,8,2,24,,338300,56,0,8,1,26,,338336,56,0,8,1,65,,338339,56,0,8,1,28,,338322,56,0,8,1,70,,338337,56,0,8,1,30,,338331,56,0,8,1,70,,338301,56,0,8,1,30,,338333,56,0,8,1,69,,338293,56,0,8,1,14,,338350,22,0,8,1,8,,338302,56,0,8,1,15,,338316,56,0,8,1
19603,'H60S100F-80-F1',628,,338354,56,0,8,1,20,,338365,56,0,8,1,66,,338370,56,0,8,2,25,,338356,56,0,8,1,64,,338366,56,0,8,2,24,,338378,56,0,8,1,20,,338355,56,0,8,1,63,,338377,56,0,8,2,25,,338357,56,0,8,1,66,,338380,56,0,8,2,29,,338367,56,0,8,2,29,,338371,56,0,8,1,68,,338358,56,0,8,1,28,,338381,56,0,8,2,67,,338368,56,0,8,2,28,,338372,56,0,8,1,69,,338359,56,0,8,1,27,,338382,56,0,8,2,72,,338369,56,0,8,2,9,,338386,11,0,8,1,20,,338373,56,0,8,1,73,,338360,56,0,8,1,8,,338393,11,0,8,2,25,,338383,56,0,8,2,73,,338389,56,0,8,1,2,,338394,11,0,8,1,27,,338387,56,0,8,1,59,,338374,56,0,8,1,14,,338395,11,0,8,1,17,,338361,56,0,8,1,68,,338384,56,0,8,2,14,,338362,11,0,8,1,14,,338390,56,0,8,1,66,,338392,56,0,8,1,26,,338396,56,0,8,1,70,,338385,56,0,8,1,28,,338352,56,0,8,1,73,,338391,56,0,8,1,33,,338376,56,0,8,1,73,,338363,56,0,8,1,31,,338379,56,0,8,1,71,,338353,56,0,8,1,14,,338388,22,0,8,1,8,,338364,56,0,8,1,15,,338375,56,0,8,1
19603,'H60S200F-80-F2',628,,338399,56,0,8,1,20,,338410,56,0,8,1,66,,338415,56,0,8,2,25,,338401,56,0,8,1,64,,338411,56,0,8,2,24,,338423,56,0,8,1,20,,338400,56,0,8,1,63,,338422,56,0,8,2,25,,338402,56,0,8,1,66,,338425,56,0,8,2,29,,338412,56,0,8,2,29,,338416,56,0,8,1,68,,338403,56,0,8,1,28,,338426,56,0,8,2,67,,338413,56,0,8,2,28,,338417,56,0,8,1,69,,338404,56,0,8,1,27,,338427,56,0,8,2,72,,338414,56,0,8,2,9,,338431,11,0,8,1,20,,338418,56,0,8,1,73,,338405,56,0,8,1,8,,338438,11,0,8,2,25,,338428,56,0,8,2,73,,338434,56,0,8,1,2,,338439,11,0,8,1,27,,338432,56,0,8,1,59,,338419,56,0,8,1,14,,338440,11,0,8,1,17,,338406,56,0,8,1,68,,338429,56,0,8,2,14,,338407,11,0,8,1,14,,338435,56,0,8,1,66,,338437,56,0,8,1,26,,338441,56,0,8,1,70,,338430,56,0,8,1,28,,338397,56,0,8,1,73,,338436,56,0,8,1,33,,338421,56,0,8,1,73,,338408,56,0,8,1,31,,338424,56,0,8,1,71,,338398,56,0,8,1,14,,338433,22,0,8,1,8,,338409,56,0,8,1,15,,338420,56,0,8,1
21601,'H60S000S-83-S',659,,344585,17,0,5,1,70,,344591,17,0,5,2,73,,344589,17,0,5,2,31,,344592,17,0,5,1,67,,344593,17,0,5,1,29,,344590,17,0,5,1,29,,344582,17,0,5,1,583,,344595,17,0,5,1,73,,344583,17,0,5,1,33,,344586,17,0,5,1,71,,344581,17,0,5,2,27,,344584,17,0,5,1,69,,344587,17,0,5,1,28,,344594,17,0,5,2,70,,344588,17,0,5,1
22501,'H58S000S-83-S',1726,,345333,45,0,5,1
22501,'H60S000S-83-S',658,,345341,45,0,5,1,72,,345338,45,0,5,1,75,,345340,45,0,5,2,29,,345342,45,0,5,1,69,,345343,45,0,5,2,28,,345344,45,0,5,2,27,,345337,45,0,5,1,595,,345335,45,0,5,1,48,,345351,45,0,5,2,7,,345353,45,0,5,2,9,,345354,45,0,5,1,9,,345347,45,0,5,2,8,,345355,45,0,5,1,8,,345357,45,0,5,2,10,,345336,45,0,5,1,50,,345348,45,0,5,1,9,,345339,45,0,5,1,7,,345360,45,0,5,2,17,,345345,45,0,5,1,10,,345349,45,0,5,2,11,,345352,45,0,5,2,51,,345359,45,0,5,1,16,,345356,45,0,5,1,19,,345346,45,0,5,2,61,,345358,45,0,5,1,24,,345334,45,0,5,1,424,,345350,45,0,5,1
22501,'H60S100F-80-F1',658,,345362,45,0,5,1,72,,345361,45,0,5,1,75,,345365,45,0,5,2,29,,345366,45,0,5,1,69,,345369,45,0,5,2,28,,345368,45,0,5,2,27,,345367,45,0,5,1,595,,345370,45,0,5,1,74,,345363,45,0,5,2,31,,345372,45,0,5,1,68,,345373,45,0,5,2,31,,345371,45,0,5,1,69,,345364,45,0,5,2,30,,345375,45,0,5,1,71,,345374,45,0,5,2,424,,345376,45,0,5,1
22501,'H60S200F-80-F2',658,,345378,45,0,5,1,72,,345377,45,0,5,1,75,,345381,45,0,5,2,29,,345382,45,0,5,1,69,,345385,45,0,5,2,28,,345384,45,0,5,2,27,,345383,45,0,5,1,595,,345386,45,0,5,1,74,,345379,45,0,5,2,31,,345388,45,0,5,1,68,,345389,45,0,5,2,31,,345387,45,0,5,1,69,,345380,45,0,5,2,30,,345391,45,0,5,1,71,,345390,45,0,5,2,424,,345392,45,0,5,1
37104,'H50S000A-82-A',2539,,347115,17,0,9,2,70,,347120,17,0,9,1,30,,347117,17,0,9,2,70,,347119,17,0,9,1,30,,347116,17,0,9,2,70,,347121,17,0,9,1,30,,347118,17,0,9,2
37104,'H50S000I-82-I',2539,,347123,17,0,9,2,70,,347127,17,0,9,1,30,,347125,17,0,9,2,70,,347122,17,0,9,2,30,,347124,17,0,9,2,70,,347128,17,0,9,1,30,,347126,17,0,9,2
37104,'H50S000S-82-S',2540,,347132,17,0,9,2,70,,347134,17,0,9,1,30,,347130,17,0,9,2,70,,347129,17,0,9,1,30,,347133,17,0,9,2,70,,347135,17,0,9,1,30,,347131,17,0,9,2
37104,'H50S100F-80-F1',2539,,347137,17,0,9,2,70,,347141,17,0,9,1,30,,347139,17,0,9,2,70,,347136,17,0,9,2,30,,347138,17,0,9,2,70,,347142,17,0,9,1,30,,347140,17,0,9,2
37104,'H50S200F-80-F2',2539,,347144,17,0,9,2,70,,347148,17,0,9,1,30,,347146,17,0,9,2,70,,347143,17,0,9,2,30,,347145,17,0,9,2,70,,347149,17,0,9,1,30,,347147,17,0,9,2
