12501,'H59S000A-80-A',542,,322405,27,0,5,1,70,,322430,27,0,5,1,31,,322417,27,0,5,2,71,,322406,27,0,5,1,31,,322431,27,0,5,1,71,,322418,27,0,5,2,32,,322407,27,0,5,1,70,,322432,27,0,5,1,31,,322419,27,0,5,2,75,,322408,27,0,5,1,32,,322433,27,0,5,1,73,,322424,27,0,5,1,71,,322420,27,0,5,2,30,,322409,27,0,5,1,73,,322434,27,0,5,1,33,,322425,27,0,5,1,73,,322421,27,0,5,2,33,,322410,27,0,5,1,73,,322435,27,0,5,1,29,,322426,27,0,5,1,69,,322422,27,0,5,2,28,,322411,27,0,5,1,69,,322436,27,0,5,1,29,,322427,27,0,5,1,68,,322423,27,0,5,2,29,,322412,27,0,5,1,70,,322437,27,0,5,1,29,,322428,27,0,5,1,70,,322438,27,0,5,1,27,,322413,27,0,5,1,26,,322404,27,0,5,2,65,,322429,27,0,5,1,29,,322439,27,0,5,1,70,,322414,27,0,5,1,31,,322442,27,0,5,2,71,,322440,27,0,5,1,27,,322415,27,0,5,1,68,,322443,27,0,5,2,28,,322441,27,0,5,1,69,,322416,27,0,5,1,32,,322444,27,0,5,2
12501,'H59S000I-81-I',540,,322449,27,0,5,1,72,,322473,27,0,5,1,31,,322461,27,0,5,1,71,,322450,27,0,5,1,32,,322474,27,0,5,1,73,,322462,27,0,5,1,30,,322451,27,0,5,1,69,,322475,27,0,5,1,30,,322463,27,0,5,1,70,,322452,27,0,5,1,30,,322476,27,0,5,1,70,,322477,27,0,5,1,31,,322464,27,0,5,1,69,,322453,27,0,5,1,29,,322445,27,0,5,2,71,,322478,27,0,5,1,31,,322465,27,0,5,1,72,,322454,27,0,5,1,32,,322446,27,0,5,2,72,,322479,27,0,5,1,32,,322466,27,0,5,1,70,,322455,27,0,5,1,29,,322447,27,0,5,2,69,,322480,27,0,5,1,27,,322467,27,0,5,1,67,,322456,27,0,5,1,27,,322448,27,0,5,2,66,,322481,27,0,5,1,30,,322468,27,0,5,1,71,,322457,27,0,5,1,29,,322482,27,0,5,1,70,,322469,27,0,5,1,30,,322458,27,0,5,1,69,,322483,27,0,5,1,30,,322470,27,0,5,1,69,,322459,27,0,5,1,26,,322484,27,0,5,1,70,,322471,27,0,5,1,30,,322460,27,0,5,1,70,,322485,27,0,5,1,33,,322472,27,0,5,1
12501,'H59S000S-80-S',544,,322528,27,0,5,1,69,,322493,27,0,5,2,29,,322487,27,0,5,1,68,,322495,27,0,5,1,32,,322504,27,0,5,1,73,,322494,27,0,5,2,31,,322488,27,0,5,1,70,,322496,27,0,5,1,29,,322505,27,0,5,1,69,,322514,27,0,5,1,31,,322489,27,0,5,1,72,,322497,27,0,5,1,33,,322506,27,0,5,1,71,,322515,27,0,5,1,30,,322490,27,0,5,1,69,,322498,27,0,5,1,29,,322507,27,0,5,1,72,,322516,27,0,5,1,30,,322491,27,0,5,1,71,,322499,27,0,5,1,16,,322530,8,0,5,1,16,,322508,27,0,5,1,50,,322529,8,0,5,1,14,,322527,27,0,5,2,20,,322517,27,0,5,1,11,,322531,8,0,5,1,52,,322492,27,0,5,1,13,,322486,8,0,5,2,14,,322500,27,0,5,1,16,,322518,8,0,5,1,13,,322509,27,0,5,1,72,,322519,27,0,5,1,28,,322523,27,0,5,1,70,,322501,27,0,5,1,32,,322510,27,0,5,1,70,,322520,27,0,5,1,30,,322524,27,0,5,1,70,,322502,27,0,5,1,30,,322511,27,0,5,1,70,,322521,27,0,5,1,30,,322525,27,0,5,1,68,,322503,27,0,5,1,29,,322512,27,0,5,1,72,,322522,27,0,5,1,30,,322526,27,0,5,1,83,,322513,27,0,5,1
12501,'H59S100F-80-F1',540,,322532,27,0,5,1,72,,322569,27,0,5,1,31,,322544,27,0,5,1,71,,322533,27,0,5,1,32,,322570,27,0,5,1,73,,322545,27,0,5,1,30,,322534,27,0,5,1,69,,322571,27,0,5,1,30,,322546,27,0,5,1,70,,322535,27,0,5,1,30,,322572,27,0,5,1,70,,322556,27,0,5,1,31,,322547,27,0,5,1,69,,322536,27,0,5,1,29,,322565,27,0,5,2,71,,322557,27,0,5,1,31,,322548,27,0,5,1,72,,322537,27,0,5,1,32,,322566,27,0,5,2,72,,322558,27,0,5,1,32,,322549,27,0,5,1,70,,322538,27,0,5,1,29,,322567,27,0,5,2,69,,322559,27,0,5,1,27,,322550,27,0,5,1,67,,322539,27,0,5,1,27,,322568,27,0,5,2,66,,322560,27,0,5,1,30,,322551,27,0,5,1,71,,322540,27,0,5,1,29,,322561,27,0,5,1,70,,322552,27,0,5,1,30,,322541,27,0,5,1,69,,322562,27,0,5,1,30,,322553,27,0,5,1,69,,322542,27,0,5,1,26,,322563,27,0,5,1,70,,322554,27,0,5,1,30,,322543,27,0,5,1,70,,322564,27,0,5,1,33,,322555,27,0,5,1
12501,'H59S200F-80-F2',540,,322573,27,0,5,1,72,,322610,27,0,5,1,31,,322585,27,0,5,1,71,,322574,27,0,5,1,32,,322611,27,0,5,1,73,,322586,27,0,5,1,30,,322575,27,0,5,1,69,,322612,27,0,5,1,30,,322587,27,0,5,1,70,,322576,27,0,5,1,30,,322613,27,0,5,1,70,,322597,27,0,5,1,31,,322588,27,0,5,1,69,,322577,27,0,5,1,29,,322606,27,0,5,2,71,,322598,27,0,5,1,31,,322589,27,0,5,1,72,,322578,27,0,5,1,32,,322607,27,0,5,2,72,,322599,27,0,5,1,32,,322590,27,0,5,1,70,,322579,27,0,5,1,29,,322608,27,0,5,2,69,,322600,27,0,5,1,27,,322591,27,0,5,1,67,,322580,27,0,5,1,27,,322609,27,0,5,2,66,,322601,27,0,5,1,30,,322592,27,0,5,1,71,,322581,27,0,5,1,29,,322602,27,0,5,1,70,,322593,27,0,5,1,30,,322582,27,0,5,1,69,,322603,27,0,5,1,30,,322594,27,0,5,1,69,,322583,27,0,5,1,26,,322604,27,0,5,1,70,,322595,27,0,5,1,30,,322584,27,0,5,1,70,,322605,27,0,5,1,33,,322596,27,0,5,1
35503,'H54S000A-80-A',2553,,346136,29,0,8,1,71,,346135,29,0,8,2,24,,346139,29,0,8,1,65,,346134,29,0,8,2,31,,346133,29,0,8,1,64,,346138,29,0,8,1,40,,346137,29,0,8,1,70,,346140,29,0,8,1
35503,'H54S000I-80-I',2547,,346141,29,0,8,1,86,,346145,29,0,8,2,85,,346143,29,0,8,1,85,,346144,29,0,8,2,46,,346142,29,0,8,1,66,,346146,29,0,8,2
35503,'H54S000S-80-S',2551,,346150,29,0,8,1,83,,346148,29,0,8,2,85,,346147,29,0,8,1,84,,346152,29,0,8,2,39,,346151,29,0,8,1,73,,346149,29,0,8,2
35503,'H54S100F-80-F1',2547,,346153,29,0,8,1,86,,346157,29,0,8,2,85,,346155,29,0,8,1,85,,346156,29,0,8,2,46,,346154,29,0,8,1,66,,346158,29,0,8,2
35503,'H54S200F-80-F2',2547,,346159,29,0,8,1,86,,346163,29,0,8,2,85,,346161,29,0,8,1,85,,346162,29,0,8,2,46,,346160,29,0,8,1,66,,346164,29,0,8,2
