10402,'H56S000A-80-A',610,,316101,38,0,10,1,36,,316114,38,0,10,2,57,,316099,38,0,10,1,35,,316102,38,0,10,1,74,,316115,38,0,10,2,20,,316100,38,0,10,1,77,,316103,38,0,10,1,38,,316116,38,0,10,2,69,,316127,38,0,10,1,32,,316104,38,0,10,1,81,,316117,38,0,10,2,28,,316128,38,0,10,1,75,,316105,38,0,10,1,80,,316118,38,0,10,2,29,,316129,38,0,10,1,77,,316106,38,0,10,1,38,,316119,38,0,10,2,69,,316130,38,0,10,1,77,,316107,38,0,10,1,38,,316120,38,0,10,2,71,,316131,38,0,10,1,32,,316108,38,0,10,1,79,,316121,38,0,10,2,30,,316132,38,0,10,1,71,,316109,38,0,10,1,35,,316122,38,0,10,2,70,,316133,38,0,10,1,30,,316110,38,0,10,1,73,,316123,38,0,10,2,28,,316134,38,0,10,1,69,,316111,38,0,10,1,73,,316124,38,0,10,2,29,,316135,38,0,10,1,26,,316112,38,0,10,1,70,,316125,38,0,10,2,28,,316136,38,0,10,1,69,,316113,38,0,10,1,24,,316126,38,0,10,2,69,,316137,38,0,10,1
10402,'H56S000I-80-I',626,,316150,38,0,10,2,30,,316138,38,0,10,1,79,,316162,38,0,10,1,75,,316151,38,0,10,2,15,,316139,38,0,10,1,79,,316163,38,0,10,1,44,,316152,38,0,10,2,78,,316140,38,0,10,1,15,,316164,38,0,10,1,82,,316153,38,0,10,2,83,,316141,38,0,10,1,40,,316165,38,0,10,1,56,,316154,38,0,10,2,44,,316142,38,0,10,1,81,,316166,38,0,10,1,82,,316155,38,0,10,2,20,,316143,38,0,10,1,81,,316167,38,0,10,1,42,,316156,38,0,10,2,81,,316144,38,0,10,1,15,,316168,38,0,10,1,79,,316157,38,0,10,2,78,,316145,38,0,10,1,16,,316169,38,0,10,1,38,,316158,38,0,10,2,80,,316146,38,0,10,1,73,,316170,38,0,10,1,25,,316159,38,0,10,2,71,,316147,38,0,10,1,32,,316171,38,0,10,1,70,,316160,38,0,10,2,31,,316148,38,0,10,1,72,,316172,38,0,10,1,30,,316161,38,0,10,2,72,,316149,38,0,10,1,36,,316173,38,0,10,1
10402,'H56S000S-82-S',602,,316179,38,0,10,2,30,,316181,38,0,10,2,72,,316209,38,0,10,1,50,,316180,38,0,10,2,84,,316208,38,0,10,1,73,,316197,38,0,10,1,36,,316201,38,0,10,1,75,,316188,38,0,10,1,36,,316198,38,0,10,1,76,,316202,38,0,10,1,75,,316189,38,0,10,1,37,,316199,38,0,10,1,78,,316203,38,0,10,1,76,,316190,38,0,10,1,38,,316200,38,0,10,1,80,,316204,38,0,10,1,37,,316205,38,0,10,2,77,,316206,38,0,10,2,81,,316182,38,0,10,1,40,,316195,38,0,10,1,81,,316207,38,0,10,2,74,,316183,38,0,10,1,36,,316196,38,0,10,1,70,,316174,38,0,10,1,32,,316191,38,0,10,2,73,,316184,38,0,10,1,31,,316175,38,0,10,1,71,,316192,38,0,10,2,31,,316185,38,0,10,1,69,,316176,38,0,10,1,29,,316193,38,0,10,2,68,,316186,38,0,10,1,24,,316177,38,0,10,1,68,,316194,38,0,10,2,26,,316187,38,0,10,1,67,,316178,38,0,10,1
10402,'H56S100F-80-F1',626,,316222,38,0,10,2,30,,316210,38,0,10,1,79,,316234,38,0,10,1,75,,316223,38,0,10,2,15,,316211,38,0,10,1,79,,316235,38,0,10,1,44,,316224,38,0,10,2,78,,316212,38,0,10,1,15,,316236,38,0,10,1,82,,316225,38,0,10,2,83,,316213,38,0,10,1,40,,316237,38,0,10,1,56,,316226,38,0,10,2,44,,316214,38,0,10,1,81,,316238,38,0,10,1,82,,316227,38,0,10,2,20,,316215,38,0,10,1,81,,316239,38,0,10,1,42,,316228,38,0,10,2,81,,316216,38,0,10,1,15,,316240,38,0,10,1,79,,316229,38,0,10,2,78,,316217,38,0,10,1,16,,316241,38,0,10,1,38,,316230,38,0,10,2,80,,316218,38,0,10,1,73,,316242,38,0,10,1,25,,316231,38,0,10,2,71,,316219,38,0,10,1,32,,316243,38,0,10,1,70,,316232,38,0,10,2,31,,316220,38,0,10,1,72,,316244,38,0,10,1,30,,316233,38,0,10,2,72,,316221,38,0,10,1,36,,316245,38,0,10,1
10402,'H56S200F-80-F2',626,,316258,38,0,10,2,30,,316246,38,0,10,1,79,,316270,38,0,10,1,75,,316259,38,0,10,2,15,,316247,38,0,10,1,79,,316271,38,0,10,1,44,,316260,38,0,10,2,78,,316248,38,0,10,1,15,,316272,38,0,10,1,82,,316261,38,0,10,2,83,,316249,38,0,10,1,40,,316273,38,0,10,1,56,,316262,38,0,10,2,44,,316250,38,0,10,1,81,,316274,38,0,10,1,82,,316263,38,0,10,2,20,,316251,38,0,10,1,81,,316275,38,0,10,1,42,,316264,38,0,10,2,81,,316252,38,0,10,1,15,,316276,38,0,10,1,79,,316265,38,0,10,2,78,,316253,38,0,10,1,16,,316277,38,0,10,1,38,,316266,38,0,10,2,80,,316254,38,0,10,1,73,,316278,38,0,10,1,25,,316267,38,0,10,2,71,,316255,38,0,10,1,32,,316279,38,0,10,1,70,,316268,38,0,10,2,31,,316256,38,0,10,1,72,,316280,38,0,10,1,30,,316269,38,0,10,2,72,,316257,38,0,10,1,36,,316281,38,0,10,1
13802,'H56S000A-80-A',630,,325216,42,0,10,1,80,,325226,42,0,10,1,42,,325217,42,0,10,1,84,,325227,42,0,10,1,85,,325218,42,0,10,1,87,,325228,42,0,10,1,48,,325219,42,0,10,1,89,,325229,42,0,10,1,88,,325220,42,0,10,1,92,,325230,42,0,10,1,88,,325221,42,0,10,1,90,,325231,42,0,10,1,49,,325222,42,0,10,1,90,,325232,42,0,10,1,90,,325223,42,0,10,1,86,,325233,42,0,10,1,86,,325224,42,0,10,1,46,,325234,42,0,10,1,87,,325225,42,0,10,1
13802,'H56S000I-80-I',715,,325235,42,0,10,1,38,,325245,42,0,10,1,86,,325236,42,0,10,1,83,,325246,42,0,10,1,85,,325237,42,0,10,1,48,,325247,42,0,10,1,88,,325238,42,0,10,1,83,,325248,42,0,10,1,91,,325239,42,0,10,1,88,,325249,42,0,10,1,49,,325240,42,0,10,1,87,,325250,42,0,10,1,88,,325241,42,0,10,1,87,,325251,42,0,10,1,87,,325242,42,0,10,1,46,,325252,42,0,10,1,86,,325243,42,0,10,1,82,,325253,42,0,10,1,84,,325244,42,0,10,1
13802,'H56S000S-82-S',618,,325257,42,0,10,1,26,,325277,42,0,10,1,81,,325256,42,0,10,1,88,,325258,42,0,10,1,42,,325278,42,0,10,1,72,,325269,42,0,10,1,78,,325259,42,0,10,1,33,,325279,42,0,10,1,76,,325270,42,0,10,1,36,,325260,42,0,10,1,78,,325280,42,0,10,1,75,,325271,42,0,10,1,36,,325261,42,0,10,1,77,,325281,42,0,10,1,38,,325272,42,0,10,1,78,,325262,42,0,10,1,82,,325282,42,0,10,1,39,,325273,42,0,10,1,81,,325263,42,0,10,1,81,,325283,42,0,10,1,36,,325274,42,0,10,1,75,,325264,42,0,10,1,33,,325284,42,0,10,1,70,,325275,42,0,10,1,72,,325265,42,0,10,1,33,,325285,42,0,10,1,69,,325276,42,0,10,1,31,,325266,42,0,10,1,69,,325286,42,0,10,1,29,,325254,42,0,10,1,69,,325267,42,0,10,1,26,,325287,42,0,10,1,28,,325255,42,0,10,1,68,,325268,42,0,10,1,29,,325288,42,0,10,1
13802,'H56S100F-80-F1',715,,325289,42,0,10,1,38,,325299,42,0,10,1,86,,325290,42,0,10,1,83,,325300,42,0,10,1,85,,325291,42,0,10,1,48,,325301,42,0,10,1,88,,325292,42,0,10,1,83,,325302,42,0,10,1,91,,325293,42,0,10,1,88,,325303,42,0,10,1,49,,325294,42,0,10,1,87,,325304,42,0,10,1,88,,325295,42,0,10,1,87,,325305,42,0,10,1,87,,325296,42,0,10,1,46,,325306,42,0,10,1,86,,325297,42,0,10,1,82,,325307,42,0,10,1,84,,325298,42,0,10,1
13802,'H56S200F-80-F2',715,,325308,42,0,10,1,38,,325318,42,0,10,1,86,,325309,42,0,10,1,83,,325319,42,0,10,1,85,,325310,42,0,10,1,48,,325320,42,0,10,1,88,,325311,42,0,10,1,83,,325321,42,0,10,1,91,,325312,42,0,10,1,88,,325322,42,0,10,1,49,,325313,42,0,10,1,87,,325323,42,0,10,1,88,,325314,42,0,10,1,87,,325324,42,0,10,1,87,,325315,42,0,10,1,46,,325325,42,0,10,1,86,,325316,42,0,10,1,82,,325326,42,0,10,1,84,,325317,42,0,10,1
