19702,'H51S000A-80-A',546,,338805,25,0,10,2,72,,338813,25,0,10,1,32,,338806,25,0,10,2,69,,338821,25,0,10,1,29,,338814,25,0,10,1,68,,338807,25,0,10,2,29,,338822,25,0,10,1,68,,338815,25,0,10,1,28,,338808,25,0,10,2,63,,338823,25,0,10,1,24,,338828,25,0,10,2,23,,338816,25,0,10,1,63,,338809,25,0,10,2,22,,338824,25,0,10,1,16,,338833,25,0,10,2,56,,338829,25,0,10,2,16,,338834,25,0,10,1,15,,338810,25,0,10,2,15,,338836,25,0,10,2,56,,338825,25,0,10,1,16,,338839,25,0,10,2,18,,338830,25,0,10,2,58,,338837,25,0,10,2,18,,338811,25,0,10,2,19,,338826,25,0,10,1,19,,338831,25,0,10,2,59,,338840,25,0,10,2,19,,338838,25,0,10,2,19,,338812,25,0,10,2,60,,338827,25,0,10,1,23,,338832,25,0,10,2,64,,338841,25,0,10,2,24,,338847,25,0,10,1,28,,338835,25,0,10,2,68,,338842,25,0,10,2,27,,338848,25,0,10,1,67,,338817,25,0,10,1,27,,338843,25,0,10,2,64,,338849,25,0,10,1,26,,338818,25,0,10,1,26,,338844,25,0,10,2,67,,338850,25,0,10,1,26,,338819,25,0,10,1,68,,338845,25,0,10,2,28,,338851,25,0,10,1,69,,338820,25,0,10,1,33,,338846,25,0,10,2,68,,338853,25,0,10,2,36,,338852,25,0,10,1,75,,338854,25,0,10,2
19702,'H51S000I-80-I',546,,338865,25,0,10,1,71,,338855,25,0,10,1,32,,338866,25,0,10,1,72,,338856,25,0,10,1,35,,338867,25,0,10,1,72,,338857,25,0,10,1,72,,338868,25,0,10,2,32,,338874,25,0,10,2,22,,338877,25,0,10,1,62,,338858,25,0,10,1,27,,338869,25,0,10,2,67,,338875,25,0,10,2,27,,338859,25,0,10,1,67,,338870,25,0,10,2,26,,338878,25,0,10,2,22,,338876,25,0,10,2,62,,338860,25,0,10,1,22,,338871,25,0,10,2,20,,338885,25,0,10,2,60,,338879,25,0,10,2,28,,338861,25,0,10,1,68,,338872,25,0,10,2,28,,338880,25,0,10,2,68,,338862,25,0,10,1,30,,338873,25,0,10,2,68,,338881,25,0,10,2,28,,338863,25,0,10,1,67,,338890,25,0,10,1,28,,338882,25,0,10,2,28,,338886,25,0,10,2,66,,338891,25,0,10,1,29,,338883,25,0,10,2,69,,338887,25,0,10,2,29,,338892,25,0,10,1,70,,338884,25,0,10,2,32,,338888,25,0,10,2,72,,338893,25,0,10,1,33,,338895,25,0,10,2,70,,338889,25,0,10,2,32,,338894,25,0,10,1,71,,338896,25,0,10,2,71,,338864,25,0,10,1
19702,'H51S000S-81-S',513,,338897,25,0,10,2,24,,338901,25,0,10,1,19,,338900,25,0,10,1,53,,338905,25,0,10,2,15,,338898,25,0,10,2,27,,338914,25,0,10,2,8,,338915,25,0,10,2,49,,338902,25,0,10,1,6,,338919,25,0,10,2,8,,338926,25,0,10,2,6,,338933,25,0,10,2,6,,338906,25,0,10,2,9,,338913,25,0,10,2,4,,338950,6,0,10,2,6,,338935,25,0,10,2,4,,338917,25,0,10,2,45,,338899,25,0,10,2,3,,338942,25,0,10,2,4,,338943,25,0,10,2,5,,338918,25,0,10,2,5,,338936,25,0,10,2,6,,338907,25,0,10,2,6,,338932,25,0,10,2,10,,338916,25,0,10,2,8,,338903,25,0,10,1,52,,338949,25,0,10,1,10,,338920,25,0,10,2,10,,338934,25,0,10,2,10,,338951,25,0,10,2,11,,338927,25,0,10,1,13,,338944,25,0,10,2,57,,338937,25,0,10,2,19,,338904,25,0,10,1,20,,338921,25,0,10,2,60,,338945,25,0,10,2,20,,338928,25,0,10,1,20,,338938,25,0,10,2,60,,338952,25,0,10,1,20,,338922,25,0,10,2,20,,338946,25,0,10,2,60,,338939,25,0,10,2,20,,338929,25,0,10,1,21,,338953,25,0,10,1,60,,338923,25,0,10,2,21,,338940,25,0,10,2,20,,338947,25,0,10,2,64,,338930,25,0,10,1,20,,338954,25,0,10,1,20,,338924,25,0,10,2,60,,338941,25,0,10,2,22,,338948,25,0,10,2,20,,338931,25,0,10,1,60,,338955,25,0,10,1,20,,338925,25,0,10,2,20,,338964,25,0,10,2,62,,338908,25,0,10,1,28,,338956,25,0,10,1,68,,338960,25,0,10,2,28,,338909,25,0,10,1,68,,338957,25,0,10,1,30,,338961,25,0,10,2,70,,338910,25,0,10,1,30,,338958,25,0,10,1,70,,338962,25,0,10,2,30,,338911,25,0,10,1,69,,338959,25,0,10,1,20,,338966,25,0,10,2,17,,338965,25,0,10,1,76,,338912,25,0,10,1,75,,338963,25,0,10,2
19702,'H51S100F-80-F1',546,,338968,25,0,10,1,71,,338982,25,0,10,1,32,,338969,25,0,10,1,72,,338983,25,0,10,1,35,,338970,25,0,10,1,72,,338984,25,0,10,1,72,,338976,25,0,10,2,32,,338972,25,0,10,2,22,,338971,25,0,10,1,62,,338985,25,0,10,1,27,,338977,25,0,10,2,67,,338973,25,0,10,2,27,,338986,25,0,10,1,67,,338978,25,0,10,2,26,,338991,25,0,10,2,22,,338974,25,0,10,2,62,,338987,25,0,10,1,22,,338979,25,0,10,2,20,,338975,25,0,10,2,60,,338992,25,0,10,2,28,,338988,25,0,10,1,68,,338980,25,0,10,2,28,,338993,25,0,10,2,68,,338989,25,0,10,1,30,,338981,25,0,10,2,68,,338994,25,0,10,2,28,,338990,25,0,10,1,67,,339002,25,0,10,1,28,,338995,25,0,10,2,28,,338998,25,0,10,2,66,,339003,25,0,10,1,29,,338996,25,0,10,2,69,,338999,25,0,10,2,29,,339004,25,0,10,1,70,,338997,25,0,10,2,32,,339000,25,0,10,2,72,,339005,25,0,10,1,33,,339007,25,0,10,2,70,,339001,25,0,10,2,32,,339006,25,0,10,1,71,,339008,25,0,10,2,71,,338967,25,0,10,1
19702,'H51S200F-80-F2',546,,339010,25,0,10,1,71,,339024,25,0,10,1,32,,339011,25,0,10,1,72,,339025,25,0,10,1,35,,339012,25,0,10,1,72,,339026,25,0,10,1,72,,339018,25,0,10,2,32,,339014,25,0,10,2,22,,339013,25,0,10,1,62,,339027,25,0,10,1,27,,339019,25,0,10,2,67,,339015,25,0,10,2,27,,339028,25,0,10,1,67,,339020,25,0,10,2,26,,339033,25,0,10,2,22,,339016,25,0,10,2,62,,339029,25,0,10,1,22,,339021,25,0,10,2,20,,339017,25,0,10,2,60,,339034,25,0,10,2,28,,339030,25,0,10,1,68,,339022,25,0,10,2,28,,339035,25,0,10,2,68,,339031,25,0,10,1,30,,339023,25,0,10,2,68,,339036,25,0,10,2,28,,339032,25,0,10,1,67,,339044,25,0,10,1,28,,339037,25,0,10,2,28,,339040,25,0,10,2,66,,339045,25,0,10,1,29,,339038,25,0,10,2,69,,339041,25,0,10,2,29,,339046,25,0,10,1,70,,339039,25,0,10,2,32,,339042,25,0,10,2,72,,339047,25,0,10,1,33,,339049,25,0,10,2,70,,339043,25,0,10,2,32,,339048,25,0,10,1,71,,339050,25,0,10,2,71,,339009,25,0,10,1
19702,'H57S000S-80-S',640,,339051,25,0,10,1
19702,'H59S000S-80-S',739,,339052,25,0,10,2,6,,339053,25,0,10,1
37002,'H51S000A-80-A',2605,,347054,32,0,10,1,43,,347053,32,0,10,2,84,,347051,32,0,10,1,84,,347052,32,0,10,2,85,,347055,32,0,10,1
37002,'H51S000I-80-I',2517,,347060,32,0,10,1,85,,347056,32,0,10,1,45,,347058,32,0,10,2,85,,347061,32,0,10,1,85,,347057,32,0,10,1,87,,347059,32,0,10,2
37002,'H51S000S-81-S',2517,,347064,32,0,10,1,85,,347062,32,0,10,1,45,,347066,32,0,10,2,85,,347065,32,0,10,1,85,,347063,32,0,10,1,87,,347067,32,0,10,2
37002,'H51S100F-80-F1',2517,,347072,32,0,10,1,85,,347068,32,0,10,1,45,,347070,32,0,10,2,85,,347073,32,0,10,1,85,,347069,32,0,10,1,87,,347071,32,0,10,2
37002,'H51S200F-80-F2',2517,,347078,32,0,10,1,85,,347074,32,0,10,1,45,,347076,32,0,10,2,85,,347079,32,0,10,1,85,,347075,32,0,10,1,87,,347077,32,0,10,2
