16402,'H50S000S-82-S',1614,,329888,34,0,10,1
16402,'H60S000A-80-A',556,,329889,34,0,10,1,67,,329917,34,0,10,2,27,,329903,34,0,10,1,66,,329890,34,0,10,1,29,,329918,34,0,10,2,72,,329904,34,0,10,1,29,,329891,34,0,10,1,68,,329919,34,0,10,2,29,,329905,34,0,10,1,69,,329892,34,0,10,1,30,,329920,34,0,10,2,71,,329906,34,0,10,1,30,,329893,34,0,10,1,70,,329921,34,0,10,2,31,,329907,34,0,10,1,70,,329894,34,0,10,1,30,,329922,34,0,10,2,72,,329908,34,0,10,1,30,,329895,34,0,10,1,70,,329923,34,0,10,2,32,,329909,34,0,10,1,71,,329896,34,0,10,1,32,,329924,34,0,10,2,72,,329910,34,0,10,1,32,,329897,34,0,10,1,69,,329925,34,0,10,2,31,,329911,34,0,10,1,68,,329898,34,0,10,1,28,,329926,34,0,10,2,68,,329912,34,0,10,1,29,,329899,34,0,10,1,68,,329927,34,0,10,2,30,,329913,34,0,10,1,70,,329900,34,0,10,1,30,,329928,34,0,10,2,70,,329914,34,0,10,1,30,,329901,34,0,10,1,70,,329929,34,0,10,2,30,,329915,34,0,10,1,68,,329902,34,0,10,1,30,,329930,34,0,10,2,70,,329916,34,0,10,1
16402,'H60S000I-81-I',556,,329944,34,0,10,1,67,,329931,34,0,10,1,26,,329954,34,0,10,1,66,,329945,34,0,10,1,30,,329932,34,0,10,1,72,,329955,34,0,10,1,29,,329946,34,0,10,1,68,,329933,34,0,10,1,29,,329956,34,0,10,1,70,,329947,34,0,10,1,30,,329934,34,0,10,1,69,,329957,34,0,10,1,30,,329948,34,0,10,1,70,,329935,34,0,10,1,31,,329958,34,0,10,1,70,,329949,34,0,10,1,30,,329936,34,0,10,1,71,,329959,34,0,10,1,30,,329950,34,0,10,1,70,,329937,34,0,10,1,32,,329960,34,0,10,1,71,,329951,34,0,10,1,32,,329938,34,0,10,1,70,,329961,34,0,10,1,30,,329952,34,0,10,1,72,,329939,34,0,10,1,30,,329962,34,0,10,1,71,,329953,34,0,10,1,29,,329940,34,0,10,1,69,,329963,34,0,10,1,28,,329968,34,0,10,2,69,,329941,34,0,10,1,29,,329964,34,0,10,1,70,,329969,34,0,10,2,29,,329942,34,0,10,1,69,,329965,34,0,10,1,29,,329970,34,0,10,2,69,,329943,34,0,10,1,29,,329966,34,0,10,1,70,,329971,34,0,10,2,30,,329967,34,0,10,1
16402,'H60S000S-83-S',602,,329978,34,0,10,1,22,,329972,34,0,10,2,20,,329980,34,0,10,1,59,,329985,34,0,10,2,13,,329989,34,0,10,1,21,,329979,34,0,10,1,18,,329984,34,0,10,1,61,,329973,34,0,10,2,22,,329981,34,0,10,1,68,,329990,34,0,10,1,24,,329977,34,0,10,1,27,,329974,34,0,10,2,69,,329982,34,0,10,1,30,,329991,34,0,10,1,73,,329975,34,0,10,2,71,,329983,34,0,10,1,32,,329992,34,0,10,1,26,,329986,34,0,10,1,70,,329995,34,0,10,1,74,,329997,34,0,10,1,33,,329987,34,0,10,1,66,,330001,34,0,10,1,25,,329993,34,0,10,1,23,,329998,34,0,10,1,58,,330009,34,0,10,1,14,,330003,34,0,10,1,10,,330002,34,0,10,2,12,,329988,34,0,10,1,11,,329976,34,0,10,1,50,,330017,34,0,10,1,12,,329994,34,0,10,1,12,,330010,34,0,10,2,15,,329999,34,0,10,1,16,,330016,34,0,10,1,56,,330004,34,0,10,1,16,,329996,34,0,10,1,20,,330018,34,0,10,1,59,,330011,34,0,10,2,20,,330000,34,0,10,1,26,,330005,34,0,10,1,68,,330019,34,0,10,1,31,,330012,34,0,10,2,72,,330006,34,0,10,1,30,,330020,34,0,10,1,72,,330013,34,0,10,2,28,,330007,34,0,10,1,73,,330021,34,0,10,1,73,,330014,34,0,10,2,33,,330008,34,0,10,1,73,,330022,34,0,10,1,33,,330015,34,0,10,2
16402,'H60S100F-80-F1',556,,330035,34,0,10,2,67,,330023,34,0,10,1,26,,330047,34,0,10,1,66,,330036,34,0,10,2,30,,330024,34,0,10,1,72,,330048,34,0,10,1,29,,330037,34,0,10,2,68,,330025,34,0,10,1,29,,330049,34,0,10,1,70,,330038,34,0,10,2,30,,330026,34,0,10,1,69,,330050,34,0,10,1,30,,330039,34,0,10,2,70,,330027,34,0,10,1,31,,330051,34,0,10,1,70,,330040,34,0,10,2,30,,330028,34,0,10,1,71,,330052,34,0,10,1,30,,330041,34,0,10,2,70,,330029,34,0,10,1,32,,330053,34,0,10,1,71,,330042,34,0,10,2,32,,330030,34,0,10,1,70,,330054,34,0,10,1,30,,330043,34,0,10,2,72,,330031,34,0,10,1,30,,330055,34,0,10,1,71,,330044,34,0,10,2,29,,330032,34,0,10,1,69,,330056,34,0,10,1,28,,330060,34,0,10,2,69,,330033,34,0,10,1,29,,330057,34,0,10,1,70,,330061,34,0,10,2,29,,330034,34,0,10,1,69,,330058,34,0,10,1,29,,330062,34,0,10,2,69,,330045,34,0,10,1,29,,330059,34,0,10,1,70,,330063,34,0,10,2,30,,330046,34,0,10,1
16402,'H60S200F-80-F2',556,,330076,34,0,10,2,67,,330064,34,0,10,1,26,,330088,34,0,10,1,66,,330077,34,0,10,2,30,,330065,34,0,10,1,72,,330089,34,0,10,1,29,,330078,34,0,10,2,68,,330066,34,0,10,1,29,,330090,34,0,10,1,70,,330079,34,0,10,2,30,,330067,34,0,10,1,69,,330091,34,0,10,1,30,,330080,34,0,10,2,70,,330068,34,0,10,1,31,,330092,34,0,10,1,70,,330081,34,0,10,2,30,,330069,34,0,10,1,71,,330093,34,0,10,1,30,,330082,34,0,10,2,70,,330070,34,0,10,1,32,,330094,34,0,10,1,71,,330083,34,0,10,2,32,,330071,34,0,10,1,70,,330095,34,0,10,1,30,,330084,34,0,10,2,72,,330072,34,0,10,1,30,,330096,34,0,10,1,71,,330085,34,0,10,2,29,,330073,34,0,10,1,69,,330097,34,0,10,1,28,,330101,34,0,10,2,69,,330074,34,0,10,1,29,,330098,34,0,10,1,70,,330102,34,0,10,2,29,,330075,34,0,10,1,69,,330099,34,0,10,1,29,,330103,34,0,10,2,69,,330086,34,0,10,1,29,,330100,34,0,10,1,70,,330104,34,0,10,2,30,,330087,34,0,10,1
21502,'H60S000A-80-A',547,,344367,13,0,10,1,58,,344368,13,0,10,2,15,,344385,13,0,10,1,14,,344373,13,0,10,2,16,,344390,13,0,10,1,56,,344379,13,0,10,2,16,,344369,13,0,10,1,19,,344391,13,0,10,1,18,,344387,13,0,10,2,55,,344374,13,0,10,2,14,,344399,13,0,10,1,18,,344380,13,0,10,2,60,,344410,13,0,10,1,25,,344375,13,0,10,1,72,,344406,13,0,10,2,33,,344381,13,0,10,2,72,,344411,13,0,10,1,30,,344376,13,0,10,1,71,,344407,13,0,10,2,29,,344382,13,0,10,2,67,,344412,13,0,10,1,28,,344377,13,0,10,1,68,,344408,13,0,10,2,28,,344383,13,0,10,2,29,,344413,13,0,10,1,68,,344378,13,0,10,1,27,,344409,13,0,10,2,66,,344384,13,0,10,2,25,,344400,13,0,10,1,65,,344392,13,0,10,1,26,,344394,13,0,10,1,68,,344388,13,0,10,1,30,,344401,13,0,10,1,71,,344393,13,0,10,1,25,,344395,13,0,10,1,27,,344389,13,0,10,1,67,,344402,13,0,10,1,32,,344396,13,0,10,1,73,,344370,13,0,10,1,73,,344403,13,0,10,1,33,,344397,13,0,10,1,73,,344371,13,0,10,1,33,,344404,13,0,10,1,74,,344398,13,0,10,1,34,,344372,13,0,10,1,77,,344405,13,0,10,1,84,,344386,13,0,10,1
21502,'H60S000I-81-I',542,,344414,13,0,10,1,65,,344424,13,0,10,1,25,,344428,13,0,10,1,25,,344429,13,0,10,1,70,,344415,13,0,10,1,32,,344425,13,0,10,1,72,,344430,13,0,10,1,71,,344416,13,0,10,1,33,,344426,13,0,10,1,73,,344431,13,0,10,1,33,,344417,13,0,10,1,73,,344427,13,0,10,1,34,,344432,13,0,10,1,73,,344418,13,0,10,1,31,,344443,13,0,10,2,68,,344440,13,0,10,1,27,,344433,13,0,10,2,67,,344419,13,0,10,1,29,,344444,13,0,10,2,68,,344447,13,0,10,1,28,,344434,13,0,10,2,68,,344420,13,0,10,1,29,,344445,13,0,10,2,70,,344448,13,0,10,1,30,,344435,13,0,10,2,70,,344421,13,0,10,1,28,,344446,13,0,10,2,69,,344449,13,0,10,1,30,,344436,13,0,10,2,73,,344422,13,0,10,1,32,,344450,13,0,10,1,70,,344437,13,0,10,2,33,,344423,13,0,10,1,71,,344451,13,0,10,1,30,,344438,13,0,10,2,69,,344452,13,0,10,1,33,,344441,13,0,10,1,74,,344439,13,0,10,2,36,,344453,13,0,10,1,84,,344442,13,0,10,1
21502,'H60S000S-83-S',545,,344454,13,0,10,1,69,,344459,13,0,10,2,19,,344460,13,0,131,1,11,,344473,13,0,10,1,58,,344477,13,0,10,2,18,,344483,13,0,10,1,14,,344479,13,0,10,1,15,,344480,13,0,10,2,59,,344482,13,0,10,2,20,,344478,13,0,10,2,18,,344461,13,0,10,1,59,,344474,13,0,10,1,22,,344484,13,0,10,1,22,,344481,13,0,10,2,64,,344455,13,0,10,1,29,,344462,13,0,10,1,68,,344475,13,0,10,1,28,,344485,13,0,10,1,72,,344456,13,0,10,1,30,,344463,13,0,10,1,69,,344476,13,0,10,1,24,,344486,13,0,10,1,25,,344488,13,0,10,1,64,,344457,13,0,10,1,23,,344464,13,0,10,1,63,,344491,13,0,10,1,27,,344487,13,0,10,1,24,,344489,13,0,10,1,68,,344458,13,0,10,1,28,,344465,13,0,10,1,69,,344468,13,0,10,2,31,,344492,13,0,10,1,72,,344490,13,0,10,1,29,,344466,13,0,10,1,66,,344469,13,0,10,2,26,,344493,13,0,10,1,67,,344499,13,0,10,1,29,,344467,13,0,10,1,70,,344470,13,0,10,2,31,,344500,13,0,10,2,70,,344497,13,0,10,1,29,,344472,13,0,10,1,73,,344471,13,0,10,2,32,,344495,13,0,10,1,73,,344498,13,0,10,1,33,,344494,13,0,10,1,84,,344496,13,0,10,1
21502,'H60S100F-80-F1',542,,344501,13,0,10,1,65,,344511,13,0,10,2,25,,344515,13,0,10,1,25,,344516,13,0,10,1,70,,344502,13,0,10,1,32,,344512,13,0,10,2,72,,344517,13,0,10,1,71,,344503,13,0,10,1,33,,344513,13,0,10,2,73,,344518,13,0,10,1,33,,344504,13,0,10,1,73,,344514,13,0,10,2,34,,344519,13,0,10,1,73,,344505,13,0,10,1,31,,344533,13,0,10,2,68,,344532,13,0,10,1,27,,344525,13,0,10,2,67,,344506,13,0,10,1,29,,344534,13,0,10,2,68,,344520,13,0,10,1,28,,344526,13,0,10,2,68,,344507,13,0,10,1,29,,344535,13,0,10,2,70,,344521,13,0,10,1,30,,344527,13,0,10,2,70,,344508,13,0,10,1,28,,344536,13,0,10,2,69,,344522,13,0,10,1,30,,344528,13,0,10,2,73,,344509,13,0,10,1,32,,344523,13,0,10,1,70,,344529,13,0,10,2,33,,344510,13,0,10,1,71,,344524,13,0,10,1,30,,344530,13,0,10,2,69,,344539,13,0,10,1,33,,344537,13,0,10,1,74,,344531,13,0,10,2,36,,344540,13,0,10,1,84,,344538,13,0,10,1
21502,'H60S200F-80-F2',542,,344541,13,0,10,1,65,,344551,13,0,10,2,25,,344555,13,0,10,1,25,,344556,13,0,10,1,70,,344542,13,0,10,1,32,,344552,13,0,10,2,72,,344557,13,0,10,1,71,,344543,13,0,10,1,33,,344553,13,0,10,2,73,,344558,13,0,10,1,33,,344544,13,0,10,1,73,,344554,13,0,10,2,34,,344559,13,0,10,1,73,,344545,13,0,10,1,31,,344573,13,0,10,2,68,,344572,13,0,10,1,27,,344565,13,0,10,2,67,,344546,13,0,10,1,29,,344574,13,0,10,2,68,,344560,13,0,10,1,28,,344566,13,0,10,2,68,,344547,13,0,10,1,29,,344575,13,0,10,2,70,,344561,13,0,10,1,30,,344567,13,0,10,2,70,,344548,13,0,10,1,28,,344576,13,0,10,2,69,,344562,13,0,10,1,30,,344568,13,0,10,2,73,,344549,13,0,10,1,32,,344563,13,0,10,1,70,,344569,13,0,10,2,33,,344550,13,0,10,1,71,,344564,13,0,10,1,30,,344570,13,0,10,2,69,,344579,13,0,10,1,33,,344577,13,0,10,1,74,,344571,13,0,10,2,36,,344580,13,0,10,1,84,,344578,13,0,10,1
