17903,'H50S000S-82-S',1704,,333831,35,4,,2
17903,'H51S000A-80-A',602,,333837,35,4,,1,28,,333854,35,4,,2,28,,333838,35,4,,1,68,,333855,35,4,,2,74,,333839,35,4,,1,32,,333856,35,4,,2,73,,333840,35,4,,1,32,,333857,35,4,,2,64,,333866,35,4,,2,23,,333841,35,4,,1,23,,333858,35,4,,2,66,,333867,35,4,,2,24,,333842,35,4,,1,16,,333832,35,4,,2,56,,333859,35,4,,2,17,,333872,35,4,,2,18,,333868,35,4,,2,56,,333843,35,4,,1,17,,333833,35,4,,2,16,,333860,35,4,,2,17,,333873,35,4,,2,57,,333869,35,4,,2,17,,333844,35,4,,1,16,,333834,35,4,,2,16,,333861,35,4,,2,55,,333883,35,4,,1,14,,333874,35,4,,2,14,,333870,35,4,,2,14,,333845,35,4,,1,54,,333835,35,4,,2,15,,333862,35,4,,2,15,,333884,35,4,,1,14,,333875,35,4,,2,54,,333871,35,4,,2,14,,333846,35,4,,1,14,,333836,35,4,,2,14,,333863,35,4,,2,53,,333885,35,4,,1,14,,333876,35,4,,2,22,,333847,35,4,,1,21,,333864,35,4,,2,65,,333877,35,4,,2,26,,333848,35,4,,1,66,,333865,35,4,,2,25,,333878,35,4,,2,70,,333849,35,4,,1,29,,333879,35,4,,2,69,,333850,35,4,,1,28,,333880,35,4,,2,68,,333851,35,4,,1,28,,333881,35,4,,2,28,,333852,35,4,,1,68,,333882,35,4,,2,27,,333853,35,4,,1
17903,'H51S000I-80-I',657,,333886,35,4,,1,70,,333891,35,4,,1,30,,333887,35,4,,1,70,,333892,35,4,,1,30,,333888,35,4,,1,71,,333893,35,4,,1,31,,333889,35,4,,1,77,,333894,35,4,,1,71,,333890,35,4,,1,21,,333908,35,4,,2,23,,333904,35,4,,2,63,,333895,35,4,,1,19,,333899,35,4,,1,18,,333909,35,4,,2,58,,333905,35,4,,2,18,,333917,35,4,,2,17,,333896,35,4,,1,57,,333900,35,4,,1,17,,333928,35,4,,2,18,,333906,35,4,,2,18,,333918,35,4,,2,58,,333897,35,4,,1,17,,333901,35,4,,1,17,,333929,35,4,,2,56,,333907,35,4,,2,16,,333919,35,4,,2,19,,333898,35,4,,1,19,,333902,35,4,,1,60,,333930,35,4,,2,20,,333920,35,4,,2,18,,333910,35,4,,1,59,,333903,35,4,,1,19,,333931,35,4,,2,22,,333921,35,4,,2,61,,333911,35,4,,1,24,,333932,35,4,,2,64,,333922,35,4,,2,28,,333912,35,4,,1,27,,333923,35,4,,2,70,,333913,35,4,,1,30,,333924,35,4,,2,70,,333914,35,4,,1,30,,333925,35,4,,2,68,,333915,35,4,,1,30,,333926,35,4,,2,72,,333916,35,4,,1,72,,333927,35,4,,2
17903,'H51S000S-81-S',508,,333933,13,4,,1,30,,333934,13,4,,2,62,,333938,35,4,,2,22,,333940,35,4,,1,23,,333935,35,4,,2,59,,333939,35,4,,2,18,,333958,35,4,,2,19,,333941,35,4,,1,60,,333960,35,4,,2,17,,333936,35,4,,2,12,,333957,35,4,,2,10,,333959,35,4,,2,60,,333942,35,4,,1,20,,333961,35,4,,2,22,,333937,35,4,,2,73,,333943,35,4,,1,33,,333962,35,4,,2,69,,333946,35,4,,1,31,,333944,35,4,,1,64,,333963,35,4,,2,24,,333947,35,4,,1,64,,333967,35,4,,2,18,,333945,35,4,,1,18,,333964,35,4,,2,21,,333948,35,4,,1,61,,333977,35,4,,2,21,,333968,35,4,,2,61,,333965,35,4,,2,22,,333949,35,4,,1,22,,333978,35,4,,2,56,,333983,35,4,,2,14,,333969,35,4,,2,15,,333966,35,4,,2,12,,333985,35,4,,2,11,,333950,35,4,,1,67,,333979,35,4,,2,15,,333984,35,4,,2,16,,333970,35,4,,2,55,,333986,35,4,,2,14,,333951,35,4,,1,31,,333980,35,4,,2,70,,333971,35,4,,2,30,,333952,35,4,,1,70,,333981,35,4,,2,33,,333972,35,4,,1,73,,333953,35,4,,1,24,,333982,35,4,,2,64,,333973,35,4,,1,29,,333954,35,4,,1,69,,333974,35,4,,1,28,,333955,35,4,,1,69,,333975,35,4,,1,29,,333956,35,4,,1,68,,333976,35,4,,1
17903,'H51S100F-80-F1',657,,333987,35,4,,1,70,,334010,35,4,,1,30,,333988,35,4,,1,70,,334011,35,4,,1,30,,333989,35,4,,1,71,,334012,35,4,,1,31,,333990,35,4,,1,77,,334013,35,4,,1,71,,333991,35,4,,1,21,,333992,35,4,,2,23,,334023,35,4,,2,63,,334014,35,4,,1,19,,334018,35,4,,1,18,,333993,35,4,,2,58,,334024,35,4,,2,18,,333994,35,4,,2,17,,334015,35,4,,1,57,,334019,35,4,,1,17,,334005,35,4,,2,18,,334025,35,4,,2,18,,333995,35,4,,2,58,,334016,35,4,,1,17,,334020,35,4,,1,17,,334006,35,4,,2,56,,334026,35,4,,2,16,,333996,35,4,,2,19,,334017,35,4,,1,19,,334021,35,4,,1,60,,334007,35,4,,2,20,,333997,35,4,,2,18,,334027,35,4,,1,59,,334022,35,4,,1,19,,334008,35,4,,2,22,,333998,35,4,,2,61,,334028,35,4,,1,24,,334009,35,4,,2,64,,333999,35,4,,2,28,,334029,35,4,,1,27,,334000,35,4,,2,70,,334030,35,4,,1,30,,334001,35,4,,2,70,,334031,35,4,,1,30,,334002,35,4,,2,68,,334032,35,4,,1,30,,334003,35,4,,2,72,,334033,35,4,,1,72,,334004,35,4,,2
17903,'H51S200F-80-F2',657,,334034,35,4,,1,70,,334057,35,4,,1,30,,334035,35,4,,1,70,,334058,35,4,,1,30,,334036,35,4,,1,71,,334059,35,4,,1,31,,334037,35,4,,1,77,,334060,35,4,,1,71,,334038,35,4,,1,21,,334039,35,4,,2,23,,334070,35,4,,2,63,,334061,35,4,,1,19,,334065,35,4,,1,18,,334040,35,4,,2,58,,334071,35,4,,2,18,,334041,35,4,,2,17,,334062,35,4,,1,57,,334066,35,4,,1,17,,334052,35,4,,2,18,,334072,35,4,,2,18,,334042,35,4,,2,58,,334063,35,4,,1,17,,334067,35,4,,1,17,,334053,35,4,,2,56,,334073,35,4,,2,16,,334043,35,4,,2,19,,334064,35,4,,1,19,,334068,35,4,,1,60,,334054,35,4,,2,20,,334044,35,4,,2,18,,334074,35,4,,1,59,,334069,35,4,,1,19,,334055,35,4,,2,22,,334045,35,4,,2,61,,334075,35,4,,1,24,,334056,35,4,,2,64,,334046,35,4,,2,28,,334076,35,4,,1,27,,334047,35,4,,2,70,,334077,35,4,,1,30,,334048,35,4,,2,70,,334078,35,4,,1,30,,334049,35,4,,2,68,,334079,35,4,,1,30,,334050,35,4,,2,72,,334080,35,4,,1,72,,334051,35,4,,2
17904,'H50S000S-82-S',735,,334081,1,0,9,1,978,,334082,1,0,9,2
17904,'H51S000A-80-A',604,,334088,1,0,9,1,29,,334105,1,0,9,2,69,,334089,1,0,9,1,30,,334106,1,0,9,2,71,,334090,1,0,9,1,32,,334107,1,0,9,2,73,,334091,1,0,9,1,32,,334108,1,0,9,2,64,,334116,1,0,9,2,24,,334092,1,0,9,1,24,,334109,1,0,9,2,65,,334117,1,0,9,2,24,,334093,1,0,9,1,17,,334083,1,0,9,2,56,,334110,1,0,9,2,17,,334122,1,0,9,2,17,,334118,1,0,9,2,56,,334094,1,0,9,1,17,,334084,1,0,9,2,16,,334111,1,0,9,2,17,,334123,1,0,9,2,57,,334119,1,0,9,2,17,,334095,1,0,9,1,16,,334085,1,0,9,2,56,,334112,1,0,9,2,15,,334133,1,0,9,1,15,,334124,1,0,9,2,15,,334120,1,0,9,2,14,,334096,1,0,9,1,54,,334086,1,0,9,2,14,,334113,1,0,9,2,14,,334134,1,0,9,1,14,,334125,1,0,9,2,54,,334121,1,0,9,2,14,,334097,1,0,9,1,14,,334087,1,0,9,2,14,,334114,1,0,9,2,54,,334135,1,0,9,1,14,,334126,1,0,9,2,22,,334098,1,0,9,1,69,,334115,1,0,9,2,30,,334127,1,0,9,2,71,,334099,1,0,9,1,31,,334128,1,0,9,2,70,,334100,1,0,9,1,29,,334129,1,0,9,2,69,,334101,1,0,9,1,28,,334130,1,0,9,2,68,,334102,1,0,9,1,28,,334131,1,0,9,2,68,,334103,1,0,9,1,28,,334132,1,0,9,2,28,,334104,1,0,9,1
17904,'H51S000I-80-I',700,,334136,1,0,9,1,30,,334140,1,0,9,1,70,,334137,1,0,9,1,30,,334141,1,0,9,1,70,,334138,1,0,9,1,31,,334142,1,0,9,1,71,,334139,1,0,9,1,30,,334152,1,0,9,2,70,,334143,1,0,9,1,29,,334157,1,0,9,2,25,,334153,1,0,9,2,65,,334144,1,0,9,1,26,,334148,1,0,9,1,66,,334154,1,0,9,2,22,,334166,1,0,9,2,20,,334145,1,0,9,1,58,,334149,1,0,9,1,18,,334177,1,0,9,2,16,,334155,1,0,9,2,56,,334167,1,0,9,2,16,,334146,1,0,9,1,16,,334150,1,0,9,1,16,,334178,1,0,9,2,56,,334156,1,0,9,2,15,,334168,1,0,9,2,14,,334158,1,0,9,1,14,,334147,1,0,9,1,54,,334151,1,0,9,1,16,,334179,1,0,9,2,20,,334169,1,0,9,2,66,,334159,1,0,9,1,29,,334180,1,0,9,2,69,,334170,1,0,9,2,30,,334160,1,0,9,1,72,,334171,1,0,9,2,30,,334161,1,0,9,1,70,,334172,1,0,9,2,30,,334162,1,0,9,1,70,,334173,1,0,9,2,30,,334163,1,0,9,1,70,,334174,1,0,9,2,30,,334164,1,0,9,1,70,,334175,1,0,9,2,30,,334165,1,0,9,1,68,,334176,1,0,9,2
17904,'H51S000S-81-S',512,,334181,1,0,9,1,30,,334182,1,0,9,2,62,,334186,1,0,9,2,32,,334189,1,0,9,1,20,,334183,1,0,9,2,56,,334187,1,0,9,2,13,,334206,1,0,9,2,20,,334190,1,0,9,1,11,,334188,1,0,9,2,49,,334208,1,0,9,2,17,,334184,1,0,9,2,22,,334207,1,0,9,2,60,,334191,1,0,9,1,20,,334209,1,0,9,2,22,,334185,1,0,9,2,62,,334194,1,0,9,1,24,,334192,1,0,9,1,25,,334210,1,0,9,2,64,,334195,1,0,9,1,24,,334215,1,0,9,2,58,,334193,1,0,9,1,18,,334211,1,0,9,2,19,,334196,1,0,9,1,60,,334227,1,0,9,2,20,,334216,1,0,9,2,20,,334212,1,0,9,2,61,,334197,1,0,9,1,21,,334228,1,0,9,2,21,,334217,1,0,9,2,61,,334213,1,0,9,2,22,,334198,1,0,9,1,22,,334229,1,0,9,2,56,,334233,1,0,9,2,16,,334218,1,0,9,2,13,,334214,1,0,9,2,12,,334234,1,0,9,2,14,,334199,1,0,9,1,72,,334230,1,0,9,2,28,,334219,1,0,9,2,68,,334200,1,0,9,1,29,,334231,1,0,9,2,68,,334220,1,0,9,2,28,,334221,1,0,9,1,71,,334201,1,0,9,1,28,,334232,1,0,9,2,68,,334222,1,0,9,1,29,,334202,1,0,9,1,69,,334223,1,0,9,1,29,,334203,1,0,9,1,69,,334224,1,0,9,1,29,,334204,1,0,9,1,69,,334225,1,0,9,1,28,,334205,1,0,9,1,68,,334226,1,0,9,1
17904,'H51S100F-80-F1',700,,334235,1,0,9,1,30,,334255,1,0,9,1,70,,334236,1,0,9,1,30,,334256,1,0,9,1,70,,334237,1,0,9,1,31,,334257,1,0,9,1,71,,334238,1,0,9,1,30,,334267,1,0,9,2,70,,334258,1,0,9,1,29,,334239,1,0,9,2,25,,334268,1,0,9,2,65,,334259,1,0,9,1,26,,334263,1,0,9,1,66,,334269,1,0,9,2,22,,334240,1,0,9,2,20,,334260,1,0,9,1,58,,334264,1,0,9,1,18,,334251,1,0,9,2,16,,334270,1,0,9,2,56,,334241,1,0,9,2,16,,334261,1,0,9,1,16,,334265,1,0,9,1,16,,334252,1,0,9,2,56,,334271,1,0,9,2,15,,334242,1,0,9,2,14,,334272,1,0,9,1,14,,334262,1,0,9,1,54,,334266,1,0,9,1,16,,334253,1,0,9,2,20,,334243,1,0,9,2,66,,334273,1,0,9,1,29,,334254,1,0,9,2,69,,334244,1,0,9,2,30,,334274,1,0,9,1,72,,334245,1,0,9,2,30,,334275,1,0,9,1,70,,334246,1,0,9,2,30,,334276,1,0,9,1,70,,334247,1,0,9,2,30,,334277,1,0,9,1,70,,334248,1,0,9,2,30,,334278,1,0,9,1,70,,334249,1,0,9,2,30,,334279,1,0,9,1,68,,334250,1,0,9,2
17904,'H51S200F-80-F2',700,,334280,1,0,9,1,30,,334300,1,0,9,1,70,,334281,1,0,9,1,30,,334301,1,0,9,1,70,,334282,1,0,9,1,31,,334302,1,0,9,1,71,,334283,1,0,9,1,30,,334312,1,0,9,2,70,,334303,1,0,9,1,29,,334284,1,0,9,2,25,,334313,1,0,9,2,65,,334304,1,0,9,1,26,,334308,1,0,9,1,66,,334314,1,0,9,2,22,,334285,1,0,9,2,20,,334305,1,0,9,1,58,,334309,1,0,9,1,18,,334296,1,0,9,2,16,,334315,1,0,9,2,56,,334286,1,0,9,2,16,,334306,1,0,9,1,16,,334310,1,0,9,1,16,,334297,1,0,9,2,56,,334316,1,0,9,2,15,,334287,1,0,9,2,14,,334317,1,0,9,1,14,,334307,1,0,9,1,54,,334311,1,0,9,1,16,,334298,1,0,9,2,20,,334288,1,0,9,2,66,,334318,1,0,9,1,29,,334299,1,0,9,2,69,,334289,1,0,9,2,30,,334319,1,0,9,1,72,,334290,1,0,9,2,30,,334320,1,0,9,1,70,,334291,1,0,9,2,30,,334321,1,0,9,1,70,,334292,1,0,9,2,30,,334322,1,0,9,1,70,,334293,1,0,9,2,30,,334323,1,0,9,1,70,,334294,1,0,9,2,30,,334324,1,0,9,1,68,,334295,1,0,9,2
