6802,'H60S000A-80-A',456,,306984,12,0,10,1,69,,306985,12,0,10,1,28,,307010,12,0,10,2,70,,306998,12,0,10,2,30,,306986,12,0,10,1,70,,307011,12,0,10,2,30,,306999,12,0,10,2,72,,306987,12,0,10,1,30,,307012,12,0,10,2,71,,307000,12,0,10,2,31,,306988,12,0,10,1,72,,307013,12,0,10,2,73,,307001,12,0,10,2,33,,306989,12,0,10,1,70,,307014,12,0,10,2,33,,307002,12,0,10,2,71,,306990,12,0,10,1,29,,307015,12,0,10,2,72,,307003,12,0,10,2,31,,306991,12,0,10,1,69,,307016,12,0,10,2,32,,307004,12,0,10,2,71,,306992,12,0,10,1,29,,307017,12,0,10,2,72,,307005,12,0,10,2,31,,306993,12,0,10,1,69,,307018,12,0,10,2,30,,307006,12,0,10,2,71,,306994,12,0,10,1,29,,307019,12,0,10,2,70,,307007,12,0,10,2,27,,306995,12,0,10,1,69,,307020,12,0,10,2,30,,307008,12,0,10,2,67,,306996,12,0,10,1,28,,307021,12,0,10,2,70,,307009,12,0,10,2,32,,306997,12,0,10,1,73,,307022,12,0,10,2,31,,307024,12,0,10,1,70,,307023,12,0,10,1,30,,307025,12,0,10,1
6802,'H60S000I-81-I',458,,307027,12,0,10,1,76,,307040,12,0,10,1,76,,307041,12,0,10,2,34,,307028,12,0,10,1,73,,307054,12,0,10,2,33,,307042,12,0,10,2,73,,307029,12,0,10,1,32,,307055,12,0,10,2,73,,307043,12,0,10,2,73,,307030,12,0,10,1,31,,307056,12,0,10,2,69,,307044,12,0,10,2,28,,307031,12,0,10,1,30,,307057,12,0,10,2,71,,307045,12,0,10,2,70,,307032,12,0,10,1,30,,307058,12,0,10,2,70,,307046,12,0,10,2,30,,307033,12,0,10,1,70,,307059,12,0,10,2,30,,307047,12,0,10,2,70,,307034,12,0,10,1,30,,307060,12,0,10,2,71,,307048,12,0,10,2,30,,307035,12,0,10,1,69,,307061,12,0,10,2,30,,307049,12,0,10,2,70,,307036,12,0,10,1,30,,307062,12,0,10,2,70,,307050,12,0,10,2,27,,307037,12,0,10,1,29,,307063,12,0,10,2,70,,307051,12,0,10,2,27,,307038,12,0,10,1,67,,307064,12,0,10,2,30,,307052,12,0,10,2,67,,307039,12,0,10,1,28,,307065,12,0,10,2,75,,307053,12,0,10,2,35,,307026,12,0,10,1,75,,307066,12,0,10,1
6802,'H60S000S-83-S',454,,307072,12,0,10,1,77,,307077,12,0,10,1,77,,307075,12,0,10,1,34,,307083,12,0,10,1,74,,307085,12,0,10,2,34,,307076,12,0,10,1,75,,307084,12,0,10,1,34,,307086,12,0,10,2,70,,307078,12,0,96 97,1,30,,307087,12,0,96 97,1,70,,307067,12,0,96 97,1,29,,307079,12,0,96 97,1,69,,307088,12,0,96 97,1,32,,307068,12,0,96 97,1,72,,307080,12,0,96 97,1,72,,307089,12,0,96 97,1,24,,307069,12,0,96 97,1,20,,307081,12,0,10,1,55,,307073,12,0,96 97,2,13,,307090,12,0,10,1,12,,307094,12,0,96 97,2,13,,307096,12,0,10,2,13,,307070,12,0,96 97,1,53,,307092,12,0,10,2,12,,307074,12,0,96 97,2,12,,307082,12,0,10,1,11,,307095,12,0,96 97,2,12,,307105,12,0,10,1,52,,307091,12,0,96 97,1,10,,307118,12,0,10,1,9,,307098,12,0,96 97,2,8,,307071,12,0,10,1,9,,307097,12,0,96 97,2,10,,307111,12,0,10,2,53,,307093,12,0,96 97,2,14,,307100,12,0,10,1,14,,307120,12,0,96 97,2,14,,307099,12,0,10,1,54,,307119,12,0,96 97,1,12,,307106,12,0,10,1,19,,307112,12,0,96 97,2,22,,307113,12,0,10,1,68,,307101,12,0,10,1,32,,307107,12,0,10,1,73,,307114,12,0,10,1,30,,307102,12,0,10,1,72,,307108,12,0,10,1,73,,307115,12,0,10,1,33,,307103,12,0,10,1,73,,307109,12,0,10,1,33,,307116,12,0,10,1,73,,307104,12,0,10,1,30,,307110,12,0,10,1,70,,307117,12,0,10,1
6802,'H60S100F-80-F1',458,,307121,12,0,10,1,76,,307135,12,0,10,1,76,,307136,12,0,10,2,34,,307122,12,0,10,1,73,,307149,12,0,10,1,33,,307137,12,0,10,2,73,,307123,12,0,10,1,32,,307150,12,0,10,1,73,,307138,12,0,10,2,73,,307124,12,0,10,1,31,,307151,12,0,10,1,69,,307139,12,0,10,2,28,,307125,12,0,10,1,30,,307152,12,0,10,1,71,,307140,12,0,10,2,70,,307126,12,0,10,1,30,,307153,12,0,10,1,70,,307141,12,0,10,2,30,,307127,12,0,10,1,70,,307154,12,0,10,1,30,,307142,12,0,10,2,70,,307128,12,0,10,1,30,,307155,12,0,10,1,71,,307143,12,0,10,2,30,,307129,12,0,10,1,69,,307156,12,0,10,1,30,,307144,12,0,10,2,70,,307130,12,0,10,1,30,,307157,12,0,10,1,70,,307145,12,0,10,2,27,,307131,12,0,10,1,29,,307158,12,0,10,1,70,,307146,12,0,10,2,27,,307132,12,0,10,1,67,,307159,12,0,10,1,30,,307147,12,0,10,2,67,,307133,12,0,10,1,28,,307160,12,0,10,1,75,,307148,12,0,10,2,35,,307134,12,0,10,2,75,,307161,12,0,10,1
6802,'H60S200F-80-F2',458,,307162,12,0,10,1,76,,307176,12,0,10,1,76,,307177,12,0,10,2,34,,307163,12,0,10,1,73,,307190,12,0,10,1,33,,307178,12,0,10,2,73,,307164,12,0,10,1,32,,307191,12,0,10,1,73,,307179,12,0,10,2,73,,307165,12,0,10,1,31,,307192,12,0,10,1,69,,307180,12,0,10,2,28,,307166,12,0,10,1,30,,307193,12,0,10,1,71,,307181,12,0,10,2,70,,307167,12,0,10,1,30,,307194,12,0,10,1,70,,307182,12,0,10,2,30,,307168,12,0,10,1,70,,307195,12,0,10,1,30,,307183,12,0,10,2,70,,307169,12,0,10,1,30,,307196,12,0,10,1,71,,307184,12,0,10,2,30,,307170,12,0,10,1,69,,307197,12,0,10,1,30,,307185,12,0,10,2,70,,307171,12,0,10,1,30,,307198,12,0,10,1,70,,307186,12,0,10,2,27,,307172,12,0,10,1,29,,307199,12,0,10,1,70,,307187,12,0,10,2,27,,307173,12,0,10,1,67,,307200,12,0,10,1,30,,307188,12,0,10,2,67,,307174,12,0,10,1,28,,307201,12,0,10,1,75,,307189,12,0,10,2,35,,307175,12,0,10,2,75,,307202,12,0,10,1
38202,'H60S000A-80-A',2626,,347374,72,0,10,1,85,,347376,72,0,10,1,45,,347373,72,0,10,1,85,,347375,72,0,10,1
38202,'H60S000I-81-I',2627,,347379,72,0,10,1,84,,347378,72,0,10,1,44,,347377,72,0,10,1,85,,347380,72,0,10,1
38202,'H60S000S-83-S',2627,,347381,72,0,10,2,85,,347384,72,0,10,1,44,,347382,72,0,10,1,85,,347383,72,0,10,1
38202,'H60S100F-80-F1',2627,,347387,72,0,10,1,84,,347385,72,0,10,1,44,,347386,72,0,10,2,85,,347388,72,0,10,1
38202,'H60S200F-80-F2',2627,,347391,72,0,10,1,84,,347389,72,0,10,1,44,,347390,72,0,10,2,85,,347392,72,0,10,1
