6303,'H56S000A-80-A',845,,304586,1,0,8,1,70,,304576,1,0,8,2,30,,304587,1,0,8,1,70,,304577,1,0,8,2,30,,304588,1,0,8,1,70,,304578,1,0,8,2,31,,304589,1,0,8,1,71,,304579,1,0,8,2,30,,304590,1,0,8,1,71,,304580,1,0,8,2,30,,304591,1,0,8,1,72,,304581,1,0,8,2,32,,304592,1,0,8,1,70,,304582,1,0,8,2,30,,304593,1,0,8,1,69,,304583,1,0,8,2,29,,304594,1,0,8,1,69,,304584,1,0,8,2,28,,304595,1,0,8,1,68,,304585,1,0,8,2
6303,'H56S000S-82-S',615,,304609,1,0,8,1,28,,304596,1,0,8,2,68,,304610,1,0,8,1,33,,304597,1,0,8,2,75,,304611,1,0,8,1,33,,304598,1,0,8,2,73,,304612,1,0,8,1,32,,304599,1,0,8,2,70,,304613,1,0,8,1,32,,304600,1,0,8,2,69,,304614,1,0,8,1,72,,304601,1,0,8,2,32,,304615,1,0,8,1,72,,304602,1,0,8,2,32,,304616,1,0,8,1,72,,304603,1,0,8,2,35,,304617,1,0,8,1,70,,304604,1,0,8,2,36,,304618,1,0,8,1,75,,304605,1,0,8,2,33,,304619,1,0,8,1,73,,304606,1,0,8,2,73,,304620,1,0,8,1,33,,304607,1,0,8,2,70,,304621,1,0,8,1,29,,304608,1,0,8,2
6303,'H56S100F-80-F1',845,,304622,1,0,8,1,70,,304623,1,0,8,2,30,,304624,1,0,8,1,70,,304626,1,0,8,2,30,,304625,1,0,8,1,70,,304627,1,0,8,2,31,,304628,1,0,8,1,71,,304629,1,0,8,2,30,,304630,1,0,8,1,71,,304631,1,0,8,2,30,,304632,1,0,8,1,72,,304633,1,0,8,2,32,,304634,1,0,8,1,70,,304635,1,0,8,2,30,,304636,1,0,8,1,69,,304637,1,0,8,2,29,,304638,1,0,8,1,69,,304639,1,0,8,2,28,,304640,1,0,8,1,68,,304641,1,0,8,2
6303,'H56S200F-80-F2',845,,304642,1,0,8,1,70,,304643,1,0,8,2,30,,304644,1,0,8,1,70,,304646,1,0,8,2,30,,304645,1,0,8,1,70,,304647,1,0,8,2,31,,304648,1,0,8,1,71,,304649,1,0,8,2,30,,304650,1,0,8,1,71,,304651,1,0,8,2,30,,304652,1,0,8,1,72,,304653,1,0,8,2,32,,304654,1,0,8,1,70,,304655,1,0,8,2,30,,304656,1,0,8,1,69,,304657,1,0,8,2,29,,304658,1,0,8,1,69,,304659,1,0,8,2,28,,304660,1,0,8,1,68,,304661,1,0,8,2
9002,'H56S000A-80-A',602,,311636,1,0,10,1,30,,311692,1,0,10,1,70,,311643,1,0,10,1,30,,311693,1,0,10,1,70,,311637,1,0,10,1,29,,311642,1,0,10,1,70,,311666,1,0,10,1,33,,311657,1,0,10,1,69,,311648,1,0,10,1,30,,311672,1,0,10,1,26,,311667,1,0,10,1,66,,311658,1,0,10,1,24,,311694,1,0,10,1,62,,311649,1,0,10,1,21,,311673,1,0,10,1,21,,311653,1,0,10,1,60,,311679,1,0,10,1,19,,311659,1,0,10,1,19,,311695,1,0,10,1,57,,311650,1,0,10,1,14,,311668,1,0,10,1,14,,311674,1,0,10,1,14,,311654,1,0,10,1,54,,311688,1,0,10,1,14,,311677,1,0,10,2,14,,311680,1,0,10,1,12,,311660,1,0,10,1,11,,311696,1,0,10,1,52,,311651,1,0,10,1,13,,311669,1,0,10,1,13,,311675,1,0,10,1,13,,311655,1,0,10,1,12,,311691,1,0,10,2,50,,311689,1,0,10,1,11,,311678,1,0,10,2,12,,311681,1,0,10,1,12,,311641,1,0,10,2,11,,311661,1,0,10,1,52,,311652,1,0,10,1,12,,311656,1,0,10,1,12,,311670,1,0,10,1,12,,311676,1,0,10,1,12,,311644,1,0,10,1,55,,311690,1,0,10,1,19,,311682,1,0,10,1,21,,311662,1,0,10,1,60,,311686,1,0,10,2,20,,311671,1,0,10,1,20,,311645,1,0,10,1,60,,311684,1,0,10,1,20,,311683,1,0,10,1,20,,311663,1,0,10,1,60,,311687,1,0,10,2,19,,311638,1,0,10,1,21,,311646,1,0,10,1,61,,311685,1,0,10,1,26,,311664,1,0,10,1,72,,311639,1,0,10,1,32,,311647,1,0,10,1,72,,311665,1,0,10,1,33,,311640,1,0,10,1
9002,'H56S000I-80-I',608,,311702,1,0,10,1,28,,311728,1,0,10,1,69,,311706,1,0,10,1,29,,311734,1,0,10,1,73,,311703,1,0,10,1,33,,311707,1,0,10,1,69,,311715,1,0,10,1,29,,311735,1,0,10,1,71,,311736,1,0,10,1,30,,311708,1,0,10,1,71,,311711,1,0,10,2,31,,311723,1,0,10,1,71,,311716,1,0,10,1,28,,311709,1,0,10,1,70,,311712,1,0,10,2,24,,311724,1,0,10,1,25,,311729,1,0,10,2,64,,311717,1,0,10,1,20,,311710,1,0,10,1,60,,311725,1,0,10,1,20,,311713,1,0,10,2,19,,311722,1,0,10,1,62,,311730,1,0,10,2,22,,311718,1,0,10,1,17,,311704,1,0,10,1,58,,311714,1,0,10,2,19,,311726,1,0,10,1,18,,311699,1,0,10,1,19,,311731,1,0,10,2,61,,311719,1,0,10,1,24,,311705,1,0,10,1,68,,311727,1,0,10,1,29,,311700,1,0,10,1,69,,311720,1,0,10,1,27,,311738,1,0,10,1,69,,311737,1,0,10,2,30,,311701,1,0,10,1,70,,311721,1,0,10,1,31,,311732,1,0,10,1,72,,311739,1,0,10,1,33,,311697,1,0,10,1,72,,311733,1,0,10,1,32,,311740,1,0,10,1,71,,311698,1,0,10,1
9002,'H56S000S-82-S',544,,311813,1,0,10,1,63,,311811,1,0,10,1,22,,311756,1,0,10,1,17,,311766,1,0,10,1,58,,311771,1,0,10,1,19,,311772,1,0,10,1,19,,311773,1,0,10,2,60,,311774,1,0,10,1,19,,311743,1,0,10,1,23,,311757,1,0,10,1,69,,311781,1,0,10,1,30,,311814,1,0,10,1,70,,311775,1,0,10,1,30,,311758,1,0,10,1,68,,311782,1,0,10,1,26,,311767,1,0,10,1,65,,311752,1,0,10,1,21,,311776,1,0,10,1,21,,311778,1,0,10,1,58,,311759,1,0,10,1,18,,311783,1,0,10,1,19,,311768,1,0,10,1,16,,311741,1,0,10,1,55,,311784,1,0,10,1,10,,311753,1,0,10,1,10,,311777,1,0,10,1,10,,311786,1,0,10,1,12,,311779,1,0,10,1,52,,311812,1,0,10,2,12,,311760,1,0,10,1,9,,311795,1,0,10,2,10,,311809,1,0,10,1,9,,311769,1,0,10,1,7,,311810,1,0,10,2,7,,311804,1,0,10,1,48,,311792,1,0,10,2,8,,311742,1,0,10,1,7,,311785,1,0,10,1,6,,311796,1,0,10,2,6,,311754,1,0,10,1,5,,311805,1,0,10,1,6,,311801,1,0,10,2,6,,311787,1,0,10,1,6,,311800,1,0,10,2,46,,311802,1,0,10,1,7,,311780,1,0,10,1,8,,311806,1,0,10,2,8,,311815,1,0,10,1,7,,311761,1,0,10,1,7,,311794,1,0,10,2,6,,311808,1,0,10,1,9,,311770,1,0,10,1,47,,311788,1,0,10,1,10,,311750,1,0,10,1,11,,311793,1,0,10,2,12,,311797,1,0,10,1,12,,311755,1,0,10,1,12,,311745,1,0,10,1,51,,311803,1,0,10,1,11,,311744,1,0,10,1,13,,311762,1,0,10,1,15,,311807,1,0,10,2,58,,311789,1,0,10,1,19,,311798,1,0,10,1,19,,311749,1,0,10,2,60,,311746,1,0,10,1,20,,311763,1,0,10,1,20,,311751,1,0,10,2,60,,311790,1,0,10,1,28,,311799,1,0,10,1,69,,311747,1,0,10,1,33,,311764,1,0,10,1,73,,311791,1,0,10,1,33,,311748,1,0,10,1,73,,311765,1,0,10,1
9002,'H56S100F-80-F1',608,,311821,1,0,10,1,28,,311847,1,0,10,1,69,,311825,1,0,10,1,29,,311853,1,0,10,1,73,,311822,1,0,10,1,33,,311826,1,0,10,1,69,,311834,1,0,10,1,29,,311854,1,0,10,1,71,,311855,1,0,10,1,30,,311827,1,0,10,1,71,,311830,1,0,10,2,31,,311842,1,0,10,1,71,,311835,1,0,10,1,28,,311828,1,0,10,1,70,,311831,1,0,10,2,24,,311843,1,0,10,1,25,,311848,1,0,10,2,64,,311836,1,0,10,1,20,,311829,1,0,10,1,60,,311844,1,0,10,1,20,,311832,1,0,10,2,19,,311841,1,0,10,1,62,,311849,1,0,10,2,22,,311837,1,0,10,1,17,,311823,1,0,10,1,58,,311833,1,0,10,2,19,,311845,1,0,10,1,18,,311818,1,0,10,1,19,,311850,1,0,10,2,61,,311838,1,0,10,1,24,,311824,1,0,10,1,68,,311846,1,0,10,1,29,,311819,1,0,10,1,69,,311839,1,0,10,1,27,,311857,1,0,10,1,69,,311856,1,0,10,2,30,,311820,1,0,10,1,70,,311840,1,0,10,1,31,,311851,1,0,10,1,72,,311858,1,0,10,1,33,,311816,1,0,10,1,72,,311852,1,0,10,1,32,,311859,1,0,10,1,71,,311817,1,0,10,1
9002,'H56S200F-80-F2',608,,311865,1,0,10,1,28,,311891,1,0,10,1,69,,311869,1,0,10,1,29,,311897,1,0,10,1,73,,311866,1,0,10,1,33,,311870,1,0,10,1,69,,311878,1,0,10,1,29,,311898,1,0,10,1,71,,311899,1,0,10,1,30,,311871,1,0,10,1,71,,311874,1,0,10,2,31,,311886,1,0,10,1,71,,311879,1,0,10,1,28,,311872,1,0,10,1,70,,311875,1,0,10,2,24,,311887,1,0,10,1,25,,311892,1,0,10,2,64,,311880,1,0,10,1,20,,311873,1,0,10,1,60,,311888,1,0,10,1,20,,311876,1,0,10,2,19,,311885,1,0,10,1,62,,311893,1,0,10,2,22,,311881,1,0,10,1,17,,311867,1,0,10,1,58,,311877,1,0,10,2,19,,311889,1,0,10,1,18,,311862,1,0,10,1,19,,311894,1,0,10,2,61,,311882,1,0,10,1,24,,311868,1,0,10,1,68,,311890,1,0,10,1,29,,311863,1,0,10,1,69,,311883,1,0,10,1,27,,311901,1,0,10,1,69,,311900,1,0,10,2,30,,311864,1,0,10,1,70,,311884,1,0,10,1,31,,311895,1,0,10,1,72,,311902,1,0,10,1,33,,311860,1,0,10,1,72,,311896,1,0,10,1,32,,311903,1,0,10,1,71,,311861,1,0,10,1
35002,'H56S000A-80-A',2524,,345988,25,0,10,1,81,,345997,25,0,10,1,27,,346000,25,0,10,1,17,,346002,25,0,10,2,51,,345995,25,0,10,1,10,,345994,25,0,10,2,10,,345992,25,0,10,1,10,,345993,25,0,10,1,10,,345989,25,0,10,1,10,,345990,25,0,10,2,51,,345999,25,0,10,2,10,,345996,25,0,10,1,10,,345998,25,0,10,1,10,,345991,25,0,10,1,14,,346001,25,0,10,1
35002,'H56S000I-80-I',2517,,346008,25,0,10,1,28,,346003,25,0,10,1,66,,346005,25,0,10,1,27,,346010,25,0,10,2,67,,346007,25,0,10,1,26,,346009,25,0,10,1,26,,346004,25,0,10,2,66,,346006,25,0,10,1
35002,'H56S000S-82-S',2521,,346012,25,0,10,1,85,,346016,25,0,10,2,52,,346015,25,0,10,1,86,,346013,25,0,10,1,69,,346014,25,0,10,1,15,,346011,25,0,10,1
35002,'H56S100F-80-F1',2517,,346022,25,0,10,1,28,,346017,25,0,10,1,66,,346019,25,0,10,1,27,,346024,25,0,10,2,67,,346021,25,0,10,1,26,,346023,25,0,10,1,26,,346018,25,0,10,2,66,,346020,25,0,10,1
35002,'H56S200F-80-F2',2517,,346030,25,0,10,1,28,,346025,25,0,10,1,66,,346027,25,0,10,1,27,,346032,25,0,10,2,67,,346029,25,0,10,1,26,,346031,25,0,10,1,26,,346026,25,0,10,2,66,,346028,25,0,10,1
35401,'H56S000A-80-A',2615,,346083,23,4,,1,85,,346086,23,4,,2,45,,346084,23,4,,1,85,,346085,23,4,,1,85,,346082,23,4,,1
35401,'H56S000I-80-I',2615,,346090,23,4,,2,85,,346087,23,4,,1,46,,346089,23,4,,1,85,,346091,23,4,,2,84,,346088,23,4,,1
35401,'H56S000S-82-S',2614,,346094,23,4,,1,87,,346096,23,4,,2,46,,346093,23,4,,1,86,,346095,23,4,,1,85,,346092,23,4,,1
35401,'H56S100F-80-F1',2615,,346100,23,4,,2,85,,346097,23,4,,1,46,,346099,23,4,,1,85,,346101,23,4,,2,84,,346098,23,4,,1
35401,'H56S200F-80-F2',2615,,346105,23,4,,2,85,,346102,23,4,,1,46,,346104,23,4,,1,85,,346106,23,4,,2,84,,346103,23,4,,1
35402,'H56S000A-80-A',2546,,346110,1,0,10,1,73,,346111,1,0,10,1,26,,346109,1,0,10,1,70,,346108,1,0,10,1,85,,346107,1,0,10,1,45,,346112,1,0,10,1
35402,'H56S000I-80-I',2545,,346114,1,0,10,1,85,,346116,1,0,10,2,85,,346113,1,0,10,1,85,,346115,1,0,10,1,45,,346117,1,0,10,2
35402,'H56S000S-82-S',2548,,346119,1,0,10,1,86,,346121,1,0,10,1,85,,346118,1,0,10,1,86,,346120,1,0,10,1,46,,346122,1,0,10,1
35402,'H56S100F-80-F1',2545,,346124,1,0,10,1,85,,346126,1,0,10,2,85,,346123,1,0,10,1,85,,346125,1,0,10,1,45,,346127,1,0,10,2
35402,'H56S200F-80-F2',2545,,346129,1,0,10,1,85,,346131,1,0,10,2,85,,346128,1,0,10,1,85,,346130,1,0,10,1,45,,346132,1,0,10,2
