1703,'H56S000S-82-S',538,,289684,32,0,8,1,65,,289685,32,0,8,1
1703,'H60S000A-80-A',514,,289686,32,0,8,1,86,,289698,32,0,8,1,35,,289687,32,0,8,1,84,,289699,32,0,8,1,37,,289688,32,0,8,1,85,,289700,32,0,8,1,88,,289689,32,0,8,1,85,,289701,32,0,8,1,39,,289707,32,0,8,1,85,,289690,32,0,8,1,84,,289702,32,0,8,1,83,,289708,32,0,8,1,41,,289691,32,0,8,1,82,,289703,32,0,8,1,81,,289709,32,0,8,1,41,,289692,32,0,8,1,80,,289704,32,0,8,1,80,,289710,32,0,8,1,39,,289693,32,0,8,1,76,,289705,32,0,8,1,78,,289711,32,0,8,1,38,,289694,32,0,8,1,75,,289706,32,0,8,1,33,,289712,32,0,8,1,85,,289695,32,0,8,1,81,,289713,32,0,8,1,43,,289696,32,0,8,1,81,,289714,32,0,8,1,82,,289697,32,0,8,1,81,,289715,32,0,8,1
1703,'H60S000I-81-I',520,,289745,32,0,8,1,30,,289724,32,0,8,1,74,,289716,32,0,8,1,84,,289725,32,0,8,1,35,,289717,32,0,8,1,84,,289726,32,0,8,1,81,,289718,32,0,8,1,45,,289727,32,0,8,1,83,,289719,32,0,8,1,85,,289728,32,0,8,1,85,,289720,32,0,8,1,36,,289737,32,0,8,1,80,,289729,32,0,8,1,80,,289721,32,0,8,1,40,,289738,32,0,8,1,80,,289730,32,0,8,1,80,,289722,32,0,8,1,41,,289739,32,0,8,1,82,,289731,32,0,8,1,82,,289723,32,0,8,1,38,,289740,32,0,8,1,84,,289732,32,0,8,1,82,,289741,32,0,8,1,44,,289733,32,0,8,1,81,,289742,32,0,8,1,83,,289734,32,0,8,1,82,,289743,32,0,8,1,42,,289735,32,0,8,1,80,,289744,32,0,8,1,82,,289736,32,0,8,1
1703,'H60S000S-83-S',517,,289750,32,0,8,1,16,,289749,15,0,8,1,15,,289746,32,0,8,1,72,,289760,32,0,8,1,34,,289751,32,0,8,1,79,,289747,32,0,8,1,75,,289761,32,0,8,1,33,,289771,32,0,8,1,73,,289752,32,0,8,1,33,,289748,32,0,8,1,70,,289762,32,0,8,1,35,,289772,32,0,8,1,75,,289753,32,0,8,1,75,,289763,32,0,8,1,38,,289773,32,0,8,1,77,,289754,32,0,8,1,37,,289764,32,0,8,1,78,,289777,32,0,8,1,72,,289774,32,0,8,1,29,,289755,32,0,8,1,72,,289765,32,0,8,1,33,,289778,32,0,8,1,72,,289775,32,0,8,1,29,,289756,32,0,8,1,69,,289766,32,0,8,1,32,,289779,32,0,8,1,67,,289776,32,0,8,1,24,,289757,32,0,8,1,69,,289767,32,0,8,1,30,,289780,32,0,8,1,70,,289758,32,0,8,1,31,,289768,32,0,8,1,70,,289781,32,0,8,1,30,,289759,32,0,8,1,72,,289769,32,0,8,1,37,,289782,32,0,8,1,84,,289770,32,0,8,1,76,,289783,32,0,8,1
1703,'H60S100F-80-F1',520,,289813,32,0,8,1,30,,289792,32,0,8,1,74,,289784,32,0,8,1,84,,289793,32,0,8,1,35,,289785,32,0,8,1,84,,289794,32,0,8,1,81,,289786,32,0,8,1,45,,289795,32,0,8,1,83,,289787,32,0,8,1,85,,289796,32,0,8,1,85,,289788,32,0,8,1,36,,289805,32,0,8,1,80,,289797,32,0,8,1,80,,289789,32,0,8,1,40,,289806,32,0,8,1,80,,289798,32,0,8,1,80,,289790,32,0,8,1,41,,289807,32,0,8,1,82,,289799,32,0,8,1,82,,289791,32,0,8,1,38,,289808,32,0,8,1,84,,289800,32,0,8,1,82,,289809,32,0,8,1,44,,289801,32,0,8,1,81,,289810,32,0,8,1,83,,289802,32,0,8,1,82,,289811,32,0,8,1,42,,289803,32,0,8,1,80,,289812,32,0,8,1,82,,289804,32,0,8,1
1703,'H60S200F-80-F2',520,,289843,32,0,8,1,30,,289822,32,0,8,1,74,,289814,32,0,8,1,84,,289823,32,0,8,1,35,,289815,32,0,8,1,84,,289824,32,0,8,1,81,,289816,32,0,8,1,45,,289825,32,0,8,1,83,,289817,32,0,8,1,85,,289826,32,0,8,1,85,,289818,32,0,8,1,36,,289835,32,0,8,1,80,,289827,32,0,8,1,80,,289819,32,0,8,1,40,,289836,32,0,8,1,80,,289828,32,0,8,1,80,,289820,32,0,8,1,41,,289837,32,0,8,1,82,,289829,32,0,8,1,82,,289821,32,0,8,1,38,,289838,32,0,8,1,84,,289830,32,0,8,1,82,,289839,32,0,8,1,44,,289831,32,0,8,1,81,,289840,32,0,8,1,83,,289832,32,0,8,1,82,,289841,32,0,8,1,42,,289833,32,0,8,1,80,,289842,32,0,8,1,82,,289834,32,0,8,1
10001,'H50S000A-82-A',528,,314485,24,0,5,1,30,,314501,24,0,5,2,71,,314458,24,0,5,1,73,,314486,24,0,5,1,34,,314490,24,0,5,2,67,,314459,24,0,5,1,27,,314487,24,0,5,1,27,,314471,24,0,5,2,70,,314491,24,0,5,2,29,,314488,24,0,5,1,67,,314472,24,0,5,2,30,,314460,24,0,5,1,70,,314489,24,0,5,1,30,,314473,24,0,5,2,70,,314492,24,0,5,2,30,,314461,24,0,5,1,70,,314474,24,0,5,2,28,,314464,24,0,5,2,67,,314493,24,0,5,2,24,,314462,24,0,5,1,62,,314475,24,0,5,2,19,,314477,24,0,5,1,14,,314494,24,0,5,1,2,,314465,24,0,5,2,17,,314455,24,0,5,2,59,,314463,24,0,5,1,17,,314478,24,0,5,1,15,,314476,24,0,5,2,55,,314466,24,0,5,2,14,,314495,24,0,5,1,24,,314456,24,0,5,2,68,,314479,24,0,5,1,27,,314467,24,0,5,2,68,,314496,24,0,5,1,30,,314480,24,0,5,1,69,,314468,24,0,5,2,29,,314497,24,0,5,2,28,,314481,24,0,5,1,68,,314469,24,0,5,2,27,,314498,24,0,5,2,73,,314482,24,0,5,1,73,,314470,24,0,5,2,32,,314499,24,0,5,2,24,,314483,24,0,5,1,69,,314457,24,0,5,2,34,,314500,24,0,5,2,78,,314484,24,0,5,1
10001,'H50S000I-82-I',638,,314535,24,0,5,2,69,,314505,24,0,5,1,28,,314518,24,0,5,2,73,,314536,24,0,5,2,33,,314506,24,0,5,1,73,,314519,24,0,5,2,28,,314537,24,0,5,2,69,,314507,24,0,5,1,28,,314520,24,0,5,2,71,,314538,24,0,5,2,31,,314508,24,0,5,1,70,,314521,24,0,5,2,33,,314539,24,0,5,2,73,,314509,24,0,5,1,32,,314522,24,0,5,2,71,,314540,24,0,5,2,29,,314510,24,0,5,1,67,,314503,24,0,5,1,19,,314542,24,0,5,1,3,,314502,24,0,5,1,10,,314523,24,0,5,2,53,,314541,24,0,5,2,16,,314511,24,0,5,1,16,,314529,24,0,5,2,18,,314504,24,0,5,1,62,,314524,24,0,5,2,19,,314543,24,0,5,2,20,,314512,24,0,5,1,64,,314530,24,0,5,2,30,,314525,24,0,5,2,70,,314513,24,0,5,1,30,,314531,24,0,5,2,70,,314526,24,0,5,2,30,,314514,24,0,5,1,70,,314532,24,0,5,2,30,,314527,24,0,5,2,70,,314515,24,0,5,1,29,,314533,24,0,5,2,70,,314544,24,0,5,1,20,,314528,24,0,5,2,24,,314516,24,0,5,1,70,,314534,24,0,5,2,73,,314545,24,0,5,1,35,,314517,24,0,5,1
10001,'H50S000S-82-S',528,,314595,24,0,5,1,73,,314547,24,0,5,1,34,,314546,24,0,5,1,72,,314554,24,0,5,2,30,,314548,24,0,5,1,69,,314559,24,0,5,2,99,,314568,24,0,5,2,28,,314569,24,0,5,1,67,,314549,24,0,5,1,33,,314564,24,0,5,1,73,,314570,24,0,5,1,26,,314550,24,0,5,1,70,,314560,24,0,5,2,30,,314565,24,0,5,1,70,,314571,24,0,5,1,28,,314551,24,0,5,1,24,,314561,24,0,5,2,60,,314573,24,0,5,1,18,,314566,24,0,5,1,11,,314572,24,0,5,1,16,,314555,24,0,5,1,56,,314552,24,0,5,1,14,,314575,24,0,5,1,9,,314562,24,0,5,2,11,,314590,24,0,5,1,51,,314574,24,0,5,1,11,,314579,24,0,5,1,11,,314578,24,0,5,2,11,,314567,24,0,5,1,16,,314576,24,0,5,1,55,,314553,24,0,5,1,17,,314556,24,0,5,1,19,,314563,24,0,5,2,13,,314584,24,0,5,1,61,,314580,24,0,5,1,28,,314577,24,0,5,1,68,,314557,24,0,5,1,28,,314585,24,0,5,1,69,,314581,24,0,5,1,29,,314558,24,0,5,1,69,,314586,24,0,5,1,29,,314582,24,0,5,1,68,,314591,24,0,5,1,28,,314587,24,0,5,1,21,,314588,24,0,5,1,57,,314583,24,0,5,1,15,,314596,24,0,5,1,15,,314592,24,0,5,1,19,,314593,24,0,5,1,73,,314589,24,0,5,1,73,,314597,24,0,5,1,32,,314594,24,0,5,1
10001,'H50S100F-80-F1',638,,314631,24,0,5,2,69,,314601,24,0,5,1,28,,314614,24,0,5,2,73,,314632,24,0,5,2,33,,314602,24,0,5,1,73,,314615,24,0,5,2,28,,314633,24,0,5,2,69,,314603,24,0,5,1,28,,314616,24,0,5,2,71,,314634,24,0,5,2,31,,314604,24,0,5,1,70,,314617,24,0,5,2,33,,314635,24,0,5,2,73,,314605,24,0,5,1,32,,314618,24,0,5,2,71,,314636,24,0,5,2,29,,314606,24,0,5,1,67,,314599,24,0,5,1,19,,314638,24,0,5,1,3,,314598,24,0,5,1,10,,314619,24,0,5,2,53,,314637,24,0,5,2,16,,314607,24,0,5,1,16,,314625,24,0,5,2,18,,314600,24,0,5,1,62,,314620,24,0,5,2,19,,314639,24,0,5,2,20,,314608,24,0,5,1,64,,314626,24,0,5,2,30,,314621,24,0,5,2,70,,314609,24,0,5,1,30,,314627,24,0,5,2,70,,314622,24,0,5,2,30,,314610,24,0,5,1,70,,314628,24,0,5,2,30,,314623,24,0,5,2,70,,314611,24,0,5,1,29,,314629,24,0,5,2,70,,314640,24,0,5,1,20,,314624,24,0,5,2,24,,314612,24,0,5,1,70,,314630,24,0,5,2,73,,314641,24,0,5,1,35,,314613,24,0,5,1
10001,'H50S200F-80-F2',638,,314675,24,0,5,2,69,,314645,24,0,5,1,28,,314658,24,0,5,2,73,,314676,24,0,5,2,33,,314646,24,0,5,1,73,,314659,24,0,5,2,28,,314677,24,0,5,2,69,,314647,24,0,5,1,28,,314660,24,0,5,2,71,,314678,24,0,5,2,31,,314648,24,0,5,1,70,,314661,24,0,5,2,33,,314679,24,0,5,2,73,,314649,24,0,5,1,32,,314662,24,0,5,2,71,,314680,24,0,5,2,29,,314650,24,0,5,1,67,,314643,24,0,5,1,19,,314682,24,0,5,1,3,,314642,24,0,5,1,10,,314663,24,0,5,2,53,,314681,24,0,5,2,16,,314651,24,0,5,1,16,,314669,24,0,5,2,18,,314644,24,0,5,1,62,,314664,24,0,5,2,19,,314683,24,0,5,2,20,,314652,24,0,5,1,64,,314670,24,0,5,2,30,,314665,24,0,5,2,70,,314653,24,0,5,1,30,,314671,24,0,5,2,70,,314666,24,0,5,2,30,,314654,24,0,5,1,70,,314672,24,0,5,2,30,,314667,24,0,5,2,70,,314655,24,0,5,1,29,,314673,24,0,5,2,70,,314684,24,0,5,1,20,,314668,24,0,5,2,24,,314656,24,0,5,1,70,,314674,24,0,5,2,73,,314685,24,0,5,1,35,,314657,24,0,5,1
10001,'H58S000S-83-S',835,,314686,24,0,5,2
36802,'H57S000A-80-A',2644,,346929,69,0,10,1,59,,346927,69,0,10,1,19,,346925,69,0,10,1,30,,346931,69,0,10,1,70,,346926,69,0,10,2,37,,346930,69,0,10,1,80,,346928,69,0,10,1
36802,'H57S000I-80-I',2639,,346935,69,0,10,1,85,,346932,69,0,10,1,82,,346933,69,0,10,1,51,,346934,69,0,10,1,86,,346936,69,0,10,1
36802,'H57S000S-80-S',2639,,346940,69,0,10,1,81,,346938,69,0,10,1,94,,346937,69,0,10,1,96,,346939,69,0,10,1,37,,346941,69,0,10,1
36802,'H57S100F-80-F1',2639,,346945,69,0,10,1,85,,346942,69,0,10,1,82,,346943,69,0,10,1,51,,346944,69,0,10,1,86,,346946,69,0,10,1
36802,'H57S200F-80-F2',2639,,346950,69,0,10,1,85,,346947,69,0,10,1,82,,346948,69,0,10,1,51,,346949,69,0,10,1,86,,346951,69,0,10,1
