12303,'H56S000A-80-A',553,,321709,3,0,8,1,73,,321690,3,0,8,1,32,,321710,3,0,8,1,71,,321691,3,0,8,1,73,,321711,3,0,8,1,33,,321692,3,0,8,1,73,,321712,3,0,8,1,33,,321693,3,0,8,1,71,,321713,3,0,8,1,33,,321694,3,0,8,1,72,,321714,3,0,8,1,32,,321695,3,0,8,1,73,,321715,3,0,8,1,33,,321696,3,0,8,1,69,,321701,3,0,8,1,28,,321716,3,0,8,1,68,,321697,3,0,8,1,28,,321702,3,0,8,1,67,,321717,3,0,8,1,28,,321698,3,0,8,1,70,,321703,3,0,8,1,30,,321718,3,0,8,1,69,,321699,3,0,8,1,29,,321704,3,0,8,1,69,,321719,3,0,8,1,29,,321700,3,0,8,1,69,,321705,3,0,8,1,30,,321720,3,0,8,1,71,,321706,3,0,8,1,32,,321721,3,0,8,1,72,,321707,3,0,8,1,33,,321722,3,0,8,1,73,,321708,3,0,8,1,33,,321723,3,0,8,1,72,,321725,3,0,8,1,31,,321724,3,0,8,1
12303,'H56S000I-80-I',553,,321743,3,0,8,1,71,,321726,3,0,8,1,32,,321744,3,0,8,1,72,,321727,3,0,8,1,31,,321745,3,0,8,1,73,,321728,3,0,8,1,73,,321746,3,0,8,1,33,,321729,3,0,8,1,74,,321747,3,0,8,1,34,,321730,3,0,8,1,74,,321748,3,0,8,1,35,,321731,3,0,8,1,74,,321749,3,0,8,1,76,,321732,3,0,8,1,36,,321750,3,0,8,1,76,,321733,3,0,8,1,36,,321751,3,0,8,1,76,,321734,3,0,8,1,75,,321752,3,0,8,1,35,,321735,3,0,8,1,75,,321753,3,0,8,1,35,,321736,3,0,8,1,72,,321754,3,0,8,1,35,,321737,3,0,8,1,73,,321755,3,0,8,1,74,,321738,3,0,8,1,32,,321756,3,0,8,1,73,,321739,3,0,8,1,32,,321757,3,0,8,1,73,,321740,3,0,8,1,32,,321758,3,0,8,1,72,,321741,3,0,8,1,32,,321759,3,0,8,1,70,,321742,3,0,8,1
12303,'H56S000S-82-S',532,,321768,3,0,8,1,74,,321775,3,0,8,1,33,,321769,3,0,8,1,65,,321797,3,0,8,2,21,,321776,3,0,8,1,20,,321792,3,0,8,2,60,,321770,3,0,8,1,31,,321772,3,0,8,1,69,,321777,3,0,8,1,31,,321771,3,0,8,1,71,,321773,3,0,8,1,31,,321778,3,0,8,1,71,,321793,3,0,8,1,32,,321760,3,0,8,1,71,,321780,3,0,8,1,31,,321781,3,0,8,1,71,,321774,3,0,8,1,33,,321779,3,0,8,1,73,,321794,3,0,8,1,32,,321782,3,0,8,2,72,,321786,3,0,8,2,31,,321795,3,0,8,1,73,,321783,3,0,8,2,72,,321787,3,0,8,2,31,,321796,3,0,8,1,71,,321784,3,0,8,2,31,,321788,3,0,8,2,71,,321763,3,0,8,1,30,,321785,3,0,8,2,71,,321789,3,0,8,2,31,,321764,3,0,8,1,70,,321761,3,0,8,2,30,,321790,3,0,8,2,70,,321765,3,0,8,1,30,,321762,3,0,8,2,70,,321791,3,0,8,2,29,,321766,3,0,8,1,70,,321767,3,0,8,2
12303,'H56S100F-80-F1',553,,321815,3,0,8,1,71,,321798,3,0,8,1,32,,321816,3,0,8,1,72,,321799,3,0,8,1,31,,321817,3,0,8,1,73,,321800,3,0,8,1,73,,321818,3,0,8,1,33,,321801,3,0,8,1,74,,321819,3,0,8,1,34,,321802,3,0,8,1,74,,321820,3,0,8,1,35,,321803,3,0,8,1,74,,321821,3,0,8,1,76,,321804,3,0,8,1,36,,321822,3,0,8,1,76,,321805,3,0,8,1,36,,321823,3,0,8,1,76,,321806,3,0,8,1,75,,321824,3,0,8,1,35,,321807,3,0,8,1,75,,321825,3,0,8,1,35,,321808,3,0,8,1,72,,321826,3,0,8,1,35,,321809,3,0,8,1,73,,321827,3,0,8,1,74,,321810,3,0,8,1,32,,321828,3,0,8,1,73,,321811,3,0,8,1,32,,321829,3,0,8,1,73,,321812,3,0,8,1,32,,321830,3,0,8,1,72,,321813,3,0,8,1,32,,321831,3,0,8,1,70,,321814,3,0,8,1
12303,'H56S200F-80-F2',553,,321849,3,0,8,1,71,,321832,3,0,8,1,32,,321850,3,0,8,1,72,,321833,3,0,8,1,31,,321851,3,0,8,1,73,,321834,3,0,8,1,73,,321852,3,0,8,1,33,,321835,3,0,8,1,74,,321853,3,0,8,1,34,,321836,3,0,8,1,74,,321854,3,0,8,1,35,,321837,3,0,8,1,74,,321855,3,0,8,1,76,,321838,3,0,8,1,36,,321856,3,0,8,1,76,,321839,3,0,8,1,36,,321857,3,0,8,1,76,,321840,3,0,8,1,75,,321858,3,0,8,1,35,,321841,3,0,8,1,75,,321859,3,0,8,1,35,,321842,3,0,8,1,72,,321860,3,0,8,1,35,,321843,3,0,8,1,73,,321861,3,0,8,1,74,,321844,3,0,8,1,32,,321862,3,0,8,1,73,,321845,3,0,8,1,32,,321863,3,0,8,1,73,,321846,3,0,8,1,32,,321864,3,0,8,1,72,,321847,3,0,8,1,32,,321865,3,0,8,1,70,,321848,3,0,8,1
35001,'H56S000A-80-A',2512,,345964,24,0,5,1,94,,345966,24,0,5,1,94,,345963,24,0,5,1,43,,345965,24,0,5,1,84,,345967,24,0,5,2
35001,'H56S000I-80-I',2512,,345971,24,0,5,1,89,,345970,24,0,5,2,47,,345969,24,0,5,1,84,,345968,24,0,5,1,87,,345972,24,0,5,2
35001,'H56S000S-82-S',2511,,345976,24,0,5,2,47,,345975,24,0,5,1,88,,345973,24,0,5,2,85,,345974,24,0,5,1,88,,345977,24,0,5,1
35001,'H56S100F-80-F1',2512,,345981,24,0,5,1,89,,345980,24,0,5,2,47,,345979,24,0,5,1,84,,345978,24,0,5,1,87,,345982,24,0,5,2
35001,'H56S200F-80-F2',2512,,345986,24,0,5,1,89,,345985,24,0,5,2,47,,345984,24,0,5,1,84,,345983,24,0,5,1,87,,345987,24,0,5,2
