5503,'H50S000S-82-S',532,,302644,2,0,8,1,769,,302645,2,0,8,2
5503,'H57S000S-80-S',1412,,302646,2,0,8,1
5503,'H58S000A-80-A',503,,302649,2,0,8,2,28,,302666,2,0,8,1,70,,302662,2,0,8,1,30,,302670,2,0,8,1,70,,302652,2,0,8,1,30,,302687,2,0,8,1,70,,302674,2,0,8,2,31,,302682,2,0,8,1,70,,302653,2,0,8,1,31,,302688,2,0,8,1,70,,302675,2,0,8,2,30,,302683,2,0,8,1,22,,302703,2,0,8,1,54,,302654,2,0,8,1,13,,302706,2,0,8,1,12,,302693,2,0,8,1,14,,302689,2,0,8,1,54,,302709,2,0,8,2,13,,302696,2,0,8,1,13,,302658,2,0,8,1,11,,302717,2,0,8,2,10,,302684,2,0,8,1,51,,302677,2,0,8,1,9,,302720,2,0,8,2,9,,302704,2,0,8,1,8,,302726,2,0,8,1,9,,302655,2,0,8,1,8,,302707,2,0,8,1,9,,302694,2,0,8,1,48,,302733,2,0,8,2,8,,302667,2,0,8,1,8,,302690,2,0,8,1,8,,302710,2,0,8,2,9,,302713,2,0,8,1,8,,302735,2,0,8,2,8,,302697,2,0,8,1,8,,302659,2,0,8,1,49,,302718,2,0,8,2,9,,302685,2,0,8,1,9,,302678,2,0,8,1,7,,302708,2,0,8,1,7,,302721,2,0,8,2,8,,302705,2,0,8,1,9,,302727,2,0,8,1,50,,302656,2,0,8,1,8,,302695,2,0,8,1,7,,302663,2,0,8,1,7,,302734,2,0,8,2,7,,302668,2,0,8,1,7,,302691,2,0,8,1,8,,302701,2,0,8,1,6,,302711,2,0,8,2,46,,302686,2,0,8,1,5,,302714,2,0,8,1,6,,302698,2,0,8,1,7,,302676,2,0,8,1,7,,302660,2,0,8,1,6,,302719,2,0,8,2,5,,302736,2,0,8,1,8,,302679,2,0,8,1,8,,302680,2,0,8,1,49,,302722,2,0,8,2,8,,302723,2,0,8,1,8,,302728,2,0,8,1,9,,302672,2,0,8,1,10,,302657,2,0,8,1,10,,302664,2,0,8,1,8,,302699,2,0,8,1,48,,302692,2,0,8,1,8,,302712,2,0,8,2,10,,302665,2,0,8,1,10,,302715,2,0,8,1,10,,302661,2,0,8,1,9,,302737,2,0,8,1,50,,302729,2,0,8,1,11,,302681,2,0,8,1,12,,302724,2,0,8,1,12,,302673,2,0,8,1,12,,302671,2,0,8,2,12,,302650,2,0,8,1,52,,302700,2,0,8,1,13,,302738,2,0,8,1,13,,302716,2,0,8,1,12,,302731,2,0,8,1,54,,302730,2,0,8,1,14,,302647,2,0,8,2,14,,302725,2,0,8,1,13,,302669,2,0,8,1,14,,302651,2,0,8,1,54,,302702,2,0,8,2,18,,302739,2,0,8,1,21,,302732,2,0,8,1,66,,302648,2,0,8,2
5503,'H58S000I-80-I',507,,302741,2,0,8,1,32,,302753,2,0,8,1,72,,302745,2,0,8,1,32,,302765,2,0,8,2,70,,302767,2,0,8,1,27,,302754,2,0,8,1,67,,302746,2,0,8,1,27,,302760,2,0,8,1,67,,302768,2,0,8,1,30,,302755,2,0,8,1,70,,302780,2,0,8,1,21,,302747,2,0,8,1,21,,302761,2,0,8,1,62,,302769,2,0,8,1,18,,302773,2,0,8,1,17,,302756,2,0,8,1,17,,302787,2,0,8,1,57,,302781,2,0,8,1,14,,302742,2,0,8,2,13,,302748,2,0,8,1,13,,302762,2,0,8,1,52,,302790,2,0,8,1,10,,302785,2,0,8,2,10,,302770,2,0,8,1,10,,302792,2,0,8,1,10,,302774,2,0,8,1,10,,302757,2,0,8,1,50,,302798,2,0,8,1,10,,302788,2,0,8,1,10,,302784,2,0,8,1,10,,302782,2,0,8,1,10,,302743,2,0,8,2,10,,302749,2,0,8,1,49,,302771,2,0,8,1,8,,302763,2,0,8,1,8,,302800,2,0,8,2,8,,302791,2,0,8,1,9,,302775,2,0,8,1,8,,302786,2,0,8,2,8,,302793,2,0,8,1,47,,302801,2,0,8,2,8,,302758,2,0,8,1,8,,302766,2,0,8,2,8,,302799,2,0,8,1,8,,302744,2,0,8,2,8,,302789,2,0,8,1,7,,302805,2,0,8,1,7,,302783,2,0,8,1,50,,302809,2,0,8,2,10,,302750,2,0,8,1,8,,302772,2,0,8,1,9,,302764,2,0,8,1,11,,302740,2,0,8,1,10,,302776,2,0,8,1,49,,302752,2,0,8,1,10,,302794,2,0,8,1,13,,302797,2,0,8,2,13,,302759,2,0,8,1,13,,302802,2,0,8,2,59,,302806,2,0,8,1,22,,302751,2,0,8,1,23,,302777,2,0,8,1,65,,302795,2,0,8,1,28,,302803,2,0,8,2,70,,302807,2,0,8,1,30,,302778,2,0,8,1,70,,302796,2,0,8,1,30,,302804,2,0,8,2,70,,302808,2,0,8,1,30,,302779,2,0,8,1
5503,'H58S000S-83-S',510,,302816,2,0,8,1,47,,302817,2,0,8,1,67,,302834,2,0,8,1,78,,302815,2,0,8,1,14,,302842,2,0,8,1,14,,302823,2,0,8,1,11,,302851,2,0,8,1,17,,302833,2,0,8,2,53,,302818,2,0,8,1,13,,302811,2,0,8,1,14,,302841,2,0,8,1,16,,302835,2,0,8,1,57,,302843,2,0,8,1,20,,302847,2,0,8,1,20,,302824,2,0,8,1,60,,302852,2,0,8,1,18,,302819,2,0,8,1,18,,302812,2,0,8,1,57,,302836,2,0,8,1,19,,302844,2,0,8,1,19,,302848,2,0,8,1,60,,302825,2,0,8,1,18,,302856,2,0,8,1,15,,302853,2,0,8,1,13,,302820,2,0,8,1,66,,302813,2,0,8,1,13,,302837,2,0,8,1,13,,302860,2,0,8,2,11,,302845,2,0,8,1,51,,302861,2,0,8,1,21,,302849,2,0,8,1,10,,302826,2,0,8,1,10,,302863,2,0,8,1,10,,302857,2,0,8,1,49,,302864,2,0,8,1,9,,302840,2,0,8,2,9,,302821,2,0,8,1,9,,302873,2,0,8,2,9,,302814,2,0,8,1,10,,302877,2,0,8,2,10,,302838,2,0,8,1,50,,302885,2,0,8,2,11,,302846,2,0,8,1,10,,302876,2,0,8,2,10,,302878,2,0,8,1,10,,302862,2,0,8,1,8,,302850,2,0,8,1,48,,302884,2,0,8,1,7,,302827,2,0,8,1,7,,302868,2,0,8,1,9,,302858,2,0,8,1,8,,302810,2,0,8,1,8,,302865,2,0,8,1,8,,302875,2,0,8,2,49,,302822,2,0,8,1,10,,302882,2,0,8,2,10,,302859,2,0,8,1,8,,302874,2,0,8,2,9,,302886,2,0,8,1,10,,302831,2,0,8,1,52,,302870,2,0,8,2,13,,302879,2,0,8,1,14,,302839,2,0,8,1,14,,302828,2,0,8,1,13,,302869,2,0,8,2,54,,302866,2,0,8,1,14,,302883,2,0,8,2,19,,302871,2,0,8,1,60,,302832,2,0,8,1,20,,302880,2,0,8,1,22,,302854,2,0,8,1,59,,302829,2,0,8,1,19,,302867,2,0,8,1,19,,302830,2,0,8,2,17,,302872,2,0,8,1,66,,302881,2,0,8,1,25,,302855,2,0,8,1
5503,'H58S100F-80-F1',507,,302887,2,0,8,1,32,,302901,2,0,8,1,72,,302897,2,0,8,1,32,,302910,2,0,8,1,70,,302888,2,0,8,1,27,,302902,2,0,8,1,67,,302914,2,0,8,1,27,,302911,2,0,8,1,67,,302889,2,0,8,1,30,,302903,2,0,8,1,70,,302912,2,0,8,1,21,,302915,2,0,8,1,21,,302923,2,0,8,1,62,,302890,2,0,8,1,18,,302927,2,0,8,2,17,,302904,2,0,8,1,17,,302929,2,0,8,1,57,,302913,2,0,8,1,14,,302895,2,0,8,1,13,,302916,2,0,8,1,13,,302924,2,0,8,1,52,,302931,2,0,8,1,10,,302900,2,0,8,1,10,,302891,2,0,8,1,10,,302933,2,0,8,1,10,,302928,2,0,8,2,10,,302905,2,0,8,1,50,,302939,2,0,8,1,10,,302930,2,0,8,1,10,,302920,2,0,8,1,10,,302893,2,0,8,1,10,,302896,2,0,8,1,10,,302917,2,0,8,1,49,,302941,2,0,8,2,8,,302925,2,0,8,1,8,,302942,2,0,8,1,8,,302932,2,0,8,1,9,,302943,2,0,8,1,8,,302892,2,0,8,1,8,,302934,2,0,8,1,47,,302948,2,0,8,2,8,,302906,2,0,8,1,8,,302949,2,0,8,2,8,,302940,2,0,8,1,8,,302951,2,0,8,2,8,,302921,2,0,8,1,7,,302952,2,0,8,1,7,,302894,2,0,8,1,50,,302956,2,0,8,2,10,,302918,2,0,8,1,8,,302938,2,0,8,2,9,,302926,2,0,8,1,11,,302898,2,0,8,1,10,,302944,2,0,8,1,49,,302922,2,0,8,1,10,,302935,2,0,8,1,13,,302899,2,0,8,1,13,,302950,2,0,8,2,13,,302907,2,0,8,1,59,,302953,2,0,8,1,22,,302919,2,0,8,1,23,,302945,2,0,8,1,65,,302936,2,0,8,1,28,,302908,2,0,8,1,70,,302954,2,0,8,1,30,,302946,2,0,8,1,70,,302937,2,0,8,1,30,,302909,2,0,8,1,70,,302955,2,0,8,1,30,,302947,2,0,8,1
5503,'H58S200F-80-F2',507,,302992,2,0,8,1,32,,302998,2,0,8,1,72,,303023,2,0,8,1,32,,303004,2,0,8,1,70,,302993,2,0,8,1,27,,302999,2,0,8,1,67,,303008,2,0,8,1,27,,303005,2,0,8,1,67,,302994,2,0,8,1,30,,303000,2,0,8,1,70,,303006,2,0,8,1,21,,303009,2,0,8,1,21,,303014,2,0,8,1,62,,302995,2,0,8,1,18,,302957,2,0,8,2,17,,303001,2,0,8,1,17,,302959,2,0,8,1,57,,303007,2,0,8,1,14,,302974,2,0,8,1,13,,303010,2,0,8,1,13,,303015,2,0,8,1,52,,303018,2,0,8,1,10,,303024,2,0,8,1,10,,302996,2,0,8,1,10,,302978,2,0,8,1,10,,302958,2,0,8,2,10,,303002,2,0,8,1,50,,302976,2,0,8,1,10,,302960,2,0,8,1,10,,302966,2,0,8,1,10,,302972,2,0,8,1,10,,302975,2,0,8,1,10,,303011,2,0,8,1,49,,303025,2,0,8,2,8,,303016,2,0,8,1,8,,302970,2,0,8,1,8,,303019,2,0,8,1,9,,302983,2,0,8,1,8,,302997,2,0,8,1,8,,302979,2,0,8,1,47,,303022,2,0,8,2,8,,303003,2,0,8,1,8,,303020,2,0,8,2,8,,302977,2,0,8,1,8,,302971,2,0,8,2,8,,302967,2,0,8,1,7,,302988,2,0,8,1,7,,302973,2,0,8,1,50,,302961,2,0,8,2,10,,303012,2,0,8,1,8,,303026,2,0,8,2,9,,303017,2,0,8,1,11,,302962,2,0,8,1,10,,302984,2,0,8,1,49,,302968,2,0,8,1,10,,302980,2,0,8,1,13,,302969,2,0,8,1,13,,303021,2,0,8,2,13,,302963,2,0,8,1,59,,302989,2,0,8,1,22,,303013,2,0,8,1,23,,302985,2,0,8,1,65,,302981,2,0,8,1,28,,302964,2,0,8,1,70,,302990,2,0,8,1,30,,302986,2,0,8,1,70,,302982,2,0,8,1,30,,302965,2,0,8,1,70,,302991,2,0,8,1,30,,302987,2,0,8,1
5503,'H60S000S-83-S',653,,303027,2,0,8,1
12903,'H51S000A-80-A',620,,323580,3,0,8,1,82,,323575,3,0,8,2,33,,323592,3,0,8,1,72,,323581,3,0,8,1,32,,323576,3,0,8,2,71,,323593,3,0,8,1,32,,323582,3,0,8,1,72,,323577,3,0,8,2,32,,323594,3,0,8,1,72,,323583,3,0,8,1,32,,323578,3,0,8,2,72,,323595,3,0,8,1,29,,323584,3,0,8,1,66,,323606,3,0,8,1,26,,323579,3,0,8,2,71,,323596,3,0,8,1,31,,323585,3,0,8,1,70,,323607,3,0,8,1,30,,323603,3,0,8,1,70,,323597,3,0,8,1,28,,323586,3,0,8,1,68,,323608,3,0,8,1,28,,323604,3,0,8,1,68,,323598,3,0,8,1,28,,323587,3,0,8,1,68,,323609,3,0,8,1,29,,323605,3,0,8,1,26,,323599,2,0,98,1,69,,323588,2,0,98,1,30,,323610,2,0,98,1,70,,323600,2,0,98,1,30,,323589,2,0,98,1,70,,323611,2,0,98,1,30,,323601,2,0,98,1,80,,323590,2,0,98,1,81,,323602,2,0,98,1,40,,323591,2,0,98,1
12903,'H51S000I-80-I',612,,323616,3,0,8,1,42,,323625,3,0,8,2,82,,323617,3,0,8,1,83,,323626,3,0,8,2,84,,323618,3,0,8,1,34,,323612,3,0,8,1,73,,323627,3,0,8,2,33,,323619,3,0,8,1,73,,323613,3,0,8,1,33,,323628,3,0,8,2,73,,323620,3,0,8,1,33,,323614,3,0,8,1,73,,323629,3,0,8,1,73,,323621,3,0,8,1,27,,323637,3,0,8,2,27,,323615,3,0,8,1,67,,323630,3,0,8,1,32,,323622,3,0,8,1,72,,323638,3,0,8,2,31,,323631,3,0,8,1,70,,323623,3,0,8,1,30,,323639,3,0,8,2,70,,323632,3,0,8,1,32,,323624,3,0,8,1,72,,323640,3,0,8,2,25,,323633,2,0,98,1,73,,323644,2,0,98,2,77,,323641,2,0,98,2,37,,323634,2,0,98,1,77,,323645,2,0,98,2,36,,323642,2,0,98,2,80,,323635,2,0,98,1,82,,323643,2,0,98,2,82,,323636,2,0,98,1
12903,'H51S000S-81-S',703,,323646,3,0,8,1,30,,323655,3,0,8,2,6,,323656,3,0,8,1,72,,323661,3,0,8,2,33,,323666,3,0,8,1,73,,323647,3,0,8,1,32,,323657,3,0,8,1,72,,323662,3,0,8,2,31,,323667,3,0,8,1,72,,323648,3,0,8,1,32,,323658,3,0,8,1,70,,323663,3,0,8,2,30,,323668,3,0,8,1,65,,323670,3,0,8,1,20,,323649,3,0,8,1,60,,323659,3,0,8,1,18,,323677,3,0,8,1,13,,323664,3,0,8,2,24,,323669,3,0,8,1,49,,323682,3,0,8,2,9,,323671,3,0,8,1,9,,323685,3,0,8,2,19,,323650,3,0,8,1,10,,323691,3,0,8,1,50,,323660,3,0,8,1,17,,323672,3,0,8,1,17,,323678,3,0,8,1,18,,323665,3,0,8,2,59,,323683,3,0,8,2,23,,323686,3,0,8,2,64,,323651,3,0,8,1,24,,323673,3,0,8,1,24,,323679,3,0,8,1,64,,323684,3,0,8,2,18,,323687,3,0,98,2,28,,323652,2,0,98,1,71,,323674,2,0,98,1,71,,323680,2,0,98,1,30,,323688,2,0,98,2,70,,323653,2,0,98,1,30,,323675,2,0,98,1,70,,323681,2,0,98,1,30,,323689,2,0,98,2,70,,323654,2,0,98,1,30,,323676,2,0,98,1,71,,323690,2,0,98,2
12903,'H51S100F-80-F1',612,,323692,3,0,8,1,42,,323701,3,0,8,2,82,,323693,3,0,8,1,83,,323702,3,0,8,2,84,,323694,3,0,8,1,34,,323712,3,0,8,1,73,,323703,3,0,8,2,33,,323695,3,0,8,1,73,,323713,3,0,8,1,33,,323704,3,0,8,2,73,,323696,3,0,8,1,33,,323714,3,0,8,1,73,,323716,3,0,8,1,73,,323697,3,0,8,1,27,,323705,3,0,8,2,27,,323715,3,0,8,1,67,,323717,3,0,8,1,32,,323698,3,0,8,1,72,,323706,3,0,8,2,31,,323718,3,0,8,1,70,,323699,3,0,8,1,30,,323707,3,0,8,2,70,,323719,3,0,8,1,32,,323700,3,0,8,1,72,,323708,3,0,8,2,25,,323720,2,0,98,1,73,,323724,2,0,98,2,77,,323709,2,0,98,2,37,,323721,2,0,98,1,77,,323725,2,0,98,2,36,,323710,2,0,98,2,80,,323722,2,0,98,1,82,,323711,2,0,98,2,82,,323723,2,0,98,1
12903,'H51S200F-80-F2',612,,323726,3,0,8,1,42,,323735,3,0,8,2,82,,323727,3,0,8,1,83,,323736,3,0,8,2,84,,323728,3,0,8,1,34,,323746,3,0,8,1,73,,323737,3,0,8,2,33,,323729,3,0,8,1,73,,323747,3,0,8,1,33,,323738,3,0,8,2,73,,323730,3,0,8,1,33,,323748,3,0,8,1,73,,323750,3,0,8,1,73,,323731,3,0,8,1,27,,323739,3,0,8,2,27,,323749,3,0,8,1,67,,323751,3,0,8,1,32,,323732,3,0,8,1,72,,323740,3,0,8,2,31,,323752,3,0,8,1,70,,323733,3,0,8,1,30,,323741,3,0,8,2,70,,323753,3,0,8,1,32,,323734,3,0,8,1,72,,323742,3,0,8,2,25,,323754,2,0,98,1,73,,323758,2,0,98,2,77,,323743,2,0,98,2,37,,323755,2,0,98,1,77,,323759,2,0,98,2,36,,323744,2,0,98,2,80,,323756,2,0,98,1,82,,323745,2,0,98,2,82,,323757,2,0,98,1
12903,'H57S000S-80-S',1444,,323760,3,0,8,1,88,,323761,3,0,8,2
12903,'H59S000S-80-S',602,,323762,3,0,8,1,30,,323763,3,0,8,2
36303,'H51S000A-80-A',2433,,346717,4,0,8,1,25,,346705,4,0,8,2,62,,346710,4,0,8,1,20,,346706,4,0,8,1,9,,346708,4,0,8,1,9,,346713,4,0,8,1,49,,346714,4,0,8,1,9,,346721,4,0,8,2,10,,346720,4,0,8,2,10,,346718,4,0,8,1,9,,346709,4,0,8,1,9,,346711,4,0,8,1,49,,346719,4,0,8,1,8,,346716,4,0,8,1,11,,346707,4,0,8,1,12,,346715,4,0,8,1,21,,346722,4,0,8,2,65,,346712,4,0,8,1,27,,346723,4,0,8,2
36303,'H51S000I-80-I',2415,,346727,4,0,8,2,87,,346724,4,0,8,1,45,,346728,4,0,8,2,85,,346725,4,0,8,1,85,,346729,4,0,8,2,85,,346726,4,0,8,1,45,,346730,4,0,8,2
36303,'H51S000S-81-S',2415,,346734,4,0,8,2,87,,346731,4,0,8,1,47,,346735,4,0,8,2,83,,346732,4,0,8,1,86,,346736,4,0,8,2,83,,346733,4,0,8,1,46,,346737,4,0,8,2
36303,'H51S000S-81-SV',2617,,346738,4,0,8,2,30,,346739,4,0,8,2,55,,346740,4,0,8,2
36303,'H51S100F-80-F1',2415,,346744,4,0,8,2,87,,346743,4,0,8,1,45,,346745,4,0,8,2,85,,346741,4,0,8,1,85,,346746,4,0,8,2,85,,346742,4,0,8,1,45,,346747,4,0,8,2
36303,'H51S200F-80-F2',2415,,346751,4,0,8,2,87,,346750,4,0,8,1,45,,346752,4,0,8,2,85,,346748,4,0,8,1,85,,346753,4,0,8,2,85,,346749,4,0,8,1,45,,346754,4,0,8,2
