3304,'H50S000S-82-S',934,,295154,2,0,9,1
3304,'H54S000A-80-A',437,,295156,2,0,106,1,67,,295162,2,0,106,1,28,,295175,2,0,106,1,69,,295157,2,0,9,1,29,,295166,2,0,9,1,25,,295163,2,0,9,1,63,,295181,2,0,9,1,22,,295176,2,0,9,1,19,,295158,2,0,9,1,59,,295171,2,0,9,1,19,,295167,2,0,9,1,17,,295164,2,0,9,1,53,,295186,2,0,9,1,12,,295182,2,0,9,1,13,,295226,2,0,9,1,14,,295177,2,0,9,1,55,,295159,2,0,9,1,17,,295202,2,0,9,1,17,,295172,2,0,9,1,14,,295168,2,0,9,1,54,,295205,2,0,9,1,12,,295165,2,0,9,1,10,,295187,2,0,9,1,10,,295197,2,0,9,1,10,,295183,2,0,9,1,9,,295227,2,0,9,1,50,,295178,2,0,9,1,10,,295194,2,0,9,1,8,,295160,2,0,9,1,8,,295199,2,0,9,1,8,,295213,2,0,9,2,10,,295203,2,0,9,1,52,,295173,2,0,9,1,12,,295208,2,0,9,2,10,,295169,2,0,9,1,10,,295206,2,0,9,1,9,,295220,2,0,9,1,10,,295188,2,0,9,1,51,,295198,2,0,9,1,10,,295223,2,0,9,1,9,,295184,2,0,9,1,10,,295179,2,0,9,1,10,,295195,2,0,9,1,10,,295161,2,0,9,1,51,,295214,2,0,9,2,12,,295204,2,0,9,1,11,,295174,2,0,9,1,12,,295209,2,0,9,2,10,,295170,2,0,9,1,10,,295207,2,0,9,1,52,,295221,2,0,9,1,13,,295189,2,0,9,1,13,,295224,2,0,9,1,10,,295185,2,0,9,1,11,,295180,2,0,9,1,51,,295196,2,0,9,1,16,,295215,2,0,9,2,17,,295216,2,0,9,1,18,,295210,2,0,9,2,58,,295225,2,0,9,1,23,,295190,2,0,106,1,62,,295200,2,0,106,1,26,,295228,2,0,106,1,25,,295217,2,0,106,1,66,,295211,2,0,106,2,26,,295191,2,0,106,1,62,,295201,2,0,106,1,24,,295229,2,0,106,1,23,,295218,2,0,106,1,71,,295212,2,0,106,2,32,,295192,2,0,106,1,72,,295230,2,0,106,1,31,,295155,2,0,106,1,70,,295219,2,0,106,1,25,,295222,2,0,106,2,65,,295193,2,0,106,1
3304,'H54S000I-80-I',442,,295239,2,0,106,1,69,,295245,2,0,106,1,28,,295263,2,0,106,1,70,,295235,2,0,9,1,29,,295240,2,0,9,1,69,,295246,2,0,9,1,28,,295264,2,0,9,1,65,,295236,2,0,9,1,22,,295259,2,0,9,1,22,,295241,2,0,9,1,60,,295247,2,0,9,1,17,,295271,2,0,9,1,16,,295265,2,0,9,1,16,,295276,2,0,9,2,56,,295237,2,0,9,1,17,,295260,2,0,9,1,15,,295280,2,0,9,1,15,,295242,2,0,9,1,55,,295283,2,0,9,2,11,,295248,2,0,9,1,12,,295272,2,0,9,1,14,,295269,2,0,9,1,54,,295266,2,0,9,1,12,,295277,2,0,9,2,11,,295238,2,0,9,1,12,,295284,2,0,9,2,12,,295261,2,0,9,1,53,,295281,2,0,9,1,11,,295285,2,0,9,1,11,,295243,2,0,9,1,11,,295287,2,0,9,2,11,,295249,2,0,9,1,12,,295273,2,0,9,1,53,,295270,2,0,9,1,13,,295293,2,0,9,1,13,,295267,2,0,9,1,13,,295278,2,0,9,2,56,,295262,2,0,9,1,15,,295282,2,0,9,1,14,,295286,2,0,9,1,15,,295244,2,0,9,1,56,,295288,2,0,9,2,16,,295250,2,0,9,1,16,,295274,2,0,9,1,17,,295232,2,0,9,2,57,,295268,2,0,9,1,17,,295279,2,0,9,2,19,,295255,2,0,9,1,61,,295231,2,0,106,1,25,,295251,2,0,106,1,24,,295275,2,0,106,1,67,,295233,2,0,106,2,28,,295256,2,0,106,1,72,,295234,2,0,106,2,29,,295252,2,0,106,1,69,,295290,2,0,106,1,29,,295257,2,0,106,1,71,,295292,2,0,106,1,32,,295253,2,0,106,1,70,,295291,2,0,106,1,28,,295258,2,0,106,1,70,,295289,2,0,106,2,30,,295254,2,0,106,1
3304,'H54S000S-80-S',450,,295303,2,0,106,1,54,,295305,2,0,106,2,14,,295316,2,0,106,1,14,,295377,2,0,106,1,14,,295317,2,0,9,1,11,,295323,2,0,9,1,51,,295299,2,0,9,2,12,,295307,2,0,9,1,9,,295379,2,0,9,1,10,,295332,2,0,9,1,10,,295295,2,0,9,1,5,,295333,2,0,9,2,49,,295304,2,0,9,1,11,,295337,2,0,9,1,11,,295306,2,0,9,2,7,,295345,2,0,9,1,12,,295346,2,0,9,1,12,,295376,2,0,9,2,52,,295318,2,0,9,1,12,,295358,2,0,9,2,12,,295326,2,0,9,1,12,,295308,2,0,9,1,64,,295351,2,0,9,1,12,,295342,2,0,9,1,28,,295348,2,0,9,1,53,,295302,2,0,9,1,13,,295313,2,0,9,1,13,,295338,2,0,9,2,13,,295319,2,0,9,1,13,,295327,2,0,9,1,53,,295324,2,0,9,2,13,,295309,2,0,9,1,12,,295352,2,0,9,1,12,,295297,2,0,9,2,12,,295343,2,0,9,1,53,,295349,2,0,9,1,12,,295355,2,0,9,1,13,,295335,2,0,9,1,13,,295314,2,0,9,1,11,,295339,2,0,9,2,51,,295320,2,0,9,1,11,,295328,2,0,9,1,12,,295359,2,0,9,2,11,,295310,2,0,9,1,12,,295353,2,0,9,1,52,,295298,2,0,9,2,10,,295357,2,0,9,1,10,,295344,2,0,9,1,9,,295350,2,0,9,1,10,,295356,2,0,9,1,10,,295334,2,0,9,2,50,,295336,2,0,9,1,9,,295315,2,0,9,1,10,,295340,2,0,9,2,10,,295321,2,0,9,1,10,,295294,2,0,9,1,10,,295329,2,0,9,1,50,,295360,2,0,9,2,11,,295311,2,0,9,1,11,,295363,2,0,9,2,8,,295354,2,0,9,1,8,,295378,2,0,9,1,10,,295361,2,0,9,1,50,,295365,2,0,9,2,12,,295366,2,0,9,1,22,,295296,2,0,9,1,82,,295374,2,0,9,1,21,,295330,2,0,106,1,62,,295364,2,0,106,2,22,,295362,2,0,106,1,25,,295367,2,0,106,2,70,,295372,2,0,106,1,31,,295370,2,0,106,1,70,,295331,2,0,106,1,31,,295368,2,0,106,1,71,,295373,2,0,106,1,30,,295371,2,0,106,1,70,,295381,2,0,106,1,31,,295369,2,0,106,1,71,,295380,2,0,106,1,30,,295375,2,0,106,1
3304,'H54S100F-80-F1',442,,295390,2,0,106,1,69,,295396,2,0,106,1,28,,295414,2,0,106,1,70,,295386,2,0,9,1,29,,295391,2,0,9,1,69,,295397,2,0,9,1,28,,295415,2,0,9,1,65,,295387,2,0,9,1,22,,295410,2,0,9,1,22,,295392,2,0,9,1,60,,295398,2,0,9,1,17,,295422,2,0,9,1,16,,295416,2,0,9,1,16,,295427,2,0,9,2,56,,295388,2,0,9,1,17,,295411,2,0,9,1,15,,295431,2,0,9,1,15,,295393,2,0,9,1,55,,295434,2,0,9,2,11,,295399,2,0,9,1,12,,295423,2,0,9,1,14,,295420,2,0,9,1,54,,295417,2,0,9,1,12,,295428,2,0,9,2,11,,295389,2,0,9,1,12,,295435,2,0,9,2,12,,295412,2,0,9,1,53,,295432,2,0,9,1,11,,295436,2,0,9,1,11,,295394,2,0,9,1,11,,295438,2,0,9,2,11,,295400,2,0,9,1,12,,295424,2,0,9,1,53,,295421,2,0,9,1,13,,295444,2,0,9,1,13,,295418,2,0,9,1,13,,295429,2,0,9,2,56,,295413,2,0,9,1,15,,295433,2,0,9,1,14,,295437,2,0,9,1,15,,295395,2,0,9,1,56,,295439,2,0,9,2,16,,295401,2,0,9,1,16,,295425,2,0,9,1,17,,295383,2,0,9,2,57,,295419,2,0,9,1,17,,295430,2,0,9,2,19,,295406,2,0,9,1,61,,295382,2,0,106,1,25,,295402,2,0,106,1,24,,295426,2,0,106,1,67,,295384,2,0,106,2,28,,295407,2,0,106,1,72,,295385,2,0,106,2,29,,295403,2,0,106,1,69,,295441,2,0,106,1,29,,295408,2,0,106,1,71,,295443,2,0,106,1,32,,295404,2,0,106,1,70,,295442,2,0,106,1,28,,295409,2,0,106,1,70,,295440,2,0,106,2,30,,295405,2,0,106,1
3304,'H54S200F-80-F2',442,,295453,2,0,106,1,69,,295459,2,0,106,1,28,,295477,2,0,106,1,70,,295449,2,0,9,1,29,,295454,2,0,9,1,69,,295460,2,0,9,1,28,,295478,2,0,9,1,65,,295450,2,0,9,1,22,,295473,2,0,9,1,22,,295455,2,0,9,1,60,,295461,2,0,9,1,17,,295485,2,0,9,1,16,,295479,2,0,9,1,16,,295490,2,0,9,2,56,,295451,2,0,9,1,17,,295474,2,0,9,1,15,,295494,2,0,9,1,15,,295456,2,0,9,1,55,,295497,2,0,9,2,11,,295462,2,0,9,1,12,,295486,2,0,9,1,14,,295483,2,0,9,1,54,,295480,2,0,9,1,12,,295491,2,0,9,2,11,,295452,2,0,9,1,12,,295498,2,0,9,2,12,,295475,2,0,9,1,53,,295495,2,0,9,1,11,,295499,2,0,9,1,11,,295457,2,0,9,1,11,,295501,2,0,9,2,11,,295463,2,0,9,1,12,,295487,2,0,9,1,53,,295484,2,0,9,1,13,,295507,2,0,9,1,13,,295481,2,0,9,1,13,,295492,2,0,9,2,56,,295476,2,0,9,1,15,,295496,2,0,9,1,14,,295500,2,0,9,1,15,,295458,2,0,9,1,56,,295502,2,0,9,2,16,,295464,2,0,9,1,16,,295488,2,0,9,1,17,,295446,2,0,9,2,57,,295482,2,0,9,1,17,,295493,2,0,9,2,19,,295469,2,0,9,1,61,,295445,2,0,106,1,25,,295465,2,0,106,1,24,,295489,2,0,106,1,67,,295447,2,0,106,2,28,,295470,2,0,106,1,72,,295448,2,0,106,2,29,,295466,2,0,106,1,69,,295504,2,0,106,1,29,,295471,2,0,106,1,71,,295506,2,0,106,1,32,,295467,2,0,106,1,70,,295505,2,0,106,1,28,,295472,2,0,106,1,70,,295503,2,0,106,2,30,,295468,2,0,106,1
3304,'H57S000S-80-S',856,,295509,2,0,9,1
3304,'H59S000S-80-S',1759,,295511,2,0,9,1
4802,'H57S000S-80-S',550,,299905,26,0,99 23 3 24,1
4802,'H58S000A-80-A',629,,299941,26,0,99 23 3 24,2,30,,299948,26,0,99 23 3 24,1,79,,299943,26,0,99 23 3 24,2,71,,299963,26,0,99 23 3 24,1,30,,299955,26,0,99 23 3 24,2,68,,299933,26,0,99 23 3 24,1,32,,299918,26,0,99 23 3 24,2,85,,299927,26,0,99 23 3 24,1,82,,299934,26,0,99 23 3 24,1,30,,299919,26,0,99 23 3 24,2,79,,299939,26,0,99 23 3 24,2,26,,299967,26,0,99 23 3 24,2,68,,299935,26,0,99 23 3 24,1,23,,299975,26,0,99 23 3 24,1,20,,299971,26,0,99 23 3 24,2,59,,299947,26,0,99 23 3 24,1,22,,299929,26,0,99 23 3 24,1,25,,299958,26,0,99 23 3 24,2,71,,299913,26,0,99 23 3 24,2,90,,299978,26,0,99 23 3 24,2,31,,299944,26,0,99 23 3 24,2,69,,299959,26,0,99 23 3 24,2,33,,299922,26,0,99 23 3 24,2,70,,299979,26,0,99 23 3 24,2,93,,299960,26,0,99 23 3 24,2,91,,299974,26,0,99 23 3 24,2,34,,299932,26,0,99 23 3 24,1,89,,299961,26,0,99 23 3 24,2,99,,299981,26,0,99 23 3 24,2,96,,299962,26,0,99 23 3 24,2,102,,299982,26,0,99 23 3 24,2,104,,299976,26,0,99 23 3 24,1
4802,'H58S000I-80-I',532,,299991,26,0,99 23 3 24,2,107,,300007,26,0,99 23 3 24,1,102,,299992,26,0,99 23 3 24,2,97,,300018,26,0,99 23 3 24,1,84,,299986,26,0,99 23 3 24,2,26,,299997,26,0,99 23 3 24,1,69,,300011,26,0,99 23 3 24,2,29,,300019,26,0,99 23 3 24,1,71,,300033,26,0,99 23 3 24,2,30,,299998,26,0,99 23 3 24,1,68,,300012,26,0,99 23 3 24,2,28,,300038,26,0,99 23 3 24,2,84,,299988,26,0,99 23 3 24,2,30,,300045,26,0,99 23 3 24,2,70,,300013,26,0,99 23 3 24,2,29,,300021,26,0,99 23 3 24,1,70,,299989,26,0,99 23 3 24,2,30,,300046,26,0,99 23 3 24,2,69,,300014,26,0,99 23 3 24,2,27,,300022,26,0,99 23 3 24,1,77,,299990,26,0,99 23 3 24,2,98,,300041,26,0,99 23 3 24,2,76,,299993,26,0,99 23 3 24,2,51,,300002,26,0,99 23 3 24,1,97,,300024,26,0,99 23 3 24,1,101,,300003,26,0,99 23 3 24,1,96,,300025,26,0,99 23 3 24,1,98,,300004,26,0,99 23 3 24,1
4802,'H58S000S-83-S',509,,300053,26,0,99 23 3 24,2,97,,300083,26,0,99 23 3 24,2,24,,300096,26,0,99 23 3 24,1,96,,300116,26,0,99 23 3 24,2,33,,300126,26,0,99 23 3 24,1,66,,300095,26,0,99 23 3 24,2,29,,300079,26,0,99 23 3 24,1,72,,300110,26,0,99 23 3 24,1,74,,300085,26,0,99 23 3 24,2,26,,300129,26,0,99 23 3 24,2,22,,300092,26,0,99 23 3 24,1,64,,300080,26,0,99 23 3 24,1,23,,300111,26,0,99 23 3 24,1,76,,300086,26,0,99 23 3 24,2,37,,300118,26,0,99 23 3 24,1,66,,300081,26,0,99 23 3 24,1,32,,300071,26,0,99 23 3 24,2,72,,300087,26,0,99 23 3 24,2,31,,300131,26,0,99 23 3 24,2,76,,300082,26,0,99 23 3 24,1,34,,300072,26,0,99 23 3 24,2,72,,300088,26,0,99 23 3 24,2,73,,300059,26,0,99 23 3 24,1,51,,300077,26,0,99 23 3 24,2,90,,300089,26,0,99 23 3 24,2,76,,300061,26,0,99 23 3 24,2,35,,300134,26,0,99 23 3 24,1,76,,300139,26,0,99 23 3 24,2,77,,300115,26,0,99 23 3 24,1,45,,300135,26,0,99 23 3 24,1,89,,300062,26,0,99 23 3 24,2,98,,300093,26,0,99 23 3 24,1,107,,300106,26,0,99 23 3 24,2
4802,'H58S100F-80-F1',532,,300143,26,0,99 23 3 24,1,107,,300168,26,0,99 23 3 24,2,102,,300157,26,0,99 23 3 24,2,97,,300188,26,0,99 23 3 24,2,84,,300183,26,0,99 23 3 24,1,26,,300158,26,0,99 23 3 24,2,69,,300189,26,0,99 23 3 24,1,29,,300177,26,0,99 23 3 24,2,71,,300154,26,0,99 23 3 24,1,30,,300184,26,0,99 23 3 24,1,68,,300190,26,0,99 23 3 24,1,28,,300197,26,0,99 23 3 24,2,84,,300145,26,0,99 23 3 24,1,30,,300149,26,0,99 23 3 24,1,70,,300191,26,0,99 23 3 24,1,29,,300179,26,0,99 23 3 24,2,70,,300146,26,0,99 23 3 24,1,30,,300150,26,0,99 23 3 24,1,69,,300192,26,0,99 23 3 24,1,27,,300180,26,0,99 23 3 24,2,77,,300147,26,0,99 23 3 24,1,98,,300204,26,0,99 23 3 24,2,76,,300205,26,0,99 23 3 24,2,51,,300201,26,0,99 23 3 24,1,97,,300151,26,0,99 23 3 24,1,101,,300202,26,0,99 23 3 24,1,96,,300152,26,0,99 23 3 24,1,98,,300203,26,0,99 23 3 24,1
4802,'H58S200F-80-F2',532,,300266,26,0,99 23 3 24,1,107,,300228,26,0,99 23 3 24,2,102,,300207,26,0,99 23 3 24,2,97,,300231,26,0,99 23 3 24,2,84,,300237,26,0,99 23 3 24,1,26,,300208,26,0,99 23 3 24,2,69,,300252,26,0,99 23 3 24,1,29,,300223,26,0,99 23 3 24,2,71,,300271,26,0,99 23 3 24,1,30,,300238,26,0,99 23 3 24,1,68,,300253,26,0,99 23 3 24,1,28,,300241,26,0,99 23 3 24,2,84,,300217,26,0,99 23 3 24,1,30,,300247,26,0,99 23 3 24,1,70,,300254,26,0,99 23 3 24,1,29,,300225,26,0,99 23 3 24,2,70,,300218,26,0,99 23 3 24,1,30,,300248,26,0,99 23 3 24,1,69,,300255,26,0,99 23 3 24,1,27,,300226,26,0,99 23 3 24,2,77,,300219,26,0,99 23 3 24,1,98,,300264,26,0,99 23 3 24,2,76,,300265,26,0,99 23 3 24,2,51,,300261,26,0,99 23 3 24,1,97,,300249,26,0,99 23 3 24,1,101,,300262,26,0,99 23 3 24,1,96,,300250,26,0,99 23 3 24,1,98,,300263,26,0,99 23 3 24,1
4802,'H59S000S-80-S',648,,300272,26,0,99 23 3 24,2
