8601,'H54S000A-80-A',645,,310975,82,0,5,2,73,,310956,82,0,5,1,33,,310964,82,0,5,2,74,,310970,82,0,5,2,32,,310982,82,0,5,1,74,,310976,82,0,5,2,73,,310957,82,0,5,1,34,,310965,82,0,5,2,72,,310971,82,0,5,2,32,,310983,82,0,5,1,73,,310977,82,0,5,2,33,,310958,82,0,5,1,73,,310966,82,0,5,2,33,,310972,82,0,5,2,73,,310984,82,0,5,1,32,,310978,82,0,5,2,73,,310959,82,0,5,1,73,,310967,82,0,5,2,31,,310973,82,0,5,2,73,,310985,82,0,5,1,32,,310979,82,0,5,2,73,,310960,82,0,5,1,31,,310968,82,0,5,2,71,,310974,82,0,5,2,33,,310986,82,0,5,1,72,,310980,82,0,5,2,33,,310961,82,0,5,1,73,,310969,82,0,5,2,73,,310989,82,0,5,2,31,,310987,82,0,5,1,72,,310981,82,0,5,2,32,,310962,82,0,5,1,71,,310954,82,0,5,1,32,,310990,82,0,5,2,71,,310988,82,0,5,1,33,,310963,82,0,5,1,72,,310955,82,0,5,1,31,,310991,82,0,5,2
8601,'H54S000I-80-I',645,,311015,82,0,5,2,72,,310996,82,0,5,1,33,,311002,82,0,5,2,70,,311010,82,0,5,1,31,,311022,82,0,5,1,73,,311016,82,0,5,2,32,,310997,82,0,5,1,74,,311003,82,0,5,2,73,,311011,82,0,5,1,33,,311023,82,0,5,1,73,,311017,82,0,5,2,32,,310998,82,0,5,1,72,,311004,82,0,5,2,32,,311012,82,0,5,1,72,,311024,82,0,5,1,32,,311018,82,0,5,2,72,,310999,82,0,5,1,33,,311005,82,0,5,2,72,,311013,82,0,5,1,31,,311025,82,0,5,1,73,,311019,82,0,5,2,73,,311000,82,0,5,1,32,,311006,82,0,5,2,73,,311014,82,0,5,1,33,,311026,82,0,5,1,70,,311020,82,0,5,2,32,,311001,82,0,5,1,71,,311007,82,0,5,2,31,,310994,82,0,5,1,70,,310995,82,0,5,2,30,,311021,82,0,5,2,68,,311028,82,0,5,1,30,,311008,82,0,5,2,71,,311029,82,0,5,1,32,,310992,82,0,5,1,72,,311030,82,0,5,2,30,,311009,82,0,5,2,70,,311027,82,0,5,1,30,,310993,82,0,5,1
8601,'H54S000S-80-S',641,,311044,82,0,5,1,67,,311031,82,0,5,2,30,,311037,82,0,5,2,74,,311038,82,0,5,2,35,,311062,82,0,5,1,69,,311045,82,0,5,1,29,,311032,82,0,5,2,71,,311065,82,0,5,1,31,,311039,82,0,5,2,70,,311063,82,0,5,1,29,,311052,82,0,5,2,66,,311046,82,0,5,1,25,,311033,82,0,5,2,70,,311066,82,0,5,1,30,,311040,82,0,5,2,69,,311064,82,0,5,1,31,,311053,82,0,5,2,71,,311047,82,0,5,1,30,,311034,82,0,5,2,71,,311067,82,0,5,1,31,,311041,82,0,5,2,72,,311058,82,0,5,1,32,,311054,82,0,5,2,73,,311048,82,0,5,1,27,,311035,82,0,5,2,71,,311042,82,0,5,2,31,,311059,82,0,5,1,68,,311055,82,0,5,2,29,,311049,82,0,5,1,69,,311036,82,0,5,2,29,,311043,82,0,5,2,69,,311060,82,0,5,1,29,,311056,82,0,5,2,67,,311050,82,0,5,1,25,,311070,82,0,5,1,28,,311068,82,0,5,2,70,,311061,82,0,5,1,30,,311057,82,0,5,2,71,,311051,82,0,5,1,71,,311071,82,0,5,1,31,,311069,82,0,5,2
8601,'H54S100F-80-F1',645,,311095,82,0,5,2,72,,311076,82,0,5,1,33,,311082,82,0,5,2,70,,311090,82,0,5,1,31,,311102,82,0,5,1,73,,311096,82,0,5,2,32,,311077,82,0,5,1,74,,311083,82,0,5,2,73,,311091,82,0,5,1,33,,311103,82,0,5,1,73,,311097,82,0,5,2,32,,311078,82,0,5,1,72,,311084,82,0,5,2,32,,311092,82,0,5,1,72,,311104,82,0,5,1,32,,311098,82,0,5,2,72,,311079,82,0,5,1,33,,311085,82,0,5,2,72,,311093,82,0,5,1,31,,311105,82,0,5,1,73,,311099,82,0,5,2,73,,311080,82,0,5,1,32,,311086,82,0,5,2,73,,311094,82,0,5,1,33,,311106,82,0,5,1,70,,311100,82,0,5,2,32,,311081,82,0,5,1,71,,311087,82,0,5,2,31,,311074,82,0,5,1,70,,311075,82,0,5,2,30,,311101,82,0,5,2,68,,311108,82,0,5,1,30,,311088,82,0,5,2,71,,311109,82,0,5,1,32,,311072,82,0,5,1,72,,311110,82,0,5,2,30,,311089,82,0,5,2,70,,311107,82,0,5,1,30,,311073,82,0,5,1
8601,'H54S200F-80-F2',645,,311134,82,0,5,2,72,,311115,82,0,5,1,33,,311121,82,0,5,2,70,,311129,82,0,5,1,31,,311141,82,0,5,1,73,,311135,82,0,5,2,32,,311116,82,0,5,1,74,,311122,82,0,5,2,73,,311130,82,0,5,1,33,,311142,82,0,5,1,73,,311136,82,0,5,2,32,,311117,82,0,5,1,72,,311123,82,0,5,2,32,,311131,82,0,5,1,72,,311143,82,0,5,1,32,,311137,82,0,5,2,72,,311118,82,0,5,1,33,,311124,82,0,5,2,72,,311132,82,0,5,1,31,,311144,82,0,5,1,73,,311138,82,0,5,2,73,,311119,82,0,5,1,32,,311125,82,0,5,2,73,,311133,82,0,5,1,33,,311145,82,0,5,1,70,,311139,82,0,5,2,32,,311120,82,0,5,1,71,,311126,82,0,5,2,31,,311113,82,0,5,1,70,,311114,82,0,5,2,30,,311140,82,0,5,2,68,,311147,82,0,5,1,30,,311127,82,0,5,2,71,,311148,82,0,5,1,32,,311111,82,0,5,1,72,,311149,82,0,5,2,30,,311128,82,0,5,2,70,,311146,82,0,5,1,30,,311112,82,0,5,1
18601,'H54S000A-80-A',527,,335291,36,0,5,1,31,,335254,36,0,5,1,71,,335292,36,0,5,1,71,,335255,36,0,5,1,34,,335293,36,0,5,1,73,,335256,36,0,5,1,32,,335251,36,0,5,1,71,,335294,36,0,5,1,30,,335257,36,0,5,1,70,,335252,36,0,5,1,32,,335295,36,0,5,1,73,,335296,36,0,5,1,33,,335286,36,0,5,1,73,,335258,36,0,5,1,32,,335297,36,0,5,1,66,,335287,36,0,5,1,21,,335263,36,0,5,1,60,,335259,36,0,5,1,20,,335298,36,0,5,1,20,,335288,36,0,5,1,19,,335264,36,0,5,1,59,,335260,36,0,5,1,18,,335280,36,0,5,2,17,,335299,36,0,5,1,58,,335265,36,0,5,1,18,,335289,36,0,5,1,17,,335261,36,0,5,1,57,,335281,36,0,5,2,16,,335273,36,0,5,1,17,,335266,36,0,5,1,17,,335290,36,0,5,1,56,,335282,36,0,5,2,17,,335262,36,0,5,1,18,,335274,36,0,5,1,66,,335267,36,0,5,1,27,,335283,36,0,5,2,68,,335275,36,0,5,1,28,,335268,36,0,5,1,68,,335284,36,0,5,2,29,,335276,36,0,5,1,71,,335269,36,0,5,1,33,,335285,36,0,5,2,73,,335277,36,0,5,1,31,,335270,36,0,5,1,71,,335253,36,0,5,1,33,,335278,36,0,5,1,72,,335271,36,0,5,1,32,,335279,36,0,5,1,71,,335272,36,0,5,1
18601,'H54S000I-80-I',529,,335302,36,0,5,1,30,,335325,36,0,5,1,72,,335303,36,0,5,1,71,,335326,36,0,5,1,32,,335304,36,0,5,1,72,,335327,36,0,5,1,32,,335305,36,0,5,1,72,,335328,36,0,5,1,29,,335301,36,0,5,2,73,,335306,36,0,5,1,29,,335329,36,0,5,1,70,,335335,36,0,5,2,29,,335320,36,0,5,1,70,,335330,36,0,5,1,30,,335336,36,0,5,2,69,,335321,36,0,5,1,29,,335300,36,0,5,2,69,,335314,36,0,5,2,29,,335322,36,0,5,1,68,,335337,36,0,5,2,28,,335315,36,0,5,2,27,,335323,36,0,5,1,66,,335338,36,0,5,2,23,,335316,36,0,5,2,55,,335340,36,0,5,1,15,,335324,36,0,5,1,15,,335343,36,0,5,1,15,,335339,36,0,5,2,55,,335317,36,0,5,2,26,,335341,36,0,5,1,25,,335311,36,0,5,1,66,,335318,36,0,5,2,25,,335342,36,0,5,1,65,,335312,36,0,5,1,22,,335313,36,0,5,1,70,,335319,36,0,5,2,31,,335331,36,0,5,1,71,,335307,36,0,5,1,31,,335332,36,0,5,1,72,,335308,36,0,5,1,31,,335333,36,0,5,1,69,,335309,36,0,5,1,31,,335334,36,0,5,1,70,,335310,36,0,5,1,32,,335344,36,0,5,1
18601,'H54S000S-80-S',533,,335362,36,0,5,2,24,,335364,36,0,5,1,75,,335353,36,0,5,2,71,,335363,36,0,5,2,30,,335365,36,0,5,1,68,,335361,36,0,5,2,30,,335386,36,0,5,2,70,,335366,36,0,5,1,29,,335377,36,0,5,2,29,,335387,36,0,5,2,70,,335367,36,0,5,1,30,,335378,36,0,5,2,70,,335388,36,0,5,2,27,,335368,36,0,5,1,60,,335392,36,0,5,1,18,,335379,36,0,5,2,17,,335389,36,0,5,2,60,,335382,36,0,5,2,19,,335369,36,0,5,1,21,,335393,36,0,5,1,63,,335390,36,0,5,2,22,,335383,36,0,5,2,22,,335370,36,0,5,1,61,,335394,36,0,5,1,15,,335354,36,0,5,2,15,,335391,36,0,5,2,53,,335384,36,0,5,2,13,,335359,36,0,5,2,24,,335380,36,0,5,2,10,,335395,36,0,5,1,9,,335356,36,0,5,2,50,,335397,36,0,5,2,10,,335355,36,0,5,2,10,,335385,36,0,5,2,10,,335345,36,0,5,1,11,,335381,36,0,5,2,10,,335360,36,0,5,2,50,,335357,36,0,5,2,9,,335396,36,0,5,1,16,,335371,36,0,5,2,19,,335400,36,0,5,1,58,,335346,36,0,5,1,21,,335358,36,0,5,2,23,,335372,36,0,5,2,63,,335401,36,0,5,1,23,,335350,36,0,5,1,64,,335348,36,0,5,1,25,,335373,36,0,5,2,26,,335351,36,0,5,1,61,,335349,36,0,5,1,21,,335347,36,0,5,1,64,,335374,36,0,5,2,23,,335352,36,0,5,1,27,,335398,36,0,5,1,69,,335375,36,0,5,2,29,,335402,36,0,5,2,69,,335399,36,0,5,1,26,,335376,36,0,5,2
18601,'H54S100F-80-F1',529,,335405,36,0,5,1,30,,335428,36,0,5,1,72,,335406,36,0,5,1,71,,335429,36,0,5,1,32,,335407,36,0,5,1,72,,335430,36,0,5,1,32,,335408,36,0,5,1,72,,335431,36,0,5,1,29,,335404,36,0,5,2,73,,335409,36,0,5,1,29,,335432,36,0,5,1,70,,335438,36,0,5,2,29,,335423,36,0,5,1,70,,335433,36,0,5,1,30,,335439,36,0,5,2,69,,335424,36,0,5,1,29,,335403,36,0,5,2,69,,335417,36,0,5,2,29,,335425,36,0,5,1,68,,335440,36,0,5,2,28,,335418,36,0,5,2,27,,335426,36,0,5,1,66,,335441,36,0,5,2,23,,335419,36,0,5,2,55,,335443,36,0,5,1,15,,335427,36,0,5,1,15,,335446,36,0,5,1,15,,335442,36,0,5,2,55,,335420,36,0,5,2,26,,335444,36,0,5,1,25,,335414,36,0,5,1,66,,335421,36,0,5,2,25,,335445,36,0,5,1,65,,335415,36,0,5,1,22,,335416,36,0,5,1,70,,335422,36,0,5,2,31,,335434,36,0,5,1,71,,335410,36,0,5,1,31,,335435,36,0,5,1,72,,335411,36,0,5,1,31,,335436,36,0,5,1,69,,335412,36,0,5,1,31,,335437,36,0,5,1,70,,335413,36,0,5,1,32,,335447,36,0,5,1
18601,'H54S200F-80-F2',529,,335450,36,0,5,1,30,,335473,36,0,5,1,72,,335451,36,0,5,1,71,,335474,36,0,5,1,32,,335452,36,0,5,1,72,,335475,36,0,5,1,32,,335453,36,0,5,1,72,,335476,36,0,5,1,29,,335449,36,0,5,2,73,,335454,36,0,5,1,29,,335477,36,0,5,1,70,,335483,36,0,5,2,29,,335468,36,0,5,1,70,,335478,36,0,5,1,30,,335484,36,0,5,2,69,,335469,36,0,5,1,29,,335448,36,0,5,2,69,,335462,36,0,5,2,29,,335470,36,0,5,1,68,,335485,36,0,5,2,28,,335463,36,0,5,2,27,,335471,36,0,5,1,66,,335486,36,0,5,2,23,,335464,36,0,5,2,55,,335488,36,0,5,1,15,,335472,36,0,5,1,15,,335491,36,0,5,1,15,,335487,36,0,5,2,55,,335465,36,0,5,2,26,,335489,36,0,5,1,25,,335459,36,0,5,1,66,,335466,36,0,5,2,25,,335490,36,0,5,1,65,,335460,36,0,5,1,22,,335461,36,0,5,1,70,,335467,36,0,5,2,31,,335479,36,0,5,1,71,,335455,36,0,5,1,31,,335480,36,0,5,1,72,,335456,36,0,5,1,31,,335481,36,0,5,1,69,,335457,36,0,5,1,31,,335482,36,0,5,1,70,,335458,36,0,5,1,32,,335492,36,0,5,1
18601,'H59S000S-80-S',1627,,335493,36,0,5,2
43001,'H57S000S-80-S',1256,,347894,30,0,5,1,75,,347895,30,0,5,1,76,,347896,30,0,5,1,33,,347897,30,0,5,1,78,,347899,30,0,5,2,37,,347900,30,0,5,2,76,,347902,30,0,5,1,73,,347904,30,0,5,2,29,,347901,30,0,5,1,69,,347903,30,0,5,2,27,,347898,30,0,5,1,27,,347893,30,0,5,1,68,,347905,30,0,5,1,28,,347892,30,0,5,1
48601,'H51S000S-81-S',1918,,350398,18,0,5,1
48601,'H54S000S-80-S',1456,,350404,18,0,5,2,66,,350403,18,0,5,2,26,,350400,18,0,5,2,65,,350401,18,0,5,2,25,,350405,18,0,5,1,62,,350402,18,0,5,2,21,,350408,18,0,5,2,23,,350406,18,0,5,1,59,,350399,18,0,5,1,21,,350409,18,0,5,2,25,,350407,18,0,5,1,83,,350410,18,0,5,2
