3303,'H54S000A-80-A',526,,294797,1,0,8,1,29,,294794,1,0,8,1,69,,294807,1,0,8,1,1291,,294863,1,0,8,1,23,,294822,1,0,8,1,62,,294831,1,0,8,1,24,,294860,1,0,8,1,23,,294847,1,0,8,1,56,,294858,1,0,8,1,16,,294842,1,0,8,2,20,,294823,1,0,8,1,61,,294832,1,0,8,1,23,,294861,1,0,8,1,23,,294787,1,0,8,1,61,,294848,1,0,8,1,22,,294854,1,0,8,2,22,,294824,1,0,8,1,66,,294862,1,0,8,1,29,,294788,1,0,8,1,69,,294849,1,0,8,1,29,,294855,1,0,8,2
3303,'H54S000I-80-I',533,,294872,1,0,8,1,69,,294878,1,0,8,1,28,,294896,1,0,8,1,1275,,294864,1,0,8,1,16,,294924,1,0,8,1,19,,294884,1,0,8,1,60,,294908,1,0,8,1,23,,294866,1,0,8,2,25,,294889,1,0,8,1,61,,294926,1,0,8,1,20,,294867,1,0,8,2,21,,294885,1,0,8,1,68,,294922,1,0,8,1,27,,294890,1,0,8,1,69,,294928,1,0,8,2,29,,294886,1,0,8,1,70,,294923,1,0,8,1,30,,294891,1,0,8,1,70,,294921,1,0,8,2,30,,294887,1,0,8,1
3303,'H54S000S-80-S',513,,294939,1,0,8,1,27,,294930,1,0,8,1,15,,294937,1,0,8,1,55,,294938,1,0,8,2,15,,294949,1,0,8,1,1286,,295017,1,0,8,2,15,,295010,1,0,8,1,15,,295002,1,0,8,1,60,,294964,1,0,8,1,20,,294995,1,0,8,2,19,,294992,1,0,8,1,18,,294999,1,0,8,2,57,,295006,1,0,8,1,15,,295014,1,0,8,2,15,,295003,1,0,8,1,59,,295018,1,0,8,1,22,,294965,1,0,8,1,22,,295000,1,0,8,1,68,,295011,1,0,8,1,28,,295004,1,0,8,1,69,,295019,1,0,8,1,29,,295001,1,0,8,1,70,,295016,1,0,8,1,31,,295012,1,0,8,1
3303,'H54S100F-80-F1',533,,295028,1,0,8,1,69,,295034,1,0,8,1,28,,295052,1,0,8,1,1275,,295020,1,0,8,1,16,,295080,1,0,8,1,19,,295040,1,0,8,1,60,,295064,1,0,8,1,23,,295022,1,0,8,2,25,,295045,1,0,8,1,61,,295082,1,0,8,1,20,,295023,1,0,8,2,21,,295041,1,0,8,1,68,,295078,1,0,8,1,27,,295046,1,0,8,1,69,,295084,1,0,8,2,29,,295042,1,0,8,1,70,,295079,1,0,8,1,30,,295047,1,0,8,1,70,,295077,1,0,8,2,30,,295043,1,0,8,1
3303,'H54S200F-80-F2',533,,295093,1,0,8,1,69,,295099,1,0,8,1,28,,295117,1,0,8,1,1275,,295085,1,0,8,1,16,,295145,1,0,8,1,19,,295105,1,0,8,1,60,,295129,1,0,8,1,23,,295087,1,0,8,2,25,,295110,1,0,8,1,61,,295147,1,0,8,1,20,,295088,1,0,8,2,21,,295106,1,0,8,1,68,,295143,1,0,8,1,27,,295111,1,0,8,1,69,,295149,1,0,8,2,29,,295107,1,0,8,1,70,,295144,1,0,8,1,30,,295112,1,0,8,1,70,,295142,1,0,8,2,30,,295108,1,0,8,1
3304,'H54S000A-80-A',522,,295156,63,4,,1,27,,295162,63,4,,1,68,,295175,63,4,,1,1315,,295190,63,4,,1,22,,295200,63,4,,1,64,,295228,63,4,,1,23,,295217,63,4,,1,66,,295211,63,4,,2,26,,295191,63,4,,1,21,,295201,63,4,,1,63,,295229,63,4,,1,23,,295218,63,4,,1,69,,295212,63,4,,2,30,,295192,63,4,,1,72,,295230,63,4,,1,30,,295155,63,4,,1,68,,295219,63,4,,1,25,,295222,63,4,,2,25,,295193,63,4,,1
3304,'H54S000I-80-I',526,,295239,63,4,,1,29,,295245,63,4,,1,68,,295263,63,4,,1,1235,,295231,63,4,,1,65,,295251,63,4,,1,24,,295275,63,4,,1,67,,295233,63,4,,2,28,,295256,63,4,,1,71,,295234,63,4,,2,28,,295252,63,4,,1,69,,295290,63,4,,1,29,,295257,63,4,,1,68,,295292,63,4,,1,30,,295253,63,4,,1,69,,295291,63,4,,1,27,,295258,63,4,,1,70,,295289,63,4,,2,30,,295254,63,4,,1
3304,'H54S000S-80-S',539,,295303,63,4,,1,14,,295305,63,4,,2,55,,295316,63,4,,1,17,,295377,63,4,,1,1311,,295330,63,4,,1,21,,295364,63,4,,2,61,,295362,63,4,,1,22,,295367,63,4,,2,69,,295372,63,4,,1,30,,295370,63,4,,1,70,,295331,63,4,,1,31,,295368,63,4,,1,70,,295373,63,4,,1,27,,295371,63,4,,1,70,,295381,63,4,,1,29,,295369,63,4,,1,69,,295380,63,4,,1,30,,295375,63,4,,1
3304,'H54S100F-80-F1',526,,295390,63,4,,1,29,,295396,63,4,,1,68,,295414,63,4,,1,1235,,295382,63,4,,1,65,,295402,63,4,,1,24,,295426,63,4,,1,67,,295384,63,4,,2,28,,295407,63,4,,1,71,,295385,63,4,,2,28,,295403,63,4,,1,69,,295441,63,4,,1,29,,295408,63,4,,1,68,,295443,63,4,,1,30,,295404,63,4,,1,69,,295442,63,4,,1,27,,295409,63,4,,1,70,,295440,63,4,,2,30,,295405,63,4,,1
3304,'H54S200F-80-F2',526,,295453,63,4,,1,29,,295459,63,4,,1,68,,295477,63,4,,1,1235,,295445,63,4,,1,65,,295465,63,4,,1,24,,295489,63,4,,1,67,,295447,63,4,,2,28,,295470,63,4,,1,71,,295448,63,4,,2,28,,295466,63,4,,1,69,,295504,63,4,,1,29,,295471,63,4,,1,68,,295506,63,4,,1,30,,295467,63,4,,1,69,,295505,63,4,,1,27,,295472,63,4,,1,70,,295503,63,4,,2,30,,295468,63,4,,1
