10801,'H56S000A-80-A',516,,318410,23,0,5,1,29,,318390,23,0,5,2,69,,318411,23,0,5,1,29,,318391,23,0,5,2,71,,318412,23,0,5,1,31,,318392,23,0,5,2,74,,318413,23,0,5,1,30,,318393,23,0,5,2,70,,318414,23,0,5,1,30,,318394,23,0,5,2,71,,318415,23,0,5,1,30,,318395,23,0,5,2,72,,318416,23,0,5,1,31,,318396,23,0,5,2,72,,318417,23,0,5,1,32,,318397,23,0,5,2,72,,318418,23,0,5,1,73,,318398,23,0,5,2,33,,318419,23,0,5,1,72,,318399,23,0,5,2,33,,318420,23,0,5,1,73,,318400,23,0,5,2,33,,318421,23,0,5,1,73,,318401,23,0,5,2,33,,318422,23,0,5,1,73,,318402,23,0,5,2,32,,318423,23,0,5,1,71,,318403,23,0,5,2,30,,318424,23,0,5,1,69,,318404,23,0,5,2,29,,318425,23,0,5,1,69,,318405,23,0,5,2,29,,318426,23,0,5,1,69,,318406,23,0,5,2,28,,318427,23,0,5,1,70,,318407,23,0,5,2,30,,318428,23,0,5,1,67,,318408,23,0,5,2,29,,318429,23,0,5,1,69,,318409,23,0,5,2
10801,'H56S000I-80-I',516,,318430,23,0,5,1,30,,318450,23,0,5,2,70,,318431,23,0,5,1,30,,318451,23,0,5,2,70,,318432,23,0,5,1,30,,318452,23,0,5,2,71,,318433,23,0,5,1,30,,318453,23,0,5,2,72,,318434,23,0,5,1,30,,318454,23,0,5,2,70,,318435,23,0,5,1,30,,318455,23,0,5,2,70,,318436,23,0,5,1,32,,318456,23,0,5,2,71,,318437,23,0,5,1,32,,318457,23,0,5,2,72,,318438,23,0,5,1,32,,318458,23,0,5,2,71,,318439,23,0,5,1,72,,318459,23,0,5,2,31,,318440,23,0,5,1,72,,318460,23,0,5,2,31,,318441,23,0,5,1,72,,318461,23,0,5,2,32,,318442,23,0,5,1,73,,318462,23,0,5,2,33,,318443,23,0,5,1,72,,318463,23,0,5,2,32,,318444,23,0,5,1,73,,318464,23,0,5,2,33,,318445,23,0,5,1,72,,318465,23,0,5,2,29,,318446,23,0,5,1,69,,318466,23,0,5,2,28,,318447,23,0,5,1,69,,318467,23,0,5,2,28,,318448,23,0,5,1,68,,318468,23,0,5,2,28,,318449,23,0,5,1
10801,'H56S000S-82-S',518,,318507,23,0,5,1,27,,318469,23,0,5,2,69,,318508,23,0,5,1,30,,318470,23,0,5,2,69,,318509,23,0,5,1,24,,318472,23,0,5,2,68,,318471,23,0,5,2,21,,318504,23,0,5,2,18,,318497,23,0,5,1,57,,318473,23,0,5,2,29,,318482,23,0,5,2,70,,318498,23,0,5,1,31,,318483,23,0,5,2,71,,318499,23,0,5,1,33,,318484,23,0,5,2,73,,318500,23,0,5,1,32,,318485,23,0,5,2,72,,318501,23,0,5,1,32,,318486,23,0,5,2,72,,318502,23,0,5,1,32,,318487,23,0,5,2,73,,318503,23,0,5,1,33,,318488,23,0,5,2,70,,318505,23,0,5,2,30,,318474,23,0,5,1,71,,318489,23,0,5,2,29,,318506,23,0,5,2,69,,318475,23,0,5,1,31,,318490,23,0,5,2,71,,318476,23,0,5,1,31,,318491,23,0,5,2,70,,318477,23,0,5,1,31,,318492,23,0,5,2,70,,318478,23,0,5,1,27,,318493,23,0,5,2,72,,318479,23,0,5,1,28,,318494,23,0,5,2,71,,318480,23,0,5,1,28,,318495,23,0,5,2,68,,318481,23,0,5,1,28,,318496,23,0,5,2
10801,'H56S100F-80-F1',516,,318510,23,0,5,1,30,,318530,23,0,5,2,70,,318511,23,0,5,1,30,,318531,23,0,5,2,70,,318512,23,0,5,1,30,,318532,23,0,5,2,71,,318513,23,0,5,1,30,,318533,23,0,5,2,72,,318514,23,0,5,1,30,,318534,23,0,5,2,70,,318515,23,0,5,1,30,,318535,23,0,5,2,70,,318516,23,0,5,1,32,,318536,23,0,5,2,71,,318517,23,0,5,1,32,,318537,23,0,5,2,72,,318518,23,0,5,1,32,,318538,23,0,5,2,71,,318519,23,0,5,1,72,,318539,23,0,5,2,31,,318520,23,0,5,1,72,,318540,23,0,5,2,31,,318521,23,0,5,1,72,,318541,23,0,5,2,32,,318522,23,0,5,1,73,,318542,23,0,5,2,33,,318523,23,0,5,1,72,,318543,23,0,5,2,32,,318524,23,0,5,1,73,,318544,23,0,5,2,33,,318525,23,0,5,1,72,,318545,23,0,5,2,29,,318526,23,0,5,1,69,,318546,23,0,5,2,28,,318527,23,0,5,1,69,,318547,23,0,5,2,28,,318528,23,0,5,1,68,,318548,23,0,5,2,28,,318529,23,0,5,1
10801,'H56S200F-80-F2',516,,318549,23,0,5,1,30,,318569,23,0,5,2,70,,318550,23,0,5,1,30,,318570,23,0,5,2,70,,318551,23,0,5,1,30,,318571,23,0,5,2,71,,318552,23,0,5,1,30,,318572,23,0,5,2,72,,318553,23,0,5,1,30,,318573,23,0,5,2,70,,318554,23,0,5,1,30,,318574,23,0,5,2,70,,318555,23,0,5,1,32,,318575,23,0,5,2,71,,318556,23,0,5,1,32,,318576,23,0,5,2,72,,318557,23,0,5,1,32,,318577,23,0,5,2,71,,318558,23,0,5,1,72,,318578,23,0,5,2,31,,318559,23,0,5,1,72,,318579,23,0,5,2,31,,318560,23,0,5,1,72,,318580,23,0,5,2,32,,318561,23,0,5,1,73,,318581,23,0,5,2,33,,318562,23,0,5,1,72,,318582,23,0,5,2,32,,318563,23,0,5,1,73,,318583,23,0,5,2,33,,318564,23,0,5,1,72,,318584,23,0,5,2,29,,318565,23,0,5,1,69,,318585,23,0,5,2,28,,318566,23,0,5,1,69,,318586,23,0,5,2,28,,318567,23,0,5,1,68,,318587,23,0,5,2,28,,318568,23,0,5,1
35001,'H56S000A-80-A',2602,,345964,79,0,5,1,54,,345966,79,0,5,1,94,,345963,79,0,5,1,82,,345965,79,0,5,1,84,,345967,79,0,5,2
35001,'H56S000I-80-I',2559,,345971,79,0,5,1,89,,345970,79,0,5,2,87,,345969,79,0,5,1,84,,345968,79,0,5,1,87,,345972,79,0,5,2
35001,'H56S000S-82-S',2558,,345976,79,0,5,2,88,,345975,79,0,5,1,88,,345973,79,0,5,2,85,,345974,79,0,5,1,88,,345977,79,0,5,1
35001,'H56S100F-80-F1',2559,,345981,79,0,5,1,89,,345980,79,0,5,2,87,,345979,79,0,5,1,84,,345978,79,0,5,1,87,,345982,79,0,5,2
35001,'H56S200F-80-F2',2559,,345986,79,0,5,1,89,,345985,79,0,5,2,87,,345984,79,0,5,1,84,,345983,79,0,5,1,87,,345987,79,0,5,2
