12101,'H58S000A-80-A',527,,321010,34,0,5,1,29,,321006,34,0,5,1,70,,321013,34,0,5,1,75,,321011,34,0,5,1,30,,321007,34,0,5,1,73,,321019,34,0,5,1,31,,321014,34,0,5,1,70,,321012,34,0,5,1,29,,321008,34,0,5,1,23,,321020,34,0,5,1,67,,321049,34,0,5,1,21,,321015,34,0,5,1,60,,321033,34,0,5,1,20,,321041,34,0,5,1,17,,321009,34,0,5,1,15,,321021,34,0,5,1,55,,321029,34,0,5,1,16,,321050,34,0,5,1,15,,321025,34,0,5,1,14,,321016,34,0,5,1,54,,321063,34,0,5,1,12,,321034,34,0,5,1,12,,321042,34,0,5,1,12,,321057,34,0,5,1,53,,321022,34,0,5,1,15,,321030,34,0,5,1,15,,321066,34,0,5,1,12,,321051,34,0,5,1,12,,321026,34,0,5,1,53,,321017,34,0,5,1,12,,321064,34,0,5,1,12,,321035,34,0,5,1,13,,321043,34,0,5,1,12,,321058,34,0,5,1,51,,321023,34,0,5,1,11,,321069,34,0,5,1,11,,321031,34,0,5,1,12,,321067,34,0,5,1,12,,321052,34,0,5,1,51,,321027,34,0,5,1,12,,321018,34,0,5,1,12,,321065,34,0,5,1,13,,321036,34,0,5,1,12,,321044,34,0,5,1,52,,321032,34,0,5,1,12,,321059,34,0,5,1,12,,321024,34,0,5,1,13,,321068,34,0,5,1,15,,321053,34,0,5,1,57,,321028,34,0,5,1,21,,321037,34,0,5,1,24,,321045,34,0,5,1,66,,321060,34,0,5,1,29,,321054,34,0,5,1,69,,321038,34,0,5,1,30,,321046,34,0,5,1,70,,321061,34,0,5,1,31,,321055,34,0,5,1,70,,321039,34,0,5,1,26,,321047,34,0,5,1,69,,321062,34,0,5,1,30,,321056,34,0,5,1,72,,321040,34,0,5,1,33,,321048,34,0,5,1
12101,'H58S000I-80-I',526,,321077,34,0,5,1,75,,321070,34,0,5,1,30,,321088,34,0,5,1,70,,321078,34,0,5,1,32,,321071,34,0,5,1,73,,321089,34,0,5,1,30,,321079,34,0,5,1,71,,321095,34,0,5,1,28,,321072,34,0,5,1,23,,321090,34,0,5,1,64,,321113,34,0,5,1,21,,321080,34,0,5,1,59,,321104,34,0,5,1,19,,321096,34,0,5,1,19,,321073,34,0,5,1,18,,321091,34,0,5,1,57,,321117,34,0,5,1,17,,321114,34,0,5,1,17,,321081,34,0,5,1,58,,321105,34,0,5,1,19,,321097,34,0,5,1,16,,321074,34,0,5,1,15,,321092,34,0,5,1,56,,321106,34,0,5,1,20,,321118,34,0,5,1,20,,321082,34,0,5,1,60,,321120,34,0,5,1,18,,321098,34,0,5,1,17,,321075,34,0,5,1,54,,321093,34,0,5,1,15,,321107,34,0,5,1,15,,321115,34,0,5,1,15,,321119,34,0,5,1,57,,321083,34,0,5,1,16,,321121,34,0,5,1,16,,321099,34,0,5,1,16,,321076,34,0,5,1,56,,321094,34,0,5,1,14,,321108,34,0,5,1,14,,321116,34,0,5,1,19,,321084,34,0,5,1,64,,321122,34,0,5,1,28,,321100,34,0,5,1,70,,321109,34,0,5,1,29,,321085,34,0,5,1,70,,321123,34,0,5,1,31,,321101,34,0,5,1,68,,321110,34,0,5,1,29,,321086,34,0,5,1,71,,321124,34,0,5,1,30,,321102,34,0,5,1,71,,321111,34,0,5,1,29,,321087,34,0,5,1,69,,321103,34,0,5,1,32,,321112,34,0,5,1
12101,'H58S000S-83-S',529,,321138,34,0,5,1,25,,321155,34,0,5,1,71,,321132,34,0,5,1,11,,321140,34,0,5,1,10,,321150,34,0,5,1,10,,321166,34,0,5,1,52,,321174,34,0,5,1,10,,321175,34,0,5,1,9,,321139,34,0,5,1,6,,321125,34,0,5,1,7,,321181,34,0,5,1,7,,321156,34,0,5,1,5,,321182,34,0,5,1,6,,321201,34,0,5,1,46,,321183,34,0,5,1,7,,321190,34,0,5,1,8,,321196,34,0,5,1,10,,321133,34,0,5,1,11,,321141,34,0,5,1,10,,321151,34,0,5,1,9,,321202,34,0,5,1,49,,321167,34,0,5,1,9,,321203,34,0,5,1,11,,321176,34,0,5,1,11,,321126,34,0,5,1,11,,321157,34,0,5,1,51,,321184,34,0,5,1,11,,321191,34,0,5,1,11,,321197,34,0,5,1,11,,321134,34,0,5,1,11,,321142,34,0,5,1,12,,321152,34,0,5,1,51,,321168,34,0,5,1,12,,321204,34,0,5,1,12,,321177,34,0,5,1,12,,321127,34,0,5,1,12,,321158,34,0,5,1,53,,321185,34,0,5,1,12,,321192,34,0,5,1,12,,321198,34,0,5,1,13,,321135,34,0,5,1,12,,321143,34,0,5,1,52,,321153,34,0,5,1,12,,321169,34,0,5,1,12,,321178,34,0,5,1,12,,321128,34,0,5,1,12,,321159,34,0,5,1,52,,321186,34,0,5,1,12,,321193,34,0,5,1,12,,321199,34,0,5,1,13,,321136,34,0,5,1,53,,321205,34,0,5,1,12,,321144,34,0,5,1,14,,321154,34,0,5,1,13,,321170,34,0,5,1,12,,321179,34,0,5,1,6,,321129,34,0,5,1,49,,321160,34,0,5,1,9,,321222,34,0,5,1,8,,321187,34,0,5,1,7,,321194,34,0,5,1,7,,321213,34,0,5,1,7,,321200,34,0,5,1,7,,321215,34,0,5,1,7,,321211,34,0,5,1,46,,321216,34,0,5,1,7,,321137,34,0,5,1,7,,321206,34,0,5,1,6,,321225,34,0,5,1,7,,321145,34,0,5,1,7,,321224,34,0,5,1,6,,321220,34,0,5,1,7,,321195,34,0,5,1,6,,321171,34,0,5,1,45,,321180,34,0,5,1,6,,321130,34,0,5,1,8,,321161,34,0,5,1,9,,321223,34,0,5,1,10,,321188,34,0,5,1,12,,321214,34,0,5,1,12,,321212,34,0,5,1,51,,321217,34,0,5,1,12,,321207,34,0,5,1,12,,321146,34,0,5,1,12,,321221,34,0,5,1,11,,321172,34,0,5,1,50,,321131,34,0,5,1,12,,321162,34,0,5,1,11,,321189,34,0,5,1,24,,321218,34,0,5,1,64,,321208,34,0,5,1,24,,321147,34,0,5,1,63,,321173,27,0,5,1,7,,321163,34,0,5,1,30,,321219,34,0,5,1,69,,321209,34,0,5,1,31,,321148,34,0,5,1,72,,321164,34,0,5,1,29,,321210,34,0,5,1,72,,321149,34,0,5,1,32,,321165,34,0,5,1
12101,'H58S100F-80-F1',526,,321233,34,0,5,1,75,,321226,34,0,5,1,30,,321240,34,0,5,1,70,,321234,34,0,5,1,32,,321227,34,0,5,1,73,,321241,34,0,5,1,30,,321235,34,0,5,1,71,,321254,34,0,5,1,28,,321228,34,0,5,1,23,,321242,34,0,5,1,64,,321267,34,0,5,1,21,,321236,34,0,5,1,59,,321263,34,0,5,1,19,,321255,34,0,5,1,19,,321229,34,0,5,1,18,,321243,34,0,5,1,57,,321273,34,0,5,1,17,,321268,34,0,5,1,17,,321237,34,0,5,1,58,,321264,34,0,5,1,19,,321256,34,0,5,1,16,,321230,34,0,5,1,15,,321251,34,0,5,1,56,,321244,34,0,5,1,20,,321274,34,0,5,1,20,,321238,34,0,5,1,60,,321276,34,0,5,1,18,,321257,34,0,5,1,17,,321231,34,0,5,1,54,,321252,34,0,5,1,15,,321245,34,0,5,1,15,,321265,34,0,5,1,15,,321275,34,0,5,1,57,,321239,34,0,5,1,16,,321277,34,0,5,1,16,,321258,34,0,5,1,16,,321232,34,0,5,1,56,,321253,34,0,5,1,14,,321246,34,0,5,1,14,,321266,34,0,5,1,19,,321269,34,0,5,1,64,,321278,34,0,5,1,28,,321259,34,0,5,1,70,,321247,34,0,5,1,29,,321270,34,0,5,1,70,,321279,34,0,5,1,31,,321260,34,0,5,1,68,,321248,34,0,5,1,29,,321271,34,0,5,1,71,,321280,34,0,5,1,30,,321261,34,0,5,1,71,,321249,34,0,5,1,29,,321272,34,0,5,1,69,,321262,34,0,5,1,32,,321250,34,0,5,1
12101,'H58S200F-80-F2',526,,321293,34,0,5,1,75,,321286,34,0,5,1,30,,321300,34,0,5,1,70,,321294,34,0,5,1,32,,321287,34,0,5,1,73,,321301,34,0,5,1,30,,321295,34,0,5,1,71,,321311,34,0,5,1,28,,321288,34,0,5,1,23,,321302,34,0,5,1,64,,321322,34,0,5,1,21,,321296,34,0,5,1,59,,321320,34,0,5,1,19,,321312,34,0,5,1,19,,321289,34,0,5,1,18,,321303,34,0,5,1,57,,321328,34,0,5,1,17,,321323,34,0,5,1,17,,321297,34,0,5,1,58,,321321,34,0,5,1,19,,321313,34,0,5,1,16,,321290,34,0,5,1,15,,321281,34,0,5,1,56,,321304,34,0,5,1,20,,321329,34,0,5,1,20,,321298,34,0,5,1,60,,321331,34,0,5,1,18,,321314,34,0,5,1,17,,321291,34,0,5,1,54,,321282,34,0,5,1,15,,321305,34,0,5,1,15,,321284,34,0,5,1,15,,321330,34,0,5,1,57,,321299,34,0,5,1,16,,321332,34,0,5,1,16,,321315,34,0,5,1,16,,321292,34,0,5,1,56,,321283,34,0,5,1,14,,321306,34,0,5,1,14,,321285,34,0,5,1,19,,321324,34,0,5,1,64,,321333,34,0,5,1,28,,321316,34,0,5,1,70,,321307,34,0,5,1,29,,321325,34,0,5,1,70,,321334,34,0,5,1,31,,321317,34,0,5,1,68,,321308,34,0,5,1,29,,321326,34,0,5,1,71,,321335,34,0,5,1,30,,321318,34,0,5,1,71,,321309,34,0,5,1,29,,321327,34,0,5,1,69,,321319,34,0,5,1,32,,321310,34,0,5,1
37801,'H60S000A-80-A',2606,,347259,51,0,5,1,48,,347256,51,0,5,1,93,,347257,51,0,5,1,92,,347258,51,0,5,1
37801,'H60S000I-81-I',2605,,347261,51,0,5,1,50,,347263,51,0,5,1,91,,347260,51,0,5,1,93,,347262,51,0,5,1
37801,'H60S000S-83-S',2603,,347266,51,0,5,1,51,,347264,51,0,5,1,96,,347267,51,0,5,1,92,,347265,51,0,5,1
37801,'H60S100F-80-F1',2605,,347268,51,0,5,1,50,,347271,51,0,5,1,91,,347270,51,0,5,1,93,,347269,51,0,5,1
37801,'H60S200F-80-F2',2605,,347272,51,0,5,1,50,,347275,51,0,5,1,91,,347274,51,0,5,1,93,,347273,51,0,5,1
