5504,'H58S000A-80-A',519,,303040,23,0,9,1,31,,303045,23,0,9,1,73,,303030,23,0,9,1,31,,303057,23,0,9,1,71,,303047,23,0,9,2,32,,303053,23,0,9,1,67,,303031,23,0,9,1,30,,303058,23,0,9,1,71,,303048,23,0,9,2,30,,303054,23,0,9,1,71,,303032,23,0,9,1,19,,303063,23,0,9,1,60,,303059,23,0,9,1,20,,303066,23,0,9,1,20,,303036,23,0,9,1,59,,303055,23,0,9,1,11,,303049,23,0,9,1,12,,303071,23,0,9,1,15,,303033,23,0,9,1,13,,303073,23,0,9,1,51,,303064,23,0,9,1,10,,303042,23,0,9,1,11,,303060,23,0,9,1,10,,303074,23,0,9,2,10,,303077,23,0,9,1,11,,303067,23,0,9,1,50,,303037,23,0,9,1,10,,303081,23,0,9,2,10,,303056,23,0,9,1,10,,303050,23,0,9,1,9,,303083,23,0,9,2,10,,303072,23,0,9,1,50,,303087,23,0,9,1,10,,303034,23,0,9,1,10,,303065,23,0,9,1,10,,303092,23,0,9,2,9,,303043,23,0,9,1,9,,303061,23,0,9,1,51,,303075,23,0,9,2,10,,303078,23,0,9,1,10,,303068,23,0,9,1,10,,303038,23,0,9,1,10,,303082,23,0,9,2,11,,303051,23,0,9,1,55,,303084,23,0,9,2,14,,303088,23,0,9,1,15,,303035,23,0,9,1,16,,303041,23,0,9,1,55,,303062,23,0,9,1,14,,303076,23,0,9,2,15,,303079,23,0,9,1,11,,303039,23,0,9,1,55,,303093,23,0,9,1,14,,303052,23,0,9,1,15,,303085,23,0,9,1,16,,303046,23,0,9,1,69,,303069,23,0,9,1,30,,303080,23,0,9,1,70,,303089,23,0,9,1,28,,303086,23,0,9,1,67,,303029,23,0,9,1,27,,303094,23,0,9,1,67,,303090,23,0,9,1,27,,303028,23,0,9,2,71,,303044,23,0,9,1,30,,303070,23,0,9,2,69,,303091,23,0,9,1
5504,'H58S000I-80-I',520,,303097,23,0,9,1,27,,303115,23,0,9,2,70,,303116,23,0,9,1,30,,303104,23,0,9,1,70,,303098,23,0,9,1,34,,303110,23,0,9,1,71,,303117,23,0,9,1,31,,303105,23,0,9,1,72,,303099,23,0,9,1,31,,303111,23,0,9,1,67,,303118,23,0,9,1,30,,303106,23,0,9,1,70,,303125,23,0,9,1,15,,303095,23,0,9,2,15,,303100,23,0,9,1,56,,303112,23,0,9,1,15,,303129,23,0,9,2,16,,303119,23,0,9,1,15,,303120,23,0,9,1,55,,303107,23,0,9,1,15,,303131,23,0,9,1,12,,303128,23,0,9,1,12,,303126,23,0,9,1,51,,303096,23,0,9,2,11,,303101,23,0,9,1,14,,303113,23,0,9,1,15,,303133,23,0,9,1,15,,303130,23,0,9,2,54,,303134,23,0,9,1,15,,303108,23,0,9,1,15,,303139,23,0,9,1,16,,303132,23,0,9,1,55,,303127,23,0,9,1,15,,303102,23,0,9,1,20,,303114,23,0,9,1,61,,303121,23,0,9,1,21,,303135,23,0,9,1,22,,303109,23,0,9,1,66,,303143,23,0,9,1,28,,303103,23,0,9,1,70,,303122,23,0,9,1,26,,303136,23,0,9,1,70,,303140,23,0,9,2,30,,303144,23,0,9,1,71,,303123,23,0,9,1,29,,303137,23,0,9,1,71,,303141,23,0,9,2,31,,303145,23,0,9,1,71,,303124,23,0,9,1,33,,303138,23,0,9,1,68,,303142,23,0,9,2,27,,303146,23,0,9,1
5504,'H58S000S-83-S',522,,303151,23,0,9,1,107,,303174,23,0,9,1,75,,303165,23,0,9,2,13,,303152,23,0,9,1,12,,303147,23,0,9,1,13,,303172,23,0,9,1,12,,303173,23,0,9,2,50,,303167,23,0,9,1,12,,303177,23,0,9,1,12,,303171,23,0,9,2,11,,303181,23,0,9,1,11,,303175,23,0,9,1,51,,303157,23,0,9,1,12,,303176,23,0,9,2,10,,303185,23,0,9,1,10,,303166,23,0,9,2,9,,303153,23,0,9,1,12,,303148,23,0,9,1,61,,303168,23,0,9,1,22,,303178,23,0,9,1,19,,303182,23,0,9,1,60,,303158,23,0,9,1,21,,303186,23,0,9,1,21,,303154,23,0,9,1,60,,303149,23,0,9,1,23,,303169,23,0,9,1,62,,303179,23,0,9,1,22,,303183,23,0,9,1,21,,303159,23,0,9,1,61,,303188,23,0,9,1,21,,303155,23,0,9,1,20,,303150,23,0,9,1,59,,303170,23,0,9,1,23,,303180,23,0,9,1,19,,303191,23,0,9,1,56,,303184,23,0,9,1,15,,303160,23,0,9,1,15,,303189,23,0,9,1,15,,303192,23,0,9,1,56,,303156,23,0,9,1,25,,303190,23,0,9,1,27,,303163,23,0,9,1,66,,303198,23,0,9,1,24,,303161,23,0,9,1,67,,303193,23,0,9,1,25,,303202,23,0,9,2,69,,303164,23,0,9,1,29,,303199,23,0,9,1,69,,303162,23,0,9,1,30,,303194,23,0,9,1,71,,303196,23,0,9,1,29,,303200,23,0,9,1,72,,303187,23,0,9,1,32,,303195,23,0,9,1,70,,303197,23,0,9,1,28,,303201,23,0,9,1
5504,'H58S100F-80-F1',520,,303212,23,0,9,1,27,,303222,23,0,9,1,70,,303203,23,0,9,1,30,,303214,23,0,9,1,70,,303225,23,0,9,1,34,,303223,23,0,9,1,71,,303204,23,0,9,1,31,,303215,23,0,9,1,72,,303226,23,0,9,1,31,,303233,23,0,9,1,67,,303205,23,0,9,1,30,,303216,23,0,9,1,70,,303224,23,0,9,1,15,,303210,23,0,9,1,15,,303227,23,0,9,1,56,,303234,23,0,9,1,15,,303213,23,0,9,1,16,,303206,23,0,9,1,15,,303237,23,0,9,2,55,,303217,23,0,9,1,15,,303238,23,0,9,1,12,,303231,23,0,9,1,12,,303208,23,0,9,1,51,,303211,23,0,9,1,11,,303228,23,0,9,1,14,,303235,23,0,9,1,15,,303239,23,0,9,1,15,,303207,23,0,9,1,54,,303240,23,0,9,1,15,,303218,23,0,9,1,15,,303245,23,0,9,1,16,,303232,23,0,9,1,55,,303209,23,0,9,1,15,,303229,23,0,9,1,20,,303236,23,0,9,1,61,,303246,23,0,9,1,21,,303241,23,0,9,1,22,,303250,23,0,9,2,66,,303251,23,0,9,1,28,,303230,23,0,9,1,70,,303247,23,0,9,1,26,,303242,23,0,9,1,70,,303219,23,0,9,1,30,,303252,23,0,9,1,71,,303248,23,0,9,1,29,,303243,23,0,9,1,71,,303220,23,0,9,1,31,,303253,23,0,9,1,71,,303249,23,0,9,1,33,,303244,23,0,9,1,68,,303221,23,0,9,1,27,,303254,23,0,9,1
5504,'H58S200F-80-F2',520,,303305,23,0,9,1,27,,303290,23,0,9,1,70,,303280,23,0,9,1,30,,303285,23,0,9,1,70,,303293,23,0,9,1,34,,303291,23,0,9,1,71,,303281,23,0,9,1,31,,303286,23,0,9,1,72,,303294,23,0,9,1,31,,303299,23,0,9,1,67,,303282,23,0,9,1,30,,303287,23,0,9,1,70,,303292,23,0,9,1,15,,303264,23,0,9,1,15,,303295,23,0,9,1,56,,303300,23,0,9,1,15,,303306,23,0,9,1,16,,303283,23,0,9,1,15,,303255,23,0,9,2,55,,303288,23,0,9,1,15,,303256,23,0,9,1,12,,303260,23,0,9,1,12,,303262,23,0,9,1,51,,303265,23,0,9,1,11,,303296,23,0,9,1,14,,303301,23,0,9,1,15,,303303,23,0,9,1,15,,303284,23,0,9,1,54,,303267,23,0,9,1,15,,303289,23,0,9,1,15,,303266,23,0,9,1,16,,303261,23,0,9,1,55,,303263,23,0,9,1,15,,303297,23,0,9,1,20,,303302,23,0,9,1,61,,303272,23,0,9,1,21,,303268,23,0,9,1,22,,303304,23,0,9,2,66,,303276,23,0,9,1,28,,303298,23,0,9,1,70,,303273,23,0,9,1,26,,303269,23,0,9,1,70,,303257,23,0,9,1,30,,303277,23,0,9,1,71,,303274,23,0,9,1,29,,303270,23,0,9,1,71,,303258,23,0,9,1,31,,303278,23,0,9,1,71,,303275,23,0,9,1,33,,303271,23,0,9,1,68,,303259,23,0,9,1,27,,303279,23,0,9,1
5504,'H60S000S-83-S',554,,303307,23,0,9,1
36304,'H51S000A-80-A',2606,,346756,23,0,9,1,44,,346755,23,0,9,1,82,,346758,23,0,9,2,84,,346757,23,0,9,1,85,,346759,23,0,9,2
36304,'H51S000I-80-I',2513,,346763,23,0,9,2,90,,346760,23,0,9,1,45,,346764,23,0,9,2,86,,346761,23,0,9,1,79,,346765,23,0,9,2,45,,346762,23,0,9,1
36304,'H51S000S-81-S',2521,,346769,23,0,9,2,85,,346766,23,0,9,1,46,,346770,23,0,9,2,83,,346768,23,0,9,1,84,,346771,23,0,9,2,40,,346767,23,0,9,1
36304,'H51S100F-80-F1',2513,,346775,23,0,9,2,90,,346774,23,0,9,1,45,,346776,23,0,9,2,86,,346772,23,0,9,1,79,,346777,23,0,9,2,45,,346773,23,0,9,1
36304,'H51S200F-80-F2',2513,,346781,23,0,9,2,90,,346780,23,0,9,1,45,,346782,23,0,9,2,86,,346778,23,0,9,1,79,,346783,23,0,9,2,45,,346779,23,0,9,1
