12403,'H50S000A-82-A',615,,322050,22,0,8,2,30,,322082,22,0,8,1,70,,322046,22,0,8,2,30,,322060,22,0,8,2,70,,322055,22,0,8,1,31,,322047,22,0,8,2,71,,322061,22,0,8,2,31,,322056,22,0,8,1,70,,322066,22,0,8,1,29,,322062,22,0,8,2,69,,322073,22,0,8,2,31,,322067,22,0,8,1,71,,322051,22,0,8,2,30,,322076,22,0,8,1,70,,322079,22,0,8,2,30,,322057,22,0,8,1,70,,322071,22,0,8,1,30,,322063,22,0,8,2,70,,322074,22,0,8,2,30,,322068,22,0,8,1,70,,322052,22,0,8,2,31,,322077,22,0,8,1,69,,322080,22,0,8,2,29,,322058,22,0,8,1,70,,322072,22,0,8,1,30,,322064,22,0,8,2,69,,322075,22,0,8,2,30,,322069,22,0,8,1,70,,322053,22,0,8,2,30,,322078,22,0,8,1,70,,322081,22,0,8,2,29,,322059,22,0,8,1,70,,322048,22,0,8,1,30,,322065,22,0,8,2,70,,322049,22,0,8,2,30,,322070,22,0,8,1,67,,322054,22,0,8,2
12403,'H50S000I-82-I',656,,322091,22,0,8,1,72,,322104,22,0,8,2,31,,322102,22,0,8,2,70,,322083,22,0,8,1,29,,322110,22,0,8,1,70,,322087,22,0,8,2,30,,322098,22,0,8,1,69,,322092,22,0,8,1,28,,322105,22,0,8,2,74,,322103,22,0,8,2,72,,322084,22,0,8,1,30,,322111,22,0,8,1,69,,322088,22,0,8,2,30,,322099,22,0,8,1,70,,322093,22,0,8,1,30,,322106,22,0,8,2,27,,322114,22,0,8,2,73,,322094,22,0,8,1,70,,322107,22,0,8,2,29,,322115,22,0,8,2,30,,322095,22,0,8,1,71,,322108,22,0,8,2,71,,322085,22,0,8,1,33,,322112,22,0,8,1,70,,322089,22,0,8,2,30,,322100,22,0,8,1,71,,322116,22,0,8,2,29,,322096,22,0,8,1,67,,322109,22,0,8,2,29,,322086,22,0,8,1,70,,322113,22,0,8,1,30,,322090,22,0,8,2,70,,322101,22,0,8,1,26,,322117,22,0,8,2,28,,322097,22,0,8,1,62,,322118,22,0,8,1
12403,'H50S000S-82-S',550,,322147,22,0,8,1,70,,322129,22,0,8,1,29,,322149,22,0,8,1,70,,322148,22,0,8,1,33,,322130,22,0,8,1,71,,322131,22,0,8,1,29,,322119,22,0,8,2,68,,322125,22,0,8,1,28,,322137,22,0,8,2,71,,322132,22,0,8,1,31,,322126,22,0,8,1,70,,322138,22,0,8,2,31,,322133,22,0,8,1,71,,322127,22,0,8,1,30,,322139,22,0,8,2,71,,322134,22,0,8,1,32,,322128,22,0,8,1,72,,322140,22,0,8,2,31,,322135,22,0,8,1,70,,322145,22,0,8,1,29,,322150,22,0,8,1,68,,322141,22,0,8,2,30,,322136,22,0,8,1,69,,322146,22,0,8,1,31,,322151,22,0,8,1,71,,322142,22,0,8,2,31,,322120,22,0,8,1,71,,322152,22,0,8,1,29,,322143,22,0,8,2,70,,322121,22,0,8,1,29,,322153,22,0,8,1,67,,322144,22,0,8,2,29,,322122,22,0,8,1,69,,322154,22,0,8,1,29,,322155,22,0,8,1,69,,322123,22,0,8,1,27,,322124,22,0,8,1,67,,322156,22,0,8,1
12403,'H50S100F-80-F1',656,,322165,22,0,8,1,72,,322178,22,0,8,2,31,,322176,22,0,8,2,70,,322157,22,0,8,1,29,,322184,22,0,8,1,70,,322161,22,0,8,2,30,,322172,22,0,8,1,69,,322166,22,0,8,1,28,,322179,22,0,8,2,74,,322177,22,0,8,2,72,,322158,22,0,8,1,30,,322185,22,0,8,1,69,,322162,22,0,8,2,30,,322173,22,0,8,1,70,,322167,22,0,8,1,30,,322180,22,0,8,2,27,,322188,22,0,8,2,73,,322168,22,0,8,1,70,,322181,22,0,8,2,29,,322189,22,0,8,2,30,,322169,22,0,8,1,71,,322182,22,0,8,2,71,,322159,22,0,8,1,33,,322186,22,0,8,1,70,,322163,22,0,8,2,30,,322174,22,0,8,1,71,,322190,22,0,8,2,29,,322170,22,0,8,1,67,,322183,22,0,8,2,29,,322160,22,0,8,1,70,,322187,22,0,8,1,30,,322164,22,0,8,2,70,,322175,22,0,8,1,26,,322191,22,0,8,2,28,,322171,22,0,8,1,62,,322192,22,0,8,1
12403,'H50S200F-80-F2',656,,322201,22,0,8,1,72,,322214,22,0,8,2,31,,322212,22,0,8,2,70,,322193,22,0,8,1,29,,322220,22,0,8,1,70,,322197,22,0,8,2,30,,322208,22,0,8,1,69,,322202,22,0,8,1,28,,322215,22,0,8,2,74,,322213,22,0,8,2,72,,322194,22,0,8,1,30,,322221,22,0,8,1,69,,322198,22,0,8,2,30,,322209,22,0,8,1,70,,322203,22,0,8,1,30,,322216,22,0,8,2,27,,322224,22,0,8,2,73,,322204,22,0,8,1,70,,322217,22,0,8,2,29,,322225,22,0,8,2,30,,322205,22,0,8,1,71,,322218,22,0,8,2,71,,322195,22,0,8,1,33,,322222,22,0,8,1,70,,322199,22,0,8,2,30,,322210,22,0,8,1,71,,322226,22,0,8,2,29,,322206,22,0,8,1,67,,322219,22,0,8,2,29,,322196,22,0,8,1,70,,322223,22,0,8,1,30,,322200,22,0,8,2,70,,322211,22,0,8,1,26,,322227,22,0,8,2,28,,322207,22,0,8,1,62,,322228,22,0,8,1
36802,'H57S000A-80-A',2634,,346929,55,0,10,1,19,,346927,55,0,10,1,59,,346925,55,0,10,1,30,,346931,55,0,10,1,70,,346926,55,0,10,2,37,,346930,55,0,10,1,80,,346928,55,0,10,1
36802,'H57S000I-80-I',2629,,346935,55,0,10,1,85,,346932,55,0,10,1,42,,346933,55,0,10,1,89,,346934,55,0,10,1,86,,346936,55,0,10,1
36802,'H57S000S-80-S',2629,,346940,55,0,10,1,81,,346938,55,0,10,1,94,,346937,55,0,10,1,54,,346939,55,0,10,1,77,,346941,55,0,10,1
36802,'H57S100F-80-F1',2629,,346945,55,0,10,1,85,,346942,55,0,10,1,42,,346943,55,0,10,1,89,,346944,55,0,10,1,86,,346946,55,0,10,1
36802,'H57S200F-80-F2',2629,,346950,55,0,10,1,85,,346947,55,0,10,1,42,,346948,55,0,10,1,89,,346949,55,0,10,1,86,,346951,55,0,10,1
