2901,'H59S000A-80-A',635,,293553,19,0,5,1,70,,293558,19,0,5,1,29,,293554,19,0,5,1,68,,293559,19,0,5,1,31,,293555,19,0,5,1,72,,293560,19,0,5,1,31,,293556,19,0,5,1,70,,293572,19,0,5,2,32,,293561,19,0,5,1,71,,293546,19,0,5,2,31,,293573,19,0,5,2,73,,293562,19,0,5,1,32,,293547,19,0,5,2,69,,293574,19,0,5,2,28,,293563,19,0,5,1,69,,293548,19,0,5,2,30,,293575,19,0,5,2,70,,293564,19,0,5,1,30,,293549,19,0,5,2,70,,293576,19,0,5,2,30,,293565,19,0,5,1,69,,293550,19,0,5,2,30,,293577,19,0,5,2,71,,293566,19,0,5,1,30,,293551,19,0,5,2,73,,293578,19,0,5,2,35,,293567,19,0,5,1,76,,293579,19,0,5,2,78,,293568,19,0,5,1,108,,293569,19,0,5,1,108,,293570,19,0,5,1,105,,293571,19,0,5,1
2901,'H59S000I-81-I',631,,293591,19,0,5,1,72,,293599,19,0,5,2,33,,293592,19,0,5,1,71,,293600,19,0,5,2,28,,293593,19,0,5,1,68,,293601,19,0,5,2,32,,293594,19,0,5,1,72,,293602,19,0,5,2,31,,293595,19,0,5,1,73,,293603,19,0,5,2,34,,293596,19,0,5,1,73,,293604,19,0,5,1,33,,293580,19,0,5,1,73,,293597,19,0,5,1,33,,293605,19,0,5,2,74,,293581,19,0,5,1,73,,293610,19,0,5,2,31,,293606,19,0,5,2,70,,293582,19,0,5,1,28,,293611,19,0,5,2,69,,293607,19,0,5,2,28,,293583,19,0,5,1,28,,293612,19,0,5,2,67,,293608,19,0,5,2,32,,293584,19,0,5,1,75,,293609,19,0,5,2,81,,293585,19,0,5,1,103,,293586,19,0,5,1,104,,293587,19,0,5,1,101,,293588,19,0,5,1,98,,293589,19,0,5,1
2901,'H59S000S-80-S',641,,293616,19,0,5,1,71,,293639,19,0,5,2,30,,293631,19,0,5,2,70,,293617,19,0,5,1,30,,293640,19,0,5,2,64,,293632,19,0,5,2,27,,293618,19,0,5,1,24,,293641,19,0,5,2,68,,293633,19,0,5,2,30,,293619,19,0,5,1,72,,293644,19,0,5,2,32,,293634,19,0,5,2,72,,293620,19,0,5,1,72,,293645,19,0,5,2,31,,293635,19,0,5,2,72,,293621,19,0,5,1,33,,293646,19,0,5,2,73,,293636,19,0,5,2,38,,293622,19,0,5,1,72,,293642,19,0,5,2,30,,293637,19,0,5,2,73,,293623,19,0,5,1,30,,293643,19,0,5,2,72,,293613,19,0,5,1,32,,293624,19,0,5,1,72,,293614,19,0,5,1,80,,293625,19,0,5,1,106,,293626,19,0,5,1,102,,293627,19,0,5,1,102,,293628,19,0,5,1,101,,293629,19,0,5,1,96,,293630,19,0,5,1
2901,'H59S100F-80-F1',631,,293648,19,0,5,1,72,,293666,19,0,5,2,33,,293649,19,0,5,1,71,,293667,19,0,5,2,28,,293650,19,0,5,1,68,,293668,19,0,5,2,32,,293651,19,0,5,1,72,,293669,19,0,5,2,31,,293652,19,0,5,1,73,,293670,19,0,5,2,34,,293653,19,0,5,1,73,,293679,19,0,5,1,33,,293655,19,0,5,1,73,,293654,19,0,5,1,33,,293671,19,0,5,2,74,,293656,19,0,5,1,73,,293676,19,0,5,2,31,,293672,19,0,5,2,70,,293657,19,0,5,1,28,,293677,19,0,5,2,69,,293673,19,0,5,2,28,,293658,19,0,5,1,28,,293678,19,0,5,2,67,,293674,19,0,5,2,32,,293659,19,0,5,1,75,,293675,19,0,5,2,81,,293660,19,0,5,1,103,,293661,19,0,5,1,104,,293662,19,0,5,1,101,,293663,19,0,5,1,98,,293664,19,0,5,1
2901,'H59S200F-80-F2',631,,293681,19,0,5,1,72,,293699,19,0,5,2,33,,293682,19,0,5,1,71,,293700,19,0,5,2,28,,293683,19,0,5,1,68,,293701,19,0,5,2,32,,293684,19,0,5,1,72,,293702,19,0,5,2,31,,293685,19,0,5,1,73,,293703,19,0,5,2,34,,293686,19,0,5,1,73,,293712,19,0,5,1,33,,293688,19,0,5,1,73,,293687,19,0,5,1,33,,293704,19,0,5,2,74,,293689,19,0,5,1,73,,293709,19,0,5,2,31,,293705,19,0,5,2,70,,293690,19,0,5,1,28,,293710,19,0,5,2,69,,293706,19,0,5,2,28,,293691,19,0,5,1,28,,293711,19,0,5,2,67,,293707,19,0,5,2,32,,293692,19,0,5,1,75,,293708,19,0,5,2,81,,293693,19,0,5,1,103,,293694,19,0,5,1,104,,293695,19,0,5,1,101,,293696,19,0,5,1,98,,293697,19,0,5,1
9404,'H59S000A-80-A',530,,312930,23,0,9,1,28,,312935,23,0,9,2,68,,312931,23,0,9,1,30,,312936,23,0,9,2,70,,312932,23,0,9,1,29,,312937,23,0,9,2,69,,312933,23,0,9,1,32,,312938,23,0,9,2,72,,312934,23,0,9,1,73,,312939,23,0,9,2,32,,312960,23,0,9,2,72,,312945,23,0,9,1,33,,312959,23,0,9,2,73,,312961,23,0,9,2,35,,312946,23,0,9,1,72,,312962,23,0,9,1,31,,312947,23,0,9,2,71,,312940,23,0,9,1,28,,312963,23,0,9,1,66,,312948,23,0,9,2,26,,312941,23,0,9,1,67,,312964,23,0,9,1,26,,312949,23,0,9,2,67,,312942,23,0,9,1,26,,312965,23,0,9,1,26,,312950,23,0,9,2,67,,312943,23,0,9,1,25,,312966,23,0,9,1,64,,312951,23,0,9,2,26,,312944,23,0,9,1,66,,312967,23,0,9,1,31,,312952,23,0,9,2,71,,312968,23,0,9,1,31,,312953,23,0,9,2,71,,312969,23,0,9,1,30,,312954,23,0,9,2,71,,312970,23,0,9,1,30,,312955,23,0,9,2,67,,312971,23,0,9,1,28,,312956,23,0,9,2,70,,312972,23,0,9,1,31,,312957,23,0,9,2,71,,312973,23,0,9,1,31,,312958,23,0,9,2
9404,'H59S000I-81-I',529,,312974,23,0,9,1,27,,312985,23,0,9,2,68,,312975,23,0,9,1,29,,312986,23,0,9,2,68,,312976,23,0,9,1,27,,312987,23,0,9,2,68,,312977,23,0,9,1,31,,312988,23,0,9,2,70,,312978,23,0,9,1,31,,312989,23,0,9,2,71,,313003,23,0,9,2,30,,312979,23,0,9,1,70,,312990,23,0,9,2,29,,313004,23,0,9,2,69,,312980,23,0,9,1,32,,312991,23,0,9,2,72,,313005,23,0,9,2,32,,312981,23,0,9,1,70,,312992,23,0,9,2,31,,313006,23,0,9,2,70,,312982,23,0,9,1,30,,312993,23,0,9,2,71,,313007,23,0,9,2,30,,312983,23,0,9,1,72,,312994,23,0,9,2,32,,313008,23,0,9,2,71,,312984,23,0,9,1,71,,312995,23,0,9,2,27,,313009,23,0,9,2,30,,312997,23,0,9,1,71,,313010,23,0,9,2,30,,312998,23,0,9,1,68,,313011,23,0,9,2,29,,312999,23,0,9,1,70,,313012,23,0,9,2,30,,313000,23,0,9,1,71,,313013,23,0,9,2,31,,313001,23,0,9,1,70,,313014,23,0,9,2,77,,313002,23,0,9,1,40,,312996,23,0,9,1
9404,'H59S000S-80-S',530,,313061,23,0,9,1,29,,313016,23,0,9,2,69,,313062,23,0,9,1,23,,313032,23,0,9,2,59,,313017,23,0,9,2,17,,313034,23,0,9,1,17,,313063,23,0,9,1,14,,313055,23,0,9,1,55,,313033,23,0,9,2,17,,313018,23,0,9,2,26,,313035,23,0,9,1,62,,313056,23,0,9,1,26,,313019,23,0,9,2,66,,313036,23,0,9,1,27,,313057,23,0,9,1,68,,313020,23,0,9,2,27,,313037,23,0,9,1,68,,313058,23,0,9,1,27,,313021,23,0,9,2,28,,313038,23,0,9,1,67,,313059,23,0,9,1,26,,313022,23,0,9,2,66,,313039,23,0,9,1,26,,313060,23,0,9,1,63,,313015,23,0,9,2,21,,313023,23,0,9,2,24,,313040,23,0,9,1,62,,313053,23,0,9,2,21,,313049,23,0,9,2,23,,313024,23,0,9,2,63,,313041,23,0,9,1,24,,313054,23,0,9,2,64,,313050,23,0,9,2,25,,313025,23,0,9,2,24,,313042,23,0,9,1,65,,313051,23,0,9,2,22,,313026,23,0,9,2,64,,313043,23,0,9,1,24,,313052,23,0,9,2,25,,313027,23,0,9,2,70,,313044,23,0,9,1,31,,313028,23,0,9,2,73,,313045,23,0,9,1,31,,313029,23,0,9,2,73,,313046,23,0,9,1,72,,313030,23,0,9,2,32,,313047,23,0,9,1,72,,313031,23,0,9,2,38,,313048,23,0,9,1
9404,'H59S100F-80-F1',529,,313087,23,0,9,1,27,,313070,23,0,9,2,68,,313088,23,0,9,1,29,,313071,23,0,9,2,68,,313089,23,0,9,1,27,,313072,23,0,9,2,68,,313090,23,0,9,1,31,,313073,23,0,9,2,70,,313091,23,0,9,1,31,,313074,23,0,9,2,71,,313081,23,0,9,2,30,,313092,23,0,9,1,70,,313075,23,0,9,2,29,,313082,23,0,9,2,69,,313093,23,0,9,1,32,,313076,23,0,9,2,72,,313083,23,0,9,2,32,,313094,23,0,9,1,70,,313077,23,0,9,2,31,,313084,23,0,9,2,70,,313095,23,0,9,1,30,,313078,23,0,9,2,71,,313085,23,0,9,2,30,,313096,23,0,9,1,72,,313079,23,0,9,2,32,,313086,23,0,9,2,71,,313097,23,0,9,1,71,,313080,23,0,9,2,27,,313098,23,0,9,2,30,,313064,23,0,9,1,71,,313099,23,0,9,2,30,,313065,23,0,9,1,68,,313100,23,0,9,2,29,,313066,23,0,9,1,70,,313101,23,0,9,2,30,,313067,23,0,9,1,71,,313102,23,0,9,2,31,,313068,23,0,9,1,70,,313103,23,0,9,2,77,,313069,23,0,9,1,40,,313104,23,0,9,1
9404,'H59S200F-80-F2',529,,313128,23,0,9,1,27,,313111,23,0,9,2,68,,313129,23,0,9,1,29,,313112,23,0,9,2,68,,313130,23,0,9,1,27,,313113,23,0,9,2,68,,313131,23,0,9,1,31,,313114,23,0,9,2,70,,313132,23,0,9,1,31,,313115,23,0,9,2,71,,313122,23,0,9,2,30,,313133,23,0,9,1,70,,313116,23,0,9,2,29,,313123,23,0,9,2,69,,313134,23,0,9,1,32,,313117,23,0,9,2,72,,313124,23,0,9,2,32,,313135,23,0,9,1,70,,313118,23,0,9,2,31,,313125,23,0,9,2,70,,313136,23,0,9,1,30,,313119,23,0,9,2,71,,313126,23,0,9,2,30,,313137,23,0,9,1,72,,313120,23,0,9,2,32,,313127,23,0,9,2,71,,313138,23,0,9,1,71,,313121,23,0,9,2,27,,313139,23,0,9,2,30,,313105,23,0,9,1,71,,313140,23,0,9,2,30,,313106,23,0,9,1,68,,313141,23,0,9,2,29,,313107,23,0,9,1,70,,313142,23,0,9,2,30,,313108,23,0,9,1,71,,313143,23,0,9,2,31,,313109,23,0,9,1,70,,313144,23,0,9,2,77,,313110,23,0,9,1,40,,313145,23,0,9,1
35704,'H59S000A-80-A',2615,,346282,42,0,9,2,85,,346280,42,0,9,1,44,,346283,42,0,9,2,85,,346281,42,0,9,1,86,,346284,42,0,9,2
35704,'H59S000I-81-I',2525,,346285,42,0,9,1,85,,346288,42,0,9,2,45,,346286,42,0,9,1,83,,346289,42,0,9,2,88,,346287,42,0,9,1,85,,346290,42,0,9,2
35704,'H59S000S-80-S',2527,,346294,42,0,9,2,84,,346291,42,0,9,1,44,,346295,42,0,9,2,85,,346292,42,0,9,1,87,,346296,42,0,9,2,85,,346293,42,0,9,1
35704,'H59S100F-80-F1',2525,,346297,42,0,9,1,85,,346300,42,0,9,2,45,,346298,42,0,9,1,83,,346301,42,0,9,2,88,,346299,42,0,9,1,85,,346302,42,0,9,2
35704,'H59S200F-80-F2',2525,,346303,42,0,9,1,85,,346306,42,0,9,2,45,,346304,42,0,9,1,83,,346307,42,0,9,2,88,,346305,42,0,9,1,85,,346308,42,0,9,2
36801,'H57S000A-80-A',2623,,346903,72,0,5,1,84,,346900,72,0,5,2,47,,346902,72,0,5,1,80,,346901,72,0,5,1,84,,346904,72,0,5,1
36801,'H57S000I-80-I',2622,,346905,72,0,5,1,85,,346906,72,0,5,1,45,,346908,72,0,5,1,83,,346909,72,0,5,1,84,,346907,72,0,5,1
36801,'H57S000S-80-S',2623,,346910,72,0,5,1,84,,346913,72,0,5,1,51,,346914,72,0,5,1,76,,346912,72,0,5,1,96,,346911,72,0,5,1
36801,'H57S100F-80-F1',2622,,346915,72,0,5,1,85,,346916,72,0,5,1,45,,346918,72,0,5,1,83,,346919,72,0,5,1,84,,346917,72,0,5,1
36801,'H57S200F-80-F2',2622,,346920,72,0,5,1,85,,346921,72,0,5,1,45,,346923,72,0,5,1,83,,346924,72,0,5,1,84,,346922,72,0,5,1
