18701,'H54S000A-80-A',538,,335744,24,0,5,1,71,,335728,24,0,5,1,31,,335735,24,0,5,1,71,,335745,24,0,5,1,30,,335729,24,0,5,2,70,,335736,24,0,5,1,31,,335746,24,0,5,1,71,,335753,24,0,5,1,36,,335767,24,0,5,1,72,,335747,24,0,5,1,30,,335737,24,0,5,2,69,,335759,24,0,5,1,28,,335748,24,0,5,1,68,,335738,24,0,5,2,29,,335754,24,0,5,1,69,,335749,24,0,5,1,29,,335739,24,0,5,2,68,,335765,24,0,5,2,29,,335750,24,0,5,1,69,,335720,24,0,5,2,25,,335766,24,0,5,2,19,,335768,24,0,5,1,58,,335751,24,0,5,1,19,,335721,24,0,5,2,17,,335740,24,0,5,2,56,,335722,24,0,5,1,15,,335752,24,0,5,1,15,,335724,24,0,5,2,15,,335741,24,0,5,2,52,,335769,24,0,5,1,11,,335727,24,0,5,1,12,,335723,24,0,5,1,12,,335730,24,0,5,1,22,,335725,24,0,5,2,61,,335734,24,0,5,2,21,,335760,24,0,5,1,62,,335731,24,0,5,1,23,,335726,24,0,5,2,22,,335755,24,0,5,1,66,,335761,24,0,5,1,27,,335732,24,0,5,1,68,,335756,24,0,5,1,28,,335762,24,0,5,1,69,,335733,24,0,5,1,31,,335757,24,0,5,1,71,,335763,24,0,5,1,31,,335742,24,0,5,1,72,,335758,24,0,5,1,32,,335764,24,0,5,1,73,,335743,24,0,5,1
18701,'H54S000I-80-I',533,,335771,24,0,5,2,71,,335777,24,0,5,1,30,,335778,24,0,5,1,73,,335772,24,0,5,2,33,,335779,24,0,5,1,73,,335773,24,0,5,2,35,,335812,24,0,5,1,71,,335780,24,0,5,1,30,,335811,24,0,5,2,71,,335813,24,0,5,1,31,,335781,24,0,5,1,71,,335770,24,0,5,1,30,,335814,24,0,5,1,70,,335791,24,0,5,2,30,,335805,24,0,5,1,69,,335782,24,0,5,1,29,,335792,24,0,5,2,67,,335796,24,0,5,2,26,,335783,24,0,5,1,67,,335793,24,0,5,2,22,,335774,24,0,5,2,22,,335797,24,0,5,2,62,,335784,24,0,5,1,22,,335775,24,0,5,2,62,,335794,24,0,5,2,24,,335798,24,0,5,2,24,,335776,24,0,5,2,57,,335785,24,0,5,1,17,,335795,24,0,5,2,17,,335806,24,0,5,1,68,,335799,24,0,5,2,28,,335786,24,0,5,1,68,,335807,24,0,5,1,27,,335800,24,0,5,2,27,,335787,24,0,5,1,67,,335808,24,0,5,1,27,,335801,24,0,5,2,64,,335788,24,0,5,1,25,,335809,24,0,5,1,65,,335802,24,0,5,2,25,,335789,24,0,5,1,72,,335810,24,0,5,1,32,,335803,24,0,5,2,73,,335790,24,0,5,1,33,,335804,24,0,5,2
18701,'H54S000S-80-S',538,,335815,24,0,5,1,70,,335840,24,0,5,1,32,,335884,24,0,5,2,71,,335848,24,0,5,1,34,,335841,24,0,5,1,71,,335849,24,0,5,2,30,,335833,24,0,5,1,66,,335842,24,0,5,1,30,,335850,24,0,5,2,69,,335835,24,0,5,2,29,,335843,24,0,5,1,69,,335851,24,0,5,2,29,,335836,24,0,5,2,69,,335844,24,0,5,1,30,,335852,24,0,5,2,67,,335857,24,0,5,1,25,,335845,24,0,5,1,19,,335859,24,0,5,1,58,,335855,24,0,5,2,16,,335853,24,0,5,2,17,,335858,24,0,5,1,16,,335846,24,0,5,1,57,,335860,24,0,5,1,14,,335864,24,0,5,2,11,,335856,24,0,5,2,11,,335818,24,0,5,2,8,,335871,24,0,5,2,47,,335854,24,0,5,2,6,,335881,24,0,5,2,6,,335837,24,0,5,1,8,,335869,24,0,5,2,7,,335847,24,0,123,1,6,,335878,24,0,5,2,5,,335882,24,0,5,2,5,,335873,24,0,5,2,6,,335816,24,0,5,1,5,,335880,24,0,123,2,46,,335865,24,0,5,2,11,,335861,24,0,5,1,7,,335838,24,0,5,2,5,,335872,24,0,123,2,7,,335839,24,0,5,2,9,,335879,24,0,5,2,10,,335874,24,0,5,2,6,,335883,24,0,123,2,46,,335870,24,0,5,2,8,,335866,24,0,5,2,9,,335817,24,0,5,1,10,,335885,24,0,123,2,10,,335832,24,0,5,1,8,,335862,24,0,5,1,54,,335834,24,0,5,1,14,,335875,24,0,5,2,15,,335825,24,0,5,1,17,,335867,24,0,5,2,58,,335863,24,0,5,1,17,,335829,24,0,5,1,20,,335876,24,0,5,2,61,,335868,24,0,5,2,20,,335830,24,0,5,1,21,,335822,24,0,5,1,60,,335877,24,0,5,2,15,,335826,24,0,5,1,16,,335831,24,0,5,1,21,,335819,24,0,5,2,62,,335823,24,0,5,1,24,,335827,24,0,5,1,64,,335820,24,0,5,2,29,,335824,24,0,5,1,72,,335828,24,0,5,1,32,,335821,24,0,5,2
18701,'H54S100F-80-F1',533,,335887,24,0,5,2,71,,335893,24,0,5,1,30,,335894,24,0,5,1,73,,335888,24,0,5,2,33,,335895,24,0,5,1,73,,335889,24,0,5,2,35,,335928,24,0,5,1,71,,335896,24,0,5,1,30,,335927,24,0,5,2,71,,335929,24,0,5,1,31,,335897,24,0,5,1,71,,335886,24,0,5,1,30,,335930,24,0,5,1,70,,335907,24,0,5,2,30,,335921,24,0,5,1,69,,335898,24,0,5,1,29,,335908,24,0,5,2,67,,335912,24,0,5,2,26,,335899,24,0,5,1,67,,335909,24,0,5,2,22,,335890,24,0,5,2,22,,335913,24,0,5,2,62,,335900,24,0,5,1,22,,335891,24,0,5,2,62,,335910,24,0,5,2,24,,335914,24,0,5,2,24,,335892,24,0,5,2,57,,335901,24,0,5,1,17,,335911,24,0,5,2,17,,335922,24,0,5,1,68,,335915,24,0,5,2,28,,335902,24,0,5,1,68,,335923,24,0,5,1,27,,335916,24,0,5,2,27,,335903,24,0,5,1,67,,335924,24,0,5,1,27,,335917,24,0,5,2,64,,335904,24,0,5,1,25,,335925,24,0,5,1,65,,335918,24,0,5,2,25,,335905,24,0,5,1,72,,335926,24,0,5,1,32,,335919,24,0,5,2,73,,335906,24,0,5,1,33,,335920,24,0,5,2
18701,'H54S200F-80-F2',533,,335932,24,0,5,2,71,,335938,24,0,5,1,30,,335939,24,0,5,1,73,,335933,24,0,5,2,33,,335940,24,0,5,1,73,,335934,24,0,5,2,35,,335973,24,0,5,1,71,,335941,24,0,5,1,30,,335972,24,0,5,2,71,,335974,24,0,5,1,31,,335942,24,0,5,1,71,,335931,24,0,5,1,30,,335975,24,0,5,1,70,,335952,24,0,5,2,30,,335966,24,0,5,1,69,,335943,24,0,5,1,29,,335953,24,0,5,2,67,,335957,24,0,5,2,26,,335944,24,0,5,1,67,,335954,24,0,5,2,22,,335935,24,0,5,2,22,,335958,24,0,5,2,62,,335945,24,0,5,1,22,,335936,24,0,5,2,62,,335955,24,0,5,2,24,,335959,24,0,5,2,24,,335937,24,0,5,2,57,,335946,24,0,5,1,17,,335956,24,0,5,2,17,,335967,24,0,5,1,68,,335960,24,0,5,2,28,,335947,24,0,5,1,68,,335968,24,0,5,1,27,,335961,24,0,5,2,27,,335948,24,0,5,1,67,,335969,24,0,5,1,27,,335962,24,0,5,2,64,,335949,24,0,5,1,25,,335970,24,0,5,1,65,,335963,24,0,5,2,25,,335950,24,0,5,1,72,,335971,24,0,5,1,32,,335964,24,0,5,2,73,,335951,24,0,5,1,33,,335965,24,0,5,2
36201,'H54S000A-80-A',2705,,346656,71,0,5,1,45,,346657,71,0,5,2,85,,346659,71,0,5,1,85,,346658,71,0,5,2
36201,'H54S000I-80-I',2621,,346662,71,0,5,2,84,,346660,71,0,5,1,44,,346664,71,0,5,2,85,,346661,71,0,5,1,85,,346663,71,0,5,2
36201,'H54S000S-80-S',2619,,346667,71,0,5,1,85,,346666,71,0,5,1,45,,346665,71,0,5,1,85,,346669,71,0,5,1,85,,346668,71,0,5,1
36201,'H54S100F-80-F1',2621,,346672,71,0,5,2,84,,346670,71,0,5,1,44,,346674,71,0,5,2,85,,346671,71,0,5,1,85,,346673,71,0,5,2
36201,'H54S200F-80-F2',2621,,346677,71,0,5,2,84,,346675,71,0,5,1,44,,346679,71,0,5,2,85,,346676,71,0,5,1,85,,346678,71,0,5,2
