14401,'H51S000A-80-A',525,,327194,20,4,,1,22,,327170,20,4,,2,62,,327195,20,4,,1,22,,327171,20,4,,2,22,,327196,20,4,,1,62,,327172,20,4,,2,22,,327197,20,4,,1,21,,327173,20,4,,2,61,,327198,20,4,,1,22,,327174,20,4,,2,61,,327199,20,4,,1,21,,327175,20,4,,2,22,,327200,20,4,,1,62,,327176,20,4,,2,22,,327201,20,4,,1,24,,327177,20,4,,2,64,,327202,20,4,,1,24,,327178,20,4,,2,66,,327203,20,4,,1,28,,327179,20,4,,2,67,,327204,20,4,,1,27,,327180,20,4,,2,28,,327205,20,4,,1,67,,327181,20,4,,2,27,,327206,20,4,,1,68,,327182,20,4,,2,27,,327207,20,4,,1,65,,327183,20,4,,2,26,,327208,20,4,,1,66,,327184,20,4,,2,26,,327209,20,4,,1,26,,327185,20,4,,2,66,,327210,20,4,,1,25,,327186,20,4,,2,66,,327211,20,4,,1,25,,327187,20,4,,2,66,,327212,20,4,,1,26,,327188,20,4,,2,26,,327213,20,4,,1,65,,327189,20,4,,2,24,,327214,20,4,,1,64,,327190,20,4,,2,22,,327215,20,4,,1,22,,327191,20,4,,2,62,,327216,20,4,,1,22,,327220,20,4,,2,22,,327192,20,4,,2,61,,327219,20,4,,2,22,,327217,20,4,,1,61,,327221,20,4,,2,20,,327193,20,4,,2,21,,327218,20,4,,1
14401,'H51S000I-80-I',527,,327248,20,4,,1,22,,327222,20,4,,2,62,,327249,20,4,,1,23,,327223,20,4,,2,22,,327250,20,4,,1,62,,327224,20,4,,2,22,,327251,20,4,,1,62,,327225,20,4,,2,22,,327252,20,4,,1,22,,327226,20,4,,2,62,,327253,20,4,,1,21,,327227,20,4,,2,20,,327254,20,4,,1,61,,327228,20,4,,2,20,,327255,20,4,,1,23,,327229,20,4,,2,62,,327256,20,4,,1,22,,327230,20,4,,2,63,,327257,20,4,,1,22,,327231,20,4,,2,25,,327258,20,4,,1,68,,327232,20,4,,2,28,,327259,20,4,,1,68,,327233,20,4,,2,28,,327260,20,4,,1,68,,327234,20,4,,2,28,,327261,20,4,,1,68,,327235,20,4,,2,28,,327262,20,4,,1,28,,327236,20,4,,2,68,,327263,20,4,,1,26,,327237,20,4,,2,66,,327264,20,4,,1,26,,327238,20,4,,2,66,,327265,20,4,,1,24,,327239,20,4,,2,66,,327266,20,4,,1,26,,327240,20,4,,2,26,,327267,20,4,,1,64,,327241,20,4,,2,24,,327268,20,4,,1,64,,327242,20,4,,2,22,,327269,20,4,,1,21,,327243,20,4,,2,62,,327270,20,4,,1,22,,327244,20,4,,2,22,,327271,20,4,,1,62,,327245,20,4,,2,22,,327272,20,4,,1,21,,327246,20,4,,2,62,,327273,20,4,,1,23,,327247,20,4,,2
14401,'H51S000S-81-S',535,,327295,20,4,,2,69,,327274,20,4,,1,28,,327296,20,4,,2,72,,327275,20,4,,1,30,,327297,20,4,,2,75,,327276,20,4,,1,30,,327298,20,4,,2,69,,327277,20,4,,1,30,,327299,20,4,,2,67,,327278,20,4,,1,30,,327300,20,4,,2,70,,327279,20,4,,1,30,,327301,20,4,,2,70,,327280,20,4,,1,30,,327302,20,4,,2,70,,327281,20,4,,1,29,,327303,20,4,,2,68,,327282,20,4,,1,28,,327304,20,4,,2,28,,327283,20,4,,1,70,,327305,20,4,,2,29,,327284,20,4,,1,68,,327306,20,4,,2,28,,327285,20,4,,1,70,,327307,20,4,,2,29,,327286,20,4,,1,70,,327308,20,4,,2,28,,327287,20,4,,1,70,,327309,20,4,,2,30,,327288,20,4,,1,68,,327310,20,4,,2,30,,327289,20,4,,1,70,,327311,20,4,,2,29,,327290,20,4,,1,70,,327312,20,4,,2,30,,327291,20,4,,1,70,,327313,20,4,,2,30,,327292,20,4,,1,70,,327314,20,4,,2,30,,327293,20,4,,1,70,,327315,20,4,,2,30,,327294,20,4,,1
14401,'H51S100F-80-F1',527,,327343,20,4,,1,22,,327317,20,4,,2,62,,327344,20,4,,1,23,,327318,20,4,,2,22,,327345,20,4,,1,62,,327319,20,4,,2,22,,327346,20,4,,1,62,,327320,20,4,,2,22,,327347,20,4,,1,22,,327321,20,4,,2,62,,327348,20,4,,1,21,,327322,20,4,,2,20,,327349,20,4,,1,61,,327323,20,4,,2,20,,327350,20,4,,1,23,,327324,20,4,,2,62,,327351,20,4,,1,22,,327325,20,4,,2,63,,327352,20,4,,1,22,,327326,20,4,,2,25,,327353,20,4,,1,68,,327327,20,4,,2,28,,327354,20,4,,1,68,,327328,20,4,,2,28,,327355,20,4,,1,68,,327329,20,4,,2,28,,327356,20,4,,1,68,,327330,20,4,,2,28,,327357,20,4,,1,28,,327331,20,4,,2,68,,327358,20,4,,1,26,,327332,20,4,,2,66,,327359,20,4,,1,26,,327333,20,4,,2,66,,327360,20,4,,1,24,,327334,20,4,,2,66,,327361,20,4,,1,26,,327335,20,4,,2,26,,327362,20,4,,1,64,,327336,20,4,,2,24,,327363,20,4,,1,64,,327337,20,4,,2,22,,327364,20,4,,1,21,,327338,20,4,,2,62,,327365,20,4,,1,22,,327339,20,4,,2,22,,327366,20,4,,1,62,,327340,20,4,,2,22,,327367,20,4,,1,21,,327341,20,4,,2,62,,327316,20,4,,1,23,,327342,20,4,,2
14401,'H51S200F-80-F2',527,,327395,20,4,,1,22,,327369,20,4,,2,62,,327396,20,4,,1,23,,327370,20,4,,2,22,,327397,20,4,,1,62,,327371,20,4,,2,22,,327398,20,4,,1,62,,327372,20,4,,2,22,,327399,20,4,,1,22,,327373,20,4,,2,62,,327400,20,4,,1,21,,327374,20,4,,2,20,,327401,20,4,,1,61,,327375,20,4,,2,20,,327402,20,4,,1,23,,327376,20,4,,2,62,,327403,20,4,,1,22,,327377,20,4,,2,63,,327404,20,4,,1,22,,327378,20,4,,2,25,,327405,20,4,,1,68,,327379,20,4,,2,28,,327406,20,4,,1,68,,327380,20,4,,2,28,,327407,20,4,,1,68,,327381,20,4,,2,28,,327408,20,4,,1,68,,327382,20,4,,2,28,,327409,20,4,,1,28,,327383,20,4,,2,68,,327410,20,4,,1,26,,327384,20,4,,2,66,,327411,20,4,,1,26,,327385,20,4,,2,66,,327412,20,4,,1,24,,327386,20,4,,2,66,,327413,20,4,,1,26,,327387,20,4,,2,26,,327414,20,4,,1,64,,327388,20,4,,2,24,,327415,20,4,,1,64,,327389,20,4,,2,22,,327416,20,4,,1,21,,327390,20,4,,2,62,,327417,20,4,,1,22,,327391,20,4,,2,22,,327418,20,4,,1,62,,327392,20,4,,2,22,,327419,20,4,,1,21,,327393,20,4,,2,62,,327368,20,4,,1,23,,327394,20,4,,2
14402,'H51S000A-80-A',510,,327420,1,0,10,2,20,,327444,1,0,10,1,22,,327421,1,0,10,2,62,,327445,1,0,10,1,22,,327422,1,0,10,2,22,,327446,1,0,10,1,62,,327423,1,0,10,2,21,,327447,1,0,10,1,61,,327424,1,0,10,2,21,,327448,1,0,10,1,21,,327425,1,0,10,2,61,,327449,1,0,10,1,21,,327426,1,0,10,2,22,,327450,1,0,10,1,62,,327427,1,0,10,2,22,,327451,1,0,10,1,24,,327428,1,0,10,2,64,,327452,1,0,10,1,26,,327429,1,0,10,2,67,,327453,1,0,10,1,27,,327430,1,0,10,2,67,,327454,1,0,10,1,27,,327431,1,0,10,2,67,,327455,1,0,10,1,27,,327432,1,0,10,2,27,,327456,1,0,10,1,67,,327433,1,0,10,2,27,,327457,1,0,10,1,67,,327434,1,0,10,2,26,,327458,1,0,10,1,66,,327435,1,0,10,2,26,,327459,1,0,10,1,66,,327436,1,0,10,2,26,,327460,1,0,10,1,26,,327437,1,0,10,2,66,,327461,1,0,10,1,26,,327438,1,0,10,2,66,,327462,1,0,10,1,26,,327439,1,0,10,2,66,,327463,1,0,10,1,24,,327440,1,0,10,2,23,,327464,1,0,10,1,62,,327441,1,0,10,2,22,,327465,1,0,10,1,22,,327442,1,0,10,2,62,,327469,1,0,10,2,22,,327466,1,0,10,1,62,,327471,1,0,10,2,21,,327443,1,0,10,2,22,,327470,1,0,10,2,61,,327467,1,0,10,1,22,,327472,1,0,10,2,22,,327468,1,0,10,1
14402,'H51S000I-80-I',510,,327473,1,0,10,2,21,,327499,1,0,10,1,21,,327474,1,0,10,2,62,,327500,1,0,10,1,23,,327475,1,0,10,2,63,,327501,1,0,10,1,22,,327476,1,0,10,2,22,,327502,1,0,10,1,62,,327477,1,0,10,2,22,,327503,1,0,10,1,22,,327478,1,0,10,2,62,,327504,1,0,10,1,20,,327479,1,0,10,2,20,,327505,1,0,10,1,61,,327480,1,0,10,2,21,,327506,1,0,10,1,22,,327481,1,0,10,2,62,,327507,1,0,10,1,22,,327482,1,0,10,2,63,,327508,1,0,10,1,23,,327483,1,0,10,2,26,,327509,1,0,10,1,68,,327484,1,0,10,2,28,,327510,1,0,10,1,68,,327485,1,0,10,2,28,,327511,1,0,10,1,68,,327486,1,0,10,2,28,,327512,1,0,10,1,68,,327487,1,0,10,2,28,,327513,1,0,10,1,68,,327488,1,0,10,2,28,,327514,1,0,10,1,68,,327489,1,0,10,2,28,,327515,1,0,10,1,26,,327490,1,0,10,2,66,,327516,1,0,10,1,26,,327491,1,0,10,2,66,,327517,1,0,10,1,26,,327492,1,0,10,2,64,,327518,1,0,10,1,22,,327493,1,0,10,2,22,,327519,1,0,10,1,62,,327494,1,0,10,2,22,,327520,1,0,10,1,22,,327495,1,0,10,2,62,,327521,1,0,10,1,22,,327496,1,0,10,2,22,,327522,1,0,10,1,62,,327497,1,0,10,2,22,,327523,1,0,10,1,63,,327498,1,0,10,2
14402,'H51S000S-81-S',515,,327524,1,0,10,1,33,,327545,1,0,10,2,70,,327525,1,0,10,1,29,,327546,1,0,10,2,69,,327526,1,0,10,1,29,,327547,1,0,10,2,70,,327527,1,0,10,1,30,,327548,1,0,10,2,70,,327528,1,0,10,1,30,,327549,1,0,10,2,70,,327529,1,0,10,1,30,,327550,1,0,10,2,70,,327530,1,0,10,1,30,,327551,1,0,10,2,70,,327531,1,0,10,1,30,,327552,1,0,10,2,68,,327532,1,0,10,1,28,,327553,1,0,10,2,68,,327533,1,0,10,1,28,,327554,1,0,10,2,68,,327534,1,0,10,1,28,,327555,1,0,10,2,68,,327535,1,0,10,1,29,,327556,1,0,10,2,70,,327536,1,0,10,1,30,,327557,1,0,10,2,70,,327537,1,0,10,1,30,,327558,1,0,10,2,70,,327538,1,0,10,1,30,,327559,1,0,10,2,70,,327539,1,0,10,1,30,,327560,1,0,10,2,70,,327540,1,0,10,1,30,,327561,1,0,10,2,70,,327541,1,0,10,1,30,,327562,1,0,10,2,70,,327542,1,0,10,1,30,,327563,1,0,10,2,70,,327543,1,0,10,1,32,,327564,1,0,10,2,73,,327544,1,0,10,1
14402,'H51S100F-80-F1',510,,327566,1,0,10,2,21,,327592,1,0,10,1,21,,327567,1,0,10,2,62,,327593,1,0,10,1,23,,327568,1,0,10,2,63,,327594,1,0,10,1,22,,327569,1,0,10,2,22,,327595,1,0,10,1,62,,327570,1,0,10,2,22,,327596,1,0,10,1,22,,327571,1,0,10,2,62,,327597,1,0,10,1,20,,327572,1,0,10,2,20,,327598,1,0,10,1,61,,327573,1,0,10,2,21,,327599,1,0,10,1,22,,327574,1,0,10,2,62,,327600,1,0,10,1,22,,327575,1,0,10,2,63,,327601,1,0,10,1,23,,327576,1,0,10,2,26,,327602,1,0,10,1,68,,327577,1,0,10,2,28,,327603,1,0,10,1,68,,327578,1,0,10,2,28,,327604,1,0,10,1,68,,327579,1,0,10,2,28,,327605,1,0,10,1,68,,327580,1,0,10,2,28,,327606,1,0,10,1,68,,327581,1,0,10,2,28,,327607,1,0,10,1,68,,327582,1,0,10,2,28,,327608,1,0,10,1,26,,327583,1,0,10,2,66,,327609,1,0,10,1,26,,327584,1,0,10,2,66,,327610,1,0,10,1,26,,327585,1,0,10,2,64,,327611,1,0,10,1,22,,327586,1,0,10,2,22,,327612,1,0,10,1,62,,327587,1,0,10,2,22,,327613,1,0,10,1,22,,327588,1,0,10,2,62,,327614,1,0,10,1,22,,327589,1,0,10,2,22,,327615,1,0,10,1,62,,327590,1,0,10,2,22,,327565,1,0,10,1,63,,327591,1,0,10,2
14402,'H51S200F-80-F2',510,,327617,1,0,10,2,21,,327643,1,0,10,1,21,,327618,1,0,10,2,62,,327644,1,0,10,1,23,,327619,1,0,10,2,63,,327645,1,0,10,1,22,,327620,1,0,10,2,22,,327646,1,0,10,1,62,,327621,1,0,10,2,22,,327647,1,0,10,1,22,,327622,1,0,10,2,62,,327648,1,0,10,1,20,,327623,1,0,10,2,20,,327649,1,0,10,1,61,,327624,1,0,10,2,21,,327650,1,0,10,1,22,,327625,1,0,10,2,62,,327651,1,0,10,1,22,,327626,1,0,10,2,63,,327652,1,0,10,1,23,,327627,1,0,10,2,26,,327653,1,0,10,1,68,,327628,1,0,10,2,28,,327654,1,0,10,1,68,,327629,1,0,10,2,28,,327655,1,0,10,1,68,,327630,1,0,10,2,28,,327656,1,0,10,1,68,,327631,1,0,10,2,28,,327657,1,0,10,1,68,,327632,1,0,10,2,28,,327658,1,0,10,1,68,,327633,1,0,10,2,28,,327659,1,0,10,1,26,,327634,1,0,10,2,66,,327660,1,0,10,1,26,,327635,1,0,10,2,66,,327661,1,0,10,1,26,,327636,1,0,10,2,64,,327662,1,0,10,1,22,,327637,1,0,10,2,22,,327663,1,0,10,1,62,,327638,1,0,10,2,22,,327664,1,0,10,1,22,,327639,1,0,10,2,62,,327665,1,0,10,1,22,,327640,1,0,10,2,22,,327666,1,0,10,1,62,,327641,1,0,10,2,22,,327616,1,0,10,1,63,,327642,1,0,10,2
