4801,'H54S000S-80-S',1748,,299530,17,0,5,2,7,,299529,17,0,5,2
4801,'H58S000A-80-A',551,,299531,17,0,99 23 3 24,1,70,,299537,17,0,5,2,29,,299539,17,0,99 23 3 24,2,71,,299547,17,0,5,1,29,,299532,17,0,99 23 3 24,1,71,,299577,17,0,5,1,23,,299540,17,0,99 23 3 24,2,63,,299590,17,0,5,1,21,,299548,17,0,99 23 3 24,1,20,,299582,17,0,5,2,60,,299555,17,0,99 23 3 24,1,16,,299533,17,0,5,2,16,,299541,17,0,5,2,16,,299571,17,0,99 23 3 24,1,55,,299561,17,0,5,2,15,,299549,17,0,5,1,14,,299592,17,0,99 23 3 24,2,15,,299583,17,0,5,2,55,,299556,17,0,99 23 3 24,1,15,,299534,17,0,5,2,15,,299542,17,0,99 23 3 24,2,14,,299596,17,0,5,2,54,,299572,17,0,99 23 3 24,1,13,,299562,17,0,5,2,12,,299550,17,0,5,1,12,,299593,17,0,99 23 3 24,2,14,,299584,17,0,5,2,54,,299557,17,0,99 23 3 24,1,12,,299535,17,0,5,2,12,,299601,17,0,99 23 3 24,1,12,,299543,17,0,5,2,53,,299597,17,0,99 23 3 24,2,13,,299603,17,0,5,2,12,,299563,17,0,99 23 3 24,2,12,,299551,17,0,5,1,13,,299567,17,0,5,2,52,,299594,17,0,5,2,12,,299585,17,0,99 23 3 24,2,11,,299558,17,0,5,1,12,,299536,17,0,5,2,13,,299544,17,0,99 23 3 24,2,53,,299598,17,0,5,2,11,,299546,17,0,99 23 3 24,1,12,,299604,17,0,5,2,11,,299552,17,0,5,1,9,,299578,17,0,99 23 3 24,1,9,,299568,17,0,5,2,52,,299595,17,0,5,2,13,,299586,17,0,5,2,13,,299573,17,0,5,1,13,,299559,17,0,99 23 3 24,1,52,,299545,17,0,5,2,13,,299599,17,0,5,2,13,,299605,17,0,99 23 3 24,2,14,,299553,17,0,5,1,15,,299579,17,0,99 23 3 24,1,54,,299580,17,0,5,2,14,,299587,17,0,5,2,15,,299574,17,0,99 23 3 24,1,15,,299560,17,0,5,1,55,,299600,17,0,5,2,15,,299606,17,0,99 23 3 24,2,14,,299554,17,0,5,1,14,,299566,17,0,5,1,54,,299581,17,0,99 23 3 24,2,20,,299588,17,0,5,2,19,,299538,17,0,5,1,61,,299565,17,0,99 23 3 24,1,19,,299607,17,0,5,2,18,,299570,17,0,99 23 3 24,1,60,,299575,17,0,5,2,19,,299589,17,0,5,2,17,,299602,17,0,99 23 3 24,1,17,,299591,17,0,5,1,56,,299564,17,0,99 23 3 24,2,16,,299608,17,0,5,2,22,,299576,17,0,99 23 3 24,2,65,,299569,17,0,5,2
4801,'H58S000I-80-I',550,,299632,17,0,5,1,61,,299609,17,0,5,1,35,,299620,17,0,99 23 3 24,1,71,,299634,17,0,5,2,32,,299633,17,0,99 23 3 24,1,71,,299610,17,0,5,2,30,,299621,17,0,99 23 3 24,1,69,,299635,17,0,5,2,29,,299644,17,0,99 23 3 24,1,60,,299631,17,0,5,2,22,,299611,17,0,99 23 3 24,2,23,,299622,17,0,5,1,62,,299636,17,0,99 23 3 24,2,21,,299657,17,0,5,1,19,,299645,17,0,99 23 3 24,1,57,,299639,17,0,5,2,18,,299612,17,0,99 23 3 24,2,18,,299623,17,0,5,1,59,,299658,17,0,99 23 3 24,2,18,,299637,17,0,5,2,18,,299662,17,0,99 23 3 24,2,58,,299646,17,0,5,1,14,,299640,17,0,5,2,15,,299613,17,0,99 23 3 24,2,15,,299624,17,0,5,1,14,,299670,17,0,5,2,55,,299659,17,0,99 23 3 24,2,15,,299638,17,0,5,2,14,,299663,17,0,99 23 3 24,2,15,,299647,17,0,5,1,55,,299641,17,0,99 23 3 24,2,15,,299614,17,0,5,2,14,,299625,17,0,99 23 3 24,1,11,,299672,17,0,5,2,51,,299671,17,0,5,2,9,,299660,17,0,99 23 3 24,2,10,,299665,17,0,5,2,10,,299674,17,0,5,2,11,,299664,17,0,99 23 3 24,2,10,,299648,17,0,5,1,51,,299616,17,0,5,2,11,,299642,17,0,99 23 3 24,2,11,,299656,17,0,5,1,10,,299675,17,0,5,2,13,,299673,17,0,99 23 3 24,2,53,,299627,17,0,5,1,12,,299661,17,0,99 23 3 24,2,12,,299666,17,0,5,2,13,,299615,17,0,5,2,14,,299649,17,0,99 23 3 24,1,54,,299617,17,0,5,2,13,,299653,17,0,5,2,14,,299626,17,0,99 23 3 24,1,13,,299643,17,0,5,1,53,,299628,17,0,5,1,15,,299619,17,0,99 23 3 24,1,14,,299667,17,0,5,2,17,,299650,17,0,5,1,58,,299618,17,0,99 23 3 24,1,18,,299654,17,0,5,2,25,,299629,17,0,5,1,67,,299668,17,0,99 23 3 24,2,25,,299651,17,0,5,1,69,,299655,17,0,99 23 3 24,2,29,,299630,17,0,5,1,70,,299669,17,0,99 23 3 24,2,32,,299652,17,0,5,1
4801,'H58S000S-83-S',525,,299689,17,0,5,1,20,,299676,17,0,5,1,60,,299679,17,0,99 23 3 24,2,16,,299680,17,0,5,2,21,,299678,17,0,5,2,60,,299710,17,0,99 23 3 24,2,17,,299719,17,0,5,2,19,,299691,17,0,99 23 3 24,1,62,,299725,17,0,5,2,22,,299728,17,0,99 23 3 24,1,23,,299740,17,0,5,2,62,,299745,17,0,99 23 3 24,1,19,,299747,17,0,5,2,23,,299692,17,0,99 23 3 24,1,61,,299707,17,0,5,1,20,,299729,17,0,5,1,20,,299741,17,0,99 23 3 24,2,59,,299711,17,0,5,2,19,,299748,17,0,99 23 3 24,2,16,,299737,17,0,5,1,56,,299693,17,0,99 23 3 24,1,15,,299708,17,0,5,1,14,,299701,17,0,99 23 3 24,2,15,,299696,17,0,5,2,15,,299742,17,0,99 23 3 24,2,55,,299712,17,0,5,2,14,,299681,17,0,99 23 3 24,1,13,,299749,17,0,5,2,14,,299738,17,0,5,1,54,,299694,17,0,99 23 3 24,1,11,,299709,17,0,5,1,10,,299752,17,0,99 23 3 24,1,10,,299702,17,0,5,2,11,,299697,17,0,99 23 3 24,2,50,,299751,17,0,5,2,10,,299743,17,0,5,2,14,,299713,17,0,99 23 3 24,2,12,,299760,17,0,5,2,12,,299682,17,0,5,1,10,,299750,17,0,99 23 3 24,2,49,,299739,17,0,5,1,6,,299684,17,0,5,2,5,,299688,17,0,5,1,5,,299695,17,0,5,1,5,,299766,17,0,99 23 3 24,2,5,,299730,17,0,5,1,5,,299700,17,0,5,2,6,,299754,17,0,5,2,6,,299703,17,0,5,2,6,,299690,17,0,5,1,47,,299720,17,0,99 23 3 24,1,9,,299698,17,0,5,2,8,,299758,17,0,5,2,6,,299744,17,0,5,2,7,,299765,17,0,99 23 3 24,2,7,,299714,17,0,5,2,59,,299761,17,0,5,2,5,,299734,17,0,99 23 3 24,1,9,,299683,17,0,5,1,9,,299685,17,0,5,2,7,,299753,17,0,99 23 3 24,1,7,,299731,17,0,5,1,8,,299767,17,0,5,2,10,,299755,17,0,5,1,49,,299704,17,0,99 23 3 24,2,12,,299721,17,0,5,1,12,,299759,17,0,99 23 3 24,2,12,,299769,17,0,5,2,11,,299715,17,0,5,2,51,,299764,17,0,99 23 3 24,1,12,,299735,17,0,5,1,12,,299746,17,0,5,1,12,,299732,17,0,99 23 3 24,1,12,,299768,17,0,5,2,50,,299756,17,0,99 23 3 24,1,12,,299722,17,0,5,1,13,,299686,17,0,99 23 3 24,2,13,,299699,17,0,5,2,14,,299716,17,0,99 23 3 24,2,55,,299736,17,0,5,1,15,,299705,17,0,99 23 3 24,1,14,,299733,17,0,5,1,15,,299717,17,0,5,1,54,,299677,17,0,99 23 3 24,1,15,,299723,17,0,5,1,17,,299687,17,0,5,2,16,,299726,17,0,5,2,54,,299763,17,0,99 23 3 24,2,13,,299706,17,0,5,1,16,,299718,17,0,5,1,16,,299757,17,0,99 23 3 24,1,55,,299724,17,0,5,1,16,,299762,17,0,99 23 3 24,2,18,,299727,17,0,5,2
4801,'H58S100F-80-F1',550,,299795,17,0,5,2,61,,299770,17,0,5,2,35,,299782,17,0,99 23 3 24,2,71,,299798,17,0,5,1,32,,299802,17,0,99 23 3 24,2,71,,299808,17,0,5,1,30,,299783,17,0,99 23 3 24,2,69,,299799,17,0,5,1,29,,299803,17,0,99 23 3 24,2,60,,299796,17,0,5,2,22,,299809,17,0,99 23 3 24,1,23,,299784,17,0,5,2,62,,299815,17,0,99 23 3 24,1,21,,299800,17,0,5,1,19,,299804,17,0,99 23 3 24,2,57,,299819,17,0,5,2,18,,299772,17,0,99 23 3 24,1,18,,299810,17,0,5,1,59,,299785,17,0,99 23 3 24,2,18,,299816,17,0,5,1,18,,299822,17,0,99 23 3 24,2,58,,299805,17,0,5,2,14,,299820,17,0,5,2,15,,299773,17,0,99 23 3 24,1,15,,299811,17,0,5,1,14,,299776,17,0,5,1,55,,299786,17,0,99 23 3 24,2,15,,299817,17,0,5,1,14,,299823,17,0,99 23 3 24,2,15,,299806,17,0,5,2,55,,299821,17,0,99 23 3 24,2,15,,299774,17,0,5,1,14,,299812,17,0,99 23 3 24,1,11,,299825,17,0,5,1,51,,299777,17,0,5,1,9,,299787,17,0,99 23 3 24,2,10,,299814,17,0,5,1,10,,299830,17,0,5,2,11,,299824,17,0,99 23 3 24,2,10,,299807,17,0,5,2,51,,299833,17,0,5,2,11,,299801,17,0,99 23 3 24,1,11,,299836,17,0,5,1,10,,299775,17,0,5,1,13,,299826,17,0,99 23 3 24,1,53,,299818,17,0,5,1,12,,299788,17,0,99 23 3 24,2,12,,299831,17,0,5,2,13,,299771,17,0,5,1,14,,299778,17,0,99 23 3 24,1,54,,299834,17,0,5,2,13,,299792,17,0,5,2,14,,299813,17,0,99 23 3 24,1,13,,299835,17,0,5,2,53,,299827,17,0,5,1,15,,299832,17,0,99 23 3 24,2,14,,299789,17,0,5,2,17,,299779,17,0,5,1,58,,299797,17,0,99 23 3 24,1,18,,299793,17,0,5,2,25,,299828,17,0,5,1,67,,299790,17,0,99 23 3 24,2,25,,299780,17,0,5,1,69,,299794,17,0,99 23 3 24,2,29,,299829,17,0,5,1,70,,299791,17,0,99 23 3 24,2,32,,299781,17,0,5,1
4801,'H58S200F-80-F2',550,,299859,17,0,5,2,61,,299874,17,0,5,2,35,,299839,17,0,99 23 3 24,2,71,,299861,17,0,5,1,32,,299853,17,0,99 23 3 24,2,71,,299865,17,0,5,1,30,,299840,17,0,99 23 3 24,2,69,,299862,17,0,5,1,29,,299854,17,0,99 23 3 24,2,60,,299860,17,0,5,2,22,,299866,17,0,99 23 3 24,1,23,,299841,17,0,5,2,62,,299881,17,0,99 23 3 24,1,21,,299863,17,0,5,1,19,,299855,17,0,99 23 3 24,2,57,,299884,17,0,5,2,18,,299849,17,0,99 23 3 24,1,18,,299867,17,0,5,1,59,,299842,17,0,99 23 3 24,2,18,,299882,17,0,5,1,18,,299871,17,0,99 23 3 24,2,58,,299856,17,0,5,2,14,,299885,17,0,5,2,15,,299850,17,0,99 23 3 24,1,15,,299868,17,0,5,1,14,,299875,17,0,5,1,55,,299843,17,0,99 23 3 24,2,15,,299883,17,0,5,1,14,,299872,17,0,99 23 3 24,2,15,,299857,17,0,5,2,55,,299886,17,0,99 23 3 24,2,15,,299851,17,0,5,1,14,,299869,17,0,99 23 3 24,1,11,,299887,17,0,5,1,51,,299876,17,0,5,1,9,,299844,17,0,99 23 3 24,2,10,,299837,17,0,5,1,10,,299892,17,0,5,2,11,,299873,17,0,99 23 3 24,2,10,,299858,17,0,5,2,51,,299894,17,0,5,2,11,,299864,17,0,99 23 3 24,1,11,,299838,17,0,5,1,10,,299852,17,0,5,1,13,,299888,17,0,99 23 3 24,1,53,,299900,17,0,5,1,12,,299845,17,0,99 23 3 24,2,12,,299893,17,0,5,2,13,,299901,17,0,5,1,14,,299877,17,0,99 23 3 24,1,54,,299895,17,0,5,2,13,,299896,17,0,5,2,14,,299870,17,0,99 23 3 24,1,13,,299902,17,0,5,2,53,,299889,17,0,5,1,15,,299903,17,0,99 23 3 24,2,14,,299846,17,0,5,2,17,,299878,17,0,5,1,58,,299899,17,0,99 23 3 24,1,18,,299897,17,0,5,2,25,,299890,17,0,5,1,67,,299847,17,0,99 23 3 24,2,25,,299879,17,0,5,1,69,,299898,17,0,99 23 3 24,2,29,,299891,17,0,5,1,70,,299848,17,0,99 23 3 24,2,32,,299880,17,0,5,1
35301,'H54S000A-80-A',2657,,346036,61,0,5,1,89,,346034,61,0,5,2,85,,346035,61,0,5,1,81,,346033,61,0,5,1
35301,'H54S000I-80-I',2613,,346038,61,0,5,1,88,,346040,61,0,5,1,45,,346041,61,0,5,1,85,,346037,61,0,5,2,81,,346039,61,0,5,1
35301,'H54S000S-80-S',2613,,346042,61,0,5,1,45,,346044,61,0,5,1,85,,346045,61,0,5,1,85,,346043,61,0,5,2,80,,346046,61,0,5,2
35301,'H54S100F-80-F1',2613,,346048,61,0,5,1,88,,346050,61,0,5,1,45,,346051,61,0,5,1,85,,346047,61,0,5,2,81,,346049,61,0,5,1
35301,'H54S200F-80-F2',2613,,346053,61,0,5,1,88,,346055,61,0,5,1,45,,346056,61,0,5,1,85,,346052,61,0,5,2,81,,346054,61,0,5,1
43203,'H54S000S-80-S',941,,347925,22,0,99 108,1,70,,347943,22,0,99 108,1,32,,347935,22,0,99 108,1,71,,347930,22,0,99 108,2,31,,347926,22,0,99 108,1,71,,347946,22,0,99 108,2,31,,347936,22,0,99 108,1,70,,347931,22,0,99 108,2,29,,347927,22,0,99 108,1,69,,347947,22,0,99 108,2,30,,347937,22,0,99 108,1,70,,347932,22,0,99 108,2,31,,347928,22,0,99 108,1,72,,347939,22,0,99 108,2,21,,347948,22,0,99 108,2,13,,347938,22,0,99 108,1,54,,347944,22,0,99 108,1,15,,347933,22,0,99 108,2,15,,347920,22,0,99 108,1,17,,347929,22,0,99 108,1,60,,347940,22,0,99 108,2,25,,347945,22,0,99 108,1,69,,347921,22,0,99 108,1,31,,347941,22,0,99 108,2
