9501,'H51S000A-80-A',601,,313149,43,4,,1,34,,313161,43,4,,2,71,,313169,43,4,,1,29,,313150,43,4,,1,68,,313162,43,4,,2,29,,313170,43,4,,1,72,,313151,43,4,,1,30,,313163,43,4,,2,71,,313171,43,4,,1,30,,313152,43,4,,1,71,,313164,43,4,,2,36,,313172,43,4,,1,71,,313153,43,4,,1,30,,313165,43,4,,2,64,,313175,43,4,,1,23,,313173,43,4,,1,20,,313185,43,4,,2,61,,313154,43,4,,1,20,,313166,43,4,,2,20,,313176,43,4,,1,62,,313174,43,4,,1,22,,313186,43,4,,2,19,,313155,43,4,,1,59,,313167,43,4,,2,20,,313177,43,4,,1,20,,313168,43,4,,1,59,,313188,43,4,,2,20,,313187,43,4,,2,20,,313156,43,4,,1,72,,313178,43,4,,1,32,,313146,43,4,,2,70,,313157,43,4,,1,28,,313179,43,4,,1,69,,313147,43,4,,2,30,,313158,43,4,,1,70,,313180,43,4,,1,30,,313148,43,4,,2,69,,313159,43,4,,1,26,,313181,43,4,,1,67,,313189,43,4,,2,29,,313160,43,4,,1,68,,313182,43,4,,1,28,,313190,43,4,,2,73,,313183,43,4,,1,31,,313191,43,4,,2,74,,313184,43,4,,1
9501,'H51S000I-80-I',601,,313192,43,4,,1,28,,313193,43,4,,2,75,,313207,43,4,,1,30,,313227,43,4,,1,70,,313194,43,4,,2,31,,313208,43,4,,1,70,,313228,43,4,,1,31,,313195,43,4,,2,74,,313209,43,4,,1,30,,313229,43,4,,1,70,,313196,43,4,,2,30,,313210,43,4,,1,72,,313230,43,4,,1,32,,313197,43,4,,2,70,,313211,43,4,,1,26,,313218,43,4,,1,66,,313231,43,4,,2,25,,313198,43,4,,2,23,,313212,43,4,,1,64,,313219,43,4,,1,24,,313232,43,4,,2,64,,313199,43,4,,2,23,,313213,43,4,,1,24,,313220,43,4,,1,63,,313233,43,4,,2,23,,313200,43,4,,2,64,,313214,43,4,,1,30,,313221,43,4,,1,70,,313201,43,4,,2,29,,313215,43,4,,1,69,,313222,43,4,,1,29,,313202,43,4,,2,26,,313216,43,4,,1,69,,313223,43,4,,1,30,,313203,43,4,,2,72,,313217,43,4,,1,74,,313224,43,4,,1,34,,313204,43,4,,2,73,,313225,43,4,,1,32,,313205,43,4,,2,71,,313226,43,4,,1,31,,313206,43,4,,2
9501,'H51S000S-81-S',610,,313234,43,4,,1,27,,313247,43,4,,1,70,,313242,43,4,,2,108,,313248,43,4,,1,33,,313249,43,4,,2,72,,313259,43,4,,1,31,,313243,43,4,,1,72,,313250,43,4,,2,32,,313260,43,4,,1,72,,313244,43,4,,1,73,,313251,43,4,,2,31,,313261,43,4,,1,72,,313245,43,4,,1,33,,313252,43,4,,2,75,,313262,43,4,,1,27,,313270,43,4,,1,65,,313246,43,4,,1,28,,313253,43,4,,2,27,,313235,43,4,,1,69,,313263,43,4,,1,29,,313271,43,4,,2,68,,313254,43,4,,2,28,,313236,43,4,,1,65,,313264,43,4,,1,26,,313272,43,4,,2,66,,313255,43,4,,2,28,,313237,43,4,,1,67,,313265,43,4,,1,27,,313256,43,4,,2,70,,313238,43,4,,1,30,,313266,43,4,,1,71,,313257,43,4,,2,32,,313239,43,4,,1,72,,313267,43,4,,1,32,,313258,43,4,,2,70,,313240,43,4,,1,32,,313268,43,4,,1,74,,313241,43,4,,1,32,,313269,43,4,,1
9501,'H51S100F-80-F1',601,,313273,43,4,,1,28,,313274,43,4,,2,75,,313288,43,4,,1,30,,313308,43,4,,1,70,,313275,43,4,,2,31,,313289,43,4,,1,70,,313309,43,4,,1,31,,313276,43,4,,2,74,,313290,43,4,,1,30,,313310,43,4,,1,70,,313277,43,4,,2,30,,313291,43,4,,1,72,,313311,43,4,,1,32,,313278,43,4,,2,70,,313292,43,4,,1,26,,313299,43,4,,1,66,,313312,43,4,,2,25,,313279,43,4,,2,23,,313293,43,4,,1,64,,313300,43,4,,1,24,,313313,43,4,,2,64,,313280,43,4,,2,23,,313294,43,4,,1,24,,313301,43,4,,1,63,,313314,43,4,,2,23,,313281,43,4,,2,64,,313295,43,4,,1,30,,313302,43,4,,1,70,,313282,43,4,,2,29,,313296,43,4,,1,69,,313303,43,4,,1,29,,313283,43,4,,2,26,,313297,43,4,,1,69,,313304,43,4,,1,30,,313284,43,4,,2,72,,313298,43,4,,1,74,,313305,43,4,,1,34,,313285,43,4,,2,73,,313306,43,4,,1,32,,313286,43,4,,2,71,,313307,43,4,,1,31,,313287,43,4,,2
9501,'H51S200F-80-F2',601,,313315,43,4,,1,28,,313316,43,4,,2,75,,313330,43,4,,1,30,,313350,43,4,,1,70,,313317,43,4,,2,31,,313331,43,4,,1,70,,313351,43,4,,1,31,,313318,43,4,,2,74,,313332,43,4,,1,30,,313352,43,4,,1,70,,313319,43,4,,2,30,,313333,43,4,,1,72,,313353,43,4,,1,32,,313320,43,4,,2,70,,313334,43,4,,1,26,,313341,43,4,,1,66,,313354,43,4,,2,25,,313321,43,4,,2,23,,313335,43,4,,1,64,,313342,43,4,,1,24,,313355,43,4,,2,64,,313322,43,4,,2,23,,313336,43,4,,1,24,,313343,43,4,,1,63,,313356,43,4,,2,23,,313323,43,4,,2,64,,313337,43,4,,1,30,,313344,43,4,,1,70,,313324,43,4,,2,29,,313338,43,4,,1,69,,313345,43,4,,1,29,,313325,43,4,,2,26,,313339,43,4,,1,69,,313346,43,4,,1,30,,313326,43,4,,2,72,,313340,43,4,,1,74,,313347,43,4,,1,34,,313327,43,4,,2,73,,313348,43,4,,1,32,,313328,43,4,,2,71,,313349,43,4,,1,31,,313329,43,4,,2
9501,'H58S000S-83-S',743,,313357,43,4,,2
9502,'H51S000A-80-A',459,,313360,1,0,10,1,73,,313373,1,0,10,2,74,,313361,1,0,10,1,34,,313374,1,0,10,2,72,,313381,1,0,10,1,32,,313362,1,0,10,1,70,,313375,1,0,10,2,30,,313382,1,0,10,1,70,,313363,1,0,10,1,30,,313376,1,0,10,2,70,,313383,1,0,10,1,30,,313364,1,0,10,1,70,,313377,1,0,10,2,22,,313387,1,0,10,1,22,,313384,1,0,10,1,66,,313365,1,0,10,1,27,,313378,1,0,10,2,64,,313388,1,0,10,1,23,,313385,1,0,10,1,21,,313396,1,0,10,2,60,,313366,1,0,10,1,20,,313379,1,0,10,2,61,,313389,1,0,10,1,25,,313386,1,0,10,1,25,,313397,1,0,10,2,65,,313367,1,0,10,1,26,,313390,1,0,10,1,66,,313380,1,0,10,1,26,,313398,1,0,10,2,67,,313368,1,0,10,1,32,,313391,1,0,10,1,72,,313358,1,0,10,2,30,,313369,1,0,10,1,70,,313392,1,0,10,1,30,,313359,1,0,10,2,70,,313370,1,0,10,1,30,,313393,1,0,10,1,70,,313399,1,0,10,2,30,,313371,1,0,10,1,71,,313394,1,0,10,1,32,,313400,1,0,10,2,74,,313372,1,0,10,1,34,,313401,1,0,10,2,74,,313395,1,0,10,1
9502,'H51S000I-80-I',459,,313402,1,0,10,1,68,,313403,1,0,10,2,73,,313417,1,0,10,1,34,,313404,1,0,10,2,75,,313418,1,0,10,1,33,,313437,1,0,10,1,73,,313405,1,0,10,2,30,,313419,1,0,10,1,70,,313438,1,0,10,1,27,,313406,1,0,10,2,58,,313441,1,0,10,2,18,,313420,1,0,10,1,30,,313439,1,0,10,1,70,,313407,1,0,10,2,30,,313421,1,0,10,1,72,,313440,1,0,10,1,32,,313408,1,0,10,2,70,,313422,1,0,10,1,26,,313429,1,0,10,1,66,,313442,1,0,10,2,25,,313409,1,0,10,2,64,,313423,1,0,10,1,24,,313430,1,0,10,1,24,,313443,1,0,10,2,63,,313410,1,0,10,2,23,,313424,1,0,10,1,63,,313431,1,0,10,1,23,,313444,1,0,10,2,22,,313411,1,0,10,2,63,,313425,1,0,10,1,30,,313432,1,0,10,1,70,,313412,1,0,10,2,29,,313426,1,0,10,1,69,,313433,1,0,10,1,29,,313413,1,0,10,2,69,,313427,1,0,10,1,29,,313434,1,0,10,1,70,,313414,1,0,10,2,30,,313428,1,0,10,1,73,,313435,1,0,10,1,34,,313415,1,0,10,2,73,,313436,1,0,10,1,32,,313416,1,0,10,2
9502,'H51S000S-81-S',459,,313445,1,0,10,1,91,,313454,1,0,10,2,68,,313446,1,0,10,1,25,,313460,1,0,10,1,60,,313462,1,0,10,2,20,,313455,1,0,10,2,20,,313473,1,0,10,1,88,,313461,1,0,10,1,24,,313463,1,0,10,2,72,,313474,1,0,10,1,32,,313456,1,0,10,1,72,,313464,1,0,10,2,72,,313475,1,0,10,1,32,,313457,1,0,10,1,72,,313465,1,0,10,2,31,,313476,1,0,10,1,21,,313484,1,0,10,1,61,,313458,1,0,10,1,24,,313466,1,0,10,2,64,,313447,1,0,10,1,24,,313477,1,0,10,1,24,,313485,1,0,10,1,64,,313459,1,0,10,1,23,,313467,1,0,10,2,64,,313448,1,0,10,1,29,,313478,1,0,10,1,69,,313486,1,0,10,2,32,,313468,1,0,10,2,73,,313449,1,0,10,1,33,,313479,1,0,10,1,73,,313469,1,0,10,2,30,,313450,1,0,10,1,70,,313480,1,0,10,1,30,,313470,1,0,10,2,70,,313451,1,0,10,1,30,,313481,1,0,10,1,70,,313471,1,0,10,2,29,,313452,1,0,10,1,69,,313482,1,0,10,1,30,,313472,1,0,10,2,70,,313453,1,0,10,1,31,,313483,1,0,10,1
9502,'H51S100F-80-F1',459,,313487,1,0,10,1,68,,313489,1,0,10,2,73,,313503,1,0,10,1,34,,313490,1,0,10,2,75,,313504,1,0,10,1,33,,313523,1,0,10,1,73,,313491,1,0,10,2,30,,313505,1,0,10,1,70,,313524,1,0,10,1,27,,313492,1,0,10,2,58,,313488,1,0,10,2,18,,313506,1,0,10,1,30,,313525,1,0,10,1,70,,313493,1,0,10,2,30,,313507,1,0,10,1,72,,313526,1,0,10,1,32,,313494,1,0,10,2,70,,313508,1,0,10,1,26,,313515,1,0,10,1,66,,313527,1,0,10,2,25,,313495,1,0,10,2,64,,313509,1,0,10,1,24,,313516,1,0,10,1,24,,313528,1,0,10,2,63,,313496,1,0,10,2,23,,313510,1,0,10,1,63,,313517,1,0,10,1,23,,313529,1,0,10,2,22,,313497,1,0,10,2,63,,313511,1,0,10,1,30,,313518,1,0,10,1,70,,313498,1,0,10,2,29,,313512,1,0,10,1,69,,313519,1,0,10,1,29,,313499,1,0,10,2,69,,313513,1,0,10,1,29,,313520,1,0,10,1,70,,313500,1,0,10,2,30,,313514,1,0,10,1,73,,313521,1,0,10,1,34,,313501,1,0,10,2,73,,313522,1,0,10,1,32,,313502,1,0,10,2
9502,'H51S200F-80-F2',459,,313530,1,0,10,1,68,,313532,1,0,10,2,73,,313546,1,0,10,1,34,,313533,1,0,10,2,75,,313547,1,0,10,1,33,,313566,1,0,10,1,73,,313534,1,0,10,2,30,,313548,1,0,10,1,70,,313567,1,0,10,1,27,,313535,1,0,10,2,58,,313531,1,0,10,2,18,,313549,1,0,10,1,30,,313568,1,0,10,1,70,,313536,1,0,10,2,30,,313550,1,0,10,1,72,,313569,1,0,10,1,32,,313537,1,0,10,2,70,,313551,1,0,10,1,26,,313558,1,0,10,1,66,,313570,1,0,10,2,25,,313538,1,0,10,2,64,,313552,1,0,10,1,24,,313559,1,0,10,1,24,,313571,1,0,10,2,63,,313539,1,0,10,2,23,,313553,1,0,10,1,63,,313560,1,0,10,1,23,,313572,1,0,10,2,22,,313540,1,0,10,2,63,,313554,1,0,10,1,30,,313561,1,0,10,1,70,,313541,1,0,10,2,29,,313555,1,0,10,1,69,,313562,1,0,10,1,29,,313542,1,0,10,2,69,,313556,1,0,10,1,29,,313563,1,0,10,1,70,,313543,1,0,10,2,30,,313557,1,0,10,1,73,,313564,1,0,10,1,34,,313544,1,0,10,2,73,,313565,1,0,10,1,32,,313545,1,0,10,2
9502,'H54S000S-80-S',522,,313573,1,0,10,2
9502,'H58S000S-83-S',807,,313574,1,0,10,2
