5604,'H51S000S-81-S',1556,,303521,20,0,9,1,201,,303522,20,0,9,2
5604,'H58S000A-80-A',522,,303527,20,0,9,1,30,,303526,20,0,9,1,70,,303528,20,0,9,1,30,,303533,20,0,9,2,70,,303536,20,0,9,2,31,,303523,20,0,9,1,71,,303555,20,0,9,2,29,,303540,20,0,9,2,70,,303529,20,0,9,1,30,,303534,20,0,9,2,71,,303541,20,0,9,2,30,,303524,20,0,9,1,70,,303556,20,0,9,2,30,,303537,20,0,9,2,70,,303530,20,0,9,1,31,,303535,20,0,9,2,71,,303542,20,0,9,2,30,,303550,20,0,9,1,70,,303560,20,0,9,2,30,,303538,20,0,9,2,70,,303551,20,0,9,1,30,,303557,20,0,9,2,70,,303543,20,0,9,2,30,,303531,20,0,9,1,70,,303561,20,0,9,2,29,,303539,20,0,9,2,69,,303552,20,0,9,1,30,,303558,20,0,9,2,70,,303544,20,0,9,2,28,,303532,20,0,9,1,70,,303548,20,0,9,2,30,,303549,20,0,9,1,70,,303553,20,0,9,1,30,,303546,20,0,9,1,70,,303545,20,0,9,2,30,,303554,20,0,9,1,70,,303559,20,0,9,1,31,,303547,20,0,9,1,72,,303525,20,0,9,1
5604,'H58S000I-80-I',521,,303572,20,0,9,1,30,,303568,20,0,9,2,70,,303573,20,0,9,1,30,,303584,20,0,9,1,70,,303582,20,0,9,2,30,,303563,20,0,9,1,70,,303565,20,0,9,1,30,,303569,20,0,9,2,71,,303574,20,0,9,1,30,,303585,20,0,9,1,70,,303564,20,0,9,2,30,,303592,20,0,9,2,70,,303566,20,0,9,1,30,,303579,20,0,9,2,71,,303575,20,0,9,1,30,,303595,20,0,9,2,70,,303570,20,0,9,2,30,,303593,20,0,9,2,70,,303589,20,0,9,1,30,,303580,20,0,9,2,70,,303576,20,0,9,1,30,,303596,20,0,9,2,70,,303571,20,0,9,2,30,,303594,20,0,9,2,70,,303590,20,0,9,1,30,,303599,20,0,9,1,70,,303562,20,0,9,2,29,,303586,20,0,9,1,70,,303578,20,0,9,1,30,,303598,20,0,9,2,69,,303597,20,0,9,2,30,,303567,20,0,9,1,70,,303577,20,0,9,1,30,,303587,20,0,9,1,70,,303600,20,0,9,2,30,,303583,20,0,9,2,70,,303591,20,0,9,1,31,,303581,20,0,9,2,69,,303588,20,0,9,2
5604,'H58S000S-83-S',521,,303606,20,0,9,1,31,,303615,20,0,9,1,71,,303605,20,0,9,1,29,,303616,20,0,9,1,70,,303619,20,0,9,2,31,,303617,20,0,9,1,72,,303625,20,0,9,1,29,,303607,20,0,9,2,70,,303618,20,0,9,1,30,,303626,20,0,9,1,72,,303608,20,0,9,2,28,,303602,20,0,9,2,70,,303627,20,0,9,1,31,,303609,20,0,9,2,71,,303603,20,0,9,2,30,,303628,20,0,9,1,70,,303610,20,0,9,2,30,,303604,20,0,9,2,69,,303623,20,0,9,1,29,,303629,20,0,9,1,71,,303640,20,0,9,2,102,,303630,20,0,9,1,30,,303641,20,0,9,2,70,,303624,20,0,9,1,96,,303631,20,0,9,2,30,,303639,20,0,9,1,69,,303642,20,0,9,2,29,,303612,20,0,9,1,65,,303601,20,0,9,2,28,,303613,20,0,9,1,70,,303635,20,0,9,2,30,,303614,20,0,9,1,70,,303636,20,0,9,2,30,,303633,20,0,9,1,70,,303637,20,0,9,2,30,,303634,20,0,9,1,70,,303638,20,0,9,2
5604,'H58S100F-80-F1',521,,303651,20,0,9,1,30,,303650,20,0,9,1,70,,303652,20,0,9,1,30,,303655,20,0,9,2,70,,303667,20,0,9,1,30,,303645,20,0,9,1,70,,303643,20,0,9,1,30,,303653,20,0,9,2,71,,303671,20,0,9,2,30,,303656,20,0,9,2,70,,303663,20,0,9,1,30,,303675,20,0,9,2,70,,303644,20,0,9,1,30,,303659,20,0,9,2,71,,303648,20,0,9,1,30,,303657,20,0,9,2,70,,303664,20,0,9,1,30,,303676,20,0,9,1,70,,303670,20,0,9,1,30,,303660,20,0,9,2,70,,303646,20,0,9,1,30,,303658,20,0,9,2,70,,303665,20,0,9,1,30,,303677,20,0,9,1,70,,303654,20,0,9,2,30,,303661,20,0,9,2,70,,303647,20,0,9,1,29,,303672,20,0,9,1,70,,303669,20,0,9,1,30,,303680,20,0,9,2,69,,303649,20,0,9,1,30,,303662,20,0,9,1,70,,303678,20,0,9,1,30,,303673,20,0,9,1,70,,303674,20,0,9,1,30,,303681,20,0,9,2,70,,303679,20,0,9,2,31,,303666,20,0,9,1,69,,303668,20,0,9,2
5604,'H58S200F-80-F2',521,,303691,20,0,9,1,30,,303685,20,0,9,1,70,,303692,20,0,9,1,30,,303708,20,0,9,2,70,,303702,20,0,9,1,30,,303705,20,0,9,1,70,,303699,20,0,9,1,30,,303684,20,0,9,2,71,,303698,20,0,9,2,30,,303709,20,0,9,2,70,,303712,20,0,9,1,30,,303695,20,0,9,2,70,,303700,20,0,9,1,30,,303687,20,0,9,2,71,,303697,20,0,9,1,30,,303710,20,0,9,2,70,,303713,20,0,9,1,30,,303716,20,0,9,1,70,,303682,20,0,9,1,30,,303688,20,0,9,2,70,,303706,20,0,9,1,30,,303711,20,0,9,2,70,,303714,20,0,9,1,30,,303717,20,0,9,1,70,,303701,20,0,9,2,30,,303689,20,0,9,2,70,,303707,20,0,9,1,29,,303693,20,0,9,1,70,,303690,20,0,9,1,30,,303719,20,0,9,2,69,,303686,20,0,9,1,30,,303704,20,0,9,1,70,,303718,20,0,9,1,30,,303694,20,0,9,1,70,,303703,20,0,9,1,30,,303696,20,0,9,2,70,,303683,20,0,9,2,31,,303715,20,0,9,1,69,,303720,20,0,9,2
9902,'H51S000A-80-A',523,,314281,23,0,10,1,85,,314282,23,0,10,1,45,,314283,23,0,10,1,85,,314284,23,0,10,1,84,,314285,23,0,10,1,84,,314286,23,0,10,1,45,,314287,23,0,10,1,85,,314288,23,0,10,1,69,,314305,23,0,10,2,28,,314289,23,0,10,1,71,,314306,23,0,10,2,30,,314290,23,0,10,1,70,,314307,23,0,10,2,31,,314291,23,0,10,1,70,,314308,23,0,10,2,30,,314292,23,0,10,1,70,,314309,23,0,10,2,30,,314293,23,0,10,1,70,,314310,23,0,10,2,30,,314294,23,0,10,1,70,,314311,23,0,10,2,30,,314295,23,0,10,1,68,,314312,23,0,10,2,30,,314296,23,0,10,1,70,,314313,23,0,10,2,30,,314297,23,0,10,1,70,,314314,23,0,10,2,32,,314298,23,0,10,1,72,,314315,23,0,10,2,34,,314299,23,0,10,1,87,,314300,23,0,10,1,86,,314301,23,0,10,1,87,,314302,23,0,10,1,47,,314303,23,0,10,1,86,,314304,23,0,10,1
9902,'H51S000I-80-I',522,,314316,23,0,10,1,84,,314317,23,0,10,1,44,,314318,23,0,10,1,84,,314319,23,0,10,1,86,,314320,23,0,10,1,84,,314321,23,0,10,1,33,,314332,23,0,10,1,70,,314322,23,0,10,1,31,,314333,23,0,10,1,70,,314323,23,0,10,1,32,,314334,23,0,10,1,70,,314324,23,0,10,1,30,,314335,23,0,10,1,70,,314325,23,0,10,1,30,,314336,23,0,10,1,70,,314326,23,0,10,1,30,,314337,23,0,10,1,70,,314327,23,0,10,1,30,,314338,23,0,10,1,69,,314328,23,0,10,1,30,,314339,23,0,10,1,70,,314329,23,0,10,1,29,,314340,23,0,10,1,70,,314330,23,0,10,1,30,,314341,23,0,10,1,72,,314331,23,0,10,1,35,,314342,23,0,10,1,84,,314343,23,0,10,1,84,,314344,23,0,10,1,45,,314345,23,0,10,1,85,,314346,23,0,10,1,86,,314347,23,0,10,1,85,,314348,23,0,10,1,86,,314349,23,0,10,1
9902,'H51S000S-81-S',524,,314350,23,0,10,1,26,,314372,23,0,10,2,71,,314351,23,0,10,1,28,,314373,23,0,10,2,73,,314352,23,0,10,1,30,,314374,23,0,10,2,70,,314353,23,0,10,1,30,,314375,23,0,10,2,68,,314354,23,0,10,1,30,,314376,23,0,10,2,70,,314355,23,0,10,1,30,,314377,23,0,10,2,70,,314356,23,0,10,1,30,,314378,23,0,10,2,70,,314357,23,0,10,1,30,,314379,23,0,10,2,71,,314358,23,0,10,1,30,,314380,23,0,10,2,70,,314359,23,0,10,1,30,,314381,23,0,10,2,71,,314360,23,0,10,1,30,,314382,23,0,10,2,70,,314361,23,0,10,1,29,,314383,23,0,10,2,72,,314362,23,0,10,1,32,,314384,23,0,10,2,72,,314363,23,0,10,1,30,,314385,23,0,10,2,73,,314364,23,0,10,1,73,,314386,23,0,10,2,39,,314365,23,0,10,1,86,,314366,23,0,10,1,85,,314367,23,0,10,1,45,,314368,23,0,10,1,82,,314369,23,0,10,1,81,,314370,23,0,10,1,81,,314371,23,0,10,1
9902,'H51S100F-80-F1',522,,314387,23,0,10,1,84,,314388,23,0,10,1,44,,314389,23,0,10,1,84,,314390,23,0,10,1,86,,314391,23,0,10,1,84,,314392,23,0,10,1,33,,314403,23,0,10,1,70,,314393,23,0,10,1,31,,314404,23,0,10,1,70,,314394,23,0,10,1,32,,314405,23,0,10,1,70,,314395,23,0,10,1,30,,314406,23,0,10,1,70,,314396,23,0,10,1,30,,314407,23,0,10,1,70,,314397,23,0,10,1,30,,314408,23,0,10,1,70,,314398,23,0,10,1,30,,314409,23,0,10,1,69,,314399,23,0,10,1,30,,314410,23,0,10,1,70,,314400,23,0,10,1,29,,314411,23,0,10,1,70,,314401,23,0,10,1,30,,314412,23,0,10,1,72,,314402,23,0,10,1,35,,314413,23,0,10,1,84,,314414,23,0,10,1,84,,314415,23,0,10,1,45,,314416,23,0,10,1,85,,314417,23,0,10,1,86,,314418,23,0,10,1,85,,314419,23,0,10,1,86,,314420,23,0,10,1
9902,'H51S200F-80-F2',522,,314421,23,0,10,1,84,,314422,23,0,10,1,44,,314423,23,0,10,1,84,,314424,23,0,10,1,86,,314425,23,0,10,1,84,,314426,23,0,10,1,33,,314437,23,0,10,1,70,,314427,23,0,10,1,31,,314438,23,0,10,1,70,,314428,23,0,10,1,32,,314439,23,0,10,1,70,,314429,23,0,10,1,30,,314440,23,0,10,1,70,,314430,23,0,10,1,30,,314441,23,0,10,1,70,,314431,23,0,10,1,30,,314442,23,0,10,1,70,,314432,23,0,10,1,30,,314443,23,0,10,1,69,,314433,23,0,10,1,30,,314444,23,0,10,1,70,,314434,23,0,10,1,29,,314445,23,0,10,1,70,,314435,23,0,10,1,30,,314446,23,0,10,1,72,,314436,23,0,10,1,35,,314447,23,0,10,1,84,,314448,23,0,10,1,84,,314449,23,0,10,1,45,,314450,23,0,10,1,85,,314451,23,0,10,1,86,,314452,23,0,10,1,85,,314453,23,0,10,1,86,,314454,23,0,10,1
