3502,'H56S000A-80-A',612,,296145,18,0,10,2,29,,296137,18,0,10,1,69,,296139,18,0,10,1,29,,296119,18,0,10,1,70,,296141,18,0,10,1,31,,296138,18,0,10,1,70,,296140,18,0,10,1,32,,296120,18,0,10,1,74,,296127,18,0,10,2,35,,296112,18,0,10,1,72,,296134,18,0,10,2,30,,296121,18,0,10,1,70,,296128,18,0,10,2,31,,296113,18,0,10,1,71,,296135,18,0,10,2,30,,296122,18,0,10,1,72,,296129,18,0,10,2,31,,296114,18,0,10,1,70,,296136,18,0,10,2,31,,296123,18,0,10,1,72,,296130,18,0,10,2,71,,296115,18,0,10,1,30,,296142,18,0,10,2,71,,296124,18,0,10,1,31,,296131,18,0,10,2,68,,296116,18,0,10,1,29,,296143,18,0,10,2,28,,296125,18,0,10,1,69,,296132,18,0,10,2,26,,296117,18,0,10,1,68,,296144,18,0,10,2,29,,296126,18,0,10,1,68,,296133,18,0,10,2,30,,296118,18,0,10,1
3502,'H56S000I-80-I',611,,296178,18,0,10,1,29,,296146,18,0,10,1,69,,296171,18,0,10,1,29,,296158,18,0,10,2,71,,296179,18,0,10,1,30,,296147,18,0,10,1,71,,296172,18,0,10,1,33,,296174,18,0,10,1,72,,296159,18,0,10,2,32,,296166,18,0,10,1,74,,296148,18,0,10,1,29,,296175,18,0,10,1,70,,296160,18,0,10,2,30,,296167,18,0,10,1,71,,296149,18,0,10,1,32,,296153,18,0,10,1,69,,296161,18,0,10,2,29,,296168,18,0,10,1,70,,296150,18,0,10,1,30,,296154,18,0,10,1,69,,296162,18,0,10,2,31,,296169,18,0,10,1,68,,296151,18,0,10,1,29,,296155,18,0,10,1,71,,296163,18,0,10,2,30,,296170,18,0,10,1,69,,296152,18,0,10,1,28,,296156,18,0,10,1,70,,296164,18,0,10,2,30,,296176,18,0,10,1,70,,296173,18,0,10,1,30,,296157,18,0,10,1,70,,296165,18,0,10,2,31,,296177,18,0,10,1
3502,'H56S000S-82-S',551,,296212,18,0,10,1,71,,296180,18,0,10,2,35,,296182,18,0,10,2,73,,296214,18,0,10,1,28,,296213,18,0,10,1,71,,296181,18,0,10,2,30,,296198,18,0,10,1,69,,296210,18,0,10,2,31,,296215,18,0,10,1,70,,296204,18,0,10,2,30,,296195,18,0,10,1,71,,296183,18,0,10,1,29,,296189,18,0,10,2,72,,296199,18,0,10,1,69,,296205,18,0,10,2,29,,296196,18,0,10,1,28,,296184,18,0,10,1,68,,296190,18,0,10,2,28,,296200,18,0,10,1,68,,296206,18,0,10,2,29,,296197,18,0,10,1,70,,296185,18,0,10,1,31,,296191,18,0,10,2,69,,296201,18,0,10,1,27,,296207,18,0,10,2,66,,296211,18,0,10,2,27,,296186,18,0,10,1,65,,296192,18,0,10,2,30,,296202,18,0,10,1,71,,296208,18,0,10,2,31,,296187,18,0,10,1,70,,296193,18,0,10,2,28,,296203,18,0,10,1,65,,296209,18,0,10,2,30,,296188,18,0,10,1,73,,296194,18,0,10,2
3502,'H56S100F-80-F1',611,,296248,18,0,10,1,29,,296216,18,0,10,1,69,,296241,18,0,10,1,29,,296228,18,0,10,2,71,,296249,18,0,10,1,30,,296217,18,0,10,1,71,,296242,18,0,10,1,33,,296244,18,0,10,1,72,,296229,18,0,10,2,32,,296236,18,0,10,1,74,,296218,18,0,10,1,29,,296245,18,0,10,1,70,,296230,18,0,10,2,30,,296237,18,0,10,1,71,,296219,18,0,10,1,32,,296223,18,0,10,1,69,,296231,18,0,10,2,29,,296238,18,0,10,1,70,,296220,18,0,10,1,30,,296224,18,0,10,1,69,,296232,18,0,10,2,31,,296239,18,0,10,1,68,,296221,18,0,10,1,29,,296225,18,0,10,1,71,,296233,18,0,10,2,30,,296240,18,0,10,1,69,,296222,18,0,10,1,28,,296226,18,0,10,1,70,,296234,18,0,10,2,30,,296246,18,0,10,1,70,,296243,18,0,10,1,30,,296227,18,0,10,1,70,,296235,18,0,10,2,31,,296247,18,0,10,1
3502,'H56S200F-80-F2',611,,296282,18,0,10,1,29,,296250,18,0,10,1,69,,296275,18,0,10,1,29,,296262,18,0,10,2,71,,296283,18,0,10,1,30,,296251,18,0,10,1,71,,296276,18,0,10,1,33,,296278,18,0,10,1,72,,296263,18,0,10,2,32,,296270,18,0,10,1,74,,296252,18,0,10,1,29,,296279,18,0,10,1,70,,296264,18,0,10,2,30,,296271,18,0,10,1,71,,296253,18,0,10,1,32,,296257,18,0,10,1,69,,296265,18,0,10,2,29,,296272,18,0,10,1,70,,296254,18,0,10,1,30,,296258,18,0,10,1,69,,296266,18,0,10,2,31,,296273,18,0,10,1,68,,296255,18,0,10,1,29,,296259,18,0,10,1,71,,296267,18,0,10,2,30,,296274,18,0,10,1,69,,296256,18,0,10,1,28,,296260,18,0,10,1,70,,296268,18,0,10,2,30,,296280,18,0,10,1,70,,296277,18,0,10,1,30,,296261,18,0,10,1,70,,296269,18,0,10,2,31,,296281,18,0,10,1
3602,'H56S000A-80-A',445,,296517,8,0,10,1,70,,296505,8,0,10,1,31,,296522,8,0,10,1,72,,296518,8,0,10,1,31,,296506,8,0,10,1,70,,296523,8,0,10,1,31,,296519,8,0,10,1,71,,296507,8,0,10,1,31,,296524,8,0,10,1,71,,296520,8,0,10,1,32,,296508,8,0,10,1,73,,296525,8,0,10,1,73,,296521,8,0,10,1,33,,296509,8,0,10,1,73,,296516,8,0,10,1,33,,296527,8,0,10,1,73,,296492,8,0,10,1,33,,296498,8,0,10,1,73,,296489,8,0,10,1,33,,296510,8,0,10,1,72,,296493,8,0,10,1,31,,296499,8,0,10,1,73,,296490,8,0,10,1,31,,296511,8,0,10,1,70,,296494,8,0,10,1,30,,296500,8,0,10,1,69,,296491,8,0,10,1,29,,296512,8,0,10,1,70,,296495,8,0,10,1,29,,296501,8,0,10,1,71,,296513,8,0,10,1,31,,296496,8,0,10,1,71,,296502,8,0,10,1,71,,296514,8,0,10,1,31,,296497,8,0,10,1,71,,296503,8,0,10,1,31,,296515,8,0,10,1,71,,296526,8,0,10,1,31,,296504,8,0,10,1
3602,'H56S000I-80-I',444,,296528,8,0,10,1,70,,296534,8,0,10,1,30,,296541,8,0,10,1,71,,296529,8,0,10,1,31,,296535,8,0,10,1,71,,296542,8,0,10,1,31,,296530,8,0,10,1,71,,296536,8,0,10,1,32,,296543,8,0,10,1,72,,296531,8,0,10,1,32,,296537,8,0,10,1,72,,296544,8,0,10,1,32,,296532,8,0,10,1,72,,296538,8,0,10,1,73,,296545,8,0,10,1,33,,296533,8,0,10,1,73,,296539,8,0,10,1,33,,296546,8,0,10,1,72,,296558,8,0,10,1,32,,296548,8,0,10,1,72,,296540,8,0,10,1,32,,296547,8,0,10,1,73,,296559,8,0,10,1,31,,296549,8,0,10,1,71,,296554,8,0,10,1,31,,296562,8,0,10,1,71,,296560,8,0,10,1,30,,296550,8,0,10,1,71,,296555,8,0,10,1,71,,296563,8,0,10,1,31,,296551,8,0,10,1,71,,296556,8,0,10,1,31,,296564,8,0,10,1,71,,296552,8,0,10,1,31,,296557,8,0,10,1,71,,296565,8,0,10,1,31,,296553,8,0,10,1,69,,296561,8,0,10,1,31,,296566,8,0,10,1
3602,'H56S000S-82-S',445,,296567,8,0,10,1,67,,296570,8,0,10,1,29,,296582,8,0,10,1,68,,296591,8,0,10,1,24,,296568,8,0,10,1,22,,296571,8,0,10,1,62,,296583,8,0,10,1,24,,296599,8,0,10,1,62,,296592,8,0,10,1,23,,296569,8,0,10,1,24,,296572,8,0,10,1,63,,296584,8,0,10,1,22,,296600,8,0,10,1,23,,296593,8,0,10,1,64,,296610,8,0,10,1,22,,296573,8,0,10,1,63,,296585,8,0,10,1,22,,296601,8,0,10,1,25,,296594,8,0,10,1,61,,296611,8,0,10,1,23,,296574,8,0,10,1,63,,296586,8,0,10,1,24,,296579,8,0,10,1,22,,296602,8,0,10,1,61,,296612,8,0,10,1,21,,296575,8,0,10,1,22,,296587,8,0,10,1,60,,296580,8,0,10,1,24,,296603,8,0,10,1,23,,296613,8,0,10,1,58,,296576,8,0,10,1,14,,296609,8,0,10,1,15,,296588,8,0,10,1,60,,296581,8,0,10,1,17,,296595,8,0,10,1,19,,296604,8,0,10,1,61,,296614,8,0,10,1,21,,296577,8,0,10,1,23,,296589,8,0,10,1,63,,296596,8,0,10,1,20,,296605,8,0,10,1,20,,296615,8,0,10,1,60,,296578,8,0,10,1,21,,296590,8,0,10,1,70,,296597,8,0,10,1,31,,296606,8,0,10,1,71,,296616,8,0,10,1,31,,296598,8,0,10,1,71,,296607,8,0,10,1,28,,296617,8,0,10,1,69,,296618,8,0,10,1,30,,296608,8,0,10,1
3602,'H56S100F-80-F1',444,,296619,8,0,10,1,70,,296625,8,0,10,1,30,,296632,8,0,10,1,71,,296620,8,0,10,1,31,,296626,8,0,10,1,71,,296633,8,0,10,1,31,,296621,8,0,10,1,71,,296627,8,0,10,1,32,,296634,8,0,10,1,72,,296622,8,0,10,1,32,,296628,8,0,10,1,72,,296635,8,0,10,1,32,,296623,8,0,10,1,72,,296629,8,0,10,1,73,,296636,8,0,10,1,33,,296624,8,0,10,1,73,,296630,8,0,10,1,33,,296637,8,0,10,1,72,,296649,8,0,10,1,32,,296639,8,0,10,1,72,,296631,8,0,10,1,32,,296638,8,0,10,1,73,,296650,8,0,10,1,31,,296640,8,0,10,1,71,,296645,8,0,10,1,31,,296653,8,0,10,1,71,,296651,8,0,10,1,30,,296641,8,0,10,1,71,,296646,8,0,10,1,71,,296654,8,0,10,1,31,,296642,8,0,10,1,71,,296647,8,0,10,1,31,,296655,8,0,10,1,71,,296643,8,0,10,1,31,,296648,8,0,10,1,71,,296656,8,0,10,1,31,,296644,8,0,10,1,69,,296652,8,0,10,1,31,,296657,8,0,10,1
3602,'H56S200F-80-F2',444,,296658,8,0,10,1,70,,296664,8,0,10,1,30,,296671,8,0,10,1,71,,296659,8,0,10,1,31,,296665,8,0,10,1,71,,296672,8,0,10,1,31,,296660,8,0,10,1,71,,296666,8,0,10,1,32,,296673,8,0,10,1,72,,296661,8,0,10,1,32,,296667,8,0,10,1,72,,296674,8,0,10,1,32,,296662,8,0,10,1,72,,296668,8,0,10,1,73,,296675,8,0,10,1,33,,296663,8,0,10,1,73,,296669,8,0,10,1,33,,296676,8,0,10,1,72,,296688,8,0,10,1,32,,296678,8,0,10,1,72,,296670,8,0,10,1,32,,296677,8,0,10,1,73,,296689,8,0,10,1,31,,296679,8,0,10,1,71,,296684,8,0,10,1,31,,296692,8,0,10,1,71,,296690,8,0,10,1,30,,296680,8,0,10,1,71,,296685,8,0,10,1,71,,296693,8,0,10,1,31,,296681,8,0,10,1,71,,296686,8,0,10,1,31,,296694,8,0,10,1,71,,296682,8,0,10,1,31,,296687,8,0,10,1,71,,296695,8,0,10,1,31,,296683,8,0,10,1,69,,296691,8,0,10,1,31,,296696,8,0,10,1
