2804,'H54S000A-80-A',504,,293353,2,0,9,1,31,,293361,2,0,9,1,71,,293355,2,0,9,2,31,,293354,2,0,9,1,71,,293362,2,0,9,1,31,,293356,2,0,9,2,71,,293337,2,0,9,1,31,,293363,2,0,9,1,71,,293357,2,0,9,2,31,,293338,2,0,9,1,71,,293346,2,0,9,2,31,,293329,2,0,9,1,71,,293367,2,0,9,1,31,,293364,2,0,9,1,71,,293358,2,0,9,2,31,,293339,2,0,9,1,71,,293347,2,0,9,2,31,,293330,2,0,9,1,71,,293368,2,0,9,1,31,,293365,2,0,9,1,71,,293359,2,0,9,2,31,,293340,2,0,9,1,71,,293348,2,0,9,2,31,,293331,2,0,9,1,71,,293369,2,0,9,1,31,,293366,2,0,9,1,71,,293360,2,0,9,2,71,,293341,2,0,9,1,31,,293349,2,0,9,2,71,,293332,2,0,9,1,31,,293342,2,0,9,1,71,,293350,2,0,9,2,31,,293333,2,0,9,1,71,,293343,2,0,9,1,32,,293351,2,0,9,2,72,,293334,2,0,9,1,32,,293344,2,0,9,1,72,,293335,2,0,9,1,32,,293352,2,0,9,2,73,,293345,2,0,9,1,33,,293336,2,0,9,1
2804,'H54S000I-80-I',504,,293382,2,0,9,1,32,,293400,2,0,9,2,70,,293394,2,0,9,2,29,,293383,2,0,9,1,69,,293401,2,0,9,2,30,,293395,2,0,9,2,70,,293406,2,0,9,1,30,,293402,2,0,9,2,70,,293396,2,0,9,2,30,,293384,2,0,9,1,70,,293392,2,0,9,1,30,,293370,2,0,9,2,70,,293407,2,0,9,1,30,,293403,2,0,9,2,70,,293397,2,0,9,2,30,,293385,2,0,9,1,70,,293377,2,0,9,2,30,,293371,2,0,9,2,70,,293408,2,0,9,1,30,,293404,2,0,9,2,70,,293398,2,0,9,2,30,,293386,2,0,9,1,70,,293378,2,0,9,2,30,,293372,2,0,9,2,70,,293409,2,0,9,1,30,,293405,2,0,9,2,70,,293399,2,0,9,2,30,,293387,2,0,9,1,70,,293379,2,0,9,2,30,,293373,2,0,9,2,70,,293388,2,0,9,1,30,,293380,2,0,9,2,70,,293374,2,0,9,2,30,,293389,2,0,9,1,70,,293381,2,0,9,2,31,,293375,2,0,9,1,71,,293390,2,0,9,2,30,,293410,2,0,9,1,73,,293376,2,0,9,1,32,,293391,2,0,9,2,72,,293393,2,0,9,1
2804,'H54S000S-80-S',500,,293412,2,0,9,2,30,,293432,2,0,9,2,70,,293416,2,0,9,1,31,,293413,2,0,9,2,70,,293433,2,0,9,2,33,,293414,2,0,9,1,69,,293436,2,0,9,2,29,,293434,2,0,9,2,27,,293427,2,0,9,1,71,,293437,2,0,9,2,71,,293435,2,0,9,2,31,,293428,2,0,9,1,72,,293417,2,0,9,1,30,,293438,2,0,9,1,69,,293429,2,0,9,1,29,,293418,2,0,9,1,69,,293439,2,0,9,1,28,,293430,2,0,9,1,29,,293419,2,0,9,1,71,,293440,2,0,9,1,20,,293447,2,0,9,2,57,,293431,2,0,9,1,17,,293420,2,0,9,1,18,,293448,2,0,9,2,17,,293441,2,0,9,1,45,,293452,2,0,9,1,12,,293442,2,0,9,2,21,,293461,2,0,9,2,23,,293421,2,0,9,1,63,,293449,2,0,9,2,22,,293451,2,0,9,2,63,,293443,2,0,9,2,24,,293422,2,0,9,1,71,,293458,2,0,9,2,31,,293444,2,0,9,2,70,,293423,2,0,9,1,31,,293459,2,0,9,2,70,,293445,2,0,9,2,31,,293424,2,0,9,1,70,,293460,2,0,9,2,29,,293446,2,0,9,2,71,,293425,2,0,9,1,30,,293450,2,0,9,1,69,,293462,2,0,9,1,33,,293426,2,0,9,1,73,,293411,2,0,9,1
2804,'H54S100F-80-F1',504,,293475,2,0,9,1,32,,293493,2,0,9,2,70,,293487,2,0,9,2,29,,293476,2,0,9,1,69,,293494,2,0,9,2,30,,293488,2,0,9,2,70,,293499,2,0,9,1,30,,293495,2,0,9,2,70,,293489,2,0,9,2,30,,293477,2,0,9,1,70,,293485,2,0,9,1,30,,293463,2,0,9,2,70,,293500,2,0,9,1,30,,293496,2,0,9,2,70,,293490,2,0,9,2,30,,293478,2,0,9,1,70,,293470,2,0,9,2,30,,293464,2,0,9,2,70,,293501,2,0,9,1,30,,293497,2,0,9,2,70,,293491,2,0,9,2,30,,293479,2,0,9,1,70,,293471,2,0,9,2,30,,293465,2,0,9,2,70,,293502,2,0,9,1,30,,293498,2,0,9,2,70,,293492,2,0,9,2,30,,293480,2,0,9,1,70,,293472,2,0,9,2,30,,293466,2,0,9,2,70,,293481,2,0,9,1,30,,293473,2,0,9,2,70,,293467,2,0,9,2,30,,293482,2,0,9,1,70,,293474,2,0,9,2,31,,293468,2,0,9,1,71,,293483,2,0,9,2,30,,293503,2,0,9,1,73,,293469,2,0,9,1,32,,293484,2,0,9,2,72,,293486,2,0,9,1
2804,'H54S200F-80-F2',504,,293516,2,0,9,1,32,,293534,2,0,9,2,70,,293528,2,0,9,2,29,,293517,2,0,9,1,69,,293535,2,0,9,2,30,,293529,2,0,9,2,70,,293540,2,0,9,1,30,,293536,2,0,9,2,70,,293530,2,0,9,2,30,,293518,2,0,9,1,70,,293526,2,0,9,1,30,,293504,2,0,9,2,70,,293541,2,0,9,1,30,,293537,2,0,9,2,70,,293531,2,0,9,2,30,,293519,2,0,9,1,70,,293511,2,0,9,2,30,,293505,2,0,9,2,70,,293542,2,0,9,1,30,,293538,2,0,9,2,70,,293532,2,0,9,2,30,,293520,2,0,9,1,70,,293512,2,0,9,2,30,,293506,2,0,9,2,70,,293543,2,0,9,1,30,,293539,2,0,9,2,70,,293533,2,0,9,2,30,,293521,2,0,9,1,70,,293513,2,0,9,2,30,,293507,2,0,9,2,70,,293522,2,0,9,1,30,,293514,2,0,9,2,70,,293508,2,0,9,2,30,,293523,2,0,9,1,70,,293515,2,0,9,2,31,,293509,2,0,9,1,71,,293524,2,0,9,2,30,,293544,2,0,9,1,73,,293510,2,0,9,1,32,,293525,2,0,9,2,72,,293527,2,0,9,1
3901,'H54S000S-80-S',631,,297498,35,0,5,1,70,,297500,35,0,5,2,31,,297508,35,0,5,2,73,,297499,35,0,5,1,29,,297501,35,0,5,2,70,,297509,35,0,5,2,644,,297502,35,0,5,2,71,,297506,35,0,5,2,29,,297504,35,0,5,1,70,,297507,35,0,5,2,31,,297503,35,0,5,2,72,,297505,35,0,5,1
36402,'H54S000A-80-A',2449,,346815,2,0,10,1,85,,346817,2,0,10,2,86,,346814,2,0,10,1,85,,346813,2,0,10,1,45,,346816,2,0,10,1,79,,346818,2,0,10,2
36402,'H54S000I-80-I',2449,,346822,2,0,10,1,85,,346820,2,0,10,1,85,,346823,2,0,10,2,85,,346821,2,0,10,1,45,,346819,2,0,10,1
36402,'H54S000S-80-S',2449,,346827,2,0,10,2,87,,346828,2,0,10,1,84,,346826,2,0,10,2,86,,346824,2,0,10,1,43,,346825,2,0,10,1
36402,'H54S100F-80-F1',2449,,346832,2,0,10,1,85,,346830,2,0,10,1,85,,346833,2,0,10,2,85,,346831,2,0,10,1,45,,346829,2,0,10,1
36402,'H54S200F-80-F2',2449,,346837,2,0,10,1,85,,346835,2,0,10,1,85,,346838,2,0,10,2,85,,346836,2,0,10,1,45,,346834,2,0,10,1
