5102,'H50S000S-82-S',756,,301705,4,0,10,2,803,,301702,4,0,10,2,70,,301704,4,0,10,1,30,,301708,4,0,10,2,58,,301701,4,0,10,1,136,,301703,4,0,10,1
5102,'H56S000S-82-S',747,,301709,4,0,10,1
5102,'H57S000A-80-A',506,,301720,4,0,10,1,28,,301726,4,0,10,1,71,,301711,4,0,10,1,32,,301734,4,0,10,1,73,,301727,4,0,10,1,33,,301712,4,0,10,1,70,,301735,4,0,10,1,28,,301742,4,0,10,1,61,,301728,4,0,10,1,21,,301755,4,0,10,1,21,,301765,4,0,10,1,62,,301721,4,0,10,1,21,,301771,4,0,10,1,20,,301743,4,0,10,1,60,,301713,4,0,10,1,14,,301756,4,0,10,1,12,,301738,4,0,10,1,12,,301780,4,0,10,1,13,,301783,4,0,10,1,53,,301722,4,0,10,1,14,,301729,4,0,10,1,14,,301774,4,0,10,2,14,,301744,4,0,10,1,54,,301714,4,0,10,1,13,,301757,4,0,10,1,12,,301739,4,0,10,1,10,,301747,4,0,10,1,10,,301772,4,0,10,1,49,,301784,4,0,10,1,9,,301790,4,0,10,2,8,,301723,4,0,10,1,7,,301751,4,0,10,1,7,,301730,4,0,10,1,8,,301775,4,0,10,2,9,,301766,4,0,10,1,8,,301762,4,0,10,1,48,,301745,4,0,10,1,8,,301715,4,0,10,1,8,,301781,4,0,10,1,8,,301758,4,0,10,1,8,,301740,4,0,10,1,9,,301748,4,0,10,1,8,,301777,4,0,10,1,47,,301773,4,0,10,1,6,,301785,4,0,10,1,6,,301791,4,0,10,2,7,,301724,4,0,10,1,7,,301752,4,0,10,1,8,,301731,4,0,10,1,8,,301776,4,0,10,2,7,,301767,4,0,10,1,5,,301796,4,0,10,1,47,,301763,4,0,10,1,6,,301746,4,0,10,1,7,,301716,4,0,10,1,7,,301782,4,0,10,1,8,,301759,4,0,10,1,8,,301741,4,0,10,1,6,,301786,4,0,10,1,4,,301749,4,0,10,1,8,,301725,4,0,10,1,46,,301733,4,0,10,1,7,,301778,4,0,10,1,7,,301792,4,0,10,2,7,,301753,4,0,10,1,8,,301797,4,0,10,1,8,,301732,4,0,10,1,8,,301768,4,0,10,1,53,,301764,4,0,10,1,13,,301717,4,0,10,1,13,,301754,4,0,10,1,12,,301760,4,0,10,1,13,,301750,4,0,10,1,53,,301793,4,0,10,2,13,,301779,4,0,10,1,15,,301798,4,0,10,1,15,,301769,4,0,10,1,55,,301770,4,0,10,1,14,,301718,4,0,10,1,14,,301787,4,0,10,1,14,,301761,4,0,10,1,14,,301794,4,0,10,2,54,,301801,4,0,10,1,16,,301799,4,0,10,1,18,,301719,4,0,10,1,61,,301736,4,0,10,2,22,,301788,4,0,10,1,22,,301795,4,0,10,2,62,,301803,4,0,10,1,22,,301802,4,0,10,1,23,,301737,4,0,10,2,63,,301789,4,0,10,1,20,,301800,4,0,10,1
5102,'H57S000I-80-I',507,,301806,4,0,10,1,28,,301817,4,0,10,1,70,,301825,4,0,10,1,31,,301807,4,0,10,1,72,,301818,4,0,10,1,31,,301826,4,0,10,1,71,,301808,4,0,10,1,30,,301833,4,0,10,1,69,,301840,4,0,10,2,28,,301846,4,0,10,1,68,,301809,4,0,10,1,27,,301834,4,0,10,1,20,,301827,4,0,10,1,60,,301854,4,0,10,1,19,,301847,4,0,10,1,20,,301852,4,0,10,1,55,,301810,4,0,10,1,13,,301858,4,0,10,2,11,,301835,4,0,10,1,11,,301841,4,0,10,2,11,,301828,4,0,10,1,53,,301855,4,0,10,1,13,,301819,4,0,10,1,13,,301848,4,0,10,1,14,,301862,4,0,10,1,14,,301866,4,0,10,1,50,,301811,4,0,10,1,9,,301859,4,0,10,2,10,,301836,4,0,10,1,10,,301842,4,0,10,2,10,,301844,4,0,10,1,10,,301829,4,0,10,1,50,,301856,4,0,10,1,10,,301820,4,0,10,1,9,,301849,4,0,10,1,9,,301870,4,0,10,1,9,,301863,4,0,10,1,9,,301867,4,0,10,1,49,,301832,4,0,10,1,8,,301812,4,0,10,1,7,,301860,4,0,10,2,7,,301804,4,0,10,1,7,,301837,4,0,10,1,7,,301843,4,0,10,2,7,,301873,4,0,10,1,7,,301830,4,0,10,1,47,,301821,4,0,10,1,7,,301857,4,0,10,1,7,,301880,4,0,10,2,7,,301864,4,0,10,1,7,,301850,4,0,10,1,7,,301871,4,0,10,1,9,,301845,4,0,10,1,9,,301868,4,0,10,1,49,,301872,4,0,10,1,9,,301813,4,0,10,1,9,,301877,4,0,10,2,10,,301805,4,0,10,1,9,,301865,4,0,10,1,9,,301874,4,0,10,1,11,,301822,4,0,10,1,53,,301838,4,0,10,1,16,,301851,4,0,10,1,16,,301814,4,0,10,1,15,,301869,4,0,10,1,55,,301878,4,0,10,2,15,,301831,4,0,10,1,16,,301875,4,0,10,1,60,,301839,4,0,10,1,21,,301823,4,0,10,1,22,,301815,4,0,10,1,62,,301879,4,0,10,2,22,,301881,4,0,10,1,22,,301876,4,0,10,1,65,,301824,4,0,10,1,28,,301816,4,0,10,1,72,,301882,4,0,10,1,32,,301853,4,0,10,1,72,,301861,4,0,10,1
5102,'H57S000S-80-S',503,,301890,4,0,10,1,32,,301915,4,0,10,1,70,,301888,4,0,10,1,10,,301909,4,0,10,1,10,,301937,4,0,10,1,10,,301908,4,0,10,1,10,,301891,4,0,10,1,9,,301907,4,0,10,1,48,,301899,4,0,10,1,5,,301922,4,0,10,1,6,,301916,4,0,10,1,5,,301911,4,0,10,1,3,,301961,4,0,10,2,5,,301964,4,0,10,2,4,,301952,4,0,10,1,5,,301929,4,0,10,2,4,,301960,4,0,10,1,5,,301883,4,0,10,1,7,,301965,4,0,10,1,8,,301970,4,0,10,1,46,,301976,4,0,10,1,7,,301889,4,0,10,1,7,,301975,4,0,10,2,7,,301983,4,0,10,1,7,,301938,4,0,10,1,9,,301900,4,0,10,1,10,,301956,4,0,10,1,50,,301985,4,0,10,1,11,,301930,4,0,10,1,9,,301923,4,0,10,1,10,,301894,4,0,10,1,10,,301953,4,0,10,1,9,,301884,4,0,10,1,49,,301966,4,0,10,1,10,,301971,4,0,10,1,10,,301977,4,0,10,1,10,,301984,4,0,10,1,9,,301939,4,0,10,1,8,,301901,4,0,10,1,9,,301957,4,0,10,1,50,,301986,4,0,10,1,11,,301931,4,0,10,1,11,,301924,4,0,10,1,11,,301895,4,0,10,1,10,,301885,4,0,10,1,8,,301967,4,0,10,1,48,,301912,4,0,10,1,8,,301972,4,0,10,1,9,,301978,4,0,10,1,10,,301917,4,0,10,1,10,,301940,4,0,10,1,10,,301902,4,0,10,1,50,,301958,4,0,10,1,10,,301987,4,0,10,1,10,,301932,4,0,10,1,10,,301925,4,0,10,1,10,,301896,4,0,10,1,10,,301886,4,0,10,1,50,,301968,4,0,10,1,10,,301913,4,0,10,1,8,,301973,4,0,10,1,8,,301979,4,0,10,1,8,,301918,4,0,10,1,7,,301941,4,0,10,1,6,,302000,4,0,10,1,5,,301903,4,0,10,1,48,,301954,4,0,10,1,7,,302006,4,0,10,1,6,,301959,4,0,10,1,4,,302012,4,0,10,2,6,,301988,4,0,10,1,5,,301933,4,0,10,1,4,,302014,4,0,10,1,4,,301926,4,0,10,1,5,,302023,4,0,10,2,6,,301991,4,0,10,1,5,,302025,4,0,10,2,49,,302018,4,0,10,1,3,,301887,4,0,10,1,3,,301897,4,0,10,1,4,,301950,4,0,10,1,4,,302031,4,0,10,1,4,,301969,4,0,10,1,4,,302032,4,0,10,1,8,,301974,4,0,10,1,4,,302005,4,0,10,2,5,,301980,4,0,10,1,5,,302008,4,0,10,1,6,,301995,4,0,10,1,53,,302001,4,0,10,1,6,,301904,4,0,10,1,11,,301955,4,0,10,1,7,,302007,4,0,10,1,6,,301947,4,0,10,1,6,,301993,4,0,10,1,6,,301989,4,0,10,1,6,,302015,4,0,10,1,47,,301920,4,0,10,1,8,,302024,4,0,10,2,8,,301943,4,0,10,1,7,,302019,4,0,10,1,7,,301962,4,0,10,1,7,,301951,4,0,10,1,7,,302033,4,0,10,1,56,,301981,4,0,10,1,9,,301996,4,0,10,1,10,,302002,4,0,10,1,9,,301905,4,0,10,1,8,,301936,4,0,10,1,7,,301948,4,0,10,1,7,,302010,4,0,10,1,8,,302016,4,0,10,1,47,,302020,4,0,10,1,7,,301921,4,0,10,1,10,,301944,4,0,10,1,12,,301963,4,0,10,1,12,,302034,4,0,10,1,53,,301982,4,0,10,1,13,,301997,4,0,10,1,13,,301906,4,0,10,1,13,,302021,4,0,10,1,14,,302017,4,0,10,1,54,,302028,4,0,10,1,14,,301945,4,0,10,1,15,,302029,4,0,10,1,15,,302035,4,0,10,1,54,,301998,4,0,10,1,15,,302036,4,0,10,1,17,,302022,4,0,10,1,63,,301946,4,0,10,1,29,,302030,4,0,10,1,71,,301999,4,0,10,1,33,,302037,4,0,10,1
5102,'H57S100F-80-F1',507,,302040,4,0,10,1,28,,302051,4,0,10,1,70,,302059,4,0,10,1,31,,302041,4,0,10,1,72,,302052,4,0,10,1,31,,302060,4,0,10,1,71,,302042,4,0,10,1,30,,302067,4,0,10,1,69,,302074,4,0,10,2,28,,302080,4,0,10,1,68,,302043,4,0,10,1,27,,302068,4,0,10,1,20,,302061,4,0,10,1,60,,302088,4,0,10,1,19,,302081,4,0,10,1,20,,302086,4,0,10,1,55,,302044,4,0,10,1,13,,302092,4,0,10,2,11,,302069,4,0,10,1,11,,302075,4,0,10,2,11,,302062,4,0,10,1,53,,302089,4,0,10,1,13,,302053,4,0,10,1,13,,302082,4,0,10,1,14,,302096,4,0,10,1,14,,302100,4,0,10,1,50,,302045,4,0,10,1,9,,302093,4,0,10,2,10,,302070,4,0,10,1,10,,302076,4,0,10,2,10,,302078,4,0,10,1,10,,302063,4,0,10,1,50,,302090,4,0,10,1,10,,302054,4,0,10,1,9,,302083,4,0,10,1,9,,302104,4,0,10,1,9,,302097,4,0,10,1,9,,302101,4,0,10,1,49,,302066,4,0,10,1,8,,302046,4,0,10,1,7,,302094,4,0,10,2,7,,302038,4,0,10,1,7,,302071,4,0,10,1,7,,302077,4,0,10,2,7,,302107,4,0,10,1,7,,302064,4,0,10,1,47,,302055,4,0,10,1,7,,302091,4,0,10,1,7,,302114,4,0,10,2,7,,302098,4,0,10,1,7,,302084,4,0,10,1,7,,302105,4,0,10,1,9,,302079,4,0,10,1,9,,302102,4,0,10,1,49,,302106,4,0,10,1,9,,302047,4,0,10,1,9,,302111,4,0,10,2,10,,302039,4,0,10,1,9,,302099,4,0,10,1,9,,302108,4,0,10,1,11,,302056,4,0,10,1,53,,302072,4,0,10,1,16,,302085,4,0,10,1,16,,302048,4,0,10,1,15,,302103,4,0,10,1,55,,302112,4,0,10,2,15,,302065,4,0,10,1,16,,302109,4,0,10,1,60,,302073,4,0,10,1,21,,302057,4,0,10,1,22,,302049,4,0,10,1,62,,302113,4,0,10,2,22,,302115,4,0,10,1,22,,302110,4,0,10,1,65,,302058,4,0,10,1,28,,302050,4,0,10,1,72,,302116,4,0,10,1,32,,302087,4,0,10,1,72,,302095,4,0,10,1
5102,'H57S200F-80-F2',507,,302119,4,0,10,1,28,,302130,4,0,10,1,70,,302138,4,0,10,1,31,,302120,4,0,10,1,72,,302131,4,0,10,1,31,,302139,4,0,10,1,71,,302121,4,0,10,1,30,,302146,4,0,10,1,69,,302153,4,0,10,2,28,,302159,4,0,10,1,68,,302122,4,0,10,1,27,,302147,4,0,10,1,20,,302140,4,0,10,1,60,,302167,4,0,10,1,19,,302160,4,0,10,1,20,,302165,4,0,10,1,55,,302123,4,0,10,1,13,,302171,4,0,10,2,11,,302148,4,0,10,1,11,,302154,4,0,10,2,11,,302141,4,0,10,1,53,,302168,4,0,10,1,13,,302132,4,0,10,1,13,,302161,4,0,10,1,14,,302175,4,0,10,1,14,,302179,4,0,10,1,50,,302124,4,0,10,1,9,,302172,4,0,10,2,10,,302149,4,0,10,1,10,,302155,4,0,10,2,10,,302157,4,0,10,1,10,,302142,4,0,10,1,50,,302169,4,0,10,1,10,,302133,4,0,10,1,9,,302162,4,0,10,1,9,,302183,4,0,10,1,9,,302176,4,0,10,1,9,,302180,4,0,10,1,49,,302145,4,0,10,1,8,,302125,4,0,10,1,7,,302173,4,0,10,2,7,,302117,4,0,10,1,7,,302150,4,0,10,1,7,,302156,4,0,10,2,7,,302186,4,0,10,1,7,,302143,4,0,10,1,47,,302134,4,0,10,1,7,,302170,4,0,10,1,7,,302193,4,0,10,2,7,,302177,4,0,10,1,7,,302163,4,0,10,1,7,,302184,4,0,10,1,9,,302158,4,0,10,1,9,,302181,4,0,10,1,49,,302185,4,0,10,1,9,,302126,4,0,10,1,9,,302190,4,0,10,2,10,,302118,4,0,10,1,9,,302178,4,0,10,1,9,,302187,4,0,10,1,11,,302135,4,0,10,1,53,,302151,4,0,10,1,16,,302164,4,0,10,1,16,,302127,4,0,10,1,15,,302182,4,0,10,1,55,,302191,4,0,10,2,15,,302144,4,0,10,1,16,,302188,4,0,10,1,60,,302152,4,0,10,1,21,,302136,4,0,10,1,22,,302128,4,0,10,1,62,,302192,4,0,10,2,22,,302194,4,0,10,1,22,,302189,4,0,10,1,65,,302137,4,0,10,1,28,,302129,4,0,10,1,72,,302195,4,0,10,1,32,,302166,4,0,10,1,72,,302174,4,0,10,1
11902,'H50S000A-82-A',652,,320849,4,0,10,2,70,,320866,4,0,10,2,29,,320858,4,0,10,1,69,,320850,4,0,10,2,29,,320867,4,0,10,2,69,,320859,4,0,10,1,29,,320851,4,0,10,2,70,,320868,4,0,10,2,30,,320860,4,0,10,1,70,,320852,4,0,10,2,30,,320869,4,0,10,2,70,,320861,4,0,10,1,30,,320853,4,0,10,2,70,,320870,4,0,10,2,31,,320862,4,0,10,1,71,,320854,4,0,10,2,30,,320871,4,0,10,2,70,,320863,4,0,10,1,30,,320855,4,0,10,2,70,,320872,4,0,10,2,30,,320864,4,0,10,1,70,,320856,4,0,10,2,30,,320873,4,0,10,2,70,,320865,4,0,10,1,30,,320857,4,0,10,2
11902,'H50S000I-82-I',644,,320874,4,0,10,2,70,,320891,4,0,10,1,30,,320883,4,0,10,2,70,,320875,4,0,10,2,30,,320892,4,0,10,1,70,,320884,4,0,10,2,30,,320876,4,0,10,2,70,,320893,4,0,10,1,30,,320885,4,0,10,2,70,,320877,4,0,10,2,30,,320894,4,0,10,1,70,,320886,4,0,10,2,30,,320878,4,0,10,2,71,,320895,4,0,10,1,31,,320887,4,0,10,2,71,,320879,4,0,10,2,31,,320896,4,0,10,1,71,,320888,4,0,10,2,31,,320880,4,0,10,2,70,,320897,4,0,10,1,30,,320889,4,0,10,2,70,,320881,4,0,10,2,30,,320898,4,0,10,1,70,,320890,4,0,10,2,29,,320882,4,0,10,2
11902,'H50S000S-82-S',632,,320899,4,0,10,2,70,,320904,4,0,10,2,29,,320905,4,0,10,2,69,,320906,4,0,10,1,32,,320914,4,0,10,2,71,,320918,4,0,10,1,29,,320900,4,0,10,1,68,,320907,4,0,10,1,28,,320915,4,0,10,2,27,,320919,4,0,10,1,66,,320901,4,0,10,1,25,,320908,4,0,10,1,65,,320902,4,0,10,2,25,,320916,4,0,10,2,65,,320920,4,0,10,1,26,,320909,4,0,10,1,27,,320903,4,0,10,2,69,,320917,4,0,10,2,30,,320921,4,0,10,1,70,,320910,4,0,10,1,30,,320927,4,0,10,2,72,,320928,4,0,10,1,32,,320925,4,0,10,1,72,,320911,4,0,10,1,29,,320922,4,0,10,1,68,,320929,4,0,10,1,26,,320926,4,0,10,1,65,,320912,4,0,10,1,27,,320923,4,0,10,1,67,,320930,4,0,10,1,28,,320913,4,0,10,1,68,,320924,4,0,10,1
11902,'H50S100F-80-F1',644,,320931,4,0,10,2,70,,320948,4,0,10,1,30,,320940,4,0,10,2,70,,320932,4,0,10,2,30,,320949,4,0,10,1,70,,320941,4,0,10,2,30,,320933,4,0,10,2,70,,320950,4,0,10,1,30,,320942,4,0,10,2,70,,320934,4,0,10,2,30,,320951,4,0,10,1,70,,320943,4,0,10,2,30,,320935,4,0,10,2,71,,320952,4,0,10,1,31,,320944,4,0,10,2,71,,320936,4,0,10,2,31,,320953,4,0,10,1,71,,320945,4,0,10,2,31,,320937,4,0,10,2,70,,320954,4,0,10,1,30,,320946,4,0,10,2,70,,320938,4,0,10,2,30,,320955,4,0,10,1,70,,320947,4,0,10,2,29,,320939,4,0,10,2
11902,'H50S200F-80-F2',644,,320956,4,0,10,2,70,,320973,4,0,10,1,30,,320965,4,0,10,2,70,,320957,4,0,10,2,30,,320974,4,0,10,1,70,,320966,4,0,10,2,30,,320958,4,0,10,2,70,,320975,4,0,10,1,30,,320967,4,0,10,2,70,,320959,4,0,10,2,30,,320976,4,0,10,1,70,,320968,4,0,10,2,30,,320960,4,0,10,2,71,,320977,4,0,10,1,31,,320969,4,0,10,2,71,,320961,4,0,10,2,31,,320978,4,0,10,1,71,,320970,4,0,10,2,31,,320962,4,0,10,2,70,,320979,4,0,10,1,30,,320971,4,0,10,2,70,,320963,4,0,10,2,30,,320980,4,0,10,1,70,,320972,4,0,10,2,29,,320964,4,0,10,2
71102,'H50S000A-82-A',806,,351147,6,0,10,1,29,,351164,6,0,10,1,73,,351156,6,0,10,1,28,,351148,6,0,10,1,73,,351165,6,0,10,1,28,,351157,6,0,10,1,70,,351149,6,0,10,1,30,,351166,6,0,10,1,68,,351158,6,0,10,1,32,,351150,6,0,10,1,74,,351167,6,0,10,1,28,,351159,6,0,10,1,73,,351151,6,0,10,1,27,,351168,6,0,10,1,72,,351160,6,0,10,1,27,,351152,6,0,10,1,69,,351169,6,0,10,1,32,,351161,6,0,10,1,70,,351153,6,0,10,1,30,,351170,6,0,10,1,70,,351162,6,0,10,1,28,,351154,6,0,10,1,67,,351171,6,0,10,1,33,,351163,6,0,10,1,65,,351155,6,0,10,1
71102,'H50S000I-82-I',801,,351172,6,0,10,1,30,,351189,6,0,10,1,70,,351181,6,0,10,1,30,,351173,6,0,10,1,70,,351190,6,0,10,1,31,,351182,6,0,10,1,70,,351174,6,0,10,1,30,,351191,6,0,10,1,70,,351183,6,0,10,1,30,,351175,6,0,10,1,72,,351192,6,0,10,1,30,,351184,6,0,10,1,70,,351176,6,0,10,1,31,,351193,6,0,10,1,71,,351185,6,0,10,1,31,,351177,6,0,10,1,71,,351194,6,0,10,1,30,,351186,6,0,10,1,70,,351178,6,0,10,1,30,,351195,6,0,10,1,68,,351187,6,0,10,1,30,,351179,6,0,10,1,70,,351196,6,0,10,1,30,,351188,6,0,10,1,69,,351180,6,0,10,1
71102,'H50S100F-80-F1',801,,351197,6,0,10,1,30,,351214,6,0,10,1,70,,351206,6,0,10,1,30,,351198,6,0,10,1,70,,351215,6,0,10,1,31,,351207,6,0,10,1,70,,351199,6,0,10,1,30,,351216,6,0,10,1,70,,351208,6,0,10,1,30,,351200,6,0,10,1,72,,351217,6,0,10,1,30,,351209,6,0,10,1,70,,351201,6,0,10,1,31,,351218,6,0,10,1,71,,351210,6,0,10,1,31,,351202,6,0,10,1,71,,351219,6,0,10,1,30,,351211,6,0,10,1,70,,351203,6,0,10,1,30,,351220,6,0,10,1,68,,351212,6,0,10,1,30,,351204,6,0,10,1,70,,351221,6,0,10,1,30,,351213,6,0,10,1,69,,351205,6,0,10,1
71102,'H50S200F-80-F2',801,,351222,6,0,10,1,30,,351239,6,0,10,1,70,,351231,6,0,10,1,30,,351223,6,0,10,1,70,,351240,6,0,10,1,31,,351232,6,0,10,1,70,,351224,6,0,10,1,30,,351241,6,0,10,1,70,,351233,6,0,10,1,30,,351225,6,0,10,1,72,,351242,6,0,10,1,30,,351234,6,0,10,1,70,,351226,6,0,10,1,31,,351243,6,0,10,1,71,,351235,6,0,10,1,31,,351227,6,0,10,1,71,,351244,6,0,10,1,30,,351236,6,0,10,1,70,,351228,6,0,10,1,30,,351245,6,0,10,1,68,,351237,6,0,10,1,30,,351229,6,0,10,1,70,,351246,6,0,10,1,30,,351238,6,0,10,1,69,,351230,6,0,10,1
