1602,'H50S000A-82-A',601,,289521,5,0,10,2,30,,289546,5,0,10,1,70,,289522,5,0,10,2,29,,289547,5,0,10,1,70,,289523,5,0,10,2,31,,289548,5,0,10,1,71,,289524,5,0,10,2,32,,289549,5,0,10,1,72,,289525,5,0,10,2,31,,289550,5,0,10,1,70,,289526,5,0,10,2,29,,289535,5,0,10,1,70,,289551,5,0,10,1,29,,289527,5,0,10,2,69,,289536,5,0,10,1,30,,289552,5,0,10,1,69,,289528,5,0,10,2,30,,289537,5,0,10,1,69,,289540,5,0,10,1,29,,289529,5,0,10,2,69,,289538,5,0,10,1,30,,289541,5,0,10,1,70,,289530,5,0,10,2,30,,289539,5,0,10,1,71,,289542,5,0,10,1,32,,289531,5,0,10,2,73,,289543,5,0,10,1,32,,289532,5,0,10,2,69,,289544,5,0,10,1,30,,289533,5,0,10,2,69,,289545,5,0,10,1,29,,289534,5,0,10,2
1602,'H50S000I-82-I',603,,289561,5,0,10,2,29,,289572,5,0,10,1,68,,289562,5,0,10,2,30,,289573,5,0,10,1,27,,289563,5,0,10,2,70,,289574,5,0,10,1,30,,289564,5,0,10,2,71,,289575,5,0,10,1,73,,289565,5,0,10,2,32,,289576,5,0,10,1,73,,289566,5,0,10,2,33,,289577,5,0,10,1,72,,289567,5,0,10,2,27,,289553,5,0,10,2,67,,289578,5,0,10,1,27,,289568,5,0,10,2,27,,289554,5,0,10,2,67,,289579,5,0,10,1,27,,289569,5,0,10,2,67,,289555,5,0,10,2,27,,289580,5,0,10,1,67,,289570,5,0,10,2,27,,289556,5,0,10,2,67,,289581,5,0,10,1,27,,289571,5,0,10,2,67,,289557,5,0,10,2,31,,289582,5,0,10,1,71,,289558,5,0,10,2,31,,289583,5,0,10,1,71,,289559,5,0,10,2,31,,289584,5,0,10,1,69,,289560,5,0,10,2,29,,289585,5,0,10,1
1602,'H50S000S-82-S',559,,289595,5,0,10,2,73,,289606,5,0,10,1,72,,289586,5,0,10,2,27,,289596,5,0,10,2,23,,289617,5,0,10,2,63,,289607,5,0,10,1,23,,289587,5,0,10,2,73,,289597,5,0,10,2,33,,289608,5,0,10,1,70,,289588,5,0,10,2,31,,289598,5,0,10,2,71,,289609,5,0,10,1,31,,289589,5,0,10,2,71,,289599,5,0,10,2,30,,289610,5,0,10,1,71,,289590,5,0,10,2,30,,289600,5,0,10,2,70,,289611,5,0,10,1,31,,289591,5,0,10,2,72,,289601,5,0,10,2,33,,289612,5,0,10,1,73,,289592,5,0,10,2,73,,289602,5,0,10,2,32,,289613,5,0,10,1,71,,289593,5,0,10,2,26,,289603,5,0,10,2,27,,289614,5,0,10,1,67,,289594,5,0,10,2,32,,289604,5,0,10,2,73,,289615,5,0,10,1,72,,289605,5,0,10,2,30,,289616,5,0,10,1
1602,'H50S100F-80-F1',603,,289626,5,0,10,2,29,,289637,5,0,10,1,68,,289627,5,0,10,2,30,,289638,5,0,10,1,27,,289628,5,0,10,2,70,,289639,5,0,10,1,30,,289629,5,0,10,2,71,,289640,5,0,10,1,73,,289630,5,0,10,2,32,,289641,5,0,10,1,73,,289631,5,0,10,2,33,,289642,5,0,10,1,72,,289632,5,0,10,2,27,,289618,5,0,10,2,67,,289643,5,0,10,1,27,,289633,5,0,10,2,27,,289619,5,0,10,2,67,,289644,5,0,10,1,27,,289634,5,0,10,2,67,,289620,5,0,10,2,27,,289645,5,0,10,1,67,,289635,5,0,10,2,27,,289621,5,0,10,2,67,,289646,5,0,10,1,27,,289636,5,0,10,2,67,,289622,5,0,10,2,31,,289647,5,0,10,1,71,,289623,5,0,10,2,31,,289648,5,0,10,1,71,,289624,5,0,10,2,31,,289649,5,0,10,1,69,,289625,5,0,10,2,29,,289650,5,0,10,1
1602,'H50S200F-80-F2',603,,289659,5,0,10,2,29,,289670,5,0,10,1,68,,289660,5,0,10,2,30,,289671,5,0,10,1,27,,289661,5,0,10,2,70,,289672,5,0,10,1,30,,289662,5,0,10,2,71,,289673,5,0,10,1,73,,289663,5,0,10,2,32,,289674,5,0,10,1,73,,289664,5,0,10,2,33,,289675,5,0,10,1,72,,289665,5,0,10,2,27,,289651,5,0,10,2,67,,289676,5,0,10,1,27,,289666,5,0,10,2,27,,289652,5,0,10,2,67,,289677,5,0,10,1,27,,289667,5,0,10,2,67,,289653,5,0,10,2,27,,289678,5,0,10,1,67,,289668,5,0,10,2,27,,289654,5,0,10,2,67,,289679,5,0,10,1,27,,289669,5,0,10,2,67,,289655,5,0,10,2,31,,289680,5,0,10,1,71,,289656,5,0,10,2,31,,289681,5,0,10,1,71,,289657,5,0,10,2,31,,289682,5,0,10,1,69,,289658,5,0,10,2,29,,289683,5,0,10,1
9202,'H50S000S-82-S',1637,,312102,10,0,10,1,197,,312103,10,0,10,1
9202,'H51S000A-80-A',551,,312117,10,0,10,1,73,,312104,10,0,10,1,33,,312129,10,0,10,1,73,,312118,10,0,10,1,72,,312105,10,0,10,1,32,,312130,10,0,10,1,71,,312119,10,0,10,1,30,,312106,10,0,10,1,71,,312131,10,0,10,1,32,,312120,10,0,10,1,71,,312107,10,0,10,1,32,,312132,10,0,10,1,72,,312121,10,0,10,1,33,,312108,10,0,10,1,74,,312133,10,0,10,1,35,,312122,10,0,10,1,74,,312109,10,0,10,1,72,,312142,10,0,10,2,29,,312134,10,0,10,1,73,,312123,10,0,10,1,33,,312110,10,0,10,1,74,,312135,10,0,10,1,33,,312124,10,0,10,1,73,,312111,10,0,10,1,31,,312136,10,0,10,1,72,,312125,10,0,10,1,32,,312112,10,0,10,1,71,,312137,10,0,10,1,30,,312126,10,0,10,1,70,,312113,10,0,10,1,30,,312138,10,0,10,1,70,,312127,10,0,10,1,30,,312114,10,0,10,1,70,,312139,10,0,10,1,30,,312128,10,0,10,1,70,,312115,10,0,10,1,30,,312140,10,0,10,1,73,,312116,10,0,10,1,33,,312141,10,0,10,1
9202,'H51S000I-80-I',518,,312143,10,0,10,1,33,,312147,10,0,10,2,73,,312163,10,0,10,2,32,,312158,10,0,10,1,70,,312148,10,0,10,2,30,,312164,10,0,10,2,71,,312159,10,0,10,1,30,,312149,10,0,10,2,70,,312165,10,0,10,2,30,,312160,10,0,10,1,71,,312150,10,0,10,2,72,,312166,10,0,10,2,32,,312161,10,0,10,1,73,,312151,10,0,10,2,33,,312167,10,0,10,2,73,,312162,10,0,10,1,33,,312152,10,0,10,2,74,,312168,10,0,10,2,33,,312175,10,0,10,1,73,,312153,10,0,10,2,34,,312169,10,0,10,2,73,,312176,10,0,10,1,72,,312154,10,0,10,2,32,,312170,10,0,10,2,72,,312177,10,0,10,1,31,,312155,10,0,10,2,72,,312171,10,0,10,2,32,,312178,10,0,10,1,71,,312156,10,0,10,2,32,,312172,10,0,10,2,72,,312179,10,0,10,1,32,,312157,10,0,10,2,72,,312173,10,0,10,2,31,,312180,10,0,10,1,72,,312144,10,0,10,1,31,,312174,10,0,10,2,72,,312181,10,0,10,1,31,,312145,10,0,10,1,70,,312182,10,0,10,1,30,,312146,10,0,10,1
9202,'H51S000S-81-S',513,,312183,10,0,10,1,24,,312190,10,0,10,2,18,,312196,10,0,10,1,59,,312207,10,0,10,1,17,,312184,10,0,10,1,15,,312209,10,0,10,2,55,,312191,10,0,10,2,15,,312215,10,0,10,1,15,,312197,10,0,10,1,16,,312223,10,0,10,2,55,,312208,10,0,10,1,15,,312185,10,0,10,1,16,,312192,10,0,10,2,16,,312210,10,0,10,2,60,,312216,10,0,10,1,28,,312198,10,0,10,1,68,,312186,10,0,10,1,28,,312211,10,0,10,2,68,,312217,10,0,10,1,28,,312199,10,0,10,1,28,,312187,10,0,10,1,70,,312212,10,0,10,2,28,,312218,10,0,10,1,68,,312200,10,0,10,1,28,,312188,10,0,10,1,68,,312213,10,0,10,2,27,,312219,10,0,10,1,64,,312232,10,0,10,2,16,,312201,10,0,10,1,16,,312225,10,0,10,1,16,,312189,10,0,10,1,56,,312214,10,0,10,2,45,,312220,10,0,10,1,63,,312233,10,0,10,2,23,,312226,10,0,10,1,64,,312202,10,0,10,1,91,,312193,10,0,10,2,30,,312227,10,0,10,1,29,,312203,10,0,10,1,68,,312194,10,0,10,2,30,,312228,10,0,10,1,70,,312204,10,0,10,1,30,,312195,10,0,10,2,70,,312229,10,0,10,1,30,,312205,10,0,10,1,70,,312221,10,0,10,1,29,,312230,10,0,10,1,69,,312206,10,0,10,1,30,,312222,10,0,10,1,70,,312231,10,0,10,1,32,,312224,10,0,10,1
9202,'H51S100F-80-F1',518,,312234,10,0,10,1,33,,312235,10,0,10,2,73,,312246,10,0,10,2,32,,312258,10,0,10,1,70,,312236,10,0,10,2,30,,312247,10,0,10,2,71,,312259,10,0,10,1,30,,312237,10,0,10,2,70,,312248,10,0,10,2,30,,312260,10,0,10,1,71,,312238,10,0,10,2,72,,312249,10,0,10,2,32,,312261,10,0,10,1,73,,312239,10,0,10,2,33,,312250,10,0,10,2,73,,312262,10,0,10,1,33,,312240,10,0,10,2,74,,312251,10,0,10,2,33,,312263,10,0,10,1,73,,312241,10,0,10,2,34,,312252,10,0,10,2,73,,312264,10,0,10,1,72,,312242,10,0,10,2,32,,312253,10,0,10,2,72,,312265,10,0,10,1,31,,312243,10,0,10,2,72,,312254,10,0,10,2,32,,312266,10,0,10,1,71,,312244,10,0,10,2,32,,312255,10,0,10,2,72,,312267,10,0,10,1,32,,312245,10,0,10,2,72,,312256,10,0,10,2,31,,312268,10,0,10,1,72,,312271,10,0,10,1,31,,312257,10,0,10,2,72,,312269,10,0,10,1,31,,312272,10,0,10,1,70,,312270,10,0,10,1,30,,312273,10,0,10,1
9202,'H51S200F-80-F2',518,,312274,10,0,10,1,33,,312275,10,0,10,2,73,,312286,10,0,10,2,32,,312298,10,0,10,1,70,,312276,10,0,10,2,30,,312287,10,0,10,2,71,,312299,10,0,10,1,30,,312277,10,0,10,2,70,,312288,10,0,10,2,30,,312300,10,0,10,1,71,,312278,10,0,10,2,72,,312289,10,0,10,2,32,,312301,10,0,10,1,73,,312279,10,0,10,2,33,,312290,10,0,10,2,73,,312302,10,0,10,1,33,,312280,10,0,10,2,74,,312291,10,0,10,2,33,,312303,10,0,10,1,73,,312281,10,0,10,2,34,,312292,10,0,10,2,73,,312304,10,0,10,1,72,,312282,10,0,10,2,32,,312293,10,0,10,2,72,,312305,10,0,10,1,31,,312283,10,0,10,2,72,,312294,10,0,10,2,32,,312306,10,0,10,1,71,,312284,10,0,10,2,32,,312295,10,0,10,2,72,,312307,10,0,10,1,32,,312285,10,0,10,2,72,,312296,10,0,10,2,31,,312308,10,0,10,1,72,,312311,10,0,10,1,31,,312297,10,0,10,2,72,,312309,10,0,10,1,31,,312312,10,0,10,1,70,,312310,10,0,10,1,30,,312313,10,0,10,1
36503,'H58S000A-80-A',2636,,346842,24,0,8,1,72,,346840,24,0,8,1,33,,346841,24,0,8,1,72,,346844,24,0,8,1,36,,346839,24,0,8,1,77,,346843,24,0,8,1
36503,'H58S000I-80-I',2603,,346849,24,0,8,1,41,,346845,24,0,8,1,80,,346847,24,0,8,1,80,,346850,24,0,8,1,40,,346846,24,0,8,1,80,,346848,24,0,8,1
36503,'H58S000S-83-S',2605,,346852,24,0,8,1,39,,346854,24,0,8,1,80,,346856,24,0,8,1,80,,346851,24,0,8,1,40,,346853,24,0,8,1,80,,346855,24,0,8,1
36503,'H58S100F-80-F1',2603,,346861,24,0,8,1,41,,346859,24,0,8,1,80,,346857,24,0,8,1,80,,346862,24,0,8,1,40,,346860,24,0,8,1,80,,346858,24,0,8,1
36503,'H58S200F-80-F2',2603,,346867,24,0,8,1,41,,346863,24,0,8,1,80,,346865,24,0,8,1,80,,346868,24,0,8,1,40,,346864,24,0,8,1,80,,346866,24,0,8,1
37202,'H54S000A-80-A',2631,,347183,84,0,10,1,90,,347182,84,0,10,1,84,,347184,84,0,10,1,44,,347185,84,0,10,1,90,,347181,84,0,10,2
37202,'H54S000I-80-I',2633,,347189,84,0,10,1,86,,347188,84,0,10,2,87,,347187,84,0,10,1,50,,347186,84,0,10,1,90,,347190,84,0,10,1
37202,'H54S000S-80-S',2611,,347194,84,0,10,2,39,,347193,84,0,10,2,78,,347191,84,0,10,1,84,,347196,84,0,10,2,46,,347192,84,0,10,1,89,,347195,84,0,10,2
37202,'H54S100F-80-F1',2633,,347200,84,0,10,1,86,,347199,84,0,10,2,87,,347198,84,0,10,1,50,,347197,84,0,10,1,90,,347201,84,0,10,1
37202,'H54S200F-80-F2',2633,,347205,84,0,10,1,86,,347204,84,0,10,2,87,,347203,84,0,10,1,50,,347202,84,0,10,1,90,,347206,84,0,10,1
