4504,'H57S000S-80-S',735,,298908,17,0,9,1,204,,298909,17,0,9,1,584,,298910,17,0,9,1,85,,298913,17,0,9,1,22,,298912,17,0,9,1,107,,298911,17,0,9,1
4504,'H58S000A-80-A',512,,298914,17,0,9,1,29,,298925,17,0,9,1,70,,298935,17,0,9,2,33,,298915,17,0,9,1,70,,298926,17,0,9,1,31,,298936,17,0,9,2,70,,298916,17,0,9,1,32,,298927,17,0,9,1,70,,298937,17,0,9,2,33,,298917,17,0,9,1,69,,298941,17,0,9,2,28,,298928,17,0,9,1,69,,298938,17,0,9,2,31,,298918,17,0,9,1,70,,298942,17,0,9,2,21,,298929,17,0,9,1,21,,298950,17,0,9,2,61,,298939,17,0,9,2,21,,298953,17,0,9,1,60,,298919,17,0,9,1,21,,298943,17,0,9,2,28,,298930,17,0,9,1,70,,298951,17,0,9,2,30,,298954,17,0,9,1,73,,298944,17,0,9,2,30,,298940,17,0,9,1,69,,298952,17,0,9,2,30,,298920,17,0,9,1,68,,298955,17,0,9,1,29,,298945,17,0,9,2,69,,298931,17,0,9,1,29,,298921,17,0,9,1,64,,298956,17,0,9,1,30,,298946,17,0,9,2,71,,298932,17,0,9,1,30,,298922,17,0,9,1,72,,298947,17,0,9,2,32,,298933,17,0,9,1,70,,298923,17,0,9,1,30,,298948,17,0,9,1,71,,298934,17,0,9,1,29,,298924,17,0,9,1,70,,298949,17,0,9,1
4504,'H58S000I-80-I',519,,298961,17,0,9,1,28,,298973,17,0,9,2,69,,298984,17,0,9,2,28,,298962,17,0,9,1,71,,298974,17,0,9,2,29,,298985,17,0,9,2,70,,298963,17,0,9,1,30,,298975,17,0,9,2,72,,298986,17,0,9,2,32,,298964,17,0,9,1,73,,298976,17,0,9,2,30,,298957,17,0,9,1,69,,298987,17,0,9,2,30,,298965,17,0,9,1,70,,298977,17,0,9,2,29,,298958,17,0,9,1,71,,298988,17,0,9,2,30,,298966,17,0,9,1,70,,298994,17,0,9,1,30,,298959,17,0,9,1,71,,298989,17,0,9,2,29,,298967,17,0,9,1,71,,298995,17,0,9,1,31,,298960,17,0,9,1,72,,298978,17,0,9,2,33,,298968,17,0,9,1,72,,298980,17,0,9,2,72,,298990,17,0,9,1,32,,298979,17,0,9,2,69,,298969,17,0,9,1,31,,298981,17,0,9,2,73,,298991,17,0,9,1,31,,298970,17,0,9,1,70,,298982,17,0,9,2,29,,298992,17,0,9,1,70,,298971,17,0,9,1,31,,298983,17,0,9,2,70,,298993,17,0,9,1,24,,298972,17,0,9,1
4504,'H58S000S-83-S',502,,299006,17,0,9,2,25,,299015,17,0,9,2,30,,299025,17,0,9,2,68,,299009,17,0,9,1,25,,299007,17,0,9,2,52,,299016,17,0,9,2,13,,299018,17,0,9,1,10,,299030,17,0,9,2,17,,299026,17,0,9,2,7,,299033,17,0,9,2,6,,298996,17,0,9,1,76,,299010,17,0,9,1,72,,299008,17,0,9,2,12,,299019,17,0,9,1,12,,299003,17,0,9,2,32,,299027,17,0,9,2,62,,298997,17,0,9,1,25,,299011,17,0,9,1,66,,299020,17,0,9,1,25,,299004,17,0,9,2,66,,299028,17,0,9,2,26,,298998,17,0,9,1,26,,299012,17,0,9,1,65,,299021,17,0,9,1,24,,299005,17,0,9,2,64,,299029,17,0,9,2,26,,298999,17,0,9,1,25,,299013,17,0,9,1,87,,299022,17,0,9,1,104,,299000,17,0,9,1,63,,299014,17,0,9,1,91,,299023,17,0,9,1,32,,299036,17,0,9,2,71,,299001,17,0,9,1,32,,299017,17,0,9,2,69,,299024,17,0,9,1,30,,299037,17,0,9,2,71,,299002,17,0,9,1,31,,299040,17,0,9,2,68,,299034,17,0,9,1,32,,299038,17,0,9,2,72,,299031,17,0,9,1,30,,299035,17,0,9,1,69,,299039,17,0,9,2,33,,299032,17,0,9,1
4504,'H58S100F-80-F1',519,,299041,17,0,9,2,28,,299053,17,0,9,1,69,,299064,17,0,9,2,28,,299042,17,0,9,2,71,,299054,17,0,9,1,29,,299065,17,0,9,2,70,,299043,17,0,9,2,30,,299055,17,0,9,1,72,,299066,17,0,9,2,32,,299044,17,0,9,2,73,,299056,17,0,9,1,30,,299045,17,0,9,1,69,,299067,17,0,9,2,30,,299049,17,0,9,1,70,,299057,17,0,9,1,29,,299046,17,0,9,1,71,,299068,17,0,9,2,30,,299050,17,0,9,1,70,,299058,17,0,9,1,30,,299047,17,0,9,1,71,,299069,17,0,9,2,29,,299051,17,0,9,1,71,,299059,17,0,9,1,31,,299048,17,0,9,1,72,,299070,17,0,9,2,33,,299052,17,0,9,1,72,,299076,17,0,9,2,72,,299060,17,0,9,1,32,,299071,17,0,9,2,69,,299075,17,0,9,1,31,,299077,17,0,9,2,73,,299061,17,0,9,1,31,,299072,17,0,9,2,70,,299078,17,0,9,2,29,,299062,17,0,9,1,70,,299073,17,0,9,2,31,,299079,17,0,9,2,70,,299063,17,0,9,1,24,,299074,17,0,9,2
4504,'H58S200F-80-F2',519,,299080,17,0,9,2,28,,299084,17,0,9,1,69,,299095,17,0,9,2,28,,299081,17,0,9,2,71,,299085,17,0,9,1,29,,299096,17,0,9,2,70,,299082,17,0,9,2,30,,299086,17,0,9,1,72,,299097,17,0,9,2,32,,299083,17,0,9,2,73,,299087,17,0,9,1,30,,299110,17,0,9,1,69,,299098,17,0,9,2,30,,299114,17,0,9,1,70,,299088,17,0,9,1,29,,299111,17,0,9,1,71,,299099,17,0,9,2,30,,299115,17,0,9,1,70,,299089,17,0,9,1,30,,299112,17,0,9,1,71,,299100,17,0,9,2,29,,299116,17,0,9,1,71,,299090,17,0,9,1,31,,299113,17,0,9,1,72,,299101,17,0,9,2,33,,299117,17,0,9,1,72,,299106,17,0,9,2,72,,299091,17,0,9,1,32,,299102,17,0,9,2,69,,299118,17,0,9,1,31,,299107,17,0,9,2,73,,299092,17,0,9,1,31,,299103,17,0,9,2,70,,299108,17,0,9,2,29,,299093,17,0,9,1,70,,299104,17,0,9,2,31,,299109,17,0,9,2,70,,299094,17,0,9,1,24,,299105,17,0,9,2
4504,'H59S000S-80-S',801,,299123,17,0,9,2,8,,299119,17,0,9,2,10,,299122,17,0,9,2,22,,299120,17,0,9,2,11,,299121,17,0,9,2
35904,'H57S000A-80-A',2544,,346454,17,0,9,1,77,,346458,17,0,9,2,34,,346457,17,0,9,1,74,,346455,17,0,9,1,75,,346459,17,0,9,2,35,,346456,17,0,9,1
35904,'H57S000I-80-I',2509,,346460,17,0,9,1,35,,346464,17,0,9,1,75,,346461,17,0,9,1,35,,346465,17,0,9,1,75,,346462,17,0,9,1,75,,346466,17,0,9,1,35,,346463,17,0,9,1
35904,'H57S000S-80-S',2509,,346468,17,0,9,1,34,,346471,17,0,9,1,78,,346469,17,0,9,1,34,,346467,17,0,9,1,73,,346472,17,0,9,1,78,,346470,17,0,9,1,33,,346473,17,0,9,1
35904,'H57S100F-80-F1',2509,,346474,17,0,9,1,35,,346478,17,0,9,1,75,,346475,17,0,9,1,35,,346479,17,0,9,1,75,,346476,17,0,9,1,75,,346480,17,0,9,1,35,,346477,17,0,9,1
35904,'H57S200F-80-F2',2509,,346481,17,0,9,1,35,,346485,17,0,9,1,75,,346482,17,0,9,1,35,,346486,17,0,9,1,75,,346483,17,0,9,1,75,,346487,17,0,9,1,35,,346484,17,0,9,1
