20202,'H60S000A-80-A',631,,340240,26,0,10,1,23,,340252,26,0,10,2,59,,340257,26,0,10,1,17,,340239,26,0,10,1,18,,340261,26,0,10,2,62,,340229,26,0,10,1,26,,340241,26,0,10,1,71,,340254,26,0,10,1,33,,340258,26,0,10,1,70,,340250,26,0,10,1,29,,340230,26,0,10,1,67,,340242,26,0,10,1,32,,340255,26,0,10,1,73,,340259,26,0,10,1,32,,340251,26,0,10,1,71,,340231,26,0,10,1,24,,340243,26,0,10,1,20,,340237,26,0,10,1,64,,340264,26,0,10,1,28,,340260,26,0,10,1,63,,340236,26,0,10,1,22,,340256,26,0,10,1,22,,340232,26,0,10,1,65,,340244,26,0,10,1,25,,340238,26,0,10,1,67,,340265,26,0,10,1,24,,340247,26,0,10,2,21,,340268,26,0,10,1,62,,340262,26,0,10,2,22,,340233,26,0,10,1,67,,340245,26,0,10,1,31,,340266,26,0,10,1,71,,340248,26,0,10,2,30,,340269,26,0,10,1,69,,340234,26,0,10,1,29,,340246,26,0,10,1,69,,340267,26,0,10,1,28,,340249,26,0,10,2,69,,340270,26,0,10,1,28,,340235,26,0,10,1,68,,340253,26,0,10,2,28,,340263,26,0,10,1
20202,'H60S000I-81-I',630,,340274,26,0,10,1,27,,340275,26,0,10,1,69,,340271,26,0,10,1,31,,340293,26,0,10,1,72,,340286,26,0,10,1,71,,340296,26,0,10,1,32,,340304,26,0,10,1,72,,340306,26,0,10,1,33,,340294,26,0,10,1,74,,340287,26,0,10,1,32,,340297,26,0,10,1,70,,340305,26,0,10,1,31,,340307,26,0,10,1,70,,340295,26,0,10,1,31,,340288,26,0,10,1,70,,340298,26,0,10,1,32,,340276,26,0,10,1,70,,340281,26,0,10,1,33,,340291,26,0,10,1,73,,340289,26,0,10,1,29,,340299,26,0,10,1,72,,340277,26,0,10,1,30,,340282,26,0,10,1,70,,340292,26,0,10,1,33,,340290,26,0,10,1,72,,340300,26,0,10,1,72,,340278,26,0,10,1,28,,340283,26,0,10,1,28,,340272,26,0,10,1,68,,340303,26,0,10,1,28,,340301,26,0,10,1,70,,340279,26,0,10,1,30,,340284,26,0,10,1,70,,340285,26,0,10,1,29,,340273,26,0,10,1,68,,340302,26,0,10,1,28,,340280,26,0,10,1
20202,'H60S000S-83-S',612,,340325,26,0,10,1,31,,340329,26,0,10,1,73,,340315,26,0,10,1,30,,340318,26,0,10,1,72,,340322,26,0,10,1,31,,340308,26,0,10,1,70,,340326,26,0,10,1,30,,340330,26,0,10,1,68,,340316,26,0,10,1,30,,340319,26,0,10,1,61,,340323,26,0,10,1,18,,340314,26,0,10,1,21,,340309,26,0,10,1,63,,340327,26,0,10,1,24,,340331,26,0,10,1,24,,340317,26,0,10,1,57,,340336,26,0,10,1,16,,340320,26,0,10,1,19,,340337,26,0,10,1,64,,340324,26,0,10,1,24,,340310,26,0,10,1,63,,340328,26,0,10,1,19,,340341,26,0,10,2,19,,340332,26,0,10,1,17,,340346,26,0,10,1,56,,340342,26,0,10,2,18,,340321,26,0,10,1,21,,340338,26,0,10,1,66,,340348,26,0,10,1,32,,340311,26,0,10,1,72,,340349,26,0,10,1,30,,340333,26,0,10,1,70,,340343,26,0,10,2,28,,340339,26,0,10,1,63,,340347,26,0,10,1,24,,340312,26,0,10,1,68,,340350,26,0,10,1,30,,340334,26,0,10,1,69,,340344,26,0,10,2,30,,340340,26,0,10,1,72,,340313,26,0,10,1,31,,340351,26,0,10,1,70,,340335,26,0,10,1,30,,340345,26,0,10,2
20202,'H60S100F-80-F1',630,,340357,26,0,10,1,27,,340362,26,0,10,1,69,,340352,26,0,10,1,31,,340376,26,0,10,2,72,,340373,26,0,10,1,71,,340377,26,0,10,2,32,,340380,26,0,10,1,72,,340378,26,0,10,1,33,,340353,26,0,10,1,74,,340358,26,0,10,2,32,,340363,26,0,10,1,70,,340374,26,0,10,1,31,,340379,26,0,10,1,70,,340354,26,0,10,1,31,,340359,26,0,10,2,70,,340364,26,0,10,1,32,,340381,26,0,10,1,70,,340369,26,0,10,2,33,,340375,26,0,10,1,73,,340360,26,0,10,2,29,,340365,26,0,10,1,72,,340382,26,0,10,1,30,,340370,26,0,10,2,70,,340386,26,0,10,1,33,,340361,26,0,10,2,72,,340366,26,0,10,1,72,,340383,26,0,10,1,28,,340371,26,0,10,2,28,,340355,26,0,10,1,68,,340387,26,0,10,2,28,,340367,26,0,10,1,70,,340384,26,0,10,1,30,,340372,26,0,10,2,70,,340356,26,0,10,1,29,,340388,26,0,10,2,68,,340368,26,0,10,1,28,,340385,26,0,10,1
20202,'H60S200F-80-F2',630,,340394,26,0,10,1,27,,340399,26,0,10,1,69,,340389,26,0,10,1,31,,340413,26,0,10,2,72,,340410,26,0,10,1,71,,340414,26,0,10,2,32,,340417,26,0,10,1,72,,340415,26,0,10,1,33,,340390,26,0,10,1,74,,340395,26,0,10,2,32,,340400,26,0,10,1,70,,340411,26,0,10,1,31,,340416,26,0,10,1,70,,340391,26,0,10,1,31,,340396,26,0,10,2,70,,340401,26,0,10,1,32,,340418,26,0,10,1,70,,340406,26,0,10,2,33,,340412,26,0,10,1,73,,340397,26,0,10,2,29,,340402,26,0,10,1,72,,340419,26,0,10,1,30,,340407,26,0,10,2,70,,340423,26,0,10,1,33,,340398,26,0,10,2,72,,340403,26,0,10,1,72,,340420,26,0,10,1,28,,340408,26,0,10,2,28,,340392,26,0,10,1,68,,340424,26,0,10,2,28,,340404,26,0,10,1,70,,340421,26,0,10,1,30,,340409,26,0,10,2,70,,340393,26,0,10,1,29,,340425,26,0,10,2,68,,340405,26,0,10,1,28,,340422,26,0,10,1
37802,'H60S000A-80-A',2655,,347278,52,0,10,1,94,,347276,52,0,10,1,88,,347277,52,0,10,1
37802,'H60S000I-81-I',2654,,347280,52,0,10,1,91,,347281,52,0,10,1,90,,347279,52,0,10,1
37802,'H60S000S-83-S',2654,,347283,52,0,10,1,90,,347282,52,0,10,1,99,,347284,52,0,10,1
37802,'H60S100F-80-F1',2654,,347285,52,0,10,1,91,,347287,52,0,10,1,90,,347286,52,0,10,1
37802,'H60S200F-80-F2',2654,,347288,52,0,10,1,91,,347290,52,0,10,1,90,,347289,52,0,10,1
