1704,'H60S000A-80-A',512,,289856,17,0,9,1,35,,289844,17,0,9,1,84,,289857,17,0,9,1,75,,289845,17,0,9,1,44,,289858,17,0,9,1,78,,289846,17,0,9,1,87,,289859,17,0,9,1,39,,289865,17,0,9,1,84,,289847,17,0,9,1,83,,289860,17,0,9,1,80,,289866,17,0,9,1,42,,289848,17,0,9,1,80,,289861,17,0,9,1,80,,289867,17,0,9,1,40,,289849,17,0,9,1,81,,289862,17,0,9,1,81,,289868,17,0,9,1,41,,289850,17,0,9,1,79,,289863,17,0,9,1,81,,289869,17,0,9,1,38,,289851,17,0,9,1,76,,289864,17,0,9,1,36,,289870,17,0,9,1,85,,289852,17,0,9,1,81,,289871,17,0,9,1,85,,289853,17,0,9,1,41,,289872,17,0,9,1,82,,289854,17,0,9,1,81,,289873,17,0,9,1,41,,289855,17,0,9,1,81,,289874,17,0,9,1
1704,'H60S000I-81-I',522,,289875,17,0,9,1,29,,289904,17,0,9,1,70,,289884,17,0,9,1,34,,289876,17,0,9,1,84,,289885,17,0,9,1,75,,289877,17,0,9,1,44,,289886,17,0,9,1,83,,289878,17,0,9,1,85,,289887,17,0,9,1,83,,289879,17,0,9,1,48,,289888,17,0,9,1,85,,289880,17,0,9,1,76,,289896,17,0,9,1,83,,289889,17,0,9,1,41,,289881,17,0,9,1,80,,289897,17,0,9,1,80,,289890,17,0,9,1,40,,289882,17,0,9,1,80,,289898,17,0,9,1,80,,289891,17,0,9,1,39,,289883,17,0,9,1,78,,289899,17,0,9,1,84,,289892,17,0,9,1,41,,289900,17,0,9,1,84,,289893,17,0,9,1,80,,289901,17,0,9,1,43,,289894,17,0,9,1,82,,289902,17,0,9,1,83,,289895,17,0,9,1,43,,289903,17,0,9,1
1704,'H60S000S-83-S',523,,289916,17,0,9,1,29,,289907,17,0,9,1,73,,289905,17,0,9,1,32,,289917,17,0,9,1,71,,289928,17,0,9,1,73,,289908,17,0,9,1,33,,289906,17,0,9,1,73,,289918,17,0,9,1,33,,289929,17,0,9,1,77,,289909,17,0,9,1,38,,289919,17,0,9,1,78,,289930,17,0,9,1,78,,289910,17,0,9,1,38,,289920,17,0,9,1,78,,289931,17,0,9,1,77,,289911,17,0,9,1,38,,289921,17,0,9,1,72,,289934,17,0,9,1,34,,289932,17,0,9,1,73,,289912,17,0,9,1,33,,289922,17,0,9,1,73,,289935,17,0,9,1,73,,289933,17,0,9,1,30,,289913,17,0,9,1,72,,289923,17,0,9,1,30,,289936,17,0,9,1,74,,289914,17,0,9,1,32,,289924,17,0,9,1,70,,289937,17,0,9,1,30,,289915,17,0,9,1,72,,289925,17,0,9,1,42,,289938,17,0,9,1,84,,289926,17,0,9,1,77,,289939,17,0,9,1,43,,289927,17,0,9,1
1704,'H60S100F-80-F1',522,,289940,17,0,9,1,29,,289969,17,0,9,1,70,,289949,17,0,9,1,34,,289941,17,0,9,1,84,,289950,17,0,9,1,75,,289942,17,0,9,1,44,,289951,17,0,9,1,83,,289943,17,0,9,1,85,,289952,17,0,9,1,83,,289944,17,0,9,1,48,,289953,17,0,9,1,85,,289945,17,0,9,1,76,,289961,17,0,9,1,83,,289954,17,0,9,1,41,,289946,17,0,9,1,80,,289962,17,0,9,1,80,,289955,17,0,9,1,40,,289947,17,0,9,1,80,,289963,17,0,9,1,80,,289956,17,0,9,1,39,,289948,17,0,9,1,78,,289964,17,0,9,1,84,,289957,17,0,9,1,41,,289965,17,0,9,1,84,,289958,17,0,9,1,80,,289966,17,0,9,1,43,,289959,17,0,9,1,82,,289967,17,0,9,1,83,,289960,17,0,9,1,43,,289968,17,0,9,1
1704,'H60S200F-80-F2',522,,289970,17,0,9,1,29,,289999,17,0,9,1,70,,289979,17,0,9,1,34,,289971,17,0,9,1,84,,289980,17,0,9,1,75,,289972,17,0,9,1,44,,289981,17,0,9,1,83,,289973,17,0,9,1,85,,289982,17,0,9,1,83,,289974,17,0,9,1,48,,289983,17,0,9,1,85,,289975,17,0,9,1,76,,289991,17,0,9,1,83,,289984,17,0,9,1,41,,289976,17,0,9,1,80,,289992,17,0,9,1,80,,289985,17,0,9,1,40,,289977,17,0,9,1,80,,289993,17,0,9,1,80,,289986,17,0,9,1,39,,289978,17,0,9,1,78,,289994,17,0,9,1,84,,289987,17,0,9,1,41,,289995,17,0,9,1,84,,289988,17,0,9,1,80,,289996,17,0,9,1,43,,289989,17,0,9,1,82,,289997,17,0,9,1,83,,289990,17,0,9,1,43,,289998,17,0,9,1
37104,'H50S000A-82-A',2555,,347115,38,0,9,2,70,,347120,38,0,9,1,30,,347117,38,0,9,2,70,,347119,38,0,9,1,30,,347116,38,0,9,2,70,,347121,38,0,9,1,30,,347118,38,0,9,2
37104,'H50S000I-82-I',2555,,347123,38,0,9,2,70,,347127,38,0,9,1,30,,347125,38,0,9,2,70,,347122,38,0,9,2,30,,347124,38,0,9,2,70,,347128,38,0,9,1,30,,347126,38,0,9,2
37104,'H50S000S-82-S',2557,,347132,38,0,9,2,70,,347134,38,0,9,1,30,,347130,38,0,9,2,70,,347129,38,0,9,1,28,,347133,38,0,9,2,70,,347135,38,0,9,1,30,,347131,38,0,9,2
37104,'H50S100F-80-F1',2555,,347137,38,0,9,2,70,,347141,38,0,9,1,30,,347139,38,0,9,2,70,,347136,38,0,9,2,30,,347138,38,0,9,2,70,,347142,38,0,9,1,30,,347140,38,0,9,2
37104,'H50S200F-80-F2',2555,,347144,38,0,9,2,70,,347148,38,0,9,1,30,,347146,38,0,9,2,70,,347143,38,0,9,2,30,,347145,38,0,9,2,70,,347149,38,0,9,1,30,,347147,38,0,9,2
