3501,'H56S000A-80-A',619,,295964,23,0,5,1,30,,295945,23,0,5,1,70,,295966,23,0,5,1,31,,295963,23,0,5,1,72,,295965,23,0,5,1,31,,295946,23,0,5,1,72,,295953,23,0,5,2,29,,295938,23,0,5,1,71,,295960,23,0,5,2,28,,295947,23,0,5,1,69,,295954,23,0,5,2,30,,295939,23,0,5,1,70,,295961,23,0,5,2,30,,295948,23,0,5,1,70,,295955,23,0,5,2,30,,295940,23,0,5,1,71,,295962,23,0,5,2,32,,295949,23,0,5,1,72,,295956,23,0,5,2,31,,295941,23,0,5,1,70,,295968,23,0,5,2,31,,295950,23,0,5,1,71,,295957,23,0,5,2,70,,295942,23,0,5,1,30,,295969,23,0,5,2,70,,295951,23,0,5,1,30,,295958,23,0,5,2,28,,295943,23,0,5,1,69,,295970,23,0,5,2,28,,295952,23,0,5,1,68,,295959,23,0,5,2,30,,295944,23,0,5,1,69,,295971,23,0,5,2,29,,295967,23,0,5,1
3501,'H56S000I-80-I',618,,295997,23,0,5,1,33,,295984,23,0,5,2,69,,296005,23,0,5,1,30,,295972,23,0,5,1,69,,295998,23,0,5,1,29,,296001,23,0,5,1,73,,295985,23,0,5,2,32,,295992,23,0,5,1,71,,295973,23,0,5,1,28,,296002,23,0,5,1,70,,295986,23,0,5,2,30,,295993,23,0,5,1,70,,295974,23,0,5,1,32,,295978,23,0,5,1,69,,295987,23,0,5,2,29,,295994,23,0,5,1,70,,295975,23,0,5,1,30,,295979,23,0,5,1,68,,295988,23,0,5,2,31,,295995,23,0,5,1,69,,295976,23,0,5,1,31,,295980,23,0,5,1,72,,295989,23,0,5,2,31,,295996,23,0,5,1,70,,295977,23,0,5,1,30,,295981,23,0,5,1,71,,295990,23,0,5,2,30,,296003,23,0,5,1,68,,295999,23,0,5,1,28,,295982,23,0,5,1,69,,295991,23,0,5,2,29,,296004,23,0,5,1,70,,296000,23,0,5,1,30,,295983,23,0,5,1
3501,'H56S000S-82-S',634,,296042,23,0,5,1,22,,296040,23,0,5,1,68,,296006,23,0,5,2,19,,296023,23,0,5,1,60,,296007,23,0,5,2,20,,296037,23,0,5,2,22,,296043,23,0,5,1,61,,296041,23,0,5,1,23,,296030,23,0,5,2,24,,296020,23,0,5,1,68,,296008,23,0,5,1,29,,296014,23,0,5,2,68,,296024,23,0,5,1,30,,296031,23,0,5,2,69,,296021,23,0,5,1,29,,296009,23,0,5,1,71,,296015,23,0,5,2,29,,296025,23,0,5,1,70,,296032,23,0,5,2,27,,296022,23,0,5,1,70,,296010,23,0,5,1,27,,296016,23,0,5,2,65,,296026,23,0,5,1,27,,296033,23,0,5,2,27,,296038,23,0,5,2,70,,296011,23,0,5,1,72,,296017,23,0,5,2,25,,296027,23,0,5,1,27,,296034,23,0,5,2,65,,296039,23,0,5,2,24,,296012,23,0,5,1,67,,296018,23,0,5,2,29,,296028,23,0,5,1,68,,296035,23,0,5,2,31,,296013,23,0,5,1,71,,296019,23,0,5,2,30,,296029,23,0,5,1,70,,296036,23,0,5,2
3501,'H56S100F-80-F1',618,,296069,23,0,5,1,33,,296056,23,0,5,2,69,,296077,23,0,5,1,30,,296044,23,0,5,1,69,,296070,23,0,5,1,29,,296073,23,0,5,1,73,,296057,23,0,5,2,32,,296064,23,0,5,1,71,,296045,23,0,5,1,28,,296074,23,0,5,1,70,,296058,23,0,5,2,30,,296065,23,0,5,1,70,,296046,23,0,5,1,32,,296050,23,0,5,1,69,,296059,23,0,5,2,29,,296066,23,0,5,1,70,,296047,23,0,5,1,30,,296051,23,0,5,1,68,,296060,23,0,5,2,31,,296067,23,0,5,1,69,,296048,23,0,5,1,31,,296052,23,0,5,1,72,,296061,23,0,5,2,31,,296068,23,0,5,1,70,,296049,23,0,5,1,30,,296053,23,0,5,1,71,,296062,23,0,5,2,30,,296075,23,0,5,1,68,,296071,23,0,5,1,28,,296054,23,0,5,1,69,,296063,23,0,5,2,29,,296076,23,0,5,1,70,,296072,23,0,5,1,30,,296055,23,0,5,1
3501,'H56S200F-80-F2',618,,296103,23,0,5,1,33,,296090,23,0,5,2,69,,296111,23,0,5,1,30,,296078,23,0,5,1,69,,296104,23,0,5,1,29,,296107,23,0,5,1,73,,296091,23,0,5,2,32,,296098,23,0,5,1,71,,296079,23,0,5,1,28,,296108,23,0,5,1,70,,296092,23,0,5,2,30,,296099,23,0,5,1,70,,296080,23,0,5,1,32,,296084,23,0,5,1,69,,296093,23,0,5,2,29,,296100,23,0,5,1,70,,296081,23,0,5,1,30,,296085,23,0,5,1,68,,296094,23,0,5,2,31,,296101,23,0,5,1,69,,296082,23,0,5,1,31,,296086,23,0,5,1,72,,296095,23,0,5,2,31,,296102,23,0,5,1,70,,296083,23,0,5,1,30,,296087,23,0,5,1,71,,296096,23,0,5,2,30,,296109,23,0,5,1,68,,296105,23,0,5,1,28,,296088,23,0,5,1,69,,296097,23,0,5,2,29,,296110,23,0,5,1,70,,296106,23,0,5,1,30,,296089,23,0,5,1
3601,'H56S000A-80-A',544,,296312,23,0,5,1,70,,296300,23,0,5,1,32,,296316,23,0,5,1,70,,296313,23,0,5,1,30,,296301,23,0,5,1,70,,296317,23,0,5,1,33,,296314,23,0,5,1,73,,296302,23,0,5,1,33,,296318,23,0,5,1,72,,296315,23,0,5,1,73,,296303,23,0,5,1,32,,296311,23,0,5,1,73,,296321,23,0,5,1,32,,296287,23,0,5,1,74,,296293,23,0,5,1,32,,296284,23,0,5,1,72,,296304,23,0,5,1,32,,296288,23,0,5,1,72,,296294,23,0,5,1,31,,296285,23,0,5,1,71,,296305,23,0,5,1,31,,296289,23,0,5,1,70,,296295,23,0,5,1,31,,296286,23,0,5,1,69,,296306,23,0,5,1,31,,296290,23,0,5,1,71,,296296,23,0,5,1,33,,296307,23,0,5,1,71,,296291,23,0,5,1,31,,296297,23,0,5,1,70,,296308,23,0,5,1,29,,296292,23,0,5,1,69,,296298,23,0,5,1,31,,296309,23,0,5,1,71,,296319,23,0,5,1,29,,296299,23,0,5,1,71,,296310,23,0,5,1,72,,296320,23,0,5,1
3601,'H56S000I-80-I',543,,296322,23,0,5,1,70,,296328,23,0,5,1,30,,296335,23,0,5,1,70,,296323,23,0,5,1,30,,296329,23,0,5,1,73,,296336,23,0,5,1,33,,296324,23,0,5,1,69,,296330,23,0,5,1,32,,296337,23,0,5,1,71,,296325,23,0,5,1,35,,296331,23,0,5,1,73,,296338,23,0,5,1,73,,296326,23,0,5,1,33,,296332,23,0,5,1,74,,296339,23,0,5,1,34,,296327,23,0,5,1,74,,296333,23,0,5,1,33,,296340,23,0,5,1,73,,296351,23,0,5,1,32,,296342,23,0,5,1,72,,296334,23,0,5,1,73,,296341,23,0,5,1,31,,296352,23,0,5,1,72,,296343,23,0,5,1,31,,296348,23,0,5,1,70,,296356,23,0,5,1,29,,296353,23,0,5,1,67,,296344,23,0,5,1,30,,296349,23,0,5,1,70,,296357,23,0,5,1,31,,296345,23,0,5,1,71,,296350,23,0,5,1,31,,296358,23,0,5,1,70,,296346,23,0,5,1,30,,296354,23,0,5,1,71,,296359,23,0,5,1,29,,296347,23,0,5,1,69,,296355,23,0,5,1
3601,'H56S000S-82-S',546,,296360,23,0,5,1,70,,296363,23,0,5,1,24,,296375,23,0,5,1,60,,296392,23,0,5,1,19,,296383,23,0,5,1,18,,296361,23,0,5,1,15,,296387,23,0,5,1,57,,296364,23,0,5,1,18,,296376,23,0,5,1,16,,296411,23,0,5,1,15,,296393,23,0,5,1,55,,296384,23,0,5,1,18,,296362,23,0,5,1,16,,296402,23,0,5,1,58,,296365,23,0,5,1,21,,296377,23,0,5,1,22,,296394,23,0,5,1,63,,296385,23,0,5,1,24,,296403,23,0,5,1,65,,296366,23,0,5,1,25,,296378,23,0,5,1,25,,296395,23,0,5,1,59,,296386,23,0,5,1,20,,296404,23,0,5,1,21,,296367,23,0,5,1,62,,296379,23,0,5,1,21,,296372,23,0,5,1,22,,296396,23,0,5,1,61,,296405,23,0,5,1,21,,296368,23,0,5,1,22,,296380,23,0,5,1,62,,296373,23,0,5,1,18,,296388,23,0,5,1,18,,296397,23,0,5,1,60,,296406,23,0,5,1,20,,296369,23,0,5,1,20,,296381,23,0,5,1,59,,296374,23,0,5,1,16,,296389,23,0,5,1,19,,296398,23,0,5,1,61,,296407,23,0,5,1,21,,296370,23,0,5,1,19,,296382,23,0,5,1,62,,296390,23,0,5,1,21,,296399,23,0,5,1,67,,296408,23,0,5,1,30,,296371,23,0,5,1,69,,296391,23,0,5,1,30,,296400,23,0,5,1,69,,296409,23,0,5,1,27,,296412,23,0,5,1,30,,296401,23,0,5,1,70,,296410,23,0,5,1
3601,'H56S100F-80-F1',543,,296413,23,0,5,1,70,,296419,23,0,5,1,30,,296426,23,0,5,1,70,,296414,23,0,5,1,30,,296420,23,0,5,1,73,,296427,23,0,5,1,33,,296415,23,0,5,1,69,,296421,23,0,5,1,32,,296428,23,0,5,1,71,,296416,23,0,5,1,35,,296422,23,0,5,1,73,,296429,23,0,5,1,73,,296417,23,0,5,1,33,,296423,23,0,5,1,74,,296430,23,0,5,1,34,,296418,23,0,5,1,74,,296424,23,0,5,1,33,,296431,23,0,5,1,73,,296442,23,0,5,1,32,,296433,23,0,5,1,72,,296425,23,0,5,1,73,,296432,23,0,5,1,31,,296443,23,0,5,1,72,,296434,23,0,5,1,31,,296439,23,0,5,1,70,,296447,23,0,5,1,29,,296444,23,0,5,1,67,,296435,23,0,5,1,30,,296440,23,0,5,1,70,,296448,23,0,5,1,31,,296436,23,0,5,1,71,,296441,23,0,5,1,31,,296449,23,0,5,1,70,,296437,23,0,5,1,30,,296445,23,0,5,1,71,,296450,23,0,5,1,29,,296438,23,0,5,1,69,,296446,23,0,5,1
3601,'H56S200F-80-F2',543,,296451,23,0,5,1,70,,296457,23,0,5,1,30,,296464,23,0,5,1,70,,296452,23,0,5,1,30,,296458,23,0,5,1,73,,296465,23,0,5,1,33,,296453,23,0,5,1,69,,296459,23,0,5,1,32,,296466,23,0,5,1,71,,296454,23,0,5,1,35,,296460,23,0,5,1,73,,296467,23,0,5,1,73,,296455,23,0,5,1,33,,296461,23,0,5,1,74,,296468,23,0,5,1,34,,296456,23,0,5,1,74,,296462,23,0,5,1,33,,296469,23,0,5,1,73,,296480,23,0,5,1,32,,296471,23,0,5,1,72,,296463,23,0,5,1,73,,296470,23,0,5,1,31,,296481,23,0,5,1,72,,296472,23,0,5,1,31,,296477,23,0,5,1,70,,296485,23,0,5,1,29,,296482,23,0,5,1,67,,296473,23,0,5,1,30,,296478,23,0,5,1,70,,296486,23,0,5,1,31,,296474,23,0,5,1,71,,296479,23,0,5,1,31,,296487,23,0,5,1,70,,296475,23,0,5,1,30,,296483,23,0,5,1,71,,296488,23,0,5,1,29,,296476,23,0,5,1,69,,296484,23,0,5,1
