2602,'H54S000A-80-A',511,,292475,19,0,10,1,33,,292503,19,0,10,2,71,,292476,19,0,10,1,30,,292504,19,0,10,2,71,,292477,19,0,10,1,30,,292505,19,0,10,2,70,,292478,19,0,10,1,30,,292506,19,0,10,2,70,,292479,19,0,10,1,30,,292507,19,0,10,2,71,,292480,19,0,10,1,30,,292508,19,0,10,2,70,,292481,19,0,10,1,30,,292509,19,0,10,2,70,,292482,19,0,10,1,30,,292493,19,0,10,1,70,,292483,19,0,10,1,29,,292494,19,0,10,1,70,,292484,19,0,10,1,30,,292495,19,0,10,1,70,,292485,19,0,10,1,29,,292496,19,0,10,1,69,,292486,19,0,10,1,29,,292497,19,0,10,1,70,,292487,19,0,10,1,30,,292498,19,0,10,1,71,,292488,19,0,10,1,31,,292499,19,0,10,1,70,,292489,19,0,10,1,30,,292500,19,0,10,1,70,,292490,19,0,10,1,31,,292501,19,0,10,1,72,,292491,19,0,10,1,32,,292502,19,0,10,1,72,,292492,19,0,10,1
2602,'H54S000I-80-I',512,,292510,19,0,10,2,29,,292518,19,0,10,1,68,,292511,19,0,10,2,28,,292519,19,0,10,1,68,,292512,19,0,10,2,28,,292520,19,0,10,1,68,,292513,19,0,10,2,29,,292521,19,0,10,1,70,,292514,19,0,10,2,30,,292522,19,0,10,1,70,,292515,19,0,10,2,30,,292523,19,0,10,1,70,,292516,19,0,10,2,30,,292524,19,0,10,1,70,,292517,19,0,10,2,30,,292525,19,0,10,1,71,,292536,19,0,10,1,30,,292526,19,0,10,1,70,,292537,19,0,10,1,29,,292527,19,0,10,1,70,,292538,19,0,10,1,30,,292528,19,0,10,1,70,,292539,19,0,10,1,30,,292529,19,0,10,1,29,,292540,19,0,10,1,69,,292530,19,0,10,1,28,,292541,19,0,10,1,69,,292531,19,0,10,1,29,,292542,19,0,10,1,69,,292532,19,0,10,1,29,,292543,19,0,10,1,70,,292533,19,0,10,1,30,,292544,19,0,10,1,70,,292534,19,0,10,1,30,,292545,19,0,10,1,70,,292535,19,0,10,1
2602,'H54S000S-80-S',513,,292546,19,0,10,2,28,,292550,19,0,10,1,68,,292547,19,0,10,2,27,,292551,19,0,10,1,67,,292548,19,0,10,2,27,,292564,19,0,10,1,13,,292587,19,0,10,2,12,,292554,19,0,10,1,50,,292549,19,0,10,2,28,,292565,19,0,10,1,70,,292555,19,0,10,1,29,,292566,19,0,10,1,70,,292556,19,0,10,1,30,,292567,19,0,10,1,70,,292557,19,0,10,1,30,,292568,19,0,10,1,70,,292558,19,0,10,1,29,,292590,19,0,10,1,69,,292569,19,0,10,1,28,,292559,19,0,10,1,27,,292588,19,0,10,2,67,,292570,19,0,10,1,27,,292560,19,0,10,1,70,,292573,19,0,10,2,33,,292561,19,0,10,1,72,,292574,19,0,10,2,31,,292575,19,0,10,2,73,,292577,19,0,10,1,72,,292576,19,0,10,2,32,,292578,19,0,10,1,71,,292583,19,0,10,2,30,,292579,19,0,10,1,26,,292584,19,0,10,2,66,,292580,19,0,10,1,27,,292585,19,0,10,2,66,,292581,19,0,10,1,31,,292586,19,0,10,2,72,,292582,19,0,10,1
2602,'H54S100F-80-F1',512,,292592,19,0,10,2,29,,292600,19,0,10,1,68,,292593,19,0,10,2,28,,292601,19,0,10,1,68,,292594,19,0,10,2,28,,292602,19,0,10,1,68,,292595,19,0,10,2,29,,292603,19,0,10,1,70,,292596,19,0,10,2,30,,292604,19,0,10,1,70,,292597,19,0,10,2,30,,292605,19,0,10,1,70,,292598,19,0,10,2,30,,292606,19,0,10,1,70,,292599,19,0,10,2,30,,292607,19,0,10,1,71,,292618,19,0,10,1,30,,292608,19,0,10,1,70,,292619,19,0,10,1,29,,292609,19,0,10,1,70,,292620,19,0,10,1,30,,292610,19,0,10,1,70,,292621,19,0,10,1,30,,292611,19,0,10,1,29,,292622,19,0,10,1,69,,292612,19,0,10,1,28,,292623,19,0,10,1,69,,292613,19,0,10,1,29,,292624,19,0,10,1,69,,292614,19,0,10,1,29,,292625,19,0,10,1,70,,292615,19,0,10,1,30,,292626,19,0,10,1,70,,292616,19,0,10,1,30,,292627,19,0,10,1,70,,292617,19,0,10,1
2602,'H54S200F-80-F2',512,,292628,19,0,10,2,29,,292636,19,0,10,1,68,,292629,19,0,10,2,28,,292637,19,0,10,1,68,,292630,19,0,10,2,28,,292638,19,0,10,1,68,,292631,19,0,10,2,29,,292639,19,0,10,1,70,,292632,19,0,10,2,30,,292640,19,0,10,1,70,,292633,19,0,10,2,30,,292641,19,0,10,1,70,,292634,19,0,10,2,30,,292642,19,0,10,1,70,,292635,19,0,10,2,30,,292643,19,0,10,1,71,,292654,19,0,10,1,30,,292644,19,0,10,1,70,,292655,19,0,10,1,29,,292645,19,0,10,1,70,,292656,19,0,10,1,30,,292646,19,0,10,1,70,,292657,19,0,10,1,30,,292647,19,0,10,1,29,,292658,19,0,10,1,69,,292648,19,0,10,1,28,,292659,19,0,10,1,69,,292649,19,0,10,1,29,,292660,19,0,10,1,69,,292650,19,0,10,1,29,,292661,19,0,10,1,70,,292651,19,0,10,1,30,,292662,19,0,10,1,70,,292652,19,0,10,1,30,,292663,19,0,10,1,70,,292653,19,0,10,1
18502,'H59S000A-80-A',525,,335056,10,0,10,1,33,,335066,10,0,10,1,73,,335071,10,0,10,2,74,,335057,10,0,10,1,32,,335067,10,0,10,1,72,,335072,10,0,10,2,32,,335058,10,0,10,1,70,,335068,10,0,10,1,30,,335073,10,0,10,2,72,,335059,10,0,10,1,32,,335069,10,0,10,1,72,,335074,10,0,10,2,34,,335060,10,0,10,1,72,,335070,10,0,10,1,28,,335078,10,0,10,1,69,,335075,10,0,10,2,29,,335082,10,0,10,1,68,,335085,10,0,10,2,27,,335079,10,0,10,1,68,,335076,10,0,10,2,29,,335083,10,0,10,1,69,,335086,10,0,10,2,30,,335080,10,0,10,1,69,,335077,10,0,10,2,29,,335084,10,0,10,1,69,,335061,10,0,10,1,28,,335081,10,0,10,1,69,,335062,10,0,10,1,29,,335048,10,0,10,1,70,,335052,10,0,10,1,31,,335063,10,0,10,1,71,,335049,10,0,10,1,31,,335053,10,0,10,1,71,,335064,10,0,10,1,30,,335050,10,0,10,1,71,,335054,10,0,10,1,30,,335065,10,0,10,1,70,,335051,10,0,10,1,30,,335055,10,0,10,1
18502,'H59S000I-81-I',525,,335087,10,0,10,2,31,,335099,10,0,10,1,69,,335111,10,0,10,2,29,,335088,10,0,10,2,70,,335100,10,0,10,1,29,,335112,10,0,10,2,70,,335089,10,0,10,2,30,,335101,10,0,10,1,71,,335113,10,0,10,2,32,,335090,10,0,10,2,74,,335102,10,0,10,1,73,,335114,10,0,10,2,32,,335091,10,0,10,2,73,,335103,10,0,10,1,32,,335115,10,0,10,2,72,,335118,10,0,10,1,30,,335092,10,0,10,2,70,,335104,10,0,10,1,31,,335116,10,0,10,2,70,,335119,10,0,10,1,30,,335093,10,0,10,2,70,,335105,10,0,10,1,29,,335117,10,0,10,2,72,,335120,10,0,10,1,33,,335094,10,0,10,2,73,,335106,10,0,10,1,33,,335121,10,0,10,1,71,,335095,10,0,10,2,29,,335107,10,0,10,1,69,,335122,10,0,10,1,30,,335096,10,0,10,2,69,,335108,10,0,10,1,27,,335123,10,0,10,1,69,,335097,10,0,10,2,29,,335109,10,0,10,1,69,,335124,10,0,10,1,26,,335098,10,0,10,2,67,,335110,10,0,10,1,30,,335125,10,0,10,1
18502,'H59S000S-80-S',522,,335128,10,0,10,1,31,,335150,10,0,10,2,64,,335162,10,0,10,1,20,,335126,10,0,6 58,1,13,,335129,10,0,10,1,52,,335130,10,0,10,2,12,,335135,10,0,6 58,1,10,,335151,10,0,10,2,10,,335131,10,0,6 58,1,9,,335154,10,0,10,1,10,,335163,10,0,6 58,1,54,,335127,10,0,10,2,13,,335132,10,0,10,1,14,,335159,10,0,10,1,21,,335169,10,0,10,1,68,,335136,10,0,10,1,31,,335155,10,0,10,1,70,,335133,10,0,10,1,29,,335170,10,0,10,1,69,,335137,10,0,10,1,29,,335156,10,0,10,1,68,,335152,10,0,10,1,28,,335171,10,0,10,1,67,,335138,10,0,10,1,27,,335157,10,0,10,1,67,,335153,10,0,10,1,28,,335172,10,0,10,1,68,,335139,10,0,10,1,30,,335158,10,0,10,1,70,,335134,10,0,10,1,31,,335160,10,0,10,2,69,,335140,10,0,10,1,30,,335145,10,0,10,1,71,,335164,10,0,10,1,29,,335161,10,0,10,2,69,,335141,10,0,10,1,31,,335146,10,0,10,1,72,,335165,10,0,10,1,31,,335142,10,0,10,1,71,,335147,10,0,10,1,30,,335166,10,0,10,1,70,,335143,10,0,10,1,30,,335148,10,0,10,1,70,,335167,10,0,10,1,30,,335144,10,0,10,1,71,,335149,10,0,10,1,32,,335168,10,0,10,1
18502,'H59S100F-80-F1',525,,335173,10,0,10,2,31,,335185,10,0,10,1,69,,335197,10,0,10,2,29,,335174,10,0,10,2,70,,335186,10,0,10,1,29,,335198,10,0,10,2,70,,335175,10,0,10,2,30,,335187,10,0,10,1,71,,335199,10,0,10,2,32,,335176,10,0,10,2,74,,335188,10,0,10,1,73,,335200,10,0,10,2,32,,335177,10,0,10,2,73,,335189,10,0,10,1,32,,335201,10,0,10,2,72,,335204,10,0,10,1,30,,335178,10,0,10,2,70,,335190,10,0,10,1,31,,335202,10,0,10,2,70,,335205,10,0,10,1,30,,335179,10,0,10,2,70,,335191,10,0,10,1,29,,335203,10,0,10,2,72,,335206,10,0,10,1,33,,335180,10,0,10,2,73,,335192,10,0,10,1,33,,335207,10,0,10,1,71,,335181,10,0,10,2,29,,335193,10,0,10,1,69,,335208,10,0,10,1,30,,335182,10,0,10,2,69,,335194,10,0,10,1,27,,335209,10,0,10,1,69,,335183,10,0,10,2,29,,335195,10,0,10,1,69,,335210,10,0,10,1,26,,335184,10,0,10,2,67,,335196,10,0,10,1,30,,335211,10,0,10,1
18502,'H59S200F-80-F2',525,,335212,10,0,10,2,31,,335224,10,0,10,1,69,,335236,10,0,10,2,29,,335213,10,0,10,2,70,,335225,10,0,10,1,29,,335237,10,0,10,2,70,,335214,10,0,10,2,30,,335226,10,0,10,1,71,,335238,10,0,10,2,32,,335215,10,0,10,2,74,,335227,10,0,10,1,73,,335239,10,0,10,2,32,,335216,10,0,10,2,73,,335228,10,0,10,1,32,,335240,10,0,10,2,72,,335243,10,0,10,1,30,,335217,10,0,10,2,70,,335229,10,0,10,1,31,,335241,10,0,10,2,70,,335244,10,0,10,1,30,,335218,10,0,10,2,70,,335230,10,0,10,1,29,,335242,10,0,10,2,72,,335245,10,0,10,1,33,,335219,10,0,10,2,73,,335231,10,0,10,1,33,,335246,10,0,10,1,71,,335220,10,0,10,2,29,,335232,10,0,10,1,69,,335247,10,0,10,1,30,,335221,10,0,10,2,69,,335233,10,0,10,1,27,,335248,10,0,10,1,69,,335222,10,0,10,2,29,,335234,10,0,10,1,69,,335249,10,0,10,1,26,,335223,10,0,10,2,67,,335235,10,0,10,1,30,,335250,10,0,10,1
36202,'H54S000A-80-A',2612,,346682,68,0,10,2,88,,346684,68,0,10,1,45,,346681,68,0,10,1,85,,346680,68,0,10,1,82,,346683,68,0,10,1
36202,'H54S000I-80-I',2612,,346688,68,0,10,2,45,,346686,68,0,10,1,85,,346687,68,0,10,2,86,,346685,68,0,10,1,85,,346689,68,0,10,2
36202,'H54S000S-80-S',2611,,346691,68,0,10,2,45,,346694,68,0,10,1,85,,346693,68,0,10,1,88,,346690,68,0,10,1,85,,346692,68,0,10,1
36202,'H54S100F-80-F1',2612,,346698,68,0,10,2,45,,346696,68,0,10,1,85,,346697,68,0,10,2,86,,346695,68,0,10,1,85,,346699,68,0,10,2
36202,'H54S200F-80-F2',2612,,346703,68,0,10,2,45,,346701,68,0,10,1,85,,346702,68,0,10,2,86,,346700,68,0,10,1,85,,346704,68,0,10,2
