18701,'H54S000A-80-A',534,,335744,15,0,5,1,71,,335728,15,0,5,1,31,,335735,15,0,5,1,71,,335745,15,0,5,1,30,,335729,15,0,5,2,70,,335736,15,0,5,1,31,,335746,15,0,5,1,71,,335753,15,0,5,1,35,,335767,15,0,5,1,72,,335747,15,0,5,1,30,,335737,15,0,5,2,69,,335759,15,0,5,1,28,,335748,15,0,5,1,68,,335738,15,0,5,2,29,,335754,15,0,5,1,69,,335749,15,0,5,1,29,,335739,15,0,5,2,68,,335765,15,0,5,2,29,,335750,15,0,5,1,69,,335720,15,0,5,2,25,,335766,15,0,5,2,19,,335768,15,0,5,1,58,,335751,15,0,5,1,19,,335721,15,0,5,2,17,,335740,15,0,5,2,16,,335722,15,0,5,1,55,,335752,15,0,5,1,15,,335724,15,0,5,2,15,,335741,15,0,5,2,12,,335769,15,0,5,1,51,,335727,15,0,5,1,12,,335723,15,0,5,1,12,,335730,15,0,5,1,22,,335725,15,0,5,2,61,,335734,15,0,5,2,21,,335760,15,0,5,1,22,,335731,15,0,5,1,63,,335726,15,0,5,2,22,,335755,15,0,5,1,66,,335761,15,0,5,1,27,,335732,15,0,5,1,68,,335756,15,0,5,1,28,,335762,15,0,5,1,29,,335733,15,0,5,1,71,,335757,15,0,5,1,71,,335763,15,0,5,1,31,,335742,15,0,5,1,72,,335758,15,0,5,1,32,,335764,15,0,5,1,73,,335743,15,0,5,1
18701,'H54S000I-80-I',530,,335771,15,0,5,2,71,,335777,15,0,5,1,30,,335778,15,0,5,1,73,,335772,15,0,5,2,33,,335779,15,0,5,1,73,,335773,15,0,5,2,33,,335812,15,0,5,1,71,,335780,15,0,5,1,30,,335811,15,0,5,2,71,,335813,15,0,5,1,31,,335781,15,0,5,1,71,,335770,15,0,5,1,30,,335814,15,0,5,1,70,,335791,15,0,5,2,30,,335805,15,0,5,1,69,,335782,15,0,5,1,29,,335792,15,0,5,2,67,,335796,15,0,5,2,26,,335783,15,0,5,1,67,,335793,15,0,5,2,22,,335774,15,0,5,2,22,,335797,15,0,5,2,62,,335784,15,0,5,1,22,,335775,15,0,5,2,22,,335794,15,0,5,2,64,,335798,15,0,5,2,24,,335776,15,0,5,2,57,,335785,15,0,5,1,17,,335795,15,0,5,2,17,,335806,15,0,5,1,68,,335799,15,0,5,2,28,,335786,15,0,5,1,28,,335807,15,0,5,1,67,,335800,15,0,5,2,27,,335787,15,0,5,1,67,,335808,15,0,5,1,27,,335801,15,0,5,2,64,,335788,15,0,5,1,25,,335809,15,0,5,1,65,,335802,15,0,5,2,26,,335789,15,0,5,1,32,,335810,15,0,5,1,72,,335803,15,0,5,2,73,,335790,15,0,5,1,33,,335804,15,0,5,2
18701,'H54S000S-80-S',534,,335815,15,0,5,1,70,,335840,15,0,5,1,31,,335884,15,0,5,2,71,,335848,15,0,5,1,34,,335841,15,0,5,1,70,,335849,15,0,5,2,30,,335833,15,0,5,1,67,,335842,15,0,5,1,30,,335850,15,0,5,2,69,,335835,15,0,5,2,29,,335843,15,0,5,1,69,,335851,15,0,5,2,29,,335836,15,0,5,2,69,,335844,15,0,5,1,30,,335852,15,0,5,2,27,,335857,15,0,5,1,65,,335845,15,0,5,1,19,,335859,15,0,5,1,58,,335855,15,0,5,2,16,,335853,15,0,5,2,17,,335858,15,0,5,1,16,,335846,15,0,5,1,57,,335860,15,0,5,1,14,,335864,15,0,5,2,11,,335856,15,0,5,2,11,,335818,15,0,5,2,8,,335871,15,0,5,2,7,,335854,15,0,5,2,46,,335881,15,0,5,2,6,,335837,15,0,5,1,8,,335869,15,0,5,2,7,,335847,15,0,123,1,6,,335878,15,0,5,2,5,,335882,15,0,5,2,5,,335873,15,0,5,2,6,,335816,15,0,5,1,5,,335880,15,0,123,2,6,,335865,15,0,5,2,51,,335861,15,0,5,1,7,,335838,15,0,5,2,5,,335872,15,0,123,2,7,,335839,15,0,5,2,9,,335879,15,0,5,2,10,,335874,15,0,5,2,6,,335883,15,0,123,2,6,,335870,15,0,5,2,48,,335866,15,0,5,2,9,,335817,15,0,5,1,10,,335885,15,0,123,2,10,,335832,15,0,5,1,8,,335862,15,0,5,1,14,,335834,15,0,5,1,54,,335875,15,0,5,2,15,,335825,15,0,5,1,17,,335867,15,0,5,2,58,,335863,15,0,5,1,17,,335829,15,0,5,1,20,,335876,15,0,5,2,61,,335868,15,0,5,2,20,,335830,15,0,5,1,21,,335822,15,0,5,1,60,,335877,15,0,5,2,15,,335826,15,0,5,1,16,,335831,15,0,5,1,21,,335819,15,0,5,2,62,,335823,15,0,5,1,24,,335827,15,0,5,1,64,,335820,15,0,5,2,29,,335824,15,0,5,1,72,,335828,15,0,5,1,32,,335821,15,0,5,2
18701,'H54S100F-80-F1',530,,335887,15,0,5,2,71,,335893,15,0,5,1,30,,335894,15,0,5,1,73,,335888,15,0,5,2,33,,335895,15,0,5,1,73,,335889,15,0,5,2,33,,335928,15,0,5,1,71,,335896,15,0,5,1,30,,335927,15,0,5,2,71,,335929,15,0,5,1,31,,335897,15,0,5,1,71,,335886,15,0,5,1,30,,335930,15,0,5,1,70,,335907,15,0,5,2,30,,335921,15,0,5,1,69,,335898,15,0,5,1,29,,335908,15,0,5,2,67,,335912,15,0,5,2,26,,335899,15,0,5,1,67,,335909,15,0,5,2,22,,335890,15,0,5,2,22,,335913,15,0,5,2,62,,335900,15,0,5,1,22,,335891,15,0,5,2,22,,335910,15,0,5,2,64,,335914,15,0,5,2,24,,335892,15,0,5,2,57,,335901,15,0,5,1,17,,335911,15,0,5,2,17,,335922,15,0,5,1,68,,335915,15,0,5,2,28,,335902,15,0,5,1,28,,335923,15,0,5,1,67,,335916,15,0,5,2,27,,335903,15,0,5,1,67,,335924,15,0,5,1,27,,335917,15,0,5,2,64,,335904,15,0,5,1,25,,335925,15,0,5,1,65,,335918,15,0,5,2,26,,335905,15,0,5,1,32,,335926,15,0,5,1,72,,335919,15,0,5,2,73,,335906,15,0,5,1,33,,335920,15,0,5,2
18701,'H54S200F-80-F2',530,,335932,15,0,5,2,71,,335938,15,0,5,1,30,,335939,15,0,5,1,73,,335933,15,0,5,2,33,,335940,15,0,5,1,73,,335934,15,0,5,2,33,,335973,15,0,5,1,71,,335941,15,0,5,1,30,,335972,15,0,5,2,71,,335974,15,0,5,1,31,,335942,15,0,5,1,71,,335931,15,0,5,1,30,,335975,15,0,5,1,70,,335952,15,0,5,2,30,,335966,15,0,5,1,69,,335943,15,0,5,1,29,,335953,15,0,5,2,67,,335957,15,0,5,2,26,,335944,15,0,5,1,67,,335954,15,0,5,2,22,,335935,15,0,5,2,22,,335958,15,0,5,2,62,,335945,15,0,5,1,22,,335936,15,0,5,2,22,,335955,15,0,5,2,64,,335959,15,0,5,2,24,,335937,15,0,5,2,57,,335946,15,0,5,1,17,,335956,15,0,5,2,17,,335967,15,0,5,1,68,,335960,15,0,5,2,28,,335947,15,0,5,1,28,,335968,15,0,5,1,67,,335961,15,0,5,2,27,,335948,15,0,5,1,67,,335969,15,0,5,1,27,,335962,15,0,5,2,64,,335949,15,0,5,1,25,,335970,15,0,5,1,65,,335963,15,0,5,2,26,,335950,15,0,5,1,32,,335971,15,0,5,1,72,,335964,15,0,5,2,73,,335951,15,0,5,1,33,,335965,15,0,5,2
36201,'H54S000A-80-A',2702,,346656,62,0,5,1,45,,346657,62,0,5,2,85,,346659,62,0,5,1,85,,346658,62,0,5,2
36201,'H54S000I-80-I',2617,,346662,62,0,5,2,85,,346660,62,0,5,1,44,,346664,62,0,5,2,85,,346661,62,0,5,1,85,,346663,62,0,5,2
36201,'H54S000S-80-S',2616,,346667,62,0,5,1,85,,346666,62,0,5,1,45,,346665,62,0,5,1,85,,346669,62,0,5,1,85,,346668,62,0,5,1
36201,'H54S100F-80-F1',2617,,346672,62,0,5,2,85,,346670,62,0,5,1,44,,346674,62,0,5,2,85,,346671,62,0,5,1,85,,346673,62,0,5,2
36201,'H54S200F-80-F2',2617,,346677,62,0,5,2,85,,346675,62,0,5,1,44,,346679,62,0,5,2,85,,346676,62,0,5,1,85,,346678,62,0,5,2
