4503,'H51S000S-81-S',1734,,298689,35,0,8,1
4503,'H57S000S-80-S',1546,,298691,35,0,8,1,76,,298695,35,0,8,1,24,,298697,35,0,8,2,12,,298690,35,0,8,1,52,,298693,35,0,8,2,36,,298696,35,0,8,1,64,,298692,35,0,8,1,12,,298694,35,0,8,1
4503,'H58S000A-80-A',618,,298698,35,0,8,1,31,,298710,35,0,8,1,70,,298721,35,0,8,2,31,,298699,35,0,8,1,71,,298711,35,0,8,1,30,,298722,35,0,8,2,72,,298700,35,0,8,1,34,,298712,35,0,8,1,76,,298723,35,0,8,2,74,,298701,35,0,8,1,34,,298727,35,0,8,2,68,,298713,35,0,8,1,32,,298724,35,0,8,2,73,,298702,35,0,8,1,31,,298728,35,0,8,2,64,,298714,35,0,8,1,24,,298736,35,0,8,2,24,,298725,35,0,8,2,60,,298739,35,0,8,1,18,,298703,35,0,8,1,18,,298729,35,0,8,2,59,,298726,35,0,8,1,19,,298715,35,0,8,1,20,,298737,35,0,8,2,63,,298704,35,0,8,1,26,,298740,35,0,8,1,65,,298730,35,0,8,2,25,,298716,35,0,8,1,26,,298738,35,0,8,2,66,,298705,35,0,8,1,25,,298741,35,0,8,1,67,,298731,35,0,8,2,23,,298717,35,0,8,1,66,,298706,35,0,8,1,25,,298742,35,0,8,1,24,,298732,35,0,8,2,70,,298718,35,0,8,1,30,,298707,35,0,8,1,70,,298733,35,0,8,2,31,,298719,35,0,8,1,69,,298708,35,0,8,1,28,,298734,35,0,8,1,69,,298720,35,0,8,1,29,,298709,35,0,8,1,69,,298735,35,0,8,2
4503,'H58S000I-80-I',618,,298746,35,0,8,1,31,,298758,35,0,8,2,69,,298771,35,0,8,2,29,,298747,35,0,8,1,73,,298759,35,0,8,2,30,,298772,35,0,8,2,71,,298748,35,0,8,1,33,,298760,35,0,8,2,75,,298773,35,0,8,2,73,,298749,35,0,8,1,31,,298761,35,0,8,2,75,,298743,35,0,8,1,33,,298774,35,0,8,2,71,,298750,35,0,8,1,32,,298762,35,0,8,2,72,,298744,35,0,8,1,32,,298775,35,0,8,2,72,,298751,35,0,8,1,32,,298781,35,0,8,1,73,,298745,35,0,8,1,24,,298763,35,0,8,2,65,,298752,35,0,8,1,25,,298766,35,0,8,2,67,,298776,35,0,8,1,30,,298765,35,0,8,2,68,,298764,35,0,8,2,31,,298753,35,0,8,1,70,,298767,35,0,8,2,31,,298777,35,0,8,1,71,,298754,35,0,8,1,31,,298768,35,0,8,2,73,,298778,35,0,8,1,31,,298755,35,0,8,1,70,,298769,35,0,8,2,30,,298779,35,0,8,1,67,,298756,35,0,8,1,28,,298770,35,0,8,2,71,,298780,35,0,8,1,32,,298757,35,0,8,1
4503,'H58S000S-83-S',606,,298792,35,0,8,2,30,,298800,35,0,8,2,72,,298810,35,0,8,2,34,,298794,35,0,8,1,79,,298793,35,0,8,2,20,,298803,35,0,8,1,70,,298811,35,0,8,2,27,,298782,35,0,8,1,69,,298795,35,0,8,1,27,,298804,35,0,8,1,25,,298789,35,0,8,2,64,,298812,35,0,8,2,24,,298783,35,0,8,1,66,,298796,35,0,8,1,25,,298805,35,0,8,1,64,,298790,35,0,8,2,28,,298813,35,0,8,2,28,,298784,35,0,8,1,68,,298797,35,0,8,1,29,,298806,35,0,8,1,60,,298791,35,0,8,2,95,,298785,35,0,8,1,24,,298798,35,0,8,1,88,,298807,35,0,8,1,36,,298819,35,0,8,2,75,,298786,35,0,8,1,10,,298799,35,0,8,1,57,,298801,35,0,8,2,26,,298808,35,0,8,1,30,,298820,35,0,8,2,70,,298787,35,0,8,1,29,,298802,35,0,8,2,68,,298809,35,0,8,1,29,,298821,35,0,8,2,69,,298788,35,0,8,1,30,,298824,35,0,8,2,66,,298815,35,0,8,1,30,,298822,35,0,8,2,70,,298814,35,0,8,1,26,,298816,35,0,8,1,67,,298817,35,0,8,1,16,,298823,35,0,8,2,16,,298818,35,0,8,1
4503,'H58S100F-80-F1',618,,298825,35,0,8,2,31,,298835,35,0,8,1,69,,298847,35,0,8,2,29,,298826,35,0,8,2,73,,298836,35,0,8,1,30,,298848,35,0,8,2,71,,298827,35,0,8,2,33,,298837,35,0,8,1,75,,298849,35,0,8,2,73,,298828,35,0,8,2,31,,298838,35,0,8,1,75,,298829,35,0,8,1,33,,298850,35,0,8,2,71,,298832,35,0,8,1,32,,298839,35,0,8,1,72,,298830,35,0,8,1,32,,298851,35,0,8,2,72,,298833,35,0,8,1,32,,298840,35,0,8,1,73,,298831,35,0,8,1,24,,298852,35,0,8,2,65,,298834,35,0,8,1,25,,298859,35,0,8,1,67,,298841,35,0,8,1,30,,298846,35,0,8,2,68,,298853,35,0,8,2,31,,298858,35,0,8,1,70,,298860,35,0,8,2,31,,298842,35,0,8,1,71,,298854,35,0,8,2,31,,298861,35,0,8,2,73,,298843,35,0,8,1,31,,298855,35,0,8,2,70,,298862,35,0,8,2,30,,298844,35,0,8,1,67,,298856,35,0,8,2,28,,298863,35,0,8,2,71,,298845,35,0,8,1,32,,298857,35,0,8,2
4503,'H58S200F-80-F2',618,,298865,35,0,8,2,31,,298869,35,0,8,1,69,,298880,35,0,8,2,29,,298866,35,0,8,2,73,,298870,35,0,8,1,30,,298881,35,0,8,2,71,,298867,35,0,8,2,33,,298871,35,0,8,1,75,,298882,35,0,8,2,73,,298868,35,0,8,2,31,,298872,35,0,8,1,75,,298895,35,0,8,1,33,,298883,35,0,8,2,71,,298898,35,0,8,1,32,,298873,35,0,8,1,72,,298896,35,0,8,1,32,,298884,35,0,8,2,72,,298899,35,0,8,1,32,,298874,35,0,8,1,73,,298897,35,0,8,1,24,,298885,35,0,8,2,65,,298900,35,0,8,1,25,,298864,35,0,8,1,67,,298875,35,0,8,1,30,,298902,35,0,8,2,68,,298886,35,0,8,2,31,,298901,35,0,8,1,70,,298891,35,0,8,2,31,,298876,35,0,8,1,71,,298887,35,0,8,2,31,,298892,35,0,8,2,73,,298877,35,0,8,1,31,,298888,35,0,8,2,70,,298893,35,0,8,2,30,,298878,35,0,8,1,67,,298889,35,0,8,2,28,,298894,35,0,8,2,71,,298879,35,0,8,1,32,,298890,35,0,8,2
4503,'H59S000S-80-S',728,,298903,35,0,8,2,28,,298904,35,0,8,2,52,,298905,35,0,8,2,726,,298906,35,0,8,2,24,,298907,35,0,8,2
35903,'H57S000A-80-A',2640,,346419,35,0,8,1,60,,346420,35,0,8,1,20,,346424,35,0,8,2,26,,346423,35,0,8,1,73,,346421,35,0,8,1,36,,346425,35,0,8,2,75,,346422,35,0,8,1
35903,'H57S000I-80-I',2600,,346426,35,0,8,1,35,,346430,35,0,8,1,75,,346427,35,0,8,1,35,,346431,35,0,8,1,75,,346428,35,0,8,1,37,,346432,35,0,8,1,76,,346429,35,0,8,1
35903,'H57S000S-80-S',2603,,346434,35,0,8,1,33,,346437,35,0,8,1,78,,346435,35,0,8,1,32,,346433,35,0,8,1,75,,346438,35,0,8,1,36,,346436,35,0,8,1,76,,346439,35,0,8,1
35903,'H57S100F-80-F1',2600,,346440,35,0,8,1,35,,346444,35,0,8,1,75,,346441,35,0,8,1,35,,346445,35,0,8,1,75,,346442,35,0,8,1,37,,346446,35,0,8,1,76,,346443,35,0,8,1
35903,'H57S200F-80-F2',2600,,346447,35,0,8,1,35,,346451,35,0,8,1,75,,346448,35,0,8,1,35,,346452,35,0,8,1,75,,346449,35,0,8,1,37,,346453,35,0,8,1,76,,346450,35,0,8,1
