3303,'H54S000A-80-A',538,,294797,17,0,8,1,69,,294794,17,0,8,1,30,,294807,17,0,8,1,69,,294789,13,0,8,1,29,,294798,13,0,8,1,68,,294795,13,0,8,1,23,,294813,13,0,8,1,22,,294808,13,0,8,1,60,,294790,13,0,8,1,20,,294803,13,0,8,1,20,,294799,13,0,8,1,60,,294796,13,0,8,1,16,,294818,13,0,8,1,13,,294814,13,0,8,1,13,,294859,13,0,8,1,53,,294809,13,0,8,1,14,,294791,13,0,8,1,12,,294830,13,0,8,1,14,,294833,13,0,8,1,15,,294804,13,0,8,1,55,,294800,13,0,8,1,15,,294836,13,0,8,1,16,,294819,13,0,8,1,13,,294828,13,0,8,1,53,,294815,13,0,8,1,13,,294810,13,0,8,1,12,,294825,13,0,8,1,11,,294792,13,0,8,1,11,,294843,13,0,8,2,52,,294834,13,0,8,1,12,,294805,13,0,8,1,12,,294839,13,0,8,2,10,,294801,13,0,8,1,10,,294837,13,0,8,1,50,,294850,13,0,8,1,9,,294820,13,0,8,1,10,,294829,13,0,8,1,10,,294856,13,0,8,1,9,,294816,13,0,8,1,10,,294811,13,0,8,1,50,,294826,13,0,8,1,10,,294793,13,0,8,1,10,,294844,13,0,8,2,11,,294835,13,0,8,1,12,,294806,13,0,8,1,10,,294840,13,0,8,2,50,,294802,13,0,8,1,7,,294852,13,0,8,2,6,,294838,13,0,8,1,9,,294851,13,0,8,1,8,,294853,13,0,8,2,8,,294821,13,0,8,1,10,,294857,13,0,8,1,50,,294817,13,0,8,1,11,,294812,13,0,8,1,14,,294827,13,0,8,1,14,,294845,13,0,8,2,15,,294846,13,0,8,1,55,,294841,13,0,8,2,18,,294863,17,0,8,1,23,,294822,17,0,8,1,62,,294831,17,0,8,1,24,,294860,17,0,8,1,63,,294847,17,0,8,1,16,,294858,17,0,8,1,16,,294842,17,0,8,2,19,,294823,17,0,8,1,61,,294832,17,0,8,1,23,,294861,17,0,8,1,23,,294787,17,0,8,1,61,,294848,17,0,8,1,22,,294854,17,0,8,2,62,,294824,17,0,8,1,25,,294862,17,0,8,1,29,,294788,17,0,8,1,69,,294849,17,0,8,1,29,,294855,17,0,8,2
3303,'H54S000I-80-I',545,,294872,17,0,8,1,70,,294878,17,0,8,1,28,,294896,17,0,8,1,68,,294868,13,0,8,1,30,,294873,13,0,8,1,70,,294879,13,0,8,1,31,,294897,13,0,8,1,67,,294869,13,0,8,1,22,,294892,13,0,8,1,22,,294874,13,0,8,1,62,,294880,13,0,8,1,18,,294904,13,0,8,1,17,,294898,13,0,8,1,57,,294909,13,0,8,2,18,,294870,13,0,8,1,18,,294893,13,0,8,1,57,,294913,13,0,8,1,18,,294875,13,0,8,1,17,,294881,13,0,8,1,16,,294905,13,0,8,1,54,,294902,13,0,8,1,14,,294899,13,0,8,1,15,,294910,13,0,8,2,16,,294871,13,0,8,1,54,,294894,13,0,8,1,15,,294914,13,0,8,1,15,,294916,13,0,8,1,16,,294876,13,0,8,1,53,,294918,13,0,8,2,13,,294882,13,0,8,1,12,,294906,13,0,8,1,12,,294903,13,0,8,1,13,,294927,13,0,8,1,52,,294900,13,0,8,1,11,,294911,13,0,8,2,10,,294895,13,0,8,1,11,,294915,13,0,8,1,11,,294920,13,0,8,2,11,,294917,13,0,8,1,52,,294877,13,0,8,1,13,,294919,13,0,8,2,13,,294883,13,0,8,1,14,,294907,13,0,8,1,52,,294925,13,0,8,1,13,,294865,13,0,8,2,13,,294901,13,0,8,1,16,,294912,13,0,8,2,57,,294888,13,0,8,1,16,,294864,17,0,8,1,16,,294924,17,0,8,1,19,,294884,17,0,8,1,60,,294908,17,0,8,1,23,,294866,17,0,8,2,65,,294889,17,0,8,1,21,,294926,17,0,8,1,20,,294867,17,0,8,2,61,,294885,17,0,8,1,28,,294922,17,0,8,1,26,,294890,17,0,8,1,69,,294928,17,0,8,2,29,,294886,17,0,8,1,70,,294923,17,0,8,1,30,,294891,17,0,8,1,70,,294921,17,0,8,2,30,,294887,17,0,8,1
3303,'H54S000S-80-S',527,,294939,17,0,8,1,27,,294930,17,0,8,1,55,,294937,17,0,8,1,15,,294938,17,0,8,2,16,,294949,17,0,8,1,6,,294950,13,0,8,2,8,,295013,13,0,8,1,50,,294951,13,0,8,1,11,,294957,13,0,8,1,13,,294959,13,0,8,1,13,,294940,13,0,8,1,65,,294956,13,0,8,1,12,,294973,13,0,8,1,19,,294977,13,0,8,1,19,,294935,13,0,8,1,58,,294945,13,0,8,1,18,,294952,13,0,8,1,19,,294960,13,0,8,1,59,,294941,13,0,8,1,19,,294981,13,0,8,1,19,,294974,13,0,8,1,58,,294978,13,0,8,1,16,,294936,13,0,8,1,14,,294946,13,0,8,1,13,,294970,13,0,8,2,52,,294953,13,0,8,1,13,,294961,13,0,8,1,13,,294958,13,0,8,2,13,,294942,13,0,8,1,12,,294982,13,0,8,1,52,,294933,13,0,8,2,10,,294987,13,0,8,1,10,,294975,13,0,8,1,9,,294979,13,0,8,1,10,,294985,13,0,8,1,9,,294966,13,0,8,2,49,,294968,13,0,8,1,10,,294947,13,0,8,1,10,,294971,13,0,8,2,10,,294954,13,0,8,1,11,,294962,13,0,8,1,12,,294989,13,0,8,2,51,,294943,13,0,8,1,10,,294993,13,0,8,2,8,,294983,13,0,8,1,8,,294934,13,0,8,2,9,,294988,13,0,8,1,15,,294976,13,0,8,1,46,,294980,13,0,8,1,14,,294986,13,0,8,1,7,,294931,13,0,8,1,7,,294967,13,0,8,2,6,,294969,13,0,8,1,6,,295007,13,0,8,1,12,,294948,13,0,8,1,47,,294972,13,0,8,2,7,,294955,13,0,8,1,6,,295009,13,0,8,1,7,,294929,13,0,8,1,6,,295008,13,0,8,2,7,,294963,13,0,8,1,7,,294990,13,0,8,2,7,,294944,13,0,8,1,9,,294994,13,0,8,2,48,,294984,13,0,8,1,9,,295015,13,0,8,1,9,,294991,13,0,8,1,10,,294996,13,0,8,2,10,,294997,13,0,8,1,9,,294998,13,0,8,2,50,,294932,13,0,8,1,14,,295005,13,0,8,1,10,,295017,17,0,8,2,15,,295010,17,0,8,1,15,,295002,17,0,8,1,60,,294964,17,0,8,1,20,,294995,17,0,8,2,19,,294992,17,0,8,1,58,,294999,17,0,8,2,17,,295006,17,0,8,1,15,,295014,17,0,8,2,15,,295003,17,0,8,1,59,,295018,17,0,8,1,21,,294965,17,0,8,1,62,,295000,17,0,8,1,28,,295011,17,0,8,1,28,,295004,17,0,8,1,68,,295019,17,0,8,1,29,,295001,17,0,8,1,69,,295016,17,0,8,1,31,,295012,17,0,8,1
3303,'H54S100F-80-F1',545,,295028,17,0,8,1,70,,295034,17,0,8,1,28,,295052,17,0,8,1,68,,295024,13,0,8,1,30,,295029,13,0,8,1,70,,295035,13,0,8,1,31,,295053,13,0,8,1,67,,295025,13,0,8,1,22,,295048,13,0,8,1,22,,295030,13,0,8,1,62,,295036,13,0,8,1,18,,295060,13,0,8,1,17,,295054,13,0,8,1,57,,295065,13,0,8,2,18,,295026,13,0,8,1,18,,295049,13,0,8,1,57,,295069,13,0,8,1,18,,295031,13,0,8,1,17,,295037,13,0,8,1,16,,295061,13,0,8,1,54,,295058,13,0,8,1,14,,295055,13,0,8,1,15,,295066,13,0,8,2,16,,295027,13,0,8,1,54,,295050,13,0,8,1,15,,295070,13,0,8,1,15,,295072,13,0,8,1,16,,295032,13,0,8,1,53,,295074,13,0,8,2,13,,295038,13,0,8,1,12,,295062,13,0,8,1,12,,295059,13,0,8,1,13,,295083,13,0,8,1,52,,295056,13,0,8,1,11,,295067,13,0,8,2,10,,295051,13,0,8,1,11,,295071,13,0,8,1,11,,295076,13,0,8,2,11,,295073,13,0,8,1,52,,295033,13,0,8,1,13,,295075,13,0,8,2,13,,295039,13,0,8,1,14,,295063,13,0,8,1,52,,295081,13,0,8,1,13,,295021,13,0,8,2,13,,295057,13,0,8,1,16,,295068,13,0,8,2,57,,295044,13,0,8,1,16,,295020,17,0,8,1,16,,295080,17,0,8,1,19,,295040,17,0,8,1,60,,295064,17,0,8,1,23,,295022,17,0,8,2,65,,295045,17,0,8,1,21,,295082,17,0,8,1,20,,295023,17,0,8,2,61,,295041,17,0,8,1,28,,295078,17,0,8,1,26,,295046,17,0,8,1,69,,295084,17,0,8,2,29,,295042,17,0,8,1,70,,295079,17,0,8,1,30,,295047,17,0,8,1,70,,295077,17,0,8,2,30,,295043,17,0,8,1
3303,'H54S200F-80-F2',545,,295093,17,0,8,1,70,,295099,17,0,8,1,28,,295117,17,0,8,1,68,,295089,13,0,8,1,30,,295094,13,0,8,1,70,,295100,13,0,8,1,31,,295118,13,0,8,1,67,,295090,13,0,8,1,22,,295113,13,0,8,1,22,,295095,13,0,8,1,62,,295101,13,0,8,1,18,,295125,13,0,8,1,17,,295119,13,0,8,1,57,,295130,13,0,8,2,18,,295091,13,0,8,1,18,,295114,13,0,8,1,57,,295134,13,0,8,1,18,,295096,13,0,8,1,17,,295102,13,0,8,1,16,,295126,13,0,8,1,54,,295123,13,0,8,1,14,,295120,13,0,8,1,15,,295131,13,0,8,2,16,,295092,13,0,8,1,54,,295115,13,0,8,1,15,,295135,13,0,8,1,15,,295137,13,0,8,1,16,,295097,13,0,8,1,53,,295139,13,0,8,2,13,,295103,13,0,8,1,12,,295127,13,0,8,1,12,,295124,13,0,8,1,13,,295148,13,0,8,1,52,,295121,13,0,8,1,11,,295132,13,0,8,2,10,,295116,13,0,8,1,11,,295136,13,0,8,1,11,,295141,13,0,8,2,11,,295138,13,0,8,1,52,,295098,13,0,8,1,13,,295140,13,0,8,2,13,,295104,13,0,8,1,14,,295128,13,0,8,1,52,,295146,13,0,8,1,13,,295086,13,0,8,2,13,,295122,13,0,8,1,16,,295133,13,0,8,2,57,,295109,13,0,8,1,16,,295085,17,0,8,1,16,,295145,17,0,8,1,19,,295105,17,0,8,1,60,,295129,17,0,8,1,23,,295087,17,0,8,2,65,,295110,17,0,8,1,21,,295147,17,0,8,1,20,,295088,17,0,8,2,61,,295106,17,0,8,1,28,,295143,17,0,8,1,26,,295111,17,0,8,1,69,,295149,17,0,8,2,29,,295107,17,0,8,1,70,,295144,17,0,8,1,30,,295112,17,0,8,1,70,,295142,17,0,8,2,30,,295108,17,0,8,1
3303,'H57S000S-80-S',754,,295150,13,0,8,1,854,,295151,13,0,8,1
3303,'H59S000S-80-S',1548,,295152,13,0,8,2,99,,295153,13,0,8,1
19702,'H51S000A-80-A',531,,338805,4,0,10,2,72,,338813,4,0,10,1,32,,338806,4,0,10,2,67,,338821,4,0,10,1,29,,338814,4,0,10,1,28,,338807,4,0,10,2,68,,338822,4,0,10,1,28,,338815,4,0,10,1,68,,338808,4,0,10,2,23,,338823,4,0,10,1,63,,338828,4,0,10,2,23,,338816,4,0,10,1,23,,338809,4,0,10,2,62,,338824,4,0,10,1,16,,338833,4,0,10,2,16,,338829,4,0,10,2,56,,338834,4,0,10,1,15,,338810,4,0,10,2,15,,338836,4,0,10,2,16,,338825,4,0,10,1,56,,338839,4,0,10,2,18,,338830,4,0,10,2,18,,338837,4,0,10,2,58,,338811,4,0,10,2,18,,338826,4,0,10,1,19,,338831,4,0,10,2,19,,338840,4,0,10,2,59,,338838,4,0,10,2,19,,338812,4,0,10,2,20,,338827,4,0,10,1,63,,338832,4,0,10,2,24,,338841,4,0,10,2,64,,338847,4,0,10,1,28,,338835,4,0,10,2,68,,338842,4,0,10,2,28,,338848,4,0,10,1,28,,338817,4,0,10,1,67,,338843,4,0,10,2,26,,338849,4,0,10,1,66,,338818,4,0,10,1,26,,338844,4,0,10,2,67,,338850,4,0,10,1,27,,338819,4,0,10,1,68,,338845,4,0,10,2,28,,338851,4,0,10,1,69,,338820,4,0,10,1,33,,338846,4,0,10,2,69,,338853,4,0,10,2,36,,338852,4,0,10,1,76,,338854,4,0,10,2
19702,'H51S000I-80-I',532,,338865,4,0,10,1,71,,338855,4,0,10,1,32,,338866,4,0,10,1,72,,338856,4,0,10,1,33,,338867,4,0,10,1,72,,338857,4,0,10,1,32,,338868,4,0,10,2,70,,338874,4,0,10,2,22,,338877,4,0,10,1,22,,338858,4,0,10,1,67,,338869,4,0,10,2,27,,338875,4,0,10,2,67,,338859,4,0,10,1,27,,338870,4,0,10,2,65,,338878,4,0,10,2,22,,338876,4,0,10,2,22,,338860,4,0,10,1,62,,338871,4,0,10,2,20,,338885,4,0,10,2,20,,338879,4,0,10,2,68,,338861,4,0,10,1,28,,338872,4,0,10,2,68,,338880,4,0,10,2,28,,338862,4,0,10,1,70,,338873,4,0,10,2,28,,338881,4,0,10,2,68,,338863,4,0,10,1,28,,338890,4,0,10,1,68,,338882,4,0,10,2,28,,338886,4,0,10,2,69,,338891,4,0,10,1,29,,338883,4,0,10,2,69,,338887,4,0,10,2,29,,338892,4,0,10,1,70,,338884,4,0,10,2,32,,338888,4,0,10,2,72,,338893,4,0,10,1,33,,338895,4,0,10,2,71,,338889,4,0,10,2,32,,338894,4,0,10,1,71,,338896,4,0,10,2,31,,338864,4,0,10,1
19702,'H51S000S-81-S',458,,338897,4,0,10,2,63,,338901,4,0,10,1,19,,338900,4,0,10,1,13,,338905,4,0,10,2,55,,338898,4,0,10,2,24,,338914,4,0,10,2,8,,338915,4,0,10,2,8,,338902,4,0,10,1,6,,338919,4,0,10,2,46,,338926,4,0,10,2,6,,338933,4,0,10,2,5,,338906,4,0,10,2,7,,338913,4,0,10,2,9,,338935,4,0,10,2,4,,338917,4,0,10,2,5,,338899,4,0,10,2,5,,338942,4,0,10,2,5,,338943,4,0,10,2,5,,338918,4,0,10,2,5,,338936,4,0,10,2,46,,338907,4,0,10,2,6,,338932,4,0,10,2,11,,338916,4,0,10,2,11,,338903,4,0,10,1,12,,338949,4,0,10,1,10,,338920,4,0,10,2,50,,338934,4,0,10,2,10,,338951,4,0,10,2,12,,338927,4,0,10,1,14,,338944,4,0,10,2,16,,338937,4,0,10,2,58,,338904,4,0,10,1,20,,338921,4,0,10,2,20,,338945,4,0,10,2,60,,338928,4,0,10,1,20,,338938,4,0,10,2,20,,338952,4,0,10,1,60,,338922,4,0,10,2,20,,338946,4,0,10,2,20,,338939,4,0,10,2,60,,338929,4,0,10,1,20,,338953,4,0,10,1,20,,338923,4,0,10,2,60,,338940,4,0,10,2,20,,338947,4,0,10,2,21,,338930,4,0,10,1,59,,338954,4,0,10,1,20,,338924,4,0,10,2,20,,338941,4,0,10,2,62,,338948,4,0,10,2,20,,338931,4,0,10,1,20,,338955,4,0,10,1,60,,338925,4,0,10,2,24,,338964,4,0,10,2,64,,338908,4,0,10,1,29,,338956,4,0,10,1,69,,338960,4,0,10,2,28,,338909,4,0,10,1,29,,338957,4,0,10,1,70,,338961,4,0,10,2,30,,338910,4,0,10,1,70,,338958,4,0,10,1,30,,338962,4,0,10,2,70,,338911,4,0,10,1,30,,338959,4,0,10,1,60,,338966,4,0,10,2,17,,338965,4,0,10,1,76,,338912,4,0,10,1,37,,338963,4,0,10,2
19702,'H51S100F-80-F1',532,,338968,4,0,10,1,71,,338982,4,0,10,1,32,,338969,4,0,10,1,72,,338983,4,0,10,1,33,,338970,4,0,10,1,72,,338984,4,0,10,1,32,,338976,4,0,10,2,70,,338972,4,0,10,2,22,,338971,4,0,10,1,22,,338985,4,0,10,1,67,,338977,4,0,10,2,27,,338973,4,0,10,2,67,,338986,4,0,10,1,27,,338978,4,0,10,2,65,,338991,4,0,10,2,22,,338974,4,0,10,2,22,,338987,4,0,10,1,62,,338979,4,0,10,2,20,,338975,4,0,10,2,20,,338992,4,0,10,2,68,,338988,4,0,10,1,28,,338980,4,0,10,2,68,,338993,4,0,10,2,28,,338989,4,0,10,1,70,,338981,4,0,10,2,28,,338994,4,0,10,2,68,,338990,4,0,10,1,28,,339002,4,0,10,1,68,,338995,4,0,10,2,28,,338998,4,0,10,2,69,,339003,4,0,10,1,29,,338996,4,0,10,2,69,,338999,4,0,10,2,29,,339004,4,0,10,1,70,,338997,4,0,10,2,32,,339000,4,0,10,2,72,,339005,4,0,10,1,33,,339007,4,0,10,2,71,,339001,4,0,10,2,32,,339006,4,0,10,1,71,,339008,4,0,10,2,31,,338967,4,0,10,1
19702,'H51S200F-80-F2',532,,339010,4,0,10,1,71,,339024,4,0,10,1,32,,339011,4,0,10,1,72,,339025,4,0,10,1,33,,339012,4,0,10,1,72,,339026,4,0,10,1,32,,339018,4,0,10,2,70,,339014,4,0,10,2,22,,339013,4,0,10,1,22,,339027,4,0,10,1,67,,339019,4,0,10,2,27,,339015,4,0,10,2,67,,339028,4,0,10,1,27,,339020,4,0,10,2,65,,339033,4,0,10,2,22,,339016,4,0,10,2,22,,339029,4,0,10,1,62,,339021,4,0,10,2,20,,339017,4,0,10,2,20,,339034,4,0,10,2,68,,339030,4,0,10,1,28,,339022,4,0,10,2,68,,339035,4,0,10,2,28,,339031,4,0,10,1,70,,339023,4,0,10,2,28,,339036,4,0,10,2,68,,339032,4,0,10,1,28,,339044,4,0,10,1,68,,339037,4,0,10,2,28,,339040,4,0,10,2,69,,339045,4,0,10,1,29,,339038,4,0,10,2,69,,339041,4,0,10,2,29,,339046,4,0,10,1,70,,339039,4,0,10,2,32,,339042,4,0,10,2,72,,339047,4,0,10,1,33,,339049,4,0,10,2,71,,339043,4,0,10,2,32,,339048,4,0,10,1,71,,339050,4,0,10,2,31,,339009,4,0,10,1
19702,'H57S000S-80-S',622,,339051,4,0,10,1
19702,'H59S000S-80-S',715,,339052,4,0,10,2,5,,339053,4,0,10,1
37002,'H51S000A-80-A',2553,,347054,11,0,10,1,82,,347053,11,0,10,2,85,,347051,11,0,10,1,85,,347052,11,0,10,2,45,,347055,11,0,10,1
37002,'H51S000I-80-I',2505,,347060,11,0,10,1,45,,347056,11,0,10,1,85,,347058,11,0,10,2,85,,347061,11,0,10,1,85,,347057,11,0,10,1,46,,347059,11,0,10,2
37002,'H51S000S-81-S',2505,,347064,11,0,10,1,45,,347062,11,0,10,1,85,,347066,11,0,10,2,85,,347065,11,0,10,1,85,,347063,11,0,10,1,46,,347067,11,0,10,2
37002,'H51S100F-80-F1',2505,,347072,11,0,10,1,45,,347068,11,0,10,1,85,,347070,11,0,10,2,85,,347073,11,0,10,1,85,,347069,11,0,10,1,46,,347071,11,0,10,2
37002,'H51S200F-80-F2',2505,,347078,11,0,10,1,45,,347074,11,0,10,1,85,,347076,11,0,10,2,85,,347079,11,0,10,1,85,,347075,11,0,10,1,46,,347077,11,0,10,2
