4302,'H58S000A-80-A',517,,297895,3,0,10,1,33,,297901,3,0,10,2,73,,297909,3,0,10,1,33,,297916,3,0,10,2,73,,297923,3,0,10,2,74,,297896,3,0,10,1,33,,297902,3,0,10,2,71,,297910,3,0,10,1,31,,297917,3,0,10,2,72,,297924,3,0,10,1,32,,297897,3,0,10,1,72,,297903,3,0,10,2,32,,297911,3,0,10,1,72,,297918,3,0,10,2,32,,297925,3,0,10,1,72,,297898,3,0,10,1,32,,297904,3,0,10,2,72,,297912,3,0,10,1,30,,297919,3,0,10,2,71,,297926,3,0,10,1,31,,297899,3,0,10,1,70,,297905,3,0,10,2,28,,297913,3,0,10,1,69,,297920,3,0,10,2,26,,297927,3,0,10,1,66,,297900,3,0,10,1,24,,297908,3,0,10,2,66,,297906,3,0,10,2,27,,297914,3,0,10,1,69,,297921,3,0,10,2,32,,297929,3,0,10,1,72,,297928,3,0,10,2,33,,297915,3,0,10,1,71,,297922,3,0,10,2,91,,297930,3,0,10,1,56,,297907,3,0,10,1,97,,297931,3,0,10,1
4302,'H58S000I-80-I',551,,297938,3,0,10,2,69,,297939,3,0,10,1,30,,297948,3,0,10,2,71,,297956,3,0,10,1,34,,297950,3,0,10,2,74,,297940,3,0,10,1,74,,297949,3,0,10,2,35,,297957,3,0,10,1,72,,297951,3,0,10,2,32,,297941,3,0,10,1,72,,297947,3,0,10,1,32,,297962,3,0,10,1,70,,297958,3,0,10,1,30,,297952,3,0,10,2,70,,297942,3,0,10,1,30,,297933,3,0,10,1,70,,297963,3,0,10,1,31,,297959,3,0,10,1,70,,297953,3,0,10,2,30,,297943,3,0,10,1,70,,297934,3,0,10,1,30,,297964,3,0,10,1,69,,297960,3,0,10,1,29,,297954,3,0,10,2,69,,297944,3,0,10,1,27,,297935,3,0,10,1,67,,297965,3,0,10,1,26,,297961,3,0,10,1,67,,297968,3,0,10,2,28,,297932,3,0,10,2,29,,297945,3,0,10,1,72,,297955,3,0,10,1,72,,297966,3,0,10,1,52,,297936,3,0,10,1,92,,297946,3,0,10,1,93,,297967,3,0,10,2,94,,297937,3,0,10,1
4302,'H58S000S-83-S',443,,297969,3,0,10,2,57,,297975,3,0,10,1,25,,297976,3,0,10,1,27,,297985,3,0,10,1,64,,297970,3,0,10,1,33,,297983,3,0,10,2,73,,297989,3,0,10,1,33,,297977,3,0,10,1,73,,297986,3,0,10,1,72,,297971,3,0,10,1,32,,297991,3,0,10,2,72,,297990,3,0,10,1,33,,297978,3,0,10,1,73,,297987,3,0,10,1,33,,297972,3,0,10,1,73,,297992,3,0,10,2,32,,297993,3,0,10,1,71,,297995,3,0,10,2,30,,297979,3,0,10,1,70,,297988,3,0,10,1,31,,297973,3,0,10,1,73,,297998,3,0,10,1,33,,297996,3,0,10,2,65,,297981,3,0,10,2,25,,297980,3,0,10,1,71,,297999,3,0,10,2,30,,297974,3,0,10,1,70,,297994,3,0,10,2,28,,297997,3,0,10,2,71,,297982,3,0,10,2,29,,298006,3,0,10,1,71,,298000,3,0,10,2,31,,298003,3,0,10,1,71,,298002,3,0,10,2,29,,298007,3,0,10,1,76,,298001,3,0,10,2,77,,298004,3,0,10,1,45,,298008,3,0,10,1,87,,298005,3,0,10,2,91,,297984,3,0,10,1
4302,'H58S100F-80-F1',443,,298009,3,0,10,1,57,,298010,3,0,10,2,25,,298013,3,0,10,2,26,,298020,3,0,10,2,64,,298028,3,0,10,1,33,,298016,3,0,10,1,73,,298024,3,0,10,2,33,,298011,3,0,10,1,73,,298021,3,0,10,2,32,,298029,3,0,10,1,73,,298025,3,0,10,2,72,,298034,3,0,10,1,33,,298012,3,0,10,1,73,,298022,3,0,10,2,33,,298030,3,0,10,1,73,,298026,3,0,10,2,32,,298035,3,0,10,1,71,,298041,3,0,10,1,30,,298017,3,0,10,1,70,,298023,3,0,10,2,31,,298031,3,0,10,1,73,,298027,3,0,10,2,33,,298042,3,0,10,1,65,,298044,3,0,10,2,25,,298019,3,0,10,2,71,,298032,3,0,10,1,30,,298043,3,0,10,2,70,,298033,3,0,10,1,28,,298014,3,0,10,1,71,,298047,3,0,10,1,29,,298036,3,0,10,1,71,,298046,3,0,10,2,30,,298045,3,0,10,2,71,,298015,3,0,10,1,29,,298048,3,0,10,1,77,,298037,3,0,10,1,77,,298018,3,0,10,1,45,,298039,3,0,10,1,94,,298038,3,0,10,1,94,,298040,3,0,10,1
4302,'H58S200F-80-F2',443,,298073,3,0,10,1,57,,298074,3,0,10,2,25,,298051,3,0,10,2,26,,298052,3,0,10,2,64,,298060,3,0,10,1,33,,298070,3,0,10,1,73,,298056,3,0,10,2,33,,298069,3,0,10,1,73,,298053,3,0,10,2,32,,298061,3,0,10,1,73,,298057,3,0,10,2,72,,298087,3,0,10,1,33,,298071,3,0,10,1,73,,298054,3,0,10,2,33,,298062,3,0,10,1,73,,298058,3,0,10,2,32,,298088,3,0,10,1,71,,298075,3,0,10,1,30,,298078,3,0,10,1,70,,298055,3,0,10,2,31,,298063,3,0,10,1,73,,298059,3,0,10,2,33,,298065,3,0,10,1,65,,298066,3,0,10,2,25,,298086,3,0,10,2,71,,298064,3,0,10,1,30,,298085,3,0,10,2,70,,298049,3,0,10,1,28,,298076,3,0,10,1,71,,298067,3,0,10,1,29,,298080,3,0,10,1,71,,298072,3,0,10,2,30,,298050,3,0,10,2,71,,298077,3,0,10,1,29,,298068,3,0,10,1,77,,298081,3,0,10,1,77,,298079,3,0,10,1,45,,298083,3,0,10,1,94,,298082,3,0,10,1,94,,298084,3,0,10,1
4902,'H54S000S-80-S',1607,,300609,8,0,10,2
4902,'H57S000S-80-S',810,,300610,8,0,10,1
4902,'H58S000A-80-A',457,,300611,8,0,10,2,57,,300617,8,0,10,1,16,,300628,8,0,10,1,15,,300629,8,0,10,2,55,,300631,8,0,10,2,15,,300634,8,0,10,1,16,,300638,8,0,10,1,15,,300642,8,0,10,2,55,,300612,8,0,10,2,14,,300645,8,0,10,2,14,,300639,8,0,10,1,16,,300650,8,0,10,1,56,,300619,8,0,10,1,14,,300651,8,0,10,1,12,,300635,8,0,10,1,12,,300655,8,0,10,2,13,,300643,8,0,10,2,53,,300646,8,0,10,2,13,,300644,8,0,10,1,11,,300613,8,0,10,2,14,,300630,8,0,10,2,16,,300640,8,0,10,1,56,,300618,8,0,10,1,16,,300620,8,0,10,1,16,,300656,8,0,10,2,56,,300636,8,0,10,1,17,,300660,8,0,10,2,19,,300647,8,0,10,2,20,,300614,8,0,10,2,59,,300663,8,0,10,1,18,,300641,8,0,10,1,16,,300621,8,0,10,1,56,,300664,8,0,10,1,16,,300657,8,0,10,2,15,,300637,8,0,10,1,15,,300669,8,0,10,2,57,,300648,8,0,10,2,17,,300615,8,0,10,2,18,,300632,8,0,10,2,60,,300616,8,0,10,1,21,,300622,8,0,10,1,20,,300665,8,0,10,1,61,,300658,8,0,10,2,21,,300670,8,0,10,2,21,,300649,8,0,10,2,61,,300633,8,0,10,2,22,,300667,8,0,10,1,22,,300623,8,0,10,1,61,,300666,8,0,10,1,21,,300659,8,0,10,2,22,,300671,8,0,10,2,67,,300652,8,0,10,1,28,,300668,8,0,10,1,70,,300624,8,0,10,1,30,,300661,8,0,10,2,70,,300672,8,0,10,2,29,,300653,8,0,10,1,70,,300626,8,0,10,1,29,,300625,8,0,10,1,69,,300662,8,0,10,2,30,,300673,8,0,10,2,72,,300654,8,0,10,1,31,,300627,8,0,10,1
4902,'H58S000I-80-I',457,,300674,8,0,10,2,67,,300675,8,0,10,1,25,,300683,8,0,10,2,68,,300693,8,0,10,2,28,,300695,8,0,10,1,68,,300687,8,0,10,2,18,,300676,8,0,10,1,19,,300684,8,0,10,2,59,,300702,8,0,10,1,19,,300694,8,0,10,2,18,,300696,8,0,10,1,58,,300705,8,0,10,2,20,,300688,8,0,10,2,20,,300710,8,0,10,1,60,,300677,8,0,10,1,20,,300703,8,0,10,1,20,,300701,8,0,10,2,60,,300685,8,0,10,1,21,,300706,8,0,10,2,20,,300716,8,0,10,2,61,,300689,8,0,10,2,21,,300678,8,0,10,1,20,,300697,8,0,10,1,59,,300704,8,0,10,1,17,,300717,8,0,10,2,17,,300686,8,0,10,1,60,,300707,8,0,10,2,20,,300719,8,0,10,2,20,,300690,8,0,10,2,60,,300679,8,0,10,1,30,,300698,8,0,10,1,70,,300718,8,0,10,2,32,,300708,8,0,10,2,70,,300711,8,0,10,1,29,,300680,8,0,10,1,70,,300699,8,0,10,1,30,,300691,8,0,10,2,69,,300709,8,0,10,2,29,,300712,8,0,10,1,29,,300681,8,0,10,1,69,,300700,8,0,10,1,29,,300692,8,0,10,2,70,,300720,8,0,10,2,31,,300713,8,0,10,1,70,,300715,8,0,10,2,32,,300722,8,0,10,2,72,,300682,8,0,10,1,24,,300721,8,0,10,2,64,,300714,8,0,10,1
4902,'H58S000S-83-S',440,,300726,20,0,10,2,12,,300729,8,0,10,2,48,,300732,20,0,10,1,4,,300733,8,0,10,2,8,,300736,8,0,10,1,11,,300737,8,0,10,1,7,,300738,20,0,10,2,6,,300739,8,0,10,1,9,,300744,20,0,10,1,11,,300746,8,0,10,1,49,,300748,8,0,10,2,8,,300754,8,0,10,2,8,,300760,8,0,10,2,8,,300761,8,0,10,2,6,,300765,8,0,10,2,6,,300767,8,0,10,1,7,,300727,8,0,10,2,6,,300768,8,0,10,1,46,,300771,8,0,10,1,6,,300730,8,0,10,2,7,,300772,8,0,10,1,9,,300773,8,0,10,2,10,,300776,8,0,10,2,10,,300778,8,0,10,2,9,,300779,8,0,10,2,49,,300740,8,0,10,1,21,,300747,8,0,10,1,12,,300749,8,0,10,2,12,,300755,8,0,10,2,12,,300785,8,0,10,1,52,,300762,8,0,10,2,12,,300728,8,0,10,2,11,,300743,8,0,10,2,12,,300731,8,0,10,2,14,,300774,8,0,10,1,57,,300777,8,0,10,2,16,,300723,8,0,10,1,18,,300741,8,0,10,1,57,,300750,8,0,10,2,19,,300763,8,0,10,2,19,,300752,8,0,10,1,56,,300769,8,0,10,1,15,,300756,8,0,10,2,14,,300775,8,0,10,1,13,,300758,8,0,10,1,13,,300724,8,0,10,1,53,,300786,8,0,10,2,14,,300742,8,0,10,1,17,,300751,8,0,10,2,16,,300734,8,0,10,1,56,,300764,8,0,10,2,17,,300753,8,0,10,1,16,,300770,8,0,10,1,15,,300757,8,0,10,2,56,,300759,8,0,10,1,16,,300725,8,0,10,1,15,,300787,8,0,10,2,86,,300735,8,0,10,1,19,,300781,14,0,10,2,62,,300799,8,0,10,1,24,,300789,14,0,10,2,63,,300797,8,0,10,2,25,,300783,8,0,10,1,25,,300792,14,0,10,2,61,,300780,8,0,10,1,21,,300801,8,0,10,2,22,,300790,8,0,10,2,70,,300798,8,0,10,2,31,,300784,8,0,10,1,71,,300793,8,0,10,2,29,,300745,8,0,10,1,71,,300766,8,0,10,2,31,,300796,8,0,10,2,71,,300791,8,0,10,1,26,,300794,8,0,10,2,65,,300795,8,0,10,2
4902,'H58S100F-80-F1',457,,300805,8,0,10,2,57,,300817,8,0,10,1,16,,300824,8,0,10,1,15,,300830,8,0,10,2,55,,300832,8,0,10,1,15,,300833,8,0,10,1,16,,300837,8,0,10,2,15,,300840,8,0,10,2,55,,300806,8,0,10,2,14,,300802,8,0,10,1,14,,300821,8,0,10,1,16,,300825,8,0,10,2,56,,300810,8,0,10,2,14,,300843,8,0,10,2,12,,300826,8,0,10,2,12,,300844,8,0,10,1,13,,300841,8,0,10,2,53,,300845,8,0,10,2,13,,300823,8,0,10,1,11,,300807,8,0,10,2,14,,300849,8,0,10,1,16,,300822,8,0,10,1,56,,300831,8,0,10,1,16,,300811,8,0,10,2,16,,300827,8,0,10,2,56,,300818,8,0,10,1,17,,300842,8,0,10,1,19,,300846,8,0,10,2,20,,300808,8,0,10,2,59,,300851,8,0,10,2,18,,300850,8,0,10,1,16,,300812,8,0,10,2,56,,300834,8,0,10,1,16,,300828,8,0,10,2,15,,300803,8,0,10,1,15,,300859,8,0,10,2,57,,300847,8,0,10,2,17,,300809,8,0,10,2,18,,300860,8,0,10,1,60,,300852,8,0,10,2,21,,300813,8,0,10,2,20,,300835,8,0,10,1,61,,300829,8,0,10,2,21,,300804,8,0,10,1,21,,300848,8,0,10,2,61,,300861,8,0,10,1,22,,300853,8,0,10,2,22,,300814,8,0,10,2,61,,300836,8,0,10,1,21,,300862,8,0,10,2,22,,300856,8,0,10,1,67,,300819,8,0,10,1,28,,300854,8,0,10,2,70,,300815,8,0,10,2,30,,300838,8,0,10,2,70,,300857,8,0,10,1,29,,300820,8,0,10,1,70,,300855,8,0,10,2,28,,300816,8,0,10,2,70,,300839,8,0,10,2,30,,300858,8,0,10,1,68,,300863,8,0,10,2
4902,'H58S200F-80-F2',457,,300871,8,0,10,2,57,,300882,8,0,10,1,16,,300864,8,0,10,1,15,,300918,8,0,10,2,55,,300919,8,0,10,1,15,,300910,8,0,10,1,16,,300924,8,0,10,2,15,,300876,8,0,10,2,55,,300872,8,0,10,2,14,,300894,8,0,10,1,14,,300904,8,0,10,1,16,,300866,8,0,10,2,56,,300897,8,0,10,2,14,,300886,8,0,10,2,12,,300906,8,0,10,2,12,,300917,8,0,10,1,13,,300877,8,0,10,2,53,,300878,8,0,10,2,13,,300867,8,0,10,1,11,,300873,8,0,10,2,14,,300920,8,0,10,1,16,,300905,8,0,10,1,56,,300868,8,0,10,1,16,,300898,8,0,10,2,16,,300907,8,0,10,2,56,,300883,8,0,10,1,17,,300865,8,0,10,1,19,,300879,8,0,10,2,20,,300874,8,0,10,2,59,,300887,8,0,10,2,18,,300921,8,0,10,1,16,,300899,8,0,10,2,56,,300911,8,0,10,1,16,,300908,8,0,10,2,15,,300895,8,0,10,1,15,,300925,8,0,10,2,57,,300880,8,0,10,2,17,,300875,8,0,10,2,18,,300892,8,0,10,1,60,,300888,8,0,10,2,21,,300900,8,0,10,2,20,,300912,8,0,10,1,61,,300909,8,0,10,2,21,,300896,8,0,10,1,21,,300881,8,0,10,2,61,,300893,8,0,10,1,22,,300889,8,0,10,2,22,,300901,8,0,10,2,61,,300913,8,0,10,1,21,,300922,8,0,10,2,22,,300914,8,0,10,1,67,,300884,8,0,10,1,28,,300890,8,0,10,2,70,,300902,8,0,10,2,30,,300869,8,0,10,2,70,,300915,8,0,10,1,29,,300885,8,0,10,1,70,,300891,8,0,10,2,28,,300903,8,0,10,2,70,,300870,8,0,10,2,30,,300916,8,0,10,1,68,,300923,8,0,10,2
37202,'H54S000A-80-A',2539,,347183,4,0,10,1,90,,347182,4,0,10,1,85,,347184,4,0,10,1,44,,347185,4,0,10,1,90,,347181,4,0,10,2
37202,'H54S000I-80-I',2544,,347189,4,0,10,1,85,,347188,4,0,10,2,86,,347187,4,0,10,1,87,,347186,4,0,10,1,49,,347190,4,0,10,1
37202,'H54S000S-80-S',2520,,347194,4,0,10,2,80,,347193,4,0,10,2,40,,347191,4,0,10,1,82,,347196,4,0,10,2,82,,347192,4,0,10,1,47,,347195,4,0,10,2
37202,'H54S100F-80-F1',2544,,347200,4,0,10,1,85,,347199,4,0,10,2,86,,347198,4,0,10,1,87,,347197,4,0,10,1,49,,347201,4,0,10,1
37202,'H54S200F-80-F2',2544,,347205,4,0,10,1,85,,347204,4,0,10,2,86,,347203,4,0,10,1,87,,347202,4,0,10,1,49,,347206,4,0,10,1
44904,'H51S000S-81-S',657,,349222,15,0,9,2
44904,'H54S000S-80-S',534,,349233,15,0,9,2,10,,349238,15,0,9,2,10,,349234,15,0,9,2,49,,349232,15,0,9,2,9,,349231,15,0,9,2,10,,349245,15,0,9,1,10,,349270,15,0,9,2,9,,349235,15,0,9,2,64,,349240,15,0,9,2,7,,349254,15,0,9,2,7,,349256,15,0,9,2,8,,349239,15,0,9,2,8,,349224,15,0,9,2,9,,349261,15,0,9,2,9,,349226,15,0,9,2,52,,349246,15,0,9,1,14,,349241,15,0,9,1,22,,349269,15,0,9,1,63,,349255,15,0,9,2,22,,349225,15,0,9,2,22,,349247,15,0,9,1,62,,349242,15,0,9,1,22,,349227,15,0,9,2,26,,349262,15,0,9,2,70,,349248,15,0,9,1,28,,349257,15,0,9,2,68,,349243,15,0,9,1,28,,349263,15,0,9,2,66,,349249,15,0,9,1,26,,349258,15,0,9,2,67,,349244,15,0,9,1,28,,349264,15,0,9,2,67,,349250,15,0,9,1,26,,349259,15,0,9,2,23,,349266,15,0,9,2,63,,349267,15,0,9,1,25,,349265,15,0,9,2,68,,349251,15,0,9,1,28,,349260,15,0,9,2,71,,349268,15,0,9,1,29,,349228,15,0,9,2,71,,349252,15,0,9,1,29,,349236,15,0,9,2,69,,349223,15,0,9,2,30,,349229,15,0,9,2,70,,349253,15,0,9,1,30,,349237,15,0,9,2,70,,349230,15,0,9,2
44904,'H57S000S-80-S',650,,349271,15,0,9,1
