3103,'H51S000A-80-A',544,,293870,17,0,8,2,75,,293874,17,0,8,1,36,,293871,17,0,8,2,76,,293875,17,0,8,1,76,,293872,17,0,8,2,39,,293876,17,0,8,1,76,,293873,17,0,8,2,35,,293895,17,0,8,2,75,,293877,17,0,8,1,77,,293886,17,0,8,1,36,,293896,17,0,8,2,76,,293878,17,0,8,1,35,,293887,17,0,8,1,75,,293897,17,0,8,2,74,,293879,17,0,8,1,33,,293888,17,0,8,1,73,,293898,17,0,8,2,33,,293880,17,0,8,1,73,,293889,17,0,8,1,33,,293899,17,0,8,2,73,,293881,17,0,8,1,31,,293890,17,0,8,1,73,,293900,17,0,8,2,31,,293882,17,0,8,1,73,,293891,17,0,8,1,73,,293901,17,0,8,2,33,,293883,17,0,8,1,73,,293892,17,0,8,1,32,,293902,17,0,8,2,72,,293884,17,0,8,1,33,,293893,17,0,8,1,73,,293903,17,0,8,2,33,,293885,17,0,8,1,73,,293894,17,0,8,1,33,,293904,17,0,8,2
3103,'H51S000I-80-I',544,,293905,17,0,8,1,78,,293917,17,0,8,1,78,,293906,17,0,8,1,37,,293918,17,0,8,1,77,,293927,17,0,8,1,38,,293919,17,0,8,1,78,,293928,17,0,8,1,79,,293920,17,0,8,1,38,,293929,17,0,8,1,80,,293921,17,0,8,1,27,,293935,17,0,8,2,69,,293930,17,0,8,1,29,,293922,17,0,8,1,71,,293907,17,0,8,1,30,,293912,17,0,8,1,70,,293936,17,0,8,2,30,,293931,17,0,8,1,70,,293923,17,0,8,1,30,,293908,17,0,8,1,69,,293913,17,0,8,1,30,,293937,17,0,8,2,70,,293932,17,0,8,1,30,,293924,17,0,8,1,69,,293909,17,0,8,1,29,,293914,17,0,8,1,70,,293938,17,0,8,2,30,,293933,17,0,8,1,69,,293925,17,0,8,1,30,,293910,17,0,8,1,70,,293915,17,0,8,1,30,,293939,17,0,8,2,72,,293934,17,0,8,1,31,,293926,17,0,8,1,72,,293911,17,0,8,1,32,,293916,17,0,8,1,71,,293940,17,0,8,2
3103,'H51S000S-81-S',545,,293953,17,0,8,1,70,,293960,17,0,8,2,30,,293941,17,0,8,1,72,,293954,17,0,8,1,31,,293961,17,0,8,2,70,,293942,17,0,8,1,33,,293955,17,0,8,1,72,,293962,17,0,8,2,31,,293943,17,0,8,1,70,,293956,17,0,8,1,32,,293963,17,0,8,2,70,,293944,17,0,8,1,31,,293957,17,0,8,1,70,,293964,17,0,8,2,30,,293945,17,0,8,1,71,,293958,17,0,8,1,72,,293965,17,0,8,2,31,,293946,17,0,8,1,73,,293959,17,0,8,1,33,,293966,17,0,8,2,73,,293947,17,0,8,1,28,,293968,17,0,8,1,68,,293974,17,0,8,2,26,,293967,17,0,8,2,26,,293948,17,0,8,1,72,,293969,17,0,8,1,71,,293975,17,0,8,2,33,,293949,17,0,8,1,70,,293970,17,0,8,1,30,,293976,17,0,8,2,69,,293950,17,0,8,1,30,,293971,17,0,8,1,70,,293977,17,0,8,2,30,,293951,17,0,8,1,69,,293972,17,0,8,1,29,,293978,17,0,8,2,70,,293952,17,0,8,1,30,,293973,17,0,8,1,70,,293979,17,0,8,2
3103,'H51S100F-80-F1',544,,293980,17,0,8,1,78,,293992,17,0,8,1,78,,293981,17,0,8,1,37,,293993,17,0,8,1,77,,294002,17,0,8,1,38,,293994,17,0,8,1,78,,294003,17,0,8,1,79,,293995,17,0,8,1,38,,294004,17,0,8,1,80,,293996,17,0,8,1,27,,294010,17,0,8,2,69,,294005,17,0,8,1,29,,293997,17,0,8,1,71,,293982,17,0,8,1,30,,293987,17,0,8,1,70,,294011,17,0,8,2,30,,294006,17,0,8,1,70,,293998,17,0,8,1,30,,293983,17,0,8,1,69,,293988,17,0,8,1,30,,294012,17,0,8,2,70,,294007,17,0,8,1,30,,293999,17,0,8,1,69,,293984,17,0,8,1,29,,293989,17,0,8,1,70,,294013,17,0,8,2,30,,294008,17,0,8,1,69,,294000,17,0,8,1,30,,293985,17,0,8,1,70,,293990,17,0,8,1,30,,294014,17,0,8,2,72,,294009,17,0,8,1,31,,294001,17,0,8,1,72,,293986,17,0,8,1,32,,293991,17,0,8,1,71,,294015,17,0,8,2
3103,'H51S200F-80-F2',544,,294016,17,0,8,1,78,,294028,17,0,8,1,78,,294017,17,0,8,1,37,,294029,17,0,8,1,77,,294038,17,0,8,1,38,,294030,17,0,8,1,78,,294039,17,0,8,1,79,,294031,17,0,8,1,38,,294040,17,0,8,1,80,,294032,17,0,8,1,27,,294046,17,0,8,2,69,,294041,17,0,8,1,29,,294033,17,0,8,1,71,,294018,17,0,8,1,30,,294023,17,0,8,1,70,,294047,17,0,8,2,30,,294042,17,0,8,1,70,,294034,17,0,8,1,30,,294019,17,0,8,1,69,,294024,17,0,8,1,30,,294048,17,0,8,2,70,,294043,17,0,8,1,30,,294035,17,0,8,1,69,,294020,17,0,8,1,29,,294025,17,0,8,1,70,,294049,17,0,8,2,30,,294044,17,0,8,1,69,,294036,17,0,8,1,30,,294021,17,0,8,1,70,,294026,17,0,8,1,30,,294050,17,0,8,2,72,,294045,17,0,8,1,31,,294037,17,0,8,1,72,,294022,17,0,8,1,32,,294027,17,0,8,1,71,,294051,17,0,8,2
9502,'H51S000A-80-A',526,,313360,42,0,10,1,33,,313373,42,0,10,2,76,,313361,42,0,10,1,75,,313374,42,0,10,2,32,,313381,42,0,10,1,72,,313362,42,0,10,1,31,,313375,42,0,10,2,73,,313382,42,0,10,1,31,,313363,42,0,10,1,70,,313376,42,0,10,2,33,,313383,42,0,10,1,71,,313364,42,0,10,1,30,,313377,42,0,10,2,62,,313387,42,0,10,1,23,,313384,42,0,10,1,69,,313365,42,0,10,1,27,,313378,42,0,10,2,24,,313388,42,0,10,1,63,,313385,42,0,10,1,21,,313396,42,0,10,2,61,,313366,42,0,10,1,20,,313379,42,0,10,2,19,,313389,42,0,10,1,65,,313386,42,0,10,1,25,,313397,42,0,10,2,25,,313367,42,0,10,1,66,,313390,42,0,10,1,26,,313380,42,0,10,1,66,,313398,42,0,10,2,24,,313368,42,0,10,1,69,,313391,42,0,10,1,32,,313358,42,0,10,2,68,,313369,42,0,10,1,28,,313392,42,0,10,1,70,,313359,42,0,10,2,30,,313370,42,0,10,1,70,,313393,42,0,10,1,30,,313399,42,0,10,2,70,,313371,42,0,10,1,29,,313394,42,0,10,1,69,,313400,42,0,10,2,34,,313372,42,0,10,1,72,,313401,42,0,10,2,34,,313395,42,0,10,1
9502,'H51S000I-80-I',525,,313402,42,0,10,1,28,,313403,42,0,10,2,74,,313417,42,0,10,1,76,,313404,42,0,10,2,35,,313418,42,0,10,1,73,,313437,42,0,10,1,33,,313405,42,0,10,2,72,,313419,42,0,10,1,30,,313438,42,0,10,1,67,,313406,42,0,10,2,22,,313441,42,0,10,2,18,,313420,42,0,10,1,70,,313439,42,0,10,1,30,,313407,42,0,10,2,71,,313421,42,0,10,1,32,,313440,42,0,10,1,75,,313408,42,0,10,2,70,,313422,42,0,10,1,26,,313429,42,0,10,1,26,,313442,42,0,10,2,65,,313409,42,0,10,2,24,,313423,42,0,10,1,64,,313430,42,0,10,1,23,,313443,42,0,10,2,22,,313410,42,0,10,2,63,,313424,42,0,10,1,23,,313431,42,0,10,1,63,,313444,42,0,10,2,19,,313411,42,0,10,2,21,,313425,42,0,10,1,70,,313432,42,0,10,1,29,,313412,42,0,10,2,67,,313426,42,0,10,1,29,,313433,42,0,10,1,69,,313413,42,0,10,2,29,,313427,42,0,10,1,69,,313434,42,0,10,1,30,,313414,42,0,10,2,70,,313428,42,0,10,1,31,,313435,42,0,10,1,74,,313415,42,0,10,2,30,,313436,42,0,10,1,72,,313416,42,0,10,2
9502,'H51S000S-81-S',531,,313445,42,0,10,1,91,,313454,42,0,10,2,31,,313446,42,0,10,1,69,,313460,42,0,10,1,21,,313462,42,0,10,2,64,,313455,42,0,10,2,21,,313473,42,0,10,1,82,,313461,42,0,10,1,24,,313463,42,0,10,2,72,,313474,42,0,10,1,32,,313456,42,0,10,1,72,,313464,42,0,10,2,32,,313475,42,0,10,1,72,,313457,42,0,10,1,33,,313465,42,0,10,2,72,,313476,42,0,10,1,21,,313484,42,0,10,1,61,,313458,42,0,10,1,24,,313466,42,0,10,2,25,,313447,42,0,10,1,65,,313477,42,0,10,1,24,,313485,42,0,10,1,65,,313459,42,0,10,1,24,,313467,42,0,10,2,24,,313448,42,0,10,1,69,,313478,42,0,10,1,28,,313486,42,0,10,2,68,,313468,42,0,10,2,32,,313449,42,0,10,1,70,,313479,42,0,10,1,29,,313469,42,0,10,2,70,,313450,42,0,10,1,30,,313480,42,0,10,1,70,,313470,42,0,10,2,30,,313451,42,0,10,1,70,,313481,42,0,10,1,28,,313471,42,0,10,2,69,,313452,42,0,10,1,29,,313482,42,0,10,1,67,,313472,42,0,10,2,28,,313453,42,0,10,1,71,,313483,42,0,10,1
9502,'H51S100F-80-F1',525,,313487,42,0,10,1,28,,313489,42,0,10,2,74,,313503,42,0,10,1,76,,313490,42,0,10,2,35,,313504,42,0,10,1,73,,313523,42,0,10,1,33,,313491,42,0,10,2,72,,313505,42,0,10,1,30,,313524,42,0,10,1,67,,313492,42,0,10,2,22,,313488,42,0,10,2,18,,313506,42,0,10,1,70,,313525,42,0,10,1,30,,313493,42,0,10,2,71,,313507,42,0,10,1,32,,313526,42,0,10,1,75,,313494,42,0,10,2,70,,313508,42,0,10,1,26,,313515,42,0,10,1,26,,313527,42,0,10,2,65,,313495,42,0,10,2,24,,313509,42,0,10,1,64,,313516,42,0,10,1,23,,313528,42,0,10,2,22,,313496,42,0,10,2,63,,313510,42,0,10,1,23,,313517,42,0,10,1,63,,313529,42,0,10,2,19,,313497,42,0,10,2,21,,313511,42,0,10,1,70,,313518,42,0,10,1,29,,313498,42,0,10,2,67,,313512,42,0,10,1,29,,313519,42,0,10,1,69,,313499,42,0,10,2,29,,313513,42,0,10,1,69,,313520,42,0,10,1,30,,313500,42,0,10,2,70,,313514,42,0,10,1,31,,313521,42,0,10,1,74,,313501,42,0,10,2,30,,313522,42,0,10,1,72,,313502,42,0,10,2
9502,'H51S200F-80-F2',525,,313530,42,0,10,1,28,,313532,42,0,10,2,74,,313546,42,0,10,1,76,,313533,42,0,10,2,35,,313547,42,0,10,1,73,,313566,42,0,10,1,33,,313534,42,0,10,2,72,,313548,42,0,10,1,30,,313567,42,0,10,1,67,,313535,42,0,10,2,22,,313531,42,0,10,2,18,,313549,42,0,10,1,70,,313568,42,0,10,1,30,,313536,42,0,10,2,71,,313550,42,0,10,1,32,,313569,42,0,10,1,75,,313537,42,0,10,2,70,,313551,42,0,10,1,26,,313558,42,0,10,1,26,,313570,42,0,10,2,65,,313538,42,0,10,2,24,,313552,42,0,10,1,64,,313559,42,0,10,1,23,,313571,42,0,10,2,22,,313539,42,0,10,2,63,,313553,42,0,10,1,23,,313560,42,0,10,1,63,,313572,42,0,10,2,19,,313540,42,0,10,2,21,,313554,42,0,10,1,70,,313561,42,0,10,1,29,,313541,42,0,10,2,67,,313555,42,0,10,1,29,,313562,42,0,10,1,69,,313542,42,0,10,2,29,,313556,42,0,10,1,69,,313563,42,0,10,1,30,,313543,42,0,10,2,70,,313557,42,0,10,1,31,,313564,42,0,10,1,74,,313544,42,0,10,2,30,,313565,42,0,10,1,72,,313545,42,0,10,2
9502,'H54S000S-80-S',554,,313573,42,0,10,2
9502,'H58S000S-83-S',849,,313574,42,0,10,2
36103,'H51S000A-80-A',2530,,346560,30,0,8,1,9,,346548,30,0,8,1,10,,346538,30,0,8,1,10,,346569,30,0,8,2,45,,346546,30,0,8,1,6,,346555,30,0,8,1,5,,346566,30,0,8,2,5,,346541,30,0,8,2,4,,346558,30,0,8,1,6,,346550,30,0,8,1,7,,346552,30,0,8,1,9,,346544,30,0,8,1,5,,346543,30,0,8,1,5,,346562,30,0,8,1,46,,346540,30,0,8,1,5,,346565,30,0,8,2,5,,346539,30,0,8,1,3,,346561,30,0,8,2,3,,346554,30,0,8,1,3,,346571,30,0,8,2,4,,346570,30,0,8,2,4,,346547,30,0,8,1,4,,346556,30,0,8,1,3,,346549,30,0,8,1,5,,346567,30,0,8,2,6,,346559,30,0,8,1,6,,346551,30,0,8,1,6,,346553,30,0,8,1,44,,346542,30,0,8,2,9,,346545,30,0,8,1,10,,346563,30,0,8,1,10,,346568,30,0,8,2,11,,346564,30,0,8,2,14,,346557,30,0,8,1
36103,'H51S000I-80-I',2510,,346576,30,0,8,1,28,,346572,30,0,8,1,62,,346575,30,0,8,1,39,,346577,30,0,8,1,85,,346573,30,0,8,1,85,,346578,30,0,8,1,45,,346574,30,0,8,1
36103,'H51S000S-81-S',2510,,346584,30,0,8,1,23,,346593,30,0,8,2,16,,346594,24,0,8,2,1,,346588,30,0,8,1,57,,346582,30,0,8,1,13,,346592,30,0,8,1,13,,346579,30,0,8,1,17,,346590,30,0,8,1,50,,346585,30,0,8,1,11,,346581,30,0,8,1,8,,346586,30,0,8,1,7,,346580,30,0,8,1,13,,346589,30,0,8,1,8,,346583,30,0,8,1,63,,346591,30,0,8,1,45,,346587,30,0,8,1
36103,'H51S000S-81-SV',2517,,346602,30,0,8,2,9,,346601,30,0,8,2,15,,346600,30,0,8,2,18,,346597,30,0,8,2,55,,346599,30,0,8,2,12,,346598,30,0,8,2,14,,346603,30,0,8,2,92,,346596,30,0,8,2,23,,346595,30,0,8,2
36103,'H51S100F-80-F1',2510,,346608,30,0,8,1,28,,346604,30,0,8,1,62,,346605,30,0,8,1,39,,346609,30,0,8,1,85,,346606,30,0,8,1,85,,346610,30,0,8,1,45,,346607,30,0,8,1
36103,'H51S200F-80-F2',2510,,346615,30,0,8,1,28,,346611,30,0,8,1,62,,346612,30,0,8,1,39,,346616,30,0,8,1,85,,346613,30,0,8,1,85,,346617,30,0,8,1,45,,346614,30,0,8,1
