16102,'H50S000S-82-S',910,,328914,39,0,10,2,21,,328915,39,0,10,1
16102,'H51S000A-80-A',556,,328916,39,0,10,1,63,,328943,39,0,10,1,26,,328944,39,0,10,1,70,,328930,39,0,10,2,28,,328917,39,0,10,1,70,,328945,39,0,10,1,31,,328931,39,0,10,2,60,,328953,39,0,10,1,17,,328918,39,0,10,1,17,,328964,39,0,10,2,15,,328970,39,0,10,2,55,,328946,39,0,10,1,18,,328932,39,0,10,2,18,,328954,39,0,10,1,58,,328919,39,0,10,1,15,,328971,39,0,10,2,15,,328965,39,0,10,2,15,,328947,39,0,10,1,55,,328933,39,0,10,2,14,,328975,39,0,10,2,14,,328955,39,0,10,1,14,,328978,39,0,10,2,15,,328920,39,0,10,1,54,,328972,39,0,10,2,14,,328966,39,0,10,2,14,,328948,39,0,10,1,14,,328934,39,0,10,2,54,,328976,39,0,10,2,14,,328956,39,0,10,1,11,,328980,39,0,10,2,10,,328921,39,0,10,1,11,,328973,39,0,10,2,53,,328967,39,0,10,2,14,,328949,39,0,10,1,14,,328935,39,0,10,2,13,,328977,39,0,10,2,53,,328957,39,0,10,1,11,,328981,39,0,10,2,10,,328922,39,0,10,1,10,,328974,39,0,10,2,10,,328982,39,0,10,2,10,,328968,39,0,10,2,50,,328950,39,0,10,1,10,,328936,39,0,10,2,10,,328951,39,0,10,1,9,,328929,39,0,10,2,9,,328958,39,0,10,1,13,,328979,39,0,10,2,54,,328923,39,0,10,1,14,,328983,39,0,10,2,14,,328969,39,0,10,2,15,,328937,39,0,10,2,55,,328952,39,0,10,1,16,,328959,39,0,10,1,21,,328924,39,0,10,1,62,,328984,39,0,10,2,24,,328938,39,0,10,2,29,,328960,39,0,10,1,70,,328925,39,0,10,1,30,,328939,39,0,10,2,70,,328961,39,0,10,1,30,,328926,39,0,10,1,70,,328940,39,0,10,2,28,,328962,39,0,10,1,67,,328927,39,0,10,1,27,,328941,39,0,10,2,68,,328963,39,0,10,1,30,,328928,39,0,10,1,70,,328942,39,0,10,2
16102,'H51S000I-80-I',553,,328998,39,0,10,1,68,,329000,39,0,10,2,30,,328985,39,0,10,1,68,,328999,39,0,10,1,26,,329001,39,0,10,2,67,,328986,39,0,10,1,25,,329018,39,0,10,1,66,,329011,39,0,10,2,24,,329002,39,0,10,2,23,,328987,39,0,10,1,63,,329019,39,0,10,1,20,,329012,39,0,10,2,17,,329029,39,0,10,2,56,,329003,39,0,10,2,15,,328988,39,0,10,1,15,,329007,39,0,10,1,15,,329020,39,0,10,1,55,,329013,39,0,10,2,17,,329030,39,0,10,2,17,,329004,39,0,10,2,17,,328989,39,0,10,1,55,,329008,39,0,10,1,15,,329021,39,0,10,1,15,,329014,39,0,10,2,14,,329026,39,0,10,2,54,,329031,39,0,10,2,14,,329005,39,0,10,2,14,,328990,39,0,10,1,14,,329009,39,0,10,1,54,,329039,39,0,10,2,15,,329022,39,0,10,1,14,,329015,39,0,10,2,12,,329027,39,0,10,2,10,,329032,39,0,10,2,50,,329006,39,0,10,2,10,,328991,39,0,10,1,10,,329045,39,0,10,1,11,,329010,39,0,10,1,10,,329040,39,0,10,2,10,,329048,39,0,10,2,50,,329023,39,0,10,1,10,,329016,39,0,10,2,11,,329028,39,0,10,2,12,,329033,39,0,10,2,15,,328992,39,0,10,1,55,,329046,39,0,10,1,16,,329041,39,0,10,2,16,,329024,39,0,10,1,16,,329017,39,0,10,2,55,,329034,39,0,10,2,15,,328993,39,0,10,1,16,,329047,39,0,10,1,57,,329042,39,0,10,2,20,,329025,39,0,10,1,27,,329035,39,0,10,2,70,,328994,39,0,10,1,28,,329043,39,0,10,2,69,,329036,39,0,10,2,29,,328995,39,0,10,1,65,,329044,39,0,10,2,28,,329037,39,0,10,2,68,,329049,39,0,10,2,27,,328996,39,0,10,1,25,,329038,39,0,10,2,62,,329050,39,0,10,2,26,,328997,39,0,10,1
16102,'H51S000S-81-S',549,,329059,39,0,10,1,64,,329077,39,0,10,2,25,,329051,39,0,10,1,12,,329099,39,0,10,2,53,,329069,39,0,10,2,12,,329103,39,0,10,1,13,,329119,39,0,10,2,13,,329060,39,0,10,1,9,,329120,39,0,10,2,7,,329071,39,0,10,2,49,,329078,39,0,10,2,9,,329091,39,0,10,2,6,,329121,39,0,10,2,6,,329052,39,0,10,1,5,,329084,39,0,10,2,5,,329101,39,0,10,2,4,,329100,39,0,10,2,4,,329102,39,0,10,2,5,,329092,39,0,10,2,7,,329070,39,0,10,2,47,,329053,39,0,10,1,13,,329104,39,0,10,1,7,,329113,39,0,10,2,15,,329061,39,0,10,1,9,,329072,39,0,10,2,10,,329079,39,0,10,2,52,,329122,39,0,10,2,12,,329085,39,0,10,2,12,,329093,39,0,10,2,12,,329054,39,0,10,1,10,,329105,39,0,10,1,51,,329114,39,0,10,2,11,,329062,39,0,10,1,11,,329073,39,0,10,2,11,,329080,39,0,10,2,11,,329123,39,0,10,2,51,,329086,39,0,10,2,11,,329094,39,0,10,2,12,,329055,39,0,10,1,12,,329106,39,0,10,1,12,,329115,39,0,10,2,51,,329063,39,0,10,1,12,,329074,39,0,10,2,12,,329081,39,0,10,2,12,,329124,39,0,10,2,12,,329087,39,0,10,2,10,,329095,39,0,10,2,50,,329056,39,0,10,1,10,,329107,39,0,10,1,10,,329116,39,0,10,2,11,,329064,39,0,10,1,11,,329127,39,0,10,2,50,,329075,39,0,10,2,10,,329082,39,0,10,2,7,,329133,39,0,10,2,7,,329125,39,0,10,2,7,,329088,39,0,10,2,8,,329138,39,0,10,2,7,,329096,39,0,10,2,10,,329057,39,0,10,1,48,,329152,39,0,10,2,7,,329108,39,0,10,1,8,,329130,39,0,10,2,6,,329155,39,0,10,2,6,,329117,39,0,10,2,6,,329065,39,0,10,1,10,,329128,39,0,10,2,5,,329146,39,0,10,2,4,,329076,39,0,10,2,44,,329156,39,0,10,2,5,,329137,39,0,10,2,5,,329083,39,0,10,2,5,,329134,39,0,10,2,10,,329126,39,0,10,2,5,,329089,39,0,10,2,6,,329139,39,0,10,2,6,,329140,39,0,10,1,6,,329097,39,0,10,2,7,,329058,39,0,10,1,48,,329153,39,0,10,2,8,,329109,39,0,10,1,8,,329131,39,0,10,2,9,,329118,39,0,10,2,9,,329066,39,0,10,1,9,,329129,39,0,10,2,8,,329147,39,0,10,2,50,,329135,39,0,10,2,11,,329090,39,0,10,2,10,,329141,39,0,10,1,11,,329098,39,0,10,2,11,,329154,39,0,10,2,11,,329110,39,0,10,1,52,,329132,39,0,10,2,12,,329067,39,0,10,1,12,,329148,39,0,10,2,17,,329136,39,0,10,2,59,,329142,39,0,10,1,23,,329111,39,0,10,1,23,,329068,39,0,10,1,64,,329149,39,0,10,2,24,,329143,39,0,10,1,63,,329112,39,0,10,1,27,,329157,39,0,10,2,69,,329150,39,0,10,2,29,,329144,39,0,10,1,27,,329158,39,0,10,2,66,,329151,39,0,10,2,25,,329145,39,0,10,1
16102,'H51S100F-80-F1',553,,329159,39,0,10,1,68,,329176,39,0,10,2,30,,329163,39,0,10,1,68,,329160,39,0,10,1,26,,329177,39,0,10,2,67,,329164,39,0,10,1,25,,329213,39,0,10,1,66,,329196,39,0,10,2,24,,329178,39,0,10,2,23,,329165,39,0,10,1,63,,329214,39,0,10,1,20,,329197,39,0,10,2,17,,329186,39,0,10,2,56,,329179,39,0,10,2,15,,329166,39,0,10,1,15,,329209,39,0,10,1,15,,329215,39,0,10,1,55,,329198,39,0,10,2,17,,329187,39,0,10,2,17,,329180,39,0,10,2,17,,329167,39,0,10,1,55,,329210,39,0,10,1,15,,329216,39,0,10,1,15,,329199,39,0,10,2,14,,329183,39,0,10,2,54,,329188,39,0,10,2,14,,329181,39,0,10,2,14,,329168,39,0,10,1,14,,329211,39,0,10,1,54,,329203,39,0,10,2,15,,329217,39,0,10,1,14,,329200,39,0,10,2,12,,329184,39,0,10,2,10,,329189,39,0,10,2,50,,329182,39,0,10,2,10,,329169,39,0,10,1,10,,329222,39,0,10,1,11,,329212,39,0,10,1,10,,329204,39,0,10,2,10,,329221,39,0,10,2,50,,329218,39,0,10,1,10,,329201,39,0,10,2,11,,329185,39,0,10,2,12,,329190,39,0,10,2,15,,329170,39,0,10,1,55,,329223,39,0,10,1,16,,329205,39,0,10,2,16,,329219,39,0,10,1,16,,329202,39,0,10,2,55,,329191,39,0,10,2,15,,329171,39,0,10,1,16,,329224,39,0,10,1,57,,329206,39,0,10,2,20,,329220,39,0,10,1,27,,329192,39,0,10,2,70,,329172,39,0,10,1,28,,329207,39,0,10,2,69,,329193,39,0,10,2,29,,329173,39,0,10,1,65,,329208,39,0,10,2,28,,329194,39,0,10,2,68,,329161,39,0,10,2,27,,329174,39,0,10,1,25,,329195,39,0,10,2,62,,329162,39,0,10,2,26,,329175,39,0,10,1
16102,'H51S200F-80-F2',553,,329225,39,0,10,1,68,,329242,39,0,10,2,30,,329229,39,0,10,1,68,,329226,39,0,10,1,26,,329243,39,0,10,2,67,,329230,39,0,10,1,25,,329279,39,0,10,1,66,,329262,39,0,10,2,24,,329244,39,0,10,2,23,,329231,39,0,10,1,63,,329280,39,0,10,1,20,,329263,39,0,10,2,17,,329252,39,0,10,2,56,,329245,39,0,10,2,15,,329232,39,0,10,1,15,,329275,39,0,10,1,15,,329281,39,0,10,1,55,,329264,39,0,10,2,17,,329253,39,0,10,2,17,,329246,39,0,10,2,17,,329233,39,0,10,1,55,,329276,39,0,10,1,15,,329282,39,0,10,1,15,,329265,39,0,10,2,14,,329249,39,0,10,2,54,,329254,39,0,10,2,14,,329247,39,0,10,2,14,,329234,39,0,10,1,14,,329277,39,0,10,1,54,,329269,39,0,10,2,15,,329283,39,0,10,1,14,,329266,39,0,10,2,12,,329250,39,0,10,2,10,,329255,39,0,10,2,50,,329248,39,0,10,2,10,,329235,39,0,10,1,10,,329288,39,0,10,1,11,,329278,39,0,10,1,10,,329270,39,0,10,2,10,,329287,39,0,10,2,50,,329284,39,0,10,1,10,,329267,39,0,10,2,11,,329251,39,0,10,2,12,,329256,39,0,10,2,15,,329236,39,0,10,1,55,,329289,39,0,10,1,16,,329271,39,0,10,2,16,,329285,39,0,10,1,16,,329268,39,0,10,2,55,,329257,39,0,10,2,15,,329237,39,0,10,1,16,,329290,39,0,10,1,57,,329272,39,0,10,2,20,,329286,39,0,10,1,27,,329258,39,0,10,2,70,,329238,39,0,10,1,28,,329273,39,0,10,2,69,,329259,39,0,10,2,29,,329239,39,0,10,1,65,,329274,39,0,10,2,28,,329260,39,0,10,2,68,,329227,39,0,10,2,27,,329240,39,0,10,1,25,,329261,39,0,10,2,62,,329228,39,0,10,2,26,,329241,39,0,10,1
16102,'H57S000S-80-S',1642,,329291,39,0,10,1
16102,'H59S000S-80-S',1720,,329292,39,0,10,2
37002,'H51S000A-80-A',2642,,347054,82,0,10,1,87,,347053,82,0,10,2,81,,347051,82,0,10,1,44,,347052,82,0,10,2,85,,347055,82,0,10,1
37002,'H51S000I-80-I',2552,,347060,82,0,10,1,85,,347056,82,0,10,1,85,,347058,82,0,10,2,85,,347061,82,0,10,1,48,,347057,82,0,10,1,89,,347059,82,0,10,2
37002,'H51S000S-81-S',2553,,347064,82,0,10,1,85,,347062,82,0,10,1,85,,347066,82,0,10,2,85,,347065,82,0,10,1,47,,347063,82,0,10,1,89,,347067,82,0,10,2
37002,'H51S100F-80-F1',2552,,347072,82,0,10,1,85,,347068,82,0,10,1,85,,347070,82,0,10,2,85,,347073,82,0,10,1,48,,347069,82,0,10,1,89,,347071,82,0,10,2
37002,'H51S200F-80-F2',2552,,347078,82,0,10,1,85,,347074,82,0,10,1,85,,347076,82,0,10,2,85,,347079,82,0,10,1,48,,347075,82,0,10,1,89,,347077,82,0,10,2
