7902,'H58S000A-80-A',521,,309452,36,0,10,2,33,,309461,36,0,10,2,62,,309449,36,0,10,1,30,,309453,36,0,10,2,65,,309466,36,0,10,2,20,,309454,36,0,10,1,74,,309459,36,0,10,2,34,,309462,36,0,10,2,73,,309450,36,0,10,1,33,,309484,36,0,10,2,73,,309463,36,0,10,2,30,,309455,36,0,10,1,70,,309460,36,0,10,2,30,,309467,36,0,10,2,70,,309451,36,0,10,1,30,,309485,36,0,10,2,70,,309464,36,0,10,2,30,,309456,36,0,10,1,73,,309486,36,0,10,2,33,,309468,36,0,10,2,73,,309457,36,0,10,1,21,,309490,36,0,10,2,70,,309465,36,0,10,2,30,,309480,36,0,10,1,70,,309487,36,0,10,2,30,,309469,36,0,10,2,73,,309458,36,0,10,1,30,,309472,36,0,10,1,70,,309478,36,0,10,1,30,,309481,36,0,10,1,69,,309473,36,0,10,1,29,,309470,36,0,10,2,69,,309488,36,0,10,1,30,,309475,36,0,10,2,70,,309479,36,0,10,1,30,,309489,36,0,10,1,69,,309476,36,0,10,2,30,,309471,36,0,10,2,70,,309482,36,0,10,1,30,,309477,36,0,10,2,70,,309474,36,0,10,1,35,,309483,36,0,10,1
7902,'H58S000I-80-I',519,,309494,36,0,10,1,34,,309513,36,0,10,2,63,,309491,36,0,10,1,30,,309495,36,0,10,1,65,,309497,36,0,10,2,20,,309501,36,0,10,1,73,,309517,36,0,10,1,34,,309493,36,0,10,2,73,,309492,36,0,10,1,33,,309496,36,0,10,1,74,,309498,36,0,10,2,30,,309502,36,0,10,1,70,,309518,36,0,10,1,30,,309499,36,0,10,2,70,,309522,36,0,10,2,30,,309519,36,0,10,1,70,,309507,36,0,10,2,30,,309503,36,0,10,1,73,,309524,36,0,10,2,33,,309500,36,0,10,2,73,,309523,36,0,10,2,21,,309521,36,0,10,1,70,,309508,36,0,10,2,30,,309504,36,0,10,1,70,,309525,36,0,10,2,30,,309509,36,0,10,2,70,,309505,36,0,10,1,30,,309526,36,0,10,2,70,,309510,36,0,10,2,30,,309506,36,0,10,1,70,,309520,36,0,10,1,30,,309511,36,0,10,2,70,,309527,36,0,10,2,30,,309514,36,0,10,1,69,,309512,36,0,10,2,30,,309528,36,0,10,2,70,,309515,36,0,10,1,30,,309530,36,0,10,2,70,,309529,36,0,10,2,33,,309516,36,0,10,1,73,,309531,36,0,10,2
7902,'H58S000S-83-S',518,,309537,36,0,10,2,35,,309542,36,0,10,1,70,,309545,36,0,10,2,25,,309539,36,0,10,2,62,,309538,36,0,10,2,18,,309533,36,0,10,1,13,,309544,36,0,10,2,9,,309578,36,0,10,2,9,,309546,36,0,10,2,53,,309532,36,0,10,2,15,,309549,36,0,10,1,15,,309562,36,0,10,2,15,,309540,36,0,10,2,66,,309534,36,0,10,1,30,,309547,36,0,10,2,70,,309565,36,0,10,1,30,,309541,36,0,10,2,70,,309563,36,0,10,1,30,,309535,36,0,10,1,70,,309548,36,0,10,2,30,,309566,36,0,10,1,70,,309564,36,0,10,1,30,,309556,36,0,10,1,70,,309536,36,0,10,1,31,,309570,36,0,10,2,55,,309579,36,0,10,2,19,,309572,36,0,10,2,19,,309557,36,0,10,1,10,,309580,36,0,10,2,50,,309550,36,0,10,1,19,,309576,36,0,10,2,15,,309581,36,0,10,2,15,,309571,36,0,10,2,55,,309582,36,0,10,2,15,,309551,36,0,10,1,15,,309583,36,0,10,2,15,,309543,36,0,10,1,55,,309584,36,0,10,2,15,,309577,36,0,10,2,30,,309558,36,0,10,2,69,,309552,36,0,10,1,30,,309567,36,0,10,1,65,,309573,36,0,10,1,30,,309559,36,0,10,2,70,,309553,36,0,10,1,28,,309568,36,0,10,1,70,,309574,36,0,10,1,30,,309560,36,0,10,2,70,,309554,36,0,10,1,30,,309569,36,0,10,1,70,,309575,36,0,10,1,30,,309561,36,0,10,2,70,,309555,36,0,10,1
7902,'H58S100F-80-F1',519,,309595,36,0,10,2,34,,309605,36,0,10,1,63,,309586,36,0,10,1,30,,309596,36,0,10,2,65,,309606,36,0,10,1,20,,309597,36,0,10,1,73,,309599,36,0,10,2,34,,309613,36,0,10,1,73,,309587,36,0,10,1,33,,309585,36,0,10,1,74,,309614,36,0,10,1,30,,309588,36,0,10,1,70,,309600,36,0,10,2,30,,309607,36,0,10,1,70,,309589,36,0,10,1,30,,309615,36,0,10,1,70,,309603,36,0,10,2,30,,309590,36,0,10,1,73,,309601,36,0,10,2,33,,309608,36,0,10,1,73,,309620,36,0,10,1,21,,309616,36,0,10,1,70,,309604,36,0,10,2,30,,309591,36,0,10,1,70,,309602,36,0,10,2,30,,309609,36,0,10,1,70,,309621,36,0,10,1,30,,309598,36,0,10,2,70,,309610,36,0,10,1,30,,309622,36,0,10,1,70,,309617,36,0,10,1,30,,309611,36,0,10,1,70,,309623,36,0,10,2,30,,309592,36,0,10,1,69,,309612,36,0,10,1,30,,309624,36,0,10,2,70,,309593,36,0,10,1,30,,309618,36,0,10,1,70,,309625,36,0,10,2,33,,309594,36,0,10,1,73,,309619,36,0,10,1
7902,'H58S200F-80-F2',519,,309626,36,0,10,2,34,,309643,36,0,10,1,63,,309644,36,0,10,1,30,,309627,36,0,10,2,65,,309654,36,0,10,1,20,,309635,36,0,10,1,73,,309650,36,0,10,2,34,,309639,36,0,10,1,73,,309645,36,0,10,1,33,,309637,36,0,10,1,74,,309640,36,0,10,1,30,,309646,36,0,10,1,70,,309651,36,0,10,2,30,,309655,36,0,10,1,70,,309647,36,0,10,1,30,,309628,36,0,10,1,70,,309633,36,0,10,2,30,,309648,36,0,10,1,73,,309652,36,0,10,2,33,,309656,36,0,10,1,73,,309661,36,0,10,1,21,,309629,36,0,10,1,70,,309634,36,0,10,2,30,,309649,36,0,10,1,70,,309653,36,0,10,2,30,,309657,36,0,10,1,70,,309662,36,0,10,1,30,,309638,36,0,10,2,70,,309658,36,0,10,1,30,,309663,36,0,10,1,70,,309636,36,0,10,1,30,,309659,36,0,10,1,70,,309664,36,0,10,2,30,,309630,36,0,10,1,69,,309660,36,0,10,1,30,,309665,36,0,10,2,70,,309631,36,0,10,1,30,,309641,36,0,10,1,70,,309666,36,0,10,2,33,,309632,36,0,10,1,73,,309642,36,0,10,1
38202,'H60S000A-80-A',2610,,347374,39,0,10,1,45,,347376,39,0,10,1,85,,347373,39,0,10,1,85,,347375,39,0,10,1
38202,'H60S000I-81-I',2610,,347379,39,0,10,1,45,,347378,39,0,10,1,84,,347377,39,0,10,1,85,,347380,39,0,10,1
38202,'H60S000S-83-S',2611,,347381,39,0,10,2,45,,347384,39,0,10,1,84,,347382,39,0,10,1,85,,347383,39,0,10,1
38202,'H60S100F-80-F1',2610,,347387,39,0,10,1,45,,347385,39,0,10,1,84,,347386,39,0,10,2,85,,347388,39,0,10,1
38202,'H60S200F-80-F2',2610,,347391,39,0,10,1,45,,347389,39,0,10,1,84,,347390,39,0,10,2,85,,347392,39,0,10,1
