5503,'H50S000S-82-S',550,,302644,27,0,8,1,784,,302645,27,0,8,2
5503,'H57S000S-80-S',1445,,302646,27,0,8,1
5503,'H58S000A-80-A',522,,302649,27,0,8,2,28,,302666,27,0,8,1,70,,302662,27,0,8,1,30,,302670,27,0,8,1,70,,302652,27,0,8,1,33,,302687,27,0,8,1,70,,302674,27,0,8,2,32,,302682,27,0,8,1,73,,302653,27,0,8,1,31,,302688,27,0,8,1,74,,302675,27,0,8,2,71,,302683,27,0,8,1,22,,302703,27,0,8,1,14,,302654,27,0,8,1,14,,302706,27,0,8,1,53,,302693,27,0,8,1,16,,302689,27,0,8,1,14,,302709,27,0,8,2,13,,302696,27,0,8,1,53,,302658,27,0,8,1,11,,302717,27,0,8,2,10,,302684,27,0,8,1,11,,302677,27,0,8,1,9,,302720,27,0,8,2,9,,302704,27,0,8,1,48,,302726,27,0,8,1,9,,302655,27,0,8,1,8,,302707,27,0,8,1,9,,302694,27,0,8,1,8,,302733,27,0,8,2,8,,302667,27,0,8,1,8,,302690,27,0,8,1,8,,302710,27,0,8,2,49,,302713,27,0,8,1,8,,302735,27,0,8,2,8,,302697,27,0,8,1,8,,302659,27,0,8,1,9,,302718,27,0,8,2,9,,302685,27,0,8,1,9,,302678,27,0,8,1,47,,302708,27,0,8,1,7,,302721,27,0,8,2,7,,302705,27,0,8,1,8,,302727,27,0,8,1,10,,302656,27,0,8,1,8,,302695,27,0,8,1,7,,302663,27,0,8,1,47,,302734,27,0,8,2,7,,302668,27,0,8,1,7,,302691,27,0,8,1,8,,302701,27,0,8,1,6,,302711,27,0,8,2,6,,302686,27,0,8,1,5,,302714,27,0,8,1,6,,302698,27,0,8,1,6,,302676,27,0,8,1,6,,302660,27,0,8,1,46,,302719,27,0,8,2,5,,302736,27,0,8,1,8,,302679,27,0,8,1,8,,302680,27,0,8,1,9,,302722,27,0,8,2,8,,302723,27,0,8,1,8,,302728,27,0,8,1,9,,302672,27,0,8,1,50,,302657,27,0,8,1,10,,302664,27,0,8,1,8,,302699,27,0,8,1,8,,302692,27,0,8,1,8,,302712,27,0,8,2,9,,302665,27,0,8,1,50,,302715,27,0,8,1,9,,302661,27,0,8,1,8,,302737,27,0,8,1,10,,302729,27,0,8,1,11,,302681,27,0,8,1,12,,302724,27,0,8,1,52,,302673,27,0,8,1,12,,302671,27,0,8,2,12,,302650,27,0,8,1,12,,302700,27,0,8,1,13,,302738,27,0,8,1,53,,302716,27,0,8,1,12,,302731,27,0,8,1,14,,302730,27,0,8,1,14,,302647,27,0,8,2,14,,302725,27,0,8,1,53,,302669,27,0,8,1,14,,302651,27,0,8,1,14,,302702,27,0,8,2,18,,302739,27,0,8,1,61,,302732,27,0,8,1,26,,302648,27,0,8,2
5503,'H58S000I-80-I',524,,302741,27,0,8,1,32,,302753,27,0,8,1,72,,302745,27,0,8,1,73,,302765,27,0,8,2,30,,302767,27,0,8,1,69,,302754,27,0,8,1,27,,302746,27,0,8,1,28,,302760,27,0,8,1,70,,302768,27,0,8,1,30,,302755,27,0,8,1,70,,302780,27,0,8,1,21,,302747,27,0,8,1,64,,302761,27,0,8,1,23,,302769,27,0,8,1,18,,302773,27,0,8,1,59,,302756,27,0,8,1,17,,302787,27,0,8,1,16,,302781,27,0,8,1,14,,302742,27,0,8,2,53,,302748,27,0,8,1,13,,302762,27,0,8,1,12,,302790,27,0,8,1,10,,302785,27,0,8,2,10,,302770,27,0,8,1,50,,302792,27,0,8,1,10,,302774,27,0,8,1,10,,302757,27,0,8,1,10,,302798,27,0,8,1,10,,302788,27,0,8,1,10,,302784,27,0,8,1,50,,302782,27,0,8,1,10,,302743,27,0,8,2,10,,302749,27,0,8,1,9,,302771,27,0,8,1,8,,302763,27,0,8,1,8,,302800,27,0,8,2,8,,302791,27,0,8,1,49,,302775,27,0,8,1,8,,302786,27,0,8,2,8,,302793,27,0,8,1,7,,302801,27,0,8,2,8,,302758,27,0,8,1,8,,302766,27,0,8,2,8,,302799,27,0,8,1,48,,302744,27,0,8,2,8,,302789,27,0,8,1,7,,302805,27,0,8,1,7,,302783,27,0,8,1,10,,302809,27,0,8,2,10,,302750,27,0,8,1,8,,302772,27,0,8,1,49,,302764,27,0,8,1,11,,302740,27,0,8,1,9,,302776,27,0,8,1,9,,302752,27,0,8,1,10,,302794,27,0,8,1,13,,302797,27,0,8,2,52,,302759,27,0,8,1,13,,302802,27,0,8,2,19,,302806,27,0,8,1,21,,302751,27,0,8,1,63,,302777,27,0,8,1,25,,302795,27,0,8,1,68,,302803,27,0,8,2,30,,302807,27,0,8,1,69,,302778,27,0,8,1,30,,302796,27,0,8,1,70,,302804,27,0,8,2,27,,302808,27,0,8,1,69,,302779,27,0,8,1
5503,'H58S000S-83-S',528,,302816,27,0,8,1,89,,302817,27,0,8,1,29,,302834,27,0,8,1,82,,302815,27,0,8,1,14,,302842,27,0,8,1,14,,302823,27,0,8,1,53,,302851,27,0,8,1,17,,302833,27,0,8,2,13,,302818,27,0,8,1,13,,302811,27,0,8,1,54,,302841,27,0,8,1,15,,302835,27,0,8,1,17,,302843,27,0,8,1,20,,302847,27,0,8,1,60,,302824,27,0,8,1,20,,302852,27,0,8,1,19,,302819,27,0,8,1,58,,302812,27,0,8,1,21,,302836,27,0,8,1,20,,302844,27,0,8,1,59,,302848,27,0,8,1,20,,302825,27,0,8,1,18,,302856,27,0,8,1,55,,302853,27,0,8,1,13,,302820,27,0,8,1,26,,302813,27,0,8,1,53,,302837,27,0,8,1,13,,302860,27,0,8,2,11,,302845,27,0,8,1,11,,302861,27,0,8,1,21,,302849,27,0,8,1,51,,302826,27,0,8,1,10,,302863,27,0,8,1,10,,302857,27,0,8,1,10,,302864,27,0,8,1,10,,302840,27,0,8,2,9,,302821,27,0,8,1,49,,302873,27,0,8,2,9,,302814,27,0,8,1,10,,302877,27,0,8,2,10,,302838,27,0,8,1,10,,302885,27,0,8,2,11,,302846,27,0,8,1,50,,302876,27,0,8,2,10,,302878,27,0,8,1,10,,302862,27,0,8,1,8,,302850,27,0,8,1,8,,302884,27,0,8,1,5,,302827,27,0,8,1,7,,302868,27,0,8,1,48,,302858,27,0,8,1,8,,302810,27,0,8,1,8,,302865,27,0,8,1,8,,302875,27,0,8,2,9,,302822,27,0,8,1,9,,302882,27,0,8,2,9,,302859,27,0,8,1,48,,302874,27,0,8,2,9,,302886,27,0,8,1,10,,302831,27,0,8,1,12,,302870,27,0,8,2,11,,302879,27,0,8,1,14,,302839,27,0,8,1,54,,302828,27,0,8,1,13,,302869,27,0,8,2,14,,302866,27,0,8,1,14,,302883,27,0,8,2,59,,302871,27,0,8,1,20,,302832,27,0,8,1,20,,302880,27,0,8,1,62,,302854,27,0,8,1,19,,302829,27,0,8,1,19,,302867,27,0,8,1,59,,302830,27,0,8,2,16,,302872,27,0,8,1,23,,302881,27,0,8,1,65,,302855,27,0,8,1
5503,'H58S100F-80-F1',524,,302887,27,0,8,1,32,,302901,27,0,8,1,72,,302897,27,0,8,1,73,,302910,27,0,8,1,30,,302888,27,0,8,1,69,,302902,27,0,8,1,27,,302914,27,0,8,1,28,,302911,27,0,8,1,70,,302889,27,0,8,1,30,,302903,27,0,8,1,70,,302912,27,0,8,1,21,,302915,27,0,8,1,64,,302923,27,0,8,1,23,,302890,27,0,8,1,18,,302927,27,0,8,2,59,,302904,27,0,8,1,17,,302929,27,0,8,1,16,,302913,27,0,8,1,14,,302895,27,0,8,1,53,,302916,27,0,8,1,13,,302924,27,0,8,1,12,,302931,27,0,8,1,10,,302900,27,0,8,1,10,,302891,27,0,8,1,50,,302933,27,0,8,1,10,,302928,27,0,8,2,10,,302905,27,0,8,1,10,,302939,27,0,8,1,10,,302930,27,0,8,1,10,,302920,27,0,8,1,50,,302893,27,0,8,1,10,,302896,27,0,8,1,10,,302917,27,0,8,1,9,,302941,27,0,8,2,8,,302925,27,0,8,1,8,,302942,27,0,8,1,8,,302932,27,0,8,1,49,,302943,27,0,8,1,8,,302892,27,0,8,1,8,,302934,27,0,8,1,7,,302948,27,0,8,2,8,,302906,27,0,8,1,8,,302949,27,0,8,2,8,,302940,27,0,8,1,48,,302951,27,0,8,2,8,,302921,27,0,8,1,7,,302952,27,0,8,1,7,,302894,27,0,8,1,10,,302956,27,0,8,2,10,,302918,27,0,8,1,8,,302938,27,0,8,2,49,,302926,27,0,8,1,11,,302898,27,0,8,1,9,,302944,27,0,8,1,9,,302922,27,0,8,1,10,,302935,27,0,8,1,13,,302899,27,0,8,1,52,,302950,27,0,8,2,13,,302907,27,0,8,1,19,,302953,27,0,8,1,21,,302919,27,0,8,1,63,,302945,27,0,8,1,25,,302936,27,0,8,1,68,,302908,27,0,8,1,30,,302954,27,0,8,1,69,,302946,27,0,8,1,30,,302937,27,0,8,1,70,,302909,27,0,8,1,27,,302955,27,0,8,1,69,,302947,27,0,8,1
5503,'H58S200F-80-F2',524,,302992,27,0,8,1,32,,302998,27,0,8,1,72,,303023,27,0,8,1,73,,303004,27,0,8,1,30,,302993,27,0,8,1,69,,302999,27,0,8,1,27,,303008,27,0,8,1,28,,303005,27,0,8,1,70,,302994,27,0,8,1,30,,303000,27,0,8,1,70,,303006,27,0,8,1,21,,303009,27,0,8,1,64,,303014,27,0,8,1,23,,302995,27,0,8,1,18,,302957,27,0,8,2,59,,303001,27,0,8,1,17,,302959,27,0,8,1,16,,303007,27,0,8,1,14,,302974,27,0,8,1,53,,303010,27,0,8,1,13,,303015,27,0,8,1,12,,303018,27,0,8,1,10,,303024,27,0,8,1,10,,302996,27,0,8,1,50,,302978,27,0,8,1,10,,302958,27,0,8,2,10,,303002,27,0,8,1,10,,302976,27,0,8,1,10,,302960,27,0,8,1,10,,302966,27,0,8,1,50,,302972,27,0,8,1,10,,302975,27,0,8,1,10,,303011,27,0,8,1,9,,303025,27,0,8,2,8,,303016,27,0,8,1,8,,302970,27,0,8,1,8,,303019,27,0,8,1,49,,302983,27,0,8,1,8,,302997,27,0,8,1,8,,302979,27,0,8,1,7,,303022,27,0,8,2,8,,303003,27,0,8,1,8,,303020,27,0,8,2,8,,302977,27,0,8,1,48,,302971,27,0,8,2,8,,302967,27,0,8,1,7,,302988,27,0,8,1,7,,302973,27,0,8,1,10,,302961,27,0,8,2,10,,303012,27,0,8,1,8,,303026,27,0,8,2,49,,303017,27,0,8,1,11,,302962,27,0,8,1,9,,302984,27,0,8,1,9,,302968,27,0,8,1,10,,302980,27,0,8,1,13,,302969,27,0,8,1,52,,303021,27,0,8,2,13,,302963,27,0,8,1,19,,302989,27,0,8,1,21,,303013,27,0,8,1,63,,302985,27,0,8,1,25,,302981,27,0,8,1,68,,302964,27,0,8,1,30,,302990,27,0,8,1,69,,302986,27,0,8,1,30,,302982,27,0,8,1,70,,302965,27,0,8,1,27,,302991,27,0,8,1,69,,302987,27,0,8,1
5503,'H60S000S-83-S',719,,303027,27,0,8,1
36303,'H51S000A-80-A',2502,,346717,29,0,8,1,25,,346705,29,0,8,2,22,,346710,29,0,8,1,57,,346706,29,0,8,1,9,,346708,29,0,8,1,9,,346713,29,0,8,1,9,,346714,29,0,8,1,9,,346721,29,0,8,2,10,,346720,29,0,8,2,50,,346718,29,0,8,1,9,,346709,29,0,8,1,9,,346711,29,0,8,1,9,,346719,29,0,8,1,8,,346716,29,0,8,1,10,,346707,29,0,8,1,12,,346715,29,0,8,1,60,,346722,29,0,8,2,24,,346712,29,0,8,1,67,,346723,29,0,8,2
36303,'H51S000I-80-I',2434,,346727,29,0,8,2,87,,346724,29,0,8,1,85,,346728,29,0,8,2,44,,346725,29,0,8,1,85,,346729,29,0,8,2,85,,346726,29,0,8,1,85,,346730,29,0,8,2
36303,'H51S000S-81-S',2435,,346734,29,0,8,2,87,,346731,29,0,8,1,86,,346735,29,0,8,2,43,,346732,29,0,8,1,84,,346736,29,0,8,2,83,,346733,29,0,8,1,86,,346737,29,0,8,2
36303,'H51S000S-81-SV',2636,,346738,29,0,8,2,69,,346739,29,0,8,2,14,,346740,29,0,8,2
36303,'H51S100F-80-F1',2434,,346744,29,0,8,2,87,,346743,29,0,8,1,85,,346745,29,0,8,2,44,,346741,29,0,8,1,85,,346746,29,0,8,2,85,,346742,29,0,8,1,85,,346747,29,0,8,2
36303,'H51S200F-80-F2',2434,,346751,29,0,8,2,87,,346750,29,0,8,1,85,,346752,29,0,8,2,44,,346748,29,0,8,1,85,,346753,29,0,8,2,85,,346749,29,0,8,1,85,,346754,29,0,8,2
