6101,'H56S000A-80-A',540,,304135,1,0,5,1,73,,304156,1,0,5,1,33,,304146,1,0,5,2,72,,304136,1,0,5,1,32,,304157,1,0,5,1,72,,304147,1,0,5,2,33,,304137,1,0,5,1,67,,304166,1,0,5,1,27,,304158,1,0,5,1,67,,304148,1,0,5,2,28,,304138,1,0,5,1,69,,304167,1,0,5,1,29,,304159,1,0,5,1,69,,304149,1,0,5,2,29,,304139,1,0,5,1,71,,304168,1,0,5,1,30,,304160,1,0,5,1,70,,304150,1,0,5,2,30,,304140,1,0,5,1,73,,304169,1,0,5,1,30,,304161,1,0,5,1,70,,304151,1,0,5,2,33,,304141,1,0,5,1,72,,304170,1,0,5,1,31,,304162,1,0,5,1,70,,304152,1,0,5,2,31,,304142,1,0,5,1,70,,304171,1,0,5,1,28,,304163,1,0,5,1,68,,304153,1,0,5,2,28,,304143,1,0,5,1,68,,304172,1,0,5,1,27,,304164,1,0,5,1,68,,304154,1,0,5,2,29,,304144,1,0,5,1,70,,304173,1,0,5,2,30,,304165,1,0,5,1,70,,304155,1,0,5,2,30,,304145,1,0,5,1,73,,304174,1,0,5,2
6101,'H56S000I-80-I',540,,304175,1,0,5,1,72,,304196,1,0,5,2,33,,304186,1,0,5,2,73,,304176,1,0,5,1,31,,304197,1,0,5,2,70,,304187,1,0,5,2,32,,304177,1,0,5,1,72,,304198,1,0,5,2,28,,304206,1,0,5,1,67,,304188,1,0,5,2,27,,304178,1,0,5,1,69,,304199,1,0,5,2,29,,304207,1,0,5,1,69,,304189,1,0,5,2,29,,304179,1,0,5,1,70,,304200,1,0,5,2,30,,304208,1,0,5,1,70,,304190,1,0,5,2,30,,304180,1,0,5,1,70,,304201,1,0,5,2,31,,304209,1,0,5,1,70,,304191,1,0,5,2,30,,304181,1,0,5,1,70,,304202,1,0,5,2,30,,304210,1,0,5,1,70,,304192,1,0,5,2,30,,304182,1,0,5,1,70,,304203,1,0,5,2,30,,304211,1,0,5,1,69,,304193,1,0,5,2,29,,304183,1,0,5,1,69,,304204,1,0,5,2,29,,304212,1,0,5,1,70,,304194,1,0,5,2,30,,304184,1,0,5,1,70,,304205,1,0,5,2,30,,304213,1,0,5,1,70,,304195,1,0,5,2,31,,304185,1,0,5,1
6101,'H56S000S-82-S',513,,304214,1,0,5,2,16,,304274,1,0,5,1,73,,304276,1,0,5,1,24,,304217,1,0,5,1,27,,304235,1,0,5,2,71,,304247,1,0,5,2,33,,304246,1,0,5,1,72,,304237,1,0,5,1,71,,304249,1,0,5,2,28,,304230,1,0,5,2,28,,304242,1,0,5,1,70,,304220,1,0,5,1,31,,304238,1,0,5,1,71,,304223,1,0,5,1,30,,304231,1,0,5,1,70,,304243,1,0,5,1,30,,304221,1,0,5,1,71,,304239,1,0,5,1,71,,304224,1,0,5,1,32,,304232,1,0,5,1,70,,304244,1,0,5,1,33,,304258,1,0,5,1,71,,304250,1,0,5,2,31,,304225,1,0,5,1,71,,304233,1,0,5,1,33,,304245,1,0,5,1,65,,304259,1,0,5,1,28,,304251,1,0,5,2,67,,304226,1,0,5,1,23,,304266,1,0,5,2,23,,304257,1,0,5,2,64,,304260,1,0,5,1,27,,304252,1,0,5,2,69,,304227,1,0,5,1,29,,304267,1,0,5,2,70,,304261,1,0,5,1,30,,304253,1,0,5,2,69,,304228,1,0,5,1,28,,304268,1,0,5,2,70,,304262,1,0,5,1,30,,304254,1,0,5,2
6101,'H56S100F-80-F1',540,,304277,1,0,5,1,72,,304298,1,0,5,2,33,,304288,1,0,5,2,73,,304278,1,0,5,1,31,,304299,1,0,5,2,70,,304289,1,0,5,2,32,,304279,1,0,5,1,72,,304300,1,0,5,2,28,,304308,1,0,5,1,67,,304290,1,0,5,2,27,,304280,1,0,5,1,69,,304301,1,0,5,2,29,,304309,1,0,5,1,69,,304291,1,0,5,2,29,,304281,1,0,5,1,70,,304302,1,0,5,2,30,,304310,1,0,5,1,70,,304292,1,0,5,2,30,,304282,1,0,5,1,70,,304303,1,0,5,2,31,,304311,1,0,5,1,70,,304293,1,0,5,2,30,,304283,1,0,5,1,70,,304304,1,0,5,2,30,,304312,1,0,5,1,70,,304294,1,0,5,2,30,,304284,1,0,5,1,70,,304305,1,0,5,2,30,,304313,1,0,5,1,69,,304295,1,0,5,2,29,,304285,1,0,5,1,69,,304306,1,0,5,2,29,,304314,1,0,5,1,70,,304296,1,0,5,2,30,,304286,1,0,5,1,70,,304307,1,0,5,2,30,,304315,1,0,5,1,70,,304297,1,0,5,2,31,,304287,1,0,5,1
6101,'H56S200F-80-F2',540,,304316,1,0,5,1,72,,304337,1,0,5,2,33,,304327,1,0,5,2,73,,304317,1,0,5,1,31,,304338,1,0,5,2,70,,304328,1,0,5,2,32,,304318,1,0,5,1,72,,304339,1,0,5,2,28,,304347,1,0,5,1,67,,304329,1,0,5,2,27,,304319,1,0,5,1,69,,304340,1,0,5,2,29,,304348,1,0,5,1,69,,304330,1,0,5,2,29,,304320,1,0,5,1,70,,304341,1,0,5,2,30,,304349,1,0,5,1,70,,304331,1,0,5,2,30,,304321,1,0,5,1,70,,304342,1,0,5,2,31,,304350,1,0,5,1,70,,304332,1,0,5,2,30,,304322,1,0,5,1,70,,304343,1,0,5,2,30,,304351,1,0,5,1,70,,304333,1,0,5,2,30,,304323,1,0,5,1,70,,304344,1,0,5,2,30,,304352,1,0,5,1,69,,304334,1,0,5,2,29,,304324,1,0,5,1,69,,304345,1,0,5,2,29,,304353,1,0,5,1,70,,304335,1,0,5,2,30,,304325,1,0,5,1,70,,304346,1,0,5,2,30,,304354,1,0,5,1,70,,304336,1,0,5,2,31,,304326,1,0,5,1
6102,'H56S000A-80-A',642,,304367,52,4,,2,70,,304356,52,4,,1,32,,304377,52,4,,1,73,,304368,52,4,,2,34,,304357,52,4,,1,73,,304378,52,4,,1,35,,304369,52,4,,2,73,,304358,52,4,,1,68,,304387,52,4,,1,28,,304379,52,4,,1,28,,304370,52,4,,2,72,,304359,52,4,,1,73,,304388,52,4,,1,30,,304380,52,4,,1,70,,304355,52,4,,2,30,,304360,52,4,,1,72,,304389,52,4,,1,31,,304381,52,4,,1,70,,304371,52,4,,2,33,,304361,52,4,,1,72,,304390,52,4,,1,31,,304382,52,4,,1,69,,304372,52,4,,2,32,,304362,52,4,,1,70,,304391,52,4,,1,27,,304383,52,4,,1,68,,304373,52,4,,2,29,,304363,52,4,,1,69,,304392,52,4,,1,27,,304384,52,4,,1,28,,304374,52,4,,2,68,,304364,52,4,,1,28,,304393,52,4,,2,68,,304385,52,4,,1,29,,304375,52,4,,2,68,,304365,52,4,,1,27,,304394,52,4,,2,69,,304386,52,4,,1,27,,304376,52,4,,2,68,,304366,52,4,,1
6102,'H56S000I-80-I',640,,304405,52,4,,2,71,,304395,52,4,,1,31,,304416,52,4,,2,72,,304406,52,4,,2,33,,304396,52,4,,1,72,,304417,52,4,,2,36,,304407,52,4,,2,73,,304397,52,4,,1,73,,304418,52,4,,2,31,,304426,52,4,,1,71,,304408,52,4,,2,30,,304398,52,4,,1,69,,304419,52,4,,2,29,,304427,52,4,,1,71,,304409,52,4,,2,30,,304399,52,4,,1,70,,304420,52,4,,2,30,,304428,52,4,,1,70,,304410,52,4,,2,30,,304400,52,4,,1,70,,304421,52,4,,2,30,,304429,52,4,,1,68,,304411,52,4,,2,30,,304401,52,4,,1,28,,304422,52,4,,2,70,,304430,52,4,,1,30,,304412,52,4,,2,70,,304402,52,4,,1,28,,304423,52,4,,2,69,,304431,52,4,,1,29,,304413,52,4,,2,69,,304403,52,4,,1,29,,304424,52,4,,2,68,,304432,52,4,,1,29,,304414,52,4,,2,69,,304404,52,4,,1,26,,304425,52,4,,2,69,,304433,52,4,,1,27,,304415,52,4,,2
6102,'H56S000S-82-S',619,,304438,52,4,,1,26,,304456,52,4,,2,84,,304461,52,4,,2,72,,304497,52,4,,1,31,,304437,52,4,,1,72,,304451,52,4,,2,35,,304463,52,4,,1,65,,304441,52,4,,1,25,,304458,52,4,,1,30,,304493,52,4,,1,58,,304444,52,4,,1,25,,304452,52,4,,1,70,,304464,52,4,,1,29,,304442,52,4,,1,72,,304459,52,4,,1,31,,304445,52,4,,1,70,,304453,52,4,,1,32,,304465,52,4,,1,88,,304460,52,4,,1,75,,304446,52,4,,1,35,,304454,52,4,,1,69,,304466,52,4,,1,37,,304477,52,4,,1,72,,304469,52,4,,2,30,,304447,52,4,,1,60,,304486,52,4,,2,26,,304476,52,4,,2,65,,304478,52,4,,1,25,,304470,52,4,,2,29,,304448,52,4,,1,70,,304487,52,4,,2,30,,304479,52,4,,1,69,,304471,52,4,,2,29,,304449,52,4,,1,66,,304488,52,4,,2,29,,304480,52,4,,1,70,,304472,52,4,,2,29,,304450,52,4,,1,67,,304489,52,4,,2,25,,304481,52,4,,1,71,,304473,52,4,,2
6102,'H56S100F-80-F1',640,,304508,52,4,,2,71,,304498,52,4,,1,31,,304519,52,4,,2,72,,304509,52,4,,2,33,,304499,52,4,,1,72,,304520,52,4,,2,36,,304510,52,4,,2,73,,304500,52,4,,1,73,,304521,52,4,,2,31,,304529,52,4,,1,71,,304511,52,4,,2,30,,304501,52,4,,1,69,,304522,52,4,,2,29,,304530,52,4,,1,71,,304512,52,4,,2,30,,304502,52,4,,1,70,,304523,52,4,,2,30,,304531,52,4,,1,70,,304513,52,4,,2,30,,304503,52,4,,1,70,,304524,52,4,,2,30,,304532,52,4,,1,68,,304514,52,4,,2,30,,304504,52,4,,1,28,,304525,52,4,,2,70,,304533,52,4,,1,30,,304515,52,4,,2,70,,304505,52,4,,1,28,,304526,52,4,,2,69,,304534,52,4,,1,29,,304516,52,4,,2,69,,304506,52,4,,1,29,,304527,52,4,,2,68,,304535,52,4,,1,29,,304517,52,4,,2,69,,304507,52,4,,1,26,,304528,52,4,,2,69,,304536,52,4,,1,27,,304518,52,4,,2
6102,'H56S200F-80-F2',640,,304547,52,4,,2,71,,304537,52,4,,1,31,,304558,52,4,,2,72,,304548,52,4,,2,33,,304538,52,4,,1,72,,304559,52,4,,2,36,,304549,52,4,,2,73,,304539,52,4,,1,73,,304560,52,4,,2,31,,304568,52,4,,1,71,,304550,52,4,,2,30,,304540,52,4,,1,69,,304561,52,4,,2,29,,304569,52,4,,1,71,,304551,52,4,,2,30,,304541,52,4,,1,70,,304562,52,4,,2,30,,304570,52,4,,1,70,,304552,52,4,,2,30,,304542,52,4,,1,70,,304563,52,4,,2,30,,304571,52,4,,1,68,,304553,52,4,,2,30,,304543,52,4,,1,28,,304564,52,4,,2,70,,304572,52,4,,1,30,,304554,52,4,,2,70,,304544,52,4,,1,28,,304565,52,4,,2,69,,304573,52,4,,1,29,,304555,52,4,,2,69,,304545,52,4,,1,29,,304566,52,4,,2,68,,304574,52,4,,1,29,,304556,52,4,,2,69,,304546,52,4,,1,26,,304567,52,4,,2,69,,304575,52,4,,1,27,,304557,52,4,,2
