2401,'H59S000A-80-A',626,,291585,14,0,5,1,32,,291591,14,0,5,1,70,,291574,14,0,5,1,72,,291586,14,0,5,1,31,,291592,14,0,5,1,71,,291575,14,0,5,1,29,,291597,14,0,5,1,25,,291587,14,0,5,1,66,,291593,14,0,5,1,23,,291604,14,0,5,1,63,,291576,14,0,5,1,22,,291579,14,0,5,1,21,,291588,14,0,5,1,62,,291612,14,0,5,2,20,,291594,14,0,5,1,20,,291605,14,0,5,1,60,,291598,14,0,5,1,19,,291601,14,0,5,2,16,,291580,14,0,5,1,55,,291589,14,0,5,1,14,,291583,14,0,5,1,13,,291613,14,0,5,2,12,,291595,14,0,5,1,13,,291577,14,0,5,1,52,,291606,14,0,5,1,12,,291614,14,0,5,2,11,,291599,14,0,5,1,12,,291602,14,0,5,2,12,,291615,14,0,5,1,51,,291581,14,0,5,1,12,,291590,14,0,5,1,8,,291622,14,0,5,1,8,,291584,14,0,5,1,9,,291628,14,0,5,1,10,,291596,14,0,5,1,49,,291631,14,0,5,1,8,,291578,14,0,5,1,8,,291634,14,0,5,2,11,,291607,14,0,5,1,12,,291600,14,0,5,1,13,,291603,14,0,5,2,53,,291616,14,0,5,1,13,,291582,14,0,5,1,13,,291623,14,0,5,1,12,,291629,14,0,5,1,10,,291621,14,0,5,2,53,,291632,14,0,5,1,16,,291635,14,0,5,2,20,,291608,14,0,5,1,61,,291617,14,0,5,1,20,,291624,14,0,5,1,19,,291630,14,0,5,1,59,,291633,14,0,5,1,20,,291636,14,0,5,2,20,,291609,14,0,5,1,64,,291618,14,0,5,1,25,,291625,14,0,5,1,27,,291637,14,0,5,2,70,,291610,14,0,5,1,26,,291619,14,0,5,1,67,,291626,14,0,5,1,26,,291638,14,0,5,2,67,,291611,14,0,5,1,27,,291620,14,0,5,1,67,,291627,14,0,5,1
2401,'H59S000I-81-I',626,,291646,14,0,5,1,31,,291639,14,0,5,1,72,,291663,14,0,5,1,71,,291647,14,0,5,1,33,,291640,14,0,5,1,73,,291664,14,0,5,1,35,,291648,14,0,5,1,71,,291665,14,0,5,1,30,,291641,14,0,5,1,71,,291670,14,0,5,1,29,,291649,14,0,5,1,66,,291674,14,0,5,1,24,,291666,14,0,5,1,20,,291642,14,0,5,1,60,,291671,14,0,5,1,20,,291676,14,0,5,2,18,,291650,14,0,5,1,58,,291678,14,0,5,1,17,,291675,14,0,5,2,13,,291667,14,0,5,1,15,,291643,14,0,5,1,55,,291672,14,0,5,1,15,,291657,14,0,5,1,15,,291677,14,0,5,2,14,,291651,14,0,5,1,54,,291679,14,0,5,1,15,,291682,14,0,5,2,15,,291668,14,0,5,1,12,,291683,14,0,5,2,52,,291644,14,0,5,1,14,,291673,14,0,5,1,13,,291658,14,0,5,1,14,,291681,14,0,5,2,13,,291652,14,0,5,1,52,,291680,14,0,5,1,13,,291684,14,0,5,1,13,,291669,14,0,5,1,14,,291689,14,0,5,2,55,,291645,14,0,5,1,19,,291659,14,0,5,1,23,,291653,14,0,5,1,65,,291685,14,0,5,1,28,,291690,14,0,5,2,68,,291660,14,0,5,1,30,,291654,14,0,5,1,68,,291686,14,0,5,1,27,,291691,14,0,5,2,28,,291661,14,0,5,1,68,,291655,14,0,5,1,30,,291687,14,0,5,1,70,,291662,14,0,5,1,32,,291656,14,0,5,1,73,,291688,14,0,5,1
2401,'H59S000S-80-S',534,,291692,14,0,5,1,78,,291699,14,0,5,1,12,,291701,14,0,5,1,11,,291723,14,0,5,2,11,,291709,14,0,5,1,11,,291726,14,0,5,1,51,,291737,14,0,5,1,13,,291693,14,0,5,1,12,,291725,14,0,5,1,10,,291736,14,0,5,2,14,,291742,14,0,5,1,53,,291700,14,0,5,1,12,,291702,14,0,5,1,12,,291759,14,0,5,1,10,,291710,14,0,5,1,12,,291727,14,0,5,1,52,,291766,14,0,5,1,12,,291738,14,0,5,1,12,,291765,14,0,5,2,10,,291715,14,0,5,1,12,,291750,14,0,5,1,52,,291743,14,0,5,1,12,,291695,14,0,5,1,13,,291703,14,0,5,1,12,,291760,14,0,5,1,12,,291711,14,0,5,1,52,,291728,14,0,5,1,12,,291767,14,0,5,1,12,,291739,14,0,5,1,12,,291716,14,0,5,1,12,,291751,14,0,5,1,52,,291744,14,0,5,1,13,,291795,14,0,5,1,12,,291696,14,0,5,1,12,,291704,14,0,5,1,12,,291761,14,0,5,1,51,,291712,14,0,5,1,12,,291729,14,0,5,1,12,,291768,14,0,5,1,12,,291740,14,0,5,1,12,,291717,14,0,5,1,52,,291752,14,0,5,1,12,,291745,14,0,5,1,12,,291796,14,0,5,1,11,,291697,14,0,5,1,12,,291705,14,0,5,1,51,,291762,14,0,5,1,13,,291713,14,0,5,1,11,,291730,14,0,5,1,12,,291769,14,0,5,1,10,,291741,14,0,5,1,49,,291770,14,0,5,1,8,,291775,14,0,5,2,9,,291777,14,0,5,2,9,,291718,14,0,5,1,7,,291776,14,0,5,2,6,,291753,14,0,5,1,6,,291746,14,0,5,1,7,,291772,14,0,5,2,6,,291797,14,0,5,1,45,,291698,14,0,5,1,5,,291787,14,0,5,2,7,,291780,14,0,5,1,8,,291783,14,0,5,2,8,,291763,14,0,5,1,11,,291781,14,0,5,1,10,,291731,14,0,5,1,51,,291707,14,0,5,1,11,,291790,14,0,5,2,10,,291785,14,0,5,1,11,,291778,14,0,5,2,12,,291719,14,0,5,1,12,,291747,14,0,5,1,50,,291798,14,0,5,1,10,,291788,14,0,5,2,9,,291755,14,0,5,1,11,,291774,14,0,5,2,12,,291732,14,0,5,1,52,,291708,14,0,5,1,12,,291791,14,0,5,2,12,,291786,14,0,5,1,11,,291779,14,0,5,2,12,,291720,14,0,5,1,54,,291748,14,0,5,1,16,,291756,14,0,5,1,21,,291733,14,0,5,1,59,,291794,14,0,5,1,20,,291792,14,0,5,2,25,,291721,14,0,5,1,67,,291757,14,0,5,1,28,,291734,14,0,5,1,66,,291793,14,0,5,2,28,,291722,14,0,5,1,68,,291758,14,0,5,1,27,,291735,14,0,5,1
2401,'H59S100F-80-F1',626,,291806,14,0,5,1,31,,291799,14,0,5,1,72,,291850,14,0,5,1,71,,291807,14,0,5,1,33,,291800,14,0,5,1,73,,291851,14,0,5,1,35,,291808,14,0,5,1,71,,291823,14,0,5,1,30,,291801,14,0,5,1,71,,291828,14,0,5,1,29,,291809,14,0,5,1,66,,291832,14,0,5,1,24,,291824,14,0,5,1,20,,291802,14,0,5,1,60,,291829,14,0,5,1,20,,291834,14,0,5,2,18,,291810,14,0,5,1,58,,291836,14,0,5,1,17,,291833,14,0,5,2,13,,291825,14,0,5,1,15,,291803,14,0,5,1,55,,291830,14,0,5,1,15,,291817,14,0,5,1,15,,291835,14,0,5,2,14,,291811,14,0,5,1,54,,291837,14,0,5,1,15,,291839,14,0,5,2,15,,291826,14,0,5,1,12,,291840,14,0,5,2,52,,291804,14,0,5,1,14,,291831,14,0,5,1,13,,291818,14,0,5,1,14,,291849,14,0,5,2,13,,291812,14,0,5,1,52,,291838,14,0,5,1,13,,291841,14,0,5,1,13,,291827,14,0,5,1,14,,291846,14,0,5,2,55,,291805,14,0,5,1,19,,291819,14,0,5,1,23,,291813,14,0,5,1,65,,291842,14,0,5,1,28,,291847,14,0,5,2,68,,291820,14,0,5,1,30,,291814,14,0,5,1,68,,291843,14,0,5,1,27,,291848,14,0,5,2,28,,291821,14,0,5,1,68,,291815,14,0,5,1,30,,291844,14,0,5,1,70,,291822,14,0,5,1,32,,291816,14,0,5,1,73,,291845,14,0,5,1
2401,'H59S200F-80-F2',626,,291859,14,0,5,1,31,,291852,14,0,5,1,72,,291903,14,0,5,1,71,,291860,14,0,5,1,33,,291853,14,0,5,1,73,,291904,14,0,5,1,35,,291861,14,0,5,1,71,,291876,14,0,5,1,30,,291854,14,0,5,1,71,,291881,14,0,5,1,29,,291862,14,0,5,1,66,,291885,14,0,5,1,24,,291877,14,0,5,1,20,,291855,14,0,5,1,60,,291882,14,0,5,1,20,,291887,14,0,5,2,18,,291863,14,0,5,1,58,,291889,14,0,5,1,17,,291886,14,0,5,2,13,,291878,14,0,5,1,15,,291856,14,0,5,1,55,,291883,14,0,5,1,15,,291870,14,0,5,1,15,,291888,14,0,5,2,14,,291864,14,0,5,1,54,,291890,14,0,5,1,15,,291892,14,0,5,2,15,,291879,14,0,5,1,12,,291893,14,0,5,2,52,,291857,14,0,5,1,14,,291884,14,0,5,1,13,,291871,14,0,5,1,14,,291902,14,0,5,2,13,,291865,14,0,5,1,52,,291891,14,0,5,1,13,,291894,14,0,5,1,13,,291880,14,0,5,1,14,,291899,14,0,5,2,55,,291858,14,0,5,1,19,,291872,14,0,5,1,23,,291866,14,0,5,1,65,,291895,14,0,5,1,28,,291900,14,0,5,2,68,,291873,14,0,5,1,30,,291867,14,0,5,1,68,,291896,14,0,5,1,27,,291901,14,0,5,2,28,,291874,14,0,5,1,68,,291868,14,0,5,1,30,,291897,14,0,5,1,70,,291875,14,0,5,1,32,,291869,14,0,5,1,73,,291898,14,0,5,1
10401,'H50S000S-82-S',746,,315922,40,0,5,1,6,,315923,40,0,5,2
10401,'H56S000A-80-A',657,,315926,40,0,5,1,74,,315938,40,0,5,2,20,,315924,40,0,5,1,75,,315927,40,0,5,1,76,,315939,40,0,5,2,21,,315925,40,0,5,1,77,,315928,40,0,5,1,41,,315940,40,0,5,2,68,,315950,40,0,5,1,32,,315929,40,0,5,1,81,,315941,40,0,5,2,29,,315951,40,0,5,1,77,,315930,40,0,5,1,78,,315942,40,0,5,2,29,,315952,40,0,5,1,77,,315931,40,0,5,1,38,,315943,40,0,5,2,68,,315953,40,0,5,1,36,,315932,40,0,5,1,78,,315944,40,0,5,2,71,,315954,40,0,5,1,32,,315933,40,0,5,1,79,,315945,40,0,5,2,29,,315955,40,0,5,1,71,,315934,40,0,5,1,33,,315946,40,0,5,2,69,,315956,40,0,5,1,30,,315935,40,0,5,1,73,,315947,40,0,5,2,28,,315957,40,0,5,1,67,,315936,40,0,5,1,31,,315948,40,0,5,2,69,,315958,40,0,5,1,28,,315937,40,0,5,1,68,,315949,40,0,5,2,29,,315959,40,0,5,1
10401,'H56S000I-80-I',710,,315971,40,0,5,2,30,,315960,40,0,5,1,82,,315982,40,0,5,1,37,,315972,40,0,5,2,56,,315961,40,0,5,1,40,,315983,40,0,5,1,84,,315973,40,0,5,2,78,,315962,40,0,5,1,15,,315984,40,0,5,1,83,,315974,40,0,5,2,43,,315963,40,0,5,1,80,,315985,40,0,5,1,16,,315975,40,0,5,2,85,,315964,40,0,5,1,81,,315986,40,0,5,1,82,,315976,40,0,5,2,19,,315965,40,0,5,1,81,,315987,40,0,5,1,41,,315977,40,0,5,2,79,,315966,40,0,5,1,16,,315988,40,0,5,1,77,,315978,40,0,5,2,43,,315967,40,0,5,1,73,,315989,40,0,5,1,18,,315979,40,0,5,2,77,,315968,40,0,5,1,31,,315990,40,0,5,1,72,,315980,40,0,5,2,72,,315969,40,0,5,1,32,,315991,40,0,5,1,73,,315981,40,0,5,2,31,,315970,40,0,5,1,72,,315992,40,0,5,1
10401,'H56S000S-82-S',652,,315997,40,0,5,2,68,,316008,40,0,5,1,12,,316002,40,0,5,2,27,,316000,40,0,5,2,46,,316032,40,0,5,1,7,,316018,40,0,5,1,7,,316031,40,0,5,2,6,,315999,40,0,5,1,6,,316001,40,0,5,2,23,,316023,40,0,5,1,49,,315998,40,0,5,2,28,,316009,40,0,5,1,76,,316019,40,0,5,1,36,,316024,40,0,5,1,75,,316010,40,0,5,1,35,,316020,40,0,5,1,76,,316025,40,0,5,1,76,,316011,40,0,5,1,36,,316021,40,0,5,1,79,,316026,40,0,5,1,81,,316012,40,0,5,1,40,,316022,40,0,5,1,82,,316027,40,0,5,1,77,,316028,40,0,5,2,35,,316029,40,0,5,2,80,,316003,40,0,5,1,37,,316016,40,0,5,1,77,,316030,40,0,5,2,72,,316004,40,0,5,1,35,,316017,40,0,5,1,70,,315993,40,0,5,1,30,,316013,40,0,5,2,71,,316005,40,0,5,1,30,,315994,40,0,5,1,69,,316014,40,0,5,2,29,,316006,40,0,5,1,69,,315995,40,0,5,1,27,,316015,40,0,5,2,27,,316007,40,0,5,1,66,,315996,40,0,5,1
10401,'H56S100F-80-F1',710,,316044,40,0,5,2,30,,316033,40,0,5,1,82,,316055,40,0,5,1,37,,316045,40,0,5,2,56,,316034,40,0,5,1,40,,316056,40,0,5,1,84,,316046,40,0,5,2,78,,316035,40,0,5,1,15,,316057,40,0,5,1,83,,316047,40,0,5,2,43,,316036,40,0,5,1,80,,316058,40,0,5,1,16,,316048,40,0,5,2,85,,316037,40,0,5,1,81,,316059,40,0,5,1,82,,316049,40,0,5,2,19,,316038,40,0,5,1,81,,316060,40,0,5,1,41,,316050,40,0,5,2,79,,316039,40,0,5,1,16,,316061,40,0,5,1,77,,316051,40,0,5,2,43,,316040,40,0,5,1,73,,316062,40,0,5,1,18,,316052,40,0,5,2,77,,316041,40,0,5,1,31,,316063,40,0,5,1,72,,316053,40,0,5,2,72,,316042,40,0,5,1,32,,316064,40,0,5,1,73,,316054,40,0,5,2,31,,316043,40,0,5,1,72,,316065,40,0,5,1
10401,'H56S200F-80-F2',710,,316077,40,0,5,2,30,,316066,40,0,5,1,82,,316088,40,0,5,1,37,,316078,40,0,5,2,56,,316067,40,0,5,1,40,,316089,40,0,5,1,84,,316079,40,0,5,2,78,,316068,40,0,5,1,15,,316090,40,0,5,1,83,,316080,40,0,5,2,43,,316069,40,0,5,1,80,,316091,40,0,5,1,16,,316081,40,0,5,2,85,,316070,40,0,5,1,81,,316092,40,0,5,1,82,,316082,40,0,5,2,19,,316071,40,0,5,1,81,,316093,40,0,5,1,41,,316083,40,0,5,2,79,,316072,40,0,5,1,16,,316094,40,0,5,1,77,,316084,40,0,5,2,43,,316073,40,0,5,1,73,,316095,40,0,5,1,18,,316085,40,0,5,2,77,,316074,40,0,5,1,31,,316096,40,0,5,1,72,,316086,40,0,5,2,72,,316075,40,0,5,1,32,,316097,40,0,5,1,73,,316087,40,0,5,2,31,,316076,40,0,5,1,72,,316098,40,0,5,1
13801,'H56S000A-80-A',632,,325111,41,0,5,1,80,,325102,41,0,5,1,41,,325112,41,0,5,1,87,,325103,41,0,5,1,83,,325113,41,0,5,1,87,,325104,41,0,5,1,47,,325114,41,0,5,1,89,,325105,41,0,5,1,91,,325115,41,0,5,1,88,,325106,41,0,5,1,91,,325116,41,0,5,1,88,,325107,41,0,5,1,50,,325117,41,0,5,1,90,,325108,41,0,5,1,89,,325118,41,0,5,1,86,,325109,41,0,5,1,86,,325119,41,0,5,1,46,,325110,41,0,5,1,86,,325120,41,0,5,1
13801,'H56S000I-80-I',639,,325121,41,0,5,1,78,,325131,41,0,5,1,39,,325122,41,0,5,1,82,,325132,41,0,5,1,87,,325123,41,0,5,1,88,,325133,41,0,5,1,42,,325124,41,0,5,1,88,,325134,41,0,5,1,89,,325125,41,0,5,1,83,,325135,41,0,5,1,93,,325126,41,0,5,1,48,,325136,41,0,5,1,89,,325127,41,0,5,1,87,,325137,41,0,5,1,87,,325128,41,0,5,1,86,,325138,41,0,5,1,49,,325129,41,0,5,1,83,,325139,41,0,5,1,84,,325130,41,0,5,1,84,,325140,41,0,5,1
13801,'H56S000S-82-S',621,,325175,41,0,5,1,84,,325143,41,0,5,1,32,,325164,41,0,5,1,73,,325154,41,0,5,1,27,,325155,41,0,5,1,79,,325144,41,0,5,1,34,,325165,41,0,5,1,72,,325156,41,0,5,1,35,,325145,41,0,5,1,76,,325166,41,0,5,1,76,,325157,41,0,5,1,36,,325146,41,0,5,1,79,,325167,41,0,5,1,77,,325158,41,0,5,1,38,,325147,41,0,5,1,77,,325168,41,0,5,1,39,,325159,41,0,5,1,81,,325148,41,0,5,1,82,,325169,41,0,5,1,38,,325160,41,0,5,1,76,,325149,41,0,5,1,79,,325170,41,0,5,1,33,,325161,41,0,5,1,72,,325150,41,0,5,1,33,,325171,41,0,5,1,68,,325162,41,0,5,1,32,,325151,41,0,5,1,72,,325172,41,0,5,1,29,,325163,41,0,5,1,71,,325152,41,0,5,1,29,,325173,41,0,5,1,66,,325141,41,0,5,1,28,,325153,41,0,5,1,67,,325174,41,0,5,1,25,,325142,41,0,5,1
13801,'H56S100F-80-F1',639,,325176,41,0,5,1,78,,325186,41,0,5,1,39,,325177,41,0,5,1,82,,325187,41,0,5,1,87,,325178,41,0,5,1,88,,325188,41,0,5,1,42,,325179,41,0,5,1,88,,325189,41,0,5,1,89,,325180,41,0,5,1,83,,325190,41,0,5,1,93,,325181,41,0,5,1,48,,325191,41,0,5,1,89,,325182,41,0,5,1,87,,325192,41,0,5,1,87,,325183,41,0,5,1,86,,325193,41,0,5,1,49,,325184,41,0,5,1,83,,325194,41,0,5,1,84,,325185,41,0,5,1,84,,325195,41,0,5,1
13801,'H56S200F-80-F2',639,,325196,41,0,5,1,78,,325206,41,0,5,1,39,,325197,41,0,5,1,82,,325207,41,0,5,1,87,,325198,41,0,5,1,88,,325208,41,0,5,1,42,,325199,41,0,5,1,88,,325209,41,0,5,1,89,,325200,41,0,5,1,83,,325210,41,0,5,1,93,,325201,41,0,5,1,48,,325211,41,0,5,1,89,,325202,41,0,5,1,87,,325212,41,0,5,1,87,,325203,41,0,5,1,86,,325213,41,0,5,1,49,,325204,41,0,5,1,83,,325214,41,0,5,1,84,,325205,41,0,5,1,84,,325215,41,0,5,1
35601,'H56S000A-80-A',2639,,346198,98,0,5,2,83,,346199,98,0,5,1,91,,346195,98,0,5,2,92,,346197,98,0,5,1,42,,346196,98,0,5,1
35601,'H56S000I-80-I',2639,,346201,98,0,5,1,81,,346205,98,0,5,2,80,,346202,98,0,5,1,40,,346200,98,0,5,1,84,,346204,98,0,5,1,84,,346203,98,0,5,1
35601,'H56S000S-82-S',2651,,346208,98,0,5,1,73,,346210,98,0,5,1,34,,346211,98,0,5,2,74,,346206,98,0,5,1,86,,346209,98,0,5,2,89,,346207,98,0,5,1
35601,'H56S100F-80-F1',2639,,346213,98,0,5,1,81,,346217,98,0,5,2,80,,346214,98,0,5,1,40,,346212,98,0,5,1,84,,346216,98,0,5,1,84,,346215,98,0,5,1
35601,'H56S200F-80-F2',2639,,346219,98,0,5,1,81,,346223,98,0,5,2,80,,346220,98,0,5,1,40,,346218,98,0,5,1,84,,346222,98,0,5,1,84,,346221,98,0,5,1
