2001,'H58S000A-80-A',810,,290846,1,0,5,2,24,,290822,1,0,5,2,23,,290843,1,0,5,2,61,,290832,1,0,5,1,20,,290823,1,0,5,2,20,,290844,1,0,5,2,60,,290833,1,0,5,1,20,,290824,1,0,5,2,20,,290845,1,0,5,2,59,,290849,1,0,5,1,20,,290834,1,0,5,1,20,,290825,1,0,5,2,60,,290850,1,0,5,1,20,,290835,1,0,5,1,21,,290826,1,0,5,2,61,,290851,1,0,5,1,23,,290836,1,0,5,1,64,,290827,1,0,5,2,24,,290852,1,0,5,1,24,,290837,1,0,5,1,63,,290828,1,0,5,2,23,,290853,1,0,5,1,64,,290838,1,0,5,1,22,,290829,1,0,5,2,22,,290854,1,0,5,1,61,,290839,1,0,5,1,21,,290830,1,0,5,2,20,,290855,1,0,5,1,59,,290840,1,0,5,1,21,,290831,1,0,5,2,20,,290856,1,0,5,1,70,,290841,1,0,5,1,30,,290857,1,0,5,1,70,,290842,1,0,5,1,28,,290858,1,0,5,1,71,,290847,1,0,5,2
2001,'H58S000I-80-I',810,,290884,1,0,5,1,24,,290860,1,0,5,1,22,,290874,1,0,5,2,61,,290885,1,0,5,1,23,,290861,1,0,5,1,62,,290875,1,0,5,2,22,,290886,1,0,5,1,22,,290862,1,0,5,1,61,,290876,1,0,5,2,21,,290887,1,0,5,1,20,,290863,1,0,5,1,62,,290877,1,0,5,2,22,,290888,1,0,5,1,22,,290864,1,0,5,1,62,,290878,1,0,5,2,23,,290889,1,0,5,1,63,,290865,1,0,5,1,22,,290879,1,0,5,2,21,,290890,1,0,5,1,61,,290866,1,0,5,1,20,,290880,1,0,5,2,20,,290891,1,0,5,1,61,,290867,1,0,5,1,21,,290881,1,0,5,2,20,,290892,1,0,5,1,61,,290868,1,0,5,1,22,,290882,1,0,5,2,21,,290893,1,0,5,1,61,,290869,1,0,5,1,21,,290883,1,0,5,2,20,,290894,1,0,5,1,66,,290870,1,0,5,1,30,,290895,1,0,5,1,70,,290871,1,0,5,1,30,,290896,1,0,5,1,70,,290872,1,0,5,1
2001,'H58S000S-83-S',440,,290898,1,0,5,1,68,,290923,1,0,5,1,28,,290899,1,0,5,1,68,,290924,1,0,5,1,23,,290930,1,0,5,2,22,,290900,1,0,5,1,62,,290904,1,0,5,2,22,,290925,1,0,5,1,22,,290931,1,0,5,2,62,,290901,1,0,5,1,22,,290905,1,0,5,2,62,,290926,1,0,5,1,22,,290913,1,0,5,1,22,,290902,1,0,5,1,62,,290906,1,0,5,2,21,,290927,1,0,5,1,21,,290914,1,0,5,1,61,,290903,1,0,5,1,21,,290907,1,0,5,2,22,,290928,1,0,5,1,63,,290915,1,0,5,1,22,,290932,1,0,5,1,20,,290908,1,0,5,2,59,,290929,1,0,5,1,19,,290916,1,0,5,1,20,,290933,1,0,5,1,62,,290909,1,0,5,2,21,,290917,1,0,5,1,61,,290934,1,0,5,1,21,,290910,1,0,5,2,20,,290918,1,0,5,1,61,,290935,1,0,5,1,15,,290949,1,0,5,2,13,,290911,1,0,5,2,12,,290943,1,0,5,2,12,,290919,1,0,5,1,49,,290941,1,0,5,1,7,,290936,1,0,5,1,14,,290912,1,0,5,2,13,,290944,1,0,5,2,20,,290920,1,0,5,1,66,,290937,1,0,5,1,20,,290945,1,0,5,2,61,,290921,1,0,5,1,21,,290938,1,0,5,1,20,,290946,1,0,5,2,60,,290922,1,0,5,1,24,,290939,1,0,5,1,23,,290947,1,0,5,2,62,,290942,1,0,5,1
2001,'H58S100F-80-F1',810,,290974,1,0,5,1,24,,290950,1,0,5,2,22,,290964,1,0,5,1,61,,290975,1,0,5,1,23,,290951,1,0,5,2,62,,290965,1,0,5,1,22,,290976,1,0,5,1,22,,290952,1,0,5,2,61,,290966,1,0,5,1,21,,290977,1,0,5,1,20,,290953,1,0,5,2,62,,290967,1,0,5,1,22,,290978,1,0,5,1,22,,290954,1,0,5,2,62,,290968,1,0,5,1,23,,290979,1,0,5,1,63,,290955,1,0,5,2,22,,290969,1,0,5,1,21,,290980,1,0,5,1,61,,290956,1,0,5,2,20,,290970,1,0,5,1,20,,290981,1,0,5,1,61,,290957,1,0,5,2,21,,290971,1,0,5,1,20,,290982,1,0,5,1,61,,290958,1,0,5,2,22,,290972,1,0,5,1,21,,290983,1,0,5,1,61,,290959,1,0,5,2,21,,290973,1,0,5,1,20,,290984,1,0,5,1,66,,290960,1,0,5,2,30,,290985,1,0,5,1,70,,290961,1,0,5,2,30,,290986,1,0,5,1,70,,290962,1,0,5,2
2001,'H58S200F-80-F2',810,,291012,1,0,5,1,24,,290988,1,0,5,2,22,,291002,1,0,5,1,61,,291013,1,0,5,1,23,,290989,1,0,5,2,62,,291003,1,0,5,1,22,,291014,1,0,5,1,22,,290990,1,0,5,2,61,,291004,1,0,5,1,21,,291015,1,0,5,1,20,,290991,1,0,5,2,62,,291005,1,0,5,1,22,,291016,1,0,5,1,22,,290992,1,0,5,2,62,,291006,1,0,5,1,23,,291017,1,0,5,1,63,,290993,1,0,5,2,22,,291007,1,0,5,1,21,,291018,1,0,5,1,61,,290994,1,0,5,2,20,,291008,1,0,5,1,20,,291019,1,0,5,1,61,,290995,1,0,5,2,21,,291009,1,0,5,1,20,,291020,1,0,5,1,61,,290996,1,0,5,2,22,,291010,1,0,5,1,21,,291021,1,0,5,1,61,,290997,1,0,5,2,21,,291011,1,0,5,1,20,,291022,1,0,5,1,66,,290998,1,0,5,2,30,,291023,1,0,5,1,70,,290999,1,0,5,2,30,,291024,1,0,5,1,70,,291000,1,0,5,2
2002,'H58S000A-80-A',831,,291026,24,4,,2,21,,291048,24,4,,2,60,,291036,24,4,,1,20,,291027,24,4,,2,21,,291049,24,4,,2,61,,291037,24,4,,1,20,,291028,24,4,,2,21,,291050,24,4,,2,64,,291038,24,4,,1,24,,291029,24,4,,2,65,,291053,24,4,,1,23,,291039,24,4,,1,21,,291030,24,4,,2,60,,291054,24,4,,1,19,,291040,24,4,,1,20,,291031,24,4,,2,60,,291055,24,4,,1,20,,291047,24,4,,2,20,,291041,24,4,,1,62,,291032,24,4,,2,23,,291056,24,4,,1,64,,291042,24,4,,1,23,,291033,24,4,,2,22,,291057,24,4,,1,60,,291043,24,4,,1,20,,291034,24,4,,2,20,,291058,24,4,,1,60,,291044,24,4,,1,21,,291035,24,4,,2,21,,291059,24,4,,1,64,,291045,24,4,,1,30,,291060,24,4,,1,70,,291046,24,4,,1,28,,291061,24,4,,1,71,,291051,24,4,,2,32,,291062,25,0,10,1,70,,291052,25,0,10,2,29,,291063,25,0,10,1
2002,'H58S000I-80-I',831,,291064,24,4,,1,21,,291078,24,4,,2,61,,291088,24,4,,1,23,,291065,24,4,,1,22,,291079,24,4,,2,61,,291089,24,4,,1,21,,291066,24,4,,1,63,,291080,24,4,,2,21,,291090,24,4,,1,20,,291067,24,4,,1,61,,291081,24,4,,2,21,,291091,24,4,,1,22,,291068,24,4,,1,64,,291082,24,4,,2,22,,291092,24,4,,1,21,,291069,24,4,,1,61,,291083,24,4,,2,21,,291093,24,4,,1,21,,291070,24,4,,1,62,,291084,24,4,,2,22,,291094,24,4,,1,61,,291071,24,4,,1,21,,291085,24,4,,2,20,,291095,24,4,,1,61,,291072,24,4,,1,21,,291086,24,4,,2,22,,291096,24,4,,1,62,,291073,24,4,,1,20,,291087,24,4,,2,21,,291097,24,4,,1,61,,291074,24,4,,1,30,,291098,24,4,,1,70,,291075,24,4,,1,30,,291099,24,4,,1,70,,291076,24,4,,1,31,,291100,25,0,10,1,70,,291077,25,0,10,1,29,,291101,25,0,10,1
2002,'H58S000S-83-S',533,,291102,24,4,,1,68,,291125,24,4,,1,28,,291103,24,4,,1,24,,291107,24,4,,2,63,,291126,24,4,,1,24,,291131,24,4,,2,63,,291104,24,4,,1,24,,291108,24,4,,2,21,,291127,24,4,,1,62,,291132,24,4,,2,21,,291105,24,4,,1,21,,291109,24,4,,2,61,,291128,24,4,,1,21,,291115,24,4,,1,20,,291106,24,4,,1,60,,291110,24,4,,2,20,,291129,24,4,,1,22,,291116,24,4,,1,63,,291133,24,4,,1,23,,291111,24,4,,2,63,,291130,24,4,,1,22,,291117,24,4,,1,20,,291134,24,4,,1,62,,291112,24,4,,2,22,,291118,24,4,,1,22,,291135,24,4,,1,61,,291113,24,4,,2,21,,291119,24,4,,1,22,,291136,24,4,,1,63,,291114,24,4,,2,23,,291120,24,4,,1,63,,291137,24,4,,1,23,,291148,24,4,,2,22,,291121,24,4,,1,62,,291138,24,4,,1,22,,291144,24,4,,2,21,,291122,24,4,,1,61,,291139,24,4,,1,22,,291145,24,4,,2,62,,291123,24,4,,1,20,,291140,24,4,,1,19,,291146,24,4,,2,17,,291124,24,4,,1,60,,291143,24,4,,2,14,,291141,25,0,10,1,23,,291147,25,0,10,2,71,,291142,25,0,10,1
2002,'H58S100F-80-F1',831,,291149,24,4,,2,21,,291163,24,4,,1,61,,291173,24,4,,1,23,,291150,24,4,,2,22,,291164,24,4,,1,61,,291174,24,4,,1,21,,291151,24,4,,2,63,,291165,24,4,,1,21,,291175,24,4,,1,20,,291152,24,4,,2,61,,291166,24,4,,1,21,,291176,24,4,,1,22,,291153,24,4,,2,64,,291167,24,4,,1,22,,291177,24,4,,1,21,,291154,24,4,,2,61,,291168,24,4,,1,21,,291178,24,4,,1,21,,291155,24,4,,2,62,,291169,24,4,,1,22,,291179,24,4,,1,61,,291156,24,4,,2,21,,291170,24,4,,1,20,,291180,24,4,,1,61,,291157,24,4,,2,21,,291171,24,4,,1,22,,291181,24,4,,1,62,,291158,24,4,,2,20,,291172,24,4,,1,21,,291182,24,4,,1,61,,291159,24,4,,2,30,,291183,24,4,,1,70,,291160,24,4,,2,30,,291184,24,4,,1,70,,291161,24,4,,2,31,,291185,25,0,10,1,70,,291162,25,0,10,2,29,,291186,25,0,10,1
2002,'H58S200F-80-F2',831,,291187,24,4,,2,21,,291201,24,4,,1,61,,291211,24,4,,1,23,,291188,24,4,,2,22,,291202,24,4,,1,61,,291212,24,4,,1,21,,291189,24,4,,2,63,,291203,24,4,,1,21,,291213,24,4,,1,20,,291190,24,4,,2,61,,291204,24,4,,1,21,,291214,24,4,,1,22,,291191,24,4,,2,64,,291205,24,4,,1,22,,291215,24,4,,1,21,,291192,24,4,,2,61,,291206,24,4,,1,21,,291216,24,4,,1,21,,291193,24,4,,2,62,,291207,24,4,,1,22,,291217,24,4,,1,61,,291194,24,4,,2,21,,291208,24,4,,1,20,,291218,24,4,,1,61,,291195,24,4,,2,21,,291209,24,4,,1,22,,291219,24,4,,1,62,,291196,24,4,,2,20,,291210,24,4,,1,21,,291220,24,4,,1,61,,291197,24,4,,2,30,,291221,24,4,,1,70,,291198,24,4,,2,30,,291222,24,4,,1,70,,291199,24,4,,2,31,,291223,25,0,10,1,70,,291200,25,0,10,2,29,,291224,25,0,10,1
5401,'H50S000S-82-S',623,,302221,13,0,5,2,1005,,302222,13,0,5,2
5401,'H58S000A-80-A',555,,302225,13,0,5,1,70,,302250,13,0,5,1,30,,302239,13,0,5,1,70,,302252,13,0,5,2,30,,302226,13,0,5,1,68,,302251,13,0,5,1,28,,302240,13,0,5,1,70,,302253,13,0,5,2,29,,302227,13,0,5,1,70,,302236,13,0,5,2,30,,302241,13,0,5,1,70,,302254,13,0,5,2,31,,302228,13,0,5,1,71,,302245,13,0,5,2,32,,302242,13,0,5,1,72,,302257,13,0,5,1,32,,302229,13,0,5,1,72,,302259,13,0,5,1,72,,302243,13,0,5,1,32,,302258,13,0,5,1,72,,302246,13,0,5,1,32,,302260,13,0,5,1,72,,302244,13,0,5,1,32,,302237,13,0,5,2,70,,302230,13,0,5,1,30,,302261,13,0,5,1,68,,302263,13,0,5,2,29,,302238,13,0,5,2,69,,302231,13,0,5,1,28,,302262,13,0,5,1,68,,302223,13,0,5,2,30,,302235,13,0,5,1,70,,302232,13,0,5,1,30,,302255,13,0,5,2,70,,302247,13,0,5,1,30,,302249,13,0,5,1,70,,302233,13,0,5,1,30,,302256,13,0,5,2,70,,302248,13,0,5,1,30,,302224,13,0,5,2,70,,302234,13,0,5,1
5401,'H58S000I-80-I',655,,302271,13,0,5,1,70,,302276,13,0,5,1,30,,302294,13,0,5,2,68,,302285,13,0,5,2,28,,302272,13,0,5,1,68,,302277,13,0,5,1,31,,302295,13,0,5,2,70,,302286,13,0,5,2,31,,302273,13,0,5,1,70,,302278,13,0,5,1,30,,302296,13,0,5,2,70,,302287,13,0,5,2,30,,302274,13,0,5,1,70,,302279,13,0,5,1,30,,302297,13,0,5,2,70,,302288,13,0,5,2,30,,302275,13,0,5,1,70,,302280,13,0,5,1,30,,302298,13,0,5,2,70,,302289,13,0,5,2,30,,302299,13,0,5,1,69,,302281,13,0,5,1,29,,302266,13,0,5,2,69,,302290,13,0,5,2,28,,302300,13,0,5,1,68,,302282,13,0,5,1,28,,302267,13,0,5,2,68,,302291,13,0,5,2,30,,302283,13,0,5,1,70,,302268,13,0,5,2,29,,302301,13,0,5,2,70,,302292,13,0,5,2,30,,302284,13,0,5,1,70,,302269,13,0,5,2,30,,302264,13,0,5,1,70,,302293,13,0,5,2,30,,302265,13,0,5,1,70,,302270,13,0,5,2
5401,'H58S000S-83-S',557,,302315,13,0,5,2,91,,302316,13,0,5,2,65,,302302,13,0,5,1,24,,302309,13,0,5,1,64,,302319,13,0,5,1,24,,302317,13,0,5,2,27,,302303,13,0,5,1,65,,302310,13,0,5,1,27,,302320,13,0,5,1,68,,302318,13,0,5,2,10,,302307,13,0,5,1,24,,302304,13,0,5,1,74,,302311,13,0,5,1,33,,302321,13,0,5,1,73,,302305,13,0,5,1,33,,302312,13,0,5,1,74,,302322,13,0,5,1,73,,302308,13,0,5,1,31,,302306,13,0,5,1,63,,302313,13,0,5,1,13,,302354,13,0,6 29,2,7,,302323,13,0,5,1,20,,302329,13,0,6 29,2,12,,302348,13,0,5,1,50,,302335,13,0,6 29,2,4,,302355,13,0,6 29,2,8,,302338,13,0,5,2,7,,302353,13,0,6 29,2,14,,302345,13,0,5,2,6,,302347,13,0,6 29,2,7,,302344,13,0,6 29,2,10,,302356,13,0,6 29,2,43,,302314,13,0,6 29,1,8,,302328,13,0,5,2,6,,302330,13,0,5,1,8,,302336,13,0,6 29,2,10,,302337,13,0,5,2,13,,302349,13,0,5,1,60,,302339,13,0,5,2,15,,302340,13,0,5,1,14,,302346,13,0,5,2,19,,302324,13,0,5,2,65,,302331,13,0,5,1,30,,302350,13,0,5,1,70,,302341,13,0,5,1,30,,302325,13,0,5,2,70,,302332,13,0,5,1,30,,302351,13,0,5,1,70,,302342,13,0,5,1,30,,302326,13,0,5,2,70,,302333,13,0,5,1,30,,302352,13,0,5,1,70,,302343,13,0,5,1,30,,302327,13,0,5,2,70,,302334,13,0,5,1
5401,'H58S100F-80-F1',655,,302365,13,0,5,2,70,,302372,13,0,5,2,30,,302383,13,0,5,2,68,,302374,13,0,5,1,28,,302366,13,0,5,2,68,,302373,13,0,5,2,31,,302384,13,0,5,1,70,,302375,13,0,5,1,31,,302367,13,0,5,2,70,,302357,13,0,5,1,30,,302385,13,0,5,1,70,,302376,13,0,5,1,30,,302368,13,0,5,2,70,,302358,13,0,5,1,30,,302386,13,0,5,1,70,,302377,13,0,5,1,30,,302369,13,0,5,2,70,,302359,13,0,5,1,30,,302387,13,0,5,1,70,,302378,13,0,5,1,30,,302370,13,0,5,2,69,,302360,13,0,5,1,29,,302388,13,0,5,2,69,,302379,13,0,5,1,28,,302371,13,0,5,2,68,,302361,13,0,5,1,28,,302389,13,0,5,2,68,,302380,13,0,5,1,30,,302362,13,0,5,1,70,,302390,13,0,5,2,29,,302363,13,0,5,1,70,,302381,13,0,5,1,30,,302393,13,0,5,2,70,,302391,13,0,5,2,30,,302364,13,0,5,1,70,,302382,13,0,5,1,30,,302394,13,0,5,2,70,,302392,13,0,5,2
5401,'H58S200F-80-F2',655,,302396,13,0,5,2,70,,302403,13,0,5,2,30,,302395,13,0,5,2,68,,302405,13,0,5,1,28,,302397,13,0,5,2,68,,302404,13,0,5,2,31,,302414,13,0,5,1,70,,302406,13,0,5,1,31,,302398,13,0,5,2,70,,302423,13,0,5,1,30,,302415,13,0,5,1,70,,302407,13,0,5,1,30,,302399,13,0,5,2,70,,302424,13,0,5,1,30,,302416,13,0,5,1,70,,302408,13,0,5,1,30,,302400,13,0,5,2,70,,302425,13,0,5,1,30,,302417,13,0,5,1,70,,302409,13,0,5,1,30,,302401,13,0,5,2,69,,302426,13,0,5,1,29,,302418,13,0,5,2,69,,302410,13,0,5,1,28,,302402,13,0,5,2,68,,302427,13,0,5,1,28,,302419,13,0,5,2,68,,302411,13,0,5,1,30,,302428,13,0,5,1,70,,302420,13,0,5,2,29,,302429,13,0,5,1,70,,302412,13,0,5,1,30,,302431,13,0,5,2,70,,302421,13,0,5,2,30,,302430,13,0,5,1,70,,302413,13,0,5,1,30,,302432,13,0,5,2,70,,302422,13,0,5,2
5401,'H60S000S-83-S',1654,,302434,13,0,5,1,104,,302433,13,0,6 29,1
