5001,'H59S000A-80-A',756,,300926,20,0,5,1,68,,300940,20,0,5,2,29,,300927,20,0,5,1,68,,300941,20,0,5,2,31,,300928,20,0,5,1,71,,300942,20,0,5,2,30,,300929,20,0,5,1,71,,300943,20,0,5,2,32,,300930,20,0,5,1,72,,300944,20,0,5,2,72,,300931,20,0,5,1,32,,300945,20,0,5,2,72,,300932,20,0,5,1,32,,300946,20,0,5,2,71,,300933,20,0,5,1,26,,300953,20,0,5,2,67,,300947,20,0,5,2,26,,300934,20,0,5,1,27,,300954,20,0,5,2,67,,300948,20,0,5,2,24,,300935,20,0,5,1,67,,300955,20,0,5,2,27,,300949,20,0,5,2,70,,300936,20,0,5,1,32,,300950,20,0,5,2,70,,300937,20,0,5,1,30,,300951,20,0,5,2,70,,300938,20,0,5,1,30,,300952,20,0,5,2,70,,300939,20,0,5,1
5001,'H59S000I-81-I',753,,300956,20,0,5,1,70,,300970,20,0,5,2,30,,300957,20,0,5,1,70,,300971,20,0,5,2,30,,300958,20,0,5,1,70,,300972,20,0,5,2,30,,300959,20,0,5,1,69,,300973,20,0,5,2,29,,300960,20,0,5,1,69,,300974,20,0,5,2,30,,300961,20,0,5,1,71,,300975,20,0,5,2,33,,300962,20,0,5,1,72,,300976,20,0,5,2,32,,300963,20,0,5,1,71,,300977,20,0,5,2,25,,300984,20,0,5,2,64,,300964,20,0,5,1,23,,300978,20,0,5,2,63,,300985,20,0,5,2,23,,300965,20,0,5,1,30,,300979,20,0,5,2,71,,300966,20,0,5,1,30,,300980,20,0,5,2,71,,300967,20,0,5,1,72,,300981,20,0,5,2,32,,300968,20,0,5,1,71,,300982,20,0,5,2,33,,300969,20,0,5,1,73,,300983,20,0,5,2
5001,'H59S000S-80-S',811,,301005,20,0,5,1,31,,300995,20,0,5,2,71,,300986,20,0,5,1,30,,301006,20,0,5,1,68,,300996,20,0,5,2,28,,300987,20,0,5,1,68,,301007,20,0,5,1,28,,300997,20,0,5,2,71,,300988,20,0,5,1,29,,301008,20,0,5,1,70,,300998,20,0,5,2,30,,300989,20,0,5,1,69,,301009,20,0,5,1,30,,300999,20,0,5,2,70,,300990,20,0,5,1,30,,301010,20,0,5,1,70,,301000,20,0,5,2,34,,300991,20,0,5,1,70,,301011,20,0,5,1,30,,301001,20,0,5,2,70,,300992,20,0,5,1,27,,301012,20,0,5,1,68,,301002,20,0,5,2,26,,300993,20,0,5,1,29,,301013,20,0,5,1,70,,301003,20,0,5,2,30,,300994,20,0,5,1,68,,301014,20,0,5,1,28,,301004,20,0,5,2
5001,'H59S100F-80-F1',753,,301015,20,0,5,1,70,,301029,20,0,5,2,30,,301016,20,0,5,1,70,,301030,20,0,5,2,30,,301017,20,0,5,1,70,,301031,20,0,5,2,30,,301018,20,0,5,1,69,,301032,20,0,5,2,29,,301019,20,0,5,1,69,,301033,20,0,5,2,30,,301020,20,0,5,1,71,,301034,20,0,5,2,33,,301021,20,0,5,1,72,,301035,20,0,5,2,32,,301022,20,0,5,1,71,,301036,20,0,5,2,25,,301043,20,0,5,2,64,,301023,20,0,5,1,23,,301037,20,0,5,2,63,,301044,20,0,5,2,23,,301024,20,0,5,1,30,,301038,20,0,5,2,71,,301025,20,0,5,1,30,,301039,20,0,5,2,71,,301026,20,0,5,1,72,,301040,20,0,5,2,32,,301027,20,0,5,1,71,,301041,20,0,5,2,33,,301028,20,0,5,1,73,,301042,20,0,5,2
5001,'H59S200F-80-F2',753,,301045,20,0,5,1,70,,301059,20,0,5,2,30,,301046,20,0,5,1,70,,301060,20,0,5,2,30,,301047,20,0,5,1,70,,301061,20,0,5,2,30,,301048,20,0,5,1,69,,301062,20,0,5,2,29,,301049,20,0,5,1,69,,301063,20,0,5,2,30,,301050,20,0,5,1,71,,301064,20,0,5,2,33,,301051,20,0,5,1,72,,301065,20,0,5,2,32,,301052,20,0,5,1,71,,301066,20,0,5,2,25,,301073,20,0,5,2,64,,301053,20,0,5,1,23,,301067,20,0,5,2,63,,301074,20,0,5,2,23,,301054,20,0,5,1,30,,301068,20,0,5,2,71,,301055,20,0,5,1,30,,301069,20,0,5,2,71,,301056,20,0,5,1,72,,301070,20,0,5,2,32,,301057,20,0,5,1,71,,301071,20,0,5,2,33,,301058,20,0,5,1,73,,301072,20,0,5,2
36104,'H51S000A-80-A',2449,,346620,43,0,9,1,85,,346623,43,0,9,1,88,,346624,43,0,9,2,30,,346621,43,0,9,1,68,,346618,43,0,9,2,30,,346619,43,0,9,1,68,,346625,43,0,9,2,28,,346622,43,0,9,1
36104,'H51S000I-80-I',2500,,346626,43,0,9,1,32,,346629,43,0,9,2,70,,346630,43,0,9,1,42,,346627,43,0,9,1,83,,346631,43,0,9,1,85,,346628,43,0,9,1,45,,346632,43,0,9,1
36104,'H51S000S-81-S',2454,,346638,43,0,9,1,80,,346640,43,0,9,1,73,,346636,43,0,9,1,20,,346633,43,0,9,1,20,,346639,43,0,9,1,61,,346634,43,0,9,1,32,,346641,43,0,9,1,73,,346637,43,0,9,1,45,,346635,43,0,9,1
36104,'H51S100F-80-F1',2500,,346642,43,0,9,1,32,,346645,43,0,9,2,70,,346646,43,0,9,1,42,,346643,43,0,9,1,83,,346647,43,0,9,1,85,,346644,43,0,9,1,45,,346648,43,0,9,1
36104,'H51S200F-80-F2',2500,,346649,43,0,9,1,32,,346652,43,0,9,2,70,,346653,43,0,9,1,42,,346650,43,0,9,1,83,,346654,43,0,9,1,85,,346651,43,0,9,1,45,,346655,43,0,9,1
