14001,'H58S000A-80-A',558,,325820,10,0,5,2,70,,325830,10,0,5,1,30,,325828,10,0,5,1,70,,325841,10,0,5,1,30,,325821,10,0,5,2,70,,325831,10,0,5,1,30,,325829,10,0,5,1,70,,325842,10,0,5,1,72,,325822,10,0,5,2,30,,325832,10,0,5,1,29,,325813,10,0,5,1,70,,325843,10,0,5,1,30,,325823,10,0,5,2,69,,325833,10,0,5,2,29,,325814,10,0,5,1,70,,325848,10,0,5,2,30,,325844,10,0,5,1,70,,325824,10,0,5,2,23,,325834,10,0,5,2,64,,325815,10,0,5,1,24,,325849,10,0,5,2,64,,325827,10,0,5,1,20,,325845,10,0,5,1,19,,325825,10,0,5,2,60,,325854,10,0,5,2,19,,325835,10,0,5,2,19,,325816,10,0,5,1,69,,325850,10,0,5,2,30,,325846,10,0,5,1,69,,325826,10,0,5,2,30,,325836,10,0,5,2,65,,325817,10,0,5,1,25,,325851,10,0,5,2,26,,325847,10,0,5,1,66,,325839,10,0,5,1,32,,325837,9,0,5,2,75,,325818,9,0,5,1,74,,325853,9,0,5,1,33,,325840,9,0,5,1,74,,325838,9,0,5,2,33,,325819,9,0,5,1,72,,325852,9,0,5,2
14001,'H58S000I-80-I',608,,325874,10,0,5,1,32,,325882,10,0,5,2,72,,325855,10,0,5,1,32,,325865,10,0,5,2,72,,325875,10,0,5,1,32,,325883,10,0,5,2,71,,325856,10,0,5,1,31,,325866,10,0,5,2,70,,325876,10,0,5,1,30,,325884,10,0,5,2,70,,325857,10,0,5,1,30,,325867,10,0,5,2,70,,325877,10,0,5,1,30,,325885,10,0,5,2,70,,325858,10,0,5,1,30,,325868,10,0,5,2,70,,325878,10,0,5,1,30,,325886,10,0,5,2,70,,325859,10,0,5,1,30,,325869,10,0,5,2,67,,325890,10,0,5,2,25,,325879,10,0,5,1,65,,325887,10,0,5,2,25,,325860,10,0,5,1,27,,325870,10,0,5,2,69,,325891,10,0,5,2,31,,325880,10,0,5,1,71,,325861,10,0,5,1,29,,325871,10,0,5,2,69,,325892,10,0,5,2,29,,325881,10,0,5,1,71,,325862,10,0,5,1,31,,325872,9,0,5,2,73,,325893,9,0,5,2,72,,325888,9,0,5,1,32,,325863,9,0,5,1,68,,325873,9,0,5,2,29,,325894,9,0,5,2,72,,325889,9,0,5,1,30,,325864,9,0,5,1
14001,'H58S000S-83-S',544,,325915,10,0,5,1,69,,325906,10,0,5,2,30,,325895,10,0,5,1,71,,325897,10,0,5,1,30,,325916,10,0,5,1,67,,325907,10,0,5,2,25,,325918,10,0,5,1,15,,325931,10,0,5,2,55,,325896,10,0,5,1,15,,325898,10,0,5,1,20,,325925,10,0,5,2,60,,325917,10,0,5,1,20,,325908,10,0,5,2,28,,325919,10,0,5,1,64,,325932,10,0,5,2,30,,325899,10,0,5,1,68,,325926,10,0,5,2,29,,325909,10,0,5,2,72,,325920,10,0,5,1,29,,325933,10,0,5,2,68,,325900,10,0,5,1,28,,325927,10,0,5,2,65,,325910,10,0,5,2,21,,325937,10,0,5,2,19,,325921,10,0,5,1,63,,325934,10,0,5,2,21,,325901,10,0,5,1,20,,325935,10,0,5,1,60,,325928,10,0,5,2,19,,325911,10,0,5,2,19,,325938,10,0,5,2,15,,325941,10,0,5,2,61,,325922,10,0,5,1,25,,325902,10,0,5,1,66,,325936,10,0,5,1,30,,325912,10,0,5,2,69,,325939,10,0,5,2,29,,325923,10,0,5,1,70,,325903,10,0,5,1,30,,325929,9,0,5,2,72,,325940,9,0,5,2,34,,325924,9,0,5,1,73,,325904,9,0,5,1,37,,325930,9,0,5,2,77,,325914,9,0,5,1,77,,325913,9,0,5,2,27,,325905,9,0,5,1
14001,'H58S100F-80-F1',608,,325952,10,0,5,1,32,,325969,10,0,5,1,72,,325942,10,0,5,2,32,,325960,10,0,5,1,72,,325953,10,0,5,1,32,,325970,10,0,5,1,71,,325943,10,0,5,2,31,,325961,10,0,5,1,70,,325954,10,0,5,1,30,,325971,10,0,5,1,70,,325944,10,0,5,2,30,,325962,10,0,5,1,70,,325955,10,0,5,1,30,,325972,10,0,5,1,70,,325945,10,0,5,2,30,,325963,10,0,5,1,70,,325956,10,0,5,1,30,,325973,10,0,5,1,70,,325946,10,0,5,2,30,,325964,10,0,5,1,67,,325977,10,0,5,2,25,,325957,10,0,5,1,65,,325974,10,0,5,1,25,,325947,10,0,5,2,27,,325965,10,0,5,1,69,,325978,10,0,5,2,31,,325958,10,0,5,1,71,,325948,10,0,5,2,29,,325966,10,0,5,1,69,,325979,10,0,5,2,29,,325959,10,0,5,1,71,,325949,10,0,5,2,31,,325967,9,0,5,1,73,,325980,9,0,5,2,72,,325975,9,0,5,1,32,,325950,9,0,5,2,68,,325968,9,0,5,1,29,,325981,9,0,5,2,72,,325976,9,0,5,1,30,,325951,9,0,5,2
14001,'H58S200F-80-F2',608,,325984,10,0,5,1,32,,326001,10,0,5,1,72,,326012,10,0,5,2,32,,325992,10,0,5,1,72,,325985,10,0,5,1,32,,326002,10,0,5,1,71,,326013,10,0,5,2,31,,325993,10,0,5,1,70,,325986,10,0,5,1,30,,326003,10,0,5,1,70,,326014,10,0,5,2,30,,325994,10,0,5,1,70,,325987,10,0,5,1,30,,326004,10,0,5,1,70,,326015,10,0,5,2,30,,325995,10,0,5,1,70,,325988,10,0,5,1,30,,326005,10,0,5,1,70,,326016,10,0,5,2,30,,325996,10,0,5,1,67,,326007,10,0,5,2,25,,325989,10,0,5,1,65,,326006,10,0,5,1,25,,326017,10,0,5,2,27,,325997,10,0,5,1,69,,326008,10,0,5,2,31,,325990,10,0,5,1,71,,326018,10,0,5,2,29,,325998,10,0,5,1,69,,326009,10,0,5,2,29,,325991,10,0,5,1,71,,326019,10,0,5,2,31,,325999,9,0,5,1,73,,326010,9,0,5,2,72,,325982,9,0,5,1,32,,326020,9,0,5,2,68,,326000,9,0,5,1,29,,326011,9,0,5,2,72,,325983,9,0,5,1,30,,326021,9,0,5,2
18001,'H58S000A-80-A',520,,334326,24,0,5,1,28,,334333,24,0,5,1,71,,334339,24,0,5,2,33,,334334,24,0,5,1,73,,334340,24,0,5,2,32,,334335,24,0,5,1,69,,334342,24,0,5,1,27,,334341,24,0,5,2,67,,334336,24,0,5,1,30,,334343,24,0,5,1,70,,334346,24,0,5,1,30,,334337,24,0,5,1,72,,334344,24,0,5,1,33,,334347,24,0,5,1,73,,334338,24,0,5,1,73,,334350,24,0,5,2,31,,334353,24,0,5,2,73,,334354,24,0,5,1,33,,334351,24,0,5,2,73,,334358,24,0,5,1,33,,334355,24,0,5,1,73,,334352,24,0,5,2,33,,334359,24,0,5,1,71,,334360,24,0,5,2,33,,334348,24,0,5,1,72,,334361,24,0,5,2,31,,334325,24,0,5,2,70,,334349,24,0,5,1,30,,334362,24,0,5,2,70,,334327,24,0,5,2,30,,334330,24,0,5,1,70,,334363,24,0,5,2,30,,334328,24,0,5,2,70,,334331,24,0,5,1,29,,334364,24,0,5,2,68,,334329,24,0,5,2,27,,334332,24,0,5,1,68,,334365,24,0,5,2,28,,334356,24,0,5,1,70,,334345,24,0,5,1,31,,334357,24,0,5,1
18001,'H58S000I-80-I',549,,334376,24,0,5,1,71,,334377,24,0,5,1,33,,334390,24,0,5,2,72,,334378,24,0,5,1,33,,334391,24,0,5,2,72,,334379,24,0,5,1,73,,334392,24,0,5,2,35,,334380,24,0,5,1,68,,334366,24,0,5,1,28,,334393,24,0,5,2,68,,334381,24,0,5,1,29,,334367,24,0,5,1,70,,334394,24,0,5,2,30,,334382,24,0,5,1,70,,334368,24,0,5,1,30,,334395,24,0,5,2,70,,334383,24,0,5,1,30,,334369,24,0,5,1,69,,334396,24,0,5,2,31,,334384,24,0,5,1,71,,334370,24,0,5,1,31,,334397,24,0,5,2,69,,334385,24,0,5,1,30,,334371,24,0,5,1,69,,334398,24,0,5,2,29,,334386,24,0,5,1,29,,334372,24,0,5,1,69,,334399,24,0,5,2,29,,334387,24,0,5,1,70,,334373,24,0,5,1,29,,334400,24,0,5,2,68,,334388,24,0,5,1,28,,334374,24,0,5,1,68,,334401,24,0,5,2,27,,334389,24,0,5,1,65,,334375,24,0,5,1,29,,334402,24,0,5,1,69,,334404,24,0,5,2,29,,334403,24,0,5,1,71,,334405,24,0,5,2
18001,'H58S000S-83-S',521,,334416,24,0,5,1,30,,334422,24,0,5,1,73,,334427,24,0,5,1,27,,334432,24,0,5,2,57,,334435,24,0,5,2,21,,334433,24,0,5,2,16,,334436,24,0,5,2,55,,334417,24,0,5,1,13,,334442,24,0,5,2,11,,334443,24,0,5,1,4,,334444,24,0,5,2,5,,334434,24,0,5,2,12,,334423,24,0,5,2,61,,334437,24,0,5,2,28,,334418,24,0,5,1,69,,334408,24,0,5,1,30,,334438,24,0,5,2,72,,334445,24,0,5,2,33,,334409,24,0,5,1,72,,334439,24,0,5,2,21,,334426,24,0,5,1,10,,334428,24,0,5,1,10,,334446,24,0,5,2,69,,334410,24,0,5,1,30,,334440,24,0,5,2,71,,334429,24,0,5,1,33,,334411,24,0,5,1,76,,334441,24,0,5,2,73,,334447,24,0,5,1,28,,334412,24,0,5,1,27,,334450,24,0,5,2,70,,334452,24,0,5,1,28,,334413,24,0,5,1,71,,334451,24,0,5,2,27,,334453,24,0,5,1,70,,334407,24,0,5,2,26,,334449,24,0,5,2,70,,334414,24,0,5,1,33,,334448,24,0,5,2,73,,334419,24,0,5,1,33,,334415,24,0,5,1,62,,334406,24,0,5,2,28,,334420,24,0,5,1,69,,334430,24,0,5,1,28,,334424,24,0,5,2,70,,334421,24,0,5,1,29,,334431,24,0,5,1,69,,334425,24,0,5,2
18001,'H58S100F-80-F1',549,,334466,24,0,5,2,71,,334467,24,0,5,1,33,,334477,24,0,5,2,72,,334468,24,0,5,1,33,,334478,24,0,5,2,72,,334469,24,0,5,1,73,,334479,24,0,5,2,35,,334470,24,0,5,1,68,,334456,24,0,5,1,28,,334480,24,0,5,2,68,,334471,24,0,5,1,29,,334457,24,0,5,1,70,,334481,24,0,5,2,30,,334472,24,0,5,1,70,,334458,24,0,5,1,30,,334482,24,0,5,2,70,,334473,24,0,5,1,30,,334459,24,0,5,1,69,,334483,24,0,5,2,31,,334474,24,0,5,1,71,,334460,24,0,5,1,31,,334491,24,0,5,2,69,,334475,24,0,5,1,30,,334461,24,0,5,1,69,,334492,24,0,5,2,29,,334476,24,0,5,1,29,,334462,24,0,5,1,69,,334493,24,0,5,2,29,,334488,24,0,5,2,70,,334463,24,0,5,1,29,,334486,24,0,5,2,68,,334489,24,0,5,2,28,,334464,24,0,5,1,68,,334487,24,0,5,2,27,,334490,24,0,5,2,65,,334465,24,0,5,1,29,,334484,24,0,5,1,69,,334454,24,0,5,1,29,,334485,24,0,5,1,71,,334455,24,0,5,1
18001,'H58S200F-80-F2',549,,334499,24,0,5,2,71,,334522,24,0,5,1,33,,334505,24,0,5,2,72,,334523,24,0,5,1,33,,334506,24,0,5,2,72,,334524,24,0,5,1,73,,334507,24,0,5,2,35,,334525,24,0,5,1,68,,334512,24,0,5,1,28,,334508,24,0,5,2,68,,334526,24,0,5,1,29,,334513,24,0,5,1,70,,334509,24,0,5,2,30,,334527,24,0,5,1,70,,334514,24,0,5,1,30,,334510,24,0,5,2,70,,334528,24,0,5,1,30,,334515,24,0,5,1,69,,334511,24,0,5,2,31,,334529,24,0,5,1,71,,334516,24,0,5,1,31,,334502,24,0,5,2,69,,334530,24,0,5,1,30,,334517,24,0,5,1,69,,334503,24,0,5,2,29,,334531,24,0,5,1,29,,334518,24,0,5,1,69,,334504,24,0,5,2,29,,334494,24,0,5,2,70,,334519,24,0,5,1,29,,334532,24,0,5,2,68,,334495,24,0,5,2,28,,334520,24,0,5,1,68,,334533,24,0,5,2,27,,334496,24,0,5,2,65,,334521,24,0,5,1,29,,334497,24,0,5,1,69,,334500,24,0,5,1,29,,334498,24,0,5,1,71,,334501,24,0,5,1
