19702,'H51S000A-80-A',537,,338805,12,0,10,2,72,,338813,12,0,10,1,32,,338806,12,0,10,2,68,,338821,12,0,10,1,29,,338814,12,0,10,1,68,,338807,12,0,10,2,28,,338822,12,0,10,1,68,,338815,12,0,10,1,28,,338808,12,0,10,2,23,,338823,12,0,10,1,63,,338828,12,0,10,2,23,,338816,12,0,10,1,63,,338809,12,0,10,2,22,,338824,12,0,10,1,16,,338833,12,0,10,2,16,,338829,12,0,10,2,56,,338834,12,0,10,1,15,,338810,12,0,10,2,15,,338836,12,0,10,2,16,,338825,12,0,10,1,56,,338839,12,0,10,2,18,,338830,12,0,10,2,18,,338837,12,0,10,2,58,,338811,12,0,10,2,19,,338826,12,0,10,1,19,,338831,12,0,10,2,59,,338840,12,0,10,2,19,,338838,12,0,10,2,19,,338812,12,0,10,2,60,,338827,12,0,10,1,23,,338832,12,0,10,2,24,,338841,12,0,10,2,64,,338847,12,0,10,1,28,,338835,12,0,10,2,68,,338842,12,0,10,2,27,,338848,12,0,10,1,68,,338817,12,0,10,1,27,,338843,12,0,10,2,26,,338849,12,0,10,1,66,,338818,12,0,10,1,26,,338844,12,0,10,2,67,,338850,12,0,10,1,27,,338819,12,0,10,1,68,,338845,12,0,10,2,28,,338851,12,0,10,1,69,,338820,12,0,10,1,33,,338846,12,0,10,2,69,,338853,12,0,10,2,36,,338852,12,0,10,1,75,,338854,12,0,10,2
19702,'H51S000I-80-I',538,,338865,12,0,10,1,71,,338855,12,0,10,1,32,,338866,12,0,10,1,72,,338856,12,0,10,1,33,,338867,12,0,10,1,72,,338857,12,0,10,1,32,,338868,12,0,10,2,71,,338874,12,0,10,2,22,,338877,12,0,10,1,62,,338858,12,0,10,1,27,,338869,12,0,10,2,27,,338875,12,0,10,2,67,,338859,12,0,10,1,27,,338870,12,0,10,2,65,,338878,12,0,10,2,22,,338876,12,0,10,2,62,,338860,12,0,10,1,22,,338871,12,0,10,2,20,,338885,12,0,10,2,60,,338879,12,0,10,2,28,,338861,12,0,10,1,68,,338872,12,0,10,2,28,,338880,12,0,10,2,28,,338862,12,0,10,1,70,,338873,12,0,10,2,28,,338881,12,0,10,2,68,,338863,12,0,10,1,28,,338890,12,0,10,1,68,,338882,12,0,10,2,28,,338886,12,0,10,2,69,,338891,12,0,10,1,29,,338883,12,0,10,2,69,,338887,12,0,10,2,29,,338892,12,0,10,1,70,,338884,12,0,10,2,32,,338888,12,0,10,2,72,,338893,12,0,10,1,33,,338895,12,0,10,2,70,,338889,12,0,10,2,32,,338894,12,0,10,1,71,,338896,12,0,10,2,31,,338864,12,0,10,1
19702,'H51S000S-81-S',504,,338897,12,0,10,2,23,,338901,12,0,10,1,19,,338900,12,0,10,1,13,,338905,12,0,10,2,55,,338898,12,0,10,2,25,,338914,12,0,10,2,8,,338915,12,0,10,2,8,,338902,12,0,10,1,46,,338919,12,0,10,2,8,,338926,12,0,10,2,6,,338933,12,0,10,2,5,,338906,12,0,10,2,7,,338913,12,0,10,2,10,,338935,12,0,10,2,4,,338917,12,0,10,2,5,,338899,12,0,10,2,5,,338942,12,0,10,2,5,,338943,12,0,10,2,45,,338918,12,0,10,2,5,,338936,12,0,10,2,6,,338907,12,0,10,2,6,,338932,12,0,10,2,10,,338916,12,0,10,2,9,,338903,12,0,10,1,12,,338949,12,0,10,1,10,,338920,12,0,10,2,50,,338934,12,0,10,2,10,,338951,12,0,10,2,12,,338927,12,0,10,1,13,,338944,12,0,10,2,56,,338937,12,0,10,2,19,,338904,12,0,10,1,20,,338921,12,0,10,2,20,,338945,12,0,10,2,60,,338928,12,0,10,1,20,,338938,12,0,10,2,20,,338952,12,0,10,1,60,,338922,12,0,10,2,20,,338946,12,0,10,2,20,,338939,12,0,10,2,60,,338929,12,0,10,1,20,,338953,12,0,10,1,20,,338923,12,0,10,2,61,,338940,12,0,10,2,20,,338947,12,0,10,2,62,,338930,12,0,10,1,20,,338954,12,0,10,1,20,,338924,12,0,10,2,60,,338941,12,0,10,2,22,,338948,12,0,10,2,20,,338931,12,0,10,1,60,,338955,12,0,10,1,20,,338925,12,0,10,2,23,,338964,12,0,10,2,62,,338908,12,0,10,1,29,,338956,12,0,10,1,68,,338960,12,0,10,2,28,,338909,12,0,10,1,69,,338957,12,0,10,1,30,,338961,12,0,10,2,70,,338910,12,0,10,1,30,,338958,12,0,10,1,70,,338962,12,0,10,2,30,,338911,12,0,10,1,69,,338959,12,0,10,1,20,,338966,12,0,10,2,17,,338965,12,0,10,1,76,,338912,12,0,10,1,37,,338963,12,0,10,2
19702,'H51S100F-80-F1',538,,338968,12,0,10,1,71,,338982,12,0,10,1,32,,338969,12,0,10,1,72,,338983,12,0,10,1,33,,338970,12,0,10,1,72,,338984,12,0,10,1,32,,338976,12,0,10,2,71,,338972,12,0,10,2,22,,338971,12,0,10,1,62,,338985,12,0,10,1,27,,338977,12,0,10,2,27,,338973,12,0,10,2,67,,338986,12,0,10,1,27,,338978,12,0,10,2,65,,338991,12,0,10,2,22,,338974,12,0,10,2,62,,338987,12,0,10,1,22,,338979,12,0,10,2,20,,338975,12,0,10,2,60,,338992,12,0,10,2,28,,338988,12,0,10,1,68,,338980,12,0,10,2,28,,338993,12,0,10,2,28,,338989,12,0,10,1,70,,338981,12,0,10,2,28,,338994,12,0,10,2,68,,338990,12,0,10,1,28,,339002,12,0,10,1,68,,338995,12,0,10,2,28,,338998,12,0,10,2,69,,339003,12,0,10,1,29,,338996,12,0,10,2,69,,338999,12,0,10,2,29,,339004,12,0,10,1,70,,338997,12,0,10,2,32,,339000,12,0,10,2,72,,339005,12,0,10,1,33,,339007,12,0,10,2,70,,339001,12,0,10,2,32,,339006,12,0,10,1,71,,339008,12,0,10,2,31,,338967,12,0,10,1
19702,'H51S200F-80-F2',538,,339010,12,0,10,1,71,,339024,12,0,10,1,32,,339011,12,0,10,1,72,,339025,12,0,10,1,33,,339012,12,0,10,1,72,,339026,12,0,10,1,32,,339018,12,0,10,2,71,,339014,12,0,10,2,22,,339013,12,0,10,1,62,,339027,12,0,10,1,27,,339019,12,0,10,2,27,,339015,12,0,10,2,67,,339028,12,0,10,1,27,,339020,12,0,10,2,65,,339033,12,0,10,2,22,,339016,12,0,10,2,62,,339029,12,0,10,1,22,,339021,12,0,10,2,20,,339017,12,0,10,2,60,,339034,12,0,10,2,28,,339030,12,0,10,1,68,,339022,12,0,10,2,28,,339035,12,0,10,2,28,,339031,12,0,10,1,70,,339023,12,0,10,2,28,,339036,12,0,10,2,68,,339032,12,0,10,1,28,,339044,12,0,10,1,68,,339037,12,0,10,2,28,,339040,12,0,10,2,69,,339045,12,0,10,1,29,,339038,12,0,10,2,69,,339041,12,0,10,2,29,,339046,12,0,10,1,70,,339039,12,0,10,2,32,,339042,12,0,10,2,72,,339047,12,0,10,1,33,,339049,12,0,10,2,70,,339043,12,0,10,2,32,,339048,12,0,10,1,71,,339050,12,0,10,2,31,,339009,12,0,10,1
19702,'H57S000S-80-S',628,,339051,12,0,10,1
19702,'H59S000S-80-S',724,,339052,12,0,10,2,5,,339053,12,0,10,1
37002,'H51S000A-80-A',2559,,347054,19,0,10,1,82,,347053,19,0,10,2,85,,347051,19,0,10,1,84,,347052,19,0,10,2,45,,347055,19,0,10,1
37002,'H51S000I-80-I',2510,,347060,19,0,10,1,45,,347056,19,0,10,1,85,,347058,19,0,10,2,85,,347061,19,0,10,1,85,,347057,19,0,10,1,46,,347059,19,0,10,2
37002,'H51S000S-81-S',2510,,347064,19,0,10,1,45,,347062,19,0,10,1,85,,347066,19,0,10,2,85,,347065,19,0,10,1,85,,347063,19,0,10,1,47,,347067,19,0,10,2
37002,'H51S100F-80-F1',2510,,347072,19,0,10,1,45,,347068,19,0,10,1,85,,347070,19,0,10,2,85,,347073,19,0,10,1,85,,347069,19,0,10,1,46,,347071,19,0,10,2
37002,'H51S200F-80-F2',2510,,347078,19,0,10,1,45,,347074,19,0,10,1,85,,347076,19,0,10,2,85,,347079,19,0,10,1,85,,347075,19,0,10,1,46,,347077,19,0,10,2
