8103,'H54S000A-80-A',748,,310300,4,0,8,2,66,,310311,4,0,8,2,25,,310322,4,0,8,1,66,,310301,4,0,8,2,26,,310312,4,0,8,2,25,,310323,4,0,8,1,65,,310302,4,0,8,2,25,,310313,4,0,8,2,65,,310324,4,0,8,1,25,,310303,4,0,8,2,65,,310314,4,0,8,2,25,,310325,4,0,8,1,25,,310304,4,0,8,2,65,,310315,4,0,8,2,25,,310326,4,0,8,1,65,,310305,4,0,8,2,25,,310316,4,0,8,2,26,,310327,4,0,8,1,66,,310306,4,0,8,2,26,,310317,4,0,8,2,66,,310328,4,0,8,1,25,,310307,4,0,8,2,65,,310318,4,0,8,2,25,,310329,4,0,8,1,25,,310308,4,0,8,2,65,,310319,4,0,8,2,25,,310330,4,0,8,1,65,,310309,4,0,8,2,25,,310320,4,0,8,2,65,,310331,4,0,8,1,26,,310310,4,0,8,2,27,,310321,4,0,8,2
8103,'H54S000I-80-I',748,,310332,4,0,8,1,64,,310353,4,0,8,2,25,,310343,4,0,8,2,65,,310333,4,0,8,1,25,,310354,4,0,8,2,26,,310344,4,0,8,2,66,,310334,4,0,8,1,25,,310355,4,0,8,2,65,,310345,4,0,8,2,25,,310335,4,0,8,1,25,,310356,4,0,8,2,66,,310346,4,0,8,2,25,,310336,4,0,8,1,66,,310357,4,0,8,2,26,,310347,4,0,8,2,65,,310337,4,0,8,1,26,,310358,4,0,8,2,25,,310348,4,0,8,2,65,,310338,4,0,8,1,25,,310359,4,0,8,2,65,,310349,4,0,8,2,25,,310339,4,0,8,1,65,,310360,4,0,8,2,25,,310350,4,0,8,2,26,,310340,4,0,8,1,66,,310361,4,0,8,2,26,,310351,4,0,8,2,65,,310341,4,0,8,1,25,,310362,4,0,8,2,65,,310352,4,0,8,2,25,,310342,4,0,8,1,27,,310363,4,0,8,2
8103,'H54S000S-80-S',637,,310365,4,0,8,2,68,,310364,4,0,8,2,30,,310373,4,0,8,2,70,,310366,4,0,8,2,28,,310385,4,0,8,1,68,,310374,4,0,8,2,27,,310367,4,0,8,2,26,,310386,4,0,8,1,65,,310375,4,0,8,2,25,,310368,4,0,8,2,65,,310387,4,0,8,1,25,,310376,4,0,8,2,25,,310369,4,0,8,2,65,,310388,4,0,8,1,25,,310377,4,0,8,2,65,,310370,4,0,8,2,26,,310389,4,0,8,1,66,,310378,4,0,8,2,25,,310371,4,0,8,2,25,,310390,4,0,8,1,64,,310379,4,0,8,2,24,,310372,4,0,8,2,65,,310391,4,0,8,1,25,,310380,4,0,8,2,25,,310395,4,0,8,2,65,,310392,4,0,8,1,25,,310381,4,0,8,2,65,,310396,4,0,8,2,25,,310393,4,0,8,1,65,,310382,4,0,8,2,25,,310397,4,0,8,2,24,,310394,4,0,8,1,64,,310383,4,0,8,2,25,,310398,4,0,8,2,70,,310399,4,0,8,1,31,,310384,4,0,8,2
8103,'H54S100F-80-F1',748,,310400,4,0,8,1,64,,310421,4,0,8,2,25,,310411,4,0,8,2,65,,310401,4,0,8,1,25,,310422,4,0,8,2,26,,310412,4,0,8,2,66,,310402,4,0,8,1,25,,310423,4,0,8,2,65,,310413,4,0,8,2,25,,310403,4,0,8,1,25,,310424,4,0,8,2,66,,310414,4,0,8,2,25,,310404,4,0,8,1,66,,310425,4,0,8,2,26,,310415,4,0,8,2,65,,310405,4,0,8,1,26,,310426,4,0,8,2,25,,310416,4,0,8,2,65,,310406,4,0,8,1,25,,310427,4,0,8,2,65,,310417,4,0,8,2,25,,310407,4,0,8,1,65,,310428,4,0,8,2,25,,310418,4,0,8,2,26,,310408,4,0,8,1,66,,310429,4,0,8,2,26,,310419,4,0,8,2,65,,310409,4,0,8,1,25,,310430,4,0,8,2,65,,310420,4,0,8,2,25,,310410,4,0,8,1,27,,310431,4,0,8,2
8103,'H54S200F-80-F2',748,,310432,4,0,8,1,64,,310453,4,0,8,2,25,,310443,4,0,8,2,65,,310433,4,0,8,1,25,,310454,4,0,8,2,26,,310444,4,0,8,2,66,,310434,4,0,8,1,25,,310455,4,0,8,2,65,,310445,4,0,8,2,25,,310435,4,0,8,1,25,,310456,4,0,8,2,66,,310446,4,0,8,2,25,,310436,4,0,8,1,66,,310457,4,0,8,2,26,,310447,4,0,8,2,65,,310437,4,0,8,1,26,,310458,4,0,8,2,25,,310448,4,0,8,2,65,,310438,4,0,8,1,25,,310459,4,0,8,2,65,,310449,4,0,8,2,25,,310439,4,0,8,1,65,,310460,4,0,8,2,25,,310450,4,0,8,2,26,,310440,4,0,8,1,66,,310461,4,0,8,2,26,,310451,4,0,8,2,65,,310441,4,0,8,1,25,,310462,4,0,8,2,65,,310452,4,0,8,2,25,,310442,4,0,8,1,27,,310463,4,0,8,2
8601,'H54S000A-80-A',618,,310975,36,0,5,2,33,,310956,36,0,5,1,73,,310964,36,0,5,2,33,,310970,36,0,5,2,72,,310982,36,0,5,1,72,,310976,36,0,5,2,33,,310957,36,0,5,1,72,,310965,36,0,5,2,32,,310971,36,0,5,2,72,,310983,36,0,5,1,32,,310977,36,0,5,2,73,,310958,36,0,5,1,33,,310966,36,0,5,2,73,,310972,36,0,5,2,33,,310984,36,0,5,1,72,,310978,36,0,5,2,33,,310959,36,0,5,1,73,,310967,36,0,5,2,72,,310973,36,0,5,2,33,,310985,36,0,5,1,72,,310979,36,0,5,2,33,,310960,36,0,5,1,73,,310968,36,0,5,2,33,,310974,36,0,5,2,73,,310986,36,0,5,1,32,,310980,36,0,5,2,73,,310961,36,0,5,1,33,,310969,36,0,5,2,73,,310989,36,0,5,2,71,,310987,36,0,5,1,32,,310981,36,0,5,2,72,,310962,36,0,5,1,33,,310954,36,0,5,1,73,,310990,36,0,5,2,31,,310988,36,0,5,1,73,,310963,36,0,5,1,32,,310955,36,0,5,1,71,,310991,36,0,5,2
8601,'H54S000I-80-I',619,,311015,36,0,5,2,32,,310996,36,0,5,1,73,,311002,36,0,5,2,30,,311010,36,0,5,1,71,,311022,36,0,5,1,32,,311016,36,0,5,2,72,,310997,36,0,5,1,72,,311003,36,0,5,2,32,,311011,36,0,5,1,72,,311023,36,0,5,1,33,,311017,36,0,5,2,72,,310998,36,0,5,1,32,,311004,36,0,5,2,72,,311012,36,0,5,1,32,,311024,36,0,5,1,72,,311018,36,0,5,2,32,,310999,36,0,5,1,73,,311005,36,0,5,2,33,,311013,36,0,5,1,71,,311025,36,0,5,1,73,,311019,36,0,5,2,33,,311000,36,0,5,1,73,,311006,36,0,5,2,33,,311014,36,0,5,1,73,,311026,36,0,5,1,33,,311020,36,0,5,2,72,,311001,36,0,5,1,31,,311007,36,0,5,2,71,,310994,36,0,5,1,30,,310995,36,0,5,2,70,,311021,36,0,5,2,29,,311028,36,0,5,1,70,,311008,36,0,5,2,31,,311029,36,0,5,1,72,,310992,36,0,5,1,32,,311030,36,0,5,2,72,,311009,36,0,5,2,30,,311027,36,0,5,1,70,,310993,36,0,5,1
8601,'H54S000S-80-S',609,,311044,36,0,5,1,27,,311031,36,0,5,2,68,,311037,36,0,5,2,34,,311038,36,0,5,2,73,,311062,36,0,5,1,32,,311045,36,0,5,1,72,,311032,36,0,5,2,31,,311065,36,0,5,1,71,,311039,36,0,5,2,30,,311063,36,0,5,1,65,,311052,36,0,5,2,26,,311046,36,0,5,1,65,,311033,36,0,5,2,30,,311066,36,0,5,1,70,,311040,36,0,5,2,29,,311064,36,0,5,1,71,,311053,36,0,5,2,31,,311047,36,0,5,1,70,,311034,36,0,5,2,30,,311067,36,0,5,1,70,,311041,36,0,5,2,32,,311058,36,0,5,1,72,,311054,36,0,5,2,33,,311048,36,0,5,1,73,,311035,36,0,5,2,31,,311042,36,0,5,2,72,,311059,36,0,5,1,28,,311055,36,0,5,2,69,,311049,36,0,5,1,29,,311036,36,0,5,2,69,,311043,36,0,5,2,29,,311060,36,0,5,1,69,,311056,36,0,5,2,29,,311050,36,0,5,1,68,,311070,36,0,5,1,28,,311068,36,0,5,2,70,,311061,36,0,5,1,30,,311057,36,0,5,2,71,,311051,36,0,5,1,31,,311071,36,0,5,1,71,,311069,36,0,5,2
8601,'H54S100F-80-F1',619,,311095,36,0,5,2,32,,311076,36,0,5,1,73,,311082,36,0,5,2,30,,311090,36,0,5,1,71,,311102,36,0,5,1,32,,311096,36,0,5,2,72,,311077,36,0,5,1,72,,311083,36,0,5,2,32,,311091,36,0,5,1,72,,311103,36,0,5,1,33,,311097,36,0,5,2,72,,311078,36,0,5,1,32,,311084,36,0,5,2,72,,311092,36,0,5,1,32,,311104,36,0,5,1,72,,311098,36,0,5,2,32,,311079,36,0,5,1,73,,311085,36,0,5,2,33,,311093,36,0,5,1,71,,311105,36,0,5,1,73,,311099,36,0,5,2,33,,311080,36,0,5,1,73,,311086,36,0,5,2,33,,311094,36,0,5,1,73,,311106,36,0,5,1,33,,311100,36,0,5,2,72,,311081,36,0,5,1,31,,311087,36,0,5,2,71,,311074,36,0,5,1,30,,311075,36,0,5,2,70,,311101,36,0,5,2,29,,311108,36,0,5,1,70,,311088,36,0,5,2,31,,311109,36,0,5,1,72,,311072,36,0,5,1,32,,311110,36,0,5,2,72,,311089,36,0,5,2,30,,311107,36,0,5,1,70,,311073,36,0,5,1
8601,'H54S200F-80-F2',619,,311134,36,0,5,2,32,,311115,36,0,5,1,73,,311121,36,0,5,2,30,,311129,36,0,5,1,71,,311141,36,0,5,1,32,,311135,36,0,5,2,72,,311116,36,0,5,1,72,,311122,36,0,5,2,32,,311130,36,0,5,1,72,,311142,36,0,5,1,33,,311136,36,0,5,2,72,,311117,36,0,5,1,32,,311123,36,0,5,2,72,,311131,36,0,5,1,32,,311143,36,0,5,1,72,,311137,36,0,5,2,32,,311118,36,0,5,1,73,,311124,36,0,5,2,33,,311132,36,0,5,1,71,,311144,36,0,5,1,73,,311138,36,0,5,2,33,,311119,36,0,5,1,73,,311125,36,0,5,2,33,,311133,36,0,5,1,73,,311145,36,0,5,1,33,,311139,36,0,5,2,72,,311120,36,0,5,1,31,,311126,36,0,5,2,71,,311113,36,0,5,1,30,,311114,36,0,5,2,70,,311140,36,0,5,2,29,,311147,36,0,5,1,70,,311127,36,0,5,2,31,,311148,36,0,5,1,72,,311111,36,0,5,1,32,,311149,36,0,5,2,72,,311128,36,0,5,2,30,,311146,36,0,5,1,70,,311112,36,0,5,1
