16503,'H50S000A-82-A',617,,330105,22,0,8,1,29,,330118,22,0,8,1,62,,330128,22,0,8,1,21,,330106,22,0,8,1,21,,330119,22,0,8,1,61,,330129,22,0,8,1,17,,330136,22,0,8,1,16,,330107,22,0,8,1,57,,330120,22,0,8,1,18,,330130,22,0,8,1,19,,330137,22,0,8,1,17,,330108,22,0,8,1,57,,330121,22,0,8,1,15,,330145,22,0,8,1,11,,330131,22,0,8,1,10,,330157,22,0,8,1,10,,330138,22,0,8,1,50,,330164,22,0,8,1,10,,330109,22,0,8,1,9,,330122,22,0,8,1,10,,330170,22,0,8,1,9,,330146,22,0,8,1,13,,330132,22,0,8,1,50,,330158,22,0,8,1,10,,330139,22,0,8,1,10,,330165,22,0,8,1,8,,330110,22,0,8,1,8,,330123,22,0,8,1,7,,330182,22,0,8,1,7,,330171,22,0,8,1,47,,330147,22,0,8,1,7,,330190,22,0,8,1,7,,330133,22,0,8,1,8,,330193,22,0,8,1,8,,330159,22,0,8,1,8,,330140,22,0,8,1,8,,330166,22,0,8,1,7,,330111,22,0,8,1,47,,330124,22,0,8,1,7,,330183,22,0,8,1,8,,330172,22,0,8,1,8,,330148,22,0,8,1,9,,330204,22,0,8,1,8,,330134,22,0,8,1,8,,330194,22,0,8,1,47,,330160,22,0,8,1,7,,330141,22,0,8,1,7,,330167,22,0,8,1,7,,330112,22,0,8,1,7,,330125,22,0,8,1,7,,330184,22,0,8,1,7,,330191,22,0,8,1,7,,330149,22,0,8,1,7,,330173,22,0,8,1,46,,330205,22,0,8,1,6,,330135,22,0,8,1,7,,330208,22,0,8,1,8,,330195,22,0,8,1,8,,330142,22,0,8,1,7,,330168,22,0,8,1,7,,330209,22,0,8,1,6,,330113,22,0,8,1,6,,330126,22,0,8,1,46,,330185,22,0,8,1,5,,330192,22,0,8,1,5,,330150,22,0,8,1,7,,330174,22,0,8,1,7,,330206,22,0,8,1,7,,330161,22,0,8,1,7,,330216,22,0,8,1,6,,330196,22,0,8,1,6,,330143,22,0,8,1,46,,330169,22,0,8,1,6,,330210,22,0,8,1,6,,330114,22,0,8,1,7,,330127,22,0,8,1,6,,330186,22,0,8,1,7,,330151,22,0,8,1,8,,330175,22,0,8,1,8,,330207,22,0,8,1,9,,330162,22,0,8,1,49,,330197,22,0,8,1,8,,330144,22,0,8,1,9,,330211,22,0,8,1,8,,330115,22,0,8,1,8,,330187,22,0,8,1,12,,330152,22,0,8,1,51,,330176,22,0,8,1,11,,330163,22,0,8,1,12,,330198,22,0,8,1,13,,330212,22,0,8,1,13,,330188,22,0,8,1,51,,330116,22,0,8,1,11,,330153,22,0,8,1,11,,330177,22,0,8,1,12,,330199,22,0,8,1,11,,330189,22,0,8,1,11,,330213,22,0,8,1,52,,330154,22,0,8,1,11,,330117,22,0,8,1,12,,330200,22,0,8,1,15,,330178,22,0,8,1,57,,330155,22,0,8,1,17,,330214,22,0,8,1,17,,330179,22,0,8,1,17,,330201,22,0,8,1,57,,330156,22,0,8,1,17,,330180,22,0,8,1,17,,330215,22,0,8,1,57,,330202,22,0,8,1,30,,330181,22,0,8,1,70,,330203,22,0,8,1
16503,'H50S000I-82-I',622,,330217,22,0,8,1,28,,330234,22,0,8,1,60,,330243,22,0,8,1,21,,330218,22,0,8,1,27,,330235,22,0,8,1,67,,330244,22,0,8,1,29,,330219,22,0,8,1,64,,330236,22,0,8,1,17,,330252,22,0,8,1,14,,330245,22,0,8,1,56,,330220,22,0,8,1,13,,330274,22,0,8,1,13,,330263,22,0,8,1,13,,330237,22,0,8,1,13,,330253,22,0,8,1,52,,330281,22,0,8,1,12,,330221,22,0,8,1,11,,330275,22,0,8,1,10,,330288,22,0,8,1,10,,330264,22,0,8,1,50,,330238,22,0,8,1,5,,330246,22,0,8,1,10,,330254,22,0,8,1,11,,330282,22,0,8,1,9,,330222,22,0,8,1,9,,330294,22,0,8,1,9,,330276,22,0,8,1,49,,330289,22,0,8,1,10,,330265,22,0,8,1,10,,330247,22,0,8,1,7,,330239,22,0,8,1,8,,330255,22,0,8,1,8,,330283,22,0,8,1,8,,330223,22,0,8,1,48,,330295,22,0,8,1,8,,330300,22,0,8,1,7,,330277,22,0,8,1,7,,330290,22,0,8,1,7,,330266,22,0,8,1,9,,330248,22,0,8,1,8,,330240,22,0,8,1,8,,330256,22,0,8,1,48,,330284,22,0,8,1,8,,330224,22,0,8,1,7,,330296,22,0,8,1,7,,330301,22,0,8,1,7,,330278,22,0,8,1,7,,330291,22,0,8,1,7,,330267,22,0,8,1,7,,330303,22,0,8,1,47,,330249,22,0,8,1,7,,330241,22,0,8,1,7,,330257,22,0,8,1,7,,330285,22,0,8,1,8,,330225,22,0,8,1,9,,330297,22,0,8,1,10,,330279,22,0,8,1,50,,330292,22,0,8,1,10,,330268,22,0,8,1,8,,330250,22,0,8,1,8,,330242,22,0,8,1,6,,330258,22,0,8,1,8,,330286,22,0,8,1,7,,330226,22,0,8,1,7,,330302,22,0,8,1,47,,330298,22,0,8,1,7,,330280,22,0,8,1,8,,330304,22,0,8,1,7,,330293,22,0,8,1,7,,330269,22,0,8,1,8,,330251,22,0,8,1,8,,330259,22,0,8,1,8,,330287,22,0,8,1,50,,330227,22,0,8,1,10,,330299,22,0,8,1,11,,330305,22,0,8,1,17,,330270,22,0,8,1,17,,330260,22,0,8,1,57,,330228,22,0,8,1,18,,330306,22,0,8,1,19,,330271,22,0,8,1,57,,330229,22,0,8,1,18,,330261,22,0,8,1,18,,330307,22,0,8,1,58,,330230,22,0,8,1,16,,330272,22,0,8,1,17,,330262,22,0,8,1,19,,330231,22,0,8,1,60,,330308,22,0,8,1,21,,330273,22,0,8,1,63,,330232,22,0,8,1,29,,330309,22,0,8,1,29,,330233,22,0,8,1,70,,330310,22,0,8,1
16503,'H50S000S-82-S',546,,330311,22,0,8,1,60,,330320,22,0,8,1,20,,330329,22,0,8,1,12,,330341,22,0,8,1,14,,330312,22,0,8,1,52,,330355,22,0,8,1,11,,330321,22,0,8,1,11,,330363,22,0,8,1,11,,330330,22,0,8,1,9,,330375,22,0,8,1,10,,330342,22,0,8,1,47,,330392,22,0,8,1,6,,330383,22,0,8,1,6,,330391,22,0,8,1,5,,330313,22,0,8,1,6,,330356,22,0,8,1,6,,330393,22,0,8,1,5,,330396,22,0,8,1,5,,330322,22,0,8,1,5,,330394,22,0,8,1,5,,330364,22,0,8,1,5,,330395,22,0,8,1,47,,330331,22,0,8,1,9,,330376,22,0,8,1,9,,330343,22,0,8,1,10,,330384,22,0,8,1,9,,330314,22,0,8,1,8,,330357,22,0,8,1,10,,330397,22,0,8,1,53,,330323,22,0,8,1,12,,330332,22,0,8,1,10,,330377,22,0,8,1,10,,330344,22,0,8,1,11,,330385,22,0,8,1,51,,330315,22,0,8,1,11,,330358,22,0,8,1,11,,330365,22,0,8,1,10,,330324,22,0,8,1,10,,330333,22,0,8,1,11,,330378,22,0,8,1,50,,330345,22,0,8,1,11,,330386,22,0,8,1,10,,330398,22,0,8,1,10,,330316,22,0,8,1,11,,330366,22,0,8,1,49,,330408,22,0,8,1,8,,330325,22,0,8,1,8,,330334,22,0,8,1,8,,330379,22,0,8,1,8,,330346,22,0,8,1,9,,330414,22,0,8,1,9,,330387,22,0,8,1,9,,330359,22,0,8,1,48,,330317,22,0,8,1,8,,330367,22,0,8,1,8,,330409,22,0,8,1,8,,330326,22,0,8,1,8,,330335,22,0,8,1,8,,330380,22,0,8,1,8,,330347,22,0,8,1,48,,330399,22,0,8,1,6,,330415,22,0,8,1,6,,330388,22,0,8,1,7,,330360,22,0,8,1,6,,330418,22,0,8,1,7,,330318,22,0,8,1,6,,330368,22,0,8,1,7,,330410,22,0,8,1,7,,330327,22,0,8,1,46,,330423,22,0,8,1,6,,330336,22,0,8,1,6,,330381,22,0,8,1,6,,330348,22,0,8,1,4,,330435,22,0,8,1,4,,330400,22,0,8,1,4,,330437,22,0,8,1,4,,330438,22,0,8,1,4,,330416,22,0,8,1,4,,330428,22,0,8,1,5,,330389,22,0,8,1,5,,330436,22,0,8,1,5,,330361,22,0,8,1,46,,330419,22,0,8,1,5,,330319,22,0,8,1,6,,330369,22,0,8,1,5,,330440,22,0,8,1,5,,330411,22,0,8,1,5,,330328,22,0,8,1,6,,330424,22,0,8,1,6,,330337,22,0,8,1,6,,330382,22,0,8,1,5,,330349,22,0,8,1,5,,330417,22,0,8,1,46,,330401,22,0,8,1,6,,330439,22,0,8,1,6,,330429,22,0,8,1,6,,330390,22,0,8,1,5,,330370,22,0,8,1,5,,330362,22,0,8,1,6,,330420,22,0,8,1,9,,330441,22,0,8,1,8,,330412,22,0,8,1,48,,330425,22,0,8,1,9,,330338,22,0,8,1,8,,330350,22,0,8,1,10,,330402,22,0,8,1,10,,330430,22,0,8,1,10,,330371,22,0,8,1,9,,330421,22,0,8,1,49,,330442,22,0,8,1,9,,330413,22,0,8,1,9,,330339,22,0,8,1,8,,330426,22,0,8,1,9,,330351,22,0,8,1,9,,330403,22,0,8,1,48,,330422,22,0,8,1,8,,330431,22,0,8,1,9,,330372,22,0,8,1,10,,330443,22,0,8,1,8,,330427,22,0,8,1,7,,330340,22,0,8,1,7,,330404,22,0,8,1,51,,330352,22,0,8,1,12,,330373,22,0,8,1,12,,330432,22,0,8,1,15,,330444,22,0,8,1,14,,330353,22,0,8,1,55,,330405,22,0,8,1,15,,330374,22,0,8,1,17,,330433,22,0,8,1,19,,330354,22,0,8,1,63,,330406,22,0,8,1,32,,330434,22,0,8,1,70,,330407,22,0,8,1
16503,'H50S100F-80-F1',622,,330445,22,0,8,1,28,,330462,22,0,8,1,60,,330471,22,0,8,1,21,,330446,22,0,8,1,27,,330463,22,0,8,1,67,,330472,22,0,8,1,29,,330447,22,0,8,1,64,,330464,22,0,8,1,17,,330480,22,0,8,1,14,,330473,22,0,8,1,56,,330448,22,0,8,1,13,,330502,22,0,8,1,13,,330491,22,0,8,1,13,,330465,22,0,8,1,13,,330481,22,0,8,1,52,,330509,22,0,8,1,12,,330449,22,0,8,1,11,,330503,22,0,8,1,10,,330516,22,0,8,1,10,,330492,22,0,8,1,50,,330466,22,0,8,1,5,,330474,22,0,8,1,10,,330482,22,0,8,1,11,,330510,22,0,8,1,9,,330450,22,0,8,1,9,,330522,22,0,8,1,9,,330504,22,0,8,1,49,,330517,22,0,8,1,10,,330493,22,0,8,1,10,,330475,22,0,8,1,7,,330467,22,0,8,1,8,,330483,22,0,8,1,8,,330511,22,0,8,1,8,,330451,22,0,8,1,48,,330523,22,0,8,1,8,,330528,22,0,8,1,7,,330505,22,0,8,1,7,,330518,22,0,8,1,7,,330494,22,0,8,1,9,,330476,22,0,8,1,8,,330468,22,0,8,1,8,,330484,22,0,8,1,48,,330512,22,0,8,1,8,,330452,22,0,8,1,7,,330524,22,0,8,1,7,,330529,22,0,8,1,7,,330506,22,0,8,1,7,,330519,22,0,8,1,7,,330495,22,0,8,1,7,,330531,22,0,8,1,47,,330477,22,0,8,1,7,,330469,22,0,8,1,7,,330485,22,0,8,1,7,,330513,22,0,8,1,8,,330453,22,0,8,1,9,,330525,22,0,8,1,10,,330507,22,0,8,1,50,,330520,22,0,8,1,10,,330496,22,0,8,1,8,,330478,22,0,8,1,8,,330470,22,0,8,1,6,,330486,22,0,8,1,8,,330514,22,0,8,1,7,,330454,22,0,8,1,7,,330530,22,0,8,1,47,,330526,22,0,8,1,7,,330508,22,0,8,1,8,,330532,22,0,8,1,7,,330521,22,0,8,1,7,,330497,22,0,8,1,8,,330479,22,0,8,1,8,,330487,22,0,8,1,8,,330515,22,0,8,1,50,,330455,22,0,8,1,10,,330527,22,0,8,1,11,,330533,22,0,8,1,17,,330498,22,0,8,1,17,,330488,22,0,8,1,57,,330456,22,0,8,1,18,,330534,22,0,8,1,19,,330499,22,0,8,1,57,,330457,22,0,8,1,18,,330489,22,0,8,1,18,,330535,22,0,8,1,58,,330458,22,0,8,1,16,,330500,22,0,8,1,17,,330490,22,0,8,1,19,,330459,22,0,8,1,60,,330536,22,0,8,1,21,,330501,22,0,8,1,63,,330460,22,0,8,1,29,,330537,22,0,8,1,29,,330461,22,0,8,1,70,,330538,22,0,8,1
16503,'H50S200F-80-F2',622,,330539,22,0,8,1,28,,330556,22,0,8,1,60,,330565,22,0,8,1,21,,330540,22,0,8,1,27,,330557,22,0,8,1,67,,330566,22,0,8,1,29,,330541,22,0,8,1,64,,330558,22,0,8,1,17,,330574,22,0,8,1,14,,330567,22,0,8,1,56,,330542,22,0,8,1,13,,330596,22,0,8,1,13,,330585,22,0,8,1,13,,330559,22,0,8,1,13,,330575,22,0,8,1,52,,330603,22,0,8,1,12,,330543,22,0,8,1,11,,330597,22,0,8,1,10,,330610,22,0,8,1,10,,330586,22,0,8,1,50,,330560,22,0,8,1,5,,330568,22,0,8,1,10,,330576,22,0,8,1,11,,330604,22,0,8,1,9,,330544,22,0,8,1,9,,330616,22,0,8,1,9,,330598,22,0,8,1,49,,330611,22,0,8,1,10,,330587,22,0,8,1,10,,330569,22,0,8,1,7,,330561,22,0,8,1,8,,330577,22,0,8,1,8,,330605,22,0,8,1,8,,330545,22,0,8,1,48,,330617,22,0,8,1,8,,330622,22,0,8,1,7,,330599,22,0,8,1,7,,330612,22,0,8,1,7,,330588,22,0,8,1,9,,330570,22,0,8,1,8,,330562,22,0,8,1,8,,330578,22,0,8,1,48,,330606,22,0,8,1,8,,330546,22,0,8,1,7,,330618,22,0,8,1,7,,330623,22,0,8,1,7,,330600,22,0,8,1,7,,330613,22,0,8,1,7,,330589,22,0,8,1,7,,330625,22,0,8,1,47,,330571,22,0,8,1,7,,330563,22,0,8,1,7,,330579,22,0,8,1,7,,330607,22,0,8,1,8,,330547,22,0,8,1,9,,330619,22,0,8,1,10,,330601,22,0,8,1,50,,330614,22,0,8,1,10,,330590,22,0,8,1,8,,330572,22,0,8,1,8,,330564,22,0,8,1,6,,330580,22,0,8,1,8,,330608,22,0,8,1,7,,330548,22,0,8,1,7,,330624,22,0,8,1,47,,330620,22,0,8,1,7,,330602,22,0,8,1,8,,330626,22,0,8,1,7,,330615,22,0,8,1,7,,330591,22,0,8,1,8,,330573,22,0,8,1,8,,330581,22,0,8,1,8,,330609,22,0,8,1,50,,330549,22,0,8,1,10,,330621,22,0,8,1,11,,330627,22,0,8,1,17,,330592,22,0,8,1,17,,330582,22,0,8,1,57,,330550,22,0,8,1,18,,330628,22,0,8,1,19,,330593,22,0,8,1,57,,330551,22,0,8,1,18,,330583,22,0,8,1,18,,330629,22,0,8,1,58,,330552,22,0,8,1,16,,330594,22,0,8,1,17,,330584,22,0,8,1,19,,330553,22,0,8,1,60,,330630,22,0,8,1,21,,330595,22,0,8,1,63,,330554,22,0,8,1,29,,330631,22,0,8,1,29,,330555,22,0,8,1,70,,330632,22,0,8,1
36903,'H50S000A-82-A',2548,,346958,26,0,8,2,70,,346961,26,0,8,1,17,,346952,26,0,8,1,12,,346953,26,0,8,1,11,,346956,26,0,8,1,50,,346959,26,0,8,2,11,,346962,26,0,8,1,13,,346964,26,0,8,2,16,,346954,26,0,8,1,57,,346957,26,0,8,1,14,,346960,26,0,8,2,13,,346963,26,0,8,1,14,,346955,26,0,8,1
36903,'H50S000I-82-I',2549,,346969,26,0,8,1,85,,346967,26,0,8,2,78,,346966,26,0,8,2,24,,346970,26,0,8,1,64,,346968,26,0,8,2,43,,346965,26,0,8,2
36903,'H50S000S-82-S',2549,,346974,26,0,8,1,52,,346971,26,0,8,1,26,,346977,26,0,8,1,22,,346975,26,0,8,1,79,,346972,26,0,8,1,80,,346976,26,0,8,1,37,,346973,26,0,8,1
36903,'H50S000S-82-SV',2613,,346978,26,0,8,2,23,,346979,26,0,8,2,72,,346981,26,0,8,2,40,,346980,26,0,8,2
36903,'H50S100F-80-F1',2549,,346986,26,0,8,1,85,,346984,26,0,8,2,78,,346983,26,0,8,2,24,,346987,26,0,8,1,64,,346985,26,0,8,2,43,,346982,26,0,8,2
36903,'H50S200F-80-F2',2549,,346992,26,0,8,1,85,,346990,26,0,8,2,78,,346989,26,0,8,2,24,,346993,26,0,8,1,64,,346991,26,0,8,2,43,,346988,26,0,8,2
