9001,'H56S000A-80-A',521,,311347,18,0,5,1,30,,311400,18,0,5,1,70,,311353,18,0,5,1,29,,311402,18,0,5,1,65,,311348,18,0,5,1,21,,311401,18,0,5,1,20,,311354,18,0,5,1,61,,311374,18,0,5,1,19,,311403,18,0,5,1,19,,311395,18,0,5,1,59,,311349,18,0,5,1,19,,311352,18,0,5,1,16,,311381,18,0,5,1,58,,311375,18,0,5,1,17,,311362,18,0,5,1,16,,311366,18,0,5,1,15,,311404,18,0,5,1,55,,311358,18,0,5,1,16,,311386,18,0,5,2,17,,311382,18,0,5,1,15,,311363,18,0,5,1,54,,311376,18,0,5,1,13,,311390,18,0,5,1,13,,311367,18,0,5,1,13,,311387,18,0,5,2,54,,311405,18,0,5,1,16,,311359,18,0,5,1,15,,311377,18,0,5,1,14,,311383,18,0,5,1,54,,311364,18,0,5,1,14,,311388,18,0,5,2,14,,311391,18,0,5,1,14,,311368,18,0,5,1,57,,311406,18,0,5,1,16,,311360,18,0,5,1,14,,311378,18,0,5,1,13,,311384,18,0,5,1,54,,311365,18,0,5,1,14,,311398,18,0,5,1,14,,311389,18,0,5,2,16,,311392,18,0,5,1,58,,311369,18,0,5,1,18,,311361,18,0,5,1,19,,311379,18,0,5,1,18,,311385,18,0,5,1,58,,311399,18,0,5,1,24,,311393,18,0,5,1,66,,311370,18,0,5,1,29,,311380,18,0,5,1,69,,311355,18,0,5,1,29,,311394,18,0,5,1,68,,311371,18,0,5,1,28,,311397,18,0,5,2,30,,311356,18,0,5,1,70,,311396,18,0,5,1,30,,311372,18,0,5,1,72,,311350,18,0,5,1,72,,311357,18,0,5,1,33,,311373,18,0,5,1,72,,311351,18,0,5,1
9001,'H56S000I-80-I',605,,311425,18,0,5,1,29,,311451,18,0,5,1,69,,311413,18,0,5,1,28,,311444,18,0,5,1,70,,311417,18,0,5,1,28,,311426,18,0,5,1,20,,311452,18,0,5,1,58,,311414,18,0,5,1,19,,311454,18,0,5,1,20,,311418,18,0,5,1,62,,311427,18,0,5,1,17,,311422,18,0,5,2,16,,311453,18,0,5,1,16,,311437,18,0,5,1,57,,311455,18,0,5,1,15,,311428,18,0,5,1,18,,311419,18,0,5,1,59,,311411,18,0,5,1,20,,311423,18,0,5,2,20,,311438,18,0,5,1,57,,311445,18,0,5,2,16,,311429,18,0,5,1,16,,311412,18,0,5,1,16,,311420,18,0,5,1,57,,311440,18,0,5,1,18,,311424,18,0,5,2,18,,311435,18,0,5,1,56,,311439,18,0,5,1,16,,311446,18,0,5,2,22,,311430,18,0,5,1,64,,311421,18,0,5,1,23,,311441,18,0,5,1,24,,311436,18,0,5,1,63,,311447,18,0,5,2,24,,311431,18,0,5,1,65,,311415,18,0,5,1,28,,311442,18,0,5,1,28,,311408,18,0,5,1,68,,311432,18,0,5,1,28,,311416,18,0,5,1,68,,311443,18,0,5,1,28,,311409,18,0,5,1,68,,311433,18,0,5,1,27,,311448,18,0,5,1,68,,311456,18,0,5,1,28,,311410,18,0,5,1,68,,311434,18,0,5,1,28,,311449,18,0,5,1,70,,311457,18,0,5,1,31,,311407,18,0,5,1,71,,311450,18,0,5,1
9001,'H56S000S-82-S',503,,311530,18,0,5,1,20,,311526,18,0,5,1,19,,311470,18,0,5,1,58,,311480,18,0,5,1,18,,311486,18,0,5,1,18,,311488,18,0,5,1,11,,311531,18,0,5,1,6,,311490,18,0,5,2,5,,311492,18,0,5,1,52,,311495,18,0,5,1,6,,311527,18,0,5,1,11,,311460,18,0,5,1,6,,311506,18,0,5,1,11,,311512,18,0,5,1,5,,311471,18,0,5,1,52,,311481,18,0,5,1,7,,311528,18,0,5,1,12,,311487,18,0,5,1,12,,311505,18,0,5,2,9,,311489,18,0,5,1,9,,311532,18,0,5,1,50,,311491,18,0,5,2,11,,311493,18,0,5,1,11,,311496,18,0,5,1,11,,311461,18,0,5,1,12,,311465,18,0,5,1,12,,311472,18,0,5,1,53,,311499,18,0,5,1,15,,311508,18,0,5,1,16,,311482,18,0,5,1,15,,311533,18,0,5,1,55,,311466,18,0,5,1,15,,311497,18,0,5,1,15,,311500,18,0,5,1,16,,311473,18,0,5,1,57,,311458,18,0,5,1,18,,311509,18,0,5,1,18,,311483,18,0,5,1,57,,311514,18,0,5,1,17,,311467,18,0,5,1,16,,311498,18,0,5,1,16,,311501,18,0,5,1,55,,311529,18,0,5,2,14,,311474,18,0,5,1,14,,311510,18,0,5,1,15,,311484,18,0,5,1,55,,311459,18,0,5,1,16,,311515,18,0,5,1,16,,311468,18,0,5,1,17,,311516,18,0,5,1,59,,311502,18,0,5,1,23,,311475,18,0,5,1,63,,311485,18,0,5,1,23,,311521,18,0,5,2,25,,311469,18,0,5,1,68,,311525,18,0,5,1,28,,311476,18,0,5,1,67,,311517,18,0,5,1,28,,311522,18,0,5,1,70,,311462,18,0,5,1,29,,311477,18,0,5,1,70,,311518,18,0,5,1,29,,311523,18,0,5,1,69,,311463,18,0,5,1,29,,311478,18,0,5,1,69,,311519,18,0,5,1,28,,311524,18,0,5,1,70,,311464,18,0,5,1,32,,311479,18,0,5,1,72,,311520,18,0,5,1
9001,'H56S100F-80-F1',605,,311552,18,0,5,1,29,,311578,18,0,5,1,69,,311540,18,0,5,1,28,,311571,18,0,5,1,70,,311544,18,0,5,1,28,,311553,18,0,5,1,20,,311579,18,0,5,1,58,,311541,18,0,5,1,19,,311581,18,0,5,1,20,,311545,18,0,5,1,62,,311554,18,0,5,1,17,,311549,18,0,5,2,16,,311580,18,0,5,1,16,,311564,18,0,5,1,57,,311582,18,0,5,1,15,,311555,18,0,5,1,18,,311546,18,0,5,1,59,,311538,18,0,5,1,20,,311550,18,0,5,2,20,,311565,18,0,5,1,57,,311572,18,0,5,2,16,,311556,18,0,5,1,16,,311539,18,0,5,1,16,,311547,18,0,5,1,57,,311567,18,0,5,1,18,,311551,18,0,5,2,18,,311562,18,0,5,1,56,,311566,18,0,5,1,16,,311573,18,0,5,2,22,,311557,18,0,5,1,64,,311548,18,0,5,1,23,,311568,18,0,5,1,24,,311563,18,0,5,1,63,,311574,18,0,5,2,24,,311558,18,0,5,1,65,,311542,18,0,5,1,28,,311569,18,0,5,1,28,,311535,18,0,5,1,68,,311559,18,0,5,1,28,,311543,18,0,5,1,68,,311570,18,0,5,1,28,,311536,18,0,5,1,68,,311560,18,0,5,1,27,,311575,18,0,5,1,68,,311583,18,0,5,1,28,,311537,18,0,5,1,68,,311561,18,0,5,1,28,,311576,18,0,5,1,70,,311584,18,0,5,1,31,,311534,18,0,5,1,71,,311577,18,0,5,1
9001,'H56S200F-80-F2',605,,311603,18,0,5,1,29,,311629,18,0,5,1,69,,311591,18,0,5,1,28,,311622,18,0,5,1,70,,311595,18,0,5,1,28,,311604,18,0,5,1,20,,311630,18,0,5,1,58,,311592,18,0,5,1,19,,311632,18,0,5,1,20,,311596,18,0,5,1,62,,311605,18,0,5,1,17,,311600,18,0,5,2,16,,311631,18,0,5,1,16,,311615,18,0,5,1,57,,311633,18,0,5,1,15,,311606,18,0,5,1,18,,311597,18,0,5,1,59,,311589,18,0,5,1,20,,311601,18,0,5,2,20,,311616,18,0,5,1,57,,311623,18,0,5,2,16,,311607,18,0,5,1,16,,311590,18,0,5,1,16,,311598,18,0,5,1,57,,311618,18,0,5,1,18,,311602,18,0,5,2,18,,311613,18,0,5,1,56,,311617,18,0,5,1,16,,311624,18,0,5,2,22,,311608,18,0,5,1,64,,311599,18,0,5,1,23,,311619,18,0,5,1,24,,311614,18,0,5,1,63,,311625,18,0,5,2,24,,311609,18,0,5,1,65,,311593,18,0,5,1,28,,311620,18,0,5,1,28,,311586,18,0,5,1,68,,311610,18,0,5,1,28,,311594,18,0,5,1,68,,311621,18,0,5,1,28,,311587,18,0,5,1,68,,311611,18,0,5,1,27,,311626,18,0,5,1,68,,311634,18,0,5,1,28,,311588,18,0,5,1,68,,311612,18,0,5,1,28,,311627,18,0,5,1,70,,311635,18,0,5,1,31,,311585,18,0,5,1,71,,311628,18,0,5,1
35601,'H56S000A-80-A',2613,,346198,59,0,5,2,43,,346199,59,0,5,1,92,,346195,59,0,5,2,92,,346197,59,0,5,1,82,,346196,59,0,5,1
35601,'H56S000I-80-I',2613,,346201,59,0,5,1,41,,346205,59,0,5,2,80,,346202,59,0,5,1,80,,346200,59,0,5,1,44,,346204,59,0,5,1,84,,346203,59,0,5,1
35601,'H56S000S-82-S',2626,,346208,59,0,5,1,33,,346210,59,0,5,1,74,,346211,59,0,5,2,74,,346206,59,0,5,1,46,,346209,59,0,5,2,89,,346207,59,0,5,1
35601,'H56S100F-80-F1',2613,,346213,59,0,5,1,41,,346217,59,0,5,2,80,,346214,59,0,5,1,80,,346212,59,0,5,1,44,,346216,59,0,5,1,84,,346215,59,0,5,1
35601,'H56S200F-80-F2',2613,,346219,59,0,5,1,41,,346223,59,0,5,2,80,,346220,59,0,5,1,80,,346218,59,0,5,1,44,,346222,59,0,5,1,84,,346221,59,0,5,1
