3402,'H59S000A-80-A',524,,295729,7,0,10,1,29,,295751,7,0,10,2,72,,295730,7,0,10,1,28,,295752,7,0,10,2,66,,295731,7,0,10,1,26,,295753,7,0,10,2,66,,295732,7,0,10,1,28,,295754,7,0,10,2,67,,295733,7,0,10,1,30,,295755,7,0,10,2,69,,295734,7,0,10,1,31,,295756,7,0,10,2,69,,295735,7,0,10,1,31,,295757,7,0,10,2,70,,295736,7,0,10,1,32,,295758,7,0,10,2,71,,295737,7,0,10,1,32,,295759,7,0,10,2,71,,295738,7,0,10,1,33,,295760,7,0,10,2,71,,295739,7,0,10,1,33,,295761,7,0,10,2,72,,295740,7,0,10,1,32,,295762,7,0,10,2,72,,295741,7,0,10,1,31,,295763,7,0,10,2,72,,295742,7,0,10,1,31,,295764,7,0,10,2,68,,295743,7,0,10,1,28,,295765,7,0,10,2,67,,295744,7,0,10,1,28,,295766,7,0,10,2,66,,295745,7,0,10,1,25,,295767,7,0,10,2,66,,295746,7,0,10,1,25,,295768,7,0,10,2,26,,295747,7,0,10,1,65,,295769,7,0,10,2,26,,295748,7,0,10,1,65,,295770,7,0,10,2,25,,295749,7,0,10,1,64,,295771,7,0,10,2,22,,295750,7,0,10,1
3402,'H59S000I-81-I',524,,295772,7,0,10,2,29,,295792,7,0,10,1,71,,295773,7,0,10,2,30,,295793,7,0,10,1,69,,295774,7,0,10,2,29,,295794,7,0,10,1,70,,295775,7,0,10,2,30,,295795,7,0,10,1,71,,295776,7,0,10,2,29,,295796,7,0,10,1,68,,295777,7,0,10,2,28,,295797,7,0,10,1,71,,295778,7,0,10,2,28,,295798,7,0,10,1,70,,295779,7,0,10,2,30,,295799,7,0,10,1,72,,295780,7,0,10,2,30,,295800,7,0,10,1,72,,295781,7,0,10,2,31,,295801,7,0,10,1,71,,295782,7,0,10,2,31,,295802,7,0,10,1,71,,295783,7,0,10,2,31,,295803,7,0,10,1,70,,295784,7,0,10,2,30,,295804,7,0,10,1,70,,295785,7,0,10,2,32,,295805,7,0,10,1,69,,295786,7,0,10,2,28,,295806,7,0,10,1,68,,295787,7,0,10,2,30,,295807,7,0,10,1,70,,295788,7,0,10,2,29,,295808,7,0,10,1,70,,295789,7,0,10,2,31,,295809,7,0,10,1,70,,295790,7,0,10,2,29,,295810,7,0,10,1,70,,295791,7,0,10,2,30,,295811,7,0,10,1,72,,295812,7,0,10,1
3402,'H59S000S-80-S',526,,295821,7,0,10,1,33,,295840,7,0,10,2,72,,295822,7,0,10,1,24,,295841,7,0,10,2,66,,295832,7,0,10,2,20,,295823,7,0,10,1,61,,295842,7,0,10,2,23,,295833,7,0,10,2,24,,295824,7,0,10,1,64,,295843,7,0,10,2,25,,295834,7,0,10,2,70,,295825,7,0,10,1,32,,295835,7,0,10,2,70,,295826,7,0,10,1,32,,295836,7,0,10,2,70,,295827,7,0,10,1,30,,295837,7,0,10,2,72,,295828,7,0,10,1,31,,295838,7,0,10,2,72,,295829,7,0,10,1,28,,295854,7,0,10,1,67,,295844,7,0,10,2,26,,295830,7,0,10,1,65,,295855,7,0,10,1,27,,295845,7,0,10,2,23,,295831,7,0,10,1,68,,295839,7,0,10,2,29,,295846,7,0,10,2,70,,295820,7,0,10,2,30,,295813,7,0,10,1,71,,295847,7,0,10,2,32,,295814,7,0,10,1,70,,295848,7,0,10,2,29,,295815,7,0,10,1,70,,295849,7,0,10,2,30,,295816,7,0,10,1,70,,295850,7,0,10,2,30,,295817,7,0,10,1,70,,295851,7,0,10,2,28,,295818,7,0,10,1,68,,295852,7,0,10,2,29,,295819,7,0,10,1,73,,295853,7,0,10,2
3402,'H59S100F-80-F1',524,,295856,7,0,10,2,29,,295876,7,0,10,1,71,,295857,7,0,10,2,30,,295877,7,0,10,1,69,,295858,7,0,10,2,29,,295878,7,0,10,1,70,,295859,7,0,10,2,30,,295879,7,0,10,1,71,,295860,7,0,10,2,29,,295880,7,0,10,1,68,,295861,7,0,10,2,28,,295881,7,0,10,1,71,,295862,7,0,10,2,28,,295882,7,0,10,1,70,,295863,7,0,10,2,30,,295883,7,0,10,1,72,,295864,7,0,10,2,30,,295884,7,0,10,1,72,,295865,7,0,10,2,31,,295885,7,0,10,1,71,,295866,7,0,10,2,31,,295886,7,0,10,1,71,,295867,7,0,10,2,31,,295887,7,0,10,1,70,,295868,7,0,10,2,30,,295888,7,0,10,1,70,,295869,7,0,10,2,32,,295889,7,0,10,1,69,,295870,7,0,10,2,28,,295890,7,0,10,1,68,,295871,7,0,10,2,30,,295891,7,0,10,1,70,,295872,7,0,10,2,29,,295892,7,0,10,1,70,,295873,7,0,10,2,31,,295893,7,0,10,1,70,,295874,7,0,10,2,29,,295894,7,0,10,1,70,,295875,7,0,10,2,30,,295895,7,0,10,1,72,,295896,7,0,10,1
3402,'H59S200F-80-F2',524,,295897,7,0,10,2,29,,295917,7,0,10,1,71,,295898,7,0,10,2,30,,295918,7,0,10,1,69,,295899,7,0,10,2,29,,295919,7,0,10,1,70,,295900,7,0,10,2,30,,295920,7,0,10,1,71,,295901,7,0,10,2,29,,295921,7,0,10,1,68,,295902,7,0,10,2,28,,295922,7,0,10,1,71,,295903,7,0,10,2,28,,295923,7,0,10,1,70,,295904,7,0,10,2,30,,295924,7,0,10,1,72,,295905,7,0,10,2,30,,295925,7,0,10,1,72,,295906,7,0,10,2,31,,295926,7,0,10,1,71,,295907,7,0,10,2,31,,295927,7,0,10,1,71,,295908,7,0,10,2,31,,295928,7,0,10,1,70,,295909,7,0,10,2,30,,295929,7,0,10,1,70,,295910,7,0,10,2,32,,295930,7,0,10,1,69,,295911,7,0,10,2,28,,295931,7,0,10,1,68,,295912,7,0,10,2,30,,295932,7,0,10,1,70,,295913,7,0,10,2,29,,295933,7,0,10,1,70,,295914,7,0,10,2,31,,295934,7,0,10,1,70,,295915,7,0,10,2,29,,295935,7,0,10,1,70,,295916,7,0,10,2,30,,295936,7,0,10,1,72,,295937,7,0,10,1
35302,'H54S000A-80-A',2544,,346060,70,0,10,1,85,,346058,70,0,10,1,85,,346059,70,0,10,1,86,,346057,70,0,10,2,45,,346061,70,0,10,1
35302,'H54S000I-80-I',2545,,346064,70,0,10,1,85,,346066,70,0,10,1,86,,346062,70,0,10,2,85,,346063,70,0,10,1,45,,346065,70,0,10,1
35302,'H54S000S-80-S',2544,,346069,70,0,10,1,85,,346070,70,0,10,1,85,,346067,70,0,10,1,86,,346071,70,0,10,2,45,,346068,70,0,10,1
35302,'H54S100F-80-F1',2545,,346074,70,0,10,1,85,,346076,70,0,10,1,86,,346072,70,0,10,2,85,,346073,70,0,10,1,45,,346075,70,0,10,1
35302,'H54S200F-80-F2',2545,,346079,70,0,10,1,85,,346081,70,0,10,1,86,,346077,70,0,10,2,85,,346078,70,0,10,1,45,,346080,70,0,10,1
