8502,'H59S000A-80-A',517,,310788,34,0,10,1,41,,310795,34,0,10,1,79,,310796,34,0,10,1,80,,310789,34,0,10,1,84,,310807,34,0,10,2,42,,310797,34,0,10,1,81,,310790,34,0,10,1,82,,310808,34,0,10,2,42,,310798,34,0,10,1,81,,310791,34,0,10,1,83,,310809,34,0,10,2,43,,310799,34,0,10,1,83,,310792,34,0,10,1,73,,310810,34,0,10,2,33,,310802,34,0,10,1,74,,310800,34,0,10,1,34,,310793,34,0,10,1,74,,310811,34,0,10,2,32,,310803,34,0,10,1,74,,310801,34,0,10,1,73,,310794,34,0,10,1,32,,310812,34,0,10,2,83,,310804,34,0,10,1,81,,310816,34,0,10,1,43,,310813,34,0,10,2,85,,310805,34,0,10,1,85,,310817,34,0,10,1,45,,310814,34,0,10,2,84,,310806,34,0,10,1,85,,310818,34,0,10,1,85,,310815,34,0,10,2
8502,'H59S000I-81-I',529,,310819,34,0,10,1,83,,310823,34,0,10,2,45,,310830,34,0,10,1,85,,310842,34,0,10,1,84,,310824,34,0,10,2,83,,310831,34,0,10,1,43,,310843,34,0,10,1,82,,310825,34,0,10,2,81,,310832,34,0,10,1,40,,310844,34,0,10,1,81,,310826,34,0,10,2,81,,310833,34,0,10,1,33,,310848,34,0,10,2,72,,310845,34,0,10,1,33,,310827,34,0,10,2,72,,310834,34,0,10,1,32,,310849,34,0,10,2,72,,310846,34,0,10,1,69,,310828,34,0,10,2,32,,310835,34,0,10,1,72,,310850,34,0,10,2,32,,310847,34,0,10,1,72,,310829,34,0,10,2,33,,310836,34,0,10,1,78,,310820,34,0,10,1,39,,310839,34,0,10,1,81,,310837,34,0,10,1,79,,310821,34,0,10,1,83,,310840,34,0,10,1,43,,310838,34,0,10,1,83,,310822,34,0,10,1,83,,310841,34,0,10,1
8502,'H59S000S-80-S',518,,310851,34,0,10,1,34,,310854,34,0,10,2,71,,310864,34,0,10,2,26,,310856,34,0,10,1,62,,310869,34,0,10,2,23,,310871,34,0,10,2,20,,310886,34,0,10,1,59,,310855,34,0,10,2,17,,310888,34,0,10,1,21,,310865,34,0,10,2,66,,310857,34,0,10,1,28,,310870,34,0,10,2,69,,310887,34,0,10,1,28,,310889,34,0,10,1,68,,310866,34,0,10,2,33,,310858,34,0,10,1,73,,310875,34,0,10,2,33,,310872,34,0,10,1,73,,310867,34,0,10,2,30,,310879,34,0,10,2,70,,310859,34,0,10,1,33,,310876,34,0,10,2,72,,310873,34,0,10,1,30,,310868,34,0,10,2,74,,310880,34,0,10,2,75,,310860,34,0,10,1,30,,310877,34,0,10,2,72,,310874,34,0,10,1,32,,310884,34,0,10,1,72,,310881,34,0,10,2,33,,310861,34,0,10,1,73,,310878,34,0,10,2,33,,310885,34,0,10,1,77,,310882,34,0,10,2,83,,310862,34,0,10,1,44,,310852,34,0,10,1,84,,310883,34,0,10,2,72,,310863,34,0,10,1,48,,310853,34,0,10,1
8502,'H59S100F-80-F1',529,,310890,34,0,10,1,83,,310891,34,0,10,2,45,,310898,34,0,10,1,85,,310910,34,0,10,1,84,,310892,34,0,10,2,83,,310899,34,0,10,1,43,,310911,34,0,10,1,82,,310893,34,0,10,2,81,,310900,34,0,10,1,40,,310912,34,0,10,1,81,,310894,34,0,10,2,81,,310901,34,0,10,1,33,,310919,34,0,10,2,72,,310913,34,0,10,1,33,,310895,34,0,10,2,72,,310902,34,0,10,1,32,,310920,34,0,10,2,72,,310914,34,0,10,1,69,,310896,34,0,10,2,32,,310903,34,0,10,1,72,,310921,34,0,10,2,32,,310915,34,0,10,1,72,,310897,34,0,10,2,33,,310904,34,0,10,1,78,,310916,34,0,10,1,39,,310907,34,0,10,1,81,,310905,34,0,10,1,79,,310917,34,0,10,1,83,,310908,34,0,10,1,43,,310906,34,0,10,1,83,,310918,34,0,10,1,83,,310909,34,0,10,1
8502,'H59S200F-80-F2',529,,310922,34,0,10,1,83,,310923,34,0,10,2,45,,310930,34,0,10,1,85,,310942,34,0,10,1,84,,310924,34,0,10,2,83,,310931,34,0,10,1,43,,310943,34,0,10,1,82,,310925,34,0,10,2,81,,310932,34,0,10,1,40,,310944,34,0,10,1,81,,310926,34,0,10,2,81,,310933,34,0,10,1,33,,310951,34,0,10,2,72,,310945,34,0,10,1,33,,310927,34,0,10,2,72,,310934,34,0,10,1,32,,310952,34,0,10,2,72,,310946,34,0,10,1,69,,310928,34,0,10,2,32,,310935,34,0,10,1,72,,310953,34,0,10,2,32,,310947,34,0,10,1,72,,310929,34,0,10,2,33,,310936,34,0,10,1,78,,310948,34,0,10,1,39,,310939,34,0,10,1,81,,310937,34,0,10,1,79,,310949,34,0,10,1,83,,310940,34,0,10,1,43,,310938,34,0,10,1,83,,310950,34,0,10,1,83,,310941,34,0,10,1
36202,'H54S000A-80-A',2621,,346682,83,0,10,2,88,,346684,83,0,10,1,45,,346681,83,0,10,1,85,,346680,83,0,10,1,82,,346683,83,0,10,1
36202,'H54S000I-80-I',2621,,346688,83,0,10,2,85,,346686,83,0,10,1,45,,346687,83,0,10,2,88,,346685,83,0,10,1,85,,346689,83,0,10,2
36202,'H54S000S-80-S',2621,,346691,83,0,10,2,85,,346694,83,0,10,1,45,,346693,83,0,10,1,88,,346690,83,0,10,1,85,,346692,83,0,10,1
36202,'H54S100F-80-F1',2621,,346698,83,0,10,2,85,,346696,83,0,10,1,45,,346697,83,0,10,2,88,,346695,83,0,10,1,85,,346699,83,0,10,2
36202,'H54S200F-80-F2',2621,,346703,83,0,10,2,85,,346701,83,0,10,1,45,,346702,83,0,10,2,88,,346700,83,0,10,1,85,,346704,83,0,10,2
