4101,'H58S000S-83-S',618,,297576,47,0,5,1,21,,297577,47,0,5,1,19,,297588,47,0,5,2,69,,297569,47,0,5,1,73,,297584,47,0,5,2,36,,297565,47,0,5,2,69,,297578,47,0,5,1,30,,297593,47,0,5,1,18,,297570,47,0,5,1,68,,297566,47,0,5,1,29,,297589,47,0,5,2,69,,297574,47,0,5,1,21,,297579,47,0,5,1,70,,297571,47,0,5,1,31,,297567,47,0,5,1,68,,297590,47,0,5,2,30,,297575,47,0,5,1,66,,297580,47,0,5,1,26,,297572,47,0,5,1,24,,297585,47,0,5,2,67,,297568,47,0,5,1,25,,297591,47,0,5,2,76,,297596,47,0,5,2,33,,297581,47,0,5,1,71,,297597,47,0,5,2,24,,297586,47,0,5,2,68,,297592,47,0,5,2,26,,297573,47,0,5,1,63,,297594,47,0,5,1,23,,297582,47,0,5,1,27,,297598,47,0,5,2,67,,297587,47,0,5,2,30,,297599,47,0,5,2,69,,297595,47,0,5,1,27,,297583,47,0,5,1
4101,'H58S100F-80-F1',618,,297601,47,0,5,2,30,,297605,47,0,5,2,70,,297609,47,0,5,1,32,,297611,47,0,5,1,77,,297604,47,0,5,1,30,,297602,47,0,5,2,69,,297606,47,0,5,2,24,,297610,47,0,5,1,70,,297612,47,0,5,1,506,,297615,47,0,5,2,31,,297617,47,0,5,2,69,,297607,47,0,5,2,28,,297600,47,0,5,1,67,,297613,47,0,5,2,30,,297614,47,0,5,1,69,,297616,47,0,5,2,24,,297618,47,0,5,2,64,,297608,47,0,5,2,23,,297603,47,0,5,1
4101,'H58S200F-80-F2',618,,297635,47,0,5,2,30,,297620,47,0,5,2,70,,297630,47,0,5,1,32,,297622,47,0,5,1,77,,297619,47,0,5,1,30,,297636,47,0,5,2,69,,297621,47,0,5,2,24,,297631,47,0,5,1,70,,297623,47,0,5,1,506,,297626,47,0,5,2,31,,297628,47,0,5,2,69,,297632,47,0,5,2,28,,297637,47,0,5,1,67,,297624,47,0,5,2,30,,297625,47,0,5,1,69,,297627,47,0,5,2,24,,297629,47,0,5,2,64,,297633,47,0,5,2,23,,297634,47,0,5,1
13903,'H58S000A-80-A',534,,325342,32,0,8,1,67,,325334,32,0,8,1,32,,325357,32,0,8,2,24,,325360,32,0,8,1,62,,325330,32,0,8,2,21,,325335,32,0,8,1,60,,325350,32,0,8,1,23,,325346,32,0,8,1,30,,325361,32,0,8,1,72,,325336,32,0,8,1,30,,325351,32,0,8,1,70,,325347,32,0,8,1,29,,325362,32,0,8,1,70,,325337,32,0,8,1,33,,325352,32,0,8,1,71,,325348,32,0,8,1,30,,325363,32,0,8,1,71,,325338,32,0,8,1,29,,325353,32,0,8,1,69,,325349,32,0,8,1,30,,325364,32,0,8,1,70,,325339,32,0,8,1,28,,325354,32,0,8,1,68,,325383,32,0,8,1,27,,325365,32,0,8,1,71,,325340,32,0,8,1,28,,325355,32,0,8,1,68,,325331,32,0,8,2,32,,325327,32,0,8,2,66,,325341,32,0,8,1,28,,325376,32,0,8,2,69,,325332,32,0,8,2,31,,325328,32,0,8,2,71,,325374,32,0,8,1,22,,325370,32,0,8,1,10,,325343,32,0,8,1,9,,325377,32,0,8,2,50,,325333,32,0,8,2,10,,325366,32,0,8,2,11,,325358,32,0,8,1,11,,325329,32,0,8,2,11,,325379,32,0,8,2,9,,325371,32,0,8,1,47,,325375,32,0,8,1,9,,325378,32,0,8,2,11,,325344,32,0,8,1,8,,325372,32,0,8,2,11,,325359,32,0,8,1,12,,325367,32,0,8,2,53,,325356,32,0,8,1,13,,325380,32,0,8,2,15,,325382,32,0,8,1,15,,325345,32,0,8,1,56,,325369,32,0,8,1,15,,325368,32,0,8,2,21,,325373,32,0,8,2,63,,325381,32,0,8,2
13903,'H58S000I-80-I',535,,325396,32,0,8,2,70,,325386,32,0,8,2,33,,325403,32,0,8,1,70,,325406,32,0,8,1,29,,325387,32,0,8,2,65,,325415,32,0,8,1,26,,325420,32,0,8,2,24,,325407,32,0,8,1,70,,325388,32,0,8,2,32,,325416,32,0,8,1,70,,325421,32,0,8,2,29,,325408,32,0,8,1,70,,325389,32,0,8,2,31,,325417,32,0,8,1,71,,325422,32,0,8,2,31,,325409,32,0,8,1,72,,325390,32,0,8,2,28,,325418,32,0,8,1,69,,325423,32,0,8,2,30,,325410,32,0,8,1,71,,325391,32,0,8,2,29,,325419,32,0,8,1,69,,325424,32,0,8,2,29,,325411,32,0,8,1,69,,325392,32,0,8,2,29,,325431,32,0,8,2,68,,325425,32,0,8,2,28,,325412,32,0,8,1,67,,325393,32,0,8,2,29,,325432,32,0,8,2,68,,325426,32,0,8,2,29,,325413,32,0,8,1,65,,325394,32,0,8,2,24,,325433,32,0,8,2,17,,325397,32,0,8,2,11,,325427,32,0,8,2,51,,325398,32,0,8,1,12,,325404,32,0,8,1,12,,325414,32,0,8,1,10,,325395,32,0,8,2,13,,325401,32,0,8,1,54,,325434,32,0,8,2,14,,325399,32,0,8,1,15,,325428,32,0,8,2,13,,325384,32,0,8,1,55,,325405,32,0,8,1,15,,325435,32,0,8,2,16,,325402,32,0,8,1,16,,325400,32,0,8,1,56,,325430,32,0,8,1,15,,325385,32,0,8,1,18,,325429,32,0,8,2,63,,325436,32,0,8,2
13903,'H58S000S-83-S',529,,325438,32,0,8,1,30,,325447,32,0,8,2,74,,325444,32,0,8,1,69,,325453,32,0,8,2,33,,325439,32,0,8,1,70,,325448,32,0,8,2,31,,325445,32,0,8,1,69,,325454,32,0,8,2,31,,325440,32,0,8,1,71,,325449,32,0,8,2,30,,325446,32,0,8,1,69,,325455,32,0,8,2,29,,325441,32,0,8,1,69,,325450,32,0,8,2,30,,325472,32,0,8,1,71,,325456,32,0,8,2,30,,325442,32,0,8,1,70,,325451,32,0,8,2,30,,325473,32,0,8,1,73,,325457,32,0,8,2,32,,325443,32,0,8,1,72,,325452,32,0,8,2,33,,325474,32,0,8,1,72,,325462,32,0,8,1,32,,325458,32,0,8,2,68,,325466,32,0,8,1,28,,325475,32,0,8,1,67,,325463,32,0,8,1,27,,325459,32,0,8,2,68,,325467,32,0,8,1,28,,325476,32,0,8,1,68,,325464,32,0,8,1,28,,325460,32,0,8,2,28,,325468,32,0,8,1,68,,325477,32,0,8,1,27,,325465,32,0,8,1,68,,325461,32,0,8,2,29,,325469,32,0,8,1,69,,325478,32,0,8,2,27,,325471,32,0,8,1,67,,325437,32,0,8,1,28,,325470,32,0,8,1,58,,325479,32,0,8,2
13903,'H58S100F-80-F1',535,,325490,32,0,8,2,70,,325480,32,0,8,1,33,,325503,32,0,8,1,70,,325505,32,0,8,2,29,,325481,32,0,8,1,65,,325518,32,0,8,2,26,,325493,32,0,8,1,24,,325506,32,0,8,2,70,,325482,32,0,8,1,32,,325519,32,0,8,2,70,,325494,32,0,8,1,29,,325507,32,0,8,2,70,,325483,32,0,8,1,31,,325520,32,0,8,2,71,,325495,32,0,8,1,31,,325508,32,0,8,2,72,,325484,32,0,8,1,28,,325521,32,0,8,2,69,,325496,32,0,8,1,30,,325509,32,0,8,2,71,,325485,32,0,8,1,29,,325522,32,0,8,2,69,,325497,32,0,8,1,29,,325510,32,0,8,2,69,,325486,32,0,8,1,29,,325523,32,0,8,2,68,,325498,32,0,8,1,28,,325511,32,0,8,2,67,,325487,32,0,8,1,29,,325524,32,0,8,2,68,,325499,32,0,8,1,29,,325512,32,0,8,2,65,,325488,32,0,8,1,24,,325527,32,0,8,1,17,,325525,32,0,8,2,11,,325531,32,0,8,2,51,,325500,32,0,8,1,12,,325513,32,0,8,2,12,,325532,32,0,8,2,10,,325489,32,0,8,1,13,,325529,32,0,8,2,54,,325515,32,0,8,1,14,,325501,32,0,8,1,15,,325526,32,0,8,2,13,,325491,32,0,8,2,55,,325514,32,0,8,2,15,,325516,32,0,8,1,16,,325530,32,0,8,2,16,,325502,32,0,8,1,56,,325528,32,0,8,1,15,,325492,32,0,8,2,18,,325504,32,0,8,2,63,,325517,32,0,8,1
13903,'H58S200F-80-F2',535,,325578,32,0,8,2,70,,325539,32,0,8,1,33,,325579,32,0,8,1,70,,325549,32,0,8,2,29,,325540,32,0,8,1,65,,325569,32,0,8,2,26,,325559,32,0,8,1,24,,325550,32,0,8,2,70,,325541,32,0,8,1,32,,325570,32,0,8,2,70,,325560,32,0,8,1,29,,325551,32,0,8,2,70,,325542,32,0,8,1,31,,325571,32,0,8,2,71,,325561,32,0,8,1,31,,325552,32,0,8,2,72,,325543,32,0,8,1,28,,325572,32,0,8,2,69,,325562,32,0,8,1,30,,325553,32,0,8,2,71,,325544,32,0,8,1,29,,325573,32,0,8,2,69,,325563,32,0,8,1,29,,325554,32,0,8,2,69,,325545,32,0,8,1,29,,325574,32,0,8,2,68,,325564,32,0,8,1,28,,325555,32,0,8,2,67,,325546,32,0,8,1,29,,325575,32,0,8,2,68,,325565,32,0,8,1,29,,325556,32,0,8,2,65,,325547,32,0,8,1,24,,325537,32,0,8,1,17,,325576,32,0,8,2,11,,325535,32,0,8,2,51,,325566,32,0,8,1,12,,325557,32,0,8,2,12,,325583,32,0,8,2,10,,325548,32,0,8,1,13,,325584,32,0,8,2,54,,325580,32,0,8,1,14,,325567,32,0,8,1,15,,325577,32,0,8,2,13,,325533,32,0,8,2,55,,325558,32,0,8,2,15,,325581,32,0,8,1,16,,325585,32,0,8,2,16,,325568,32,0,8,1,56,,325538,32,0,8,1,15,,325534,32,0,8,2,18,,325536,32,0,8,2,63,,325582,32,0,8,1
35503,'H54S000A-80-A',2614,,346136,60,0,8,1,30,,346135,60,0,8,2,64,,346139,60,0,8,1,25,,346134,60,0,8,2,71,,346133,60,0,8,1,24,,346138,60,0,8,1,80,,346137,60,0,8,1,30,,346140,60,0,8,1
35503,'H54S000I-80-I',2608,,346141,60,0,8,1,46,,346145,60,0,8,2,86,,346143,60,0,8,1,88,,346144,60,0,8,2,86,,346142,60,0,8,1,26,,346146,60,0,8,2
35503,'H54S000S-80-S',2611,,346150,60,0,8,1,44,,346148,60,0,8,2,86,,346147,60,0,8,1,86,,346152,60,0,8,2,79,,346151,60,0,8,1,33,,346149,60,0,8,2
35503,'H54S100F-80-F1',2608,,346153,60,0,8,1,46,,346157,60,0,8,2,86,,346155,60,0,8,1,88,,346156,60,0,8,2,86,,346154,60,0,8,1,26,,346158,60,0,8,2
35503,'H54S200F-80-F2',2608,,346159,60,0,8,1,46,,346163,60,0,8,2,86,,346161,60,0,8,1,88,,346162,60,0,8,2,86,,346160,60,0,8,1,26,,346164,60,0,8,2
