4802,'H54S000S-80-S',930,,299904,15,0,10,2
4802,'H57S000S-80-S',543,,299905,15,0,99 23 3 24,1,878,,299906,15,0,10,1
4802,'H58S000A-80-A',452,,299907,15,0,10,1,70,,299914,15,0,10,2,20,,299916,15,0,10,2,60,,299925,15,0,10,1,20,,299941,15,0,99 23 3 24,2,18,,299908,15,0,10,1,12,,299948,15,0,99 23 3 24,1,53,,299915,15,0,10,2,14,,299952,15,0,10,1,12,,299943,15,0,99 23 3 24,2,11,,299917,15,0,10,2,10,,299924,15,0,10,1,50,,299963,15,0,99 23 3 24,1,10,,299926,15,0,10,1,10,,299923,15,0,10,2,10,,299955,15,0,99 23 3 24,2,12,,299909,15,0,10,1,56,,299933,15,0,99 23 3 24,1,16,,299910,15,0,10,2,16,,299918,15,0,99 23 3 24,2,16,,299945,15,0,10,1,55,,299964,15,0,10,1,14,,299927,15,0,99 23 3 24,1,14,,299966,15,0,10,2,13,,299956,15,0,10,2,14,,299934,15,0,99 23 3 24,1,54,,299911,15,0,10,2,15,,299919,15,0,99 23 3 24,2,13,,299970,15,0,10,2,13,,299946,15,0,10,1,53,,299939,15,0,99 23 3 24,2,13,,299928,15,0,10,1,13,,299967,15,0,99 23 3 24,2,14,,299957,15,0,10,2,54,,299935,15,0,99 23 3 24,1,12,,299912,15,0,10,2,11,,299975,15,0,99 23 3 24,1,10,,299920,15,0,10,2,10,,299971,15,0,99 23 3 24,2,10,,299977,15,0,10,2,49,,299947,15,0,99 23 3 24,1,11,,299940,15,0,10,2,11,,299929,15,0,99 23 3 24,1,12,,299968,15,0,10,2,13,,299958,15,0,99 23 3 24,2,55,,299936,15,0,10,1,16,,299913,15,0,99 23 3 24,2,17,,299921,15,0,10,2,16,,299972,15,0,10,2,57,,299978,15,0,99 23 3 24,2,17,,299930,15,0,10,1,14,,299944,15,0,99 23 3 24,2,14,,299969,15,0,10,2,55,,299959,15,0,99 23 3 24,2,17,,299937,15,0,10,1,16,,299922,15,0,99 23 3 24,2,16,,299973,15,0,10,2,55,,299979,15,0,99 23 3 24,2,16,,299931,15,0,10,1,16,,299953,15,0,10,1,61,,299960,15,0,99 23 3 24,2,19,,299949,15,0,10,1,16,,299938,15,0,10,1,16,,299974,15,0,99 23 3 24,2,57,,299980,15,0,10,2,18,,299932,15,0,99 23 3 24,1,24,,299954,15,0,10,2,65,,299961,15,0,99 23 3 24,2,30,,299951,15,0,10,1,69,,299981,15,0,99 23 3 24,2,28,,299942,15,0,10,1,68,,299962,15,0,99 23 3 24,2,31,,299965,15,0,10,1,71,,299982,15,0,99 23 3 24,2,33,,299950,15,0,10,2,71,,299976,15,0,99 23 3 24,1
4802,'H58S000I-80-I',457,,299983,15,0,10,1,68,,299991,15,0,99 23 3 24,2,23,,299995,15,0,10,1,62,,300009,15,0,10,2,22,,300007,15,0,99 23 3 24,1,16,,300001,15,0,10,1,55,,299984,15,0,10,1,16,,299985,15,0,10,2,15,,299992,15,0,99 23 3 24,2,15,,299996,15,0,10,1,54,,300010,15,0,10,2,14,,299994,15,0,10,1,14,,300018,15,0,99 23 3 24,1,14,,300008,15,0,10,1,56,,300005,15,0,10,2,14,,299986,15,0,99 23 3 24,2,14,,300029,15,0,10,1,12,,299997,15,0,99 23 3 24,1,14,,300030,15,0,10,2,55,,300011,15,0,99 23 3 24,2,14,,300031,15,0,10,1,15,,300019,15,0,99 23 3 24,1,15,,300006,15,0,10,2,56,,300033,15,0,99 23 3 24,2,15,,299987,15,0,10,2,15,,299998,15,0,99 23 3 24,1,14,,300034,15,0,10,2,54,,300012,15,0,99 23 3 24,2,14,,300032,15,0,10,1,14,,300038,15,0,99 23 3 24,2,15,,300020,15,0,10,1,55,,300015,15,0,10,2,14,,299988,15,0,99 23 3 24,2,14,,299999,15,0,10,1,16,,300045,15,0,99 23 3 24,2,55,,300035,15,0,10,2,15,,300013,15,0,99 23 3 24,2,15,,300039,15,0,10,2,14,,300021,15,0,99 23 3 24,1,55,,300016,15,0,10,2,15,,299989,15,0,99 23 3 24,2,15,,300000,15,0,10,1,15,,300046,15,0,99 23 3 24,2,55,,300036,15,0,10,2,14,,300014,15,0,99 23 3 24,2,14,,300040,15,0,10,2,13,,300022,15,0,99 23 3 24,1,57,,300017,15,0,10,2,20,,299990,15,0,99 23 3 24,2,20,,300047,15,0,10,2,60,,300037,15,0,10,2,18,,300041,15,0,99 23 3 24,2,19,,300023,15,0,10,1,17,,299993,15,0,99 23 3 24,2,65,,300048,15,0,10,2,26,,300002,15,0,99 23 3 24,1,66,,300042,15,0,10,2,31,,300024,15,0,99 23 3 24,1,71,,300027,15,0,10,2,30,,300003,15,0,99 23 3 24,1,69,,300043,15,0,10,2,27,,300025,15,0,99 23 3 24,1,67,,300028,15,0,10,2,31,,300004,15,0,99 23 3 24,1,71,,300044,15,0,10,2,32,,300026,15,0,10,1
4802,'H58S000S-83-S',431,,300049,15,0,10,1,17,,300051,15,0,10,1,54,,300053,15,0,99 23 3 24,2,12,,300055,15,0,10,2,9,,300064,15,0,10,2,10,,300065,15,0,10,2,18,,300073,15,0,10,2,8,,300083,15,0,99 23 3 24,2,49,,300094,15,0,10,2,8,,300066,15,0,10,1,6,,300096,15,0,99 23 3 24,1,6,,300097,15,0,10,2,4,,300102,15,0,10,2,4,,300050,15,0,10,1,7,,300105,15,0,10,2,6,,300107,15,0,10,2,6,,300054,15,0,10,2,4,,300108,15,0,10,2,46,,300109,15,0,10,1,6,,300056,15,0,10,2,6,,300116,15,0,99 23 3 24,2,9,,300120,15,0,10,2,8,,300052,15,0,10,2,8,,300125,15,0,10,2,8,,300126,15,0,99 23 3 24,1,9,,300084,15,0,10,2,49,,300128,15,0,10,2,9,,300095,15,0,99 23 3 24,2,10,,300091,15,0,10,1,9,,300067,15,0,10,1,10,,300079,15,0,99 23 3 24,1,10,,300103,15,0,10,2,50,,300104,15,0,10,2,12,,300110,15,0,99 23 3 24,1,22,,300121,15,0,10,2,12,,300085,15,0,99 23 3 24,2,54,,300127,15,0,10,1,12,,300129,15,0,99 23 3 24,2,11,,300117,15,0,10,1,11,,300092,15,0,99 23 3 24,1,12,,300068,15,0,10,1,52,,300080,15,0,99 23 3 24,1,12,,300074,15,0,10,2,11,,300111,15,0,99 23 3 24,1,11,,300063,15,0,10,1,12,,300122,15,0,10,2,53,,300086,15,0,99 23 3 24,2,12,,300057,15,0,10,1,13,,300130,15,0,10,2,12,,300118,15,0,99 23 3 24,1,13,,300069,15,0,10,1,53,,300081,15,0,99 23 3 24,1,10,,300133,15,0,10,1,11,,300075,15,0,10,2,11,,300071,15,0,99 23 3 24,2,10,,300132,15,0,10,2,10,,300123,15,0,10,2,52,,300087,15,0,99 23 3 24,2,21,,300058,15,0,10,1,10,,300131,15,0,99 23 3 24,2,10,,300119,15,0,10,1,53,,300070,15,0,10,1,13,,300082,15,0,99 23 3 24,1,17,,300076,15,0,10,2,17,,300072,15,0,99 23 3 24,2,56,,300124,15,0,10,2,16,,300088,15,0,99 23 3 24,2,16,,300137,15,0,10,2,17,,300059,15,0,99 23 3 24,1,54,,300060,15,0,10,2,19,,300138,15,0,10,2,18,,300077,15,0,99 23 3 24,2,54,,300098,15,0,10,1,14,,300136,15,0,10,2,22,,300089,15,0,99 23 3 24,2,21,,300114,15,0,10,1,56,,300061,15,0,99 23 3 24,2,17,,300112,15,0,10,1,18,,300134,15,0,99 23 3 24,1,57,,300099,15,0,10,1,19,,300139,15,0,99 23 3 24,2,19,,300090,15,0,10,2,59,,300115,15,0,99 23 3 24,1,23,,300113,15,0,10,1,22,,300135,15,0,99 23 3 24,1,65,,300100,15,0,10,1,24,,300062,15,0,99 23 3 24,2,70,,300078,15,0,10,1,28,,300093,15,0,99 23 3 24,1,67,,300101,15,0,10,1,40,,300106,15,0,99 23 3 24,2
4802,'H58S100F-80-F1',457,,300140,15,0,10,2,68,,300143,15,0,99 23 3 24,1,23,,300156,15,0,10,2,62,,300171,15,0,10,1,22,,300168,15,0,99 23 3 24,2,16,,300175,15,0,10,2,55,,300141,15,0,10,2,16,,300182,15,0,10,1,15,,300157,15,0,99 23 3 24,2,15,,300187,15,0,10,1,54,,300172,15,0,10,1,14,,300155,15,0,10,1,14,,300188,15,0,99 23 3 24,2,14,,300176,15,0,10,2,56,,300169,15,0,10,2,14,,300183,15,0,99 23 3 24,1,14,,300142,15,0,10,2,12,,300158,15,0,99 23 3 24,2,14,,300193,15,0,10,2,55,,300189,15,0,99 23 3 24,1,14,,300173,15,0,10,1,15,,300177,15,0,99 23 3 24,2,15,,300170,15,0,10,2,56,,300154,15,0,99 23 3 24,1,15,,300144,15,0,10,1,15,,300184,15,0,99 23 3 24,1,14,,300159,15,0,10,2,54,,300190,15,0,99 23 3 24,1,14,,300174,15,0,10,1,14,,300197,15,0,99 23 3 24,2,15,,300178,15,0,10,2,55,,300194,15,0,10,2,14,,300145,15,0,99 23 3 24,1,14,,300185,15,0,10,1,16,,300149,15,0,99 23 3 24,1,55,,300160,15,0,10,2,15,,300191,15,0,99 23 3 24,1,15,,300198,15,0,10,2,14,,300179,15,0,99 23 3 24,2,55,,300195,15,0,10,2,15,,300146,15,0,99 23 3 24,1,15,,300186,15,0,10,1,15,,300150,15,0,99 23 3 24,1,55,,300161,15,0,10,2,14,,300192,15,0,99 23 3 24,1,14,,300199,15,0,10,2,13,,300180,15,0,99 23 3 24,2,57,,300196,15,0,10,2,20,,300147,15,0,99 23 3 24,1,20,,300200,15,0,10,1,60,,300162,15,0,10,2,18,,300204,15,0,99 23 3 24,2,19,,300181,15,0,10,2,17,,300205,15,0,99 23 3 24,2,65,,300148,15,0,10,1,26,,300201,15,0,99 23 3 24,1,66,,300163,15,0,10,2,31,,300151,15,0,99 23 3 24,1,71,,300166,15,0,10,2,30,,300202,15,0,99 23 3 24,1,69,,300164,15,0,10,2,27,,300152,15,0,99 23 3 24,1,67,,300167,15,0,10,2,31,,300203,15,0,99 23 3 24,1,71,,300165,15,0,10,2,32,,300153,15,0,10,1
4802,'H58S200F-80-F2',457,,300244,15,0,10,2,68,,300266,15,0,99 23 3 24,1,23,,300206,15,0,10,2,62,,300232,15,0,10,1,22,,300228,15,0,99 23 3 24,2,16,,300221,15,0,10,2,55,,300245,15,0,10,2,16,,300236,15,0,10,1,15,,300207,15,0,99 23 3 24,2,15,,300270,15,0,10,1,54,,300233,15,0,10,1,14,,300269,15,0,10,1,14,,300231,15,0,99 23 3 24,2,14,,300222,15,0,10,2,56,,300229,15,0,10,2,14,,300237,15,0,99 23 3 24,1,14,,300246,15,0,10,2,12,,300208,15,0,99 23 3 24,2,14,,300256,15,0,10,2,55,,300252,15,0,99 23 3 24,1,14,,300234,15,0,10,1,15,,300223,15,0,99 23 3 24,2,15,,300230,15,0,10,2,56,,300271,15,0,99 23 3 24,1,15,,300216,15,0,10,1,15,,300238,15,0,99 23 3 24,1,14,,300209,15,0,10,2,54,,300253,15,0,99 23 3 24,1,14,,300235,15,0,10,1,14,,300241,15,0,99 23 3 24,2,15,,300224,15,0,10,2,55,,300257,15,0,10,2,14,,300217,15,0,99 23 3 24,1,14,,300239,15,0,10,1,16,,300247,15,0,99 23 3 24,1,55,,300210,15,0,10,2,15,,300254,15,0,99 23 3 24,1,15,,300242,15,0,10,2,14,,300225,15,0,99 23 3 24,2,55,,300258,15,0,10,2,15,,300218,15,0,99 23 3 24,1,15,,300240,15,0,10,1,15,,300248,15,0,99 23 3 24,1,55,,300211,15,0,10,2,14,,300255,15,0,99 23 3 24,1,14,,300243,15,0,10,2,13,,300226,15,0,99 23 3 24,2,57,,300259,15,0,10,2,20,,300219,15,0,99 23 3 24,1,20,,300260,15,0,10,1,60,,300212,15,0,10,2,18,,300264,15,0,99 23 3 24,2,19,,300227,15,0,10,2,17,,300265,15,0,99 23 3 24,2,65,,300220,15,0,10,1,26,,300261,15,0,99 23 3 24,1,66,,300213,15,0,10,2,31,,300249,15,0,99 23 3 24,1,71,,300267,15,0,10,2,30,,300262,15,0,99 23 3 24,1,69,,300214,15,0,10,2,27,,300250,15,0,99 23 3 24,1,67,,300268,15,0,10,2,31,,300263,15,0,99 23 3 24,1,71,,300215,15,0,10,2,32,,300251,15,0,10,1
4802,'H59S000S-80-S',640,,300272,15,0,99 23 3 24,2
37202,'H54S000A-80-A',2544,,347183,12,0,10,1,90,,347182,12,0,10,1,85,,347184,12,0,10,1,84,,347185,12,0,10,1,50,,347181,12,0,10,2
37202,'H54S000I-80-I',2549,,347189,12,0,10,1,85,,347188,12,0,10,2,86,,347187,12,0,10,1,87,,347186,12,0,10,1,49,,347190,12,0,10,1
37202,'H54S000S-80-S',2525,,347194,12,0,10,2,80,,347193,12,0,10,2,40,,347191,12,0,10,1,82,,347196,12,0,10,2,82,,347192,12,0,10,1,47,,347195,12,0,10,2
37202,'H54S100F-80-F1',2549,,347200,12,0,10,1,85,,347199,12,0,10,2,86,,347198,12,0,10,1,87,,347197,12,0,10,1,49,,347201,12,0,10,1
37202,'H54S200F-80-F2',2549,,347205,12,0,10,1,85,,347204,12,0,10,2,86,,347203,12,0,10,1,87,,347202,12,0,10,1,49,,347206,12,0,10,1
44904,'H51S000S-81-S',704,,349222,23,0,9,2
44904,'H54S000S-80-S',540,,349233,23,0,9,2,10,,349238,23,0,9,2,50,,349234,23,0,9,2,9,,349232,23,0,9,2,10,,349231,23,0,9,2,10,,349245,23,0,9,1,10,,349270,23,0,9,2,9,,349235,23,0,9,2,65,,349240,23,0,9,2,7,,349254,23,0,9,2,7,,349256,23,0,9,2,8,,349239,23,0,9,2,8,,349224,23,0,9,2,9,,349261,23,0,9,2,49,,349226,23,0,9,2,12,,349246,23,0,9,1,14,,349241,23,0,9,1,22,,349269,23,0,9,1,62,,349255,23,0,9,2,22,,349225,23,0,9,2,22,,349247,23,0,9,1,62,,349242,23,0,9,1,22,,349227,23,0,9,2,65,,349262,23,0,9,2,30,,349248,23,0,9,1,68,,349257,23,0,9,2,29,,349243,23,0,9,1,28,,349263,23,0,9,2,66,,349249,23,0,9,1,26,,349258,23,0,9,2,67,,349244,23,0,9,1,28,,349264,23,0,9,2,67,,349250,23,0,9,1,26,,349259,23,0,9,2,63,,349266,23,0,9,2,23,,349267,23,0,9,1,25,,349265,23,0,9,2,68,,349251,23,0,9,1,28,,349260,23,0,9,2,70,,349268,23,0,9,1,29,,349228,23,0,9,2,70,,349252,23,0,9,1,29,,349236,23,0,9,2,69,,349223,23,0,9,2,30,,349229,23,0,9,2,70,,349253,23,0,9,1,30,,349237,23,0,9,2,70,,349230,23,0,9,2
44904,'H57S000S-80-S',657,,349271,23,0,9,1
