4802,'H54S000S-80-S',945,,299904,35,0,10,2
4802,'H57S000S-80-S',557,,299905,38,0,99 23 3 24,1,879,,299906,35,0,10,1
4802,'H58S000A-80-A',505,,299907,35,0,10,1,30,,299914,35,0,10,2,20,,299916,35,0,10,2,60,,299925,35,0,10,1,21,,299941,38,0,99 23 3 24,2,17,,299908,35,0,10,1,53,,299948,38,0,99 23 3 24,1,12,,299915,35,0,10,2,14,,299952,35,0,10,1,13,,299943,38,0,99 23 3 24,2,10,,299917,35,0,10,2,50,,299924,35,0,10,1,11,,299963,38,0,99 23 3 24,1,9,,299926,35,0,10,1,10,,299923,35,0,10,2,11,,299955,38,0,99 23 3 24,2,11,,299909,35,0,10,1,58,,299933,38,0,99 23 3 24,1,15,,299910,35,0,10,2,17,,299918,38,0,99 23 3 24,2,55,,299945,35,0,10,1,15,,299964,35,0,10,1,15,,299927,38,0,99 23 3 24,1,13,,299966,35,0,10,2,13,,299956,35,0,10,2,56,,299934,38,0,99 23 3 24,1,14,,299911,35,0,10,2,16,,299919,38,0,99 23 3 24,2,12,,299970,35,0,10,2,53,,299946,35,0,10,1,14,,299939,38,0,99 23 3 24,2,12,,299928,35,0,10,1,14,,299967,38,0,99 23 3 24,2,53,,299957,35,0,10,2,15,,299935,38,0,99 23 3 24,1,11,,299912,35,0,10,2,12,,299975,38,0,99 23 3 24,1,9,,299920,35,0,10,2,51,,299971,38,0,99 23 3 24,2,9,,299977,35,0,10,2,10,,299947,38,0,99 23 3 24,1,10,,299940,35,0,10,2,12,,299929,38,0,99 23 3 24,1,11,,299968,35,0,10,2,54,,299958,38,0,99 23 3 24,2,14,,299936,35,0,10,1,17,,299913,38,0,99 23 3 24,2,16,,299921,35,0,10,2,56,,299972,35,0,10,2,18,,299978,38,0,99 23 3 24,2,16,,299930,35,0,10,1,15,,299944,38,0,99 23 3 24,2,53,,299969,35,0,10,2,16,,299959,38,0,99 23 3 24,2,16,,299937,35,0,10,1,57,,299922,38,0,99 23 3 24,2,14,,299973,35,0,10,2,16,,299979,38,0,99 23 3 24,2,15,,299931,35,0,10,1,56,,299953,35,0,10,1,22,,299960,38,0,99 23 3 24,2,18,,299949,35,0,10,1,16,,299938,35,0,10,1,57,,299974,38,0,99 23 3 24,2,15,,299980,35,0,10,2,19,,299932,38,0,99 23 3 24,1,63,,299954,35,0,10,2,25,,299961,38,0,99 23 3 24,2,69,,299951,35,0,10,1,30,,299981,38,0,99 23 3 24,2,67,,299942,35,0,10,1,29,,299962,38,0,99 23 3 24,2,70,,299965,35,0,10,1,32,,299982,38,0,99 23 3 24,2,71,,299950,35,0,10,2,33,,299976,38,0,99 23 3 24,1
4802,'H58S000I-80-I',509,,299983,35,0,10,1,30,,299991,38,0,99 23 3 24,2,61,,299995,35,0,10,1,22,,300009,35,0,10,2,24,,300007,38,0,99 23 3 24,1,54,,300001,35,0,10,1,15,,299984,35,0,10,1,16,,299985,35,0,10,2,17,,299992,38,0,99 23 3 24,2,54,,299996,35,0,10,1,14,,300010,35,0,10,2,14,,299994,35,0,10,1,15,,300018,38,0,99 23 3 24,1,13,,300008,35,0,10,1,56,,300005,35,0,10,2,15,,299986,38,0,99 23 3 24,2,13,,300029,35,0,10,1,13,,299997,38,0,99 23 3 24,1,53,,300030,35,0,10,2,16,,300011,38,0,99 23 3 24,2,13,,300031,35,0,10,1,16,,300019,38,0,99 23 3 24,1,54,,300006,35,0,10,2,17,,300033,38,0,99 23 3 24,2,14,,299987,35,0,10,2,16,,299998,38,0,99 23 3 24,1,53,,300034,35,0,10,2,15,,300012,38,0,99 23 3 24,2,13,,300032,35,0,10,1,15,,300038,38,0,99 23 3 24,2,54,,300020,35,0,10,1,15,,300015,35,0,10,2,16,,299988,38,0,99 23 3 24,2,13,,299999,35,0,10,1,57,,300045,38,0,99 23 3 24,2,14,,300035,35,0,10,2,16,,300013,38,0,99 23 3 24,2,14,,300039,35,0,10,2,55,,300021,38,0,99 23 3 24,1,14,,300016,35,0,10,2,16,,299989,38,0,99 23 3 24,2,14,,300000,35,0,10,1,56,,300046,38,0,99 23 3 24,2,14,,300036,35,0,10,2,15,,300014,38,0,99 23 3 24,2,13,,300040,35,0,10,2,54,,300022,38,0,99 23 3 24,1,16,,300017,35,0,10,2,21,,299990,38,0,99 23 3 24,2,19,,300047,35,0,10,2,60,,300037,35,0,10,2,19,,300041,38,0,99 23 3 24,2,18,,300023,35,0,10,1,58,,299993,38,0,99 23 3 24,2,24,,300048,35,0,10,2,66,,300002,38,0,99 23 3 24,1,25,,300042,35,0,10,2,32,,300024,38,0,99 23 3 24,1,70,,300027,35,0,10,2,31,,300003,38,0,99 23 3 24,1,68,,300043,35,0,10,2,28,,300025,38,0,99 23 3 24,1,66,,300028,35,0,10,2,32,,300004,38,0,99 23 3 24,1,68,,300044,35,0,10,2,31,,300026,35,0,10,1
4802,'H58S000S-83-S',444,,300049,35,0,10,1,57,,300051,35,0,10,1,15,,300053,38,0,99 23 3 24,2,11,,300055,35,0,10,2,9,,300064,35,0,10,2,10,,300065,35,0,10,2,58,,300073,35,0,10,2,9,,300083,38,0,99 23 3 24,2,8,,300094,35,0,10,2,9,,300066,35,0,10,1,8,,300096,38,0,99 23 3 24,1,4,,300097,35,0,10,2,4,,300102,35,0,10,2,4,,300050,35,0,10,1,7,,300105,35,0,10,2,47,,300107,35,0,10,2,6,,300054,35,0,10,2,5,,300108,35,0,10,2,6,,300109,35,0,10,1,6,,300056,35,0,10,2,8,,300116,38,0,99 23 3 24,2,7,,300120,35,0,10,2,8,,300052,35,0,10,2,8,,300125,35,0,10,2,50,,300126,38,0,99 23 3 24,1,7,,300084,35,0,10,2,9,,300128,35,0,10,2,10,,300095,38,0,99 23 3 24,2,8,,300091,35,0,10,1,9,,300067,35,0,10,1,52,,300079,38,0,99 23 3 24,1,8,,300103,35,0,10,2,10,,300104,35,0,10,2,14,,300110,38,0,99 23 3 24,1,20,,300121,35,0,10,2,54,,300085,38,0,99 23 3 24,2,12,,300127,35,0,10,1,14,,300129,38,0,99 23 3 24,2,9,,300117,35,0,10,1,13,,300092,38,0,99 23 3 24,1,50,,300068,35,0,10,1,14,,300080,38,0,99 23 3 24,1,10,,300074,35,0,10,2,13,,300111,38,0,99 23 3 24,1,9,,300063,35,0,10,1,52,,300122,35,0,10,2,15,,300086,38,0,99 23 3 24,2,10,,300057,35,0,10,1,13,,300130,35,0,10,2,14,,300118,38,0,99 23 3 24,1,51,,300069,35,0,10,1,15,,300081,38,0,99 23 3 24,1,8,,300133,35,0,10,1,11,,300075,35,0,10,2,13,,300071,38,0,99 23 3 24,2,48,,300132,35,0,10,2,10,,300123,35,0,10,2,14,,300087,38,0,99 23 3 24,2,19,,300058,35,0,10,1,12,,300131,38,0,99 23 3 24,2,48,,300119,35,0,10,1,13,,300070,35,0,10,1,15,,300082,38,0,99 23 3 24,1,15,,300076,35,0,10,2,59,,300072,38,0,99 23 3 24,2,14,,300124,35,0,10,2,18,,300088,38,0,99 23 3 24,2,14,,300137,35,0,10,2,59,,300059,38,0,99 23 3 24,1,12,,300060,35,0,10,2,19,,300138,35,0,10,2,60,,300077,38,0,99 23 3 24,2,12,,300098,35,0,10,1,14,,300136,35,0,10,2,24,,300089,38,0,99 23 3 24,2,58,,300114,35,0,10,1,17,,300061,38,0,99 23 3 24,2,15,,300112,35,0,10,1,60,,300134,38,0,99 23 3 24,1,15,,300099,35,0,10,1,20,,300139,38,0,99 23 3 24,2,18,,300090,35,0,10,2,59,,300115,38,0,99 23 3 24,1,22,,300113,35,0,10,1,63,,300135,38,0,99 23 3 24,1,24,,300100,35,0,10,1,25,,300062,38,0,99 23 3 24,2,69,,300078,35,0,10,1,29,,300093,38,0,99 23 3 24,1,66,,300101,35,0,10,1,41,,300106,38,0,99 23 3 24,2
4802,'H58S100F-80-F1',509,,300140,35,0,10,2,30,,300143,38,0,99 23 3 24,1,61,,300156,35,0,10,2,22,,300171,35,0,10,1,24,,300168,38,0,99 23 3 24,2,54,,300175,35,0,10,2,15,,300141,35,0,10,2,16,,300182,35,0,10,1,17,,300157,38,0,99 23 3 24,2,54,,300187,35,0,10,1,14,,300172,35,0,10,1,14,,300155,35,0,10,1,15,,300188,38,0,99 23 3 24,2,13,,300176,35,0,10,2,56,,300169,35,0,10,2,15,,300183,38,0,99 23 3 24,1,13,,300142,35,0,10,2,13,,300158,38,0,99 23 3 24,2,53,,300193,35,0,10,2,16,,300189,38,0,99 23 3 24,1,13,,300173,35,0,10,1,16,,300177,38,0,99 23 3 24,2,54,,300170,35,0,10,2,17,,300154,38,0,99 23 3 24,1,14,,300144,35,0,10,1,16,,300184,38,0,99 23 3 24,1,53,,300159,35,0,10,2,15,,300190,38,0,99 23 3 24,1,13,,300174,35,0,10,1,15,,300197,38,0,99 23 3 24,2,54,,300178,35,0,10,2,15,,300194,35,0,10,2,16,,300145,38,0,99 23 3 24,1,13,,300185,35,0,10,1,57,,300149,38,0,99 23 3 24,1,14,,300160,35,0,10,2,16,,300191,38,0,99 23 3 24,1,14,,300198,35,0,10,2,55,,300179,38,0,99 23 3 24,2,14,,300195,35,0,10,2,16,,300146,38,0,99 23 3 24,1,14,,300186,35,0,10,1,56,,300150,38,0,99 23 3 24,1,14,,300161,35,0,10,2,15,,300192,38,0,99 23 3 24,1,13,,300199,35,0,10,2,54,,300180,38,0,99 23 3 24,2,16,,300196,35,0,10,2,21,,300147,38,0,99 23 3 24,1,19,,300200,35,0,10,1,60,,300162,35,0,10,2,19,,300204,38,0,99 23 3 24,2,18,,300181,35,0,10,2,58,,300205,38,0,99 23 3 24,2,24,,300148,35,0,10,1,66,,300201,38,0,99 23 3 24,1,25,,300163,35,0,10,2,32,,300151,38,0,99 23 3 24,1,70,,300166,35,0,10,2,31,,300202,38,0,99 23 3 24,1,68,,300164,35,0,10,2,28,,300152,38,0,99 23 3 24,1,66,,300167,35,0,10,2,32,,300203,38,0,99 23 3 24,1,68,,300165,35,0,10,2,31,,300153,35,0,10,1
4802,'H58S200F-80-F2',509,,300244,35,0,10,2,30,,300266,38,0,99 23 3 24,1,61,,300206,35,0,10,2,22,,300232,35,0,10,1,24,,300228,38,0,99 23 3 24,2,54,,300221,35,0,10,2,15,,300245,35,0,10,2,16,,300236,35,0,10,1,17,,300207,38,0,99 23 3 24,2,54,,300270,35,0,10,1,14,,300233,35,0,10,1,14,,300269,35,0,10,1,15,,300231,38,0,99 23 3 24,2,13,,300222,35,0,10,2,56,,300229,35,0,10,2,15,,300237,38,0,99 23 3 24,1,13,,300246,35,0,10,2,13,,300208,38,0,99 23 3 24,2,53,,300256,35,0,10,2,16,,300252,38,0,99 23 3 24,1,13,,300234,35,0,10,1,16,,300223,38,0,99 23 3 24,2,54,,300230,35,0,10,2,17,,300271,38,0,99 23 3 24,1,14,,300216,35,0,10,1,16,,300238,38,0,99 23 3 24,1,53,,300209,35,0,10,2,15,,300253,38,0,99 23 3 24,1,13,,300235,35,0,10,1,15,,300241,38,0,99 23 3 24,2,54,,300224,35,0,10,2,15,,300257,35,0,10,2,16,,300217,38,0,99 23 3 24,1,13,,300239,35,0,10,1,57,,300247,38,0,99 23 3 24,1,14,,300210,35,0,10,2,16,,300254,38,0,99 23 3 24,1,14,,300242,35,0,10,2,55,,300225,38,0,99 23 3 24,2,14,,300258,35,0,10,2,16,,300218,38,0,99 23 3 24,1,14,,300240,35,0,10,1,56,,300248,38,0,99 23 3 24,1,14,,300211,35,0,10,2,15,,300255,38,0,99 23 3 24,1,13,,300243,35,0,10,2,54,,300226,38,0,99 23 3 24,2,16,,300259,35,0,10,2,21,,300219,38,0,99 23 3 24,1,19,,300260,35,0,10,1,60,,300212,35,0,10,2,19,,300264,38,0,99 23 3 24,2,18,,300227,35,0,10,2,58,,300265,38,0,99 23 3 24,2,24,,300220,35,0,10,1,66,,300261,38,0,99 23 3 24,1,25,,300213,35,0,10,2,32,,300249,38,0,99 23 3 24,1,70,,300267,35,0,10,2,31,,300262,38,0,99 23 3 24,1,68,,300214,35,0,10,2,28,,300250,38,0,99 23 3 24,1,66,,300268,35,0,10,2,32,,300263,38,0,99 23 3 24,1,68,,300215,35,0,10,2,31,,300251,35,0,10,1
4802,'H59S000S-80-S',656,,300272,38,0,99 23 3 24,2
4902,'H54S000S-80-S',1638,,300609,40,0,10,2
4902,'H57S000S-80-S',839,,300610,40,0,10,1
4902,'H58S000A-80-A',519,,300611,40,0,10,2,17,,300617,40,0,10,1,16,,300628,40,0,10,1,55,,300629,40,0,10,2,16,,300631,40,0,10,2,15,,300634,40,0,10,1,16,,300638,40,0,10,1,55,,300642,40,0,10,2,15,,300612,40,0,10,2,15,,300645,40,0,10,2,14,,300639,40,0,10,1,56,,300650,40,0,10,1,16,,300619,40,0,10,1,19,,300651,40,0,10,1,12,,300635,40,0,10,1,52,,300655,40,0,10,2,13,,300643,40,0,10,2,13,,300646,40,0,10,2,13,,300644,40,0,10,1,11,,300613,40,0,10,2,54,,300630,40,0,10,2,16,,300640,40,0,10,1,16,,300618,40,0,10,1,56,,300620,40,0,10,1,16,,300656,40,0,10,2,16,,300636,40,0,10,1,17,,300660,40,0,10,2,59,,300647,40,0,10,2,20,,300614,40,0,10,2,20,,300663,40,0,10,1,58,,300641,40,0,10,1,16,,300621,40,0,10,1,16,,300664,40,0,10,1,16,,300657,40,0,10,2,55,,300637,40,0,10,1,15,,300669,40,0,10,2,17,,300648,40,0,10,2,17,,300615,40,0,10,2,58,,300632,40,0,10,2,20,,300616,40,0,10,1,21,,300622,40,0,10,1,60,,300665,40,0,10,1,21,,300658,40,0,10,2,21,,300670,40,0,10,2,61,,300649,40,0,10,2,21,,300633,40,0,10,2,60,,300667,40,0,10,1,21,,300623,40,0,10,1,21,,300666,40,0,10,1,61,,300659,40,0,10,2,22,,300671,40,0,10,2,27,,300652,40,0,10,1,68,,300668,40,0,10,1,30,,300624,40,0,10,1,70,,300661,40,0,10,2,30,,300672,40,0,10,2,69,,300653,40,0,10,1,30,,300626,40,0,10,1,68,,300625,40,0,10,1,27,,300662,40,0,10,2,70,,300673,40,0,10,2,31,,300654,40,0,10,1,71,,300627,40,0,10,1
4902,'H58S000I-80-I',518,,300674,40,0,10,2,27,,300675,40,0,10,1,67,,300683,40,0,10,2,28,,300693,40,0,10,2,68,,300695,40,0,10,1,29,,300687,40,0,10,2,18,,300676,40,0,10,1,59,,300684,40,0,10,2,19,,300702,40,0,10,1,20,,300694,40,0,10,2,58,,300696,40,0,10,1,21,,300705,40,0,10,2,21,,300688,40,0,10,2,60,,300710,40,0,10,1,20,,300677,40,0,10,1,20,,300703,40,0,10,1,60,,300701,40,0,10,2,20,,300685,40,0,10,1,21,,300706,40,0,10,2,60,,300716,40,0,10,2,21,,300689,40,0,10,2,21,,300678,40,0,10,1,60,,300697,40,0,10,1,19,,300704,40,0,10,1,17,,300717,40,0,10,2,57,,300686,40,0,10,1,20,,300707,40,0,10,2,20,,300719,40,0,10,2,60,,300690,40,0,10,2,20,,300679,40,0,10,1,30,,300698,40,0,10,1,70,,300718,40,0,10,2,72,,300708,40,0,10,2,30,,300711,40,0,10,1,69,,300680,40,0,10,1,30,,300699,40,0,10,1,29,,300691,40,0,10,2,68,,300709,40,0,10,2,29,,300712,40,0,10,1,69,,300681,40,0,10,1,29,,300700,40,0,10,1,69,,300692,40,0,10,2,30,,300720,40,0,10,2,71,,300713,40,0,10,1,28,,300715,40,0,10,2,70,,300722,40,0,10,2,32,,300682,40,0,10,1,61,,300721,40,0,10,2,24,,300714,40,0,10,1
4902,'H58S000S-83-S',503,,300726,52,0,10,2,12,,300729,40,0,10,2,8,,300732,52,0,10,1,4,,300733,40,0,10,2,8,,300736,40,0,10,1,11,,300737,40,0,10,1,7,,300738,52,0,10,2,48,,300739,40,0,10,1,10,,300744,52,0,10,1,11,,300746,40,0,10,1,9,,300748,40,0,10,2,8,,300754,40,0,10,2,8,,300760,40,0,10,2,8,,300761,40,0,10,2,47,,300765,40,0,10,2,6,,300767,40,0,10,1,7,,300727,40,0,10,2,8,,300768,40,0,10,1,6,,300771,40,0,10,1,6,,300730,40,0,10,2,8,,300772,40,0,10,1,9,,300773,40,0,10,2,50,,300776,40,0,10,2,10,,300778,40,0,10,2,9,,300779,40,0,10,2,8,,300740,40,0,10,1,20,,300747,40,0,10,1,52,,300749,40,0,10,2,11,,300755,40,0,10,2,11,,300785,40,0,10,1,12,,300762,40,0,10,2,12,,300728,40,0,10,2,11,,300743,40,0,10,2,52,,300731,40,0,10,2,14,,300774,40,0,10,1,17,,300777,40,0,10,2,16,,300723,40,0,10,1,58,,300741,40,0,10,1,20,,300750,40,0,10,2,20,,300763,40,0,10,2,59,,300752,40,0,10,1,16,,300769,40,0,10,1,15,,300756,40,0,10,2,14,,300775,40,0,10,1,53,,300758,40,0,10,1,13,,300724,40,0,10,1,13,,300786,40,0,10,2,14,,300742,40,0,10,1,57,,300751,40,0,10,2,16,,300734,40,0,10,1,16,,300764,40,0,10,2,17,,300753,40,0,10,1,57,,300770,40,0,10,1,9,,300788,11,0,10,2,6,,300757,40,0,10,2,16,,300759,40,0,10,1,56,,300725,40,0,10,1,15,,300787,40,0,10,2,7,,300782,11,0,10,1,79,,300735,40,0,10,1,19,,300781,46,0,10,2,2,,300800,11,0,10,2,20,,300799,40,0,10,1,63,,300789,46,0,10,2,21,,300797,40,0,10,2,25,,300783,40,0,10,1,65,,300792,46,0,10,2,18,,300780,40,0,10,1,21,,300801,40,0,10,2,62,,300790,40,0,10,2,30,,300798,40,0,10,2,71,,300784,40,0,10,1,31,,300793,40,0,10,2,69,,300745,40,0,10,1,31,,300766,40,0,10,2,69,,300796,40,0,10,2,31,,300791,40,0,10,1,65,,300794,40,0,10,2,25,,300795,40,0,10,2
4902,'H58S100F-80-F1',518,,300805,40,0,10,2,17,,300817,40,0,10,1,16,,300824,40,0,10,1,57,,300830,40,0,10,2,15,,300832,40,0,10,1,15,,300833,40,0,10,1,16,,300837,40,0,10,2,55,,300840,40,0,10,2,16,,300806,40,0,10,2,14,,300802,40,0,10,1,14,,300821,40,0,10,1,56,,300825,40,0,10,2,16,,300810,40,0,10,2,14,,300843,40,0,10,2,13,,300826,40,0,10,2,52,,300844,40,0,10,1,13,,300841,40,0,10,2,16,,300845,40,0,10,2,14,,300823,40,0,10,1,11,,300807,40,0,10,2,54,,300849,40,0,10,1,16,,300822,40,0,10,1,16,,300831,40,0,10,1,56,,300811,40,0,10,2,16,,300827,40,0,10,2,16,,300818,40,0,10,1,17,,300842,40,0,10,1,59,,300846,40,0,10,2,20,,300808,40,0,10,2,19,,300851,40,0,10,2,58,,300850,40,0,10,1,16,,300812,40,0,10,2,16,,300834,40,0,10,1,16,,300828,40,0,10,2,55,,300803,40,0,10,1,15,,300859,40,0,10,2,17,,300847,40,0,10,2,17,,300809,40,0,10,2,58,,300860,40,0,10,1,20,,300852,40,0,10,2,21,,300813,40,0,10,2,60,,300835,40,0,10,1,21,,300829,40,0,10,2,21,,300804,40,0,10,1,61,,300848,40,0,10,2,21,,300861,40,0,10,1,62,,300853,40,0,10,2,22,,300814,40,0,10,2,21,,300836,40,0,10,1,60,,300862,40,0,10,2,21,,300856,40,0,10,1,27,,300819,40,0,10,1,68,,300854,40,0,10,2,30,,300815,40,0,10,2,70,,300838,40,0,10,2,30,,300857,40,0,10,1,69,,300820,40,0,10,1,29,,300855,40,0,10,2,65,,300816,40,0,10,2,30,,300839,40,0,10,2,68,,300858,40,0,10,1,27,,300863,40,0,10,2
4902,'H58S200F-80-F2',518,,300871,40,0,10,2,17,,300882,40,0,10,1,16,,300864,40,0,10,1,57,,300918,40,0,10,2,15,,300919,40,0,10,1,15,,300910,40,0,10,1,16,,300924,40,0,10,2,55,,300876,40,0,10,2,16,,300872,40,0,10,2,14,,300894,40,0,10,1,14,,300904,40,0,10,1,56,,300866,40,0,10,2,16,,300897,40,0,10,2,14,,300886,40,0,10,2,13,,300906,40,0,10,2,52,,300917,40,0,10,1,13,,300877,40,0,10,2,16,,300878,40,0,10,2,14,,300867,40,0,10,1,11,,300873,40,0,10,2,54,,300920,40,0,10,1,16,,300905,40,0,10,1,16,,300868,40,0,10,1,56,,300898,40,0,10,2,16,,300907,40,0,10,2,16,,300883,40,0,10,1,17,,300865,40,0,10,1,59,,300879,40,0,10,2,20,,300874,40,0,10,2,19,,300887,40,0,10,2,58,,300921,40,0,10,1,16,,300899,40,0,10,2,16,,300911,40,0,10,1,16,,300908,40,0,10,2,55,,300895,40,0,10,1,15,,300925,40,0,10,2,17,,300880,40,0,10,2,17,,300875,40,0,10,2,58,,300892,40,0,10,1,20,,300888,40,0,10,2,21,,300900,40,0,10,2,60,,300912,40,0,10,1,21,,300909,40,0,10,2,21,,300896,40,0,10,1,61,,300881,40,0,10,2,21,,300893,40,0,10,1,62,,300889,40,0,10,2,22,,300901,40,0,10,2,21,,300913,40,0,10,1,60,,300922,40,0,10,2,21,,300914,40,0,10,1,27,,300884,40,0,10,1,68,,300890,40,0,10,2,30,,300902,40,0,10,2,70,,300869,40,0,10,2,30,,300915,40,0,10,1,69,,300885,40,0,10,1,29,,300891,40,0,10,2,65,,300903,40,0,10,2,30,,300870,40,0,10,2,68,,300916,40,0,10,1,27,,300923,40,0,10,2
