4302,'H58S000A-80-A',519,,297895,6,0,10,1,33,,297901,6,0,10,2,73,,297909,6,0,10,1,33,,297916,6,0,10,2,73,,297923,6,0,10,2,74,,297896,6,0,10,1,33,,297902,6,0,10,2,71,,297910,6,0,10,1,31,,297917,6,0,10,2,72,,297924,6,0,10,1,32,,297897,6,0,10,1,72,,297903,6,0,10,2,32,,297911,6,0,10,1,72,,297918,6,0,10,2,32,,297925,6,0,10,1,72,,297898,6,0,10,1,32,,297904,6,0,10,2,72,,297912,6,0,10,1,30,,297919,6,0,10,2,71,,297926,6,0,10,1,71,,297899,6,0,10,1,30,,297905,6,0,10,2,28,,297913,6,0,10,1,69,,297920,6,0,10,2,26,,297927,6,0,10,1,66,,297900,6,0,10,1,24,,297908,6,0,10,2,66,,297906,6,0,10,2,27,,297914,6,0,10,1,69,,297921,6,0,10,2,32,,297929,6,0,10,1,72,,297928,6,0,10,2,33,,297915,6,0,10,1,71,,297922,6,0,10,2,91,,297930,6,0,10,1,96,,297907,6,0,10,1,57,,297931,6,0,10,1
4302,'H58S000I-80-I',553,,297938,6,0,10,2,69,,297939,6,0,10,1,30,,297948,6,0,10,2,71,,297956,6,0,10,1,34,,297950,6,0,10,2,74,,297940,6,0,10,1,74,,297949,6,0,10,2,35,,297957,6,0,10,1,72,,297951,6,0,10,2,32,,297941,6,0,10,1,72,,297947,6,0,10,1,32,,297962,6,0,10,1,70,,297958,6,0,10,1,30,,297952,6,0,10,2,70,,297942,6,0,10,1,30,,297933,6,0,10,1,70,,297963,6,0,10,1,31,,297959,6,0,10,1,70,,297953,6,0,10,2,30,,297943,6,0,10,1,70,,297934,6,0,10,1,30,,297964,6,0,10,1,69,,297960,6,0,10,1,29,,297954,6,0,10,2,69,,297944,6,0,10,1,27,,297935,6,0,10,1,67,,297965,6,0,10,1,26,,297961,6,0,10,1,67,,297968,6,0,10,2,28,,297932,6,0,10,2,69,,297945,6,0,10,1,32,,297955,6,0,10,1,72,,297966,6,0,10,1,52,,297936,6,0,10,1,92,,297946,6,0,10,1,93,,297967,6,0,10,2,94,,297937,6,0,10,1
4302,'H58S000S-83-S',445,,297969,6,0,10,2,57,,297975,6,0,10,1,25,,297976,6,0,10,1,27,,297985,6,0,10,1,64,,297970,6,0,10,1,33,,297983,6,0,10,2,73,,297989,6,0,10,1,33,,297977,6,0,10,1,73,,297986,6,0,10,1,72,,297971,6,0,10,1,32,,297991,6,0,10,2,72,,297990,6,0,10,1,33,,297978,6,0,10,1,73,,297987,6,0,10,1,33,,297972,6,0,10,1,73,,297992,6,0,10,2,32,,297993,6,0,10,1,71,,297995,6,0,10,2,30,,297979,6,0,10,1,70,,297988,6,0,10,1,31,,297973,6,0,10,1,73,,297998,6,0,10,1,33,,297996,6,0,10,2,65,,297981,6,0,10,2,25,,297980,6,0,10,1,71,,297999,6,0,10,2,30,,297974,6,0,10,1,70,,297994,6,0,10,2,28,,297997,6,0,10,2,71,,297982,6,0,10,2,29,,298006,6,0,10,1,71,,298000,6,0,10,2,31,,298003,6,0,10,1,71,,298002,6,0,10,2,29,,298007,6,0,10,1,76,,298001,6,0,10,2,77,,298004,6,0,10,1,45,,298008,6,0,10,1,87,,298005,6,0,10,2,91,,297984,6,0,10,1
4302,'H58S100F-80-F1',445,,298009,6,0,10,1,57,,298010,6,0,10,2,25,,298013,6,0,10,2,26,,298020,6,0,10,2,64,,298028,6,0,10,1,33,,298016,6,0,10,1,73,,298024,6,0,10,2,33,,298011,6,0,10,1,73,,298021,6,0,10,2,72,,298029,6,0,10,1,33,,298025,6,0,10,2,72,,298034,6,0,10,1,33,,298012,6,0,10,1,73,,298022,6,0,10,2,33,,298030,6,0,10,1,73,,298026,6,0,10,2,32,,298035,6,0,10,1,71,,298041,6,0,10,1,30,,298017,6,0,10,1,70,,298023,6,0,10,2,31,,298031,6,0,10,1,73,,298027,6,0,10,2,33,,298042,6,0,10,1,65,,298044,6,0,10,2,25,,298019,6,0,10,2,71,,298032,6,0,10,1,30,,298043,6,0,10,2,70,,298033,6,0,10,1,28,,298014,6,0,10,1,71,,298047,6,0,10,1,29,,298036,6,0,10,1,71,,298046,6,0,10,2,30,,298045,6,0,10,2,71,,298015,6,0,10,1,29,,298048,6,0,10,1,77,,298037,6,0,10,1,77,,298018,6,0,10,1,45,,298039,6,0,10,1,94,,298038,6,0,10,1,94,,298040,6,0,10,1
4302,'H58S200F-80-F2',445,,298073,6,0,10,1,57,,298074,6,0,10,2,25,,298051,6,0,10,2,26,,298052,6,0,10,2,64,,298060,6,0,10,1,33,,298070,6,0,10,1,73,,298056,6,0,10,2,33,,298069,6,0,10,1,73,,298053,6,0,10,2,72,,298061,6,0,10,1,33,,298057,6,0,10,2,72,,298087,6,0,10,1,33,,298071,6,0,10,1,73,,298054,6,0,10,2,33,,298062,6,0,10,1,73,,298058,6,0,10,2,32,,298088,6,0,10,1,71,,298075,6,0,10,1,30,,298078,6,0,10,1,70,,298055,6,0,10,2,31,,298063,6,0,10,1,73,,298059,6,0,10,2,33,,298065,6,0,10,1,65,,298066,6,0,10,2,25,,298086,6,0,10,2,71,,298064,6,0,10,1,30,,298085,6,0,10,2,70,,298049,6,0,10,1,28,,298076,6,0,10,1,71,,298067,6,0,10,1,29,,298080,6,0,10,1,71,,298072,6,0,10,2,30,,298050,6,0,10,2,71,,298077,6,0,10,1,29,,298068,6,0,10,1,77,,298081,6,0,10,1,77,,298079,6,0,10,1,45,,298083,6,0,10,1,94,,298082,6,0,10,1,94,,298084,6,0,10,1
4902,'H54S000S-80-S',1609,,300609,11,0,10,2
4902,'H57S000S-80-S',812,,300610,11,0,10,1
4902,'H58S000A-80-A',459,,300611,11,0,10,2,57,,300617,11,0,10,1,16,,300628,11,0,10,1,15,,300629,11,0,10,2,55,,300631,11,0,10,2,15,,300634,11,0,10,1,16,,300638,11,0,10,1,15,,300642,11,0,10,2,55,,300612,11,0,10,2,14,,300645,11,0,10,2,14,,300639,11,0,10,1,16,,300650,11,0,10,1,56,,300619,11,0,10,1,14,,300651,11,0,10,1,12,,300635,11,0,10,1,12,,300655,11,0,10,2,13,,300643,11,0,10,2,53,,300646,11,0,10,2,13,,300644,11,0,10,1,11,,300613,11,0,10,2,14,,300630,11,0,10,2,56,,300640,11,0,10,1,16,,300618,11,0,10,1,16,,300620,11,0,10,1,16,,300656,11,0,10,2,56,,300636,11,0,10,1,17,,300660,11,0,10,2,19,,300647,11,0,10,2,60,,300614,11,0,10,2,19,,300663,11,0,10,1,18,,300641,11,0,10,1,16,,300621,11,0,10,1,56,,300664,11,0,10,1,16,,300657,11,0,10,2,15,,300637,11,0,10,1,15,,300669,11,0,10,2,57,,300648,11,0,10,2,17,,300615,11,0,10,2,18,,300632,11,0,10,2,60,,300616,11,0,10,1,21,,300622,11,0,10,1,20,,300665,11,0,10,1,61,,300658,11,0,10,2,21,,300670,11,0,10,2,21,,300649,11,0,10,2,61,,300633,11,0,10,2,22,,300667,11,0,10,1,22,,300623,11,0,10,1,61,,300666,11,0,10,1,21,,300659,11,0,10,2,62,,300671,11,0,10,2,27,,300652,11,0,10,1,28,,300668,11,0,10,1,70,,300624,11,0,10,1,30,,300661,11,0,10,2,70,,300672,11,0,10,2,29,,300653,11,0,10,1,70,,300626,11,0,10,1,29,,300625,11,0,10,1,69,,300662,11,0,10,2,30,,300673,11,0,10,2,72,,300654,11,0,10,1,31,,300627,11,0,10,1
4902,'H58S000I-80-I',459,,300674,11,0,10,2,67,,300675,11,0,10,1,25,,300683,11,0,10,2,68,,300693,11,0,10,2,28,,300695,11,0,10,1,68,,300687,11,0,10,2,18,,300676,11,0,10,1,19,,300684,11,0,10,2,59,,300702,11,0,10,1,19,,300694,11,0,10,2,18,,300696,11,0,10,1,58,,300705,11,0,10,2,20,,300688,11,0,10,2,20,,300710,11,0,10,1,60,,300677,11,0,10,1,20,,300703,11,0,10,1,20,,300701,11,0,10,2,60,,300685,11,0,10,1,21,,300706,11,0,10,2,20,,300716,11,0,10,2,61,,300689,11,0,10,2,21,,300678,11,0,10,1,20,,300697,11,0,10,1,59,,300704,11,0,10,1,17,,300717,11,0,10,2,17,,300686,11,0,10,1,60,,300707,11,0,10,2,20,,300719,11,0,10,2,20,,300690,11,0,10,2,60,,300679,11,0,10,1,30,,300698,11,0,10,1,70,,300718,11,0,10,2,32,,300708,11,0,10,2,70,,300711,11,0,10,1,29,,300680,11,0,10,1,70,,300699,11,0,10,1,30,,300691,11,0,10,2,69,,300709,11,0,10,2,29,,300712,11,0,10,1,69,,300681,11,0,10,1,29,,300700,11,0,10,1,29,,300692,11,0,10,2,70,,300720,11,0,10,2,31,,300713,11,0,10,1,70,,300715,11,0,10,2,72,,300722,11,0,10,2,32,,300682,11,0,10,1,24,,300721,11,0,10,2,64,,300714,11,0,10,1
4902,'H58S000S-83-S',442,,300726,23,0,10,2,12,,300729,11,0,10,2,48,,300732,23,0,10,1,4,,300733,11,0,10,2,8,,300736,11,0,10,1,11,,300737,11,0,10,1,7,,300738,23,0,10,2,6,,300739,11,0,10,1,9,,300744,23,0,10,1,11,,300746,11,0,10,1,49,,300748,11,0,10,2,8,,300754,11,0,10,2,8,,300760,11,0,10,2,8,,300761,11,0,10,2,6,,300765,11,0,10,2,6,,300767,11,0,10,1,7,,300727,11,0,10,2,6,,300768,11,0,10,1,46,,300771,11,0,10,1,6,,300730,11,0,10,2,7,,300772,11,0,10,1,9,,300773,11,0,10,2,10,,300776,11,0,10,2,10,,300778,11,0,10,2,9,,300779,11,0,10,2,49,,300740,11,0,10,1,21,,300747,11,0,10,1,12,,300749,11,0,10,2,12,,300755,11,0,10,2,12,,300785,11,0,10,1,52,,300762,11,0,10,2,12,,300728,11,0,10,2,11,,300743,11,0,10,2,12,,300731,11,0,10,2,54,,300774,11,0,10,1,17,,300777,11,0,10,2,16,,300723,11,0,10,1,18,,300741,11,0,10,1,57,,300750,11,0,10,2,19,,300763,11,0,10,2,19,,300752,11,0,10,1,56,,300769,11,0,10,1,15,,300756,11,0,10,2,14,,300775,11,0,10,1,13,,300758,11,0,10,1,13,,300724,11,0,10,1,53,,300786,11,0,10,2,14,,300742,11,0,10,1,17,,300751,11,0,10,2,16,,300734,11,0,10,1,56,,300764,11,0,10,2,17,,300753,11,0,10,1,16,,300770,11,0,10,1,55,,300757,11,0,10,2,16,,300759,11,0,10,1,16,,300725,11,0,10,1,15,,300787,11,0,10,2,86,,300735,11,0,10,1,19,,300781,17,0,10,2,62,,300799,11,0,10,1,24,,300789,17,0,10,2,63,,300797,11,0,10,2,25,,300783,11,0,10,1,25,,300792,17,0,10,2,61,,300780,11,0,10,1,21,,300801,11,0,10,2,22,,300790,11,0,10,2,70,,300798,11,0,10,2,31,,300784,11,0,10,1,71,,300793,11,0,10,2,29,,300745,11,0,10,1,71,,300766,11,0,10,2,31,,300796,11,0,10,2,71,,300791,11,0,10,1,26,,300794,11,0,10,2,65,,300795,11,0,10,2
4902,'H58S100F-80-F1',459,,300805,11,0,10,2,57,,300817,11,0,10,1,16,,300824,11,0,10,1,15,,300830,11,0,10,2,55,,300832,11,0,10,1,15,,300833,11,0,10,1,16,,300837,11,0,10,2,15,,300840,11,0,10,2,55,,300806,11,0,10,2,14,,300802,11,0,10,1,14,,300821,11,0,10,1,16,,300825,11,0,10,2,56,,300810,11,0,10,2,14,,300843,11,0,10,2,12,,300826,11,0,10,2,12,,300844,11,0,10,1,13,,300841,11,0,10,2,53,,300845,11,0,10,2,13,,300823,11,0,10,1,11,,300807,11,0,10,2,14,,300849,11,0,10,1,56,,300822,11,0,10,1,16,,300831,11,0,10,1,16,,300811,11,0,10,2,16,,300827,11,0,10,2,56,,300818,11,0,10,1,17,,300842,11,0,10,1,19,,300846,11,0,10,2,60,,300808,11,0,10,2,19,,300851,11,0,10,2,18,,300850,11,0,10,1,16,,300812,11,0,10,2,56,,300834,11,0,10,1,16,,300828,11,0,10,2,15,,300803,11,0,10,1,15,,300859,11,0,10,2,57,,300847,11,0,10,2,17,,300809,11,0,10,2,18,,300860,11,0,10,1,60,,300852,11,0,10,2,21,,300813,11,0,10,2,20,,300835,11,0,10,1,61,,300829,11,0,10,2,21,,300804,11,0,10,1,21,,300848,11,0,10,2,61,,300861,11,0,10,1,22,,300853,11,0,10,2,22,,300814,11,0,10,2,61,,300836,11,0,10,1,21,,300862,11,0,10,2,62,,300856,11,0,10,1,27,,300819,11,0,10,1,28,,300854,11,0,10,2,70,,300815,11,0,10,2,30,,300838,11,0,10,2,70,,300857,11,0,10,1,29,,300820,11,0,10,1,70,,300855,11,0,10,2,28,,300816,11,0,10,2,70,,300839,11,0,10,2,30,,300858,11,0,10,1,68,,300863,11,0,10,2
4902,'H58S200F-80-F2',459,,300871,11,0,10,2,57,,300882,11,0,10,1,16,,300864,11,0,10,1,15,,300918,11,0,10,2,55,,300919,11,0,10,1,15,,300910,11,0,10,1,16,,300924,11,0,10,2,15,,300876,11,0,10,2,55,,300872,11,0,10,2,14,,300894,11,0,10,1,14,,300904,11,0,10,1,16,,300866,11,0,10,2,56,,300897,11,0,10,2,14,,300886,11,0,10,2,12,,300906,11,0,10,2,12,,300917,11,0,10,1,13,,300877,11,0,10,2,53,,300878,11,0,10,2,13,,300867,11,0,10,1,11,,300873,11,0,10,2,14,,300920,11,0,10,1,56,,300905,11,0,10,1,16,,300868,11,0,10,1,16,,300898,11,0,10,2,16,,300907,11,0,10,2,56,,300883,11,0,10,1,17,,300865,11,0,10,1,19,,300879,11,0,10,2,60,,300874,11,0,10,2,19,,300887,11,0,10,2,18,,300921,11,0,10,1,16,,300899,11,0,10,2,56,,300911,11,0,10,1,16,,300908,11,0,10,2,15,,300895,11,0,10,1,15,,300925,11,0,10,2,57,,300880,11,0,10,2,17,,300875,11,0,10,2,18,,300892,11,0,10,1,60,,300888,11,0,10,2,21,,300900,11,0,10,2,20,,300912,11,0,10,1,61,,300909,11,0,10,2,21,,300896,11,0,10,1,21,,300881,11,0,10,2,61,,300893,11,0,10,1,22,,300889,11,0,10,2,22,,300901,11,0,10,2,61,,300913,11,0,10,1,21,,300922,11,0,10,2,62,,300914,11,0,10,1,27,,300884,11,0,10,1,28,,300890,11,0,10,2,70,,300902,11,0,10,2,30,,300869,11,0,10,2,70,,300915,11,0,10,1,29,,300885,11,0,10,1,70,,300891,11,0,10,2,28,,300903,11,0,10,2,70,,300870,11,0,10,2,30,,300916,11,0,10,1,68,,300923,11,0,10,2
37202,'H54S000A-80-A',2541,,347183,7,0,10,1,90,,347182,7,0,10,1,85,,347184,7,0,10,1,84,,347185,7,0,10,1,50,,347181,7,0,10,2
37202,'H54S000I-80-I',2546,,347189,7,0,10,1,85,,347188,7,0,10,2,86,,347187,7,0,10,1,86,,347186,7,0,10,1,50,,347190,7,0,10,1
37202,'H54S000S-80-S',2521,,347194,7,0,10,2,80,,347193,7,0,10,2,40,,347191,7,0,10,1,82,,347196,7,0,10,2,82,,347192,7,0,10,1,48,,347195,7,0,10,2
37202,'H54S100F-80-F1',2546,,347200,7,0,10,1,85,,347199,7,0,10,2,86,,347198,7,0,10,1,86,,347197,7,0,10,1,50,,347201,7,0,10,1
37202,'H54S200F-80-F2',2546,,347205,7,0,10,1,85,,347204,7,0,10,2,86,,347203,7,0,10,1,86,,347202,7,0,10,1,50,,347206,7,0,10,1
44904,'H51S000S-81-S',659,,349222,18,0,9,2
44904,'H54S000S-80-S',536,,349233,18,0,9,2,10,,349238,18,0,9,2,10,,349234,18,0,9,2,49,,349232,18,0,9,2,9,,349231,18,0,9,2,10,,349245,18,0,9,1,10,,349270,18,0,9,2,9,,349235,18,0,9,2,65,,349240,18,0,9,2,7,,349254,18,0,9,2,7,,349256,18,0,9,2,8,,349239,18,0,9,2,8,,349224,18,0,9,2,9,,349261,18,0,9,2,9,,349226,18,0,9,2,52,,349246,18,0,9,1,14,,349241,18,0,9,1,22,,349269,18,0,9,1,62,,349255,18,0,9,2,22,,349225,18,0,9,2,22,,349247,18,0,9,1,62,,349242,18,0,9,1,22,,349227,18,0,9,2,66,,349262,18,0,9,2,30,,349248,18,0,9,1,28,,349257,18,0,9,2,69,,349243,18,0,9,1,28,,349263,18,0,9,2,66,,349249,18,0,9,1,26,,349258,18,0,9,2,67,,349244,18,0,9,1,28,,349264,18,0,9,2,67,,349250,18,0,9,1,26,,349259,18,0,9,2,23,,349266,18,0,9,2,63,,349267,18,0,9,1,25,,349265,18,0,9,2,68,,349251,18,0,9,1,28,,349260,18,0,9,2,70,,349268,18,0,9,1,29,,349228,18,0,9,2,71,,349252,18,0,9,1,29,,349236,18,0,9,2,69,,349223,18,0,9,2,30,,349229,18,0,9,2,70,,349253,18,0,9,1,30,,349237,18,0,9,2,70,,349230,18,0,9,2
44904,'H57S000S-80-S',652,,349271,18,0,9,1
