12303,'H56S000A-80-A',609,,321709,24,0,8,1,33,,321690,24,0,8,1,72,,321710,24,0,8,1,34,,321691,24,0,8,1,73,,321711,24,0,8,1,33,,321692,24,0,8,1,74,,321712,24,0,8,1,73,,321693,24,0,8,1,31,,321713,24,0,8,1,75,,321694,24,0,8,1,32,,321714,24,0,8,1,72,,321695,24,0,8,1,34,,321715,24,0,8,1,74,,321696,24,0,8,1,29,,321701,24,0,8,1,68,,321716,24,0,8,1,28,,321697,24,0,8,1,68,,321702,24,0,8,1,27,,321717,24,0,8,1,68,,321698,24,0,8,1,30,,321703,24,0,8,1,69,,321718,24,0,8,1,29,,321699,24,0,8,1,69,,321704,24,0,8,1,28,,321719,24,0,8,1,69,,321700,24,0,8,1,28,,321705,24,0,8,1,28,,321720,24,0,8,1,71,,321706,24,0,8,1,72,,321721,24,0,8,1,32,,321707,24,0,8,1,73,,321722,24,0,8,1,32,,321708,24,0,8,1,71,,321723,24,0,8,1,32,,321725,24,0,8,1,71,,321724,24,0,8,1
12303,'H56S000I-80-I',610,,321743,24,0,8,1,31,,321726,24,0,8,1,72,,321744,24,0,8,1,32,,321727,24,0,8,1,73,,321745,24,0,8,1,33,,321728,24,0,8,1,73,,321746,24,0,8,1,33,,321729,24,0,8,1,74,,321747,24,0,8,1,75,,321730,24,0,8,1,34,,321748,24,0,8,1,75,,321731,24,0,8,1,36,,321749,24,0,8,1,76,,321732,24,0,8,1,76,,321750,24,0,8,1,36,,321733,24,0,8,1,74,,321751,24,0,8,1,36,,321734,24,0,8,1,75,,321752,24,0,8,1,35,,321735,24,0,8,1,75,,321753,24,0,8,1,75,,321736,24,0,8,1,32,,321754,24,0,8,1,75,,321737,24,0,8,1,32,,321755,24,0,8,1,73,,321738,24,0,8,1,32,,321756,24,0,8,1,73,,321739,24,0,8,1,32,,321757,24,0,8,1,73,,321740,24,0,8,1,72,,321758,24,0,8,1,31,,321741,24,0,8,1,72,,321759,24,0,8,1,30,,321742,24,0,8,1
12303,'H56S000S-82-S',552,,321768,24,0,8,1,74,,321775,24,0,8,1,77,,321769,24,0,8,1,26,,321797,24,0,8,2,22,,321776,24,0,8,1,62,,321792,24,0,8,2,20,,321770,24,0,8,1,26,,321772,24,0,8,1,68,,321777,24,0,8,1,31,,321771,24,0,8,1,71,,321773,24,0,8,1,71,,321778,24,0,8,1,31,,321793,24,0,8,1,72,,321760,24,0,8,1,31,,321780,24,0,8,1,71,,321781,24,0,8,1,31,,321774,24,0,8,1,77,,321779,24,0,8,1,33,,321794,24,0,8,1,72,,321782,24,0,8,2,32,,321786,24,0,8,2,72,,321795,24,0,8,1,34,,321783,24,0,8,2,70,,321787,24,0,8,2,29,,321796,24,0,8,1,71,,321784,24,0,8,2,29,,321788,24,0,8,2,71,,321763,24,0,8,1,26,,321785,24,0,8,2,71,,321789,24,0,8,2,31,,321764,24,0,8,1,70,,321761,24,0,8,2,30,,321790,24,0,8,2,70,,321765,24,0,8,1,30,,321762,24,0,8,2,70,,321791,24,0,8,2,28,,321766,24,0,8,1,70,,321767,24,0,8,2
12303,'H56S100F-80-F1',610,,321815,24,0,8,1,31,,321798,24,0,8,1,72,,321816,24,0,8,1,32,,321799,24,0,8,1,73,,321817,24,0,8,1,33,,321800,24,0,8,1,73,,321818,24,0,8,1,33,,321801,24,0,8,1,74,,321819,24,0,8,1,75,,321802,24,0,8,1,34,,321820,24,0,8,1,75,,321803,24,0,8,1,36,,321821,24,0,8,1,76,,321804,24,0,8,1,76,,321822,24,0,8,1,36,,321805,24,0,8,1,74,,321823,24,0,8,1,36,,321806,24,0,8,1,75,,321824,24,0,8,1,35,,321807,24,0,8,1,75,,321825,24,0,8,1,75,,321808,24,0,8,1,32,,321826,24,0,8,1,75,,321809,24,0,8,1,32,,321827,24,0,8,1,73,,321810,24,0,8,1,32,,321828,24,0,8,1,73,,321811,24,0,8,1,32,,321829,24,0,8,1,73,,321812,24,0,8,1,72,,321830,24,0,8,1,31,,321813,24,0,8,1,72,,321831,24,0,8,1,30,,321814,24,0,8,1
12303,'H56S200F-80-F2',610,,321849,24,0,8,1,31,,321832,24,0,8,1,72,,321850,24,0,8,1,32,,321833,24,0,8,1,73,,321851,24,0,8,1,33,,321834,24,0,8,1,73,,321852,24,0,8,1,33,,321835,24,0,8,1,74,,321853,24,0,8,1,75,,321836,24,0,8,1,34,,321854,24,0,8,1,75,,321837,24,0,8,1,36,,321855,24,0,8,1,76,,321838,24,0,8,1,76,,321856,24,0,8,1,36,,321839,24,0,8,1,74,,321857,24,0,8,1,36,,321840,24,0,8,1,75,,321858,24,0,8,1,35,,321841,24,0,8,1,75,,321859,24,0,8,1,75,,321842,24,0,8,1,32,,321860,24,0,8,1,75,,321843,24,0,8,1,32,,321861,24,0,8,1,73,,321844,24,0,8,1,32,,321862,24,0,8,1,73,,321845,24,0,8,1,32,,321863,24,0,8,1,73,,321846,24,0,8,1,72,,321864,24,0,8,1,31,,321847,24,0,8,1,72,,321865,24,0,8,1,30,,321848,24,0,8,1
35601,'H56S000A-80-A',2619,,346198,70,0,5,2,83,,346199,70,0,5,1,52,,346195,70,0,5,2,92,,346197,70,0,5,1,82,,346196,70,0,5,1
35601,'H56S000I-80-I',2619,,346201,70,0,5,1,81,,346205,70,0,5,2,40,,346202,70,0,5,1,80,,346200,70,0,5,1,84,,346204,70,0,5,1,44,,346203,70,0,5,1
35601,'H56S000S-82-S',2632,,346208,70,0,5,1,73,,346210,70,0,5,1,34,,346211,70,0,5,2,74,,346206,70,0,5,1,46,,346209,70,0,5,2,89,,346207,70,0,5,1
35601,'H56S100F-80-F1',2619,,346213,70,0,5,1,81,,346217,70,0,5,2,40,,346214,70,0,5,1,80,,346212,70,0,5,1,84,,346216,70,0,5,1,44,,346215,70,0,5,1
35601,'H56S200F-80-F2',2619,,346219,70,0,5,1,81,,346223,70,0,5,2,40,,346220,70,0,5,1,80,,346218,70,0,5,1,84,,346222,70,0,5,1,44,,346221,70,0,5,1
