3303,'H54S000A-80-A',538,,294797,16,0,8,1,69,,294794,16,0,8,1,29,,294807,16,0,8,1,69,,294789,12,0,8,1,29,,294798,12,0,8,1,68,,294795,12,0,8,1,23,,294813,12,0,8,1,22,,294808,12,0,8,1,60,,294790,12,0,8,1,20,,294803,12,0,8,1,21,,294799,12,0,8,1,60,,294796,12,0,8,1,16,,294818,12,0,8,1,13,,294814,12,0,8,1,13,,294859,12,0,8,1,53,,294809,12,0,8,1,14,,294791,12,0,8,1,12,,294830,12,0,8,1,14,,294833,12,0,8,1,15,,294804,12,0,8,1,55,,294800,12,0,8,1,15,,294836,12,0,8,1,16,,294819,12,0,8,1,13,,294828,12,0,8,1,53,,294815,12,0,8,1,13,,294810,12,0,8,1,12,,294825,12,0,8,1,11,,294792,12,0,8,1,11,,294843,12,0,8,2,52,,294834,12,0,8,1,12,,294805,12,0,8,1,12,,294839,12,0,8,2,10,,294801,12,0,8,1,10,,294837,12,0,8,1,50,,294850,12,0,8,1,9,,294820,12,0,8,1,10,,294829,12,0,8,1,10,,294856,12,0,8,1,9,,294816,12,0,8,1,10,,294811,12,0,8,1,50,,294826,12,0,8,1,10,,294793,12,0,8,1,10,,294844,12,0,8,2,11,,294835,12,0,8,1,11,,294806,12,0,8,1,10,,294840,12,0,8,2,50,,294802,12,0,8,1,7,,294852,12,0,8,2,6,,294838,12,0,8,1,9,,294851,12,0,8,1,8,,294853,12,0,8,2,8,,294821,12,0,8,1,10,,294857,12,0,8,1,50,,294817,12,0,8,1,11,,294812,12,0,8,1,14,,294827,12,0,8,1,14,,294845,12,0,8,2,15,,294846,12,0,8,1,55,,294841,12,0,8,2,18,,294863,16,0,8,1,23,,294822,16,0,8,1,62,,294831,16,0,8,1,24,,294860,16,0,8,1,63,,294847,16,0,8,1,16,,294858,16,0,8,1,16,,294842,16,0,8,2,20,,294823,16,0,8,1,61,,294832,16,0,8,1,23,,294861,16,0,8,1,23,,294787,16,0,8,1,61,,294848,16,0,8,1,22,,294854,16,0,8,2,62,,294824,16,0,8,1,25,,294862,16,0,8,1,29,,294788,16,0,8,1,69,,294849,16,0,8,1,29,,294855,16,0,8,2
3303,'H54S000I-80-I',544,,294872,16,0,8,1,70,,294878,16,0,8,1,28,,294896,16,0,8,1,68,,294868,12,0,8,1,30,,294873,12,0,8,1,70,,294879,12,0,8,1,31,,294897,12,0,8,1,67,,294869,12,0,8,1,22,,294892,12,0,8,1,22,,294874,12,0,8,1,62,,294880,12,0,8,1,18,,294904,12,0,8,1,17,,294898,12,0,8,1,57,,294909,12,0,8,2,18,,294870,12,0,8,1,18,,294893,12,0,8,1,17,,294913,12,0,8,1,58,,294875,12,0,8,1,17,,294881,12,0,8,1,17,,294905,12,0,8,1,54,,294902,12,0,8,1,14,,294899,12,0,8,1,15,,294910,12,0,8,2,16,,294871,12,0,8,1,54,,294894,12,0,8,1,15,,294914,12,0,8,1,15,,294916,12,0,8,1,16,,294876,12,0,8,1,53,,294918,12,0,8,2,13,,294882,12,0,8,1,12,,294906,12,0,8,1,12,,294903,12,0,8,1,13,,294927,12,0,8,1,52,,294900,12,0,8,1,11,,294911,12,0,8,2,10,,294895,12,0,8,1,11,,294915,12,0,8,1,11,,294920,12,0,8,2,11,,294917,12,0,8,1,52,,294877,12,0,8,1,13,,294919,12,0,8,2,13,,294883,12,0,8,1,13,,294907,12,0,8,1,52,,294925,12,0,8,1,13,,294865,12,0,8,2,13,,294901,12,0,8,1,16,,294912,12,0,8,2,57,,294888,12,0,8,1,16,,294864,16,0,8,1,16,,294924,16,0,8,1,19,,294884,16,0,8,1,60,,294908,16,0,8,1,23,,294866,16,0,8,2,65,,294889,16,0,8,1,21,,294926,16,0,8,1,20,,294867,16,0,8,2,61,,294885,16,0,8,1,28,,294922,16,0,8,1,26,,294890,16,0,8,1,69,,294928,16,0,8,2,29,,294886,16,0,8,1,70,,294923,16,0,8,1,30,,294891,16,0,8,1,70,,294921,16,0,8,2,30,,294887,16,0,8,1
3303,'H54S000S-80-S',526,,294939,16,0,8,1,27,,294930,16,0,8,1,55,,294937,16,0,8,1,15,,294938,16,0,8,2,16,,294949,16,0,8,1,6,,294950,12,0,8,2,8,,295013,12,0,8,1,50,,294951,12,0,8,1,11,,294957,12,0,8,1,14,,294959,12,0,8,1,13,,294940,12,0,8,1,65,,294956,12,0,8,1,12,,294973,12,0,8,1,19,,294977,12,0,8,1,19,,294935,12,0,8,1,58,,294945,12,0,8,1,18,,294952,12,0,8,1,19,,294960,12,0,8,1,59,,294941,12,0,8,1,19,,294981,12,0,8,1,19,,294974,12,0,8,1,58,,294978,12,0,8,1,16,,294936,12,0,8,1,14,,294946,12,0,8,1,13,,294970,12,0,8,2,52,,294953,12,0,8,1,13,,294961,12,0,8,1,13,,294958,12,0,8,2,13,,294942,12,0,8,1,12,,294982,12,0,8,1,52,,294933,12,0,8,2,10,,294987,12,0,8,1,10,,294975,12,0,8,1,9,,294979,12,0,8,1,10,,294985,12,0,8,1,9,,294966,12,0,8,2,49,,294968,12,0,8,1,10,,294947,12,0,8,1,10,,294971,12,0,8,2,10,,294954,12,0,8,1,11,,294962,12,0,8,1,12,,294989,12,0,8,2,51,,294943,12,0,8,1,9,,294993,12,0,8,2,8,,294983,12,0,8,1,8,,294934,12,0,8,2,9,,294988,12,0,8,1,15,,294976,12,0,8,1,46,,294980,12,0,8,1,14,,294986,12,0,8,1,7,,294931,12,0,8,1,7,,294967,12,0,8,2,6,,294969,12,0,8,1,6,,295007,12,0,8,1,12,,294948,12,0,8,1,7,,294972,12,0,8,2,47,,294955,12,0,8,1,7,,295009,12,0,8,1,7,,294929,12,0,8,1,6,,295008,12,0,8,2,7,,294963,12,0,8,1,7,,294990,12,0,8,2,7,,294944,12,0,8,1,9,,294994,12,0,8,2,48,,294984,12,0,8,1,9,,295015,12,0,8,1,9,,294991,12,0,8,1,10,,294996,12,0,8,2,10,,294997,12,0,8,1,9,,294998,12,0,8,2,50,,294932,12,0,8,1,14,,295005,12,0,8,1,10,,295017,16,0,8,2,15,,295010,16,0,8,1,15,,295002,16,0,8,1,59,,294964,16,0,8,1,20,,294995,16,0,8,2,19,,294992,16,0,8,1,58,,294999,16,0,8,2,17,,295006,16,0,8,1,15,,295014,16,0,8,2,15,,295003,16,0,8,1,59,,295018,16,0,8,1,21,,294965,16,0,8,1,62,,295000,16,0,8,1,28,,295011,16,0,8,1,28,,295004,16,0,8,1,69,,295019,16,0,8,1,29,,295001,16,0,8,1,69,,295016,16,0,8,1,31,,295012,16,0,8,1
3303,'H54S100F-80-F1',544,,295028,16,0,8,1,70,,295034,16,0,8,1,28,,295052,16,0,8,1,68,,295024,12,0,8,1,30,,295029,12,0,8,1,70,,295035,12,0,8,1,31,,295053,12,0,8,1,67,,295025,12,0,8,1,22,,295048,12,0,8,1,22,,295030,12,0,8,1,62,,295036,12,0,8,1,18,,295060,12,0,8,1,17,,295054,12,0,8,1,57,,295065,12,0,8,2,18,,295026,12,0,8,1,18,,295049,12,0,8,1,17,,295069,12,0,8,1,58,,295031,12,0,8,1,17,,295037,12,0,8,1,17,,295061,12,0,8,1,54,,295058,12,0,8,1,14,,295055,12,0,8,1,15,,295066,12,0,8,2,16,,295027,12,0,8,1,54,,295050,12,0,8,1,15,,295070,12,0,8,1,15,,295072,12,0,8,1,16,,295032,12,0,8,1,53,,295074,12,0,8,2,13,,295038,12,0,8,1,12,,295062,12,0,8,1,12,,295059,12,0,8,1,13,,295083,12,0,8,1,52,,295056,12,0,8,1,11,,295067,12,0,8,2,10,,295051,12,0,8,1,11,,295071,12,0,8,1,11,,295076,12,0,8,2,11,,295073,12,0,8,1,52,,295033,12,0,8,1,13,,295075,12,0,8,2,13,,295039,12,0,8,1,13,,295063,12,0,8,1,52,,295081,12,0,8,1,13,,295021,12,0,8,2,13,,295057,12,0,8,1,16,,295068,12,0,8,2,57,,295044,12,0,8,1,16,,295020,16,0,8,1,16,,295080,16,0,8,1,19,,295040,16,0,8,1,60,,295064,16,0,8,1,23,,295022,16,0,8,2,65,,295045,16,0,8,1,21,,295082,16,0,8,1,20,,295023,16,0,8,2,61,,295041,16,0,8,1,28,,295078,16,0,8,1,26,,295046,16,0,8,1,69,,295084,16,0,8,2,29,,295042,16,0,8,1,70,,295079,16,0,8,1,30,,295047,16,0,8,1,70,,295077,16,0,8,2,30,,295043,16,0,8,1
3303,'H54S200F-80-F2',544,,295093,16,0,8,1,70,,295099,16,0,8,1,28,,295117,16,0,8,1,68,,295089,12,0,8,1,30,,295094,12,0,8,1,70,,295100,12,0,8,1,31,,295118,12,0,8,1,67,,295090,12,0,8,1,22,,295113,12,0,8,1,22,,295095,12,0,8,1,62,,295101,12,0,8,1,18,,295125,12,0,8,1,17,,295119,12,0,8,1,57,,295130,12,0,8,2,18,,295091,12,0,8,1,18,,295114,12,0,8,1,17,,295134,12,0,8,1,58,,295096,12,0,8,1,17,,295102,12,0,8,1,17,,295126,12,0,8,1,54,,295123,12,0,8,1,14,,295120,12,0,8,1,15,,295131,12,0,8,2,16,,295092,12,0,8,1,54,,295115,12,0,8,1,15,,295135,12,0,8,1,15,,295137,12,0,8,1,16,,295097,12,0,8,1,53,,295139,12,0,8,2,13,,295103,12,0,8,1,12,,295127,12,0,8,1,12,,295124,12,0,8,1,13,,295148,12,0,8,1,52,,295121,12,0,8,1,11,,295132,12,0,8,2,10,,295116,12,0,8,1,11,,295136,12,0,8,1,11,,295141,12,0,8,2,11,,295138,12,0,8,1,52,,295098,12,0,8,1,13,,295140,12,0,8,2,13,,295104,12,0,8,1,13,,295128,12,0,8,1,52,,295146,12,0,8,1,13,,295086,12,0,8,2,13,,295122,12,0,8,1,16,,295133,12,0,8,2,57,,295109,12,0,8,1,16,,295085,16,0,8,1,16,,295145,16,0,8,1,19,,295105,16,0,8,1,60,,295129,16,0,8,1,23,,295087,16,0,8,2,65,,295110,16,0,8,1,21,,295147,16,0,8,1,20,,295088,16,0,8,2,61,,295106,16,0,8,1,28,,295143,16,0,8,1,26,,295111,16,0,8,1,69,,295149,16,0,8,2,29,,295107,16,0,8,1,70,,295144,16,0,8,1,30,,295112,16,0,8,1,70,,295142,16,0,8,2,30,,295108,16,0,8,1
3303,'H57S000S-80-S',754,,295150,12,0,8,1,853,,295151,12,0,8,1
3303,'H59S000S-80-S',1547,,295152,12,0,8,2,99,,295153,12,0,8,1
19702,'H51S000A-80-A',531,,338805,3,0,10,2,72,,338813,3,0,10,1,32,,338806,3,0,10,2,67,,338821,3,0,10,1,29,,338814,3,0,10,1,28,,338807,3,0,10,2,68,,338822,3,0,10,1,28,,338815,3,0,10,1,68,,338808,3,0,10,2,23,,338823,3,0,10,1,63,,338828,3,0,10,2,23,,338816,3,0,10,1,23,,338809,3,0,10,2,62,,338824,3,0,10,1,16,,338833,3,0,10,2,16,,338829,3,0,10,2,56,,338834,3,0,10,1,15,,338810,3,0,10,2,15,,338836,3,0,10,2,16,,338825,3,0,10,1,56,,338839,3,0,10,2,18,,338830,3,0,10,2,18,,338837,3,0,10,2,58,,338811,3,0,10,2,18,,338826,3,0,10,1,19,,338831,3,0,10,2,19,,338840,3,0,10,2,59,,338838,3,0,10,2,19,,338812,3,0,10,2,20,,338827,3,0,10,1,63,,338832,3,0,10,2,24,,338841,3,0,10,2,64,,338847,3,0,10,1,28,,338835,3,0,10,2,68,,338842,3,0,10,2,28,,338848,3,0,10,1,28,,338817,3,0,10,1,67,,338843,3,0,10,2,26,,338849,3,0,10,1,66,,338818,3,0,10,1,26,,338844,3,0,10,2,67,,338850,3,0,10,1,27,,338819,3,0,10,1,68,,338845,3,0,10,2,28,,338851,3,0,10,1,69,,338820,3,0,10,1,33,,338846,3,0,10,2,69,,338853,3,0,10,2,36,,338852,3,0,10,1,76,,338854,3,0,10,2
19702,'H51S000I-80-I',532,,338865,3,0,10,1,71,,338855,3,0,10,1,32,,338866,3,0,10,1,72,,338856,3,0,10,1,33,,338867,3,0,10,1,72,,338857,3,0,10,1,32,,338868,3,0,10,2,70,,338874,3,0,10,2,22,,338877,3,0,10,1,22,,338858,3,0,10,1,67,,338869,3,0,10,2,27,,338875,3,0,10,2,67,,338859,3,0,10,1,27,,338870,3,0,10,2,65,,338878,3,0,10,2,22,,338876,3,0,10,2,22,,338860,3,0,10,1,62,,338871,3,0,10,2,20,,338885,3,0,10,2,20,,338879,3,0,10,2,68,,338861,3,0,10,1,28,,338872,3,0,10,2,68,,338880,3,0,10,2,28,,338862,3,0,10,1,70,,338873,3,0,10,2,28,,338881,3,0,10,2,68,,338863,3,0,10,1,28,,338890,3,0,10,1,68,,338882,3,0,10,2,28,,338886,3,0,10,2,69,,338891,3,0,10,1,29,,338883,3,0,10,2,69,,338887,3,0,10,2,29,,338892,3,0,10,1,70,,338884,3,0,10,2,32,,338888,3,0,10,2,72,,338893,3,0,10,1,33,,338895,3,0,10,2,71,,338889,3,0,10,2,32,,338894,3,0,10,1,71,,338896,3,0,10,2,31,,338864,3,0,10,1
19702,'H51S000S-81-S',458,,338897,3,0,10,2,63,,338901,3,0,10,1,18,,338900,3,0,10,1,13,,338905,3,0,10,2,55,,338898,3,0,10,2,24,,338914,3,0,10,2,8,,338915,3,0,10,2,8,,338902,3,0,10,1,6,,338919,3,0,10,2,47,,338926,3,0,10,2,6,,338933,3,0,10,2,5,,338906,3,0,10,2,7,,338913,3,0,10,2,9,,338935,3,0,10,2,4,,338917,3,0,10,2,5,,338899,3,0,10,2,5,,338942,3,0,10,2,5,,338943,3,0,10,2,5,,338918,3,0,10,2,5,,338936,3,0,10,2,46,,338907,3,0,10,2,6,,338932,3,0,10,2,11,,338916,3,0,10,2,10,,338903,3,0,10,1,12,,338949,3,0,10,1,10,,338920,3,0,10,2,50,,338934,3,0,10,2,10,,338951,3,0,10,2,12,,338927,3,0,10,1,14,,338944,3,0,10,2,16,,338937,3,0,10,2,58,,338904,3,0,10,1,20,,338921,3,0,10,2,20,,338945,3,0,10,2,60,,338928,3,0,10,1,20,,338938,3,0,10,2,20,,338952,3,0,10,1,60,,338922,3,0,10,2,20,,338946,3,0,10,2,20,,338939,3,0,10,2,60,,338929,3,0,10,1,20,,338953,3,0,10,1,20,,338923,3,0,10,2,60,,338940,3,0,10,2,20,,338947,3,0,10,2,21,,338930,3,0,10,1,60,,338954,3,0,10,1,20,,338924,3,0,10,2,20,,338941,3,0,10,2,62,,338948,3,0,10,2,20,,338931,3,0,10,1,20,,338955,3,0,10,1,60,,338925,3,0,10,2,24,,338964,3,0,10,2,63,,338908,3,0,10,1,29,,338956,3,0,10,1,29,,338960,3,0,10,2,68,,338909,3,0,10,1,29,,338957,3,0,10,1,70,,338961,3,0,10,2,30,,338910,3,0,10,1,70,,338958,3,0,10,1,30,,338962,3,0,10,2,70,,338911,3,0,10,1,30,,338959,3,0,10,1,60,,338966,3,0,10,2,17,,338965,3,0,10,1,76,,338912,3,0,10,1,37,,338963,3,0,10,2
19702,'H51S100F-80-F1',532,,338968,3,0,10,1,71,,338982,3,0,10,1,32,,338969,3,0,10,1,72,,338983,3,0,10,1,33,,338970,3,0,10,1,72,,338984,3,0,10,1,32,,338976,3,0,10,2,70,,338972,3,0,10,2,22,,338971,3,0,10,1,22,,338985,3,0,10,1,67,,338977,3,0,10,2,27,,338973,3,0,10,2,67,,338986,3,0,10,1,27,,338978,3,0,10,2,65,,338991,3,0,10,2,22,,338974,3,0,10,2,22,,338987,3,0,10,1,62,,338979,3,0,10,2,20,,338975,3,0,10,2,20,,338992,3,0,10,2,68,,338988,3,0,10,1,28,,338980,3,0,10,2,68,,338993,3,0,10,2,28,,338989,3,0,10,1,70,,338981,3,0,10,2,28,,338994,3,0,10,2,68,,338990,3,0,10,1,28,,339002,3,0,10,1,68,,338995,3,0,10,2,28,,338998,3,0,10,2,69,,339003,3,0,10,1,29,,338996,3,0,10,2,69,,338999,3,0,10,2,29,,339004,3,0,10,1,70,,338997,3,0,10,2,32,,339000,3,0,10,2,72,,339005,3,0,10,1,33,,339007,3,0,10,2,71,,339001,3,0,10,2,32,,339006,3,0,10,1,71,,339008,3,0,10,2,31,,338967,3,0,10,1
19702,'H51S200F-80-F2',532,,339010,3,0,10,1,71,,339024,3,0,10,1,32,,339011,3,0,10,1,72,,339025,3,0,10,1,33,,339012,3,0,10,1,72,,339026,3,0,10,1,32,,339018,3,0,10,2,70,,339014,3,0,10,2,22,,339013,3,0,10,1,22,,339027,3,0,10,1,67,,339019,3,0,10,2,27,,339015,3,0,10,2,67,,339028,3,0,10,1,27,,339020,3,0,10,2,65,,339033,3,0,10,2,22,,339016,3,0,10,2,22,,339029,3,0,10,1,62,,339021,3,0,10,2,20,,339017,3,0,10,2,20,,339034,3,0,10,2,68,,339030,3,0,10,1,28,,339022,3,0,10,2,68,,339035,3,0,10,2,28,,339031,3,0,10,1,70,,339023,3,0,10,2,28,,339036,3,0,10,2,68,,339032,3,0,10,1,28,,339044,3,0,10,1,68,,339037,3,0,10,2,28,,339040,3,0,10,2,69,,339045,3,0,10,1,29,,339038,3,0,10,2,69,,339041,3,0,10,2,29,,339046,3,0,10,1,70,,339039,3,0,10,2,32,,339042,3,0,10,2,72,,339047,3,0,10,1,33,,339049,3,0,10,2,71,,339043,3,0,10,2,32,,339048,3,0,10,1,71,,339050,3,0,10,2,31,,339009,3,0,10,1
19702,'H57S000S-80-S',621,,339051,3,0,10,1
19702,'H59S000S-80-S',715,,339052,3,0,10,2,5,,339053,3,0,10,1
37002,'H51S000A-80-A',2553,,347054,10,0,10,1,82,,347053,10,0,10,2,85,,347051,10,0,10,1,85,,347052,10,0,10,2,45,,347055,10,0,10,1
37002,'H51S000I-80-I',2505,,347060,10,0,10,1,45,,347056,10,0,10,1,85,,347058,10,0,10,2,85,,347061,10,0,10,1,85,,347057,10,0,10,1,46,,347059,10,0,10,2
37002,'H51S000S-81-S',2505,,347064,10,0,10,1,45,,347062,10,0,10,1,85,,347066,10,0,10,2,85,,347065,10,0,10,1,85,,347063,10,0,10,1,46,,347067,10,0,10,2
37002,'H51S100F-80-F1',2505,,347072,10,0,10,1,45,,347068,10,0,10,1,85,,347070,10,0,10,2,85,,347073,10,0,10,1,85,,347069,10,0,10,1,46,,347071,10,0,10,2
37002,'H51S200F-80-F2',2505,,347078,10,0,10,1,45,,347074,10,0,10,1,85,,347076,10,0,10,2,85,,347079,10,0,10,1,85,,347075,10,0,10,1,46,,347077,10,0,10,2
