13604,'H51S000S-81-S',655,,324836,29,0,9,2,53,,324837,29,0,9,2
13604,'H57S000S-80-S',745,,324838,29,0,9,1,78,,324839,29,0,9,2
13604,'H59S000A-80-A',529,,324840,29,0,9,2,27,,324849,29,0,9,1,68,,324858,29,0,9,1,28,,324841,29,0,9,2,67,,324850,29,0,9,1,20,,324859,29,0,9,1,19,,324869,29,0,9,1,61,,324842,29,0,9,2,20,,324860,29,0,9,1,20,,324851,29,0,9,1,60,,324870,29,0,9,1,20,,324861,29,0,9,1,19,,324843,29,0,9,2,59,,324852,29,0,9,1,19,,324883,29,0,9,2,20,,324871,29,0,9,1,60,,324844,29,0,9,2,16,,324884,29,0,9,1,16,,324853,29,0,9,1,57,,324889,29,0,9,2,16,,324872,29,0,9,1,17,,324885,29,0,9,1,16,,324845,29,0,9,2,56,,324890,29,0,9,2,17,,324854,29,0,9,1,19,,324873,29,0,9,1,59,,324846,29,0,9,2,17,,324886,29,0,9,1,18,,324891,29,0,9,2,19,,324855,29,0,9,1,58,,324874,29,0,9,1,19,,324847,29,0,9,2,18,,324887,29,0,9,1,56,,324892,29,0,9,2,18,,324856,29,0,9,1,19,,324875,29,0,9,1,60,,324848,29,0,9,2,21,,324888,29,0,9,1,22,,324857,29,0,9,1,62,,324876,29,0,9,1,25,,324893,29,0,9,2,66,,324865,29,0,9,1,26,,324877,29,0,9,1,25,,324894,29,0,9,2,67,,324866,29,0,9,1,27,,324878,29,0,9,1,66,,324895,29,0,9,2,28,,324867,29,0,9,1,70,,324879,29,0,9,1,31,,324862,29,0,9,1,72,,324868,29,0,9,1,29,,324880,29,0,9,1,71,,324863,29,0,9,1,31,,324881,29,0,9,1,70,,324864,29,0,9,1,31,,324882,29,0,9,1
13604,'H59S000I-81-I',528,,324896,29,0,9,2,72,,324903,29,0,9,1,32,,324897,29,0,9,2,69,,324904,29,0,9,1,32,,324898,29,0,9,2,71,,324905,29,0,9,1,32,,324899,29,0,9,2,72,,324906,29,0,9,1,24,,324914,29,0,9,1,22,,324900,29,0,9,2,61,,324907,29,0,9,1,17,,324925,29,0,9,2,19,,324915,29,0,9,1,62,,324901,29,0,9,2,18,,324926,29,0,9,2,18,,324908,29,0,9,1,58,,324916,29,0,9,1,22,,324909,29,0,9,1,23,,324927,29,0,9,2,65,,324930,29,0,9,1,21,,324917,29,0,9,1,66,,324910,29,0,9,1,25,,324928,29,0,9,2,25,,324931,29,0,9,2,67,,324918,29,0,9,1,30,,324929,29,0,9,2,69,,324932,29,0,9,2,30,,324911,29,0,9,1,70,,324934,29,0,9,1,30,,324933,29,0,9,2,70,,324912,29,0,9,1,27,,324935,29,0,9,1,69,,324919,29,0,9,1,30,,324913,29,0,9,1,71,,324936,29,0,9,1,30,,324920,29,0,9,1,69,,324902,29,0,9,2,26,,324937,29,0,9,1,71,,324921,29,0,9,1,32,,324938,29,0,9,1,69,,324922,29,0,9,1,30,,324939,29,0,9,2,70,,324923,29,0,9,1,30,,324940,29,0,9,2,70,,324924,29,0,9,1
13604,'H59S000S-80-S',530,,324954,29,0,9,2,20,,324943,29,0,9,2,62,,324947,29,0,9,1,13,,324951,29,0,9,1,12,,324941,29,0,9,2,10,,324955,29,0,9,2,55,,324948,29,0,9,1,12,,324966,29,0,9,1,6,,324944,29,0,9,2,7,,324968,29,0,9,2,6,,325008,29,0,9,2,7,,325009,29,0,9,1,9,,324952,29,0,9,1,4,,324970,29,0,9,2,4,,325010,29,0,9,2,44,,324972,29,0,9,2,5,,324978,29,0,9,2,6,,324956,29,0,9,2,5,,324949,29,0,9,1,12,,325011,29,0,9,1,6,,324945,29,0,9,2,9,,324967,29,0,9,1,10,,324969,29,0,9,2,52,,325002,29,0,9,1,11,,324971,29,0,9,2,11,,324953,29,0,9,1,11,,324957,29,0,9,2,12,,324979,29,0,9,2,52,,324973,29,0,9,1,13,,324946,29,0,9,2,16,,325003,29,0,9,1,20,,324961,29,0,9,1,61,,324958,29,0,9,2,21,,324974,29,0,9,1,22,,325004,29,0,9,1,61,,324962,29,0,9,1,22,,324980,29,0,9,1,19,,324959,29,0,9,2,59,,324975,29,0,9,1,20,,325005,29,0,9,1,19,,324963,29,0,9,1,58,,324988,29,0,9,2,16,,324981,29,0,9,1,17,,324960,29,0,9,2,59,,324976,29,0,9,1,20,,324964,29,0,9,1,19,,324989,29,0,9,2,56,,324982,29,0,9,1,16,,324942,29,0,9,2,18,,324950,29,0,9,1,15,,324977,29,0,9,1,56,,324965,29,0,9,1,16,,324990,29,0,9,2,17,,324983,29,0,9,1,18,,324998,29,0,9,2,59,,324992,29,0,9,2,20,,325006,29,0,9,1,21,,324991,29,0,9,2,57,,324984,29,0,9,1,23,,324993,29,0,9,1,69,,324999,29,0,9,2,30,,324985,29,0,9,1,71,,324994,29,0,9,1,28,,325000,29,0,9,2,73,,325007,29,0,9,1,32,,324995,29,0,9,1,69,,324986,29,0,9,1,32,,325001,29,0,9,2,71,,324996,29,0,9,1,32,,324987,29,0,9,1,72,,324997,29,0,9,1
13604,'H59S100F-80-F1',528,,325035,29,0,9,2,72,,325012,29,0,9,1,32,,325036,29,0,9,2,69,,325013,29,0,9,1,32,,325037,29,0,9,2,71,,325014,29,0,9,1,32,,325038,29,0,9,2,72,,325015,29,0,9,1,24,,325019,29,0,9,1,22,,325039,29,0,9,2,61,,325016,29,0,9,1,17,,325030,29,0,9,2,19,,325020,29,0,9,1,62,,325040,29,0,9,2,18,,325031,29,0,9,2,18,,325017,29,0,9,1,58,,325021,29,0,9,1,22,,325042,29,0,9,1,23,,325032,29,0,9,2,65,,325018,29,0,9,1,21,,325022,29,0,9,1,66,,325043,29,0,9,1,25,,325033,29,0,9,2,25,,325047,29,0,9,2,67,,325023,29,0,9,1,30,,325034,29,0,9,2,69,,325048,29,0,9,2,30,,325044,29,0,9,1,70,,325050,29,0,9,1,30,,325049,29,0,9,2,70,,325045,29,0,9,1,27,,325051,29,0,9,1,69,,325024,29,0,9,1,30,,325046,29,0,9,1,71,,325052,29,0,9,1,30,,325025,29,0,9,1,69,,325041,29,0,9,2,26,,325053,29,0,9,1,71,,325026,29,0,9,1,32,,325054,29,0,9,1,69,,325027,29,0,9,1,30,,325055,29,0,9,2,70,,325028,29,0,9,1,30,,325056,29,0,9,2,70,,325029,29,0,9,1
13604,'H59S200F-80-F2',528,,325080,29,0,9,2,72,,325057,29,0,9,1,32,,325081,29,0,9,2,69,,325058,29,0,9,1,32,,325082,29,0,9,2,71,,325059,29,0,9,1,32,,325083,29,0,9,2,72,,325060,29,0,9,1,24,,325064,29,0,9,1,22,,325084,29,0,9,2,61,,325061,29,0,9,1,17,,325075,29,0,9,2,19,,325065,29,0,9,1,62,,325085,29,0,9,2,18,,325076,29,0,9,2,18,,325062,29,0,9,1,58,,325066,29,0,9,1,22,,325087,29,0,9,1,23,,325077,29,0,9,2,65,,325063,29,0,9,1,21,,325067,29,0,9,1,66,,325088,29,0,9,1,25,,325078,29,0,9,2,25,,325092,29,0,9,2,67,,325068,29,0,9,1,30,,325079,29,0,9,2,69,,325093,29,0,9,2,30,,325089,29,0,9,1,70,,325095,29,0,9,1,30,,325094,29,0,9,2,70,,325090,29,0,9,1,27,,325096,29,0,9,1,69,,325069,29,0,9,1,30,,325091,29,0,9,1,71,,325097,29,0,9,1,30,,325070,29,0,9,1,69,,325086,29,0,9,2,26,,325098,29,0,9,1,71,,325071,29,0,9,1,32,,325099,29,0,9,1,69,,325072,29,0,9,1,30,,325100,29,0,9,2,70,,325073,29,0,9,1,30,,325101,29,0,9,2,70,,325074,29,0,9,1
35302,'H54S000A-80-A',2540,,346060,64,0,10,1,85,,346058,64,0,10,1,85,,346059,64,0,10,1,46,,346057,64,0,10,2,85,,346061,64,0,10,1
35302,'H54S000I-80-I',2541,,346064,64,0,10,1,85,,346066,64,0,10,1,86,,346062,64,0,10,2,45,,346063,64,0,10,1,85,,346065,64,0,10,1
35302,'H54S000S-80-S',2539,,346069,64,0,10,1,85,,346070,64,0,10,1,85,,346067,64,0,10,1,46,,346071,64,0,10,2,85,,346068,64,0,10,1
35302,'H54S100F-80-F1',2541,,346074,64,0,10,1,85,,346076,64,0,10,1,86,,346072,64,0,10,2,45,,346073,64,0,10,1,85,,346075,64,0,10,1
35302,'H54S200F-80-F2',2541,,346079,64,0,10,1,85,,346081,64,0,10,1,86,,346077,64,0,10,2,45,,346078,64,0,10,1,85,,346080,64,0,10,1
