5703,'H56S000A-80-A',533,,303754,5,0,8,1,70,,303731,5,0,8,2,30,,303755,5,0,8,1,70,,303732,5,0,8,2,30,,303756,5,0,8,1,70,,303733,5,0,8,2,30,,303757,5,0,8,1,70,,303734,5,0,8,2,29,,303758,5,0,8,1,68,,303735,5,0,8,2,26,,303721,5,0,8,1,25,,303742,5,0,8,1,63,,303736,5,0,8,2,23,,303722,5,0,8,1,63,,303743,5,0,8,1,23,,303737,5,0,8,2,24,,303723,5,0,8,1,64,,303744,5,0,8,1,24,,303738,5,0,8,2,24,,303724,5,0,8,1,65,,303745,5,0,8,1,24,,303739,5,0,8,2,64,,303725,5,0,8,1,24,,303746,5,0,8,1,23,,303740,5,0,8,2,64,,303726,5,0,8,1,25,,303747,5,0,8,1,64,,303741,5,0,8,2,25,,303727,5,0,8,1,65,,303748,5,0,8,1,25,,303759,5,0,8,1,25,,303728,5,0,8,1,64,,303749,5,0,8,1,24,,303760,5,0,8,1,64,,303729,5,0,8,1,24,,303750,5,0,8,1,24,,303761,5,0,8,1,64,,303730,5,0,8,1,26,,303751,5,0,8,1,70,,303762,5,0,8,1,30,,303752,5,0,8,1,69,,303763,5,0,8,1,29,,303753,5,0,8,1,67,,303764,5,0,8,1
5703,'H56S000I-80-I',533,,303783,5,0,8,2,70,,303765,5,0,8,1,30,,303784,5,0,8,2,69,,303766,5,0,8,1,30,,303785,5,0,8,2,70,,303767,5,0,8,1,30,,303786,5,0,8,2,70,,303768,5,0,8,1,29,,303787,5,0,8,2,69,,303769,5,0,8,1,30,,303788,5,0,8,2,70,,303770,5,0,8,1,31,,303789,5,0,8,2,71,,303771,5,0,8,1,30,,303790,5,0,8,2,70,,303772,5,0,8,1,30,,303791,5,0,8,2,72,,303773,5,0,8,1,32,,303792,5,0,8,2,71,,303774,5,0,8,1,31,,303793,5,0,8,2,71,,303775,5,0,8,1,32,,303794,5,0,8,2,69,,303776,5,0,8,1,30,,303795,5,0,8,2,69,,303777,5,0,8,1,30,,303796,5,0,8,2,69,,303778,5,0,8,1,30,,303797,5,0,8,2,69,,303779,5,0,8,1,29,,303798,5,0,8,2,70,,303780,5,0,8,1,30,,303799,5,0,8,2,70,,303781,5,0,8,1,31,,303800,5,0,8,2,70,,303782,5,0,8,1,30,,303801,5,0,8,2,70,,303802,5,0,8,1
5703,'H56S000S-82-S',533,,303803,5,0,8,2,26,,303835,5,0,8,1,61,,303828,5,0,8,2,21,,303804,5,0,8,2,61,,303836,5,0,8,1,23,,303829,5,0,8,2,19,,303831,5,0,8,2,59,,303805,5,0,8,2,20,,303837,5,0,8,1,19,,303830,5,0,8,2,59,,303832,5,0,8,2,20,,303806,5,0,8,2,21,,303838,5,0,8,1,63,,303833,5,0,8,2,24,,303807,5,0,8,2,28,,303820,5,0,8,1,72,,303808,5,0,8,2,71,,303821,5,0,8,1,32,,303809,5,0,8,2,70,,303822,5,0,8,1,25,,303848,5,0,8,2,24,,303810,5,0,8,2,63,,303823,5,0,8,1,22,,303849,5,0,8,2,23,,303811,5,0,8,2,64,,303824,5,0,8,1,24,,303846,5,0,8,1,63,,303812,5,0,8,2,22,,303825,5,0,8,1,17,,303834,5,0,8,2,57,,303847,5,0,8,1,19,,303813,5,0,8,2,21,,303826,5,0,8,1,64,,303841,5,0,8,1,25,,303814,5,0,8,2,65,,303827,5,0,8,1,27,,303842,5,0,8,1,30,,303815,5,0,8,2,69,,303843,5,0,8,1,30,,303816,5,0,8,2,69,,303844,5,0,8,1,30,,303817,5,0,8,2,70,,303845,5,0,8,1,30,,303818,5,0,8,2,69,,303839,5,0,8,1,29,,303819,5,0,8,2,68,,303840,5,0,8,1
5703,'H56S100F-80-F1',533,,303868,5,0,8,2,70,,303850,5,0,8,1,30,,303869,5,0,8,2,69,,303851,5,0,8,1,30,,303870,5,0,8,2,70,,303852,5,0,8,1,30,,303871,5,0,8,2,70,,303853,5,0,8,1,29,,303872,5,0,8,2,69,,303854,5,0,8,1,30,,303873,5,0,8,2,70,,303855,5,0,8,1,31,,303874,5,0,8,2,71,,303856,5,0,8,1,30,,303875,5,0,8,2,70,,303857,5,0,8,1,30,,303876,5,0,8,2,72,,303858,5,0,8,1,32,,303877,5,0,8,2,71,,303859,5,0,8,1,31,,303878,5,0,8,2,71,,303860,5,0,8,1,32,,303879,5,0,8,2,69,,303861,5,0,8,1,30,,303880,5,0,8,2,69,,303862,5,0,8,1,30,,303881,5,0,8,2,69,,303863,5,0,8,1,30,,303882,5,0,8,2,69,,303864,5,0,8,1,29,,303883,5,0,8,2,70,,303865,5,0,8,1,30,,303884,5,0,8,2,70,,303866,5,0,8,1,31,,303885,5,0,8,2,70,,303867,5,0,8,1,30,,303886,5,0,8,2,70,,303887,5,0,8,1
5703,'H56S200F-80-F2',533,,303906,5,0,8,2,70,,303888,5,0,8,1,30,,303907,5,0,8,2,69,,303889,5,0,8,1,30,,303908,5,0,8,2,70,,303890,5,0,8,1,30,,303909,5,0,8,2,70,,303891,5,0,8,1,29,,303910,5,0,8,2,69,,303892,5,0,8,1,30,,303911,5,0,8,2,70,,303893,5,0,8,1,31,,303912,5,0,8,2,71,,303894,5,0,8,1,30,,303913,5,0,8,2,70,,303895,5,0,8,1,30,,303914,5,0,8,2,72,,303896,5,0,8,1,32,,303915,5,0,8,2,71,,303897,5,0,8,1,31,,303916,5,0,8,2,71,,303898,5,0,8,1,32,,303917,5,0,8,2,69,,303899,5,0,8,1,30,,303918,5,0,8,2,69,,303900,5,0,8,1,30,,303919,5,0,8,2,69,,303901,5,0,8,1,30,,303920,5,0,8,2,69,,303902,5,0,8,1,29,,303921,5,0,8,2,70,,303903,5,0,8,1,30,,303922,5,0,8,2,70,,303904,5,0,8,1,31,,303923,5,0,8,2,70,,303905,5,0,8,1,30,,303924,5,0,8,2,70,,303925,5,0,8,1
7104,'H56S000A-80-A',537,,308436,15,0,9,1,73,,308449,15,0,9,2,34,,308437,15,0,9,1,74,,308450,15,0,9,2,34,,308438,15,0,9,1,73,,308451,15,0,9,2,33,,308462,15,0,9,2,68,,308439,15,0,9,1,30,,308452,15,0,9,2,68,,308463,15,0,9,2,28,,308440,15,0,9,1,69,,308453,15,0,9,2,31,,308464,15,0,9,2,69,,308441,15,0,9,1,30,,308454,15,0,9,2,70,,308465,15,0,9,2,30,,308442,15,0,9,1,70,,308455,15,0,9,2,30,,308466,15,0,9,2,70,,308443,15,0,9,1,31,,308456,15,0,9,2,70,,308467,15,0,9,2,30,,308444,15,0,9,1,69,,308457,15,0,9,2,30,,308468,15,0,9,2,70,,308445,15,0,9,1,28,,308458,15,0,9,2,71,,308469,15,0,9,2,30,,308446,15,0,9,1,70,,308459,15,0,9,2,29,,308470,15,0,9,2,70,,308447,15,0,9,1,30,,308460,15,0,9,2,70,,308471,15,0,9,2,29,,308448,15,0,9,1,69,,308461,15,0,9,2,28,,308473,15,0,9,2,72,,308472,15,0,9,1
7104,'H56S000I-80-I',536,,308474,15,0,9,2,73,,308488,15,0,9,1,33,,308475,15,0,9,2,73,,308489,15,0,9,1,34,,308476,15,0,9,2,73,,308490,15,0,9,1,34,,308477,15,0,9,2,73,,308491,15,0,9,1,27,,308502,15,0,9,1,70,,308478,15,0,9,2,29,,308492,15,0,9,1,69,,308503,15,0,9,1,30,,308479,15,0,9,2,69,,308493,15,0,9,1,29,,308504,15,0,9,1,69,,308480,15,0,9,2,29,,308494,15,0,9,1,69,,308505,15,0,9,1,29,,308481,15,0,9,2,69,,308495,15,0,9,1,30,,308506,15,0,9,1,70,,308482,15,0,9,2,31,,308496,15,0,9,1,72,,308507,15,0,9,1,29,,308483,15,0,9,2,70,,308497,15,0,9,1,30,,308508,15,0,9,1,70,,308484,15,0,9,2,30,,308498,15,0,9,1,70,,308509,15,0,9,1,30,,308485,15,0,9,2,70,,308499,15,0,9,1,30,,308510,15,0,9,1,70,,308486,15,0,9,2,28,,308500,15,0,9,1,70,,308511,15,0,9,1,30,,308487,15,0,9,2,70,,308501,15,0,9,1
7104,'H56S000S-82-S',525,,308518,15,0,9,2,33,,308519,15,0,9,1,71,,308537,15,0,9,1,29,,308527,15,0,9,2,72,,308520,15,0,9,1,71,,308538,15,0,9,1,30,,308528,15,0,9,2,71,,308521,15,0,9,1,29,,308539,15,0,9,1,70,,308529,15,0,9,2,30,,308522,15,0,9,1,69,,308540,15,0,9,1,28,,308530,15,0,9,2,29,,308523,15,0,9,1,69,,308541,15,0,9,1,29,,308531,15,0,9,2,70,,308524,15,0,9,1,30,,308542,15,0,9,1,70,,308532,15,0,9,2,32,,308525,15,0,9,1,71,,308543,15,0,9,1,72,,308533,15,0,9,2,33,,308526,15,0,9,1,74,,308544,15,0,9,1,32,,308534,15,0,9,2,70,,308512,15,0,9,1,31,,308545,15,0,9,1,68,,308535,15,0,9,2,29,,308513,15,0,9,1,69,,308546,15,0,9,1,30,,308536,15,0,9,2,69,,308514,15,0,9,1,30,,308547,15,0,9,1,73,,308548,15,0,9,1,33,,308515,15,0,9,1,73,,308549,15,0,9,1,32,,308516,15,0,9,1,72,,308550,15,0,9,1,32,,308517,15,0,9,1,73,,308551,15,0,9,1
7104,'H56S100F-80-F1',536,,308552,15,0,9,2,73,,308566,15,0,9,1,33,,308553,15,0,9,2,73,,308567,15,0,9,1,34,,308554,15,0,9,2,73,,308568,15,0,9,1,34,,308555,15,0,9,2,73,,308569,15,0,9,1,27,,308580,15,0,9,1,70,,308556,15,0,9,2,29,,308570,15,0,9,1,69,,308581,15,0,9,1,30,,308557,15,0,9,2,69,,308571,15,0,9,1,29,,308582,15,0,9,1,69,,308558,15,0,9,2,29,,308572,15,0,9,1,69,,308583,15,0,9,1,29,,308559,15,0,9,2,69,,308573,15,0,9,1,30,,308584,15,0,9,1,70,,308560,15,0,9,2,31,,308574,15,0,9,1,72,,308585,15,0,9,1,29,,308561,15,0,9,2,70,,308575,15,0,9,1,30,,308586,15,0,9,1,70,,308562,15,0,9,2,30,,308576,15,0,9,1,70,,308587,15,0,9,1,30,,308563,15,0,9,2,70,,308577,15,0,9,1,30,,308588,15,0,9,1,70,,308564,15,0,9,2,28,,308578,15,0,9,1,70,,308589,15,0,9,1,30,,308565,15,0,9,2,70,,308579,15,0,9,1
7104,'H56S200F-80-F2',536,,308590,15,0,9,2,73,,308604,15,0,9,1,33,,308591,15,0,9,2,73,,308605,15,0,9,1,34,,308592,15,0,9,2,73,,308606,15,0,9,1,34,,308593,15,0,9,2,73,,308607,15,0,9,1,27,,308618,15,0,9,1,70,,308594,15,0,9,2,29,,308608,15,0,9,1,69,,308619,15,0,9,1,30,,308595,15,0,9,2,69,,308609,15,0,9,1,29,,308620,15,0,9,1,69,,308596,15,0,9,2,29,,308610,15,0,9,1,69,,308621,15,0,9,1,29,,308597,15,0,9,2,69,,308611,15,0,9,1,30,,308622,15,0,9,1,70,,308598,15,0,9,2,31,,308612,15,0,9,1,72,,308623,15,0,9,1,29,,308599,15,0,9,2,70,,308613,15,0,9,1,30,,308624,15,0,9,1,70,,308600,15,0,9,2,30,,308614,15,0,9,1,70,,308625,15,0,9,1,30,,308601,15,0,9,2,70,,308615,15,0,9,1,30,,308626,15,0,9,1,70,,308602,15,0,9,2,28,,308616,15,0,9,1,70,,308627,15,0,9,1,30,,308603,15,0,9,2,70,,308617,15,0,9,1
