10301,'H50S000A-82-A',537,,315406,16,0,5,2,71,,315365,16,0,5,1,30,,315407,16,0,5,2,68,,315366,16,0,5,1,27,,315408,16,0,5,2,26,,315367,16,0,5,1,66,,315409,16,0,5,2,22,,315382,16,0,5,1,61,,315368,16,0,5,1,23,,315410,16,0,5,2,17,,315383,16,0,5,1,57,,315369,16,0,5,1,18,,315414,16,0,5,1,18,,315411,16,0,5,2,59,,315370,16,0,5,1,18,,315384,16,0,5,1,14,,315412,16,0,5,2,15,,315415,16,0,5,1,55,,315371,16,0,5,1,16,,315417,16,0,5,2,16,,315413,16,0,5,2,15,,315385,16,0,5,1,54,,315372,16,0,5,1,14,,315375,16,0,5,1,15,,315418,16,0,5,2,16,,315386,16,0,5,1,56,,315376,16,0,5,1,14,,315373,16,0,5,1,14,,315419,16,0,5,2,18,,315377,16,0,5,1,57,,315387,16,0,5,1,19,,315374,16,0,5,1,21,,315420,16,0,5,2,57,,315397,16,0,5,1,17,,315388,16,0,5,1,19,,315378,16,0,5,1,61,,315398,16,0,5,1,21,,315389,16,0,5,1,22,,315379,16,0,5,1,63,,315399,16,0,5,1,23,,315416,16,0,5,1,24,,315380,16,0,5,1,66,,315390,16,0,5,1,31,,315381,16,0,5,1,71,,315391,16,0,5,1,31,,315400,16,0,5,2,70,,315392,16,0,5,1,28,,315401,16,0,5,2,69,,315393,16,0,5,1,28,,315402,16,0,5,2,69,,315394,16,0,5,1,30,,315403,16,0,5,2,69,,315395,16,0,5,1,29,,315404,16,0,5,2,68,,315396,16,0,5,1,27,,315405,16,0,5,2
10301,'H50S000I-82-I',604,,315462,16,0,5,1,30,,315437,16,0,5,2,70,,315463,16,0,5,1,30,,315438,16,0,5,2,70,,315464,16,0,5,1,30,,315439,16,0,5,2,68,,315465,16,0,5,1,21,,315440,16,0,5,2,23,,315466,16,0,5,1,60,,315421,16,0,5,1,20,,315460,16,0,5,1,21,,315459,16,0,5,2,59,,315422,16,0,5,1,23,,315441,16,0,5,2,20,,315467,16,0,5,1,59,,315423,16,0,5,1,23,,315442,16,0,5,2,21,,315447,16,0,5,1,61,,315424,16,0,5,1,21,,315443,16,0,5,2,19,,315448,16,0,5,1,60,,315425,16,0,5,1,20,,315444,16,0,5,2,20,,315449,16,0,5,1,60,,315426,16,0,5,1,20,,315445,16,0,5,2,20,,315450,16,0,5,1,59,,315427,16,0,5,1,20,,315446,16,0,5,2,21,,315451,16,0,5,1,66,,315428,16,0,5,1,31,,315461,16,0,5,1,73,,315429,16,0,5,1,31,,315452,16,0,5,1,69,,315430,16,0,5,1,29,,315453,16,0,5,1,69,,315431,16,0,5,1,29,,315454,16,0,5,1,69,,315432,16,0,5,1,29,,315455,16,0,5,1,69,,315433,16,0,5,1,29,,315456,16,0,5,1,69,,315434,16,0,5,1,27,,315457,16,0,5,1,69,,315435,16,0,5,1,30,,315458,16,0,5,1,70,,315436,16,0,5,1
10301,'H50S000S-82-S',533,,315468,16,0,5,1,20,,315486,16,0,5,1,60,,315539,16,0,5,2,18,,315469,16,0,5,1,13,,315481,16,0,5,2,11,,315487,16,0,5,1,48,,315540,16,0,5,2,14,,315478,16,0,5,1,6,,315484,16,0,5,2,4,,315470,16,0,5,1,5,,315482,16,0,5,2,4,,315502,16,0,5,2,4,,315504,16,0,5,2,4,,315488,16,0,5,1,4,,315543,16,0,5,2,8,,315506,16,0,5,2,44,,315541,16,0,5,2,4,,315479,16,0,5,1,5,,315508,16,0,5,2,6,,315485,16,0,5,2,5,,315538,16,0,5,2,4,,315503,16,0,5,2,5,,315505,16,0,5,2,5,,315471,16,0,5,1,6,,315544,16,0,5,2,6,,315483,16,0,5,2,6,,315537,16,0,5,2,48,,315489,16,0,5,1,8,,315542,16,0,5,2,9,,315480,16,0,5,1,9,,315507,16,0,5,2,8,,315472,16,0,5,1,12,,315496,16,0,5,2,55,,315490,16,0,5,1,15,,315513,16,0,5,1,14,,315473,16,0,5,1,14,,315497,16,0,5,2,14,,315491,16,0,5,1,54,,315514,16,0,5,1,14,,315474,16,0,5,1,14,,315498,16,0,5,2,15,,315492,16,0,5,1,55,,315515,16,0,5,1,17,,315475,16,0,5,1,18,,315493,16,0,5,1,56,,315499,16,0,5,2,15,,315516,16,0,5,1,15,,315476,16,0,5,1,15,,315494,16,0,5,1,55,,315500,16,0,5,2,16,,315517,16,0,5,1,17,,315477,16,0,5,1,18,,315495,16,0,5,1,57,,315501,16,0,5,2,17,,315518,16,0,5,1,19,,315509,16,0,5,2,61,,315510,16,0,5,2,21,,315519,16,0,5,1,21,,315536,16,0,5,1,62,,315511,16,0,5,2,23,,315520,16,0,5,1,67,,315512,16,0,5,1,27,,315528,16,0,5,1,27,,315521,16,0,5,1,70,,315529,16,0,5,1,26,,315522,16,0,5,1,69,,315530,16,0,5,1,31,,315523,16,0,5,1,69,,315531,16,0,5,1,30,,315524,16,0,5,1,69,,315532,16,0,5,1,29,,315525,16,0,5,1,69,,315533,16,0,5,1,26,,315526,16,0,5,1,69,,315534,16,0,5,1,29,,315527,16,0,5,1,69,,315535,16,0,5,1
10301,'H50S100F-80-F1',604,,315586,16,0,5,1,30,,315561,16,0,5,2,70,,315587,16,0,5,1,30,,315562,16,0,5,2,70,,315588,16,0,5,1,30,,315563,16,0,5,2,68,,315589,16,0,5,1,21,,315564,16,0,5,2,23,,315590,16,0,5,1,60,,315545,16,0,5,1,20,,315584,16,0,5,1,21,,315583,16,0,5,2,59,,315546,16,0,5,1,23,,315565,16,0,5,2,20,,315591,16,0,5,1,59,,315547,16,0,5,1,23,,315566,16,0,5,2,21,,315571,16,0,5,1,61,,315548,16,0,5,1,21,,315567,16,0,5,2,19,,315572,16,0,5,1,60,,315549,16,0,5,1,20,,315568,16,0,5,2,20,,315573,16,0,5,1,60,,315550,16,0,5,1,20,,315569,16,0,5,2,20,,315574,16,0,5,1,59,,315551,16,0,5,1,20,,315570,16,0,5,2,21,,315575,16,0,5,1,66,,315552,16,0,5,1,31,,315585,16,0,5,1,73,,315553,16,0,5,1,31,,315576,16,0,5,1,69,,315554,16,0,5,1,29,,315577,16,0,5,1,69,,315555,16,0,5,1,29,,315578,16,0,5,1,69,,315556,16,0,5,1,29,,315579,16,0,5,1,69,,315557,16,0,5,1,29,,315580,16,0,5,1,69,,315558,16,0,5,1,27,,315581,16,0,5,1,69,,315559,16,0,5,1,30,,315582,16,0,5,1,70,,315560,16,0,5,1
10301,'H50S200F-80-F2',604,,315633,16,0,5,1,30,,315608,16,0,5,2,70,,315634,16,0,5,1,30,,315609,16,0,5,2,70,,315635,16,0,5,1,30,,315610,16,0,5,2,68,,315636,16,0,5,1,21,,315611,16,0,5,2,23,,315637,16,0,5,1,60,,315592,16,0,5,1,20,,315631,16,0,5,1,21,,315630,16,0,5,2,59,,315593,16,0,5,1,23,,315612,16,0,5,2,20,,315638,16,0,5,1,59,,315594,16,0,5,1,23,,315613,16,0,5,2,21,,315618,16,0,5,1,61,,315595,16,0,5,1,21,,315614,16,0,5,2,19,,315619,16,0,5,1,60,,315596,16,0,5,1,20,,315615,16,0,5,2,20,,315620,16,0,5,1,60,,315597,16,0,5,1,20,,315616,16,0,5,2,20,,315621,16,0,5,1,59,,315598,16,0,5,1,20,,315617,16,0,5,2,21,,315622,16,0,5,1,66,,315599,16,0,5,1,31,,315632,16,0,5,1,73,,315600,16,0,5,1,31,,315623,16,0,5,1,69,,315601,16,0,5,1,29,,315624,16,0,5,1,69,,315602,16,0,5,1,29,,315625,16,0,5,1,69,,315603,16,0,5,1,29,,315626,16,0,5,1,69,,315604,16,0,5,1,29,,315627,16,0,5,1,69,,315605,16,0,5,1,27,,315628,16,0,5,1,69,,315606,16,0,5,1,30,,315629,16,0,5,1,70,,315607,16,0,5,1
10301,'H59S000S-80-S',710,,315639,16,0,5,2,42,,315640,16,0,5,2
16201,'H50S000A-82-A',651,,329293,30,0,5,2,67,,329294,30,0,5,1,31,,329304,30,0,5,1,73,,329295,30,0,5,1,33,,329305,30,0,5,1,68,,329323,30,0,5,2,29,,329296,30,0,5,1,70,,329306,30,0,5,1,30,,329324,30,0,5,2,73,,329297,30,0,5,1,32,,329307,30,0,5,1,73,,329298,30,0,5,1,73,,329319,30,0,5,1,30,,329308,30,0,5,1,70,,329299,30,0,5,2,30,,329320,30,0,5,1,70,,329309,30,0,5,1,31,,329300,30,0,5,2,70,,329321,30,0,5,1,30,,329310,30,0,5,1,69,,329301,30,0,5,2,29,,329322,30,0,5,1,69,,329311,30,0,5,1,29,,329302,30,0,5,2,29,,329325,30,0,5,2,67,,329312,30,0,5,1,28,,329303,30,0,5,2,68,,329326,30,0,5,2,30,,329313,30,0,5,1,71,,329327,30,0,5,2,30,,329314,30,0,5,1,71,,329328,30,0,5,2,30,,329315,30,0,5,1,71,,329329,30,0,5,2,29,,329316,30,0,5,1,70,,329330,30,0,5,2,28,,329317,30,0,5,1,69,,329331,30,0,5,2,28,,329318,30,0,5,1
16201,'H50S000I-82-I',652,,329332,30,0,5,1,69,,329337,30,0,5,2,33,,329333,30,0,5,1,73,,329338,30,0,5,2,74,,329334,30,0,5,1,31,,329343,30,0,5,1,70,,329339,30,0,5,2,32,,329335,30,0,5,2,70,,329367,30,0,5,1,34,,329344,30,0,5,1,72,,329340,30,0,5,2,31,,329349,30,0,5,2,71,,329345,30,0,5,1,31,,329341,30,0,5,2,71,,329350,30,0,5,2,32,,329346,30,0,5,1,71,,329342,30,0,5,2,32,,329351,30,0,5,2,71,,329347,30,0,5,1,32,,329359,30,0,5,1,73,,329352,30,0,5,2,31,,329348,30,0,5,1,73,,329336,30,0,5,2,29,,329360,30,0,5,1,73,,329353,30,0,5,2,73,,329361,30,0,5,1,33,,329354,30,0,5,2,72,,329362,30,0,5,1,32,,329355,30,0,5,2,72,,329363,30,0,5,1,32,,329356,30,0,5,2,72,,329364,30,0,5,1,30,,329357,30,0,5,2,69,,329365,30,0,5,1,31,,329358,30,0,5,2,70,,329366,30,0,5,1
16201,'H50S000S-82-S',605,,329368,30,0,5,1,29,,329399,30,0,5,2,71,,329372,30,0,5,1,27,,329386,30,0,5,2,72,,329400,30,0,5,1,32,,329373,30,0,5,1,68,,329387,30,0,5,2,30,,329401,30,0,5,1,71,,329374,30,0,5,1,30,,329388,30,0,5,2,70,,329402,30,0,5,1,30,,329375,30,0,5,1,70,,329389,30,0,5,2,30,,329403,30,0,5,1,70,,329376,30,0,5,1,30,,329390,30,0,5,2,70,,329404,30,0,5,1,31,,329377,30,0,5,1,70,,329391,30,0,5,2,35,,329405,30,0,5,1,70,,329369,30,0,5,1,30,,329378,30,0,5,1,71,,329392,30,0,5,2,27,,329406,30,0,5,1,70,,329379,30,0,5,1,29,,329393,30,0,5,2,67,,329407,30,0,5,1,29,,329380,30,0,5,1,69,,329394,30,0,5,2,28,,329370,30,0,5,1,28,,329381,30,0,5,1,70,,329395,30,0,5,2,28,,329371,30,0,5,1,66,,329382,30,0,5,1,29,,329396,30,0,5,2,71,,329383,30,0,5,1,29,,329397,30,0,5,2,68,,329384,30,0,5,1,29,,329398,30,0,5,2,68,,329385,30,0,5,1
16201,'H50S100F-80-F1',652,,329408,30,0,5,1,69,,329413,30,0,5,2,33,,329409,30,0,5,1,73,,329414,30,0,5,2,74,,329410,30,0,5,1,31,,329419,30,0,5,1,70,,329415,30,0,5,2,32,,329411,30,0,5,2,70,,329443,30,0,5,1,34,,329420,30,0,5,1,72,,329416,30,0,5,2,31,,329425,30,0,5,2,71,,329421,30,0,5,1,31,,329417,30,0,5,2,71,,329426,30,0,5,2,32,,329422,30,0,5,1,71,,329418,30,0,5,2,32,,329427,30,0,5,2,71,,329423,30,0,5,1,32,,329435,30,0,5,1,73,,329428,30,0,5,2,31,,329424,30,0,5,1,73,,329412,30,0,5,2,29,,329436,30,0,5,1,73,,329429,30,0,5,2,73,,329437,30,0,5,1,33,,329430,30,0,5,2,72,,329438,30,0,5,1,32,,329431,30,0,5,2,72,,329439,30,0,5,1,32,,329432,30,0,5,2,72,,329440,30,0,5,1,30,,329433,30,0,5,2,69,,329441,30,0,5,1,31,,329434,30,0,5,2,70,,329442,30,0,5,1
16201,'H50S200F-80-F2',652,,329444,30,0,5,1,69,,329449,30,0,5,2,33,,329445,30,0,5,1,73,,329450,30,0,5,2,74,,329446,30,0,5,1,31,,329455,30,0,5,1,70,,329451,30,0,5,2,32,,329447,30,0,5,2,70,,329479,30,0,5,1,34,,329456,30,0,5,1,72,,329452,30,0,5,2,31,,329461,30,0,5,2,71,,329457,30,0,5,1,31,,329453,30,0,5,2,71,,329462,30,0,5,2,32,,329458,30,0,5,1,71,,329454,30,0,5,2,32,,329463,30,0,5,2,71,,329459,30,0,5,1,32,,329471,30,0,5,1,73,,329464,30,0,5,2,31,,329460,30,0,5,1,73,,329448,30,0,5,2,29,,329472,30,0,5,1,73,,329465,30,0,5,2,73,,329473,30,0,5,1,33,,329466,30,0,5,2,72,,329474,30,0,5,1,32,,329467,30,0,5,2,72,,329475,30,0,5,1,32,,329468,30,0,5,2,72,,329476,30,0,5,1,30,,329469,30,0,5,2,69,,329477,30,0,5,1,31,,329470,30,0,5,2,70,,329478,30,0,5,1
