5503,'H50S000S-82-S',609,,302644,47,0,8,1,748,,302645,47,0,8,2
5503,'H57S000S-80-S',1509,,302646,47,0,8,1
5503,'H58S000A-80-A',538,,302649,47,0,8,2,68,,302666,47,0,8,1,30,,302662,47,0,8,1,70,,302670,47,0,8,1,32,,302652,47,0,8,1,73,,302687,47,0,8,1,30,,302674,47,0,8,2,76,,302682,47,0,8,1,33,,302653,47,0,8,1,71,,302688,47,0,8,1,35,,302675,47,0,8,2,71,,302683,47,0,8,1,22,,302703,47,0,8,1,54,,302654,47,0,8,1,14,,302706,47,0,8,1,13,,302693,47,0,8,1,16,,302689,47,0,8,1,54,,302709,47,0,8,2,13,,302696,47,0,8,1,13,,302658,47,0,8,1,11,,302717,47,0,8,2,10,,302684,47,0,8,1,11,,302677,47,0,8,1,49,,302720,47,0,8,2,9,,302704,47,0,8,1,8,,302726,47,0,8,1,9,,302655,47,0,8,1,8,,302707,47,0,8,1,9,,302694,47,0,8,1,8,,302733,47,0,8,2,48,,302667,47,0,8,1,8,,302690,47,0,8,1,8,,302710,47,0,8,2,9,,302713,47,0,8,1,8,,302735,47,0,8,2,8,,302697,47,0,8,1,8,,302659,47,0,8,1,49,,302718,47,0,8,2,9,,302685,47,0,8,1,8,,302678,47,0,8,1,7,,302708,47,0,8,1,7,,302721,47,0,8,2,7,,302705,47,0,8,1,8,,302727,47,0,8,1,50,,302656,47,0,8,1,8,,302695,47,0,8,1,7,,302663,47,0,8,1,7,,302734,47,0,8,2,7,,302668,47,0,8,1,7,,302691,47,0,8,1,8,,302701,47,0,8,1,6,,302711,47,0,8,2,6,,302686,47,0,8,1,45,,302714,47,0,8,1,6,,302698,47,0,8,1,5,,302676,47,0,8,1,6,,302660,47,0,8,1,6,,302719,47,0,8,2,5,,302736,47,0,8,1,8,,302679,47,0,8,1,8,,302680,47,0,8,1,9,,302722,47,0,8,2,48,,302723,47,0,8,1,8,,302728,47,0,8,1,9,,302672,47,0,8,1,10,,302657,47,0,8,1,10,,302664,47,0,8,1,8,,302699,47,0,8,1,8,,302692,47,0,8,1,47,,302712,47,0,8,2,9,,302665,47,0,8,1,10,,302715,47,0,8,1,9,,302661,47,0,8,1,8,,302737,47,0,8,1,10,,302729,47,0,8,1,11,,302681,47,0,8,1,52,,302724,47,0,8,1,12,,302673,47,0,8,1,12,,302671,47,0,8,2,12,,302650,47,0,8,1,12,,302700,47,0,8,1,53,,302738,47,0,8,1,13,,302716,47,0,8,1,12,,302731,47,0,8,1,14,,302730,47,0,8,1,54,,302647,47,0,8,2,14,,302725,47,0,8,1,13,,302669,47,0,8,1,14,,302651,47,0,8,1,54,,302702,47,0,8,2,18,,302739,47,0,8,1,21,,302732,47,0,8,1,66,,302648,47,0,8,2
5503,'H58S000I-80-I',539,,302741,47,0,8,1,72,,302753,47,0,8,1,32,,302745,47,0,8,1,73,,302765,47,0,8,2,32,,302767,47,0,8,1,69,,302754,47,0,8,1,27,,302746,47,0,8,1,71,,302760,47,0,8,1,30,,302768,47,0,8,1,70,,302755,47,0,8,1,30,,302780,47,0,8,1,63,,302747,47,0,8,1,24,,302761,47,0,8,1,23,,302769,47,0,8,1,58,,302773,47,0,8,1,20,,302756,47,0,8,1,17,,302787,47,0,8,1,56,,302781,47,0,8,1,14,,302742,47,0,8,2,13,,302748,47,0,8,1,13,,302762,47,0,8,1,12,,302790,47,0,8,1,50,,302785,47,0,8,2,10,,302770,47,0,8,1,10,,302792,47,0,8,1,10,,302774,47,0,8,1,10,,302757,47,0,8,1,10,,302798,47,0,8,1,50,,302788,47,0,8,1,10,,302784,47,0,8,1,10,,302782,47,0,8,1,10,,302743,47,0,8,2,10,,302749,47,0,8,1,9,,302771,47,0,8,1,48,,302763,47,0,8,1,8,,302800,47,0,8,2,8,,302791,47,0,8,1,9,,302775,47,0,8,1,8,,302786,47,0,8,2,8,,302793,47,0,8,1,7,,302801,47,0,8,2,48,,302758,47,0,8,1,8,,302766,47,0,8,2,8,,302799,47,0,8,1,8,,302744,47,0,8,2,8,,302789,47,0,8,1,7,,302805,47,0,8,1,7,,302783,47,0,8,1,10,,302809,47,0,8,2,50,,302750,47,0,8,1,7,,302772,47,0,8,1,9,,302764,47,0,8,1,11,,302740,47,0,8,1,9,,302776,47,0,8,1,9,,302752,47,0,8,1,50,,302794,47,0,8,1,13,,302797,47,0,8,2,11,,302759,47,0,8,1,13,,302802,47,0,8,2,19,,302806,47,0,8,1,61,,302751,47,0,8,1,23,,302777,47,0,8,1,64,,302795,47,0,8,1,28,,302803,47,0,8,2,70,,302807,47,0,8,1,29,,302778,47,0,8,1,70,,302796,47,0,8,1,30,,302804,47,0,8,2,26,,302808,47,0,8,1,69,,302779,47,0,8,1
5503,'H58S000S-83-S',546,,302816,47,0,8,1,91,,302817,47,0,8,1,71,,302834,47,0,8,1,42,,302815,47,0,8,1,56,,302842,47,0,8,1,14,,302823,47,0,8,1,13,,302851,47,0,8,1,15,,302833,47,0,8,2,52,,302818,47,0,8,1,12,,302811,47,0,8,1,14,,302841,47,0,8,1,15,,302835,47,0,8,1,17,,302843,47,0,8,1,60,,302847,47,0,8,1,20,,302824,47,0,8,1,20,,302852,47,0,8,1,59,,302819,47,0,8,1,21,,302812,47,0,8,1,21,,302836,47,0,8,1,60,,302844,47,0,8,1,19,,302848,47,0,8,1,20,,302825,47,0,8,1,58,,302856,47,0,8,1,15,,302853,47,0,8,1,13,,302820,47,0,8,1,66,,302813,47,0,8,1,13,,302837,47,0,8,1,13,,302860,47,0,8,2,11,,302845,47,0,8,1,11,,302861,47,0,8,1,63,,302849,47,0,8,1,11,,302826,47,0,8,1,10,,302863,47,0,8,1,10,,302857,47,0,8,1,50,,302864,47,0,8,1,10,,302840,47,0,8,2,9,,302821,47,0,8,1,9,,302873,47,0,8,2,9,,302814,47,0,8,1,10,,302877,47,0,8,2,9,,302838,47,0,8,1,50,,302885,47,0,8,2,11,,302846,47,0,8,1,10,,302876,47,0,8,2,10,,302878,47,0,8,1,10,,302862,47,0,8,1,8,,302850,47,0,8,1,47,,302884,47,0,8,1,5,,302827,47,0,8,1,7,,302868,47,0,8,1,8,,302858,47,0,8,1,8,,302810,47,0,8,1,7,,302865,47,0,8,1,7,,302875,47,0,8,2,8,,302822,47,0,8,1,49,,302882,47,0,8,2,9,,302859,47,0,8,1,8,,302874,47,0,8,2,9,,302886,47,0,8,1,10,,302831,47,0,8,1,12,,302870,47,0,8,2,51,,302879,47,0,8,1,14,,302839,47,0,8,1,14,,302828,47,0,8,1,13,,302869,47,0,8,2,14,,302866,47,0,8,1,54,,302883,47,0,8,2,19,,302871,47,0,8,1,20,,302832,47,0,8,1,60,,302880,47,0,8,1,22,,302854,47,0,8,1,19,,302829,47,0,8,1,59,,302867,47,0,8,1,18,,302830,47,0,8,2,14,,302872,47,0,8,1,63,,302881,47,0,8,1,25,,302855,47,0,8,1
5503,'H58S100F-80-F1',539,,302887,47,0,8,1,72,,302901,47,0,8,1,32,,302897,47,0,8,1,73,,302910,47,0,8,1,32,,302888,47,0,8,1,69,,302902,47,0,8,1,27,,302914,47,0,8,1,71,,302911,47,0,8,1,30,,302889,47,0,8,1,70,,302903,47,0,8,1,30,,302912,47,0,8,1,63,,302915,47,0,8,1,24,,302923,47,0,8,1,23,,302890,47,0,8,1,58,,302927,47,0,8,2,20,,302904,47,0,8,1,17,,302929,47,0,8,1,56,,302913,47,0,8,1,14,,302895,47,0,8,1,13,,302916,47,0,8,1,13,,302924,47,0,8,1,12,,302931,47,0,8,1,50,,302900,47,0,8,1,10,,302891,47,0,8,1,10,,302933,47,0,8,1,10,,302928,47,0,8,2,10,,302905,47,0,8,1,10,,302939,47,0,8,1,50,,302930,47,0,8,1,10,,302920,47,0,8,1,10,,302893,47,0,8,1,10,,302896,47,0,8,1,10,,302917,47,0,8,1,9,,302941,47,0,8,2,48,,302925,47,0,8,1,8,,302942,47,0,8,1,8,,302932,47,0,8,1,9,,302943,47,0,8,1,8,,302892,47,0,8,1,8,,302934,47,0,8,1,7,,302948,47,0,8,2,48,,302906,47,0,8,1,8,,302949,47,0,8,2,8,,302940,47,0,8,1,8,,302951,47,0,8,2,8,,302921,47,0,8,1,7,,302952,47,0,8,1,7,,302894,47,0,8,1,10,,302956,47,0,8,2,50,,302918,47,0,8,1,7,,302938,47,0,8,2,9,,302926,47,0,8,1,11,,302898,47,0,8,1,9,,302944,47,0,8,1,9,,302922,47,0,8,1,50,,302935,47,0,8,1,13,,302899,47,0,8,1,11,,302950,47,0,8,2,13,,302907,47,0,8,1,19,,302953,47,0,8,1,61,,302919,47,0,8,1,23,,302945,47,0,8,1,64,,302936,47,0,8,1,28,,302908,47,0,8,1,70,,302954,47,0,8,1,29,,302946,47,0,8,1,70,,302937,47,0,8,1,30,,302909,47,0,8,1,26,,302955,47,0,8,1,69,,302947,47,0,8,1
5503,'H58S200F-80-F2',539,,302992,47,0,8,1,72,,302998,47,0,8,1,32,,303023,47,0,8,1,73,,303004,47,0,8,1,32,,302993,47,0,8,1,69,,302999,47,0,8,1,27,,303008,47,0,8,1,71,,303005,47,0,8,1,30,,302994,47,0,8,1,70,,303000,47,0,8,1,30,,303006,47,0,8,1,63,,303009,47,0,8,1,24,,303014,47,0,8,1,23,,302995,47,0,8,1,58,,302957,47,0,8,2,20,,303001,47,0,8,1,17,,302959,47,0,8,1,56,,303007,47,0,8,1,14,,302974,47,0,8,1,13,,303010,47,0,8,1,13,,303015,47,0,8,1,12,,303018,47,0,8,1,50,,303024,47,0,8,1,10,,302996,47,0,8,1,10,,302978,47,0,8,1,10,,302958,47,0,8,2,10,,303002,47,0,8,1,10,,302976,47,0,8,1,50,,302960,47,0,8,1,10,,302966,47,0,8,1,10,,302972,47,0,8,1,10,,302975,47,0,8,1,10,,303011,47,0,8,1,9,,303025,47,0,8,2,48,,303016,47,0,8,1,8,,302970,47,0,8,1,8,,303019,47,0,8,1,9,,302983,47,0,8,1,8,,302997,47,0,8,1,8,,302979,47,0,8,1,7,,303022,47,0,8,2,48,,303003,47,0,8,1,8,,303020,47,0,8,2,8,,302977,47,0,8,1,8,,302971,47,0,8,2,8,,302967,47,0,8,1,7,,302988,47,0,8,1,7,,302973,47,0,8,1,10,,302961,47,0,8,2,50,,303012,47,0,8,1,7,,303026,47,0,8,2,9,,303017,47,0,8,1,11,,302962,47,0,8,1,9,,302984,47,0,8,1,9,,302968,47,0,8,1,50,,302980,47,0,8,1,13,,302969,47,0,8,1,11,,303021,47,0,8,2,13,,302963,47,0,8,1,19,,302989,47,0,8,1,61,,303013,47,0,8,1,23,,302985,47,0,8,1,64,,302981,47,0,8,1,28,,302964,47,0,8,1,70,,302990,47,0,8,1,29,,302986,47,0,8,1,70,,302982,47,0,8,1,30,,302965,47,0,8,1,26,,302991,47,0,8,1,69,,302987,47,0,8,1
5503,'H60S000S-83-S',741,,303027,47,0,8,1
6901,'H50S000A-82-A',529,,307263,19,0,5,1,72,,307266,19,0,5,2,32,,307203,19,0,5,2,69,,307204,19,0,5,1,30,,307264,19,0,5,1,69,,307210,19,0,5,2,28,,307260,19,0,5,2,26,,307217,19,0,5,2,64,,307205,19,0,5,1,21,,307224,19,0,5,1,19,,307227,19,0,5,1,60,,307211,19,0,5,2,21,,307261,19,0,5,2,61,,307229,19,0,5,1,20,,307218,19,0,5,2,20,,307206,19,0,5,1,60,,307225,19,0,5,1,20,,307228,19,0,5,1,19,,307212,19,0,5,2,14,,307262,19,0,5,2,54,,307238,19,0,5,1,12,,307230,19,0,5,1,12,,307241,19,0,5,1,12,,307219,19,0,5,2,12,,307207,19,0,5,1,52,,307244,19,0,5,1,12,,307226,19,0,5,1,14,,307232,19,0,5,1,14,,307247,19,0,5,1,56,,307213,19,0,5,2,15,,307250,19,0,5,2,11,,307239,19,0,5,1,10,,307231,19,0,5,1,10,,307242,19,0,5,1,50,,307220,19,0,5,2,10,,307259,19,0,5,1,10,,307208,19,0,5,1,15,,307245,19,0,5,1,15,,307233,19,0,5,1,54,,307248,19,0,5,1,16,,307214,19,0,5,2,15,,307251,19,0,5,2,15,,307240,19,0,5,1,52,,307255,19,0,5,1,12,,307243,19,0,5,1,12,,307221,19,0,5,2,12,,307209,19,0,5,1,12,,307246,19,0,5,1,53,,307234,19,0,5,1,12,,307249,19,0,5,1,16,,307215,19,0,5,2,22,,307252,19,0,5,2,65,,307256,19,0,5,1,26,,307222,19,0,5,2,67,,307235,19,0,5,1,27,,307216,19,0,5,2,65,,307253,19,0,5,2,29,,307257,19,0,5,1,71,,307223,19,0,5,2,31,,307236,19,0,5,1,72,,307254,19,0,5,2,30,,307258,19,0,5,1,69,,307267,19,0,5,1,27,,307237,19,0,5,1,22,,307265,19,0,5,1
6901,'H50S000I-82-I',527,,307270,19,0,5,2,32,,307314,19,0,5,1,72,,307268,19,0,5,2,72,,307323,19,0,5,1,32,,307271,19,0,5,2,72,,307315,19,0,5,1,29,,307269,19,0,5,2,68,,307284,19,0,5,2,27,,307276,19,0,5,1,25,,307272,19,0,5,2,65,,307316,19,0,5,1,26,,307289,19,0,5,1,69,,307285,19,0,5,2,30,,307277,19,0,5,1,68,,307273,19,0,5,2,24,,307301,19,0,5,1,62,,307290,19,0,5,1,16,,307296,19,0,5,1,15,,307286,19,0,5,2,15,,307299,19,0,5,1,55,,307278,19,0,5,1,15,,307318,19,0,5,2,15,,307274,19,0,5,2,15,,307305,19,0,5,2,55,,307302,19,0,5,1,15,,307291,19,0,5,1,15,,307297,19,0,5,1,15,,307287,19,0,5,2,55,,307300,19,0,5,1,15,,307279,19,0,5,1,14,,307310,19,0,5,2,12,,307319,19,0,5,2,11,,307303,19,0,5,1,52,,307275,19,0,5,2,11,,307306,19,0,5,2,16,,307292,19,0,5,1,16,,307298,19,0,5,1,55,,307320,19,0,5,2,15,,307288,19,0,5,2,15,,307280,19,0,5,1,16,,307311,19,0,5,2,60,,307304,19,0,5,1,20,,307307,19,0,5,2,20,,307293,19,0,5,1,60,,307317,19,0,5,1,21,,307321,19,0,5,2,26,,307281,19,0,5,1,71,,307312,19,0,5,2,32,,307308,19,0,5,2,72,,307294,19,0,5,1,72,,307282,19,0,5,1,30,,307313,19,0,5,2,70,,307309,19,0,5,2,30,,307295,19,0,5,1,69,,307283,19,0,5,1,24,,307322,19,0,5,2
6901,'H50S000S-82-S',516,,307333,19,0,5,1,28,,307344,19,0,5,2,70,,307326,19,0,5,1,13,,307328,19,0,5,2,13,,307341,19,0,5,2,11,,307365,19,0,5,2,50,,307343,19,0,5,1,13,,307352,19,0,5,1,10,,307334,19,0,5,1,10,,307374,19,0,5,1,5,,307353,19,0,5,1,5,,307363,19,0,5,1,10,,307417,19,0,5,2,5,,307388,19,0,5,2,47,,307345,19,0,5,2,7,,307364,19,0,5,1,7,,307358,19,0,5,1,7,,307370,19,0,5,1,7,,307327,19,0,5,1,9,,307412,19,0,5,2,10,,307329,19,0,5,2,48,,307382,19,0,5,2,11,,307387,19,0,5,1,13,,307393,19,0,5,2,17,,307342,19,0,5,2,17,,307335,19,0,5,1,55,,307375,19,0,5,1,16,,307389,19,0,5,2,16,,307346,19,0,5,2,55,,307359,19,0,5,1,14,,307366,19,0,5,2,14,,307330,19,0,5,2,14,,307383,19,0,5,2,15,,307394,19,0,5,2,55,,307354,19,0,5,1,12,,307336,19,0,5,1,12,,307371,19,0,5,1,11,,307376,19,0,5,1,11,,307390,19,0,5,2,51,,307347,19,0,5,2,9,,307401,19,0,5,1,9,,307360,19,0,5,1,10,,307367,19,0,5,2,10,,307403,19,0,5,2,9,,307331,19,0,5,2,49,,307384,19,0,5,2,9,,307408,19,0,5,1,9,,307395,19,0,5,2,9,,307400,19,0,5,1,10,,307355,19,0,5,1,10,,307337,19,0,5,1,50,,307372,19,0,5,1,10,,307377,19,0,5,1,8,,307415,19,0,5,1,8,,307391,19,0,5,2,8,,307348,19,0,5,2,8,,307402,19,0,5,1,8,,307361,19,0,5,1,48,,307399,19,0,5,1,7,,307368,19,0,5,2,15,,307404,19,0,5,2,7,,307332,19,0,5,2,8,,307385,19,0,5,2,8,,307409,19,0,5,1,9,,307396,19,0,5,2,60,,307356,19,0,5,1,20,,307338,19,0,5,1,11,,307373,19,0,5,1,11,,307378,19,0,5,1,51,,307392,19,0,5,2,10,,307349,19,0,5,2,11,,307362,19,0,5,1,10,,307419,19,0,5,1,9,,307369,19,0,5,2,9,,307405,19,0,5,2,55,,307386,19,0,5,2,15,,307397,19,0,5,2,16,,307357,19,0,5,1,16,,307339,19,0,5,1,55,,307418,19,0,5,2,15,,307379,19,0,5,1,15,,307414,19,0,5,1,14,,307350,19,0,5,2,53,,307406,19,0,5,2,14,,307413,19,0,5,1,14,,307398,19,0,5,2,14,,307410,19,0,5,2,57,,307340,19,0,5,1,20,,307324,19,0,5,1,20,,307380,19,0,5,1,62,,307351,19,0,5,2,23,,307407,19,0,5,2,70,,307411,19,0,5,2,31,,307325,19,0,5,1,70,,307381,19,0,5,1,23,,307416,19,0,5,1
6901,'H50S100F-80-F1',527,,307422,19,0,5,2,32,,307466,19,0,5,1,72,,307420,19,0,5,2,72,,307475,19,0,5,1,32,,307423,19,0,5,2,72,,307467,19,0,5,1,29,,307421,19,0,5,2,68,,307436,19,0,5,2,27,,307428,19,0,5,1,25,,307424,19,0,5,2,65,,307468,19,0,5,1,26,,307441,19,0,5,1,69,,307437,19,0,5,2,30,,307429,19,0,5,1,68,,307425,19,0,5,2,24,,307453,19,0,5,1,62,,307442,19,0,5,1,16,,307448,19,0,5,1,15,,307438,19,0,5,2,15,,307451,19,0,5,1,55,,307430,19,0,5,1,15,,307470,19,0,5,2,15,,307426,19,0,5,2,15,,307457,19,0,5,2,55,,307454,19,0,5,1,15,,307443,19,0,5,1,15,,307449,19,0,5,1,15,,307439,19,0,5,2,55,,307452,19,0,5,1,15,,307431,19,0,5,1,14,,307462,19,0,5,2,12,,307471,19,0,5,2,11,,307455,19,0,5,1,52,,307427,19,0,5,2,11,,307458,19,0,5,2,16,,307444,19,0,5,1,16,,307450,19,0,5,1,55,,307472,19,0,5,2,15,,307440,19,0,5,2,15,,307432,19,0,5,1,16,,307463,19,0,5,2,60,,307456,19,0,5,1,20,,307459,19,0,5,2,20,,307445,19,0,5,1,60,,307469,19,0,5,1,21,,307473,19,0,5,2,26,,307433,19,0,5,1,71,,307464,19,0,5,2,32,,307460,19,0,5,2,72,,307446,19,0,5,1,72,,307434,19,0,5,1,30,,307465,19,0,5,2,70,,307461,19,0,5,2,30,,307447,19,0,5,1,69,,307435,19,0,5,1,24,,307474,19,0,5,2
6901,'H50S200F-80-F2',527,,307478,19,0,5,2,32,,307522,19,0,5,1,72,,307476,19,0,5,2,72,,307531,19,0,5,1,32,,307479,19,0,5,2,72,,307523,19,0,5,1,29,,307477,19,0,5,2,68,,307492,19,0,5,2,27,,307484,19,0,5,1,25,,307480,19,0,5,2,65,,307524,19,0,5,1,26,,307497,19,0,5,1,69,,307493,19,0,5,2,30,,307485,19,0,5,1,68,,307481,19,0,5,2,24,,307509,19,0,5,1,62,,307498,19,0,5,1,16,,307504,19,0,5,1,15,,307494,19,0,5,2,15,,307507,19,0,5,1,55,,307486,19,0,5,1,15,,307526,19,0,5,2,15,,307482,19,0,5,2,15,,307513,19,0,5,2,55,,307510,19,0,5,1,15,,307499,19,0,5,1,15,,307505,19,0,5,1,15,,307495,19,0,5,2,55,,307508,19,0,5,1,15,,307487,19,0,5,1,14,,307518,19,0,5,2,12,,307527,19,0,5,2,11,,307511,19,0,5,1,52,,307483,19,0,5,2,11,,307514,19,0,5,2,16,,307500,19,0,5,1,16,,307506,19,0,5,1,55,,307528,19,0,5,2,15,,307496,19,0,5,2,15,,307488,19,0,5,1,16,,307519,19,0,5,2,60,,307512,19,0,5,1,20,,307515,19,0,5,2,20,,307501,19,0,5,1,60,,307525,19,0,5,1,21,,307529,19,0,5,2,26,,307489,19,0,5,1,71,,307520,19,0,5,2,32,,307516,19,0,5,2,72,,307502,19,0,5,1,72,,307490,19,0,5,1,30,,307521,19,0,5,2,70,,307517,19,0,5,2,30,,307503,19,0,5,1,69,,307491,19,0,5,1,24,,307530,19,0,5,2
6901,'H54S000S-80-S',1616,,307532,19,0,5,1,109,,307533,19,0,5,2
6901,'H58S000S-83-S',729,,307536,19,0,5,2,20,,307534,19,0,5,2,956,,307535,19,0,5,2
7901,'H58S000A-80-A',532,,309231,59,0,5,1,80,,309235,59,0,5,2,35,,309244,59,0,5,2,67,,309232,59,0,5,1,30,,309236,59,0,5,2,72,,309249,59,0,5,2,31,,309237,59,0,5,1,70,,309242,59,0,5,2,31,,309245,59,0,5,2,72,,309233,59,0,5,1,30,,309266,59,0,5,2,70,,309246,59,0,5,2,30,,309238,59,0,5,1,70,,309243,59,0,5,2,30,,309250,59,0,5,2,70,,309234,59,0,5,1,30,,309267,59,0,5,2,70,,309247,59,0,5,2,30,,309239,59,0,5,1,73,,309268,59,0,5,2,33,,309251,59,0,5,2,73,,309240,59,0,5,1,21,,309272,59,0,5,2,70,,309248,59,0,5,2,30,,309263,59,0,5,1,68,,309269,59,0,5,2,30,,309252,59,0,5,2,71,,309241,59,0,5,1,29,,309255,59,0,5,1,70,,309261,59,0,5,1,29,,309264,59,0,5,1,69,,309256,59,0,5,1,28,,309253,59,0,5,2,70,,309270,59,0,5,1,30,,309258,59,0,5,2,68,,309262,59,0,5,1,30,,309271,59,0,5,1,70,,309259,59,0,5,2,30,,309254,59,0,5,2,70,,309265,59,0,5,1,30,,309260,59,0,5,2,66,,309257,59,0,5,1
7901,'H58S000I-80-I',532,,309273,59,0,5,1,80,,309277,59,0,5,1,36,,309297,59,0,5,2,66,,309274,59,0,5,1,30,,309278,59,0,5,1,71,,309280,59,0,5,2,31,,309284,59,0,5,1,70,,309300,59,0,5,1,30,,309276,59,0,5,2,71,,309275,59,0,5,1,30,,309279,59,0,5,1,70,,309281,59,0,5,2,31,,309285,59,0,5,1,70,,309301,59,0,5,1,30,,309282,59,0,5,2,70,,309305,59,0,5,2,30,,309302,59,0,5,1,70,,309290,59,0,5,2,30,,309286,59,0,5,1,73,,309307,59,0,5,2,33,,309283,59,0,5,2,73,,309306,59,0,5,2,21,,309304,59,0,5,1,70,,309291,59,0,5,2,30,,309287,59,0,5,1,69,,309308,59,0,5,2,30,,309292,59,0,5,2,70,,309288,59,0,5,1,29,,309309,59,0,5,2,70,,309293,59,0,5,2,29,,309289,59,0,5,1,70,,309303,59,0,5,1,30,,309294,59,0,5,2,70,,309310,59,0,5,2,30,,309298,59,0,5,1,70,,309295,59,0,5,2,30,,309311,59,0,5,2,70,,309299,59,0,5,1,30,,309313,59,0,5,2,67,,309312,59,0,5,2,20,,309296,59,0,5,2
7901,'H58S000S-83-S',634,,309318,59,0,5,2,18,,309356,59,0,5,2,58,,309322,59,0,5,1,17,,309357,59,0,5,2,17,,309325,59,0,5,2,14,,309358,59,0,5,2,56,,309319,59,0,5,2,17,,309359,59,0,5,2,16,,309314,59,0,5,1,69,,309326,59,0,5,2,26,,309329,59,0,5,1,68,,309320,59,0,5,2,30,,309315,59,0,5,1,70,,309327,59,0,5,2,30,,309342,59,0,5,1,70,,309321,59,0,5,2,30,,309340,59,0,5,1,70,,309316,59,0,5,1,30,,309328,59,0,5,2,69,,309343,59,0,5,1,30,,309341,59,0,5,1,16,,309360,59,0,5,2,56,,309335,59,0,5,1,15,,309361,59,0,5,2,16,,309317,59,0,5,1,13,,309362,59,0,5,2,54,,309347,59,0,5,2,12,,309363,59,0,5,2,13,,309350,59,0,5,2,19,,309336,59,0,5,1,60,,309323,59,0,5,1,19,,309330,59,0,5,1,19,,309354,59,0,5,2,60,,309349,59,0,5,2,20,,309348,59,0,5,2,20,,309331,59,0,5,1,60,,309324,59,0,5,1,25,,309355,59,0,5,2,70,,309337,59,0,5,2,29,,309332,59,0,5,1,71,,309344,59,0,5,1,32,,309351,59,0,5,1,71,,309338,59,0,5,2,33,,309333,59,0,5,1,73,,309345,59,0,5,1,28,,309352,59,0,5,1,68,,309339,59,0,5,2,19,,309334,59,0,5,1,71,,309346,59,0,5,1,33,,309353,59,0,5,1
7901,'H58S100F-80-F1',532,,309365,59,0,5,1,80,,309374,59,0,5,2,36,,309384,59,0,5,1,66,,309366,59,0,5,1,30,,309375,59,0,5,2,71,,309385,59,0,5,1,31,,309376,59,0,5,1,70,,309378,59,0,5,2,30,,309393,59,0,5,1,71,,309367,59,0,5,1,30,,309364,59,0,5,1,70,,309394,59,0,5,1,31,,309368,59,0,5,1,70,,309379,59,0,5,2,30,,309386,59,0,5,1,70,,309369,59,0,5,1,30,,309395,59,0,5,1,70,,309382,59,0,5,2,30,,309370,59,0,5,1,73,,309380,59,0,5,2,33,,309387,59,0,5,1,73,,309399,59,0,5,1,21,,309396,59,0,5,1,70,,309383,59,0,5,2,30,,309371,59,0,5,1,69,,309381,59,0,5,2,30,,309388,59,0,5,1,70,,309400,59,0,5,1,29,,309377,59,0,5,2,70,,309389,59,0,5,1,29,,309401,59,0,5,1,70,,309397,59,0,5,1,30,,309390,59,0,5,1,70,,309402,59,0,5,2,30,,309372,59,0,5,1,70,,309391,59,0,5,1,30,,309403,59,0,5,2,70,,309373,59,0,5,1,30,,309398,59,0,5,1,67,,309404,59,0,5,2,20,,309392,59,0,5,1
7901,'H58S200F-80-F2',532,,309421,59,0,5,1,80,,309405,59,0,5,2,36,,309420,59,0,5,1,66,,309422,59,0,5,1,30,,309406,59,0,5,2,71,,309432,59,0,5,1,31,,309413,59,0,5,1,70,,309428,59,0,5,2,30,,309417,59,0,5,1,71,,309423,59,0,5,1,30,,309415,59,0,5,1,70,,309418,59,0,5,1,31,,309424,59,0,5,1,70,,309429,59,0,5,2,30,,309433,59,0,5,1,70,,309425,59,0,5,1,30,,309407,59,0,5,1,70,,309411,59,0,5,2,30,,309426,59,0,5,1,73,,309430,59,0,5,2,33,,309434,59,0,5,1,73,,309440,59,0,5,1,21,,309408,59,0,5,1,70,,309412,59,0,5,2,30,,309427,59,0,5,1,69,,309431,59,0,5,2,30,,309435,59,0,5,1,70,,309441,59,0,5,1,29,,309416,59,0,5,2,70,,309436,59,0,5,1,29,,309442,59,0,5,1,70,,309414,59,0,5,1,30,,309437,59,0,5,1,70,,309443,59,0,5,2,30,,309409,59,0,5,1,70,,309438,59,0,5,1,30,,309444,59,0,5,2,70,,309410,59,0,5,1,30,,309419,59,0,5,1,67,,309445,59,0,5,2,20,,309439,59,0,5,1
7901,'H60S000S-83-S',514,,309446,59,0,5,1,20,,309447,59,0,5,2,66,,309448,59,0,5,1
16401,'H60S000A-80-A',612,,329687,46,0,5,1,33,,329674,46,0,5,1,69,,329701,46,0,5,2,28,,329688,46,0,5,1,68,,329675,46,0,5,1,30,,329702,46,0,5,2,70,,329689,46,0,5,1,29,,329676,46,0,5,1,70,,329703,46,0,5,2,29,,329690,46,0,5,1,70,,329677,46,0,5,1,30,,329704,46,0,5,2,71,,329691,46,0,5,1,30,,329678,46,0,5,1,70,,329705,46,0,5,2,31,,329692,46,0,5,1,70,,329679,46,0,5,1,30,,329706,46,0,5,2,72,,329693,46,0,5,1,30,,329680,46,0,5,1,71,,329707,46,0,5,2,32,,329694,46,0,5,1,71,,329681,46,0,5,1,30,,329708,46,0,5,2,73,,329695,46,0,5,1,31,,329682,46,0,5,1,69,,329709,46,0,5,2,28,,329696,46,0,5,1,68,,329683,46,0,5,1,26,,329710,46,0,5,2,68,,329697,46,0,5,1,29,,329684,46,0,5,1,68,,329711,46,0,5,2,29,,329698,46,0,5,1,70,,329685,46,0,5,1,28,,329712,46,0,5,2,70,,329699,46,0,5,1,30,,329686,46,0,5,1,70,,329713,46,0,5,2,30,,329700,46,0,5,1
16401,'H60S000I-81-I',609,,329735,46,0,5,1,33,,329726,46,0,5,1,69,,329714,46,0,5,1,28,,329736,46,0,5,1,68,,329727,46,0,5,1,31,,329715,46,0,5,1,70,,329737,46,0,5,1,29,,329728,46,0,5,1,69,,329716,46,0,5,1,29,,329738,46,0,5,1,69,,329729,46,0,5,1,30,,329717,46,0,5,1,70,,329739,46,0,5,1,30,,329730,46,0,5,1,70,,329718,46,0,5,1,31,,329740,46,0,5,1,70,,329731,46,0,5,1,30,,329719,46,0,5,1,72,,329741,46,0,5,1,30,,329732,46,0,5,1,71,,329720,46,0,5,1,32,,329742,46,0,5,1,74,,329733,46,0,5,1,33,,329721,46,0,5,1,71,,329743,46,0,5,1,31,,329734,46,0,5,1,69,,329722,46,0,5,1,29,,329744,46,0,5,1,68,,329750,46,0,5,2,27,,329723,46,0,5,1,68,,329745,46,0,5,1,28,,329751,46,0,5,2,67,,329724,46,0,5,1,29,,329746,46,0,5,1,70,,329752,46,0,5,2,29,,329725,46,0,5,1,68,,329747,46,0,5,1,29,,329753,46,0,5,2,28,,329749,46,0,5,1,67,,329748,46,0,5,1
16401,'H60S000S-83-S',600,,329763,46,0,5,1,19,,329769,46,0,5,2,22,,329774,46,0,5,1,61,,329761,46,0,5,1,14,,329767,46,0,5,1,11,,329754,46,0,5,2,12,,329757,46,0,5,1,13,,329764,46,0,5,1,52,,329759,46,0,5,1,11,,329770,46,0,5,2,9,,329775,46,0,5,1,10,,329781,46,0,5,2,12,,329762,46,0,5,1,57,,329768,46,0,5,1,18,,329755,46,0,5,2,20,,329765,46,0,5,1,64,,329776,46,0,5,1,24,,329760,46,0,5,1,25,,329756,46,0,5,2,69,,329766,46,0,5,1,32,,329777,46,0,5,1,65,,329771,46,0,5,1,24,,329782,46,0,5,1,64,,329783,46,0,5,1,25,,329778,46,0,5,1,24,,329772,46,0,5,1,63,,329787,46,0,5,1,23,,329779,46,0,5,1,61,,329784,46,0,5,1,23,,329788,46,0,5,1,26,,329773,46,0,5,1,60,,329802,46,0,5,1,22,,329780,46,0,5,1,21,,329785,46,0,5,1,59,,329801,46,0,5,1,16,,329789,46,0,5,1,14,,329800,46,0,5,2,55,,329758,46,0,5,1,13,,329803,46,0,5,1,19,,329795,46,0,5,2,19,,329786,46,0,5,1,67,,329790,46,0,5,1,31,,329804,46,0,5,1,72,,329796,46,0,5,2,32,,329791,46,0,5,1,68,,329805,46,0,5,1,32,,329797,46,0,5,2,73,,329792,46,0,5,1,30,,329806,46,0,5,1,73,,329798,46,0,5,2,28,,329793,46,0,5,1,66,,329807,46,0,5,1,29,,329799,46,0,5,2,73,,329794,46,0,5,1
16401,'H60S100F-80-F1',609,,329830,46,0,5,1,33,,329819,46,0,5,2,69,,329808,46,0,5,1,28,,329831,46,0,5,1,68,,329820,46,0,5,2,31,,329809,46,0,5,1,70,,329832,46,0,5,1,29,,329821,46,0,5,2,69,,329810,46,0,5,1,29,,329833,46,0,5,1,69,,329822,46,0,5,2,30,,329811,46,0,5,1,70,,329834,46,0,5,1,30,,329823,46,0,5,2,70,,329812,46,0,5,1,31,,329835,46,0,5,1,70,,329824,46,0,5,2,30,,329813,46,0,5,1,72,,329836,46,0,5,1,30,,329825,46,0,5,2,71,,329814,46,0,5,1,32,,329837,46,0,5,1,74,,329826,46,0,5,2,33,,329815,46,0,5,1,71,,329838,46,0,5,1,31,,329827,46,0,5,2,69,,329816,46,0,5,1,29,,329839,46,0,5,1,68,,329844,46,0,5,2,27,,329817,46,0,5,1,68,,329840,46,0,5,1,28,,329845,46,0,5,2,67,,329818,46,0,5,1,29,,329841,46,0,5,1,70,,329846,46,0,5,2,29,,329828,46,0,5,1,68,,329842,46,0,5,1,29,,329847,46,0,5,2,28,,329829,46,0,5,1,67,,329843,46,0,5,1
16401,'H60S200F-80-F2',609,,329870,46,0,5,1,33,,329859,46,0,5,2,69,,329848,46,0,5,1,28,,329871,46,0,5,1,68,,329860,46,0,5,2,31,,329849,46,0,5,1,70,,329872,46,0,5,1,29,,329861,46,0,5,2,69,,329850,46,0,5,1,29,,329873,46,0,5,1,69,,329862,46,0,5,2,30,,329851,46,0,5,1,70,,329874,46,0,5,1,30,,329863,46,0,5,2,70,,329852,46,0,5,1,31,,329875,46,0,5,1,70,,329864,46,0,5,2,30,,329853,46,0,5,1,72,,329876,46,0,5,1,30,,329865,46,0,5,2,71,,329854,46,0,5,1,32,,329877,46,0,5,1,74,,329866,46,0,5,2,33,,329855,46,0,5,1,71,,329878,46,0,5,1,31,,329867,46,0,5,2,69,,329856,46,0,5,1,29,,329879,46,0,5,1,68,,329884,46,0,5,2,27,,329857,46,0,5,1,68,,329880,46,0,5,1,28,,329885,46,0,5,2,67,,329858,46,0,5,1,29,,329881,46,0,5,1,70,,329886,46,0,5,2,29,,329868,46,0,5,1,68,,329882,46,0,5,1,29,,329887,46,0,5,2,28,,329869,46,0,5,1,67,,329883,46,0,5,1
17101,'H50S000A-82-A',515,,332284,21,0,5,2,31,,332325,21,0,5,1,71,,332285,21,0,5,2,33,,332305,21,0,5,1,71,,332286,21,0,5,2,31,,332306,21,0,5,1,71,,332287,21,0,5,2,31,,332307,21,0,5,1,72,,332288,21,0,5,2,31,,332308,21,0,5,1,70,,332289,21,0,5,2,30,,332309,21,0,5,1,70,,332290,21,0,5,2,31,,332310,21,0,5,1,71,,332291,21,0,5,2,30,,332311,21,0,5,1,70,,332292,21,0,5,2,71,,332312,21,0,5,1,31,,332293,21,0,5,2,70,,332313,21,0,5,1,30,,332294,21,0,5,2,70,,332314,21,0,5,1,31,,332295,21,0,5,2,71,,332315,21,0,5,1,31,,332296,21,0,5,2,71,,332316,21,0,5,1,30,,332297,21,0,5,2,71,,332317,21,0,5,1,31,,332298,21,0,5,2,70,,332318,21,0,5,1,31,,332299,21,0,5,2,71,,332319,21,0,5,1,29,,332300,21,0,5,2,71,,332320,21,0,5,1,31,,332301,21,0,5,2,71,,332321,21,0,5,1,30,,332302,21,0,5,2,71,,332322,21,0,5,1,31,,332303,21,0,5,2,71,,332323,21,0,5,1,29,,332304,21,0,5,2,72,,332324,21,0,5,1
17101,'H50S000I-82-I',514,,332365,21,0,5,2,30,,332366,21,0,5,1,70,,332327,21,0,5,2,32,,332346,21,0,5,1,68,,332328,21,0,5,2,27,,332326,21,0,5,1,67,,332347,21,0,5,1,28,,332329,21,0,5,2,70,,332348,21,0,5,1,31,,332330,21,0,5,2,71,,332349,21,0,5,1,30,,332331,21,0,5,2,70,,332350,21,0,5,1,30,,332332,21,0,5,2,70,,332351,21,0,5,1,31,,332333,21,0,5,2,71,,332352,21,0,5,1,32,,332334,21,0,5,2,71,,332353,21,0,5,1,31,,332335,21,0,5,2,71,,332354,21,0,5,1,31,,332336,21,0,5,2,71,,332355,21,0,5,1,30,,332337,21,0,5,2,70,,332356,21,0,5,1,30,,332338,21,0,5,2,70,,332357,21,0,5,1,30,,332339,21,0,5,2,68,,332358,21,0,5,1,30,,332340,21,0,5,2,70,,332359,21,0,5,1,29,,332341,21,0,5,2,70,,332360,21,0,5,1,30,,332342,21,0,5,2,70,,332361,21,0,5,1,29,,332343,21,0,5,2,70,,332362,21,0,5,1,31,,332344,21,0,5,2,71,,332363,21,0,5,1,31,,332345,21,0,5,2,71,,332364,21,0,5,1
17101,'H50S000S-82-S',518,,332373,21,0,5,2,29,,332378,21,0,5,1,68,,332381,21,0,5,2,24,,332384,21,0,5,2,17,,332379,21,0,5,1,56,,332382,21,0,5,2,19,,332374,21,0,5,1,17,,332385,21,0,5,2,56,,332380,21,0,5,1,17,,332383,21,0,5,2,19,,332375,21,0,5,1,60,,332411,21,0,5,2,21,,332415,21,0,5,1,22,,332376,21,0,5,1,63,,332412,21,0,5,2,25,,332416,21,0,5,1,27,,332377,21,0,5,1,68,,332413,21,0,5,2,28,,332417,21,0,5,1,71,,332414,21,0,5,2,29,,332418,21,0,5,1,69,,332367,21,0,5,2,30,,332372,21,0,5,1,70,,332368,21,0,5,2,30,,332403,21,0,5,1,68,,332393,21,0,5,2,23,,332369,21,0,5,2,63,,332404,21,0,5,1,19,,332386,21,0,5,1,18,,332394,21,0,5,2,57,,332370,21,0,5,2,17,,332405,21,0,5,1,15,,332387,21,0,5,1,15,,332388,21,0,5,1,54,,332395,21,0,5,2,15,,332371,21,0,5,2,15,,332406,21,0,5,1,18,,332389,21,0,5,1,59,,332396,21,0,5,2,22,,332407,21,0,5,1,25,,332390,21,0,5,1,69,,332397,21,0,5,2,30,,332391,21,0,5,1,69,,332398,21,0,5,2,30,,332392,21,0,5,1,69,,332399,21,0,5,2,30,,332408,21,0,5,1,70,,332400,21,0,5,2,29,,332409,21,0,5,1,69,,332401,21,0,5,2,27,,332410,21,0,5,1,68,,332402,21,0,5,2
17101,'H50S100F-80-F1',514,,332458,21,0,5,2,30,,332459,21,0,5,1,70,,332420,21,0,5,2,32,,332439,21,0,5,1,68,,332421,21,0,5,2,27,,332419,21,0,5,1,67,,332440,21,0,5,1,28,,332422,21,0,5,2,70,,332441,21,0,5,1,31,,332423,21,0,5,2,71,,332442,21,0,5,1,30,,332424,21,0,5,2,70,,332443,21,0,5,1,30,,332425,21,0,5,2,70,,332444,21,0,5,1,31,,332426,21,0,5,2,71,,332445,21,0,5,1,32,,332427,21,0,5,2,71,,332446,21,0,5,1,31,,332428,21,0,5,2,71,,332447,21,0,5,1,31,,332429,21,0,5,2,71,,332448,21,0,5,1,30,,332430,21,0,5,2,70,,332449,21,0,5,1,30,,332431,21,0,5,2,70,,332450,21,0,5,1,30,,332432,21,0,5,2,68,,332451,21,0,5,1,30,,332433,21,0,5,2,70,,332452,21,0,5,1,29,,332434,21,0,5,2,70,,332453,21,0,5,1,30,,332435,21,0,5,2,70,,332454,21,0,5,1,29,,332436,21,0,5,2,70,,332455,21,0,5,1,31,,332437,21,0,5,2,71,,332456,21,0,5,1,31,,332438,21,0,5,2,71,,332457,21,0,5,1
17101,'H50S200F-80-F2',514,,332499,21,0,5,2,30,,332500,21,0,5,1,70,,332461,21,0,5,2,32,,332480,21,0,5,1,68,,332462,21,0,5,2,27,,332460,21,0,5,1,67,,332481,21,0,5,1,28,,332463,21,0,5,2,70,,332482,21,0,5,1,31,,332464,21,0,5,2,71,,332483,21,0,5,1,30,,332465,21,0,5,2,70,,332484,21,0,5,1,30,,332466,21,0,5,2,70,,332485,21,0,5,1,31,,332467,21,0,5,2,71,,332486,21,0,5,1,32,,332468,21,0,5,2,71,,332487,21,0,5,1,31,,332469,21,0,5,2,71,,332488,21,0,5,1,31,,332470,21,0,5,2,71,,332489,21,0,5,1,30,,332471,21,0,5,2,70,,332490,21,0,5,1,30,,332472,21,0,5,2,70,,332491,21,0,5,1,30,,332473,21,0,5,2,68,,332492,21,0,5,1,30,,332474,21,0,5,2,70,,332493,21,0,5,1,29,,332475,21,0,5,2,70,,332494,21,0,5,1,30,,332476,21,0,5,2,70,,332495,21,0,5,1,29,,332477,21,0,5,2,70,,332496,21,0,5,1,31,,332478,21,0,5,2,71,,332497,21,0,5,1,31,,332479,21,0,5,2,71,,332498,21,0,5,1
36303,'H51S000A-80-A',2518,,346717,49,0,8,1,25,,346705,49,0,8,2,61,,346710,49,0,8,1,17,,346706,49,0,8,1,9,,346708,49,0,8,1,9,,346713,49,0,8,1,9,,346714,49,0,8,1,9,,346721,49,0,8,2,50,,346720,49,0,8,2,10,,346718,49,0,8,1,9,,346709,49,0,8,1,9,,346711,49,0,8,1,9,,346719,49,0,8,1,8,,346716,49,0,8,1,50,,346707,49,0,8,1,12,,346715,49,0,8,1,20,,346722,49,0,8,2,24,,346712,49,0,8,1,67,,346723,49,0,8,2
36303,'H51S000I-80-I',2447,,346727,49,0,8,2,87,,346724,49,0,8,1,85,,346728,49,0,8,2,84,,346725,49,0,8,1,45,,346729,49,0,8,2,85,,346726,49,0,8,1,85,,346730,49,0,8,2
36303,'H51S000S-81-S',2449,,346734,49,0,8,2,87,,346731,49,0,8,1,85,,346735,49,0,8,2,83,,346732,49,0,8,1,44,,346736,49,0,8,2,83,,346733,49,0,8,1,86,,346737,49,0,8,2
36303,'H51S000S-81-SV',2649,,346738,49,0,8,2,69,,346739,49,0,8,2,14,,346740,49,0,8,2
36303,'H51S100F-80-F1',2447,,346744,49,0,8,2,87,,346743,49,0,8,1,85,,346745,49,0,8,2,84,,346741,49,0,8,1,45,,346746,49,0,8,2,85,,346742,49,0,8,1,85,,346747,49,0,8,2
36303,'H51S200F-80-F2',2447,,346751,49,0,8,2,87,,346750,49,0,8,1,85,,346752,49,0,8,2,84,,346748,49,0,8,1,45,,346753,49,0,8,2,85,,346749,49,0,8,1,85,,346754,49,0,8,2
38001,'H50S000A-82-A',2615,,347292,33,0,5,1,91,,347291,33,0,5,1,45,,347295,33,0,5,1,85,,347293,33,0,5,1
38001,'H50S000I-82-I',2529,,347299,33,0,5,1,87,,347297,33,0,5,2,43,,347298,33,0,5,1,84,,347296,33,0,5,1,86,,347300,33,0,5,1
38001,'H50S000S-82-S',2541,,347303,33,0,5,1,84,,347305,33,0,5,1,88,,347301,33,0,5,1,43,,347302,33,0,5,1,87,,347304,33,0,5,1
38001,'H50S100F-80-F1',2529,,347310,33,0,5,1,87,,347308,33,0,5,2,43,,347309,33,0,5,1,84,,347307,33,0,5,1,86,,347311,33,0,5,1
38001,'H50S200F-80-F2',2529,,347315,33,0,5,1,87,,347313,33,0,5,2,43,,347314,33,0,5,1,84,,347312,33,0,5,1,86,,347316,33,0,5,1
