19702,'H51S000A-80-A',539,,338805,17,0,10,2,72,,338813,17,0,10,1,32,,338806,17,0,10,2,69,,338821,17,0,10,1,29,,338814,17,0,10,1,68,,338807,17,0,10,2,28,,338822,17,0,10,1,68,,338815,17,0,10,1,28,,338808,17,0,10,2,23,,338823,17,0,10,1,64,,338828,17,0,10,2,23,,338816,17,0,10,1,63,,338809,17,0,10,2,22,,338824,17,0,10,1,16,,338833,17,0,10,2,56,,338829,17,0,10,2,16,,338834,17,0,10,1,15,,338810,17,0,10,2,15,,338836,17,0,10,2,56,,338825,17,0,10,1,16,,338839,17,0,10,2,18,,338830,17,0,10,2,18,,338837,17,0,10,2,58,,338811,17,0,10,2,19,,338826,17,0,10,1,19,,338831,17,0,10,2,59,,338840,17,0,10,2,19,,338838,17,0,10,2,19,,338812,17,0,10,2,60,,338827,17,0,10,1,23,,338832,17,0,10,2,24,,338841,17,0,10,2,64,,338847,17,0,10,1,28,,338835,17,0,10,2,68,,338842,17,0,10,2,27,,338848,17,0,10,1,67,,338817,17,0,10,1,27,,338843,17,0,10,2,66,,338849,17,0,10,1,26,,338818,17,0,10,1,26,,338844,17,0,10,2,67,,338850,17,0,10,1,26,,338819,17,0,10,1,68,,338845,17,0,10,2,28,,338851,17,0,10,1,69,,338820,17,0,10,1,33,,338846,17,0,10,2,69,,338853,17,0,10,2,36,,338852,17,0,10,1,75,,338854,17,0,10,2
19702,'H51S000I-80-I',541,,338865,17,0,10,1,71,,338855,17,0,10,1,32,,338866,17,0,10,1,72,,338856,17,0,10,1,34,,338867,17,0,10,1,72,,338857,17,0,10,1,32,,338868,17,0,10,2,71,,338874,17,0,10,2,22,,338877,17,0,10,1,62,,338858,17,0,10,1,27,,338869,17,0,10,2,67,,338875,17,0,10,2,27,,338859,17,0,10,1,27,,338870,17,0,10,2,65,,338878,17,0,10,2,22,,338876,17,0,10,2,62,,338860,17,0,10,1,22,,338871,17,0,10,2,20,,338885,17,0,10,2,60,,338879,17,0,10,2,28,,338861,17,0,10,1,68,,338872,17,0,10,2,28,,338880,17,0,10,2,68,,338862,17,0,10,1,30,,338873,17,0,10,2,28,,338881,17,0,10,2,68,,338863,17,0,10,1,28,,338890,17,0,10,1,68,,338882,17,0,10,2,28,,338886,17,0,10,2,68,,338891,17,0,10,1,29,,338883,17,0,10,2,69,,338887,17,0,10,2,29,,338892,17,0,10,1,70,,338884,17,0,10,2,32,,338888,17,0,10,2,72,,338893,17,0,10,1,33,,338895,17,0,10,2,70,,338889,17,0,10,2,32,,338894,17,0,10,1,71,,338896,17,0,10,2,31,,338864,17,0,10,1
19702,'H51S000S-81-S',507,,338897,17,0,10,2,23,,338901,17,0,10,1,19,,338900,17,0,10,1,53,,338905,17,0,10,2,15,,338898,17,0,10,2,26,,338914,17,0,10,2,8,,338915,17,0,10,2,8,,338902,17,0,10,1,46,,338919,17,0,10,2,8,,338926,17,0,10,2,6,,338933,17,0,10,2,5,,338906,17,0,10,2,8,,338913,17,0,10,2,10,,338935,17,0,10,2,4,,338917,17,0,10,2,5,,338899,17,0,10,2,5,,338942,17,0,10,2,45,,338943,17,0,10,2,5,,338918,17,0,10,2,5,,338936,17,0,10,2,6,,338907,17,0,10,2,6,,338932,17,0,10,2,10,,338916,17,0,10,2,8,,338903,17,0,10,1,12,,338949,17,0,10,1,50,,338920,17,0,10,2,10,,338934,17,0,10,2,10,,338951,17,0,10,2,12,,338927,17,0,10,1,13,,338944,17,0,10,2,56,,338937,17,0,10,2,19,,338904,17,0,10,1,20,,338921,17,0,10,2,60,,338945,17,0,10,2,20,,338928,17,0,10,1,20,,338938,17,0,10,2,60,,338952,17,0,10,1,20,,338922,17,0,10,2,20,,338946,17,0,10,2,60,,338939,17,0,10,2,20,,338929,17,0,10,1,20,,338953,17,0,10,1,60,,338923,17,0,10,2,21,,338940,17,0,10,2,20,,338947,17,0,10,2,63,,338930,17,0,10,1,20,,338954,17,0,10,1,20,,338924,17,0,10,2,60,,338941,17,0,10,2,22,,338948,17,0,10,2,20,,338931,17,0,10,1,60,,338955,17,0,10,1,20,,338925,17,0,10,2,22,,338964,17,0,10,2,62,,338908,17,0,10,1,29,,338956,17,0,10,1,68,,338960,17,0,10,2,28,,338909,17,0,10,1,68,,338957,17,0,10,1,30,,338961,17,0,10,2,70,,338910,17,0,10,1,30,,338958,17,0,10,1,70,,338962,17,0,10,2,30,,338911,17,0,10,1,69,,338959,17,0,10,1,20,,338966,17,0,10,2,17,,338965,17,0,10,1,76,,338912,17,0,10,1,37,,338963,17,0,10,2
19702,'H51S100F-80-F1',541,,338968,17,0,10,1,71,,338982,17,0,10,1,32,,338969,17,0,10,1,72,,338983,17,0,10,1,34,,338970,17,0,10,1,72,,338984,17,0,10,1,32,,338976,17,0,10,2,71,,338972,17,0,10,2,22,,338971,17,0,10,1,62,,338985,17,0,10,1,27,,338977,17,0,10,2,67,,338973,17,0,10,2,27,,338986,17,0,10,1,27,,338978,17,0,10,2,65,,338991,17,0,10,2,22,,338974,17,0,10,2,62,,338987,17,0,10,1,22,,338979,17,0,10,2,20,,338975,17,0,10,2,60,,338992,17,0,10,2,28,,338988,17,0,10,1,68,,338980,17,0,10,2,28,,338993,17,0,10,2,68,,338989,17,0,10,1,30,,338981,17,0,10,2,28,,338994,17,0,10,2,68,,338990,17,0,10,1,28,,339002,17,0,10,1,68,,338995,17,0,10,2,28,,338998,17,0,10,2,68,,339003,17,0,10,1,29,,338996,17,0,10,2,69,,338999,17,0,10,2,29,,339004,17,0,10,1,70,,338997,17,0,10,2,32,,339000,17,0,10,2,72,,339005,17,0,10,1,33,,339007,17,0,10,2,70,,339001,17,0,10,2,32,,339006,17,0,10,1,71,,339008,17,0,10,2,31,,338967,17,0,10,1
19702,'H51S200F-80-F2',541,,339010,17,0,10,1,71,,339024,17,0,10,1,32,,339011,17,0,10,1,72,,339025,17,0,10,1,34,,339012,17,0,10,1,72,,339026,17,0,10,1,32,,339018,17,0,10,2,71,,339014,17,0,10,2,22,,339013,17,0,10,1,62,,339027,17,0,10,1,27,,339019,17,0,10,2,67,,339015,17,0,10,2,27,,339028,17,0,10,1,27,,339020,17,0,10,2,65,,339033,17,0,10,2,22,,339016,17,0,10,2,62,,339029,17,0,10,1,22,,339021,17,0,10,2,20,,339017,17,0,10,2,60,,339034,17,0,10,2,28,,339030,17,0,10,1,68,,339022,17,0,10,2,28,,339035,17,0,10,2,68,,339031,17,0,10,1,30,,339023,17,0,10,2,28,,339036,17,0,10,2,68,,339032,17,0,10,1,28,,339044,17,0,10,1,68,,339037,17,0,10,2,28,,339040,17,0,10,2,68,,339045,17,0,10,1,29,,339038,17,0,10,2,69,,339041,17,0,10,2,29,,339046,17,0,10,1,70,,339039,17,0,10,2,32,,339042,17,0,10,2,72,,339047,17,0,10,1,33,,339049,17,0,10,2,70,,339043,17,0,10,2,32,,339048,17,0,10,1,71,,339050,17,0,10,2,31,,339009,17,0,10,1
19702,'H57S000S-80-S',632,,339051,17,0,10,1
19702,'H59S000S-80-S',728,,339052,17,0,10,2,6,,339053,17,0,10,1
37002,'H51S000A-80-A',2601,,347054,24,0,10,1,42,,347053,24,0,10,2,85,,347051,24,0,10,1,84,,347052,24,0,10,2,45,,347055,24,0,10,1
37002,'H51S000I-80-I',2512,,347060,24,0,10,1,45,,347056,24,0,10,1,85,,347058,24,0,10,2,85,,347061,24,0,10,1,85,,347057,24,0,10,1,46,,347059,24,0,10,2
37002,'H51S000S-81-S',2512,,347064,24,0,10,1,45,,347062,24,0,10,1,85,,347066,24,0,10,2,85,,347065,24,0,10,1,85,,347063,24,0,10,1,47,,347067,24,0,10,2
37002,'H51S100F-80-F1',2512,,347072,24,0,10,1,45,,347068,24,0,10,1,85,,347070,24,0,10,2,85,,347073,24,0,10,1,85,,347069,24,0,10,1,46,,347071,24,0,10,2
37002,'H51S200F-80-F2',2512,,347078,24,0,10,1,45,,347074,24,0,10,1,85,,347076,24,0,10,2,85,,347079,24,0,10,1,85,,347075,24,0,10,1,46,,347077,24,0,10,2
