10402,'H56S000A-80-A',606,,316101,33,0,10,1,36,,316114,33,0,10,2,17,,316099,33,0,10,1,74,,316102,33,0,10,1,74,,316115,33,0,10,2,20,,316100,33,0,10,1,77,,316103,33,0,10,1,38,,316116,33,0,10,2,69,,316127,33,0,10,1,32,,316104,33,0,10,1,81,,316117,33,0,10,2,28,,316128,33,0,10,1,75,,316105,33,0,10,1,80,,316118,33,0,10,2,29,,316129,33,0,10,1,77,,316106,33,0,10,1,38,,316119,33,0,10,2,69,,316130,33,0,10,1,37,,316107,33,0,10,1,78,,316120,33,0,10,2,71,,316131,33,0,10,1,32,,316108,33,0,10,1,79,,316121,33,0,10,2,30,,316132,33,0,10,1,71,,316109,33,0,10,1,36,,316122,33,0,10,2,70,,316133,33,0,10,1,30,,316110,33,0,10,1,73,,316123,33,0,10,2,28,,316134,33,0,10,1,69,,316111,33,0,10,1,33,,316124,33,0,10,2,69,,316135,33,0,10,1,26,,316112,33,0,10,1,70,,316125,33,0,10,2,28,,316136,33,0,10,1,69,,316113,33,0,10,1,25,,316126,33,0,10,2,69,,316137,33,0,10,1
10402,'H56S000I-80-I',622,,316150,33,0,10,2,30,,316138,33,0,10,1,78,,316162,33,0,10,1,75,,316151,33,0,10,2,15,,316139,33,0,10,1,39,,316163,33,0,10,1,84,,316152,33,0,10,2,78,,316140,33,0,10,1,15,,316164,33,0,10,1,82,,316153,33,0,10,2,83,,316141,33,0,10,1,40,,316165,33,0,10,1,16,,316154,33,0,10,2,84,,316142,33,0,10,1,81,,316166,33,0,10,1,82,,316155,33,0,10,2,20,,316143,33,0,10,1,81,,316167,33,0,10,1,42,,316156,33,0,10,2,82,,316144,33,0,10,1,15,,316168,33,0,10,1,79,,316157,33,0,10,2,78,,316145,33,0,10,1,16,,316169,33,0,10,1,38,,316158,33,0,10,2,80,,316146,33,0,10,1,73,,316170,33,0,10,1,25,,316159,33,0,10,2,71,,316147,33,0,10,1,32,,316171,33,0,10,1,70,,316160,33,0,10,2,31,,316148,33,0,10,1,72,,316172,33,0,10,1,31,,316161,33,0,10,2,72,,316149,33,0,10,1,36,,316173,33,0,10,1
10402,'H56S000S-82-S',557,,316179,33,0,10,2,70,,316181,33,0,10,2,32,,316209,33,0,10,1,90,,316180,33,0,10,2,84,,316208,33,0,10,1,73,,316197,33,0,10,1,36,,316201,33,0,10,1,75,,316188,33,0,10,1,36,,316198,33,0,10,1,76,,316202,33,0,10,1,75,,316189,33,0,10,1,37,,316199,33,0,10,1,78,,316203,33,0,10,1,36,,316190,33,0,10,1,78,,316200,33,0,10,1,80,,316204,33,0,10,1,37,,316205,33,0,10,2,77,,316206,33,0,10,2,81,,316182,33,0,10,1,40,,316195,33,0,10,1,81,,316207,33,0,10,2,74,,316183,33,0,10,1,36,,316196,33,0,10,1,70,,316174,33,0,10,1,32,,316191,33,0,10,2,73,,316184,33,0,10,1,31,,316175,33,0,10,1,71,,316192,33,0,10,2,31,,316185,33,0,10,1,69,,316176,33,0,10,1,29,,316193,33,0,10,2,69,,316186,33,0,10,1,25,,316177,33,0,10,1,68,,316194,33,0,10,2,26,,316187,33,0,10,1,67,,316178,33,0,10,1
10402,'H56S100F-80-F1',622,,316222,33,0,10,2,30,,316210,33,0,10,1,78,,316234,33,0,10,1,75,,316223,33,0,10,2,15,,316211,33,0,10,1,39,,316235,33,0,10,1,84,,316224,33,0,10,2,78,,316212,33,0,10,1,15,,316236,33,0,10,1,82,,316225,33,0,10,2,83,,316213,33,0,10,1,40,,316237,33,0,10,1,16,,316226,33,0,10,2,84,,316214,33,0,10,1,81,,316238,33,0,10,1,82,,316227,33,0,10,2,20,,316215,33,0,10,1,81,,316239,33,0,10,1,42,,316228,33,0,10,2,82,,316216,33,0,10,1,15,,316240,33,0,10,1,79,,316229,33,0,10,2,78,,316217,33,0,10,1,16,,316241,33,0,10,1,38,,316230,33,0,10,2,80,,316218,33,0,10,1,73,,316242,33,0,10,1,25,,316231,33,0,10,2,71,,316219,33,0,10,1,32,,316243,33,0,10,1,70,,316232,33,0,10,2,31,,316220,33,0,10,1,72,,316244,33,0,10,1,31,,316233,33,0,10,2,72,,316221,33,0,10,1,36,,316245,33,0,10,1
10402,'H56S200F-80-F2',622,,316258,33,0,10,2,30,,316246,33,0,10,1,78,,316270,33,0,10,1,75,,316259,33,0,10,2,15,,316247,33,0,10,1,39,,316271,33,0,10,1,84,,316260,33,0,10,2,78,,316248,33,0,10,1,15,,316272,33,0,10,1,82,,316261,33,0,10,2,83,,316249,33,0,10,1,40,,316273,33,0,10,1,16,,316262,33,0,10,2,84,,316250,33,0,10,1,81,,316274,33,0,10,1,82,,316263,33,0,10,2,20,,316251,33,0,10,1,81,,316275,33,0,10,1,42,,316264,33,0,10,2,82,,316252,33,0,10,1,15,,316276,33,0,10,1,79,,316265,33,0,10,2,78,,316253,33,0,10,1,16,,316277,33,0,10,1,38,,316266,33,0,10,2,80,,316254,33,0,10,1,73,,316278,33,0,10,1,25,,316267,33,0,10,2,71,,316255,33,0,10,1,32,,316279,33,0,10,1,70,,316268,33,0,10,2,31,,316256,33,0,10,1,72,,316280,33,0,10,1,31,,316269,33,0,10,2,72,,316257,33,0,10,1,36,,316281,33,0,10,1
13802,'H56S000A-80-A',627,,325216,37,0,10,1,79,,325226,37,0,10,1,42,,325217,37,0,10,1,83,,325227,37,0,10,1,85,,325218,37,0,10,1,87,,325228,37,0,10,1,48,,325219,37,0,10,1,89,,325229,37,0,10,1,88,,325220,37,0,10,1,92,,325230,37,0,10,1,88,,325221,37,0,10,1,50,,325231,37,0,10,1,89,,325222,37,0,10,1,90,,325232,37,0,10,1,90,,325223,37,0,10,1,86,,325233,37,0,10,1,46,,325224,37,0,10,1,86,,325234,37,0,10,1,87,,325225,37,0,10,1
13802,'H56S000I-80-I',711,,325235,37,0,10,1,38,,325245,37,0,10,1,86,,325236,37,0,10,1,83,,325246,37,0,10,1,85,,325237,37,0,10,1,48,,325247,37,0,10,1,88,,325238,37,0,10,1,83,,325248,37,0,10,1,90,,325239,37,0,10,1,88,,325249,37,0,10,1,49,,325240,37,0,10,1,88,,325250,37,0,10,1,88,,325241,37,0,10,1,87,,325251,37,0,10,1,47,,325242,37,0,10,1,86,,325252,37,0,10,1,86,,325243,37,0,10,1,82,,325253,37,0,10,1,44,,325244,37,0,10,1
13802,'H56S000S-82-S',614,,325257,37,0,10,1,26,,325277,37,0,10,1,80,,325256,37,0,10,1,88,,325258,37,0,10,1,42,,325278,37,0,10,1,72,,325269,37,0,10,1,78,,325259,37,0,10,1,33,,325279,37,0,10,1,76,,325270,37,0,10,1,36,,325260,37,0,10,1,78,,325280,37,0,10,1,35,,325271,37,0,10,1,76,,325261,37,0,10,1,77,,325281,37,0,10,1,38,,325272,37,0,10,1,78,,325262,37,0,10,1,82,,325282,37,0,10,1,39,,325273,37,0,10,1,81,,325263,37,0,10,1,81,,325283,37,0,10,1,36,,325274,37,0,10,1,75,,325264,37,0,10,1,33,,325284,37,0,10,1,70,,325275,37,0,10,1,32,,325265,37,0,10,1,73,,325285,37,0,10,1,29,,325276,37,0,10,1,72,,325266,37,0,10,1,29,,325286,37,0,10,1,69,,325254,37,0,10,1,29,,325267,37,0,10,1,67,,325287,37,0,10,1,28,,325255,37,0,10,1,68,,325268,37,0,10,1,29,,325288,37,0,10,1
13802,'H56S100F-80-F1',711,,325289,37,0,10,1,38,,325299,37,0,10,1,86,,325290,37,0,10,1,83,,325300,37,0,10,1,85,,325291,37,0,10,1,48,,325301,37,0,10,1,88,,325292,37,0,10,1,83,,325302,37,0,10,1,90,,325293,37,0,10,1,88,,325303,37,0,10,1,49,,325294,37,0,10,1,88,,325304,37,0,10,1,88,,325295,37,0,10,1,87,,325305,37,0,10,1,47,,325296,37,0,10,1,86,,325306,37,0,10,1,86,,325297,37,0,10,1,82,,325307,37,0,10,1,44,,325298,37,0,10,1
13802,'H56S200F-80-F2',711,,325308,37,0,10,1,38,,325318,37,0,10,1,86,,325309,37,0,10,1,83,,325319,37,0,10,1,85,,325310,37,0,10,1,48,,325320,37,0,10,1,88,,325311,37,0,10,1,83,,325321,37,0,10,1,90,,325312,37,0,10,1,88,,325322,37,0,10,1,49,,325313,37,0,10,1,88,,325323,37,0,10,1,88,,325314,37,0,10,1,87,,325324,37,0,10,1,47,,325315,37,0,10,1,86,,325325,37,0,10,1,86,,325316,37,0,10,1,82,,325326,37,0,10,1,44,,325317,37,0,10,1
