17904,'H50S000S-82-S',744,,334081,10,0,9,1,978,,334082,10,0,9,2
17904,'H51S000A-80-A',609,,334088,10,0,9,1,29,,334105,10,0,9,2,69,,334089,10,0,9,1,32,,334106,10,0,9,2,71,,334090,10,0,9,1,32,,334107,10,0,9,2,73,,334091,10,0,9,1,32,,334108,10,0,9,2,64,,334116,10,0,9,2,24,,334092,10,0,9,1,24,,334109,10,0,9,2,65,,334117,10,0,9,2,24,,334093,10,0,9,1,57,,334083,10,0,9,2,16,,334110,10,0,9,2,17,,334122,10,0,9,2,17,,334118,10,0,9,2,56,,334094,10,0,9,1,17,,334084,10,0,9,2,16,,334111,10,0,9,2,57,,334123,10,0,9,2,17,,334119,10,0,9,2,17,,334095,10,0,9,1,16,,334085,10,0,9,2,56,,334112,10,0,9,2,15,,334133,10,0,9,1,15,,334124,10,0,9,2,15,,334120,10,0,9,2,54,,334096,10,0,9,1,14,,334086,10,0,9,2,14,,334113,10,0,9,2,14,,334134,10,0,9,1,54,,334125,10,0,9,2,14,,334121,10,0,9,2,14,,334097,10,0,9,1,14,,334087,10,0,9,2,14,,334114,10,0,9,2,54,,334135,10,0,9,1,13,,334126,10,0,9,2,22,,334098,10,0,9,1,69,,334115,10,0,9,2,30,,334127,10,0,9,2,71,,334099,10,0,9,1,31,,334128,10,0,9,2,70,,334100,10,0,9,1,28,,334129,10,0,9,2,69,,334101,10,0,9,1,28,,334130,10,0,9,2,68,,334102,10,0,9,1,28,,334131,10,0,9,2,68,,334103,10,0,9,1,27,,334132,10,0,9,2,68,,334104,10,0,9,1
17904,'H51S000I-80-I',705,,334136,10,0,9,1,30,,334140,10,0,9,1,70,,334137,10,0,9,1,31,,334141,10,0,9,1,70,,334138,10,0,9,1,32,,334142,10,0,9,1,71,,334139,10,0,9,1,30,,334152,10,0,9,2,70,,334143,10,0,9,1,29,,334157,10,0,9,2,65,,334153,10,0,9,2,26,,334144,10,0,9,1,26,,334148,10,0,9,1,66,,334154,10,0,9,2,22,,334166,10,0,9,2,60,,334145,10,0,9,1,17,,334149,10,0,9,1,18,,334177,10,0,9,2,16,,334155,10,0,9,2,56,,334167,10,0,9,2,16,,334146,10,0,9,1,16,,334150,10,0,9,1,16,,334178,10,0,9,2,56,,334156,10,0,9,2,15,,334168,10,0,9,2,14,,334158,10,0,9,1,14,,334147,10,0,9,1,54,,334151,10,0,9,1,16,,334179,10,0,9,2,20,,334169,10,0,9,2,66,,334159,10,0,9,1,29,,334180,10,0,9,2,69,,334170,10,0,9,2,30,,334160,10,0,9,1,70,,334171,10,0,9,2,30,,334161,10,0,9,1,70,,334172,10,0,9,2,30,,334162,10,0,9,1,70,,334173,10,0,9,2,29,,334163,10,0,9,1,70,,334174,10,0,9,2,30,,334164,10,0,9,1,70,,334175,10,0,9,2,29,,334165,10,0,9,1,68,,334176,10,0,9,2
17904,'H51S000S-81-S',518,,334181,10,0,9,1,30,,334182,10,0,9,2,62,,334186,10,0,9,2,32,,334189,10,0,9,1,61,,334183,10,0,9,2,16,,334187,10,0,9,2,14,,334206,10,0,9,2,21,,334190,10,0,9,1,51,,334188,10,0,9,2,9,,334208,10,0,9,2,17,,334184,10,0,9,2,21,,334207,10,0,9,2,60,,334191,10,0,9,1,20,,334209,10,0,9,2,22,,334185,10,0,9,2,62,,334194,10,0,9,1,25,,334192,10,0,9,1,65,,334210,10,0,9,2,24,,334195,10,0,9,1,24,,334215,10,0,9,2,58,,334193,10,0,9,1,18,,334211,10,0,9,2,19,,334196,10,0,9,1,60,,334227,10,0,9,2,20,,334216,10,0,9,2,20,,334212,10,0,9,2,61,,334197,10,0,9,1,21,,334228,10,0,9,2,21,,334217,10,0,9,2,61,,334213,10,0,9,2,23,,334198,10,0,9,1,22,,334229,10,0,9,2,56,,334233,10,0,9,2,16,,334218,10,0,9,2,12,,334214,10,0,9,2,12,,334234,10,0,9,2,54,,334199,10,0,9,1,32,,334230,10,0,9,2,68,,334219,10,0,9,2,27,,334200,10,0,9,1,68,,334231,10,0,9,2,27,,334220,10,0,9,2,28,,334221,10,0,9,1,71,,334201,10,0,9,1,28,,334232,10,0,9,2,68,,334222,10,0,9,1,29,,334202,10,0,9,1,69,,334223,10,0,9,1,28,,334203,10,0,9,1,69,,334224,10,0,9,1,29,,334204,10,0,9,1,68,,334225,10,0,9,1,28,,334205,10,0,9,1,68,,334226,10,0,9,1
17904,'H51S100F-80-F1',705,,334235,10,0,9,1,30,,334255,10,0,9,1,70,,334236,10,0,9,1,31,,334256,10,0,9,1,70,,334237,10,0,9,1,32,,334257,10,0,9,1,71,,334238,10,0,9,1,30,,334267,10,0,9,2,70,,334258,10,0,9,1,29,,334239,10,0,9,2,65,,334268,10,0,9,2,26,,334259,10,0,9,1,26,,334263,10,0,9,1,66,,334269,10,0,9,2,22,,334240,10,0,9,2,60,,334260,10,0,9,1,17,,334264,10,0,9,1,18,,334251,10,0,9,2,16,,334270,10,0,9,2,56,,334241,10,0,9,2,16,,334261,10,0,9,1,16,,334265,10,0,9,1,16,,334252,10,0,9,2,56,,334271,10,0,9,2,15,,334242,10,0,9,2,14,,334272,10,0,9,1,14,,334262,10,0,9,1,54,,334266,10,0,9,1,16,,334253,10,0,9,2,20,,334243,10,0,9,2,66,,334273,10,0,9,1,29,,334254,10,0,9,2,69,,334244,10,0,9,2,30,,334274,10,0,9,1,70,,334245,10,0,9,2,30,,334275,10,0,9,1,70,,334246,10,0,9,2,30,,334276,10,0,9,1,70,,334247,10,0,9,2,29,,334277,10,0,9,1,70,,334248,10,0,9,2,30,,334278,10,0,9,1,70,,334249,10,0,9,2,29,,334279,10,0,9,1,68,,334250,10,0,9,2
17904,'H51S200F-80-F2',705,,334280,10,0,9,1,30,,334300,10,0,9,1,70,,334281,10,0,9,1,31,,334301,10,0,9,1,70,,334282,10,0,9,1,32,,334302,10,0,9,1,71,,334283,10,0,9,1,30,,334312,10,0,9,2,70,,334303,10,0,9,1,29,,334284,10,0,9,2,65,,334313,10,0,9,2,26,,334304,10,0,9,1,26,,334308,10,0,9,1,66,,334314,10,0,9,2,22,,334285,10,0,9,2,60,,334305,10,0,9,1,17,,334309,10,0,9,1,18,,334296,10,0,9,2,16,,334315,10,0,9,2,56,,334286,10,0,9,2,16,,334306,10,0,9,1,16,,334310,10,0,9,1,16,,334297,10,0,9,2,56,,334316,10,0,9,2,15,,334287,10,0,9,2,14,,334317,10,0,9,1,14,,334307,10,0,9,1,54,,334311,10,0,9,1,16,,334298,10,0,9,2,20,,334288,10,0,9,2,66,,334318,10,0,9,1,29,,334299,10,0,9,2,69,,334289,10,0,9,2,30,,334319,10,0,9,1,70,,334290,10,0,9,2,30,,334320,10,0,9,1,70,,334291,10,0,9,2,30,,334321,10,0,9,1,70,,334292,10,0,9,2,29,,334322,10,0,9,1,70,,334293,10,0,9,2,30,,334323,10,0,9,1,70,,334294,10,0,9,2,29,,334324,10,0,9,1,68,,334295,10,0,9,2
36504,'H58S000A-80-A',2535,,346870,21,0,9,1,75,,346872,21,0,9,1,33,,346875,21,0,9,1,76,,346869,21,0,9,1,33,,346874,21,0,9,1,72,,346871,21,0,9,1,32,,346873,21,0,9,1
36504,'H58S000I-80-I',2535,,346876,21,0,9,1,80,,346878,21,0,9,1,40,,346880,21,0,9,1,80,,346877,21,0,9,1,80,,346879,21,0,9,1,40,,346881,21,0,9,1
36504,'H58S000S-83-S',2534,,346884,21,0,9,1,81,,346886,21,0,9,1,40,,346882,21,0,9,1,80,,346883,21,0,9,1,80,,346885,21,0,9,1,40,,346887,21,0,9,1
36504,'H58S100F-80-F1',2535,,346890,21,0,9,1,80,,346888,21,0,9,1,40,,346892,21,0,9,1,80,,346891,21,0,9,1,80,,346889,21,0,9,1,40,,346893,21,0,9,1
36504,'H58S200F-80-F2',2535,,346894,21,0,9,1,80,,346896,21,0,9,1,40,,346898,21,0,9,1,80,,346895,21,0,9,1,80,,346897,21,0,9,1,40,,346899,21,0,9,1
