12704,'H50S000A-82-A',753,,323041,23,0,9,2,73,,323020,23,0,9,2,32,,323042,23,0,9,2,73,,323021,23,0,9,2,73,,323043,23,0,9,2,29,,323028,23,0,9,2,69,,323022,23,0,9,2,29,,323044,23,0,9,2,69,,323029,23,0,9,2,30,,323023,23,0,9,2,70,,323045,23,0,9,2,29,,323030,23,0,9,2,29,,323024,23,0,9,2,70,,323046,23,0,9,2,30,,323031,23,0,9,2,70,,323025,23,0,9,2,30,,323047,23,0,9,2,70,,323032,23,0,9,2,30,,323026,23,0,9,2,70,,323048,23,0,9,2,30,,323033,23,0,9,2,68,,323027,23,0,9,2,24,,323049,23,0,9,2,70,,323034,23,0,9,2,31,,323050,23,0,9,2,69,,323035,23,0,9,2,30,,323051,23,0,9,2,69,,323036,23,0,9,2,30,,323052,23,0,9,2,70,,323037,23,0,9,2,30,,323053,23,0,9,2,70,,323038,23,0,9,2,30,,323054,23,0,9,2,70,,323039,23,0,9,2,30,,323055,23,0,9,2,70,,323040,23,0,9,2
12704,'H50S000I-82-I',754,,323080,23,0,9,2,70,,323056,23,0,9,2,30,,323088,23,0,9,2,70,,323081,23,0,9,2,30,,323057,23,0,9,2,70,,323089,23,0,9,2,30,,323082,23,0,9,2,70,,323058,23,0,9,2,30,,323090,23,0,9,2,70,,323083,23,0,9,2,30,,323059,23,0,9,2,70,,323091,23,0,9,2,30,,323084,23,0,9,2,70,,323060,23,0,9,2,30,,323070,23,0,9,2,71,,323085,23,0,9,2,30,,323061,23,0,9,2,71,,323071,23,0,9,2,29,,323086,23,0,9,2,69,,323062,23,0,9,2,28,,323072,23,0,9,2,70,,323087,23,0,9,2,28,,323063,23,0,9,2,71,,323073,23,0,9,2,31,,323064,23,0,9,2,69,,323074,23,0,9,2,30,,323065,23,0,9,2,69,,323075,23,0,9,2,30,,323066,23,0,9,2,69,,323076,23,0,9,2,30,,323067,23,0,9,2,70,,323077,23,0,9,2,30,,323068,23,0,9,2,70,,323078,23,0,9,2,30,,323069,23,0,9,2,70,,323079,23,0,9,2
12704,'H50S000S-82-S',601,,323092,23,0,9,2,22,,323109,23,0,9,2,25,,323094,23,0,9,2,62,,323096,23,0,9,2,22,,323102,23,0,9,2,21,,323110,23,0,9,2,61,,323095,23,0,9,2,21,,323097,23,0,9,2,20,,323103,23,0,9,2,63,,323111,23,0,9,2,25,,323098,23,0,9,2,65,,323104,23,0,9,2,25,,323112,23,0,9,2,25,,323099,23,0,9,2,67,,323105,23,0,9,2,28,,323113,23,0,9,2,70,,323100,23,0,9,2,30,,323106,23,0,9,2,70,,323114,23,0,9,2,30,,323101,23,0,9,2,70,,323107,23,0,9,2,29,,323093,23,0,9,2,70,,323131,23,0,9,2,30,,323108,23,0,9,2,67,,323132,23,0,9,2,21,,323122,23,0,9,2,60,,323115,23,0,9,2,20,,323129,23,0,9,2,20,,323133,23,0,9,2,60,,323123,23,0,9,2,20,,323116,23,0,9,2,18,,323130,23,0,9,2,19,,323134,23,0,9,2,63,,323124,23,0,9,2,25,,323117,23,0,9,2,71,,323125,23,0,9,2,30,,323118,23,0,9,2,71,,323126,23,0,9,2,30,,323119,23,0,9,2,71,,323127,23,0,9,2,30,,323120,23,0,9,2,71,,323128,23,0,9,2,30,,323121,23,0,9,2
12704,'H50S100F-80-F1',754,,323159,23,0,9,2,70,,323135,23,0,9,2,30,,323167,23,0,9,2,70,,323160,23,0,9,2,30,,323136,23,0,9,2,70,,323168,23,0,9,2,30,,323161,23,0,9,2,70,,323137,23,0,9,2,30,,323169,23,0,9,2,70,,323162,23,0,9,2,30,,323138,23,0,9,2,70,,323170,23,0,9,2,30,,323163,23,0,9,2,70,,323139,23,0,9,2,30,,323149,23,0,9,2,71,,323164,23,0,9,2,30,,323140,23,0,9,2,71,,323150,23,0,9,2,29,,323165,23,0,9,2,69,,323141,23,0,9,2,28,,323151,23,0,9,2,70,,323166,23,0,9,2,28,,323142,23,0,9,2,71,,323152,23,0,9,2,31,,323143,23,0,9,2,69,,323153,23,0,9,2,30,,323144,23,0,9,2,69,,323154,23,0,9,2,30,,323145,23,0,9,2,69,,323155,23,0,9,2,30,,323146,23,0,9,2,70,,323156,23,0,9,2,30,,323147,23,0,9,2,70,,323157,23,0,9,2,30,,323148,23,0,9,2,70,,323158,23,0,9,2
12704,'H50S200F-80-F2',754,,323195,23,0,9,2,70,,323171,23,0,9,2,30,,323203,23,0,9,2,70,,323196,23,0,9,2,30,,323172,23,0,9,2,70,,323204,23,0,9,2,30,,323197,23,0,9,2,70,,323173,23,0,9,2,30,,323205,23,0,9,2,70,,323198,23,0,9,2,30,,323174,23,0,9,2,70,,323206,23,0,9,2,30,,323199,23,0,9,2,70,,323175,23,0,9,2,30,,323185,23,0,9,2,71,,323200,23,0,9,2,30,,323176,23,0,9,2,71,,323186,23,0,9,2,29,,323201,23,0,9,2,69,,323177,23,0,9,2,28,,323187,23,0,9,2,70,,323202,23,0,9,2,28,,323178,23,0,9,2,71,,323188,23,0,9,2,31,,323179,23,0,9,2,69,,323189,23,0,9,2,30,,323180,23,0,9,2,69,,323190,23,0,9,2,30,,323181,23,0,9,2,69,,323191,23,0,9,2,30,,323182,23,0,9,2,70,,323192,23,0,9,2,30,,323183,23,0,9,2,70,,323193,23,0,9,2,30,,323184,23,0,9,2,70,,323194,23,0,9,2
12803,'H50S000A-82-A',644,,323225,38,0,8,1,67,,323208,38,0,8,2,37,,323243,38,0,8,1,78,,323230,38,0,8,2,33,,323226,38,0,8,1,68,,323209,38,0,8,2,29,,323234,38,0,8,1,70,,323238,38,0,8,2,30,,323213,38,0,8,1,71,,323227,38,0,8,1,30,,323218,38,0,8,2,69,,323231,38,0,8,2,30,,323222,38,0,8,1,64,,323210,38,0,8,2,37,,323235,38,0,8,1,64,,323239,38,0,8,2,26,,323214,38,0,8,1,68,,323228,38,0,8,1,38,,323219,38,0,8,2,68,,323232,38,0,8,2,27,,323223,38,0,8,1,70,,323211,38,0,8,2,35,,323236,38,0,8,1,67,,323240,38,0,8,2,22,,323215,38,0,8,1,68,,323229,38,0,8,1,29,,323220,38,0,8,2,68,,323233,38,0,8,2,27,,323224,38,0,8,1,70,,323212,38,0,8,2,30,,323237,38,0,8,1,73,,323241,38,0,8,2,29,,323216,38,0,8,1,68,,323207,38,0,8,1,38,,323221,38,0,8,2,78,,323242,38,0,8,2,29,,323217,38,0,8,1
12803,'H50S000I-82-I',645,,323249,38,0,8,2,73,,323259,38,0,8,1,31,,323255,38,0,8,1,73,,323268,38,0,8,2,31,,323265,38,0,8,2,71,,323244,38,0,8,1,27,,323272,38,0,8,1,69,,323250,38,0,8,2,30,,323260,38,0,8,1,68,,323256,38,0,8,1,29,,323269,38,0,8,2,78,,323266,38,0,8,2,33,,323245,38,0,8,1,70,,323273,38,0,8,1,31,,323251,38,0,8,2,72,,323261,38,0,8,1,22,,323267,38,0,8,2,68,,323246,38,0,8,1,25,,323274,38,0,8,1,71,,323252,38,0,8,2,32,,323262,38,0,8,1,77,,323278,38,0,8,2,30,,323257,38,0,8,1,71,,323270,38,0,8,2,30,,323247,38,0,8,1,70,,323275,38,0,8,1,30,,323253,38,0,8,2,67,,323263,38,0,8,1,31,,323279,38,0,8,2,69,,323258,38,0,8,1,24,,323271,38,0,8,2,68,,323248,38,0,8,1,28,,323276,38,0,8,1,70,,323254,38,0,8,2,30,,323264,38,0,8,1,67,,323280,38,0,8,2,34,,323277,38,0,8,1
12803,'H50S000S-82-S',557,,323281,38,0,8,1,75,,323316,38,0,8,1,27,,323284,38,0,8,1,75,,323309,38,0,8,1,70,,323302,38,0,8,1,34,,323296,38,0,8,1,71,,323317,38,0,8,1,31,,323285,38,0,8,1,67,,323310,38,0,8,1,27,,323303,38,0,8,1,67,,323297,38,0,8,1,38,,323318,38,0,8,1,65,,323286,38,0,8,1,26,,323311,38,0,8,1,27,,323304,38,0,8,1,74,,323298,38,0,8,1,71,,323319,38,0,8,1,31,,323287,38,0,8,1,67,,323282,38,0,8,1,37,,323305,38,0,8,1,80,,323299,38,0,8,1,24,,323292,38,0,8,1,77,,323315,38,0,8,1,24,,323313,38,0,8,1,73,,323288,38,0,8,1,28,,323306,38,0,8,1,67,,323300,38,0,8,1,28,,323293,38,0,8,1,70,,323314,38,0,8,1,25,,323289,38,0,8,1,26,,323307,38,0,8,1,65,,323301,38,0,8,1,30,,323294,38,0,8,1,68,,323283,38,0,8,2,31,,323290,38,0,8,1,72,,323308,38,0,8,1,31,,323295,38,0,8,1,70,,323312,38,0,8,1,26,,323291,38,0,8,1
12803,'H50S100F-80-F1',645,,323325,38,0,8,2,73,,323335,38,0,8,1,31,,323331,38,0,8,1,73,,323344,38,0,8,2,31,,323341,38,0,8,2,71,,323320,38,0,8,1,27,,323348,38,0,8,1,69,,323326,38,0,8,2,30,,323336,38,0,8,1,68,,323332,38,0,8,1,29,,323345,38,0,8,2,78,,323342,38,0,8,2,33,,323321,38,0,8,1,70,,323349,38,0,8,1,31,,323327,38,0,8,2,72,,323337,38,0,8,1,22,,323343,38,0,8,2,68,,323322,38,0,8,1,25,,323350,38,0,8,1,71,,323328,38,0,8,2,32,,323338,38,0,8,1,77,,323354,38,0,8,2,30,,323333,38,0,8,1,71,,323346,38,0,8,2,30,,323323,38,0,8,1,70,,323351,38,0,8,1,30,,323329,38,0,8,2,67,,323339,38,0,8,1,31,,323355,38,0,8,2,69,,323334,38,0,8,1,24,,323347,38,0,8,2,68,,323324,38,0,8,1,28,,323352,38,0,8,1,70,,323330,38,0,8,2,30,,323340,38,0,8,1,67,,323356,38,0,8,2,34,,323353,38,0,8,1
12803,'H50S200F-80-F2',645,,323362,38,0,8,2,73,,323372,38,0,8,1,31,,323368,38,0,8,1,73,,323381,38,0,8,2,31,,323378,38,0,8,2,71,,323357,38,0,8,1,27,,323385,38,0,8,1,69,,323363,38,0,8,2,30,,323373,38,0,8,1,68,,323369,38,0,8,1,29,,323382,38,0,8,2,78,,323379,38,0,8,2,33,,323358,38,0,8,1,70,,323386,38,0,8,1,31,,323364,38,0,8,2,72,,323374,38,0,8,1,22,,323380,38,0,8,2,68,,323359,38,0,8,1,25,,323387,38,0,8,1,71,,323365,38,0,8,2,32,,323375,38,0,8,1,77,,323391,38,0,8,2,30,,323370,38,0,8,1,71,,323383,38,0,8,2,30,,323360,38,0,8,1,70,,323388,38,0,8,1,30,,323366,38,0,8,2,67,,323376,38,0,8,1,31,,323392,38,0,8,2,69,,323371,38,0,8,1,24,,323384,38,0,8,2,68,,323361,38,0,8,1,28,,323389,38,0,8,1,70,,323367,38,0,8,2,30,,323377,38,0,8,1,67,,323393,38,0,8,2,34,,323390,38,0,8,1
