17904,'H50S000S-82-S',743,,334081,9,0,9,1,978,,334082,9,0,9,2
17904,'H51S000A-80-A',609,,334088,9,0,9,1,29,,334105,9,0,9,2,69,,334089,9,0,9,1,31,,334106,9,0,9,2,71,,334090,9,0,9,1,32,,334107,9,0,9,2,73,,334091,9,0,9,1,33,,334108,9,0,9,2,64,,334116,9,0,9,2,24,,334092,9,0,9,1,24,,334109,9,0,9,2,65,,334117,9,0,9,2,24,,334093,9,0,9,1,57,,334083,9,0,9,2,16,,334110,9,0,9,2,17,,334122,9,0,9,2,17,,334118,9,0,9,2,56,,334094,9,0,9,1,17,,334084,9,0,9,2,16,,334111,9,0,9,2,57,,334123,9,0,9,2,17,,334119,9,0,9,2,17,,334095,9,0,9,1,16,,334085,9,0,9,2,56,,334112,9,0,9,2,15,,334133,9,0,9,1,15,,334124,9,0,9,2,15,,334120,9,0,9,2,54,,334096,9,0,9,1,14,,334086,9,0,9,2,14,,334113,9,0,9,2,14,,334134,9,0,9,1,54,,334125,9,0,9,2,14,,334121,9,0,9,2,14,,334097,9,0,9,1,13,,334087,9,0,9,2,14,,334114,9,0,9,2,54,,334135,9,0,9,1,13,,334126,9,0,9,2,22,,334098,9,0,9,1,69,,334115,9,0,9,2,30,,334127,9,0,9,2,71,,334099,9,0,9,1,31,,334128,9,0,9,2,70,,334100,9,0,9,1,29,,334129,9,0,9,2,69,,334101,9,0,9,1,28,,334130,9,0,9,2,68,,334102,9,0,9,1,28,,334131,9,0,9,2,68,,334103,9,0,9,1,27,,334132,9,0,9,2,68,,334104,9,0,9,1
17904,'H51S000I-80-I',705,,334136,9,0,9,1,30,,334140,9,0,9,1,70,,334137,9,0,9,1,30,,334141,9,0,9,1,70,,334138,9,0,9,1,32,,334142,9,0,9,1,71,,334139,9,0,9,1,30,,334152,9,0,9,2,71,,334143,9,0,9,1,29,,334157,9,0,9,2,65,,334153,9,0,9,2,25,,334144,9,0,9,1,26,,334148,9,0,9,1,66,,334154,9,0,9,2,22,,334166,9,0,9,2,60,,334145,9,0,9,1,18,,334149,9,0,9,1,18,,334177,9,0,9,2,16,,334155,9,0,9,2,56,,334167,9,0,9,2,16,,334146,9,0,9,1,16,,334150,9,0,9,1,16,,334178,9,0,9,2,56,,334156,9,0,9,2,15,,334168,9,0,9,2,13,,334158,9,0,9,1,14,,334147,9,0,9,1,54,,334151,9,0,9,1,16,,334179,9,0,9,2,20,,334169,9,0,9,2,66,,334159,9,0,9,1,29,,334180,9,0,9,2,69,,334170,9,0,9,2,30,,334160,9,0,9,1,71,,334171,9,0,9,2,30,,334161,9,0,9,1,70,,334172,9,0,9,2,30,,334162,9,0,9,1,70,,334173,9,0,9,2,29,,334163,9,0,9,1,70,,334174,9,0,9,2,30,,334164,9,0,9,1,70,,334175,9,0,9,2,29,,334165,9,0,9,1,68,,334176,9,0,9,2
17904,'H51S000S-81-S',517,,334181,9,0,9,1,30,,334182,9,0,9,2,62,,334186,9,0,9,2,32,,334189,9,0,9,1,62,,334183,9,0,9,2,16,,334187,9,0,9,2,13,,334206,9,0,9,2,21,,334190,9,0,9,1,51,,334188,9,0,9,2,9,,334208,9,0,9,2,17,,334184,9,0,9,2,22,,334207,9,0,9,2,60,,334191,9,0,9,1,20,,334209,9,0,9,2,22,,334185,9,0,9,2,61,,334194,9,0,9,1,25,,334192,9,0,9,1,65,,334210,9,0,9,2,24,,334195,9,0,9,1,24,,334215,9,0,9,2,58,,334193,9,0,9,1,18,,334211,9,0,9,2,19,,334196,9,0,9,1,60,,334227,9,0,9,2,20,,334216,9,0,9,2,20,,334212,9,0,9,2,61,,334197,9,0,9,1,21,,334228,9,0,9,2,21,,334217,9,0,9,2,61,,334213,9,0,9,2,23,,334198,9,0,9,1,22,,334229,9,0,9,2,56,,334233,9,0,9,2,16,,334218,9,0,9,2,12,,334214,9,0,9,2,12,,334234,9,0,9,2,54,,334199,9,0,9,1,32,,334230,9,0,9,2,68,,334219,9,0,9,2,28,,334200,9,0,9,1,68,,334231,9,0,9,2,26,,334220,9,0,9,2,28,,334221,9,0,9,1,71,,334201,9,0,9,1,28,,334232,9,0,9,2,68,,334222,9,0,9,1,29,,334202,9,0,9,1,69,,334223,9,0,9,1,29,,334203,9,0,9,1,69,,334224,9,0,9,1,29,,334204,9,0,9,1,68,,334225,9,0,9,1,28,,334205,9,0,9,1,68,,334226,9,0,9,1
17904,'H51S100F-80-F1',705,,334235,9,0,9,1,30,,334255,9,0,9,1,70,,334236,9,0,9,1,30,,334256,9,0,9,1,70,,334237,9,0,9,1,32,,334257,9,0,9,1,71,,334238,9,0,9,1,30,,334267,9,0,9,2,71,,334258,9,0,9,1,29,,334239,9,0,9,2,65,,334268,9,0,9,2,25,,334259,9,0,9,1,26,,334263,9,0,9,1,66,,334269,9,0,9,2,22,,334240,9,0,9,2,60,,334260,9,0,9,1,18,,334264,9,0,9,1,18,,334251,9,0,9,2,16,,334270,9,0,9,2,56,,334241,9,0,9,2,16,,334261,9,0,9,1,16,,334265,9,0,9,1,16,,334252,9,0,9,2,56,,334271,9,0,9,2,15,,334242,9,0,9,2,13,,334272,9,0,9,1,14,,334262,9,0,9,1,54,,334266,9,0,9,1,16,,334253,9,0,9,2,20,,334243,9,0,9,2,66,,334273,9,0,9,1,29,,334254,9,0,9,2,69,,334244,9,0,9,2,30,,334274,9,0,9,1,71,,334245,9,0,9,2,30,,334275,9,0,9,1,70,,334246,9,0,9,2,30,,334276,9,0,9,1,70,,334247,9,0,9,2,29,,334277,9,0,9,1,70,,334248,9,0,9,2,30,,334278,9,0,9,1,70,,334249,9,0,9,2,29,,334279,9,0,9,1,68,,334250,9,0,9,2
17904,'H51S200F-80-F2',705,,334280,9,0,9,1,30,,334300,9,0,9,1,70,,334281,9,0,9,1,30,,334301,9,0,9,1,70,,334282,9,0,9,1,32,,334302,9,0,9,1,71,,334283,9,0,9,1,30,,334312,9,0,9,2,71,,334303,9,0,9,1,29,,334284,9,0,9,2,65,,334313,9,0,9,2,25,,334304,9,0,9,1,26,,334308,9,0,9,1,66,,334314,9,0,9,2,22,,334285,9,0,9,2,60,,334305,9,0,9,1,18,,334309,9,0,9,1,18,,334296,9,0,9,2,16,,334315,9,0,9,2,56,,334286,9,0,9,2,16,,334306,9,0,9,1,16,,334310,9,0,9,1,16,,334297,9,0,9,2,56,,334316,9,0,9,2,15,,334287,9,0,9,2,13,,334317,9,0,9,1,14,,334307,9,0,9,1,54,,334311,9,0,9,1,16,,334298,9,0,9,2,20,,334288,9,0,9,2,66,,334318,9,0,9,1,29,,334299,9,0,9,2,69,,334289,9,0,9,2,30,,334319,9,0,9,1,71,,334290,9,0,9,2,30,,334320,9,0,9,1,70,,334291,9,0,9,2,30,,334321,9,0,9,1,70,,334292,9,0,9,2,29,,334322,9,0,9,1,70,,334293,9,0,9,2,30,,334323,9,0,9,1,70,,334294,9,0,9,2,29,,334324,9,0,9,1,68,,334295,9,0,9,2
36504,'H58S000A-80-A',2535,,346870,20,0,9,1,75,,346872,20,0,9,1,33,,346875,20,0,9,1,76,,346869,20,0,9,1,33,,346874,20,0,9,1,72,,346871,20,0,9,1,32,,346873,20,0,9,1
36504,'H58S000I-80-I',2535,,346876,20,0,9,1,80,,346878,20,0,9,1,40,,346880,20,0,9,1,80,,346877,20,0,9,1,80,,346879,20,0,9,1,40,,346881,20,0,9,1
36504,'H58S000S-83-S',2534,,346884,20,0,9,1,81,,346886,20,0,9,1,40,,346882,20,0,9,1,80,,346883,20,0,9,1,80,,346885,20,0,9,1,40,,346887,20,0,9,1
36504,'H58S100F-80-F1',2535,,346890,20,0,9,1,80,,346888,20,0,9,1,40,,346892,20,0,9,1,80,,346891,20,0,9,1,80,,346889,20,0,9,1,40,,346893,20,0,9,1
36504,'H58S200F-80-F2',2535,,346894,20,0,9,1,80,,346896,20,0,9,1,40,,346898,20,0,9,1,80,,346895,20,0,9,1,80,,346897,20,0,9,1,40,,346899,20,0,9,1
