3103,'H51S000A-80-A',535,,293870,6,0,8,2,75,,293874,6,0,8,1,36,,293871,6,0,8,2,76,,293875,6,0,8,1,36,,293872,6,0,8,2,77,,293876,6,0,8,1,76,,293873,6,0,8,2,35,,293895,6,0,8,2,75,,293877,6,0,8,1,36,,293886,6,0,8,1,75,,293896,6,0,8,2,76,,293878,6,0,8,1,35,,293887,6,0,8,1,75,,293897,6,0,8,2,34,,293879,6,0,8,1,73,,293888,6,0,8,1,33,,293898,6,0,8,2,73,,293880,6,0,8,1,73,,293889,6,0,8,1,33,,293899,6,0,8,2,73,,293881,6,0,8,1,33,,293890,6,0,8,1,73,,293900,6,0,8,2,31,,293882,6,0,8,1,73,,293891,6,0,8,1,33,,293901,6,0,8,2,73,,293883,6,0,8,1,33,,293892,6,0,8,1,72,,293902,6,0,8,2,72,,293884,6,0,8,1,33,,293893,6,0,8,1,73,,293903,6,0,8,2,33,,293885,6,0,8,1,73,,293894,6,0,8,1,33,,293904,6,0,8,2
3103,'H51S000I-80-I',535,,293905,6,0,8,1,78,,293917,6,0,8,1,38,,293906,6,0,8,1,77,,293918,6,0,8,1,77,,293927,6,0,8,1,37,,293919,6,0,8,1,78,,293928,6,0,8,1,39,,293920,6,0,8,1,78,,293929,6,0,8,1,79,,293921,6,0,8,1,27,,293935,6,0,8,2,68,,293930,6,0,8,1,29,,293922,6,0,8,1,71,,293907,6,0,8,1,30,,293912,6,0,8,1,70,,293936,6,0,8,2,30,,293931,6,0,8,1,70,,293923,6,0,8,1,30,,293908,6,0,8,1,69,,293913,6,0,8,1,30,,293937,6,0,8,2,70,,293932,6,0,8,1,30,,293924,6,0,8,1,70,,293909,6,0,8,1,30,,293914,6,0,8,1,70,,293938,6,0,8,2,30,,293933,6,0,8,1,69,,293925,6,0,8,1,30,,293910,6,0,8,1,70,,293915,6,0,8,1,30,,293939,6,0,8,2,72,,293934,6,0,8,1,32,,293926,6,0,8,1,72,,293911,6,0,8,1,32,,293916,6,0,8,1,71,,293940,6,0,8,2
3103,'H51S000S-81-S',535,,293953,6,0,8,1,70,,293960,6,0,8,2,30,,293941,6,0,8,1,70,,293954,6,0,8,1,30,,293961,6,0,8,2,70,,293942,6,0,8,1,33,,293955,6,0,8,1,73,,293962,6,0,8,2,31,,293943,6,0,8,1,70,,293956,6,0,8,1,31,,293963,6,0,8,2,70,,293944,6,0,8,1,30,,293957,6,0,8,1,70,,293964,6,0,8,2,30,,293945,6,0,8,1,70,,293958,6,0,8,1,32,,293965,6,0,8,2,71,,293946,6,0,8,1,33,,293959,6,0,8,1,73,,293966,6,0,8,2,33,,293947,6,0,8,1,68,,293968,6,0,8,1,28,,293974,6,0,8,2,66,,293967,6,0,8,2,26,,293948,6,0,8,1,73,,293969,6,0,8,1,33,,293975,6,0,8,2,73,,293949,6,0,8,1,30,,293970,6,0,8,1,70,,293976,6,0,8,2,29,,293950,6,0,8,1,70,,293971,6,0,8,1,30,,293977,6,0,8,2,70,,293951,6,0,8,1,30,,293972,6,0,8,1,70,,293978,6,0,8,2,30,,293952,6,0,8,1,70,,293973,6,0,8,1,30,,293979,6,0,8,2
3103,'H51S100F-80-F1',535,,293980,6,0,8,1,78,,293992,6,0,8,1,38,,293981,6,0,8,1,77,,293993,6,0,8,1,77,,294002,6,0,8,1,37,,293994,6,0,8,1,78,,294003,6,0,8,1,39,,293995,6,0,8,1,78,,294004,6,0,8,1,79,,293996,6,0,8,1,27,,294010,6,0,8,2,68,,294005,6,0,8,1,29,,293997,6,0,8,1,71,,293982,6,0,8,1,30,,293987,6,0,8,1,70,,294011,6,0,8,2,30,,294006,6,0,8,1,70,,293998,6,0,8,1,30,,293983,6,0,8,1,69,,293988,6,0,8,1,30,,294012,6,0,8,2,70,,294007,6,0,8,1,30,,293999,6,0,8,1,70,,293984,6,0,8,1,30,,293989,6,0,8,1,70,,294013,6,0,8,2,30,,294008,6,0,8,1,69,,294000,6,0,8,1,30,,293985,6,0,8,1,70,,293990,6,0,8,1,30,,294014,6,0,8,2,72,,294009,6,0,8,1,32,,294001,6,0,8,1,72,,293986,6,0,8,1,32,,293991,6,0,8,1,71,,294015,6,0,8,2
3103,'H51S200F-80-F2',535,,294016,6,0,8,1,78,,294028,6,0,8,1,38,,294017,6,0,8,1,77,,294029,6,0,8,1,77,,294038,6,0,8,1,37,,294030,6,0,8,1,78,,294039,6,0,8,1,39,,294031,6,0,8,1,78,,294040,6,0,8,1,79,,294032,6,0,8,1,27,,294046,6,0,8,2,68,,294041,6,0,8,1,29,,294033,6,0,8,1,71,,294018,6,0,8,1,30,,294023,6,0,8,1,70,,294047,6,0,8,2,30,,294042,6,0,8,1,70,,294034,6,0,8,1,30,,294019,6,0,8,1,69,,294024,6,0,8,1,30,,294048,6,0,8,2,70,,294043,6,0,8,1,30,,294035,6,0,8,1,70,,294020,6,0,8,1,30,,294025,6,0,8,1,70,,294049,6,0,8,2,30,,294044,6,0,8,1,69,,294036,6,0,8,1,30,,294021,6,0,8,1,70,,294026,6,0,8,1,30,,294050,6,0,8,2,72,,294045,6,0,8,1,32,,294037,6,0,8,1,72,,294022,6,0,8,1,32,,294027,6,0,8,1,71,,294051,6,0,8,2
36103,'H51S000A-80-A',2520,,346560,19,0,8,1,9,,346548,19,0,8,1,10,,346538,19,0,8,1,10,,346569,19,0,8,2,5,,346546,19,0,8,1,46,,346555,19,0,8,1,5,,346566,19,0,8,2,5,,346541,19,0,8,2,4,,346558,19,0,8,1,6,,346550,19,0,8,1,7,,346552,19,0,8,1,9,,346544,19,0,8,1,5,,346543,19,0,8,1,5,,346562,19,0,8,1,6,,346540,19,0,8,1,5,,346565,19,0,8,2,45,,346539,19,0,8,1,3,,346561,19,0,8,2,3,,346554,19,0,8,1,3,,346571,19,0,8,2,4,,346570,19,0,8,2,4,,346547,19,0,8,1,4,,346556,19,0,8,1,4,,346549,19,0,8,1,5,,346567,19,0,8,2,6,,346559,19,0,8,1,6,,346551,19,0,8,1,6,,346553,19,0,8,1,4,,346542,19,0,8,2,49,,346545,19,0,8,1,10,,346563,19,0,8,1,10,,346568,19,0,8,2,11,,346564,19,0,8,2,14,,346557,19,0,8,1
36103,'H51S000I-80-I',2501,,346576,19,0,8,1,28,,346572,19,0,8,1,22,,346575,19,0,8,1,80,,346577,19,0,8,1,85,,346573,19,0,8,1,85,,346578,19,0,8,1,45,,346574,19,0,8,1
36103,'H51S000S-81-S',2501,,346584,19,0,8,1,23,,346593,19,0,8,2,16,,346594,13,0,8,2,1,,346588,19,0,8,1,17,,346582,19,0,8,1,53,,346592,19,0,8,1,13,,346579,19,0,8,1,17,,346590,19,0,8,1,10,,346585,19,0,8,1,51,,346581,19,0,8,1,8,,346586,19,0,8,1,7,,346580,19,0,8,1,13,,346589,19,0,8,1,8,,346583,19,0,8,1,63,,346591,19,0,8,1,45,,346587,19,0,8,1
36103,'H51S000S-81-SV',2508,,346602,19,0,8,2,9,,346601,19,0,8,2,15,,346600,19,0,8,2,18,,346597,19,0,8,2,55,,346599,19,0,8,2,12,,346598,19,0,8,2,14,,346603,19,0,8,2,92,,346596,19,0,8,2,23,,346595,19,0,8,2
36103,'H51S100F-80-F1',2501,,346608,19,0,8,1,28,,346604,19,0,8,1,22,,346605,19,0,8,1,80,,346609,19,0,8,1,85,,346606,19,0,8,1,85,,346610,19,0,8,1,45,,346607,19,0,8,1
36103,'H51S200F-80-F2',2501,,346615,19,0,8,1,28,,346611,19,0,8,1,22,,346612,19,0,8,1,80,,346616,19,0,8,1,85,,346613,19,0,8,1,85,,346617,19,0,8,1,45,,346614,19,0,8,1
