6404,'H60S000A-80-A',517,,305156,9,0,9,1,32,,305168,9,0,9,2,65,,305157,9,0,9,1,24,,305169,9,0,9,2,19,,305158,9,0,9,1,59,,305198,9,0,9,1,18,,305170,9,0,9,2,14,,305208,9,0,9,2,54,,305199,9,0,9,1,16,,305187,9,0,9,1,17,,305209,9,0,9,2,17,,305221,9,0,9,2,56,,305188,9,0,9,1,16,,305210,9,0,9,2,13,,305222,9,0,9,2,12,,305189,9,0,9,1,51,,305159,9,0,9,1,11,,305211,9,0,9,2,11,,305200,9,0,9,1,10,,305190,9,0,9,1,11,,305160,9,0,9,1,10,,305212,9,0,9,2,50,,305201,9,0,9,1,10,,305191,9,0,9,1,11,,305161,9,0,9,1,11,,305213,9,0,9,2,11,,305202,9,0,9,1,10,,305192,9,0,9,1,51,,305162,9,0,9,1,6,,305223,9,0,9,2,8,,305214,9,0,9,2,8,,305203,9,0,9,1,10,,305193,9,0,9,1,11,,305163,9,0,9,1,7,,305224,9,0,9,2,55,,305204,9,0,9,1,5,,305215,9,0,9,2,9,,305194,9,0,9,1,14,,305225,9,0,9,2,8,,305164,9,0,9,1,10,,305205,9,0,9,1,52,,305216,9,0,9,2,12,,305195,9,0,9,1,10,,305226,9,0,9,2,11,,305165,9,0,9,1,11,,305206,9,0,9,1,52,,305217,9,0,9,2,10,,305196,9,0,9,1,11,,305166,9,0,9,1,11,,305207,9,0,9,1,8,,305228,9,0,9,2,9,,305218,9,0,9,2,49,,305197,9,0,9,1,12,,305167,9,0,9,1,14,,305229,9,0,9,2,16,,305219,9,0,9,2,56,,305171,9,0,9,1,12,,305230,9,0,9,2,9,,305227,9,0,9,2,9,,305220,9,0,9,2,13,,305172,9,0,9,1,56,,305231,9,0,9,2,21,,305175,9,0,9,1,20,,305173,9,0,9,2,62,,305176,9,0,9,1,10,,305186,9,0,9,2,10,,305174,9,0,9,2,14,,305232,9,0,9,1,18,,305177,9,0,9,1,63,,305233,9,0,9,1,21,,305178,9,0,9,1,62,,305234,9,0,9,1,25,,305179,9,0,9,1,25,,305235,9,0,9,1,67,,305180,9,0,9,1,23,,305236,9,0,9,1,60,,305181,9,0,9,1,18,,305237,9,0,9,1,20,,305182,9,0,9,1,16,,305238,9,0,9,1,58,,305183,9,0,9,1,17,,305239,9,0,9,1,18,,305184,9,0,9,1,59,,305240,9,0,9,1,21,,305185,9,0,9,1,20,,305241,9,0,9,1
6404,'H60S000I-81-I',517,,305242,9,0,9,1,32,,305243,9,0,9,1,73,,305244,9,0,9,1,32,,305257,9,0,9,2,71,,305245,9,0,9,1,30,,305258,9,0,9,2,67,,305246,9,0,9,1,23,,305259,9,0,9,2,60,,305247,9,0,9,1,17,,305278,9,0,9,1,15,,305260,9,0,9,2,14,,305248,9,0,9,1,54,,305279,9,0,9,1,14,,305261,9,0,9,2,14,,305249,9,0,9,1,13,,305280,9,0,9,1,13,,305262,9,0,9,2,54,,305250,9,0,9,1,14,,305281,9,0,9,1,16,,305263,9,0,9,2,15,,305251,9,0,9,1,56,,305282,9,0,9,1,17,,305264,9,0,9,2,14,,305293,9,0,9,2,14,,305252,9,0,9,1,53,,305283,9,0,9,1,13,,305265,9,0,9,2,14,,305294,9,0,9,2,14,,305253,9,0,9,1,53,,305284,9,0,9,1,12,,305266,9,0,9,2,12,,305295,9,0,9,2,12,,305254,9,0,9,1,12,,305285,9,0,9,1,51,,305267,9,0,9,2,11,,305296,9,0,9,2,11,,305255,9,0,9,1,11,,305286,9,0,9,1,13,,305268,9,0,9,2,54,,305297,9,0,9,2,13,,305256,9,0,9,1,13,,305287,9,0,9,1,13,,305269,9,0,9,2,56,,305298,9,0,9,2,16,,305288,9,0,9,1,12,,305270,9,0,9,2,9,,305303,9,0,9,1,9,,305301,9,0,9,2,9,,305299,9,0,9,2,52,,305289,9,0,9,1,13,,305304,9,0,9,1,13,,305302,9,0,9,2,15,,305290,9,0,9,1,60,,305305,9,0,9,1,21,,305291,9,0,9,1,16,,305300,9,0,9,2,56,,305306,9,0,9,1,19,,305292,9,0,9,1,28,,305307,9,0,9,1,70,,305272,9,0,9,1,31,,305308,9,0,9,1,67,,305273,9,0,9,1,24,,305309,9,0,9,1,19,,305274,9,0,9,1,60,,305310,9,0,9,1,33,,305275,9,0,9,1,59,,305271,9,0,9,1,19,,305276,9,0,9,1,82,,305277,9,0,9,1
6404,'H60S000S-83-S',514,,305315,9,0,9,1,8,,305317,9,0,9,2,10,,305319,9,0,9,1,12,,305338,9,0,9,1,12,,305316,9,0,9,1,51,,305346,9,0,9,2,11,,305350,9,0,9,1,10,,305320,9,0,9,1,11,,305352,9,0,9,1,11,,305360,9,0,9,2,50,,305351,9,0,9,1,7,,305362,9,0,9,2,6,,305363,9,0,9,2,6,,305364,9,0,9,1,5,,305336,9,0,9,1,4,,305367,9,0,9,2,4,,305368,9,0,9,2,6,,305361,9,0,9,2,5,,305369,9,0,9,2,4,,305370,9,0,9,2,3,,305347,9,0,9,2,7,,305381,9,0,9,1,48,,305365,9,0,9,1,8,,305386,9,0,9,1,9,,305311,9,0,9,1,11,,305371,9,0,9,1,11,,305348,9,0,9,2,11,,305382,9,0,9,1,52,,305312,9,0,9,1,11,,305372,9,0,9,1,11,,305349,9,0,9,2,10,,305383,9,0,9,1,11,,305313,9,0,9,1,55,,305373,9,0,9,1,16,,305384,9,0,9,1,14,,305314,9,0,9,1,14,,305374,9,0,9,1,56,,305385,9,0,9,1,10,,305321,9,0,9,1,10,,305353,9,0,9,1,12,,305375,9,0,9,1,12,,305328,9,0,9,1,52,,305322,9,0,9,1,14,,305354,9,0,9,1,10,,305376,9,0,9,1,10,,305329,9,0,9,1,12,,305323,9,0,9,1,11,,305335,9,0,9,1,51,,305355,9,0,9,1,11,,305377,9,0,9,1,12,,305330,9,0,9,1,10,,305324,9,0,9,1,11,,305356,9,0,9,1,51,,305378,9,0,9,1,11,,305331,9,0,9,1,10,,305325,9,0,9,1,12,,305357,9,0,9,1,11,,305379,9,0,9,1,52,,305332,9,0,9,1,13,,305326,9,0,9,1,12,,305358,9,0,9,1,12,,305380,9,0,9,1,16,,305333,9,0,9,1,54,,305327,9,0,9,1,11,,305359,9,0,9,1,12,,305393,9,0,9,2,16,,305334,9,0,9,1,60,,305337,9,0,9,1,20,,305318,9,0,9,2,20,,305339,9,0,9,1,65,,305395,9,0,9,2,24,,305340,9,0,9,1,65,,305396,9,0,9,2,28,,305341,9,0,9,1,28,,305343,9,0,9,1,70,,305366,9,0,9,1,28,,305391,9,0,9,1,68,,305387,9,0,9,1,27,,305392,9,0,9,1,65,,305388,9,0,9,1,26,,305390,9,0,9,1,71,,305389,9,0,9,1,31,,305342,9,0,9,1,70,,305344,9,0,9,1,27,,305394,9,0,9,2,67,,305345,9,0,9,1
6404,'H60S100F-80-F1',517,,305403,9,0,9,1,32,,305419,9,0,9,1,73,,305421,9,0,9,2,32,,305435,9,0,9,1,71,,305422,9,0,9,2,30,,305436,9,0,9,1,67,,305423,9,0,9,2,23,,305437,9,0,9,1,60,,305424,9,0,9,2,17,,305404,9,0,9,1,15,,305438,9,0,9,1,14,,305425,9,0,9,2,54,,305405,9,0,9,1,14,,305439,9,0,9,1,14,,305426,9,0,9,2,13,,305406,9,0,9,1,13,,305440,9,0,9,1,54,,305427,9,0,9,2,14,,305407,9,0,9,1,16,,305441,9,0,9,1,15,,305428,9,0,9,2,56,,305408,9,0,9,1,17,,305442,9,0,9,1,13,,305451,9,0,9,2,13,,305429,9,0,9,2,54,,305409,9,0,9,1,13,,305443,9,0,9,1,15,,305452,9,0,9,2,15,,305430,9,0,9,2,52,,305410,9,0,9,1,12,,305444,9,0,9,1,12,,305453,9,0,9,2,12,,305431,9,0,9,2,12,,305411,9,0,9,1,51,,305445,9,0,9,1,11,,305454,9,0,9,2,11,,305432,9,0,9,2,11,,305412,9,0,9,1,13,,305446,9,0,9,1,54,,305455,9,0,9,2,13,,305433,9,0,9,2,13,,305413,9,0,9,1,13,,305447,9,0,9,1,56,,305456,9,0,9,2,16,,305414,9,0,9,1,12,,305448,9,0,9,1,9,,305459,9,0,9,1,9,,305457,9,0,9,2,9,,305434,9,0,9,1,52,,305415,9,0,9,1,13,,305460,9,0,9,1,13,,305458,9,0,9,2,15,,305416,9,0,9,1,60,,305461,9,0,9,1,21,,305417,9,0,9,1,16,,305465,9,0,9,1,56,,305462,9,0,9,1,19,,305418,9,0,9,1,28,,305463,9,0,9,1,70,,305397,9,0,9,1,31,,305464,9,0,9,1,67,,305398,9,0,9,1,24,,305449,9,0,9,1,19,,305399,9,0,9,1,60,,305450,9,0,9,1,33,,305400,9,0,9,1,59,,305420,9,0,9,1,19,,305401,9,0,9,1,82,,305402,9,0,9,1
6404,'H60S200F-80-F2',517,,305472,9,0,9,1,32,,305488,9,0,9,1,73,,305490,9,0,9,2,32,,305504,9,0,9,1,71,,305491,9,0,9,2,30,,305505,9,0,9,1,67,,305492,9,0,9,2,23,,305506,9,0,9,1,60,,305493,9,0,9,2,17,,305473,9,0,9,1,15,,305507,9,0,9,1,14,,305494,9,0,9,2,54,,305474,9,0,9,1,14,,305508,9,0,9,1,14,,305495,9,0,9,2,13,,305475,9,0,9,1,13,,305509,9,0,9,1,54,,305496,9,0,9,2,14,,305476,9,0,9,1,16,,305510,9,0,9,1,15,,305497,9,0,9,2,56,,305477,9,0,9,1,17,,305511,9,0,9,1,13,,305520,9,0,9,2,13,,305498,9,0,9,2,54,,305478,9,0,9,1,13,,305512,9,0,9,1,15,,305521,9,0,9,2,15,,305499,9,0,9,2,52,,305479,9,0,9,1,12,,305513,9,0,9,1,12,,305522,9,0,9,2,12,,305500,9,0,9,2,12,,305480,9,0,9,1,51,,305514,9,0,9,1,11,,305523,9,0,9,2,11,,305501,9,0,9,2,11,,305481,9,0,9,1,13,,305515,9,0,9,1,54,,305524,9,0,9,2,13,,305502,9,0,9,2,13,,305482,9,0,9,1,13,,305516,9,0,9,1,56,,305525,9,0,9,2,16,,305483,9,0,9,1,12,,305517,9,0,9,1,9,,305528,9,0,9,1,9,,305526,9,0,9,2,9,,305503,9,0,9,1,52,,305484,9,0,9,1,13,,305529,9,0,9,1,13,,305527,9,0,9,2,15,,305485,9,0,9,1,60,,305530,9,0,9,1,21,,305486,9,0,9,1,16,,305534,9,0,9,1,56,,305531,9,0,9,1,19,,305487,9,0,9,1,28,,305532,9,0,9,1,70,,305466,9,0,9,1,31,,305533,9,0,9,1,67,,305467,9,0,9,1,24,,305518,9,0,9,1,19,,305468,9,0,9,1,60,,305519,9,0,9,1,33,,305469,9,0,9,1,59,,305489,9,0,9,1,19,,305470,9,0,9,1,82,,305471,9,0,9,1
38201,'H60S000A-80-A',2639,,347353,77,0,5,1,85,,347355,77,0,5,1,85,,347354,77,0,5,1,45,,347356,77,0,5,1
38201,'H60S000I-81-I',2639,,347357,77,0,5,1,85,,347360,77,0,5,1,85,,347359,77,0,5,1,45,,347358,77,0,5,1
38201,'H60S000S-83-S',2632,,347362,77,0,5,1,90,,347363,77,0,5,1,85,,347361,77,0,5,2,49,,347364,77,0,5,1
38201,'H60S100F-80-F1',2639,,347366,77,0,5,2,85,,347368,77,0,5,1,85,,347367,77,0,5,1,45,,347365,77,0,5,1
38201,'H60S200F-80-F2',2639,,347370,77,0,5,2,85,,347372,77,0,5,1,85,,347371,77,0,5,1,45,,347369,77,0,5,1
