13904,'H58S000A-80-A',529,,325593,41,0,9,1,28,,325616,41,0,9,2,64,,325620,41,0,9,1,22,,325589,41,0,9,2,15,,325594,41,0,9,1,51,,325618,41,0,9,1,11,,325609,41,0,9,1,11,,325617,41,0,9,2,9,,325604,41,0,9,1,9,,325628,41,0,9,2,10,,325621,41,0,9,1,52,,325619,41,0,9,1,13,,325590,41,0,9,2,15,,325595,41,0,9,1,20,,325610,41,0,9,1,70,,325605,41,0,9,1,30,,325622,41,0,9,1,72,,325596,41,0,9,1,71,,325611,41,0,9,1,30,,325606,41,0,9,1,71,,325623,41,0,9,1,31,,325597,41,0,9,1,71,,325612,41,0,9,1,31,,325607,41,0,9,1,70,,325624,41,0,9,1,30,,325598,41,0,9,1,70,,325613,41,0,9,1,29,,325608,41,0,9,1,70,,325625,41,0,9,1,30,,325599,41,0,9,1,70,,325614,41,0,9,1,27,,325633,41,0,9,1,69,,325586,41,0,9,2,23,,325600,41,0,9,1,27,,325615,41,0,9,1,69,,325591,41,0,9,2,30,,325587,41,0,9,2,70,,325601,41,0,9,1,30,,325630,41,0,9,2,70,,325592,41,0,9,2,29,,325588,41,0,9,2,69,,325629,41,0,9,1,28,,325602,41,0,9,1,68,,325626,41,0,9,2,31,,325631,41,0,9,2,71,,325603,41,0,9,1,31,,325627,41,0,9,2,73,,325632,41,0,9,2
13904,'H58S000I-80-I',529,,325635,41,0,9,2,30,,325648,41,0,9,1,61,,325652,41,0,9,1,21,,325645,41,0,9,2,60,,325636,41,0,9,2,17,,325661,41,0,9,1,15,,325649,41,0,9,1,15,,325667,41,0,9,2,55,,325653,41,0,9,1,15,,325651,41,0,9,2,23,,325637,41,0,9,2,66,,325662,41,0,9,1,26,,325668,41,0,9,2,69,,325654,41,0,9,1,27,,325638,41,0,9,2,71,,325663,41,0,9,1,28,,325669,41,0,9,2,73,,325655,41,0,9,1,32,,325639,41,0,9,2,68,,325664,41,0,9,1,30,,325670,41,0,9,2,71,,325656,41,0,9,1,29,,325640,41,0,9,2,70,,325665,41,0,9,1,30,,325671,41,0,9,2,71,,325657,41,0,9,1,26,,325641,41,0,9,2,29,,325666,41,0,9,1,69,,325672,41,0,9,2,31,,325658,41,0,9,1,69,,325642,41,0,9,2,29,,325676,41,0,9,2,68,,325673,41,0,9,2,28,,325659,41,0,9,1,69,,325643,41,0,9,2,29,,325677,41,0,9,2,65,,325674,41,0,9,2,25,,325660,41,0,9,1,65,,325644,41,0,9,2,26,,325678,41,0,9,2,26,,325675,41,0,9,2,64,,325650,41,0,9,1,27,,325647,41,0,9,1,68,,325646,41,0,9,1,30,,325634,41,0,9,1,72,,325679,41,0,9,2
13904,'H58S000S-83-S',531,,325687,41,0,9,1,75,,325696,41,0,9,2,35,,325681,41,0,9,1,71,,325690,41,0,9,2,34,,325688,41,0,9,1,72,,325697,41,0,9,2,29,,325682,41,0,9,1,66,,325691,41,0,9,2,30,,325689,41,0,9,1,70,,325698,41,0,9,2,30,,325683,41,0,9,1,69,,325692,41,0,9,2,30,,325713,41,0,9,1,71,,325699,41,0,9,2,30,,325684,41,0,9,1,71,,325693,41,0,9,2,32,,325714,41,0,9,1,72,,325700,41,0,9,2,32,,325685,41,0,9,1,70,,325694,41,0,9,2,32,,325715,41,0,9,1,75,,325701,41,0,9,2,32,,325686,41,0,9,1,71,,325695,41,0,9,2,70,,325716,41,0,9,1,28,,325705,41,0,9,1,26,,325702,41,0,9,2,65,,325708,41,0,9,1,27,,325717,41,0,9,1,68,,325706,41,0,9,1,29,,325703,41,0,9,2,69,,325709,41,0,9,1,30,,325718,41,0,9,1,70,,325707,41,0,9,1,30,,325704,41,0,9,2,68,,325710,41,0,9,1,26,,325719,41,0,9,2,70,,325712,41,0,9,1,29,,325680,41,0,9,1,66,,325711,41,0,9,1,20,,325720,41,0,9,2
13904,'H58S100F-80-F1',529,,325721,41,0,9,1,30,,325741,41,0,9,1,61,,325744,41,0,9,2,21,,325754,41,0,9,2,60,,325722,41,0,9,1,17,,325757,41,0,9,2,15,,325742,41,0,9,1,15,,325732,41,0,9,1,55,,325745,41,0,9,2,15,,325743,41,0,9,2,23,,325723,41,0,9,1,66,,325758,41,0,9,2,26,,325733,41,0,9,1,69,,325746,41,0,9,2,27,,325724,41,0,9,1,71,,325759,41,0,9,2,28,,325734,41,0,9,1,73,,325747,41,0,9,2,32,,325725,41,0,9,1,68,,325760,41,0,9,2,30,,325735,41,0,9,1,71,,325748,41,0,9,2,29,,325726,41,0,9,1,70,,325761,41,0,9,2,30,,325736,41,0,9,1,71,,325749,41,0,9,2,26,,325727,41,0,9,1,29,,325762,41,0,9,2,69,,325737,41,0,9,1,31,,325750,41,0,9,2,69,,325728,41,0,9,1,29,,325763,41,0,9,2,68,,325738,41,0,9,1,28,,325751,41,0,9,2,69,,325729,41,0,9,1,29,,325764,41,0,9,2,65,,325739,41,0,9,1,25,,325752,41,0,9,2,65,,325730,41,0,9,1,26,,325755,41,0,9,1,26,,325765,41,0,9,2,64,,325753,41,0,9,2,27,,325766,41,0,9,2,68,,325740,41,0,9,1,30,,325731,41,0,9,2,72,,325756,41,0,9,1
13904,'H58S200F-80-F2',529,,325770,41,0,9,1,30,,325808,41,0,9,1,61,,325780,41,0,9,2,21,,325768,41,0,9,2,60,,325771,41,0,9,1,17,,325799,41,0,9,2,15,,325809,41,0,9,1,15,,325790,41,0,9,1,55,,325781,41,0,9,2,15,,325769,41,0,9,2,23,,325772,41,0,9,1,66,,325800,41,0,9,2,26,,325791,41,0,9,1,69,,325782,41,0,9,2,27,,325773,41,0,9,1,71,,325801,41,0,9,2,28,,325792,41,0,9,1,73,,325783,41,0,9,2,32,,325774,41,0,9,1,68,,325802,41,0,9,2,30,,325793,41,0,9,1,71,,325784,41,0,9,2,29,,325775,41,0,9,1,70,,325803,41,0,9,2,30,,325794,41,0,9,1,71,,325785,41,0,9,2,26,,325776,41,0,9,1,29,,325804,41,0,9,2,69,,325795,41,0,9,1,31,,325786,41,0,9,2,69,,325777,41,0,9,1,29,,325805,41,0,9,2,68,,325796,41,0,9,1,28,,325787,41,0,9,2,69,,325778,41,0,9,1,29,,325806,41,0,9,2,65,,325797,41,0,9,1,25,,325788,41,0,9,2,65,,325779,41,0,9,1,26,,325810,41,0,9,1,26,,325807,41,0,9,2,64,,325789,41,0,9,2,27,,325812,41,0,9,2,68,,325798,41,0,9,1,30,,325767,41,0,9,2,72,,325811,41,0,9,1
43904,'H58S000A-80-A',834,,348499,24,0,121,1,20,,348502,36,0,121,1,51,,348519,24,0,121,1,10,,348513,36,0,121,1,11,,348526,36,0,121,1,6,,348548,24,0,121,1,6,,348542,36,0,121,1,10,,348554,36,0,121,1,11,,348523,24,0,121,1,49,,348508,36,0,121,1,6,,348564,24,0,121,1,10,,348530,36,0,121,1,16,,348536,36,0,121,1,6,,348500,24,0,121,1,9,,348559,36,0,121,1,56,,348503,36,0,121,1,6,,348520,24,0,121,1,9,,348514,36,0,121,1,13,,348570,36,0,121,1,8,,348555,24,0,121,1,7,,348575,36,0,121,1,53,,348543,36,0,121,1,8,,348579,24,0,121,1,7,,348524,36,0,121,1,8,,348509,36,0,121,1,13,,348531,36,0,121,1,5,,348565,24,0,121,1,7,,348550,36,0,121,1,52,,348501,36,0,121,1,7,,348560,24,0,121,1,8,,348556,36,0,121,1,8,,348528,36,0,121,1,13,,348521,36,0,121,1,5,,348585,24,0,121,1,7,,348544,36,0,121,1,58,,348571,36,0,121,1,8,,348580,24,0,121,1,7,,348576,36,0,121,1,12,,348525,36,0,121,1,7,,348532,24,0,121,1,7,,348510,36,0,121,1,54,,348566,36,0,121,1,8,,348561,24,0,121,1,9,,348551,36,0,121,1,17,,348557,36,0,121,1,5,,348522,24,0,121,1,7,,348516,36,0,121,1,47,,348586,36,0,121,1,8,,348529,24,0,121,1,7,,348545,36,0,121,1,15,,348572,36,0,121,1,8,,348533,24,0,121,1,6,,348581,36,0,121,1,56,,348577,36,0,121,1,9,,348567,24,0,121,1,9,,348511,36,0,121,1,10,,348562,36,0,121,1,8,,348558,24,0,121,1,8,,348552,36,0,121,1,10,,348590,36,0,121,1,51,,348546,24,0,121,1,9,,348517,36,0,121,1,8,,348573,24,0,121,1,8,,348587,36,0,121,1,9,,348540,36,0,121,1,9,,348582,24,0,121,1,51,,348534,36,0,121,1,11,,348593,36,0,121,1,7,,348568,24,0,121,1,8,,348578,36,0,121,1,14,,348563,36,0,121,1,7,,348512,24,0,121,1,7,,348553,36,0,121,1,54,,348591,36,0,121,1,7,,348547,24,0,121,1,8,,348507,36,0,121,1,15,,348518,36,0,121,1,8,,348541,24,0,121,1,9,,348588,36,0,121,1,55,,348583,36,0,121,1,7,,348594,24,0,121,1,9,,348535,36,0,121,1,14,,348569,36,0,121,1
43904,'H58S000I-80-I',834,,348595,24,0,121,1,20,,348601,36,0,121,1,52,,348608,36,0,121,1,4,,348626,24,0,121,1,12,,348632,36,0,121,1,8,,348641,24,0,121,1,12,,348647,36,0,121,1,8,,348659,36,0,121,1,9,,348615,24,0,121,1,47,,348603,36,0,121,1,8,,348667,24,0,121,1,9,,348621,36,0,121,1,15,,348636,36,0,121,1,7,,348596,24,0,121,1,8,,348653,36,0,121,1,56,,348602,36,0,121,1,5,,348671,24,0,121,1,10,,348627,36,0,121,1,15,,348633,36,0,121,1,4,,348660,24,0,121,1,10,,348648,36,0,121,1,56,,348637,36,0,121,1,6,,348676,24,0,121,1,9,,348604,36,0,121,1,15,,348622,36,0,121,1,6,,348668,24,0,121,1,9,,348597,36,0,121,1,55,,348666,36,0,121,1,8,,348611,24,0,121,1,7,,348672,36,0,121,1,15,,348628,36,0,121,1,8,,348634,24,0,121,1,7,,348661,36,0,121,1,54,,348680,36,0,121,1,8,,348677,24,0,121,1,7,,348649,36,0,121,1,17,,348605,36,0,121,1,7,,348669,24,0,121,1,7,,348623,36,0,121,1,56,,348638,36,0,121,1,7,,348612,24,0,121,1,8,,348598,36,0,121,1,14,,348673,36,0,121,1,6,,348629,24,0,121,1,5,,348688,36,0,121,1,7,,348635,36,0,121,1,48,,348662,36,0,121,1,7,,348678,24,0,121,1,9,,348682,36,0,121,1,15,,348618,36,0,121,1,6,,348670,24,0,121,1,11,,348650,36,0,121,1,56,,348606,36,0,121,1,5,,348639,24,0,121,1,13,,348624,36,0,121,1,10,,348645,36,0,121,1,7,,348674,24,0,121,1,13,,348599,36,0,121,1,49,,348613,36,0,121,1,3,,348663,24,0,121,1,13,,348679,36,0,121,1,4,,348686,24,0,121,1,13,,348683,36,0,121,1,6,,348657,24,0,121,1,10,,348619,36,0,121,1,53,,348651,36,0,121,1,5,,348607,24,0,121,1,10,,348630,36,0,121,1,15,,348640,36,0,121,1,5,,348625,24,0,121,1,10,,348646,36,0,121,1,55,,348600,36,0,121,1,4,,348664,24,0,121,1,10,,348675,36,0,121,1,15,,348687,36,0,121,1,6,,348684,24,0,121,1,10,,348614,36,0,121,1,56,,348620,36,0,121,1,5,,348652,24,0,121,1,10,,348658,36,0,121,1,15,,348631,36,0,121,1
43904,'H58S000S-83-S',552,,348689,36,0,121,1,50,,348691,36,0,121,1,10,,348693,36,0,121,1,10,,348696,36,0,121,1,11,,348698,36,0,121,1,8,,348704,24,0,121,1,4,,348706,36,0,121,1,8,,348712,36,0,121,1,49,,348723,24,0,121,1,3,,348721,36,0,121,1,11,,348728,36,0,121,1,7,,348733,36,0,121,1,4,,348741,24,0,121,1,8,,348739,36,0,121,1,11,,348751,36,0,121,1,4,,348759,24,0,121,1,4,,348758,36,0,121,1,4,,348763,24,0,121,1,47,,348760,36,0,121,1,6,,348694,24,0,121,1,3,,348690,36,0,121,1,6,,348735,24,0,121,1,9,,348692,36,0,121,1,4,,348747,24,0,121,1,8,,348697,36,0,121,1,6,,348707,24,0,121,1,4,,348699,36,0,121,1,8,,348757,36,0,121,1,45,,348724,24,0,121,1,5,,348705,36,0,121,1,7,,348713,36,0,121,1,7,,348787,24,0,121,1,5,,348722,36,0,121,1,8,,348729,36,0,121,1,4,,348740,24,0,121,1,6,,348742,36,0,121,1,8,,348798,36,0,121,1,47,,348695,24,0,121,1,5,,348752,36,0,121,1,9,,348764,36,0,121,1,10,,348773,36,0,121,1,7,,348780,24,0,121,1,5,,348736,36,0,121,1,11,,348792,36,0,121,1,10,,348748,36,0,121,1,47,,348708,24,0,121,1,8,,348700,36,0,121,1,11,,348725,36,0,121,1,6,,348714,24,0,121,1,9,,348788,36,0,121,1,11,,348730,36,0,121,1,8,,348743,24,0,121,1,46,,348781,36,0,121,1,8,,348799,36,0,121,1,10,,348753,36,0,121,1,7,,348765,24,0,121,1,7,,348802,36,0,121,1,10,,348774,36,0,121,1,10,,348793,24,0,121,1,45,,348737,36,0,121,1,11,,348749,36,0,121,1,9,,348709,36,0,121,1,6,,348701,24,0,121,1,7,,348731,36,0,121,1,9,,348726,36,0,121,1,9,,348715,24,0,121,1,48,,348789,36,0,121,1,11,,348754,36,0,121,1,8,,348744,36,0,121,1,7,,348800,24,0,121,1,8,,348782,36,0,121,1,10,,348766,36,0,121,1,7,,348775,24,0,121,1,5,,348710,36,0,121,1,51,,348803,36,0,121,1,10,,348794,36,0,121,1,8,,348750,24,0,121,1,7,,348738,36,0,121,1,8,,348808,36,0,121,1,8,,348702,36,0,121,1,7,,348727,24,0,121,1,46,,348732,36,0,121,1,9,,348813,36,0,121,1,9,,348716,36,0,121,1,6,,348755,24,0,121,1,8,,348810,36,0,121,1,10,,348821,36,0,121,1,9,,348745,36,0,121,1,6,,348711,24,0,121,1,47,,348783,36,0,121,1,10,,348767,36,0,121,1,8,,348814,24,0,121,1,7,,348776,36,0,121,1,10,,348804,36,0,121,1,10,,348825,24,0,121,1,7,,348817,36,0,121,1,50,,348809,36,0,121,1,12,,348703,36,0,121,1,4,,348836,24,0,121,1,10,,348832,36,0,121,1,12,,348717,36,0,121,1,5,,348826,24,0,121,1,50,,348811,36,0,121,1,12,,348822,36,0,121,1,7,,348829,24,0,121,1,12,,348768,36,0,121,1,12,,348815,36,0,121,1,6,,348805,24,0,121,1,52,,348777,36,0,121,1,11,,348818,36,0,121,1,12,,348833,24,0,121,1,16,,348837,36,0,121,1,8,,348718,24,0,121,1,62,,348827,36,0,121,1,8,,348823,24,0,121,1,22,,348830,36,0,121,1,8,,348806,24,0,121,1,61,,348816,36,0,121,1,9,,348819,24,0,121,1,20,,348834,36,0,121,1,10,,348719,24,0,121,1,60,,348812,36,0,121,1,9,,348769,24,0,121,1,20,,348824,36,0,121,1,9,,348831,24,0,121,1,60,,348807,36,0,121,1,10,,348820,24,0,121,1,20,,348828,36,0,121,1,10,,348835,24,0,121,1,56,,348720,36,0,121,1
43904,'H58S100F-80-F1',834,,348838,24,0,121,1,20,,348844,36,0,121,1,52,,348851,36,0,121,1,4,,348869,24,0,121,1,12,,348875,36,0,121,1,8,,348884,24,0,121,1,12,,348890,36,0,121,1,8,,348902,36,0,121,1,9,,348858,24,0,121,1,47,,348846,36,0,121,1,8,,348910,24,0,121,1,9,,348864,36,0,121,1,15,,348879,36,0,121,1,7,,348839,24,0,121,1,8,,348896,36,0,121,1,56,,348845,36,0,121,1,5,,348914,24,0,121,1,10,,348870,36,0,121,1,15,,348876,36,0,121,1,4,,348903,24,0,121,1,10,,348891,36,0,121,1,56,,348880,36,0,121,1,6,,348919,24,0,121,1,9,,348847,36,0,121,1,15,,348865,36,0,121,1,6,,348911,24,0,121,1,9,,348840,36,0,121,1,55,,348909,36,0,121,1,8,,348854,24,0,121,1,7,,348915,36,0,121,1,15,,348871,36,0,121,1,8,,348877,24,0,121,1,7,,348904,36,0,121,1,54,,348923,36,0,121,1,8,,348920,24,0,121,1,7,,348892,36,0,121,1,17,,348848,36,0,121,1,7,,348912,24,0,121,1,7,,348866,36,0,121,1,56,,348881,36,0,121,1,7,,348855,24,0,121,1,8,,348841,36,0,121,1,14,,348916,36,0,121,1,6,,348872,24,0,121,1,5,,348931,36,0,121,1,7,,348878,36,0,121,1,48,,348905,36,0,121,1,7,,348921,24,0,121,1,9,,348925,36,0,121,1,15,,348861,36,0,121,1,6,,348913,24,0,121,1,11,,348893,36,0,121,1,56,,348849,36,0,121,1,5,,348882,24,0,121,1,13,,348867,36,0,121,1,10,,348888,36,0,121,1,7,,348917,24,0,121,1,13,,348842,36,0,121,1,49,,348856,36,0,121,1,3,,348906,24,0,121,1,13,,348922,36,0,121,1,4,,348929,24,0,121,1,13,,348926,36,0,121,1,6,,348900,24,0,121,1,10,,348862,36,0,121,1,53,,348894,36,0,121,1,5,,348850,24,0,121,1,10,,348873,36,0,121,1,15,,348883,36,0,121,1,5,,348868,24,0,121,1,10,,348889,36,0,121,1,55,,348843,36,0,121,1,4,,348907,24,0,121,1,10,,348918,36,0,121,1,15,,348930,36,0,121,1,6,,348927,24,0,121,1,10,,348857,36,0,121,1,56,,348863,36,0,121,1,5,,348895,24,0,121,1,10,,348901,36,0,121,1,15,,348874,36,0,121,1
43904,'H58S200F-80-F2',834,,348932,24,0,121,1,20,,348938,36,0,121,1,52,,348940,36,0,121,1,4,,348958,24,0,121,1,12,,348964,36,0,121,1,8,,348978,24,0,121,1,12,,348984,36,0,121,1,8,,348990,36,0,121,1,9,,348952,24,0,121,1,47,,348947,36,0,121,1,8,,349004,24,0,121,1,9,,348968,36,0,121,1,15,,348973,36,0,121,1,7,,348933,24,0,121,1,8,,348996,36,0,121,1,56,,348939,36,0,121,1,5,,349008,24,0,121,1,10,,348959,36,0,121,1,15,,348965,36,0,121,1,4,,348991,24,0,121,1,10,,348985,36,0,121,1,56,,348974,36,0,121,1,6,,349013,24,0,121,1,9,,348948,36,0,121,1,15,,348969,36,0,121,1,6,,349005,24,0,121,1,9,,348934,36,0,121,1,55,,349003,36,0,121,1,8,,348943,24,0,121,1,7,,349009,36,0,121,1,15,,348960,36,0,121,1,8,,348966,24,0,121,1,7,,348992,36,0,121,1,54,,349017,36,0,121,1,8,,349014,24,0,121,1,7,,348986,36,0,121,1,17,,348949,36,0,121,1,7,,349006,24,0,121,1,7,,348970,36,0,121,1,56,,348975,36,0,121,1,7,,348944,24,0,121,1,8,,348935,36,0,121,1,14,,349010,36,0,121,1,6,,348961,24,0,121,1,5,,349022,36,0,121,1,7,,348967,36,0,121,1,48,,348993,36,0,121,1,7,,349015,24,0,121,1,9,,349019,36,0,121,1,15,,348955,36,0,121,1,6,,349007,24,0,121,1,11,,348987,36,0,121,1,56,,348950,36,0,121,1,5,,348976,24,0,121,1,13,,348971,36,0,121,1,10,,348982,36,0,121,1,7,,349011,24,0,121,1,13,,348936,36,0,121,1,49,,348945,36,0,121,1,3,,348994,24,0,121,1,13,,349016,36,0,121,1,4,,349024,24,0,121,1,13,,349020,36,0,121,1,6,,349000,24,0,121,1,10,,348956,36,0,121,1,53,,348988,36,0,121,1,5,,348951,24,0,121,1,10,,348962,36,0,121,1,15,,348977,36,0,121,1,5,,348972,24,0,121,1,10,,348983,36,0,121,1,55,,348937,36,0,121,1,4,,348995,24,0,121,1,10,,349012,36,0,121,1,15,,349025,36,0,121,1,6,,349021,24,0,121,1,10,,348946,36,0,121,1,56,,348957,36,0,121,1,5,,348989,24,0,121,1,10,,349001,36,0,121,1,15,,348963,36,0,121,1
