1602,'H50S000A-82-A',618,,289521,30,0,10,2,30,,289546,30,0,10,1,70,,289522,30,0,10,2,30,,289547,30,0,10,1,70,,289523,30,0,10,2,31,,289548,30,0,10,1,72,,289524,30,0,10,2,32,,289549,30,0,10,1,72,,289525,30,0,10,2,31,,289550,30,0,10,1,70,,289526,30,0,10,2,30,,289535,30,0,10,1,71,,289551,30,0,10,1,29,,289527,30,0,10,2,69,,289536,30,0,10,1,31,,289552,30,0,10,1,69,,289528,30,0,10,2,30,,289537,30,0,10,1,69,,289540,30,0,10,1,29,,289529,30,0,10,2,69,,289538,30,0,10,1,30,,289541,30,0,10,1,70,,289530,30,0,10,2,27,,289539,30,0,10,1,71,,289542,30,0,10,1,31,,289531,30,0,10,2,72,,289543,30,0,10,1,32,,289532,30,0,10,2,69,,289544,30,0,10,1,30,,289533,30,0,10,2,69,,289545,30,0,10,1,29,,289534,30,0,10,2
1602,'H50S000I-82-I',620,,289561,30,0,10,2,29,,289572,30,0,10,1,68,,289562,30,0,10,2,30,,289573,30,0,10,1,68,,289563,30,0,10,2,31,,289574,30,0,10,1,70,,289564,30,0,10,2,31,,289575,30,0,10,1,74,,289565,30,0,10,2,32,,289576,30,0,10,1,73,,289566,30,0,10,2,33,,289577,30,0,10,1,74,,289567,30,0,10,2,68,,289553,30,0,10,2,27,,289578,30,0,10,1,27,,289568,30,0,10,2,65,,289554,30,0,10,2,27,,289579,30,0,10,1,67,,289569,30,0,10,2,27,,289555,30,0,10,2,67,,289580,30,0,10,1,27,,289570,30,0,10,2,67,,289556,30,0,10,2,25,,289581,30,0,10,1,27,,289571,30,0,10,2,67,,289557,30,0,10,2,31,,289582,30,0,10,1,71,,289558,30,0,10,2,29,,289583,30,0,10,1,71,,289559,30,0,10,2,31,,289584,30,0,10,1,69,,289560,30,0,10,2,29,,289585,30,0,10,1
1602,'H50S000S-82-S',620,,289595,30,0,10,2,33,,289606,30,0,10,1,76,,289586,30,0,10,2,71,,289596,30,0,10,2,23,,289617,30,0,10,2,23,,289607,30,0,10,1,62,,289587,30,0,10,2,29,,289597,30,0,10,2,73,,289608,30,0,10,1,30,,289588,30,0,10,2,71,,289598,30,0,10,2,31,,289609,30,0,10,1,72,,289589,30,0,10,2,31,,289599,30,0,10,2,70,,289610,30,0,10,1,32,,289590,30,0,10,2,70,,289600,30,0,10,2,30,,289611,30,0,10,1,75,,289591,30,0,10,2,33,,289601,30,0,10,2,74,,289612,30,0,10,1,72,,289592,30,0,10,2,31,,289602,30,0,10,2,72,,289613,30,0,10,1,24,,289593,30,0,10,2,26,,289603,30,0,10,2,65,,289614,30,0,10,1,27,,289594,30,0,10,2,72,,289604,30,0,10,2,31,,289615,30,0,10,1,72,,289605,30,0,10,2,30,,289616,30,0,10,1
1602,'H50S100F-80-F1',620,,289626,30,0,10,2,29,,289637,30,0,10,1,68,,289627,30,0,10,2,30,,289638,30,0,10,1,68,,289628,30,0,10,2,31,,289639,30,0,10,1,70,,289629,30,0,10,2,31,,289640,30,0,10,1,74,,289630,30,0,10,2,32,,289641,30,0,10,1,73,,289631,30,0,10,2,33,,289642,30,0,10,1,74,,289632,30,0,10,2,68,,289618,30,0,10,2,27,,289643,30,0,10,1,27,,289633,30,0,10,2,65,,289619,30,0,10,2,27,,289644,30,0,10,1,67,,289634,30,0,10,2,27,,289620,30,0,10,2,67,,289645,30,0,10,1,27,,289635,30,0,10,2,67,,289621,30,0,10,2,25,,289646,30,0,10,1,27,,289636,30,0,10,2,67,,289622,30,0,10,2,31,,289647,30,0,10,1,71,,289623,30,0,10,2,29,,289648,30,0,10,1,71,,289624,30,0,10,2,31,,289649,30,0,10,1,69,,289625,30,0,10,2,29,,289650,30,0,10,1
1602,'H50S200F-80-F2',620,,289659,30,0,10,2,29,,289670,30,0,10,1,68,,289660,30,0,10,2,30,,289671,30,0,10,1,68,,289661,30,0,10,2,31,,289672,30,0,10,1,70,,289662,30,0,10,2,31,,289673,30,0,10,1,74,,289663,30,0,10,2,32,,289674,30,0,10,1,73,,289664,30,0,10,2,33,,289675,30,0,10,1,74,,289665,30,0,10,2,68,,289651,30,0,10,2,27,,289676,30,0,10,1,27,,289666,30,0,10,2,65,,289652,30,0,10,2,27,,289677,30,0,10,1,67,,289667,30,0,10,2,27,,289653,30,0,10,2,67,,289678,30,0,10,1,27,,289668,30,0,10,2,67,,289654,30,0,10,2,25,,289679,30,0,10,1,27,,289669,30,0,10,2,67,,289655,30,0,10,2,31,,289680,30,0,10,1,71,,289656,30,0,10,2,29,,289681,30,0,10,1,71,,289657,30,0,10,2,31,,289682,30,0,10,1,69,,289658,30,0,10,2,29,,289683,30,0,10,1
12804,'H50S000A-82-A',621,,323400,31,0,9,1,27,,323394,31,0,9,2,68,,323416,31,0,9,2,30,,323411,31,0,9,1,73,,323395,31,0,9,2,30,,323429,31,0,9,1,75,,323417,31,0,9,2,35,,323412,31,0,9,1,69,,323396,31,0,9,2,31,,323421,31,0,9,1,70,,323425,31,0,9,2,72,,323401,31,0,9,1,31,,323413,31,0,9,1,70,,323405,31,0,9,2,29,,323418,31,0,9,2,70,,323408,31,0,9,1,31,,323397,31,0,9,2,70,,323422,31,0,9,1,29,,323426,31,0,9,2,69,,323402,31,0,9,1,25,,323414,31,0,9,1,75,,323406,31,0,9,2,24,,323419,31,0,9,2,25,,323409,31,0,9,1,76,,323398,31,0,9,2,28,,323423,31,0,9,1,67,,323427,31,0,9,2,29,,323403,31,0,9,1,68,,323415,31,0,9,1,29,,323407,31,0,9,2,73,,323420,31,0,9,2,28,,323410,31,0,9,1,69,,323399,31,0,9,2,30,,323424,31,0,9,1,71,,323428,31,0,9,2,31,,323404,31,0,9,1
12804,'H50S000I-82-I',621,,323430,31,0,9,2,28,,323431,31,0,9,1,65,,323457,31,0,9,1,32,,323437,31,0,9,2,72,,323446,31,0,9,1,31,,323442,31,0,9,1,72,,323454,31,0,9,2,30,,323451,31,0,9,2,72,,323432,31,0,9,1,30,,323458,31,0,9,1,68,,323438,31,0,9,2,30,,323447,31,0,9,1,70,,323443,31,0,9,1,30,,323455,31,0,9,2,77,,323452,31,0,9,2,74,,323433,31,0,9,1,30,,323459,31,0,9,1,71,,323439,31,0,9,2,32,,323448,31,0,9,1,67,,323453,31,0,9,2,23,,323434,31,0,9,1,33,,323460,31,0,9,1,72,,323440,31,0,9,2,70,,323449,31,0,9,1,29,,323463,31,0,9,2,29,,323444,31,0,9,1,68,,323456,31,0,9,2,30,,323435,31,0,9,1,69,,323461,31,0,9,1,33,,323441,31,0,9,2,70,,323450,31,0,9,1,27,,323464,31,0,9,2,69,,323445,31,0,9,1,31,,323465,31,0,9,1,67,,323436,31,0,9,1,23,,323462,31,0,9,1
12804,'H50S000S-82-S',550,,323466,31,0,9,1,79,,323467,31,0,9,2,28,,323468,31,0,9,1,82,,323499,31,0,9,1,75,,323470,31,0,9,1,33,,323492,31,0,9,1,70,,323486,31,0,9,1,26,,323481,31,0,9,1,68,,323500,31,0,9,1,31,,323471,31,0,9,1,66,,323493,31,0,9,1,26,,323487,31,0,9,1,71,,323482,31,0,9,1,37,,323501,31,0,9,1,65,,323472,31,0,9,1,28,,323494,31,0,9,1,78,,323488,31,0,9,1,33,,323483,31,0,9,1,65,,323474,31,0,9,2,40,,323473,31,0,9,1,78,,323469,31,0,9,1,77,,323489,31,0,9,1,36,,323484,31,0,9,1,71,,323478,31,0,9,1,23,,323498,31,0,9,1,20,,323496,31,0,9,1,67,,323475,31,0,9,1,26,,323490,31,0,9,1,65,,323485,31,0,9,1,28,,323479,31,0,9,1,71,,323497,31,0,9,1,37,,323476,31,0,9,1,70,,323491,31,0,9,1,31,,323480,31,0,9,1,68,,323495,31,0,9,1,29,,323477,31,0,9,1
12804,'H50S100F-80-F1',621,,323502,31,0,9,2,28,,323503,31,0,9,1,65,,323529,31,0,9,1,32,,323509,31,0,9,2,72,,323518,31,0,9,1,31,,323514,31,0,9,1,72,,323526,31,0,9,2,30,,323523,31,0,9,2,72,,323504,31,0,9,1,30,,323530,31,0,9,1,68,,323510,31,0,9,2,30,,323519,31,0,9,1,70,,323515,31,0,9,1,30,,323527,31,0,9,2,77,,323524,31,0,9,2,74,,323505,31,0,9,1,30,,323531,31,0,9,1,71,,323511,31,0,9,2,32,,323520,31,0,9,1,67,,323525,31,0,9,2,23,,323506,31,0,9,1,33,,323532,31,0,9,1,72,,323512,31,0,9,2,70,,323521,31,0,9,1,29,,323535,31,0,9,2,29,,323516,31,0,9,1,68,,323528,31,0,9,2,30,,323507,31,0,9,1,69,,323533,31,0,9,1,33,,323513,31,0,9,2,70,,323522,31,0,9,1,27,,323536,31,0,9,2,69,,323517,31,0,9,1,31,,323537,31,0,9,1,67,,323508,31,0,9,1,23,,323534,31,0,9,1
12804,'H50S200F-80-F2',621,,323538,31,0,9,2,28,,323539,31,0,9,1,65,,323565,31,0,9,1,32,,323545,31,0,9,2,72,,323554,31,0,9,1,31,,323550,31,0,9,1,72,,323562,31,0,9,2,30,,323559,31,0,9,2,72,,323540,31,0,9,1,30,,323566,31,0,9,1,68,,323546,31,0,9,2,30,,323555,31,0,9,1,70,,323551,31,0,9,1,30,,323563,31,0,9,2,77,,323560,31,0,9,2,74,,323541,31,0,9,1,30,,323567,31,0,9,1,71,,323547,31,0,9,2,32,,323556,31,0,9,1,67,,323561,31,0,9,2,23,,323542,31,0,9,1,33,,323568,31,0,9,1,72,,323548,31,0,9,2,70,,323557,31,0,9,1,29,,323571,31,0,9,2,29,,323552,31,0,9,1,68,,323564,31,0,9,2,30,,323543,31,0,9,1,69,,323569,31,0,9,1,33,,323549,31,0,9,2,70,,323558,31,0,9,1,27,,323572,31,0,9,2,69,,323553,31,0,9,1,31,,323573,31,0,9,1,67,,323544,31,0,9,1,23,,323570,31,0,9,1
12804,'H60S000S-83-S',604,,323574,31,0,9,1
