4102,'H58S000S-83-S',602,,297644,35,0,10,1,22,,297639,35,0,10,1,21,,297638,35,0,10,1,62,,297640,35,0,10,2,30,,297654,35,0,10,1,65,,297663,35,0,10,2,24,,297645,35,0,10,1,21,,297651,35,0,10,1,59,,297660,35,0,10,2,20,,297665,35,0,10,2,23,,297641,35,0,10,2,69,,297655,35,0,10,1,30,,297646,35,0,10,1,68,,297642,35,0,10,1,29,,297666,35,0,10,2,69,,297652,35,0,10,1,26,,297656,35,0,10,1,67,,297647,35,0,10,1,33,,297643,35,0,10,1,73,,297667,35,0,10,2,31,,297653,35,0,10,1,71,,297657,35,0,10,1,29,,297672,10,0,10,2,4,,297648,35,0,10,1,67,,297661,35,0,10,2,31,,297668,35,0,10,2,71,,297649,35,0,10,1,27,,297670,35,0,10,1,68,,297658,35,0,10,1,28,,297673,35,0,10,2,66,,297662,35,0,10,2,22,,297669,35,0,10,2,22,,297650,35,0,10,1,60,,297671,35,0,10,1,26,,297659,35,0,10,1,69,,297674,35,0,10,2,30,,297664,35,0,10,1
4102,'H58S100F-80-F1',647,,297678,35,0,10,1,73,,297677,35,0,10,2,32,,297680,35,0,10,2,71,,297682,35,0,10,1,29,,297683,35,0,10,1,66,,297684,35,0,10,2,24,,297679,35,0,10,1,572,,297675,35,0,10,1,30,,297685,35,0,10,2,68,,297687,35,0,10,1,31,,297690,35,0,10,2,70,,297691,35,0,10,2,29,,297681,35,0,10,2,67,,297676,35,0,10,1,29,,297686,35,0,10,2,70,,297688,35,0,10,1,22,,297689,35,0,10,2
4102,'H58S200F-80-F2',647,,297692,35,0,10,1,73,,297706,35,0,10,2,32,,297694,35,0,10,2,71,,297703,35,0,10,1,29,,297695,35,0,10,1,66,,297696,35,0,10,2,24,,297693,35,0,10,1,572,,297707,35,0,10,1,30,,297697,35,0,10,2,68,,297699,35,0,10,1,31,,297701,35,0,10,2,70,,297702,35,0,10,2,29,,297704,35,0,10,2,67,,297708,35,0,10,1,29,,297698,35,0,10,2,70,,297700,35,0,10,1,22,,297705,35,0,10,2
12102,'H58S000A-80-A',451,,321336,3,0,10,1,67,,321342,3,0,10,1,28,,321340,3,0,10,1,65,,321337,3,0,10,1,25,,321348,3,0,10,1,65,,321343,3,0,10,1,24,,321341,3,0,10,1,25,,321338,3,0,10,1,63,,321354,3,0,10,1,18,,321349,3,0,10,1,17,,321379,3,0,10,1,55,,321344,3,0,10,1,15,,321363,3,0,10,1,16,,321355,3,0,10,1,15,,321371,3,0,10,1,56,,321339,3,0,10,1,16,,321350,3,0,10,1,15,,321360,3,0,10,1,14,,321380,3,0,10,1,54,,321356,3,0,10,1,14,,321345,3,0,10,1,15,,321364,3,0,10,1,15,,321372,3,0,10,1,55,,321387,3,0,10,1,14,,321351,3,0,10,1,14,,321361,3,0,10,1,13,,321397,3,0,10,1,12,,321381,3,0,10,1,52,,321357,3,0,10,1,11,,321346,3,0,10,1,12,,321394,3,0,10,1,12,,321365,3,0,10,1,13,,321373,3,0,10,1,52,,321388,3,0,10,1,12,,321352,3,0,10,1,11,,321401,3,0,10,1,11,,321362,3,0,10,1,10,,321398,3,0,10,1,51,,321382,3,0,10,1,11,,321358,3,0,10,1,13,,321347,3,0,10,1,13,,321395,3,0,10,1,14,,321366,3,0,10,1,54,,321374,3,0,10,1,15,,321389,3,0,10,1,15,,321353,3,0,10,1,13,,321402,3,0,10,1,53,,321399,3,0,10,1,13,,321383,3,0,10,1,15,,321359,3,0,10,1,15,,321396,3,0,10,1,56,,321367,3,0,10,1,17,,321375,3,0,10,1,17,,321390,3,0,10,1,64,,321400,3,0,10,1,26,,321384,3,0,10,1,30,,321368,3,0,10,1,70,,321376,3,0,10,1,30,,321391,3,0,10,1,72,,321385,3,0,10,1,30,,321369,3,0,10,1,70,,321377,3,0,10,1,71,,321392,3,0,10,1,31,,321386,3,0,10,1,71,,321370,3,0,10,1,31,,321378,3,0,10,1,73,,321393,3,0,10,1
12102,'H58S000I-80-I',451,,321403,3,0,10,1,69,,321422,3,0,10,1,29,,321411,3,0,10,1,70,,321404,3,0,10,1,30,,321423,3,0,10,1,69,,321412,3,0,10,1,25,,321429,3,0,10,1,64,,321405,3,0,10,1,25,,321424,3,0,10,1,24,,321413,3,0,10,1,64,,321439,3,0,10,1,22,,321430,3,0,10,1,58,,321406,3,0,10,1,19,,321425,3,0,10,1,17,,321453,3,0,10,1,16,,321449,3,0,10,1,56,,321414,3,0,10,1,18,,321440,3,0,10,1,18,,321431,3,0,10,1,58,,321407,3,0,10,1,17,,321426,3,0,10,1,14,,321442,3,0,10,1,13,,321454,3,0,10,1,12,,321450,3,0,10,1,52,,321415,3,0,10,1,13,,321456,3,0,10,1,14,,321441,3,0,10,1,14,,321432,3,0,10,1,55,,321408,3,0,10,1,15,,321427,3,0,10,1,14,,321443,3,0,10,1,14,,321451,3,0,10,1,55,,321455,3,0,10,1,16,,321416,3,0,10,1,16,,321457,3,0,10,1,18,,321433,3,0,10,1,58,,321409,3,0,10,1,18,,321428,3,0,10,1,17,,321444,3,0,10,1,56,,321452,3,0,10,1,18,,321417,3,0,10,1,20,,321458,3,0,10,1,60,,321434,3,0,10,1,22,,321410,3,0,10,1,25,,321445,3,0,10,1,70,,321418,3,0,10,1,31,,321459,3,0,10,1,71,,321435,3,0,10,1,33,,321446,3,0,10,1,71,,321419,3,0,10,1,32,,321460,3,0,10,1,71,,321436,3,0,10,1,32,,321447,3,0,10,1,72,,321420,3,0,10,1,72,,321437,3,0,10,1,32,,321448,3,0,10,1,72,,321421,3,0,10,1,24,,321438,3,0,10,1
12102,'H58S000S-83-S',451,,321468,3,0,10,1,49,,321476,3,0,10,1,9,,321487,3,0,10,1,9,,321503,3,0,10,1,9,,321511,3,0,10,1,9,,321513,3,0,10,1,9,,321474,3,0,10,1,9,,321461,3,0,10,1,48,,321519,3,0,10,1,7,,321493,3,0,10,1,8,,321521,3,0,10,1,8,,321523,3,0,10,1,8,,321530,3,0,10,1,6,,321536,3,0,10,1,5,,321469,3,0,10,1,5,,321542,3,0,10,1,6,,321477,3,0,10,1,46,,321544,3,0,10,1,5,,321488,3,0,10,1,5,,321545,3,0,10,1,5,,321546,3,0,10,1,6,,321504,3,0,10,1,5,,321512,3,0,10,1,5,,321547,3,0,10,1,6,,321514,3,0,10,1,6,,321548,3,0,10,1,6,,321475,3,0,10,1,7,,321462,3,0,10,1,46,,321520,3,0,10,1,10,,321522,3,0,10,1,11,,321524,3,0,10,1,10,,321531,3,0,10,1,9,,321537,3,0,10,1,11,,321470,3,0,10,1,50,,321478,3,0,10,1,11,,321489,3,0,10,1,12,,321505,3,0,10,1,12,,321550,3,0,10,1,12,,321515,3,0,10,1,52,,321463,3,0,10,1,12,,321495,3,0,10,1,12,,321525,3,0,10,1,12,,321532,3,0,10,1,12,,321538,3,0,10,1,52,,321471,3,0,10,1,12,,321479,3,0,10,1,12,,321490,3,0,10,1,11,,321506,3,0,10,1,10,,321551,3,0,10,1,10,,321516,3,0,10,1,51,,321464,3,0,10,1,11,,321496,3,0,10,1,11,,321526,3,0,10,1,12,,321533,3,0,10,1,11,,321539,3,0,10,1,51,,321472,3,0,10,1,10,,321552,3,0,10,1,10,,321480,3,0,10,1,10,,321491,3,0,10,1,10,,321507,3,0,10,1,12,,321517,3,0,10,1,52,,321465,3,0,10,1,12,,321497,3,0,10,1,11,,321527,3,0,10,1,11,,321534,3,0,10,1,12,,321540,3,0,10,1,48,,321563,3,0,10,1,10,,321473,3,0,10,1,9,,321553,3,0,10,1,8,,321572,3,0,10,1,9,,321481,3,0,10,1,9,,321492,3,0,10,1,8,,321568,3,0,10,1,47,,321535,3,0,10,1,3,,321508,3,0,10,1,8,,321518,3,0,10,1,8,,321466,3,0,10,1,8,,321498,3,0,10,1,10,,321570,3,0,10,1,10,,321528,3,0,10,1,50,,321561,3,0,10,1,10,,321541,3,0,10,1,10,,321559,3,0,10,1,11,,321564,3,0,10,1,12,,321554,3,0,10,1,12,,321482,3,0,10,1,52,,321569,3,0,10,1,12,,321509,3,0,10,1,12,,321467,3,0,10,1,12,,321499,3,0,10,1,12,,321529,3,0,10,1,52,,321562,3,0,10,1,12,,321560,3,0,10,1,11,,321565,3,0,10,1,11,,321555,3,0,10,1,12,,321483,3,0,10,1,64,,321510,3,0,10,1,28,,321500,3,0,10,1,67,,321566,3,0,10,1,25,,321556,3,0,10,1,64,,321484,3,0,10,1,29,,321501,3,0,10,1,70,,321567,3,0,10,1,29,,321557,3,0,10,1,71,,321485,3,0,10,1,32,,321502,3,0,10,1,73,,321558,3,0,10,1,26,,321486,3,0,10,1
12102,'H58S100F-80-F1',451,,321574,3,0,10,1,69,,321588,3,0,10,1,29,,321582,3,0,10,1,70,,321575,3,0,10,1,30,,321589,3,0,10,1,69,,321583,3,0,10,1,25,,321602,3,0,10,1,64,,321576,3,0,10,1,25,,321590,3,0,10,1,24,,321584,3,0,10,1,64,,321612,3,0,10,1,22,,321603,3,0,10,1,58,,321577,3,0,10,1,19,,321591,3,0,10,1,17,,321624,3,0,10,1,16,,321617,3,0,10,1,56,,321585,3,0,10,1,18,,321613,3,0,10,1,18,,321604,3,0,10,1,58,,321578,3,0,10,1,17,,321599,3,0,10,1,14,,321592,3,0,10,1,13,,321625,3,0,10,1,12,,321618,3,0,10,1,52,,321586,3,0,10,1,13,,321627,3,0,10,1,14,,321614,3,0,10,1,14,,321605,3,0,10,1,55,,321579,3,0,10,1,15,,321600,3,0,10,1,14,,321593,3,0,10,1,14,,321615,3,0,10,1,55,,321626,3,0,10,1,16,,321587,3,0,10,1,16,,321628,3,0,10,1,18,,321606,3,0,10,1,58,,321580,3,0,10,1,18,,321601,3,0,10,1,17,,321594,3,0,10,1,56,,321616,3,0,10,1,18,,321619,3,0,10,1,20,,321629,3,0,10,1,60,,321607,3,0,10,1,22,,321581,3,0,10,1,25,,321595,3,0,10,1,70,,321620,3,0,10,1,31,,321630,3,0,10,1,71,,321608,3,0,10,1,33,,321596,3,0,10,1,71,,321621,3,0,10,1,32,,321631,3,0,10,1,71,,321609,3,0,10,1,32,,321597,3,0,10,1,72,,321622,3,0,10,1,72,,321610,3,0,10,1,32,,321598,3,0,10,1,72,,321623,3,0,10,1,24,,321611,3,0,10,1
12102,'H58S200F-80-F2',451,,321637,3,0,10,1,69,,321651,3,0,10,1,29,,321645,3,0,10,1,70,,321638,3,0,10,1,30,,321652,3,0,10,1,69,,321646,3,0,10,1,25,,321662,3,0,10,1,64,,321639,3,0,10,1,25,,321653,3,0,10,1,24,,321647,3,0,10,1,64,,321672,3,0,10,1,22,,321663,3,0,10,1,58,,321640,3,0,10,1,19,,321654,3,0,10,1,17,,321682,3,0,10,1,16,,321675,3,0,10,1,56,,321648,3,0,10,1,18,,321673,3,0,10,1,18,,321664,3,0,10,1,58,,321641,3,0,10,1,17,,321632,3,0,10,1,14,,321655,3,0,10,1,13,,321683,3,0,10,1,12,,321676,3,0,10,1,52,,321649,3,0,10,1,13,,321685,3,0,10,1,14,,321674,3,0,10,1,14,,321665,3,0,10,1,55,,321642,3,0,10,1,15,,321633,3,0,10,1,14,,321656,3,0,10,1,14,,321635,3,0,10,1,55,,321684,3,0,10,1,16,,321650,3,0,10,1,16,,321686,3,0,10,1,18,,321666,3,0,10,1,58,,321643,3,0,10,1,18,,321634,3,0,10,1,17,,321657,3,0,10,1,56,,321636,3,0,10,1,18,,321677,3,0,10,1,20,,321687,3,0,10,1,60,,321667,3,0,10,1,22,,321644,3,0,10,1,25,,321658,3,0,10,1,70,,321678,3,0,10,1,31,,321688,3,0,10,1,71,,321668,3,0,10,1,33,,321659,3,0,10,1,71,,321679,3,0,10,1,32,,321689,3,0,10,1,71,,321669,3,0,10,1,32,,321660,3,0,10,1,72,,321680,3,0,10,1,72,,321670,3,0,10,1,32,,321661,3,0,10,1,72,,321681,3,0,10,1,24,,321671,3,0,10,1
37802,'H60S000A-80-A',2621,,347278,3,0,10,1,93,,347276,3,0,10,1,88,,347277,3,0,10,1
37802,'H60S000I-81-I',2621,,347280,3,0,10,1,91,,347281,3,0,10,1,90,,347279,3,0,10,1
37802,'H60S000S-83-S',2621,,347283,3,0,10,1,88,,347282,3,0,10,1,97,,347284,3,0,10,1
37802,'H60S100F-80-F1',2621,,347285,3,0,10,1,91,,347287,3,0,10,1,90,,347286,3,0,10,1
37802,'H60S200F-80-F2',2621,,347288,3,0,10,1,91,,347290,3,0,10,1,90,,347289,3,0,10,1
44002,'H58S000S-83-S',1551,,349048,14,0,99 31,1,65,,349057,14,0,99 31,1,34,,349059,14,0,99 31,2,72,,349061,14,0,99 31,2,34,,349058,14,0,99 31,1,72,,349060,14,0,99 31,2,74,,349043,14,0,99 31,1
