20202,'H60S000A-80-A',632,,340240,29,0,10,1,23,,340252,29,0,10,2,59,,340257,29,0,10,1,17,,340239,29,0,10,1,18,,340261,29,0,10,2,62,,340229,29,0,10,1,26,,340241,29,0,10,1,71,,340254,29,0,10,1,33,,340258,29,0,10,1,70,,340250,29,0,10,1,29,,340230,29,0,10,1,67,,340242,29,0,10,1,32,,340255,29,0,10,1,73,,340259,29,0,10,1,32,,340251,29,0,10,1,71,,340231,29,0,10,1,24,,340243,29,0,10,1,20,,340237,29,0,10,1,64,,340264,29,0,10,1,28,,340260,29,0,10,1,63,,340236,29,0,10,1,22,,340256,29,0,10,1,22,,340232,29,0,10,1,65,,340244,29,0,10,1,25,,340238,29,0,10,1,67,,340265,29,0,10,1,24,,340247,29,0,10,2,61,,340268,29,0,10,1,22,,340262,29,0,10,2,22,,340233,29,0,10,1,67,,340245,29,0,10,1,31,,340266,29,0,10,1,71,,340248,29,0,10,2,30,,340269,29,0,10,1,69,,340234,29,0,10,1,29,,340246,29,0,10,1,69,,340267,29,0,10,1,28,,340249,29,0,10,2,69,,340270,29,0,10,1,28,,340235,29,0,10,1,68,,340253,29,0,10,2,28,,340263,29,0,10,1
20202,'H60S000I-81-I',631,,340274,29,0,10,1,27,,340275,29,0,10,1,69,,340271,29,0,10,1,31,,340293,29,0,10,1,72,,340286,29,0,10,1,71,,340296,29,0,10,1,32,,340304,29,0,10,1,72,,340306,29,0,10,1,33,,340294,29,0,10,1,74,,340287,29,0,10,1,32,,340297,29,0,10,1,70,,340305,29,0,10,1,31,,340307,29,0,10,1,70,,340295,29,0,10,1,31,,340288,29,0,10,1,70,,340298,29,0,10,1,32,,340276,29,0,10,1,70,,340281,29,0,10,1,33,,340291,29,0,10,1,73,,340289,29,0,10,1,29,,340299,29,0,10,1,72,,340277,29,0,10,1,30,,340282,29,0,10,1,70,,340292,29,0,10,1,33,,340290,29,0,10,1,72,,340300,29,0,10,1,72,,340278,29,0,10,1,28,,340283,29,0,10,1,28,,340272,29,0,10,1,68,,340303,29,0,10,1,28,,340301,29,0,10,1,70,,340279,29,0,10,1,30,,340284,29,0,10,1,70,,340285,29,0,10,1,29,,340273,29,0,10,1,68,,340302,29,0,10,1,28,,340280,29,0,10,1
20202,'H60S000S-83-S',613,,340325,29,0,10,1,31,,340329,29,0,10,1,73,,340315,29,0,10,1,30,,340318,29,0,10,1,72,,340322,29,0,10,1,31,,340308,29,0,10,1,70,,340326,29,0,10,1,30,,340330,29,0,10,1,68,,340316,29,0,10,1,30,,340319,29,0,10,1,61,,340323,29,0,10,1,18,,340314,29,0,10,1,21,,340309,29,0,10,1,63,,340327,29,0,10,1,24,,340331,29,0,10,1,24,,340317,29,0,10,1,57,,340336,29,0,10,1,16,,340320,29,0,10,1,19,,340337,29,0,10,1,64,,340324,29,0,10,1,24,,340310,29,0,10,1,63,,340328,29,0,10,1,19,,340341,29,0,10,2,19,,340332,29,0,10,1,17,,340346,29,0,10,1,56,,340342,29,0,10,2,18,,340321,29,0,10,1,21,,340338,29,0,10,1,66,,340348,29,0,10,1,32,,340311,29,0,10,1,72,,340349,29,0,10,1,30,,340333,29,0,10,1,70,,340343,29,0,10,2,28,,340339,29,0,10,1,63,,340347,29,0,10,1,24,,340312,29,0,10,1,68,,340350,29,0,10,1,30,,340334,29,0,10,1,69,,340344,29,0,10,2,30,,340340,29,0,10,1,72,,340313,29,0,10,1,31,,340351,29,0,10,1,70,,340335,29,0,10,1,30,,340345,29,0,10,2
20202,'H60S100F-80-F1',631,,340357,29,0,10,1,27,,340362,29,0,10,1,69,,340352,29,0,10,1,31,,340376,29,0,10,2,72,,340373,29,0,10,1,71,,340377,29,0,10,2,32,,340380,29,0,10,1,72,,340378,29,0,10,1,33,,340353,29,0,10,1,74,,340358,29,0,10,2,32,,340363,29,0,10,1,70,,340374,29,0,10,1,31,,340379,29,0,10,1,70,,340354,29,0,10,1,31,,340359,29,0,10,2,70,,340364,29,0,10,1,32,,340381,29,0,10,1,70,,340369,29,0,10,2,33,,340375,29,0,10,1,73,,340360,29,0,10,2,29,,340365,29,0,10,1,72,,340382,29,0,10,1,30,,340370,29,0,10,2,70,,340386,29,0,10,1,33,,340361,29,0,10,2,72,,340366,29,0,10,1,72,,340383,29,0,10,1,28,,340371,29,0,10,2,28,,340355,29,0,10,1,68,,340387,29,0,10,2,28,,340367,29,0,10,1,70,,340384,29,0,10,1,30,,340372,29,0,10,2,70,,340356,29,0,10,1,29,,340388,29,0,10,2,68,,340368,29,0,10,1,28,,340385,29,0,10,1
20202,'H60S200F-80-F2',631,,340394,29,0,10,1,27,,340399,29,0,10,1,69,,340389,29,0,10,1,31,,340413,29,0,10,2,72,,340410,29,0,10,1,71,,340414,29,0,10,2,32,,340417,29,0,10,1,72,,340415,29,0,10,1,33,,340390,29,0,10,1,74,,340395,29,0,10,2,32,,340400,29,0,10,1,70,,340411,29,0,10,1,31,,340416,29,0,10,1,70,,340391,29,0,10,1,31,,340396,29,0,10,2,70,,340401,29,0,10,1,32,,340418,29,0,10,1,70,,340406,29,0,10,2,33,,340412,29,0,10,1,73,,340397,29,0,10,2,29,,340402,29,0,10,1,72,,340419,29,0,10,1,30,,340407,29,0,10,2,70,,340423,29,0,10,1,33,,340398,29,0,10,2,72,,340403,29,0,10,1,72,,340420,29,0,10,1,28,,340408,29,0,10,2,28,,340392,29,0,10,1,68,,340424,29,0,10,2,28,,340404,29,0,10,1,70,,340421,29,0,10,1,30,,340409,29,0,10,2,70,,340393,29,0,10,1,29,,340425,29,0,10,2,68,,340405,29,0,10,1,28,,340422,29,0,10,1
37802,'H60S000A-80-A',2656,,347278,55,0,10,1,94,,347276,55,0,10,1,88,,347277,55,0,10,1
37802,'H60S000I-81-I',2655,,347280,55,0,10,1,91,,347281,55,0,10,1,90,,347279,55,0,10,1
37802,'H60S000S-83-S',2655,,347283,55,0,10,1,90,,347282,55,0,10,1,99,,347284,55,0,10,1
37802,'H60S100F-80-F1',2655,,347285,55,0,10,1,91,,347287,55,0,10,1,90,,347286,55,0,10,1
37802,'H60S200F-80-F2',2655,,347288,55,0,10,1,91,,347290,55,0,10,1,90,,347289,55,0,10,1
46002,'H50S000S-82-S',619,,349350,29,0,10,1,99,,349349,29,0,10,2
46002,'H57S000S-80-S',604,,349351,29,0,10,1,5,,349352,29,0,10,2,14,,349353,29,0,10,1,7,,349354,29,0,10,2,22,,349356,20,0,10,1,7,,349355,29,0,10,1
46002,'H58S000S-83-S',554,,349357,29,0,10,1,5,,349358,29,0,10,2,47,,349359,29,0,10,2,8,,349361,29,0,10,1,12,,349363,29,0,10,1,8,,349364,29,0,10,1,5,,349365,29,0,10,1,4,,349367,29,0,10,2,4,,349369,29,0,10,2,62,,349371,29,0,10,2,16,,349379,20,0,10,2,5,,349373,29,0,10,2,5,,349374,29,0,10,2,5,,349375,29,0,10,2,3,,349376,29,0,10,2,3,,349377,29,0,10,2,3,,349378,29,0,10,2,3,,349368,7,0,10,2,3,,349362,29,0,10,2,45,,349381,29,0,10,2,5,,349385,20,0,10,2,6,,349382,29,0,10,1,8,,349383,29,0,10,2,4,,349387,20,0,10,2,5,,349380,7,0,10,2,7,,349360,7,0,10,2,7,,349386,29,0,10,2,2,,349389,20,0,10,2,10,,349388,29,0,10,2,59,,349384,29,0,10,2,21,,349366,29,0,10,1,25,,349370,29,0,10,2,62,,349372,29,0,10,2,587,,349393,28,0,10,2,28,,349396,28,0,10,2,72,,349392,28,0,10,2,31,,349391,28,0,10,1,69,,349395,28,0,10,2,26,,349398,28,0,10,2,69,,349390,28,0,10,1,27,,349394,28,0,10,1,26,,349397,28,0,10,2
46002,'H58S100F-80-F1',559,,349400,29,0,10,1,55,,349404,29,0,10,2,26,,349407,29,0,10,2,71,,349410,29,0,10,2,34,,349412,29,0,10,2,65,,349406,29,0,10,1,25,,349409,29,0,10,2,66,,349401,29,0,10,1,18,,349405,29,0,10,2,21,,349408,29,0,10,2,62,,349411,29,0,10,2,19,,349414,29,0,10,2,587,,349417,28,0,10,2,28,,349402,28,0,10,2,72,,349413,28,0,10,1,31,,349415,28,0,10,1,69,,349416,28,0,10,2,26,,349419,28,0,10,2,66,,349399,28,0,10,1,27,,349418,28,0,10,2,29,,349403,28,0,10,2
46002,'H58S200F-80-F2',559,,349423,29,0,10,1,55,,349427,29,0,10,2,26,,349429,29,0,10,2,71,,349432,29,0,10,2,34,,349434,29,0,10,2,65,,349439,29,0,10,1,25,,349431,29,0,10,2,66,,349424,29,0,10,1,18,,349428,29,0,10,2,21,,349430,29,0,10,2,62,,349433,29,0,10,2,19,,349420,29,0,10,2,587,,349437,28,0,10,2,28,,349421,28,0,10,2,72,,349426,28,0,10,1,31,,349435,28,0,10,1,69,,349436,28,0,10,2,26,,349440,28,0,10,2,66,,349425,28,0,10,1,27,,349438,28,0,10,2,29,,349422,28,0,10,2
46002,'H60S000S-83-S',832,,349441,29,0,10,2
