19603,'H56S000S-82-S',545,,338282,1,0,8,1
19603,'H58S000S-83-S',1536,,338283,1,0,8,2
19603,'H60S000S-83-S',605,,338304,1,0,8,2,25,,338307,1,0,8,1,24,,338294,1,0,8,1,61,,338305,1,0,8,2,19,,338306,1,0,8,2,20,,338310,1,0,8,1,60,,338287,1,0,8,1,18,,338308,1,0,8,1,22,,338295,1,0,8,1,66,,338317,1,0,8,1,30,,338311,1,0,8,1,68,,338288,1,0,8,1,28,,338296,1,0,8,1,67,,338318,1,0,8,1,27,,338312,1,0,8,1,67,,338289,1,0,8,1,30,,338297,1,0,8,1,69,,338319,1,0,8,1,29,,338313,1,0,8,1,23,,338290,1,0,8,1,55,,338323,1,0,8,1,8,,338284,1,0,8,1,8,,338325,1,0,8,2,8,,338326,1,0,8,1,6,,338298,1,0,8,1,5,,338327,1,0,8,2,5,,338329,1,0,8,2,6,,338309,1,0,8,1,46,,338332,1,0,8,2,5,,338334,1,0,8,1,6,,338340,1,0,8,2,6,,338320,1,0,8,1,7,,338346,1,0,8,2,14,,338314,1,0,8,1,5,,338347,1,0,8,2,5,,338348,1,0,8,2,6,,338291,1,0,8,1,48,,338345,1,0,8,2,7,,338342,1,0,8,2,6,,338330,1,0,8,2,6,,338285,1,0,8,1,10,,338286,1,0,8,1,10,,338299,1,0,8,1,10,,338328,1,0,8,2,50,,338303,1,0,8,1,10,,338335,1,0,8,1,9,,338292,1,0,8,1,11,,338351,1,0,8,2,10,,338315,1,0,8,1,12,,338321,1,0,8,1,58,,338343,1,0,8,2,26,,338300,1,0,8,1,66,,338336,1,0,8,1,25,,338339,1,0,8,1,68,,338322,1,0,8,1,30,,338337,1,0,8,1,70,,338331,1,0,8,1,30,,338301,1,0,8,1,70,,338333,1,0,8,1,29,,338293,1,0,8,1,22,,338302,1,0,8,1,55,,338316,1,0,8,1
19603,'H60S100F-80-F1',545,,338354,1,0,8,1,60,,338365,1,0,8,1,24,,338370,1,0,8,2,25,,338356,1,0,8,1,64,,338366,1,0,8,2,21,,338378,1,0,8,1,63,,338355,1,0,8,1,26,,338377,1,0,8,2,25,,338357,1,0,8,1,66,,338380,1,0,8,2,30,,338367,1,0,8,2,69,,338371,1,0,8,1,28,,338358,1,0,8,1,68,,338381,1,0,8,2,27,,338368,1,0,8,2,67,,338372,1,0,8,1,28,,338359,1,0,8,1,67,,338382,1,0,8,2,29,,338369,1,0,8,2,68,,338373,1,0,8,1,32,,338360,1,0,8,1,73,,338383,1,0,8,2,33,,338389,1,0,8,1,69,,338387,1,0,8,1,19,,338374,1,0,8,1,32,,338361,1,0,8,1,70,,338384,1,0,8,2,28,,338390,1,0,8,1,68,,338392,1,0,8,1,27,,338396,1,0,8,1,70,,338385,1,0,8,1,28,,338352,1,0,8,1,73,,338391,1,0,8,1,33,,338376,1,0,8,1,73,,338363,1,0,8,1,31,,338379,1,0,8,1,71,,338353,1,0,8,1,22,,338364,1,0,8,1,55,,338375,1,0,8,1
19603,'H60S200F-80-F2',545,,338399,1,0,8,1,60,,338410,1,0,8,1,24,,338415,1,0,8,2,25,,338401,1,0,8,1,64,,338411,1,0,8,2,21,,338423,1,0,8,1,63,,338400,1,0,8,1,26,,338422,1,0,8,2,25,,338402,1,0,8,1,66,,338425,1,0,8,2,30,,338412,1,0,8,2,69,,338416,1,0,8,1,28,,338403,1,0,8,1,68,,338426,1,0,8,2,27,,338413,1,0,8,2,67,,338417,1,0,8,1,28,,338404,1,0,8,1,67,,338427,1,0,8,2,29,,338414,1,0,8,2,68,,338418,1,0,8,1,32,,338405,1,0,8,1,73,,338428,1,0,8,2,33,,338434,1,0,8,1,69,,338432,1,0,8,1,19,,338419,1,0,8,1,32,,338406,1,0,8,1,70,,338429,1,0,8,2,28,,338435,1,0,8,1,68,,338437,1,0,8,1,27,,338441,1,0,8,1,70,,338430,1,0,8,1,28,,338397,1,0,8,1,73,,338436,1,0,8,1,33,,338421,1,0,8,1,73,,338408,1,0,8,1,31,,338424,1,0,8,1,71,,338398,1,0,8,1,22,,338409,1,0,8,1,55,,338420,1,0,8,1
19604,'H50S000S-82-S',714,,338442,60,4,,2
19604,'H56S000S-82-S',656,,338443,60,4,,1,46,,338445,60,4,,1,20,,338444,60,4,,1,14,,338446,60,4,,1
19604,'H60S000S-83-S',626,,338447,60,4,,1,15,,338455,60,4,,1,7,,338456,60,4,,1,60,,338465,60,4,,2,20,,338468,60,4,,2,14,,338473,60,4,,2,6,,338475,60,4,,1,8,,338464,60,4,,2,46,,338483,60,4,,2,6,,338450,60,4,,1,5,,338467,60,4,,2,6,,338474,60,4,,2,7,,338470,60,4,,1,7,,338482,60,4,,2,7,,338463,60,4,,2,8,,338457,60,4,,1,8,,338489,60,4,,2,49,,338466,60,4,,2,10,,338485,60,4,,1,11,,338469,60,4,,2,11,,338481,60,4,,2,8,,338476,60,4,,1,11,,338484,60,4,,2,52,,338451,60,4,,1,12,,338471,60,4,,1,20,,338458,60,4,,1,64,,338486,60,4,,1,29,,338477,60,4,,1,68,,338452,60,4,,1,28,,338459,60,4,,1,29,,338487,60,4,,1,69,,338478,60,4,,1,26,,338453,60,4,,1,62,,338448,60,4,,1,20,,338460,60,4,,1,19,,338472,60,4,,1,60,,338488,60,4,,1,20,,338479,60,4,,1,20,,338454,60,4,,1,62,,338449,60,4,,1,24,,338461,60,4,,1,70,,338491,60,4,,1,30,,338480,60,4,,1,68,,338494,60,4,,2,29,,338462,60,4,,1,66,,338492,60,4,,1,23,,338493,60,4,,1,24,,338490,60,4,,1
19604,'H60S100F-80-F1',641,,338496,60,4,,1,71,,338503,60,4,,2,31,,338495,60,4,,1,72,,338511,60,4,,2,32,,338497,60,4,,1,70,,338504,60,4,,2,31,,338507,60,4,,1,66,,338512,60,4,,2,25,,338498,60,4,,1,64,,338513,60,4,,2,29,,338505,60,4,,2,69,,338508,60,4,,1,28,,338499,60,4,,1,29,,338514,60,4,,2,69,,338506,60,4,,2,28,,338509,60,4,,1,69,,338500,60,4,,1,27,,338515,60,4,,2,63,,338519,60,4,,1,25,,338518,60,4,,1,66,,338510,60,4,,1,34,,338501,60,4,,1,72,,338516,60,4,,2,29,,338520,60,4,,1,68,,338522,60,4,,1,28,,338523,60,4,,1,65,,338517,60,4,,1,25,,338502,60,4,,1,24,,338521,60,4,,1
19604,'H60S200F-80-F2',641,,338525,60,4,,1,71,,338532,60,4,,2,31,,338524,60,4,,1,72,,338540,60,4,,2,32,,338526,60,4,,1,70,,338533,60,4,,2,31,,338536,60,4,,1,66,,338541,60,4,,2,25,,338527,60,4,,1,64,,338542,60,4,,2,29,,338534,60,4,,2,69,,338537,60,4,,1,28,,338528,60,4,,1,29,,338543,60,4,,2,69,,338535,60,4,,2,28,,338538,60,4,,1,69,,338529,60,4,,1,27,,338544,60,4,,2,63,,338548,60,4,,1,25,,338547,60,4,,1,66,,338539,60,4,,1,34,,338530,60,4,,1,72,,338545,60,4,,2,29,,338549,60,4,,1,68,,338551,60,4,,1,28,,338552,60,4,,1,65,,338546,60,4,,1,25,,338531,60,4,,1,24,,338550,60,4,,1
