2401,'H59S000A-80-A',622,,291585,10,0,5,1,31,,291591,10,0,5,1,70,,291574,10,0,5,1,31,,291586,10,0,5,1,71,,291592,10,0,5,1,31,,291575,10,0,5,1,69,,291597,10,0,5,1,25,,291587,10,0,5,1,66,,291593,10,0,5,1,23,,291604,10,0,5,1,63,,291576,10,0,5,1,22,,291579,10,0,5,1,21,,291588,10,0,5,1,62,,291612,10,0,5,2,20,,291594,10,0,5,1,20,,291605,10,0,5,1,60,,291598,10,0,5,1,19,,291601,10,0,5,2,16,,291580,10,0,5,1,15,,291589,10,0,5,1,54,,291583,10,0,5,1,13,,291613,10,0,5,2,12,,291595,10,0,5,1,13,,291577,10,0,5,1,52,,291606,10,0,5,1,12,,291614,10,0,5,2,11,,291599,10,0,5,1,12,,291602,10,0,5,2,12,,291615,10,0,5,1,11,,291581,10,0,5,1,52,,291590,10,0,5,1,8,,291622,10,0,5,1,8,,291584,10,0,5,1,9,,291628,10,0,5,1,10,,291596,10,0,5,1,9,,291631,10,0,5,1,48,,291578,10,0,5,1,8,,291634,10,0,5,2,11,,291607,10,0,5,1,12,,291600,10,0,5,1,13,,291603,10,0,5,2,53,,291616,10,0,5,1,13,,291582,10,0,5,1,13,,291623,10,0,5,1,12,,291629,10,0,5,1,11,,291621,10,0,5,2,53,,291632,10,0,5,1,16,,291635,10,0,5,2,20,,291608,10,0,5,1,21,,291617,10,0,5,1,60,,291624,10,0,5,1,19,,291630,10,0,5,1,19,,291633,10,0,5,1,60,,291636,10,0,5,2,20,,291609,10,0,5,1,64,,291618,10,0,5,1,25,,291625,10,0,5,1,27,,291637,10,0,5,2,70,,291610,10,0,5,1,27,,291619,10,0,5,1,67,,291626,10,0,5,1,26,,291638,10,0,5,2,67,,291611,10,0,5,1,27,,291620,10,0,5,1,67,,291627,10,0,5,1
2401,'H59S000I-81-I',623,,291646,10,0,5,1,31,,291639,10,0,5,1,71,,291663,10,0,5,1,31,,291647,10,0,5,1,72,,291640,10,0,5,1,73,,291664,10,0,5,1,35,,291648,10,0,5,1,71,,291665,10,0,5,1,30,,291641,10,0,5,1,70,,291670,10,0,5,1,29,,291649,10,0,5,1,65,,291674,10,0,5,1,24,,291666,10,0,5,1,20,,291642,10,0,5,1,60,,291671,10,0,5,1,20,,291676,10,0,5,2,18,,291650,10,0,5,1,58,,291678,10,0,5,1,17,,291675,10,0,5,2,14,,291667,10,0,5,1,15,,291643,10,0,5,1,55,,291672,10,0,5,1,15,,291657,10,0,5,1,15,,291677,10,0,5,2,14,,291651,10,0,5,1,54,,291679,10,0,5,1,15,,291682,10,0,5,2,15,,291668,10,0,5,1,12,,291683,10,0,5,2,12,,291644,10,0,5,1,54,,291673,10,0,5,1,14,,291658,10,0,5,1,14,,291681,10,0,5,2,13,,291652,10,0,5,1,52,,291680,10,0,5,1,13,,291684,10,0,5,1,13,,291669,10,0,5,1,14,,291689,10,0,5,2,15,,291645,10,0,5,1,59,,291659,10,0,5,1,23,,291653,10,0,5,1,65,,291685,10,0,5,1,28,,291690,10,0,5,2,28,,291660,10,0,5,1,70,,291654,10,0,5,1,28,,291686,10,0,5,1,67,,291691,10,0,5,2,28,,291661,10,0,5,1,68,,291655,10,0,5,1,30,,291687,10,0,5,1,70,,291662,10,0,5,1,32,,291656,10,0,5,1,73,,291688,10,0,5,1
2401,'H59S000S-80-S',530,,291692,10,0,5,1,77,,291699,10,0,5,1,12,,291701,10,0,5,1,11,,291723,10,0,5,2,11,,291709,10,0,5,1,11,,291726,10,0,5,1,50,,291737,10,0,5,1,13,,291693,10,0,5,1,12,,291725,10,0,5,1,10,,291736,10,0,5,2,12,,291742,10,0,5,1,53,,291700,10,0,5,1,12,,291702,10,0,5,1,12,,291759,10,0,5,1,11,,291710,10,0,5,1,12,,291727,10,0,5,1,52,,291766,10,0,5,1,12,,291738,10,0,5,1,12,,291765,10,0,5,2,12,,291715,10,0,5,1,12,,291750,10,0,5,1,52,,291743,10,0,5,1,12,,291695,10,0,5,1,13,,291703,10,0,5,1,12,,291760,10,0,5,1,12,,291711,10,0,5,1,52,,291728,10,0,5,1,12,,291767,10,0,5,1,12,,291739,10,0,5,1,12,,291716,10,0,5,1,12,,291751,10,0,5,1,52,,291744,10,0,5,1,12,,291795,10,0,5,1,12,,291696,10,0,5,1,12,,291704,10,0,5,1,12,,291761,10,0,5,1,51,,291712,10,0,5,1,12,,291729,10,0,5,1,12,,291768,10,0,5,1,12,,291740,10,0,5,1,12,,291717,10,0,5,1,52,,291752,10,0,5,1,12,,291745,10,0,5,1,12,,291796,10,0,5,1,11,,291697,10,0,5,1,12,,291705,10,0,5,1,11,,291762,10,0,5,1,52,,291713,10,0,5,1,11,,291730,10,0,5,1,12,,291769,10,0,5,1,10,,291741,10,0,5,1,9,,291770,10,0,5,1,48,,291775,10,0,5,2,9,,291777,10,0,5,2,9,,291718,10,0,5,1,7,,291776,10,0,5,2,6,,291753,10,0,5,1,6,,291746,10,0,5,1,7,,291772,10,0,5,2,6,,291797,10,0,5,1,5,,291698,10,0,5,1,45,,291787,10,0,5,2,7,,291780,10,0,5,1,8,,291783,10,0,5,2,8,,291763,10,0,5,1,11,,291781,10,0,5,1,10,,291731,10,0,5,1,11,,291707,10,0,5,1,51,,291790,10,0,5,2,12,,291785,10,0,5,1,11,,291778,10,0,5,2,12,,291719,10,0,5,1,12,,291747,10,0,5,1,50,,291798,10,0,5,1,10,,291788,10,0,5,2,9,,291755,10,0,5,1,11,,291774,10,0,5,2,12,,291732,10,0,5,1,12,,291708,10,0,5,1,52,,291791,10,0,5,2,12,,291786,10,0,5,1,11,,291779,10,0,5,2,12,,291720,10,0,5,1,14,,291748,10,0,5,1,56,,291756,10,0,5,1,21,,291733,10,0,5,1,19,,291794,10,0,5,1,60,,291792,10,0,5,2,25,,291721,10,0,5,1,67,,291757,10,0,5,1,28,,291734,10,0,5,1,67,,291793,10,0,5,2,28,,291722,10,0,5,1,28,,291758,10,0,5,1,67,,291735,10,0,5,1
2401,'H59S100F-80-F1',623,,291806,10,0,5,1,31,,291799,10,0,5,1,71,,291850,10,0,5,1,31,,291807,10,0,5,1,72,,291800,10,0,5,1,73,,291851,10,0,5,1,35,,291808,10,0,5,1,71,,291823,10,0,5,1,30,,291801,10,0,5,1,70,,291828,10,0,5,1,29,,291809,10,0,5,1,65,,291832,10,0,5,1,24,,291824,10,0,5,1,20,,291802,10,0,5,1,60,,291829,10,0,5,1,20,,291834,10,0,5,2,18,,291810,10,0,5,1,58,,291836,10,0,5,1,17,,291833,10,0,5,2,14,,291825,10,0,5,1,15,,291803,10,0,5,1,55,,291830,10,0,5,1,15,,291817,10,0,5,1,15,,291835,10,0,5,2,14,,291811,10,0,5,1,54,,291837,10,0,5,1,15,,291839,10,0,5,2,15,,291826,10,0,5,1,12,,291840,10,0,5,2,12,,291804,10,0,5,1,54,,291831,10,0,5,1,14,,291818,10,0,5,1,14,,291849,10,0,5,2,13,,291812,10,0,5,1,52,,291838,10,0,5,1,13,,291841,10,0,5,1,13,,291827,10,0,5,1,14,,291846,10,0,5,2,15,,291805,10,0,5,1,59,,291819,10,0,5,1,23,,291813,10,0,5,1,65,,291842,10,0,5,1,28,,291847,10,0,5,2,28,,291820,10,0,5,1,70,,291814,10,0,5,1,28,,291843,10,0,5,1,67,,291848,10,0,5,2,28,,291821,10,0,5,1,68,,291815,10,0,5,1,30,,291844,10,0,5,1,70,,291822,10,0,5,1,32,,291816,10,0,5,1,73,,291845,10,0,5,1
2401,'H59S200F-80-F2',623,,291859,10,0,5,1,31,,291852,10,0,5,1,71,,291903,10,0,5,1,31,,291860,10,0,5,1,72,,291853,10,0,5,1,73,,291904,10,0,5,1,35,,291861,10,0,5,1,71,,291876,10,0,5,1,30,,291854,10,0,5,1,70,,291881,10,0,5,1,29,,291862,10,0,5,1,65,,291885,10,0,5,1,24,,291877,10,0,5,1,20,,291855,10,0,5,1,60,,291882,10,0,5,1,20,,291887,10,0,5,2,18,,291863,10,0,5,1,58,,291889,10,0,5,1,17,,291886,10,0,5,2,14,,291878,10,0,5,1,15,,291856,10,0,5,1,55,,291883,10,0,5,1,15,,291870,10,0,5,1,15,,291888,10,0,5,2,14,,291864,10,0,5,1,54,,291890,10,0,5,1,15,,291892,10,0,5,2,15,,291879,10,0,5,1,12,,291893,10,0,5,2,12,,291857,10,0,5,1,54,,291884,10,0,5,1,14,,291871,10,0,5,1,14,,291902,10,0,5,2,13,,291865,10,0,5,1,52,,291891,10,0,5,1,13,,291894,10,0,5,1,13,,291880,10,0,5,1,14,,291899,10,0,5,2,15,,291858,10,0,5,1,59,,291872,10,0,5,1,23,,291866,10,0,5,1,65,,291895,10,0,5,1,28,,291900,10,0,5,2,28,,291873,10,0,5,1,70,,291867,10,0,5,1,28,,291896,10,0,5,1,67,,291901,10,0,5,2,28,,291874,10,0,5,1,68,,291868,10,0,5,1,30,,291897,10,0,5,1,70,,291875,10,0,5,1,32,,291869,10,0,5,1,73,,291898,10,0,5,1
10401,'H50S000S-82-S',741,,315922,35,0,5,1,6,,315923,35,0,5,2
10401,'H56S000A-80-A',653,,315926,35,0,5,1,74,,315938,35,0,5,2,20,,315924,35,0,5,1,75,,315927,35,0,5,1,36,,315939,35,0,5,2,61,,315925,35,0,5,1,37,,315928,35,0,5,1,81,,315940,35,0,5,2,68,,315950,35,0,5,1,32,,315929,35,0,5,1,81,,315941,35,0,5,2,29,,315951,35,0,5,1,77,,315930,35,0,5,1,78,,315942,35,0,5,2,29,,315952,35,0,5,1,77,,315931,35,0,5,1,38,,315943,35,0,5,2,68,,315953,35,0,5,1,36,,315932,35,0,5,1,78,,315944,35,0,5,2,31,,315954,35,0,5,1,72,,315933,35,0,5,1,79,,315945,35,0,5,2,29,,315955,35,0,5,1,71,,315934,35,0,5,1,33,,315946,35,0,5,2,69,,315956,35,0,5,1,30,,315935,35,0,5,1,73,,315947,35,0,5,2,28,,315957,35,0,5,1,67,,315936,35,0,5,1,31,,315948,35,0,5,2,69,,315958,35,0,5,1,28,,315937,35,0,5,1,68,,315949,35,0,5,2,29,,315959,35,0,5,1
10401,'H56S000I-80-I',706,,315971,35,0,5,2,30,,315960,35,0,5,1,82,,315982,35,0,5,1,37,,315972,35,0,5,2,56,,315961,35,0,5,1,40,,315983,35,0,5,1,84,,315973,35,0,5,2,78,,315962,35,0,5,1,15,,315984,35,0,5,1,83,,315974,35,0,5,2,43,,315963,35,0,5,1,80,,315985,35,0,5,1,16,,315975,35,0,5,2,85,,315964,35,0,5,1,81,,315986,35,0,5,1,42,,315976,35,0,5,2,59,,315965,35,0,5,1,41,,315987,35,0,5,1,81,,315977,35,0,5,2,79,,315966,35,0,5,1,16,,315988,35,0,5,1,77,,315978,35,0,5,2,43,,315967,35,0,5,1,73,,315989,35,0,5,1,18,,315979,35,0,5,2,77,,315968,35,0,5,1,31,,315990,35,0,5,1,72,,315980,35,0,5,2,32,,315969,35,0,5,1,72,,315991,35,0,5,1,73,,315981,35,0,5,2,31,,315970,35,0,5,1,72,,315992,35,0,5,1
10401,'H56S000S-82-S',649,,315997,35,0,5,2,66,,316008,35,0,5,1,12,,316002,35,0,5,2,27,,316000,35,0,5,2,46,,316032,35,0,5,1,7,,316018,35,0,5,1,7,,316031,35,0,5,2,6,,315999,35,0,5,1,6,,316001,35,0,5,2,23,,316023,35,0,5,1,9,,315998,35,0,5,2,68,,316009,35,0,5,1,76,,316019,35,0,5,1,36,,316024,35,0,5,1,75,,316010,35,0,5,1,35,,316020,35,0,5,1,76,,316025,35,0,5,1,76,,316011,35,0,5,1,36,,316021,35,0,5,1,79,,316026,35,0,5,1,41,,316012,35,0,5,1,80,,316022,35,0,5,1,82,,316027,35,0,5,1,37,,316028,35,0,5,2,75,,316029,35,0,5,2,80,,316003,35,0,5,1,37,,316016,35,0,5,1,78,,316030,35,0,5,2,32,,316004,35,0,5,1,75,,316017,35,0,5,1,70,,315993,35,0,5,1,30,,316013,35,0,5,2,71,,316005,35,0,5,1,30,,315994,35,0,5,1,70,,316014,35,0,5,2,29,,316006,35,0,5,1,69,,315995,35,0,5,1,27,,316015,35,0,5,2,27,,316007,35,0,5,1,66,,315996,35,0,5,1
10401,'H56S100F-80-F1',706,,316044,35,0,5,2,30,,316033,35,0,5,1,82,,316055,35,0,5,1,37,,316045,35,0,5,2,56,,316034,35,0,5,1,40,,316056,35,0,5,1,84,,316046,35,0,5,2,78,,316035,35,0,5,1,15,,316057,35,0,5,1,83,,316047,35,0,5,2,43,,316036,35,0,5,1,80,,316058,35,0,5,1,16,,316048,35,0,5,2,85,,316037,35,0,5,1,81,,316059,35,0,5,1,42,,316049,35,0,5,2,59,,316038,35,0,5,1,41,,316060,35,0,5,1,81,,316050,35,0,5,2,79,,316039,35,0,5,1,16,,316061,35,0,5,1,77,,316051,35,0,5,2,43,,316040,35,0,5,1,73,,316062,35,0,5,1,18,,316052,35,0,5,2,77,,316041,35,0,5,1,31,,316063,35,0,5,1,72,,316053,35,0,5,2,32,,316042,35,0,5,1,72,,316064,35,0,5,1,73,,316054,35,0,5,2,31,,316043,35,0,5,1,72,,316065,35,0,5,1
10401,'H56S200F-80-F2',706,,316077,35,0,5,2,30,,316066,35,0,5,1,82,,316088,35,0,5,1,37,,316078,35,0,5,2,56,,316067,35,0,5,1,40,,316089,35,0,5,1,84,,316079,35,0,5,2,78,,316068,35,0,5,1,15,,316090,35,0,5,1,83,,316080,35,0,5,2,43,,316069,35,0,5,1,80,,316091,35,0,5,1,16,,316081,35,0,5,2,85,,316070,35,0,5,1,81,,316092,35,0,5,1,42,,316082,35,0,5,2,59,,316071,35,0,5,1,41,,316093,35,0,5,1,81,,316083,35,0,5,2,79,,316072,35,0,5,1,16,,316094,35,0,5,1,77,,316084,35,0,5,2,43,,316073,35,0,5,1,73,,316095,35,0,5,1,18,,316085,35,0,5,2,77,,316074,35,0,5,1,31,,316096,35,0,5,1,72,,316086,35,0,5,2,32,,316075,35,0,5,1,72,,316097,35,0,5,1,73,,316087,35,0,5,2,31,,316076,35,0,5,1,72,,316098,35,0,5,1
13801,'H56S000A-80-A',628,,325111,36,0,5,1,80,,325102,36,0,5,1,41,,325112,36,0,5,1,87,,325103,36,0,5,1,83,,325113,36,0,5,1,86,,325104,36,0,5,1,47,,325114,36,0,5,1,89,,325105,36,0,5,1,91,,325115,36,0,5,1,88,,325106,36,0,5,1,91,,325116,36,0,5,1,48,,325107,36,0,5,1,90,,325117,36,0,5,1,90,,325108,36,0,5,1,89,,325118,36,0,5,1,86,,325109,36,0,5,1,86,,325119,36,0,5,1,46,,325110,36,0,5,1,86,,325120,36,0,5,1
13801,'H56S000I-80-I',635,,325121,36,0,5,1,78,,325131,36,0,5,1,39,,325122,36,0,5,1,82,,325132,36,0,5,1,87,,325123,36,0,5,1,88,,325133,36,0,5,1,42,,325124,36,0,5,1,88,,325134,36,0,5,1,89,,325125,36,0,5,1,83,,325135,36,0,5,1,93,,325126,36,0,5,1,48,,325136,36,0,5,1,89,,325127,36,0,5,1,87,,325137,36,0,5,1,87,,325128,36,0,5,1,86,,325138,36,0,5,1,49,,325129,36,0,5,1,83,,325139,36,0,5,1,84,,325130,36,0,5,1,84,,325140,36,0,5,1
13801,'H56S000S-82-S',617,,325175,36,0,5,1,83,,325143,36,0,5,1,32,,325164,36,0,5,1,73,,325154,36,0,5,1,27,,325155,36,0,5,1,79,,325144,36,0,5,1,34,,325165,36,0,5,1,72,,325156,36,0,5,1,35,,325145,36,0,5,1,76,,325166,36,0,5,1,76,,325157,36,0,5,1,36,,325146,36,0,5,1,79,,325167,36,0,5,1,37,,325158,36,0,5,1,78,,325147,36,0,5,1,76,,325168,36,0,5,1,39,,325159,36,0,5,1,81,,325148,36,0,5,1,82,,325169,36,0,5,1,38,,325160,36,0,5,1,78,,325149,36,0,5,1,79,,325170,36,0,5,1,33,,325161,36,0,5,1,72,,325150,36,0,5,1,33,,325171,36,0,5,1,68,,325162,36,0,5,1,32,,325151,36,0,5,1,72,,325172,36,0,5,1,29,,325163,36,0,5,1,71,,325152,36,0,5,1,30,,325173,36,0,5,1,66,,325141,36,0,5,1,28,,325153,36,0,5,1,67,,325174,36,0,5,1,25,,325142,36,0,5,1
13801,'H56S100F-80-F1',635,,325176,36,0,5,1,78,,325186,36,0,5,1,39,,325177,36,0,5,1,82,,325187,36,0,5,1,87,,325178,36,0,5,1,88,,325188,36,0,5,1,42,,325179,36,0,5,1,88,,325189,36,0,5,1,89,,325180,36,0,5,1,83,,325190,36,0,5,1,93,,325181,36,0,5,1,48,,325191,36,0,5,1,89,,325182,36,0,5,1,87,,325192,36,0,5,1,87,,325183,36,0,5,1,86,,325193,36,0,5,1,49,,325184,36,0,5,1,83,,325194,36,0,5,1,84,,325185,36,0,5,1,84,,325195,36,0,5,1
13801,'H56S200F-80-F2',635,,325196,36,0,5,1,78,,325206,36,0,5,1,39,,325197,36,0,5,1,82,,325207,36,0,5,1,87,,325198,36,0,5,1,88,,325208,36,0,5,1,42,,325199,36,0,5,1,88,,325209,36,0,5,1,89,,325200,36,0,5,1,83,,325210,36,0,5,1,93,,325201,36,0,5,1,48,,325211,36,0,5,1,89,,325202,36,0,5,1,87,,325212,36,0,5,1,87,,325203,36,0,5,1,86,,325213,36,0,5,1,49,,325204,36,0,5,1,83,,325214,36,0,5,1,84,,325205,36,0,5,1,84,,325215,36,0,5,1
35601,'H56S000A-80-A',2636,,346198,93,0,5,2,83,,346199,93,0,5,1,91,,346195,93,0,5,2,92,,346197,93,0,5,1,42,,346196,93,0,5,1
35601,'H56S000I-80-I',2635,,346201,93,0,5,1,81,,346205,93,0,5,2,40,,346202,93,0,5,1,80,,346200,93,0,5,1,84,,346204,93,0,5,1,84,,346203,93,0,5,1
35601,'H56S000S-82-S',2648,,346208,93,0,5,1,73,,346210,93,0,5,1,34,,346211,93,0,5,2,74,,346206,93,0,5,1,86,,346209,93,0,5,2,89,,346207,93,0,5,1
35601,'H56S100F-80-F1',2635,,346213,93,0,5,1,81,,346217,93,0,5,2,40,,346214,93,0,5,1,80,,346212,93,0,5,1,84,,346216,93,0,5,1,84,,346215,93,0,5,1
35601,'H56S200F-80-F2',2635,,346219,93,0,5,1,81,,346223,93,0,5,2,40,,346220,93,0,5,1,80,,346218,93,0,5,1,84,,346222,93,0,5,1,84,,346221,93,0,5,1
