4701,'H57S000A-80-A',610,,299134,11,0,5,1,34,,299136,11,0,5,1,70,,299140,11,0,5,2,30,,299124,11,0,5,1,70,,299135,11,0,5,1,31,,299137,11,0,5,1,70,,299141,11,0,5,2,30,,299125,11,0,5,1,70,,299142,11,0,5,2,30,,299138,11,0,5,1,70,,299151,11,0,5,1,30,,299126,11,0,5,1,70,,299143,11,0,5,2,30,,299139,11,0,5,1,71,,299152,11,0,5,1,30,,299127,11,0,5,1,70,,299144,11,0,5,2,30,,299158,11,0,5,1,70,,299153,11,0,5,1,31,,299128,11,0,5,1,70,,299145,11,0,5,2,30,,299159,11,0,5,1,70,,299154,11,0,5,1,30,,299129,11,0,5,1,69,,299146,11,0,5,2,30,,299160,11,0,5,1,70,,299155,11,0,5,1,29,,299130,11,0,5,1,70,,299147,11,0,5,2,30,,299161,11,0,5,1,70,,299148,11,0,5,2,30,,299131,11,0,5,1,70,,299149,11,0,5,1,30,,299162,11,0,5,1,70,,299156,11,0,5,1,30,,299132,11,0,5,1,70,,299150,11,0,5,1,30,,299163,11,0,5,1,70,,299157,11,0,5,1,36,,299133,11,0,5,1
4701,'H57S000I-80-I',547,,299189,11,0,5,1,61,,299164,11,0,5,1,26,,299174,11,0,5,1,69,,299179,11,0,5,1,30,,299190,11,0,5,1,70,,299165,11,0,5,1,31,,299175,11,0,5,1,70,,299180,11,0,5,1,30,,299191,11,0,5,1,70,,299166,11,0,5,1,30,,299176,11,0,5,1,70,,299181,11,0,5,1,31,,299192,11,0,5,1,70,,299167,11,0,5,1,30,,299177,11,0,5,1,70,,299182,11,0,5,1,30,,299193,11,0,5,1,70,,299168,11,0,5,1,30,,299178,11,0,5,1,70,,299183,11,0,5,1,31,,299194,11,0,5,1,70,,299169,11,0,5,1,29,,299195,11,0,5,1,70,,299184,11,0,5,1,30,,299201,11,0,5,1,70,,299170,11,0,5,1,29,,299196,11,0,5,1,70,,299185,11,0,5,1,30,,299202,11,0,5,1,70,,299171,11,0,5,1,29,,299197,11,0,5,1,70,,299186,11,0,5,1,30,,299203,11,0,5,1,70,,299172,11,0,5,1,30,,299198,11,0,5,1,70,,299187,11,0,5,1,30,,299204,11,0,5,1,70,,299173,11,0,5,1,30,,299199,11,0,5,1,67,,299188,11,0,5,1,27,,299200,11,0,5,1
4701,'H57S000S-80-S',554,,299205,11,0,5,1,74,,299211,11,0,5,2,30,,299206,11,0,5,1,71,,299212,11,0,5,2,73,,299207,11,0,5,1,33,,299233,11,0,5,2,71,,299226,11,0,5,1,29,,299208,11,0,5,1,71,,299227,11,0,5,1,31,,299209,11,0,5,1,71,,299213,11,0,5,1,30,,299210,11,0,5,1,63,,299228,11,0,5,1,29,,299214,11,0,5,1,71,,299229,11,0,5,1,31,,299215,11,0,5,1,71,,299230,11,0,5,1,30,,299216,11,0,5,1,73,,299231,11,0,5,1,32,,299217,11,0,5,1,65,,299246,11,0,5,2,26,,299232,11,0,5,1,20,,299218,11,0,5,1,54,,299234,11,0,5,1,15,,299247,11,0,5,2,13,,299242,11,0,5,2,18,,299219,11,0,5,1,56,,299245,11,0,5,2,18,,299235,11,0,5,1,20,,299243,11,0,5,2,61,,299220,11,0,5,1,30,,299236,11,0,5,1,69,,299221,11,0,5,1,29,,299237,11,0,5,1,69,,299222,11,0,5,1,28,,299238,11,0,5,1,28,,299223,11,0,5,1,68,,299239,11,0,5,1,27,,299224,11,0,5,1,69,,299240,11,0,5,1,27,,299225,11,0,5,1,67,,299241,11,0,5,1,27,,299248,11,0,5,1,88,,299244,11,0,5,1
4701,'H57S100F-80-F1',547,,299274,11,0,5,1,61,,299249,11,0,5,1,26,,299259,11,0,5,1,69,,299264,11,0,5,1,30,,299275,11,0,5,1,70,,299250,11,0,5,1,31,,299260,11,0,5,1,70,,299265,11,0,5,1,30,,299276,11,0,5,1,70,,299251,11,0,5,1,30,,299261,11,0,5,1,70,,299266,11,0,5,1,31,,299277,11,0,5,1,70,,299252,11,0,5,1,30,,299262,11,0,5,1,70,,299267,11,0,5,1,30,,299278,11,0,5,1,70,,299253,11,0,5,1,30,,299263,11,0,5,1,70,,299268,11,0,5,1,31,,299279,11,0,5,1,70,,299254,11,0,5,1,29,,299280,11,0,5,1,70,,299269,11,0,5,1,30,,299286,11,0,5,1,70,,299255,11,0,5,1,29,,299281,11,0,5,1,70,,299270,11,0,5,1,30,,299287,11,0,5,1,70,,299256,11,0,5,1,29,,299282,11,0,5,1,70,,299271,11,0,5,1,30,,299288,11,0,5,1,70,,299257,11,0,5,1,30,,299283,11,0,5,1,70,,299272,11,0,5,1,30,,299289,11,0,5,1,70,,299258,11,0,5,1,30,,299284,11,0,5,1,67,,299273,11,0,5,1,27,,299285,11,0,5,1
4701,'H57S200F-80-F2',547,,299315,11,0,5,1,61,,299290,11,0,5,1,26,,299300,11,0,5,1,69,,299305,11,0,5,1,30,,299316,11,0,5,1,70,,299291,11,0,5,1,31,,299301,11,0,5,1,70,,299306,11,0,5,1,30,,299317,11,0,5,1,70,,299292,11,0,5,1,30,,299302,11,0,5,1,70,,299307,11,0,5,1,31,,299318,11,0,5,1,70,,299293,11,0,5,1,30,,299303,11,0,5,1,70,,299308,11,0,5,1,30,,299319,11,0,5,1,70,,299294,11,0,5,1,30,,299304,11,0,5,1,70,,299309,11,0,5,1,31,,299320,11,0,5,1,70,,299295,11,0,5,1,29,,299321,11,0,5,1,70,,299310,11,0,5,1,30,,299327,11,0,5,1,70,,299296,11,0,5,1,29,,299322,11,0,5,1,70,,299311,11,0,5,1,30,,299328,11,0,5,1,70,,299297,11,0,5,1,29,,299323,11,0,5,1,70,,299312,11,0,5,1,30,,299329,11,0,5,1,70,,299298,11,0,5,1,30,,299324,11,0,5,1,70,,299313,11,0,5,1,30,,299330,11,0,5,1,70,,299299,11,0,5,1,30,,299325,11,0,5,1,67,,299314,11,0,5,1,27,,299326,11,0,5,1
35703,'H59S000A-80-A',2636,,346262,10,0,8,2,85,,346261,10,0,8,1,85,,346263,10,0,8,2
35703,'H59S000I-81-I',2550,,346264,10,0,8,1,85,,346266,10,0,8,2,85,,346265,10,0,8,1,85,,346267,10,0,8,2
35703,'H59S000S-80-S',2550,,346270,10,0,8,2,85,,346268,10,0,8,1,85,,346271,10,0,8,2,85,,346269,10,0,8,1
35703,'H59S100F-80-F1',2550,,346272,10,0,8,1,85,,346274,10,0,8,2,85,,346273,10,0,8,1,85,,346275,10,0,8,2
35703,'H59S200F-80-F2',2550,,346276,10,0,8,1,85,,346278,10,0,8,2,85,,346277,10,0,8,1,85,,346279,10,0,8,2
