4102,'H58S000S-83-S',601,,297644,34,0,10,1,22,,297639,34,0,10,1,21,,297638,34,0,10,1,62,,297640,34,0,10,2,30,,297654,34,0,10,1,65,,297663,34,0,10,2,24,,297645,34,0,10,1,21,,297651,34,0,10,1,59,,297660,34,0,10,2,20,,297665,34,0,10,2,23,,297641,34,0,10,2,69,,297655,34,0,10,1,30,,297646,34,0,10,1,68,,297642,34,0,10,1,29,,297666,34,0,10,2,69,,297652,34,0,10,1,26,,297656,34,0,10,1,67,,297647,34,0,10,1,33,,297643,34,0,10,1,73,,297667,34,0,10,2,31,,297653,34,0,10,1,71,,297657,34,0,10,1,29,,297672,9,0,10,2,4,,297648,34,0,10,1,67,,297661,34,0,10,2,31,,297668,34,0,10,2,71,,297649,34,0,10,1,27,,297670,34,0,10,1,68,,297658,34,0,10,1,28,,297673,34,0,10,2,66,,297662,34,0,10,2,22,,297669,34,0,10,2,22,,297650,34,0,10,1,60,,297671,34,0,10,1,26,,297659,34,0,10,1,69,,297674,34,0,10,2,30,,297664,34,0,10,1
4102,'H58S100F-80-F1',646,,297678,34,0,10,1,73,,297677,34,0,10,2,32,,297680,34,0,10,2,71,,297682,34,0,10,1,29,,297683,34,0,10,1,66,,297684,34,0,10,2,24,,297679,34,0,10,1,572,,297675,34,0,10,1,30,,297685,34,0,10,2,68,,297687,34,0,10,1,31,,297690,34,0,10,2,70,,297691,34,0,10,2,29,,297681,34,0,10,2,67,,297676,34,0,10,1,29,,297686,34,0,10,2,70,,297688,34,0,10,1,22,,297689,34,0,10,2
4102,'H58S200F-80-F2',646,,297692,34,0,10,1,73,,297706,34,0,10,2,32,,297694,34,0,10,2,71,,297703,34,0,10,1,29,,297695,34,0,10,1,66,,297696,34,0,10,2,24,,297693,34,0,10,1,572,,297707,34,0,10,1,30,,297697,34,0,10,2,68,,297699,34,0,10,1,31,,297701,34,0,10,2,70,,297702,34,0,10,2,29,,297704,34,0,10,2,67,,297708,34,0,10,1,29,,297698,34,0,10,2,70,,297700,34,0,10,1,22,,297705,34,0,10,2
12102,'H58S000A-80-A',450,,321336,2,0,10,1,67,,321342,2,0,10,1,28,,321340,2,0,10,1,65,,321337,2,0,10,1,25,,321348,2,0,10,1,65,,321343,2,0,10,1,24,,321341,2,0,10,1,25,,321338,2,0,10,1,63,,321354,2,0,10,1,18,,321349,2,0,10,1,17,,321379,2,0,10,1,55,,321344,2,0,10,1,15,,321363,2,0,10,1,16,,321355,2,0,10,1,15,,321371,2,0,10,1,56,,321339,2,0,10,1,16,,321350,2,0,10,1,15,,321360,2,0,10,1,14,,321380,2,0,10,1,54,,321356,2,0,10,1,14,,321345,2,0,10,1,15,,321364,2,0,10,1,15,,321372,2,0,10,1,55,,321387,2,0,10,1,14,,321351,2,0,10,1,14,,321361,2,0,10,1,13,,321397,2,0,10,1,12,,321381,2,0,10,1,52,,321357,2,0,10,1,11,,321346,2,0,10,1,12,,321394,2,0,10,1,12,,321365,2,0,10,1,13,,321373,2,0,10,1,52,,321388,2,0,10,1,12,,321352,2,0,10,1,11,,321401,2,0,10,1,11,,321362,2,0,10,1,10,,321398,2,0,10,1,51,,321382,2,0,10,1,11,,321358,2,0,10,1,13,,321347,2,0,10,1,13,,321395,2,0,10,1,14,,321366,2,0,10,1,54,,321374,2,0,10,1,15,,321389,2,0,10,1,15,,321353,2,0,10,1,13,,321402,2,0,10,1,53,,321399,2,0,10,1,13,,321383,2,0,10,1,15,,321359,2,0,10,1,15,,321396,2,0,10,1,56,,321367,2,0,10,1,17,,321375,2,0,10,1,17,,321390,2,0,10,1,64,,321400,2,0,10,1,26,,321384,2,0,10,1,30,,321368,2,0,10,1,70,,321376,2,0,10,1,30,,321391,2,0,10,1,72,,321385,2,0,10,1,30,,321369,2,0,10,1,70,,321377,2,0,10,1,31,,321392,2,0,10,1,71,,321386,2,0,10,1,71,,321370,2,0,10,1,31,,321378,2,0,10,1,73,,321393,2,0,10,1
12102,'H58S000I-80-I',450,,321403,2,0,10,1,69,,321422,2,0,10,1,29,,321411,2,0,10,1,70,,321404,2,0,10,1,30,,321423,2,0,10,1,69,,321412,2,0,10,1,25,,321429,2,0,10,1,64,,321405,2,0,10,1,25,,321424,2,0,10,1,24,,321413,2,0,10,1,64,,321439,2,0,10,1,22,,321430,2,0,10,1,18,,321406,2,0,10,1,59,,321425,2,0,10,1,17,,321453,2,0,10,1,16,,321449,2,0,10,1,56,,321414,2,0,10,1,18,,321440,2,0,10,1,18,,321431,2,0,10,1,58,,321407,2,0,10,1,17,,321426,2,0,10,1,14,,321442,2,0,10,1,13,,321454,2,0,10,1,12,,321450,2,0,10,1,52,,321415,2,0,10,1,13,,321456,2,0,10,1,14,,321441,2,0,10,1,14,,321432,2,0,10,1,55,,321408,2,0,10,1,15,,321427,2,0,10,1,14,,321443,2,0,10,1,14,,321451,2,0,10,1,55,,321455,2,0,10,1,16,,321416,2,0,10,1,16,,321457,2,0,10,1,18,,321433,2,0,10,1,58,,321409,2,0,10,1,18,,321428,2,0,10,1,17,,321444,2,0,10,1,56,,321452,2,0,10,1,18,,321417,2,0,10,1,20,,321458,2,0,10,1,60,,321434,2,0,10,1,22,,321410,2,0,10,1,25,,321445,2,0,10,1,70,,321418,2,0,10,1,31,,321459,2,0,10,1,71,,321435,2,0,10,1,33,,321446,2,0,10,1,71,,321419,2,0,10,1,32,,321460,2,0,10,1,71,,321436,2,0,10,1,32,,321447,2,0,10,1,72,,321420,2,0,10,1,72,,321437,2,0,10,1,32,,321448,2,0,10,1,72,,321421,2,0,10,1,24,,321438,2,0,10,1
12102,'H58S000S-83-S',450,,321468,2,0,10,1,9,,321476,2,0,10,1,49,,321487,2,0,10,1,9,,321503,2,0,10,1,9,,321511,2,0,10,1,9,,321513,2,0,10,1,9,,321474,2,0,10,1,9,,321461,2,0,10,1,48,,321519,2,0,10,1,7,,321493,2,0,10,1,8,,321521,2,0,10,1,8,,321523,2,0,10,1,8,,321530,2,0,10,1,6,,321536,2,0,10,1,5,,321469,2,0,10,1,5,,321542,2,0,10,1,6,,321477,2,0,10,1,46,,321544,2,0,10,1,5,,321488,2,0,10,1,5,,321545,2,0,10,1,5,,321546,2,0,10,1,6,,321504,2,0,10,1,5,,321512,2,0,10,1,5,,321547,2,0,10,1,6,,321514,2,0,10,1,6,,321548,2,0,10,1,6,,321475,2,0,10,1,7,,321462,2,0,10,1,46,,321520,2,0,10,1,10,,321522,2,0,10,1,11,,321524,2,0,10,1,10,,321531,2,0,10,1,9,,321537,2,0,10,1,11,,321470,2,0,10,1,50,,321478,2,0,10,1,11,,321489,2,0,10,1,12,,321505,2,0,10,1,12,,321550,2,0,10,1,12,,321515,2,0,10,1,52,,321463,2,0,10,1,12,,321495,2,0,10,1,12,,321525,2,0,10,1,12,,321532,2,0,10,1,12,,321538,2,0,10,1,52,,321471,2,0,10,1,12,,321479,2,0,10,1,12,,321490,2,0,10,1,11,,321506,2,0,10,1,10,,321551,2,0,10,1,10,,321516,2,0,10,1,51,,321464,2,0,10,1,11,,321496,2,0,10,1,11,,321526,2,0,10,1,12,,321533,2,0,10,1,11,,321539,2,0,10,1,51,,321472,2,0,10,1,10,,321552,2,0,10,1,10,,321480,2,0,10,1,10,,321491,2,0,10,1,10,,321507,2,0,10,1,12,,321517,2,0,10,1,52,,321465,2,0,10,1,12,,321497,2,0,10,1,11,,321527,2,0,10,1,11,,321534,2,0,10,1,12,,321540,2,0,10,1,48,,321563,2,0,10,1,10,,321473,2,0,10,1,9,,321553,2,0,10,1,8,,321572,2,0,10,1,9,,321481,2,0,10,1,9,,321492,2,0,10,1,8,,321568,2,0,10,1,47,,321535,2,0,10,1,3,,321508,2,0,10,1,8,,321518,2,0,10,1,8,,321466,2,0,10,1,8,,321498,2,0,10,1,10,,321570,2,0,10,1,10,,321528,2,0,10,1,10,,321561,2,0,10,1,50,,321541,2,0,10,1,10,,321559,2,0,10,1,11,,321564,2,0,10,1,12,,321554,2,0,10,1,12,,321482,2,0,10,1,52,,321569,2,0,10,1,12,,321509,2,0,10,1,12,,321467,2,0,10,1,12,,321499,2,0,10,1,12,,321529,2,0,10,1,52,,321562,2,0,10,1,12,,321560,2,0,10,1,11,,321565,2,0,10,1,11,,321555,2,0,10,1,12,,321483,2,0,10,1,64,,321510,2,0,10,1,28,,321500,2,0,10,1,67,,321566,2,0,10,1,25,,321556,2,0,10,1,64,,321484,2,0,10,1,29,,321501,2,0,10,1,30,,321567,2,0,10,1,69,,321557,2,0,10,1,31,,321485,2,0,10,1,72,,321502,2,0,10,1,73,,321558,2,0,10,1,26,,321486,2,0,10,1
12102,'H58S100F-80-F1',450,,321574,2,0,10,1,69,,321588,2,0,10,1,29,,321582,2,0,10,1,70,,321575,2,0,10,1,30,,321589,2,0,10,1,69,,321583,2,0,10,1,25,,321602,2,0,10,1,64,,321576,2,0,10,1,25,,321590,2,0,10,1,24,,321584,2,0,10,1,64,,321612,2,0,10,1,22,,321603,2,0,10,1,18,,321577,2,0,10,1,59,,321591,2,0,10,1,17,,321624,2,0,10,1,16,,321617,2,0,10,1,56,,321585,2,0,10,1,18,,321613,2,0,10,1,18,,321604,2,0,10,1,58,,321578,2,0,10,1,17,,321599,2,0,10,1,14,,321592,2,0,10,1,13,,321625,2,0,10,1,12,,321618,2,0,10,1,52,,321586,2,0,10,1,13,,321627,2,0,10,1,14,,321614,2,0,10,1,14,,321605,2,0,10,1,55,,321579,2,0,10,1,15,,321600,2,0,10,1,14,,321593,2,0,10,1,14,,321615,2,0,10,1,55,,321626,2,0,10,1,16,,321587,2,0,10,1,16,,321628,2,0,10,1,18,,321606,2,0,10,1,58,,321580,2,0,10,1,18,,321601,2,0,10,1,17,,321594,2,0,10,1,56,,321616,2,0,10,1,18,,321619,2,0,10,1,20,,321629,2,0,10,1,60,,321607,2,0,10,1,22,,321581,2,0,10,1,25,,321595,2,0,10,1,70,,321620,2,0,10,1,31,,321630,2,0,10,1,71,,321608,2,0,10,1,33,,321596,2,0,10,1,71,,321621,2,0,10,1,32,,321631,2,0,10,1,71,,321609,2,0,10,1,32,,321597,2,0,10,1,72,,321622,2,0,10,1,72,,321610,2,0,10,1,32,,321598,2,0,10,1,72,,321623,2,0,10,1,24,,321611,2,0,10,1
12102,'H58S200F-80-F2',450,,321637,2,0,10,1,69,,321651,2,0,10,1,29,,321645,2,0,10,1,70,,321638,2,0,10,1,30,,321652,2,0,10,1,69,,321646,2,0,10,1,25,,321662,2,0,10,1,64,,321639,2,0,10,1,25,,321653,2,0,10,1,24,,321647,2,0,10,1,64,,321672,2,0,10,1,22,,321663,2,0,10,1,18,,321640,2,0,10,1,59,,321654,2,0,10,1,17,,321682,2,0,10,1,16,,321675,2,0,10,1,56,,321648,2,0,10,1,18,,321673,2,0,10,1,18,,321664,2,0,10,1,58,,321641,2,0,10,1,17,,321632,2,0,10,1,14,,321655,2,0,10,1,13,,321683,2,0,10,1,12,,321676,2,0,10,1,52,,321649,2,0,10,1,13,,321685,2,0,10,1,14,,321674,2,0,10,1,14,,321665,2,0,10,1,55,,321642,2,0,10,1,15,,321633,2,0,10,1,14,,321656,2,0,10,1,14,,321635,2,0,10,1,55,,321684,2,0,10,1,16,,321650,2,0,10,1,16,,321686,2,0,10,1,18,,321666,2,0,10,1,58,,321643,2,0,10,1,18,,321634,2,0,10,1,17,,321657,2,0,10,1,56,,321636,2,0,10,1,18,,321677,2,0,10,1,20,,321687,2,0,10,1,60,,321667,2,0,10,1,22,,321644,2,0,10,1,25,,321658,2,0,10,1,70,,321678,2,0,10,1,31,,321688,2,0,10,1,71,,321668,2,0,10,1,33,,321659,2,0,10,1,71,,321679,2,0,10,1,32,,321689,2,0,10,1,71,,321669,2,0,10,1,32,,321660,2,0,10,1,72,,321680,2,0,10,1,72,,321670,2,0,10,1,32,,321661,2,0,10,1,72,,321681,2,0,10,1,24,,321671,2,0,10,1
37802,'H60S000A-80-A',2620,,347278,2,0,10,1,93,,347276,2,0,10,1,88,,347277,2,0,10,1
37802,'H60S000I-81-I',2620,,347280,2,0,10,1,91,,347281,2,0,10,1,90,,347279,2,0,10,1
37802,'H60S000S-83-S',2620,,347283,2,0,10,1,88,,347282,2,0,10,1,97,,347284,2,0,10,1
37802,'H60S100F-80-F1',2620,,347285,2,0,10,1,91,,347287,2,0,10,1,90,,347286,2,0,10,1
37802,'H60S200F-80-F2',2620,,347288,2,0,10,1,91,,347290,2,0,10,1,90,,347289,2,0,10,1
44002,'H58S000S-83-S',1550,,349048,13,0,99 31,1,65,,349057,13,0,99 31,1,34,,349059,13,0,99 31,2,72,,349061,13,0,99 31,2,34,,349058,13,0,99 31,1,72,,349060,13,0,99 31,2,74,,349043,13,0,99 31,1
