2602,'H54S000A-80-A',511,,292475,20,0,10,1,33,,292503,20,0,10,2,71,,292476,20,0,10,1,30,,292504,20,0,10,2,71,,292477,20,0,10,1,30,,292505,20,0,10,2,70,,292478,20,0,10,1,30,,292506,20,0,10,2,70,,292479,20,0,10,1,30,,292507,20,0,10,2,71,,292480,20,0,10,1,31,,292508,20,0,10,2,70,,292481,20,0,10,1,30,,292509,20,0,10,2,70,,292482,20,0,10,1,30,,292493,20,0,10,1,70,,292483,20,0,10,1,29,,292494,20,0,10,1,70,,292484,20,0,10,1,30,,292495,20,0,10,1,70,,292485,20,0,10,1,29,,292496,20,0,10,1,69,,292486,20,0,10,1,29,,292497,20,0,10,1,70,,292487,20,0,10,1,30,,292498,20,0,10,1,71,,292488,20,0,10,1,31,,292499,20,0,10,1,70,,292489,20,0,10,1,30,,292500,20,0,10,1,69,,292490,20,0,10,1,31,,292501,20,0,10,1,72,,292491,20,0,10,1,32,,292502,20,0,10,1,72,,292492,20,0,10,1
2602,'H54S000I-80-I',512,,292510,20,0,10,2,29,,292518,20,0,10,1,68,,292511,20,0,10,2,28,,292519,20,0,10,1,68,,292512,20,0,10,2,28,,292520,20,0,10,1,68,,292513,20,0,10,2,29,,292521,20,0,10,1,70,,292514,20,0,10,2,31,,292522,20,0,10,1,70,,292515,20,0,10,2,30,,292523,20,0,10,1,70,,292516,20,0,10,2,30,,292524,20,0,10,1,70,,292517,20,0,10,2,30,,292525,20,0,10,1,71,,292536,20,0,10,1,30,,292526,20,0,10,1,70,,292537,20,0,10,1,29,,292527,20,0,10,1,70,,292538,20,0,10,1,30,,292528,20,0,10,1,70,,292539,20,0,10,1,30,,292529,20,0,10,1,69,,292540,20,0,10,1,29,,292530,20,0,10,1,28,,292541,20,0,10,1,69,,292531,20,0,10,1,29,,292542,20,0,10,1,69,,292532,20,0,10,1,29,,292543,20,0,10,1,70,,292533,20,0,10,1,30,,292544,20,0,10,1,69,,292534,20,0,10,1,30,,292545,20,0,10,1,70,,292535,20,0,10,1
2602,'H54S000S-80-S',514,,292546,20,0,10,2,28,,292550,20,0,10,1,68,,292547,20,0,10,2,27,,292551,20,0,10,1,67,,292548,20,0,10,2,27,,292564,20,0,10,1,13,,292587,20,0,10,2,12,,292554,20,0,10,1,50,,292549,20,0,10,2,28,,292565,20,0,10,1,70,,292555,20,0,10,1,29,,292566,20,0,10,1,70,,292556,20,0,10,1,30,,292567,20,0,10,1,70,,292557,20,0,10,1,30,,292568,20,0,10,1,70,,292558,20,0,10,1,29,,292590,20,0,10,1,69,,292569,20,0,10,1,28,,292559,20,0,10,1,27,,292588,20,0,10,2,67,,292570,20,0,10,1,27,,292560,20,0,10,1,70,,292573,20,0,10,2,33,,292561,20,0,10,1,72,,292574,20,0,10,2,31,,292575,20,0,10,2,73,,292577,20,0,10,1,72,,292576,20,0,10,2,32,,292578,20,0,10,1,71,,292583,20,0,10,2,30,,292579,20,0,10,1,66,,292584,20,0,10,2,26,,292580,20,0,10,1,27,,292585,20,0,10,2,66,,292581,20,0,10,1,31,,292586,20,0,10,2,72,,292582,20,0,10,1
2602,'H54S100F-80-F1',512,,292592,20,0,10,2,29,,292600,20,0,10,1,68,,292593,20,0,10,2,28,,292601,20,0,10,1,68,,292594,20,0,10,2,28,,292602,20,0,10,1,68,,292595,20,0,10,2,29,,292603,20,0,10,1,70,,292596,20,0,10,2,31,,292604,20,0,10,1,70,,292597,20,0,10,2,30,,292605,20,0,10,1,70,,292598,20,0,10,2,30,,292606,20,0,10,1,70,,292599,20,0,10,2,30,,292607,20,0,10,1,71,,292618,20,0,10,1,30,,292608,20,0,10,1,70,,292619,20,0,10,1,29,,292609,20,0,10,1,70,,292620,20,0,10,1,30,,292610,20,0,10,1,70,,292621,20,0,10,1,30,,292611,20,0,10,1,69,,292622,20,0,10,1,29,,292612,20,0,10,1,28,,292623,20,0,10,1,69,,292613,20,0,10,1,29,,292624,20,0,10,1,69,,292614,20,0,10,1,29,,292625,20,0,10,1,70,,292615,20,0,10,1,30,,292626,20,0,10,1,69,,292616,20,0,10,1,30,,292627,20,0,10,1,70,,292617,20,0,10,1
2602,'H54S200F-80-F2',512,,292628,20,0,10,2,29,,292636,20,0,10,1,68,,292629,20,0,10,2,28,,292637,20,0,10,1,68,,292630,20,0,10,2,28,,292638,20,0,10,1,68,,292631,20,0,10,2,29,,292639,20,0,10,1,70,,292632,20,0,10,2,31,,292640,20,0,10,1,70,,292633,20,0,10,2,30,,292641,20,0,10,1,70,,292634,20,0,10,2,30,,292642,20,0,10,1,70,,292635,20,0,10,2,30,,292643,20,0,10,1,71,,292654,20,0,10,1,30,,292644,20,0,10,1,70,,292655,20,0,10,1,29,,292645,20,0,10,1,70,,292656,20,0,10,1,30,,292646,20,0,10,1,70,,292657,20,0,10,1,30,,292647,20,0,10,1,69,,292658,20,0,10,1,29,,292648,20,0,10,1,28,,292659,20,0,10,1,69,,292649,20,0,10,1,29,,292660,20,0,10,1,69,,292650,20,0,10,1,29,,292661,20,0,10,1,70,,292651,20,0,10,1,30,,292662,20,0,10,1,69,,292652,20,0,10,1,30,,292663,20,0,10,1,70,,292653,20,0,10,1
18502,'H59S000A-80-A',525,,335056,11,0,10,1,33,,335066,11,0,10,1,73,,335071,11,0,10,2,75,,335057,11,0,10,1,32,,335067,11,0,10,1,72,,335072,11,0,10,2,32,,335058,11,0,10,1,70,,335068,11,0,10,1,30,,335073,11,0,10,2,72,,335059,11,0,10,1,32,,335069,11,0,10,1,72,,335074,11,0,10,2,34,,335060,11,0,10,1,72,,335070,11,0,10,1,28,,335078,11,0,10,1,69,,335075,11,0,10,2,29,,335082,11,0,10,1,68,,335085,11,0,10,2,27,,335079,11,0,10,1,68,,335076,11,0,10,2,29,,335083,11,0,10,1,69,,335086,11,0,10,2,30,,335080,11,0,10,1,69,,335077,11,0,10,2,29,,335084,11,0,10,1,69,,335061,11,0,10,1,28,,335081,11,0,10,1,69,,335062,11,0,10,1,29,,335048,11,0,10,1,70,,335052,11,0,10,1,31,,335063,11,0,10,1,71,,335049,11,0,10,1,31,,335053,11,0,10,1,71,,335064,11,0,10,1,30,,335050,11,0,10,1,71,,335054,11,0,10,1,30,,335065,11,0,10,1,70,,335051,11,0,10,1,29,,335055,11,0,10,1
18502,'H59S000I-81-I',526,,335087,11,0,10,2,31,,335099,11,0,10,1,69,,335111,11,0,10,2,29,,335088,11,0,10,2,69,,335100,11,0,10,1,29,,335112,11,0,10,2,70,,335089,11,0,10,2,31,,335101,11,0,10,1,71,,335113,11,0,10,2,32,,335090,11,0,10,2,74,,335102,11,0,10,1,73,,335114,11,0,10,2,32,,335091,11,0,10,2,73,,335103,11,0,10,1,32,,335115,11,0,10,2,71,,335118,11,0,10,1,30,,335092,11,0,10,2,70,,335104,11,0,10,1,31,,335116,11,0,10,2,70,,335119,11,0,10,1,30,,335093,11,0,10,2,70,,335105,11,0,10,1,30,,335117,11,0,10,2,72,,335120,11,0,10,1,33,,335094,11,0,10,2,73,,335106,11,0,10,1,32,,335121,11,0,10,1,71,,335095,11,0,10,2,29,,335107,11,0,10,1,69,,335122,11,0,10,1,30,,335096,11,0,10,2,69,,335108,11,0,10,1,28,,335123,11,0,10,1,69,,335097,11,0,10,2,29,,335109,11,0,10,1,68,,335124,11,0,10,1,26,,335098,11,0,10,2,67,,335110,11,0,10,1,30,,335125,11,0,10,1
18502,'H59S000S-80-S',522,,335128,11,0,10,1,31,,335150,11,0,10,2,65,,335162,11,0,10,1,20,,335126,11,0,6 58,1,13,,335129,11,0,10,1,52,,335130,11,0,10,2,12,,335135,11,0,6 58,1,10,,335151,11,0,10,2,9,,335131,11,0,6 58,1,9,,335154,11,0,10,1,10,,335163,11,0,6 58,1,54,,335127,11,0,10,2,13,,335132,11,0,10,1,14,,335159,11,0,10,1,21,,335169,11,0,10,1,68,,335136,11,0,10,1,31,,335155,11,0,10,1,70,,335133,11,0,10,1,29,,335170,11,0,10,1,69,,335137,11,0,10,1,29,,335156,11,0,10,1,68,,335152,11,0,10,1,28,,335171,11,0,10,1,67,,335138,11,0,10,1,27,,335157,11,0,10,1,67,,335153,11,0,10,1,28,,335172,11,0,10,1,68,,335139,11,0,10,1,30,,335158,11,0,10,1,70,,335134,11,0,10,1,31,,335160,11,0,10,2,69,,335140,11,0,10,1,30,,335145,11,0,10,1,72,,335164,11,0,10,1,28,,335161,11,0,10,2,69,,335141,11,0,10,1,31,,335146,11,0,10,1,72,,335165,11,0,10,1,32,,335142,11,0,10,1,71,,335147,11,0,10,1,30,,335166,11,0,10,1,70,,335143,11,0,10,1,29,,335148,11,0,10,1,70,,335167,11,0,10,1,30,,335144,11,0,10,1,71,,335149,11,0,10,1,32,,335168,11,0,10,1
18502,'H59S100F-80-F1',526,,335173,11,0,10,2,31,,335185,11,0,10,1,69,,335197,11,0,10,2,29,,335174,11,0,10,2,69,,335186,11,0,10,1,29,,335198,11,0,10,2,70,,335175,11,0,10,2,31,,335187,11,0,10,1,71,,335199,11,0,10,2,32,,335176,11,0,10,2,74,,335188,11,0,10,1,73,,335200,11,0,10,2,32,,335177,11,0,10,2,73,,335189,11,0,10,1,32,,335201,11,0,10,2,71,,335204,11,0,10,1,30,,335178,11,0,10,2,70,,335190,11,0,10,1,31,,335202,11,0,10,2,70,,335205,11,0,10,1,30,,335179,11,0,10,2,70,,335191,11,0,10,1,30,,335203,11,0,10,2,72,,335206,11,0,10,1,33,,335180,11,0,10,2,73,,335192,11,0,10,1,32,,335207,11,0,10,1,71,,335181,11,0,10,2,29,,335193,11,0,10,1,69,,335208,11,0,10,1,30,,335182,11,0,10,2,69,,335194,11,0,10,1,28,,335209,11,0,10,1,69,,335183,11,0,10,2,29,,335195,11,0,10,1,68,,335210,11,0,10,1,26,,335184,11,0,10,2,67,,335196,11,0,10,1,30,,335211,11,0,10,1
18502,'H59S200F-80-F2',526,,335212,11,0,10,2,31,,335224,11,0,10,1,69,,335236,11,0,10,2,29,,335213,11,0,10,2,69,,335225,11,0,10,1,29,,335237,11,0,10,2,70,,335214,11,0,10,2,31,,335226,11,0,10,1,71,,335238,11,0,10,2,32,,335215,11,0,10,2,74,,335227,11,0,10,1,73,,335239,11,0,10,2,32,,335216,11,0,10,2,73,,335228,11,0,10,1,32,,335240,11,0,10,2,71,,335243,11,0,10,1,30,,335217,11,0,10,2,70,,335229,11,0,10,1,31,,335241,11,0,10,2,70,,335244,11,0,10,1,30,,335218,11,0,10,2,70,,335230,11,0,10,1,30,,335242,11,0,10,2,72,,335245,11,0,10,1,33,,335219,11,0,10,2,73,,335231,11,0,10,1,32,,335246,11,0,10,1,71,,335220,11,0,10,2,29,,335232,11,0,10,1,69,,335247,11,0,10,1,30,,335221,11,0,10,2,69,,335233,11,0,10,1,28,,335248,11,0,10,1,69,,335222,11,0,10,2,29,,335234,11,0,10,1,68,,335249,11,0,10,1,26,,335223,11,0,10,2,67,,335235,11,0,10,1,30,,335250,11,0,10,1
36202,'H54S000A-80-A',2613,,346682,69,0,10,2,88,,346684,69,0,10,1,45,,346681,69,0,10,1,85,,346680,69,0,10,1,82,,346683,69,0,10,1
36202,'H54S000I-80-I',2612,,346688,69,0,10,2,45,,346686,69,0,10,1,85,,346687,69,0,10,2,87,,346685,69,0,10,1,85,,346689,69,0,10,2
36202,'H54S000S-80-S',2612,,346691,69,0,10,2,45,,346694,69,0,10,1,85,,346693,69,0,10,1,87,,346690,69,0,10,1,85,,346692,69,0,10,1
36202,'H54S100F-80-F1',2612,,346698,69,0,10,2,45,,346696,69,0,10,1,85,,346697,69,0,10,2,87,,346695,69,0,10,1,85,,346699,69,0,10,2
36202,'H54S200F-80-F2',2612,,346703,69,0,10,2,45,,346701,69,0,10,1,85,,346702,69,0,10,2,87,,346700,69,0,10,1,85,,346704,69,0,10,2
