10402,'H56S000A-80-A',609,,316101,35,0,10,1,36,,316114,35,0,10,2,57,,316099,35,0,10,1,34,,316102,35,0,10,1,74,,316115,35,0,10,2,20,,316100,35,0,10,1,77,,316103,35,0,10,1,38,,316116,35,0,10,2,69,,316127,35,0,10,1,32,,316104,35,0,10,1,81,,316117,35,0,10,2,28,,316128,35,0,10,1,75,,316105,35,0,10,1,80,,316118,35,0,10,2,29,,316129,35,0,10,1,77,,316106,35,0,10,1,38,,316119,35,0,10,2,69,,316130,35,0,10,1,77,,316107,35,0,10,1,38,,316120,35,0,10,2,71,,316131,35,0,10,1,32,,316108,35,0,10,1,79,,316121,35,0,10,2,30,,316132,35,0,10,1,71,,316109,35,0,10,1,36,,316122,35,0,10,2,70,,316133,35,0,10,1,30,,316110,35,0,10,1,73,,316123,35,0,10,2,28,,316134,35,0,10,1,69,,316111,35,0,10,1,73,,316124,35,0,10,2,29,,316135,35,0,10,1,26,,316112,35,0,10,1,70,,316125,35,0,10,2,28,,316136,35,0,10,1,69,,316113,35,0,10,1,24,,316126,35,0,10,2,69,,316137,35,0,10,1
10402,'H56S000I-80-I',625,,316150,35,0,10,2,30,,316138,35,0,10,1,78,,316162,35,0,10,1,75,,316151,35,0,10,2,15,,316139,35,0,10,1,79,,316163,35,0,10,1,44,,316152,35,0,10,2,78,,316140,35,0,10,1,15,,316164,35,0,10,1,82,,316153,35,0,10,2,83,,316141,35,0,10,1,40,,316165,35,0,10,1,56,,316154,35,0,10,2,44,,316142,35,0,10,1,81,,316166,35,0,10,1,82,,316155,35,0,10,2,20,,316143,35,0,10,1,81,,316167,35,0,10,1,42,,316156,35,0,10,2,82,,316144,35,0,10,1,15,,316168,35,0,10,1,79,,316157,35,0,10,2,78,,316145,35,0,10,1,16,,316169,35,0,10,1,38,,316158,35,0,10,2,80,,316146,35,0,10,1,73,,316170,35,0,10,1,25,,316159,35,0,10,2,71,,316147,35,0,10,1,32,,316171,35,0,10,1,70,,316160,35,0,10,2,31,,316148,35,0,10,1,72,,316172,35,0,10,1,30,,316161,35,0,10,2,72,,316149,35,0,10,1,36,,316173,35,0,10,1
10402,'H56S000S-82-S',600,,316179,35,0,10,2,30,,316181,35,0,10,2,72,,316209,35,0,10,1,50,,316180,35,0,10,2,84,,316208,35,0,10,1,73,,316197,35,0,10,1,36,,316201,35,0,10,1,75,,316188,35,0,10,1,36,,316198,35,0,10,1,76,,316202,35,0,10,1,75,,316189,35,0,10,1,37,,316199,35,0,10,1,78,,316203,35,0,10,1,36,,316190,35,0,10,1,78,,316200,35,0,10,1,80,,316204,35,0,10,1,37,,316205,35,0,10,2,77,,316206,35,0,10,2,81,,316182,35,0,10,1,40,,316195,35,0,10,1,81,,316207,35,0,10,2,74,,316183,35,0,10,1,36,,316196,35,0,10,1,70,,316174,35,0,10,1,32,,316191,35,0,10,2,73,,316184,35,0,10,1,31,,316175,35,0,10,1,71,,316192,35,0,10,2,31,,316185,35,0,10,1,69,,316176,35,0,10,1,29,,316193,35,0,10,2,69,,316186,35,0,10,1,24,,316177,35,0,10,1,68,,316194,35,0,10,2,26,,316187,35,0,10,1,67,,316178,35,0,10,1
10402,'H56S100F-80-F1',625,,316222,35,0,10,2,30,,316210,35,0,10,1,78,,316234,35,0,10,1,75,,316223,35,0,10,2,15,,316211,35,0,10,1,79,,316235,35,0,10,1,44,,316224,35,0,10,2,78,,316212,35,0,10,1,15,,316236,35,0,10,1,82,,316225,35,0,10,2,83,,316213,35,0,10,1,40,,316237,35,0,10,1,56,,316226,35,0,10,2,44,,316214,35,0,10,1,81,,316238,35,0,10,1,82,,316227,35,0,10,2,20,,316215,35,0,10,1,81,,316239,35,0,10,1,42,,316228,35,0,10,2,82,,316216,35,0,10,1,15,,316240,35,0,10,1,79,,316229,35,0,10,2,78,,316217,35,0,10,1,16,,316241,35,0,10,1,38,,316230,35,0,10,2,80,,316218,35,0,10,1,73,,316242,35,0,10,1,25,,316231,35,0,10,2,71,,316219,35,0,10,1,32,,316243,35,0,10,1,70,,316232,35,0,10,2,31,,316220,35,0,10,1,72,,316244,35,0,10,1,30,,316233,35,0,10,2,72,,316221,35,0,10,1,36,,316245,35,0,10,1
10402,'H56S200F-80-F2',625,,316258,35,0,10,2,30,,316246,35,0,10,1,78,,316270,35,0,10,1,75,,316259,35,0,10,2,15,,316247,35,0,10,1,79,,316271,35,0,10,1,44,,316260,35,0,10,2,78,,316248,35,0,10,1,15,,316272,35,0,10,1,82,,316261,35,0,10,2,83,,316249,35,0,10,1,40,,316273,35,0,10,1,56,,316262,35,0,10,2,44,,316250,35,0,10,1,81,,316274,35,0,10,1,82,,316263,35,0,10,2,20,,316251,35,0,10,1,81,,316275,35,0,10,1,42,,316264,35,0,10,2,82,,316252,35,0,10,1,15,,316276,35,0,10,1,79,,316265,35,0,10,2,78,,316253,35,0,10,1,16,,316277,35,0,10,1,38,,316266,35,0,10,2,80,,316254,35,0,10,1,73,,316278,35,0,10,1,25,,316267,35,0,10,2,71,,316255,35,0,10,1,32,,316279,35,0,10,1,70,,316268,35,0,10,2,31,,316256,35,0,10,1,72,,316280,35,0,10,1,30,,316269,35,0,10,2,72,,316257,35,0,10,1,36,,316281,35,0,10,1
13802,'H56S000A-80-A',629,,325216,39,0,10,1,80,,325226,39,0,10,1,42,,325217,39,0,10,1,83,,325227,39,0,10,1,85,,325218,39,0,10,1,87,,325228,39,0,10,1,48,,325219,39,0,10,1,89,,325229,39,0,10,1,88,,325220,39,0,10,1,92,,325230,39,0,10,1,88,,325221,39,0,10,1,90,,325231,39,0,10,1,49,,325222,39,0,10,1,90,,325232,39,0,10,1,90,,325223,39,0,10,1,86,,325233,39,0,10,1,86,,325224,39,0,10,1,46,,325234,39,0,10,1,87,,325225,39,0,10,1
13802,'H56S000I-80-I',714,,325235,39,0,10,1,38,,325245,39,0,10,1,86,,325236,39,0,10,1,83,,325246,39,0,10,1,85,,325237,39,0,10,1,48,,325247,39,0,10,1,88,,325238,39,0,10,1,83,,325248,39,0,10,1,90,,325239,39,0,10,1,88,,325249,39,0,10,1,49,,325240,39,0,10,1,88,,325250,39,0,10,1,88,,325241,39,0,10,1,87,,325251,39,0,10,1,87,,325242,39,0,10,1,46,,325252,39,0,10,1,86,,325243,39,0,10,1,82,,325253,39,0,10,1,84,,325244,39,0,10,1
13802,'H56S000S-82-S',617,,325257,39,0,10,1,26,,325277,39,0,10,1,80,,325256,39,0,10,1,88,,325258,39,0,10,1,42,,325278,39,0,10,1,72,,325269,39,0,10,1,78,,325259,39,0,10,1,33,,325279,39,0,10,1,76,,325270,39,0,10,1,36,,325260,39,0,10,1,78,,325280,39,0,10,1,75,,325271,39,0,10,1,36,,325261,39,0,10,1,77,,325281,39,0,10,1,38,,325272,39,0,10,1,78,,325262,39,0,10,1,82,,325282,39,0,10,1,39,,325273,39,0,10,1,81,,325263,39,0,10,1,81,,325283,39,0,10,1,36,,325274,39,0,10,1,75,,325264,39,0,10,1,33,,325284,39,0,10,1,70,,325275,39,0,10,1,32,,325265,39,0,10,1,73,,325285,39,0,10,1,69,,325276,39,0,10,1,32,,325266,39,0,10,1,69,,325286,39,0,10,1,29,,325254,39,0,10,1,69,,325267,39,0,10,1,26,,325287,39,0,10,1,28,,325255,39,0,10,1,68,,325268,39,0,10,1,29,,325288,39,0,10,1
13802,'H56S100F-80-F1',714,,325289,39,0,10,1,38,,325299,39,0,10,1,86,,325290,39,0,10,1,83,,325300,39,0,10,1,85,,325291,39,0,10,1,48,,325301,39,0,10,1,88,,325292,39,0,10,1,83,,325302,39,0,10,1,90,,325293,39,0,10,1,88,,325303,39,0,10,1,49,,325294,39,0,10,1,88,,325304,39,0,10,1,88,,325295,39,0,10,1,87,,325305,39,0,10,1,87,,325296,39,0,10,1,46,,325306,39,0,10,1,86,,325297,39,0,10,1,82,,325307,39,0,10,1,84,,325298,39,0,10,1
13802,'H56S200F-80-F2',714,,325308,39,0,10,1,38,,325318,39,0,10,1,86,,325309,39,0,10,1,83,,325319,39,0,10,1,85,,325310,39,0,10,1,48,,325320,39,0,10,1,88,,325311,39,0,10,1,83,,325321,39,0,10,1,90,,325312,39,0,10,1,88,,325322,39,0,10,1,49,,325313,39,0,10,1,88,,325323,39,0,10,1,88,,325314,39,0,10,1,87,,325324,39,0,10,1,87,,325315,39,0,10,1,46,,325325,39,0,10,1,86,,325316,39,0,10,1,82,,325326,39,0,10,1,84,,325317,39,0,10,1
