12404,'H50S000A-82-A',629,,322229,24,0,9,2,71,,322242,24,0,9,2,30,,322237,24,0,9,1,70,,322230,24,0,9,2,31,,322243,24,0,9,2,70,,322238,24,0,9,1,30,,322231,24,0,9,2,70,,322244,24,0,9,2,32,,322255,24,0,9,2,70,,322248,24,0,9,1,30,,322233,24,0,9,2,70,,322259,24,0,9,1,30,,322262,24,0,9,2,70,,322239,24,0,9,1,30,,322252,24,0,9,1,70,,322245,24,0,9,2,30,,322256,24,0,9,2,70,,322249,24,0,9,1,31,,322234,24,0,9,2,71,,322260,24,0,9,1,31,,322263,24,0,9,2,70,,322240,24,0,9,1,31,,322253,24,0,9,1,68,,322246,24,0,9,2,27,,322257,24,0,9,2,69,,322250,24,0,9,1,29,,322235,24,0,9,2,29,,322261,24,0,9,1,69,,322264,24,0,9,2,29,,322241,24,0,9,1,67,,322254,24,0,9,1,29,,322247,24,0,9,2,70,,322258,24,0,9,2,30,,322251,24,0,9,1,70,,322236,24,0,9,2,29,,322232,24,0,9,2
12404,'H50S000I-82-I',716,,322265,24,0,9,2,30,,322266,24,0,9,1,70,,322290,24,0,9,1,32,,322270,24,0,9,2,71,,322280,24,0,9,1,30,,322274,24,0,9,1,70,,322285,24,0,9,2,32,,322284,24,0,9,2,72,,322267,24,0,9,1,30,,322291,24,0,9,1,68,,322271,24,0,9,2,30,,322281,24,0,9,1,70,,322275,24,0,9,1,30,,322286,24,0,9,2,67,,322294,24,0,9,2,32,,322276,24,0,9,1,70,,322287,24,0,9,2,30,,322295,24,0,9,2,70,,322277,24,0,9,1,31,,322288,24,0,9,2,73,,322268,24,0,9,1,33,,322292,24,0,9,1,70,,322272,24,0,9,2,30,,322282,24,0,9,1,69,,322296,24,0,9,2,31,,322278,24,0,9,1,64,,322289,24,0,9,2,30,,322269,24,0,9,1,70,,322293,24,0,9,1,30,,322273,24,0,9,2,69,,322283,24,0,9,1,30,,322297,24,0,9,2,70,,322279,24,0,9,1,26,,322298,24,0,9,1
12404,'H50S000S-82-S',607,,322327,24,0,9,1,32,,322326,24,0,9,1,69,,322309,24,0,9,1,33,,322299,24,0,9,2,75,,322305,24,0,9,1,31,,322310,24,0,9,1,67,,322311,24,0,9,1,94,,322306,24,0,9,1,30,,322317,24,0,9,2,70,,322312,24,0,9,1,30,,322307,24,0,9,1,70,,322318,24,0,9,2,31,,322313,24,0,9,1,71,,322308,24,0,9,1,31,,322319,24,0,9,2,72,,322314,24,0,9,1,33,,322328,24,0,9,1,75,,322320,24,0,9,2,35,,322315,24,0,9,1,70,,322324,24,0,9,1,29,,322329,24,0,9,1,69,,322321,24,0,9,2,26,,322316,24,0,9,1,69,,322325,24,0,9,1,27,,322330,24,0,9,1,67,,322322,24,0,9,2,29,,322300,24,0,9,1,69,,322331,24,0,9,1,26,,322323,24,0,9,2,70,,322301,24,0,9,1,30,,322332,24,0,9,1,70,,322333,24,0,9,1,30,,322302,24,0,9,1,69,,322304,24,0,9,1,30,,322334,24,0,9,1,70,,322303,24,0,9,1
12404,'H50S100F-80-F1',716,,322335,24,0,9,2,30,,322336,24,0,9,1,70,,322360,24,0,9,1,32,,322340,24,0,9,2,71,,322350,24,0,9,1,30,,322344,24,0,9,1,70,,322355,24,0,9,2,32,,322354,24,0,9,2,72,,322337,24,0,9,1,30,,322361,24,0,9,1,68,,322341,24,0,9,2,30,,322351,24,0,9,1,70,,322345,24,0,9,1,30,,322356,24,0,9,2,67,,322364,24,0,9,2,32,,322346,24,0,9,1,70,,322357,24,0,9,2,30,,322365,24,0,9,2,70,,322347,24,0,9,1,31,,322358,24,0,9,2,73,,322338,24,0,9,1,33,,322362,24,0,9,1,70,,322342,24,0,9,2,30,,322352,24,0,9,1,69,,322366,24,0,9,2,31,,322348,24,0,9,1,64,,322359,24,0,9,2,30,,322339,24,0,9,1,70,,322363,24,0,9,1,30,,322343,24,0,9,2,69,,322353,24,0,9,1,30,,322367,24,0,9,2,70,,322349,24,0,9,1,26,,322368,24,0,9,1
12404,'H50S200F-80-F2',716,,322369,24,0,9,2,30,,322370,24,0,9,1,70,,322394,24,0,9,1,32,,322374,24,0,9,2,71,,322384,24,0,9,1,30,,322378,24,0,9,1,70,,322389,24,0,9,2,32,,322388,24,0,9,2,72,,322371,24,0,9,1,30,,322395,24,0,9,1,68,,322375,24,0,9,2,30,,322385,24,0,9,1,70,,322379,24,0,9,1,30,,322390,24,0,9,2,67,,322398,24,0,9,2,32,,322380,24,0,9,1,70,,322391,24,0,9,2,30,,322399,24,0,9,2,70,,322381,24,0,9,1,31,,322392,24,0,9,2,73,,322372,24,0,9,1,33,,322396,24,0,9,1,70,,322376,24,0,9,2,30,,322386,24,0,9,1,69,,322400,24,0,9,2,31,,322382,24,0,9,1,64,,322393,24,0,9,2,30,,322373,24,0,9,1,70,,322397,24,0,9,1,30,,322377,24,0,9,2,69,,322387,24,0,9,1,30,,322401,24,0,9,2,70,,322383,24,0,9,1,26,,322402,24,0,9,1
12404,'H51S000S-81-S',943,,322403,24,0,9,2
36801,'H57S000A-80-A',2542,,346903,23,0,5,1,84,,346900,23,0,5,2,88,,346902,23,0,5,1,43,,346901,23,0,5,1,84,,346904,23,0,5,1
36801,'H57S000I-80-I',2542,,346905,23,0,5,1,85,,346906,23,0,5,1,86,,346908,23,0,5,1,43,,346909,23,0,5,1,84,,346907,23,0,5,1
36801,'H57S000S-80-S',2540,,346910,23,0,5,1,86,,346913,23,0,5,1,94,,346914,23,0,5,1,36,,346912,23,0,5,1,96,,346911,23,0,5,1
36801,'H57S100F-80-F1',2542,,346915,23,0,5,1,85,,346916,23,0,5,1,86,,346918,23,0,5,1,43,,346919,23,0,5,1,84,,346917,23,0,5,1
36801,'H57S200F-80-F2',2542,,346920,23,0,5,1,85,,346921,23,0,5,1,86,,346923,23,0,5,1,43,,346924,23,0,5,1,84,,346922,23,0,5,1
