4801,'H54S000S-80-S',1750,,299530,19,0,5,2,7,,299529,19,0,5,2
4801,'H58S000A-80-A',553,,299531,19,0,99 23 3 24,1,70,,299537,19,0,5,2,29,,299539,19,0,99 23 3 24,2,71,,299547,19,0,5,1,29,,299532,19,0,99 23 3 24,1,71,,299577,19,0,5,1,23,,299540,19,0,99 23 3 24,2,64,,299590,19,0,5,1,21,,299548,19,0,99 23 3 24,1,20,,299582,19,0,5,2,60,,299555,19,0,99 23 3 24,1,16,,299533,19,0,5,2,16,,299541,19,0,5,2,16,,299571,19,0,99 23 3 24,1,55,,299561,19,0,5,2,15,,299549,19,0,5,1,14,,299592,19,0,99 23 3 24,2,15,,299583,19,0,5,2,55,,299556,19,0,99 23 3 24,1,15,,299534,19,0,5,2,15,,299542,19,0,99 23 3 24,2,14,,299596,19,0,5,2,54,,299572,19,0,99 23 3 24,1,13,,299562,19,0,5,2,12,,299550,19,0,5,1,12,,299593,19,0,99 23 3 24,2,54,,299584,19,0,5,2,14,,299557,19,0,99 23 3 24,1,12,,299535,19,0,5,2,12,,299601,19,0,99 23 3 24,1,12,,299543,19,0,5,2,53,,299597,19,0,99 23 3 24,2,13,,299603,19,0,5,2,12,,299563,19,0,99 23 3 24,2,12,,299551,19,0,5,1,13,,299567,19,0,5,2,52,,299594,19,0,5,2,12,,299585,19,0,99 23 3 24,2,11,,299558,19,0,5,1,12,,299536,19,0,5,2,13,,299544,19,0,99 23 3 24,2,53,,299598,19,0,5,2,11,,299546,19,0,99 23 3 24,1,12,,299604,19,0,5,2,10,,299552,19,0,5,1,9,,299578,19,0,99 23 3 24,1,9,,299568,19,0,5,2,52,,299595,19,0,5,2,13,,299586,19,0,5,2,13,,299573,19,0,5,1,13,,299559,19,0,99 23 3 24,1,52,,299545,19,0,5,2,13,,299599,19,0,5,2,13,,299605,19,0,99 23 3 24,2,14,,299553,19,0,5,1,15,,299579,19,0,99 23 3 24,1,54,,299580,19,0,5,2,14,,299587,19,0,5,2,15,,299574,19,0,99 23 3 24,1,15,,299560,19,0,5,1,55,,299600,19,0,5,2,15,,299606,19,0,99 23 3 24,2,14,,299554,19,0,5,1,14,,299566,19,0,5,1,54,,299581,19,0,99 23 3 24,2,20,,299588,19,0,5,2,19,,299538,19,0,5,1,61,,299565,19,0,99 23 3 24,1,19,,299607,19,0,5,2,18,,299570,19,0,99 23 3 24,1,60,,299575,19,0,5,2,19,,299589,19,0,5,2,17,,299602,19,0,99 23 3 24,1,17,,299591,19,0,5,1,56,,299564,19,0,99 23 3 24,2,16,,299608,19,0,5,2,22,,299576,19,0,99 23 3 24,2,65,,299569,19,0,5,2
4801,'H58S000I-80-I',552,,299632,19,0,5,1,61,,299609,19,0,5,1,35,,299620,19,0,99 23 3 24,1,71,,299634,19,0,5,2,32,,299633,19,0,99 23 3 24,1,71,,299610,19,0,5,2,30,,299621,19,0,99 23 3 24,1,69,,299635,19,0,5,2,29,,299644,19,0,99 23 3 24,1,60,,299631,19,0,5,2,22,,299611,19,0,99 23 3 24,2,23,,299622,19,0,5,1,62,,299636,19,0,99 23 3 24,2,21,,299657,19,0,5,1,19,,299645,19,0,99 23 3 24,1,57,,299639,19,0,5,2,18,,299612,19,0,99 23 3 24,2,18,,299623,19,0,5,1,59,,299658,19,0,99 23 3 24,2,18,,299637,19,0,5,2,18,,299662,19,0,99 23 3 24,2,58,,299646,19,0,5,1,14,,299640,19,0,5,2,15,,299613,19,0,99 23 3 24,2,15,,299624,19,0,5,1,54,,299670,19,0,5,2,15,,299659,19,0,99 23 3 24,2,15,,299638,19,0,5,2,14,,299663,19,0,99 23 3 24,2,55,,299647,19,0,5,1,15,,299641,19,0,99 23 3 24,2,15,,299614,19,0,5,2,14,,299625,19,0,99 23 3 24,1,11,,299672,19,0,5,2,51,,299671,19,0,5,2,9,,299660,19,0,99 23 3 24,2,10,,299665,19,0,5,2,10,,299674,19,0,5,2,11,,299664,19,0,99 23 3 24,2,10,,299648,19,0,5,1,51,,299616,19,0,5,2,11,,299642,19,0,99 23 3 24,2,11,,299656,19,0,5,1,10,,299675,19,0,5,2,13,,299673,19,0,99 23 3 24,2,53,,299627,19,0,5,1,12,,299661,19,0,99 23 3 24,2,12,,299666,19,0,5,2,13,,299615,19,0,5,2,14,,299649,19,0,99 23 3 24,1,54,,299617,19,0,5,2,13,,299653,19,0,5,2,14,,299626,19,0,99 23 3 24,1,13,,299643,19,0,5,1,53,,299628,19,0,5,1,15,,299619,19,0,99 23 3 24,1,14,,299667,19,0,5,2,17,,299650,19,0,5,1,58,,299618,19,0,99 23 3 24,1,18,,299654,19,0,5,2,25,,299629,19,0,5,1,67,,299668,19,0,99 23 3 24,2,25,,299651,19,0,5,1,69,,299655,19,0,99 23 3 24,2,29,,299630,19,0,5,1,70,,299669,19,0,99 23 3 24,2,32,,299652,19,0,5,1
4801,'H58S000S-83-S',527,,299689,19,0,5,1,20,,299676,19,0,5,1,60,,299679,19,0,99 23 3 24,2,16,,299680,19,0,5,2,21,,299678,19,0,5,2,61,,299710,19,0,99 23 3 24,2,17,,299719,19,0,5,2,19,,299691,19,0,99 23 3 24,1,62,,299725,19,0,5,2,22,,299728,19,0,99 23 3 24,1,22,,299740,19,0,5,2,62,,299745,19,0,99 23 3 24,1,19,,299747,19,0,5,2,23,,299692,19,0,99 23 3 24,1,61,,299707,19,0,5,1,20,,299729,19,0,5,1,20,,299741,19,0,99 23 3 24,2,59,,299711,19,0,5,2,19,,299748,19,0,99 23 3 24,2,16,,299737,19,0,5,1,56,,299693,19,0,99 23 3 24,1,15,,299708,19,0,5,1,14,,299701,19,0,99 23 3 24,2,15,,299696,19,0,5,2,55,,299742,19,0,99 23 3 24,2,15,,299712,19,0,5,2,14,,299681,19,0,99 23 3 24,1,13,,299749,19,0,5,2,14,,299738,19,0,5,1,55,,299694,19,0,99 23 3 24,1,11,,299709,19,0,5,1,10,,299752,19,0,99 23 3 24,1,10,,299702,19,0,5,2,11,,299697,19,0,99 23 3 24,2,50,,299751,19,0,5,2,10,,299743,19,0,5,2,14,,299713,19,0,99 23 3 24,2,12,,299760,19,0,5,2,12,,299682,19,0,5,1,50,,299750,19,0,99 23 3 24,2,9,,299739,19,0,5,1,6,,299684,19,0,5,2,5,,299688,19,0,5,1,5,,299695,19,0,5,1,5,,299766,19,0,99 23 3 24,2,5,,299730,19,0,5,1,5,,299700,19,0,5,2,6,,299754,19,0,5,2,6,,299703,19,0,5,2,46,,299690,19,0,5,1,7,,299720,19,0,99 23 3 24,1,9,,299698,19,0,5,2,8,,299758,19,0,5,2,6,,299744,19,0,5,2,7,,299765,19,0,99 23 3 24,2,7,,299714,19,0,5,2,58,,299761,19,0,5,2,5,,299734,19,0,99 23 3 24,1,9,,299683,19,0,5,1,9,,299685,19,0,5,2,7,,299753,19,0,99 23 3 24,1,7,,299731,19,0,5,1,8,,299767,19,0,5,2,10,,299755,19,0,5,1,49,,299704,19,0,99 23 3 24,2,12,,299721,19,0,5,1,12,,299759,19,0,99 23 3 24,2,12,,299769,19,0,5,2,11,,299715,19,0,5,2,51,,299764,19,0,99 23 3 24,1,12,,299735,19,0,5,1,12,,299746,19,0,5,1,12,,299732,19,0,99 23 3 24,1,12,,299768,19,0,5,2,50,,299756,19,0,99 23 3 24,1,12,,299722,19,0,5,1,13,,299686,19,0,99 23 3 24,2,13,,299699,19,0,5,2,14,,299716,19,0,99 23 3 24,2,55,,299736,19,0,5,1,15,,299705,19,0,99 23 3 24,1,14,,299733,19,0,5,1,15,,299717,19,0,5,1,54,,299677,19,0,99 23 3 24,1,15,,299723,19,0,5,1,17,,299687,19,0,5,2,16,,299726,19,0,5,2,54,,299763,19,0,99 23 3 24,2,13,,299706,19,0,5,1,16,,299718,19,0,5,1,16,,299757,19,0,99 23 3 24,1,55,,299724,19,0,5,1,16,,299762,19,0,99 23 3 24,2,18,,299727,19,0,5,2
4801,'H58S100F-80-F1',552,,299795,19,0,5,2,61,,299770,19,0,5,2,35,,299782,19,0,99 23 3 24,2,71,,299798,19,0,5,1,32,,299802,19,0,99 23 3 24,2,71,,299808,19,0,5,1,30,,299783,19,0,99 23 3 24,2,69,,299799,19,0,5,1,29,,299803,19,0,99 23 3 24,2,60,,299796,19,0,5,2,22,,299809,19,0,99 23 3 24,1,23,,299784,19,0,5,2,62,,299815,19,0,99 23 3 24,1,21,,299800,19,0,5,1,19,,299804,19,0,99 23 3 24,2,57,,299819,19,0,5,2,18,,299772,19,0,99 23 3 24,1,18,,299810,19,0,5,1,59,,299785,19,0,99 23 3 24,2,18,,299816,19,0,5,1,18,,299822,19,0,99 23 3 24,2,58,,299805,19,0,5,2,14,,299820,19,0,5,2,15,,299773,19,0,99 23 3 24,1,15,,299811,19,0,5,1,54,,299776,19,0,5,1,15,,299786,19,0,99 23 3 24,2,15,,299817,19,0,5,1,14,,299823,19,0,99 23 3 24,2,55,,299806,19,0,5,2,15,,299821,19,0,99 23 3 24,2,15,,299774,19,0,5,1,14,,299812,19,0,99 23 3 24,1,11,,299825,19,0,5,1,51,,299777,19,0,5,1,9,,299787,19,0,99 23 3 24,2,10,,299814,19,0,5,1,10,,299830,19,0,5,2,11,,299824,19,0,99 23 3 24,2,10,,299807,19,0,5,2,51,,299833,19,0,5,2,11,,299801,19,0,99 23 3 24,1,11,,299836,19,0,5,1,10,,299775,19,0,5,1,13,,299826,19,0,99 23 3 24,1,53,,299818,19,0,5,1,12,,299788,19,0,99 23 3 24,2,12,,299831,19,0,5,2,13,,299771,19,0,5,1,14,,299778,19,0,99 23 3 24,1,54,,299834,19,0,5,2,13,,299792,19,0,5,2,14,,299813,19,0,99 23 3 24,1,13,,299835,19,0,5,2,53,,299827,19,0,5,1,15,,299832,19,0,99 23 3 24,2,14,,299789,19,0,5,2,17,,299779,19,0,5,1,58,,299797,19,0,99 23 3 24,1,18,,299793,19,0,5,2,25,,299828,19,0,5,1,67,,299790,19,0,99 23 3 24,2,25,,299780,19,0,5,1,69,,299794,19,0,99 23 3 24,2,29,,299829,19,0,5,1,70,,299791,19,0,99 23 3 24,2,32,,299781,19,0,5,1
4801,'H58S200F-80-F2',552,,299859,19,0,5,2,61,,299874,19,0,5,2,35,,299839,19,0,99 23 3 24,2,71,,299861,19,0,5,1,32,,299853,19,0,99 23 3 24,2,71,,299865,19,0,5,1,30,,299840,19,0,99 23 3 24,2,69,,299862,19,0,5,1,29,,299854,19,0,99 23 3 24,2,60,,299860,19,0,5,2,22,,299866,19,0,99 23 3 24,1,23,,299841,19,0,5,2,62,,299881,19,0,99 23 3 24,1,21,,299863,19,0,5,1,19,,299855,19,0,99 23 3 24,2,57,,299884,19,0,5,2,18,,299849,19,0,99 23 3 24,1,18,,299867,19,0,5,1,59,,299842,19,0,99 23 3 24,2,18,,299882,19,0,5,1,18,,299871,19,0,99 23 3 24,2,58,,299856,19,0,5,2,14,,299885,19,0,5,2,15,,299850,19,0,99 23 3 24,1,15,,299868,19,0,5,1,54,,299875,19,0,5,1,15,,299843,19,0,99 23 3 24,2,15,,299883,19,0,5,1,14,,299872,19,0,99 23 3 24,2,55,,299857,19,0,5,2,15,,299886,19,0,99 23 3 24,2,15,,299851,19,0,5,1,14,,299869,19,0,99 23 3 24,1,11,,299887,19,0,5,1,51,,299876,19,0,5,1,9,,299844,19,0,99 23 3 24,2,10,,299837,19,0,5,1,10,,299892,19,0,5,2,11,,299873,19,0,99 23 3 24,2,10,,299858,19,0,5,2,51,,299894,19,0,5,2,11,,299864,19,0,99 23 3 24,1,11,,299838,19,0,5,1,10,,299852,19,0,5,1,13,,299888,19,0,99 23 3 24,1,53,,299900,19,0,5,1,12,,299845,19,0,99 23 3 24,2,12,,299893,19,0,5,2,13,,299901,19,0,5,1,14,,299877,19,0,99 23 3 24,1,54,,299895,19,0,5,2,13,,299896,19,0,5,2,14,,299870,19,0,99 23 3 24,1,13,,299902,19,0,5,2,53,,299889,19,0,5,1,15,,299903,19,0,99 23 3 24,2,14,,299846,19,0,5,2,17,,299878,19,0,5,1,58,,299899,19,0,99 23 3 24,1,18,,299897,19,0,5,2,25,,299890,19,0,5,1,67,,299847,19,0,99 23 3 24,2,25,,299879,19,0,5,1,69,,299898,19,0,99 23 3 24,2,29,,299891,19,0,5,1,70,,299848,19,0,99 23 3 24,2,32,,299880,19,0,5,1
35301,'H54S000A-80-A',2658,,346036,63,0,5,1,89,,346034,63,0,5,2,85,,346035,63,0,5,1,81,,346033,63,0,5,1
35301,'H54S000I-80-I',2614,,346038,63,0,5,1,88,,346040,63,0,5,1,45,,346041,63,0,5,1,85,,346037,63,0,5,2,81,,346039,63,0,5,1
35301,'H54S000S-80-S',2614,,346042,63,0,5,1,45,,346044,63,0,5,1,85,,346045,63,0,5,1,85,,346043,63,0,5,2,80,,346046,63,0,5,2
35301,'H54S100F-80-F1',2614,,346048,63,0,5,1,88,,346050,63,0,5,1,45,,346051,63,0,5,1,85,,346047,63,0,5,2,81,,346049,63,0,5,1
35301,'H54S200F-80-F2',2614,,346053,63,0,5,1,88,,346055,63,0,5,1,45,,346056,63,0,5,1,85,,346052,63,0,5,2,81,,346054,63,0,5,1
43203,'H54S000S-80-S',942,,347925,24,0,99 108,1,70,,347943,24,0,99 108,1,33,,347935,24,0,99 108,1,71,,347930,24,0,99 108,2,31,,347926,24,0,99 108,1,71,,347946,24,0,99 108,2,31,,347936,24,0,99 108,1,70,,347931,24,0,99 108,2,29,,347927,24,0,99 108,1,69,,347947,24,0,99 108,2,30,,347937,24,0,99 108,1,70,,347932,24,0,99 108,2,30,,347928,24,0,99 108,1,72,,347939,24,0,99 108,2,21,,347948,24,0,99 108,2,13,,347938,24,0,99 108,1,54,,347944,24,0,99 108,1,15,,347933,24,0,99 108,2,15,,347920,24,0,99 108,1,17,,347929,24,0,99 108,1,60,,347940,24,0,99 108,2,25,,347945,24,0,99 108,1,69,,347921,24,0,99 108,1,31,,347941,24,0,99 108,2
