10302,'H50S000A-82-A',552,,315684,6,0,10,2,70,,315643,6,0,10,1,29,,315685,6,0,10,2,69,,315644,6,0,10,1,29,,315686,6,0,10,2,71,,315645,6,0,10,1,32,,315687,6,0,10,2,56,,315659,6,0,10,1,15,,315646,6,0,10,1,30,,315688,6,0,10,2,68,,315647,6,0,10,1,15,,315660,6,0,10,1,20,,315690,6,0,10,1,65,,315648,6,0,10,1,30,,315689,6,0,10,2,68,,315649,6,0,10,1,24,,315693,6,0,10,2,63,,315661,6,0,10,1,23,,315650,6,0,10,1,23,,315694,6,0,10,2,63,,315662,6,0,10,1,20,,315651,6,0,10,1,17,,315695,6,0,10,2,55,,315653,6,0,10,1,12,,315673,6,0,10,1,12,,315663,6,0,10,1,12,,315652,6,0,10,1,13,,315654,6,0,10,1,53,,315696,6,0,10,2,13,,315674,6,0,10,1,15,,315664,6,0,10,1,14,,315641,6,0,10,1,54,,315655,6,0,10,1,15,,315675,6,0,10,1,16,,315642,6,0,10,1,14,,315691,6,0,10,1,56,,315656,6,0,10,1,17,,315676,6,0,10,1,17,,315665,6,0,10,1,17,,315692,6,0,10,1,58,,315657,6,0,10,1,21,,315666,6,0,10,1,21,,315677,6,0,10,2,60,,315658,6,0,10,1,26,,315667,6,0,10,1,68,,315678,6,0,10,2,28,,315668,6,0,10,1,68,,315679,6,0,10,2,29,,315669,6,0,10,1,67,,315680,6,0,10,2,29,,315670,6,0,10,1,69,,315681,6,0,10,2,28,,315671,6,0,10,1,28,,315682,6,0,10,2,68,,315672,6,0,10,1,28,,315683,6,0,10,2
10302,'H50S000I-82-I',617,,315742,6,0,10,1,30,,315715,6,0,10,2,70,,315743,6,0,10,1,31,,315716,6,0,10,2,70,,315744,6,0,10,1,29,,315717,6,0,10,2,70,,315698,6,0,10,1,31,,315739,6,0,10,1,73,,315699,6,0,10,1,29,,315718,6,0,10,2,72,,315700,6,0,10,1,30,,315719,6,0,10,2,72,,315701,6,0,10,1,24,,315720,6,0,10,2,62,,315726,6,0,10,1,21,,315702,6,0,10,1,21,,315721,6,0,10,2,61,,315727,6,0,10,1,20,,315703,6,0,10,1,20,,315722,6,0,10,2,60,,315728,6,0,10,1,20,,315704,6,0,10,1,20,,315723,6,0,10,2,58,,315729,6,0,10,1,18,,315705,6,0,10,1,20,,315724,6,0,10,2,60,,315741,6,0,10,1,16,,315730,6,0,10,1,15,,315706,6,0,10,1,15,,315740,6,0,10,2,55,,315731,6,0,10,1,15,,315697,6,0,10,1,15,,315707,6,0,10,1,16,,315725,6,0,10,2,60,,315732,6,0,10,1,25,,315708,6,0,10,1,68,,315733,6,0,10,1,28,,315709,6,0,10,1,67,,315734,6,0,10,1,29,,315710,6,0,10,1,69,,315735,6,0,10,1,29,,315711,6,0,10,1,28,,315736,6,0,10,1,69,,315712,6,0,10,1,29,,315737,6,0,10,1,68,,315713,6,0,10,1,29,,315738,6,0,10,1,69,,315714,6,0,10,1
10302,'H50S000S-82-S',547,,315747,6,0,10,1,69,,315760,6,0,10,1,10,,315818,6,0,10,2,22,,315748,6,0,10,1,71,,315819,6,0,10,2,32,,315749,6,0,10,1,72,,315759,6,0,10,1,29,,315750,6,0,10,1,70,,315761,6,0,10,1,29,,315751,6,0,10,1,52,,315767,6,0,10,2,15,,315762,6,0,10,1,15,,315782,6,0,10,1,14,,315752,6,0,10,1,54,,315768,6,0,10,2,14,,315763,6,0,10,1,14,,315783,6,0,10,1,14,,315753,6,0,10,1,61,,315769,6,0,10,2,23,,315784,6,0,10,1,19,,315754,6,0,10,1,57,,315764,6,0,10,1,17,,315770,6,0,10,2,16,,315785,6,0,10,1,17,,315755,6,0,10,1,55,,315765,6,0,10,1,15,,315771,6,0,10,2,15,,315786,6,0,10,1,13,,315756,6,0,10,1,51,,315773,6,0,10,2,11,,315766,6,0,10,1,9,,315776,6,0,10,2,8,,315772,6,0,10,2,7,,315793,6,0,10,1,7,,315787,6,0,10,1,13,,315813,6,0,10,1,46,,315757,6,0,10,1,5,,315774,6,0,10,2,5,,315790,6,0,10,2,5,,315779,6,0,10,1,6,,315777,6,0,10,2,6,,315794,6,0,10,1,20,,315788,6,0,10,1,5,,315758,6,0,10,1,45,,315775,6,0,10,2,6,,315791,6,0,10,2,6,,315814,6,0,10,1,5,,315780,6,0,10,1,5,,315795,6,0,10,1,6,,315778,6,0,10,2,12,,315745,6,0,10,2,5,,315804,6,0,10,1,6,,315789,6,0,10,1,7,,315792,6,0,10,2,48,,315815,6,0,10,1,8,,315796,6,0,10,1,8,,315781,6,0,10,1,11,,315746,6,0,10,2,12,,315805,6,0,10,1,12,,315816,6,0,10,1,54,,315797,6,0,10,1,15,,315820,6,0,10,1,15,,315806,6,0,10,1,15,,315817,6,0,10,1,57,,315798,6,0,10,1,21,,315807,6,0,10,1,79,,315799,6,0,10,1,25,,315808,6,0,10,1,68,,315800,6,0,10,1,28,,315809,6,0,10,1,68,,315801,6,0,10,1,28,,315810,6,0,10,1,28,,315802,6,0,10,1,67,,315811,6,0,10,1,29,,315803,6,0,10,1,70,,315812,6,0,10,1
10302,'H50S100F-80-F1',617,,315866,6,0,10,1,30,,315839,6,0,10,2,70,,315867,6,0,10,1,31,,315840,6,0,10,2,70,,315868,6,0,10,1,29,,315841,6,0,10,2,70,,315822,6,0,10,1,31,,315863,6,0,10,1,73,,315823,6,0,10,1,29,,315842,6,0,10,2,72,,315824,6,0,10,1,30,,315843,6,0,10,2,72,,315825,6,0,10,1,24,,315844,6,0,10,2,62,,315850,6,0,10,1,21,,315826,6,0,10,1,21,,315845,6,0,10,2,61,,315851,6,0,10,1,20,,315827,6,0,10,1,20,,315846,6,0,10,2,60,,315852,6,0,10,1,20,,315828,6,0,10,1,20,,315847,6,0,10,2,58,,315853,6,0,10,1,18,,315829,6,0,10,1,20,,315848,6,0,10,2,60,,315865,6,0,10,1,16,,315854,6,0,10,1,15,,315830,6,0,10,1,15,,315864,6,0,10,2,55,,315855,6,0,10,1,15,,315821,6,0,10,1,15,,315831,6,0,10,1,16,,315849,6,0,10,2,60,,315856,6,0,10,1,25,,315832,6,0,10,1,68,,315857,6,0,10,1,28,,315833,6,0,10,1,67,,315858,6,0,10,1,29,,315834,6,0,10,1,69,,315859,6,0,10,1,29,,315835,6,0,10,1,28,,315860,6,0,10,1,69,,315836,6,0,10,1,29,,315861,6,0,10,1,68,,315837,6,0,10,1,29,,315862,6,0,10,1,69,,315838,6,0,10,1
10302,'H50S200F-80-F2',617,,315914,6,0,10,1,30,,315887,6,0,10,2,70,,315915,6,0,10,1,31,,315888,6,0,10,2,70,,315916,6,0,10,1,29,,315889,6,0,10,2,70,,315870,6,0,10,1,31,,315911,6,0,10,1,73,,315871,6,0,10,1,29,,315890,6,0,10,2,72,,315872,6,0,10,1,30,,315891,6,0,10,2,72,,315873,6,0,10,1,24,,315892,6,0,10,2,62,,315898,6,0,10,1,21,,315874,6,0,10,1,21,,315893,6,0,10,2,61,,315899,6,0,10,1,20,,315875,6,0,10,1,20,,315894,6,0,10,2,60,,315900,6,0,10,1,20,,315876,6,0,10,1,20,,315895,6,0,10,2,58,,315901,6,0,10,1,18,,315877,6,0,10,1,20,,315896,6,0,10,2,60,,315913,6,0,10,1,16,,315902,6,0,10,1,15,,315878,6,0,10,1,15,,315912,6,0,10,2,55,,315903,6,0,10,1,15,,315869,6,0,10,1,15,,315879,6,0,10,1,16,,315897,6,0,10,2,60,,315904,6,0,10,1,25,,315880,6,0,10,1,68,,315905,6,0,10,1,28,,315881,6,0,10,1,67,,315906,6,0,10,1,29,,315882,6,0,10,1,69,,315907,6,0,10,1,29,,315883,6,0,10,1,28,,315908,6,0,10,1,69,,315884,6,0,10,1,29,,315909,6,0,10,1,68,,315885,6,0,10,1,29,,315910,6,0,10,1,69,,315886,6,0,10,1
10302,'H56S000S-82-S',1636,,315917,6,0,10,1,98,,315918,6,0,10,1
10302,'H57S000S-80-S',2053,,315919,6,0,10,1
10302,'H59S000S-80-S',1551,,315920,6,0,10,2,92,,315921,6,0,10,2
16202,'H50S000A-82-A',603,,329480,6,0,10,2,27,,329481,6,0,10,1,71,,329491,6,0,10,1,31,,329482,6,0,10,1,73,,329492,6,0,10,1,33,,329483,6,0,10,1,73,,329493,6,0,10,1,30,,329511,6,0,10,2,70,,329484,6,0,10,1,29,,329494,6,0,10,1,68,,329512,6,0,10,2,28,,329485,6,0,10,1,68,,329507,6,0,10,1,30,,329495,6,0,10,1,70,,329486,6,0,10,2,30,,329508,6,0,10,1,70,,329496,6,0,10,1,31,,329487,6,0,10,2,70,,329509,6,0,10,1,30,,329497,6,0,10,1,69,,329488,6,0,10,2,29,,329510,6,0,10,1,70,,329498,6,0,10,1,29,,329489,6,0,10,2,69,,329513,6,0,10,2,29,,329499,6,0,10,1,70,,329490,6,0,10,2,31,,329514,6,0,10,2,72,,329500,6,0,10,1,33,,329515,6,0,10,2,70,,329501,6,0,10,1,31,,329516,6,0,10,2,70,,329502,6,0,10,1,31,,329517,6,0,10,2,69,,329503,6,0,10,1,31,,329518,6,0,10,2,69,,329504,6,0,10,1,30,,329519,6,0,10,2,68,,329505,6,0,10,1,29,,329520,6,0,10,2,69,,329506,6,0,10,1
16202,'H50S000I-82-I',603,,329521,6,0,10,1,29,,329526,6,0,10,2,73,,329522,6,0,10,1,32,,329527,6,0,10,2,71,,329523,6,0,10,1,29,,329532,6,0,10,1,70,,329528,6,0,10,2,32,,329524,6,0,10,2,70,,329558,6,0,10,1,33,,329533,6,0,10,1,70,,329529,6,0,10,2,31,,329538,6,0,10,2,71,,329534,6,0,10,1,31,,329530,6,0,10,2,71,,329539,6,0,10,2,31,,329535,6,0,10,1,72,,329531,6,0,10,2,32,,329540,6,0,10,2,73,,329536,6,0,10,1,33,,329549,6,0,10,1,73,,329541,6,0,10,2,71,,329537,6,0,10,1,33,,329525,6,0,10,2,72,,329550,6,0,10,1,33,,329542,6,0,10,2,73,,329551,6,0,10,1,33,,329543,6,0,10,2,73,,329552,6,0,10,1,32,,329544,6,0,10,2,73,,329553,6,0,10,1,32,,329545,6,0,10,2,72,,329554,6,0,10,1,32,,329546,6,0,10,2,71,,329555,6,0,10,1,71,,329547,6,0,10,2,31,,329556,6,0,10,1,71,,329548,6,0,10,2,30,,329557,6,0,10,1
16202,'H50S000S-82-S',619,,329559,6,0,10,1,31,,329590,6,0,10,2,70,,329563,6,0,10,1,32,,329577,6,0,10,2,71,,329591,6,0,10,1,31,,329564,6,0,10,1,71,,329578,6,0,10,2,31,,329592,6,0,10,1,72,,329565,6,0,10,1,72,,329579,6,0,10,2,30,,329593,6,0,10,1,70,,329566,6,0,10,1,31,,329580,6,0,10,2,70,,329594,6,0,10,1,30,,329567,6,0,10,1,70,,329581,6,0,10,2,31,,329595,6,0,10,1,71,,329568,6,0,10,1,30,,329582,6,0,10,2,70,,329596,6,0,10,1,30,,329560,6,0,10,1,70,,329569,6,0,10,1,30,,329583,6,0,10,2,69,,329597,6,0,10,1,30,,329570,6,0,10,1,71,,329584,6,0,10,2,29,,329561,6,0,10,1,70,,329571,6,0,10,1,30,,329585,6,0,10,2,70,,329562,6,0,10,1,31,,329572,6,0,10,1,70,,329586,6,0,10,2,33,,329573,6,0,10,1,70,,329587,6,0,10,2,30,,329574,6,0,10,1,69,,329588,6,0,10,2,29,,329575,6,0,10,1,69,,329589,6,0,10,2,30,,329576,6,0,10,1
16202,'H50S100F-80-F1',603,,329598,6,0,10,1,29,,329603,6,0,10,2,73,,329599,6,0,10,1,32,,329604,6,0,10,2,71,,329600,6,0,10,1,29,,329609,6,0,10,1,70,,329605,6,0,10,2,32,,329601,6,0,10,2,70,,329635,6,0,10,1,33,,329610,6,0,10,1,70,,329606,6,0,10,2,31,,329615,6,0,10,2,71,,329611,6,0,10,1,31,,329607,6,0,10,2,71,,329616,6,0,10,2,31,,329612,6,0,10,1,72,,329608,6,0,10,2,32,,329617,6,0,10,2,73,,329613,6,0,10,1,33,,329626,6,0,10,1,73,,329618,6,0,10,2,71,,329614,6,0,10,1,33,,329602,6,0,10,2,72,,329627,6,0,10,1,33,,329619,6,0,10,2,73,,329628,6,0,10,1,33,,329620,6,0,10,2,73,,329629,6,0,10,1,32,,329621,6,0,10,2,73,,329630,6,0,10,1,32,,329622,6,0,10,2,72,,329631,6,0,10,1,32,,329623,6,0,10,2,71,,329632,6,0,10,1,71,,329624,6,0,10,2,31,,329633,6,0,10,1,71,,329625,6,0,10,2,30,,329634,6,0,10,1
16202,'H50S200F-80-F2',603,,329636,6,0,10,1,29,,329641,6,0,10,2,73,,329637,6,0,10,1,32,,329642,6,0,10,2,71,,329638,6,0,10,1,29,,329647,6,0,10,1,70,,329643,6,0,10,2,32,,329639,6,0,10,2,70,,329673,6,0,10,1,33,,329648,6,0,10,1,70,,329644,6,0,10,2,31,,329653,6,0,10,2,71,,329649,6,0,10,1,31,,329645,6,0,10,2,71,,329654,6,0,10,2,31,,329650,6,0,10,1,72,,329646,6,0,10,2,32,,329655,6,0,10,2,73,,329651,6,0,10,1,33,,329664,6,0,10,1,73,,329656,6,0,10,2,71,,329652,6,0,10,1,33,,329640,6,0,10,2,72,,329665,6,0,10,1,33,,329657,6,0,10,2,73,,329666,6,0,10,1,33,,329658,6,0,10,2,73,,329667,6,0,10,1,32,,329659,6,0,10,2,73,,329668,6,0,10,1,32,,329660,6,0,10,2,72,,329669,6,0,10,1,32,,329661,6,0,10,2,71,,329670,6,0,10,1,71,,329662,6,0,10,2,31,,329671,6,0,10,1,71,,329663,6,0,10,2,30,,329672,6,0,10,1
