4901,'H54S000S-80-S',1740,,300275,61,0,5,2,9,,300274,61,0,5,2,68,,300273,61,0,5,2,17,,300276,61,0,5,2
4901,'H57S000S-80-S',1615,,300277,61,0,5,1,130,,300279,61,0,5,1,61,,300278,61,0,5,1,16,,300280,61,0,5,2
4901,'H58S000A-80-A',633,,300281,61,0,5,2,70,,300307,61,0,5,1,29,,300289,61,0,5,1,70,,300304,61,0,5,1,28,,300311,61,0,5,2,70,,300282,61,0,5,2,30,,300308,61,0,5,1,72,,300290,61,0,5,1,32,,300305,61,0,5,1,71,,300313,61,0,5,2,30,,300283,61,0,5,2,70,,300309,61,0,5,1,26,,300291,61,0,5,1,25,,300322,61,0,5,2,62,,300306,61,0,5,1,25,,300314,61,0,5,2,64,,300284,61,0,5,2,24,,300287,61,0,5,1,23,,300292,61,0,5,1,61,,300331,61,0,5,1,21,,300323,61,0,5,2,20,,300336,61,0,5,2,60,,300315,61,0,5,2,18,,300285,61,0,5,2,15,,300302,61,0,5,2,9,,300344,61,0,5,2,50,,300334,61,0,5,1,11,,300288,61,0,5,1,11,,300293,61,0,5,1,10,,300330,61,0,5,2,10,,300332,61,0,5,1,50,,300326,61,0,5,1,9,,300324,61,0,5,2,10,,300343,61,0,5,1,10,,300337,61,0,5,2,9,,300338,61,0,5,2,8,,300300,61,0,5,1,9,,300316,61,0,5,2,48,,300318,61,0,5,1,8,,300303,61,0,5,2,10,,300342,61,0,5,2,10,,300335,61,0,5,1,12,,300301,61,0,5,2,12,,300294,61,0,5,1,54,,300333,61,0,5,1,14,,300327,61,0,5,2,14,,300325,61,0,5,2,15,,300339,61,0,5,2,59,,300312,61,0,5,1,19,,300319,61,0,5,1,20,,300297,61,0,5,1,60,,300310,61,0,5,1,20,,300295,61,0,5,1,23,,300328,61,0,5,2,56,,300317,61,0,5,1,16,,300340,61,0,5,2,22,,300320,61,0,5,1,57,,300286,61,0,5,2,17,,300298,61,0,5,1,21,,300296,61,0,5,1,63,,300329,61,0,5,2,27,,300341,61,0,5,2,27,,300321,61,0,5,1,71,,300299,61,0,5,1
4901,'H58S000I-80-I',630,,300345,61,0,5,2,71,,300346,61,0,5,1,28,,300356,61,0,5,2,28,,300367,61,0,5,2,69,,300369,61,0,5,1,74,,300360,61,0,5,2,31,,300347,61,0,5,1,69,,300374,61,0,5,1,30,,300357,61,0,5,1,70,,300377,61,0,5,2,31,,300361,61,0,5,2,72,,300348,61,0,5,1,32,,300375,61,0,5,1,70,,300358,61,0,5,1,30,,300378,61,0,5,2,71,,300362,61,0,5,2,30,,300349,61,0,5,1,66,,300370,61,0,5,1,23,,300391,61,0,5,2,21,,300359,61,0,5,1,58,,300379,61,0,5,2,15,,300393,61,0,5,2,16,,300382,61,0,5,1,14,,300363,61,0,5,2,54,,300350,61,0,5,1,14,,300368,61,0,5,1,12,,300371,61,0,5,1,13,,300390,61,0,5,1,12,,300387,61,0,5,2,52,,300364,61,0,5,2,12,,300352,61,0,5,2,15,,300380,61,0,5,2,15,,300381,61,0,5,2,54,,300383,61,0,5,1,14,,300376,61,0,5,1,15,,300351,61,0,5,1,13,,300392,61,0,5,1,60,,300372,61,0,5,1,20,,300365,61,0,5,2,19,,300355,61,0,5,1,59,,300394,61,0,5,2,20,,300384,61,0,5,1,22,,300373,61,0,5,1,62,,300388,61,0,5,2,22,,300397,61,0,5,2,19,,300366,61,0,5,2,59,,300353,61,0,5,1,13,,300395,61,0,5,2,24,,300385,61,0,5,1,65,,300389,61,0,5,2,30,,300398,61,0,5,2,69,,300354,61,0,5,1,28,,300396,61,0,5,2,24,,300386,61,0,5,1
4901,'H58S000S-83-S',626,,300402,61,0,5,2,17,,300404,61,0,5,2,63,,300416,61,0,5,2,26,,300412,61,0,5,1,22,,300418,61,0,5,1,49,,300420,61,0,5,2,9,,300426,61,0,5,2,23,,300433,61,0,5,2,19,,300403,61,0,5,2,59,,300405,61,0,5,2,27,,300443,61,0,5,2,65,,300413,61,0,5,1,32,,300421,61,0,5,2,66,,300434,61,0,5,2,29,,300437,61,0,5,1,72,,300441,61,0,5,1,28,,300399,61,0,5,1,19,,300414,61,0,5,1,58,,300422,61,0,5,2,16,,300406,61,0,5,1,16,,300435,61,0,5,2,17,,300424,61,0,5,1,56,,300438,61,0,5,1,16,,300428,61,0,5,2,16,,300430,61,0,5,1,54,,300400,61,0,5,1,14,,300451,61,0,5,2,14,,300415,61,0,5,1,17,,300410,61,0,5,2,12,,300423,61,0,5,2,50,,300407,61,0,5,1,17,,300459,61,0,5,2,9,,300468,61,0,5,2,7,,300425,61,0,5,1,8,,300477,61,0,5,1,9,,300455,61,0,5,2,47,,300439,61,0,5,1,8,,300453,61,0,5,2,6,,300429,61,0,5,2,7,,300409,61,0,5,2,6,,300431,61,0,5,1,4,,300473,61,0,5,2,17,,300401,61,0,5,1,5,,300452,61,0,5,2,44,,300447,61,0,5,1,9,,300469,61,0,5,2,18,,300479,61,0,5,2,13,,300408,61,0,5,1,6,,300444,61,0,5,1,5,,300467,61,0,5,2,6,,300481,61,0,5,2,47,,300446,61,0,5,2,6,,300462,61,0,5,2,6,,300478,61,0,5,1,7,,300456,61,0,5,2,9,,300458,61,0,5,2,8,,300454,61,0,5,2,10,,300442,61,0,5,1,52,,300474,61,0,5,2,12,,300445,61,0,5,2,12,,300448,61,0,5,1,13,,300480,61,0,5,2,13,,300463,61,0,5,2,52,,300464,61,0,5,2,13,,300482,61,0,5,1,14,,300417,61,0,5,1,13,,300457,61,0,5,2,13,,300436,61,0,5,2,54,,300475,61,0,5,2,16,,300471,61,0,5,2,15,,300449,61,0,5,1,57,,300460,61,0,5,1,19,,300465,61,0,5,2,22,,300470,61,0,5,2,67,,300476,61,0,5,2,28,,300411,61,0,5,2,64,,300472,61,0,5,1,20,,300461,61,0,5,1,20,,300466,61,0,5,2,18,,300450,61,0,5,1,54,,300427,61,0,5,1
4901,'H58S100F-80-F1',632,,300486,61,0,5,2,69,,300503,61,0,5,1,26,,300506,61,0,5,1,29,,300508,61,0,5,2,69,,300521,61,0,5,2,33,,300487,61,0,5,2,70,,300504,61,0,5,1,72,,300491,61,0,5,2,32,,300499,61,0,5,1,70,,300522,61,0,5,2,30,,300488,61,0,5,2,69,,300527,61,0,5,1,27,,300492,61,0,5,2,25,,300509,61,0,5,2,62,,300483,61,0,5,1,26,,300523,61,0,5,2,64,,300489,61,0,5,2,27,,300529,61,0,5,2,23,,300493,61,0,5,2,61,,300515,61,0,5,1,20,,300510,61,0,5,2,20,,300484,61,0,5,1,58,,300524,61,0,5,2,18,,300490,61,0,5,2,15,,300539,61,0,5,1,9,,300512,61,0,5,1,50,,300530,61,0,5,2,11,,300541,61,0,5,2,11,,300494,61,0,5,2,11,,300534,61,0,5,1,10,,300516,61,0,5,1,10,,300498,61,0,5,1,50,,300542,61,0,5,2,10,,300507,61,0,5,1,10,,300485,61,0,5,1,9,,300535,61,0,5,1,9,,300526,61,0,5,2,9,,300525,61,0,5,2,48,,300500,61,0,5,1,9,,300540,61,0,5,1,10,,300511,61,0,5,2,9,,300531,61,0,5,2,9,,300513,61,0,5,2,12,,300495,61,0,5,2,54,,300517,61,0,5,1,14,,300518,61,0,5,2,14,,300543,61,0,5,2,15,,300536,61,0,5,1,59,,300514,61,0,5,1,19,,300501,61,0,5,1,20,,300532,61,0,5,2,59,,300505,61,0,5,1,20,,300496,61,0,5,2,23,,300519,61,0,5,2,56,,300528,61,0,5,1,16,,300537,61,0,5,1,21,,300502,61,0,5,1,16,,300544,61,0,5,2,57,,300533,61,0,5,2,21,,300497,61,0,5,2,67,,300520,61,0,5,2,29,,300538,61,0,5,1,26,,300545,61,0,5,2
4901,'H58S200F-80-F2',632,,300552,61,0,5,2,69,,300583,61,0,5,1,26,,300546,61,0,5,1,29,,300586,61,0,5,2,69,,300557,61,0,5,2,33,,300553,61,0,5,2,70,,300584,61,0,5,1,72,,300576,61,0,5,2,32,,300562,61,0,5,1,70,,300558,61,0,5,2,30,,300554,61,0,5,2,69,,300602,61,0,5,1,27,,300577,61,0,5,2,25,,300587,61,0,5,2,62,,300573,61,0,5,1,26,,300559,61,0,5,2,64,,300555,61,0,5,2,27,,300566,61,0,5,2,23,,300578,61,0,5,2,61,,300589,61,0,5,1,20,,300588,61,0,5,2,20,,300574,61,0,5,1,58,,300560,61,0,5,2,18,,300556,61,0,5,2,15,,300571,61,0,5,1,9,,300598,61,0,5,1,50,,300567,61,0,5,2,11,,300606,61,0,5,2,11,,300579,61,0,5,2,11,,300599,61,0,5,1,10,,300590,61,0,5,1,10,,300596,61,0,5,1,50,,300604,61,0,5,2,10,,300597,61,0,5,1,10,,300575,61,0,5,1,9,,300592,61,0,5,1,9,,300551,61,0,5,2,9,,300561,61,0,5,2,48,,300563,61,0,5,1,9,,300572,61,0,5,1,10,,300601,61,0,5,2,9,,300568,61,0,5,2,9,,300550,61,0,5,2,12,,300580,61,0,5,2,54,,300591,61,0,5,1,14,,300547,61,0,5,2,14,,300600,61,0,5,2,15,,300593,61,0,5,1,59,,300605,61,0,5,1,19,,300564,61,0,5,1,20,,300569,61,0,5,2,59,,300585,61,0,5,1,20,,300581,61,0,5,2,23,,300548,61,0,5,2,56,,300603,61,0,5,1,16,,300594,61,0,5,1,21,,300565,61,0,5,1,16,,300607,61,0,5,2,57,,300570,61,0,5,2,21,,300582,61,0,5,2,67,,300549,61,0,5,2,29,,300595,61,0,5,1,26,,300608,61,0,5,2
4902,'H58S000S-83-S',435,,300726,11,0,10,2,20,,300732,11,0,10,1,70,,300738,11,0,10,2,15,,300744,11,0,10,1,1105,,300781,5,0,10,2,86,,300789,5,0,10,2,114,,300792,5,0,10,2
18301,'H54S000A-80-A',1036,,334743,12,0,5,1,102,,334744,12,0,5,1,100,,334745,12,0,5,1,100,,334746,12,0,5,1,100,,334747,12,0,5,1,101,,334748,12,0,5,1,103,,334749,12,0,5,1,104,,334750,12,0,5,1,104,,334751,12,0,5,1,107,,334752,12,0,5,1
18301,'H54S000I-80-I',1038,,334753,12,0,5,1,110,,334754,12,0,5,1,110,,334755,12,0,5,1,148,,334756,12,0,5,1,112,,334757,12,0,5,1,110,,334758,12,0,5,1,110,,334761,12,0,5,1,110,,334759,12,0,5,1,109,,334760,12,0,5,1
18301,'H54S000S-80-S',605,,334764,12,0,5,1,102,,334765,12,0,5,1,103,,334766,12,0,5,1,105,,334767,12,0,5,1,104,,334768,12,0,5,1,105,,334769,12,0,5,1,107,,334770,12,0,5,1,105,,334771,12,0,5,1,105,,334772,12,0,5,1,106,,334773,12,0,5,1,109,,334774,12,0,5,1,149,,334775,12,0,5,1,109,,334776,12,0,5,1,110,,334777,12,0,5,1,110,,334763,12,0,5,1,111,,334762,12,0,5,2
18301,'H54S100F-80-F1',1038,,334778,12,0,5,1,110,,334779,12,0,5,1,110,,334780,12,0,5,1,148,,334781,12,0,5,1,112,,334782,12,0,5,1,110,,334783,12,0,5,1,110,,334786,12,0,5,1,110,,334784,12,0,5,1,109,,334785,12,0,5,1
18301,'H54S200F-80-F2',1038,,334787,12,0,5,1,110,,334788,12,0,5,1,110,,334789,12,0,5,1,148,,334790,12,0,5,1,112,,334791,12,0,5,1,110,,334792,12,0,5,1,110,,334795,12,0,5,1,110,,334793,12,0,5,1,109,,334794,12,0,5,1
