5503,'H50S000S-82-S',533,,302644,3,0,8,1,769,,302645,3,0,8,2
5503,'H57S000S-80-S',1413,,302646,3,0,8,1
5503,'H58S000A-80-A',504,,302649,3,0,8,2,28,,302666,3,0,8,1,70,,302662,3,0,8,1,30,,302670,3,0,8,1,70,,302652,3,0,8,1,30,,302687,3,0,8,1,70,,302674,3,0,8,2,31,,302682,3,0,8,1,71,,302653,3,0,8,1,31,,302688,3,0,8,1,70,,302675,3,0,8,2,30,,302683,3,0,8,1,22,,302703,3,0,8,1,54,,302654,3,0,8,1,13,,302706,3,0,8,1,12,,302693,3,0,8,1,14,,302689,3,0,8,1,54,,302709,3,0,8,2,13,,302696,3,0,8,1,13,,302658,3,0,8,1,11,,302717,3,0,8,2,10,,302684,3,0,8,1,51,,302677,3,0,8,1,9,,302720,3,0,8,2,9,,302704,3,0,8,1,8,,302726,3,0,8,1,9,,302655,3,0,8,1,8,,302707,3,0,8,1,9,,302694,3,0,8,1,48,,302733,3,0,8,2,8,,302667,3,0,8,1,8,,302690,3,0,8,1,8,,302710,3,0,8,2,9,,302713,3,0,8,1,8,,302735,3,0,8,2,8,,302697,3,0,8,1,8,,302659,3,0,8,1,49,,302718,3,0,8,2,9,,302685,3,0,8,1,9,,302678,3,0,8,1,7,,302708,3,0,8,1,7,,302721,3,0,8,2,8,,302705,3,0,8,1,9,,302727,3,0,8,1,50,,302656,3,0,8,1,8,,302695,3,0,8,1,7,,302663,3,0,8,1,7,,302734,3,0,8,2,7,,302668,3,0,8,1,7,,302691,3,0,8,1,8,,302701,3,0,8,1,6,,302711,3,0,8,2,46,,302686,3,0,8,1,5,,302714,3,0,8,1,6,,302698,3,0,8,1,7,,302676,3,0,8,1,7,,302660,3,0,8,1,6,,302719,3,0,8,2,5,,302736,3,0,8,1,8,,302679,3,0,8,1,8,,302680,3,0,8,1,49,,302722,3,0,8,2,8,,302723,3,0,8,1,8,,302728,3,0,8,1,9,,302672,3,0,8,1,10,,302657,3,0,8,1,10,,302664,3,0,8,1,8,,302699,3,0,8,1,48,,302692,3,0,8,1,8,,302712,3,0,8,2,10,,302665,3,0,8,1,10,,302715,3,0,8,1,10,,302661,3,0,8,1,9,,302737,3,0,8,1,50,,302729,3,0,8,1,11,,302681,3,0,8,1,12,,302724,3,0,8,1,12,,302673,3,0,8,1,12,,302671,3,0,8,2,52,,302650,3,0,8,1,12,,302700,3,0,8,1,13,,302738,3,0,8,1,13,,302716,3,0,8,1,12,,302731,3,0,8,1,54,,302730,3,0,8,1,14,,302647,3,0,8,2,14,,302725,3,0,8,1,13,,302669,3,0,8,1,54,,302651,3,0,8,1,14,,302702,3,0,8,2,18,,302739,3,0,8,1,21,,302732,3,0,8,1,66,,302648,3,0,8,2
5503,'H58S000I-80-I',508,,302741,3,0,8,1,32,,302753,3,0,8,1,72,,302745,3,0,8,1,32,,302765,3,0,8,2,70,,302767,3,0,8,1,27,,302754,3,0,8,1,67,,302746,3,0,8,1,27,,302760,3,0,8,1,67,,302768,3,0,8,1,30,,302755,3,0,8,1,70,,302780,3,0,8,1,21,,302747,3,0,8,1,22,,302761,3,0,8,1,62,,302769,3,0,8,1,18,,302773,3,0,8,1,17,,302756,3,0,8,1,17,,302787,3,0,8,1,57,,302781,3,0,8,1,14,,302742,3,0,8,2,13,,302748,3,0,8,1,13,,302762,3,0,8,1,52,,302790,3,0,8,1,10,,302785,3,0,8,2,10,,302770,3,0,8,1,10,,302792,3,0,8,1,10,,302774,3,0,8,1,10,,302757,3,0,8,1,50,,302798,3,0,8,1,10,,302788,3,0,8,1,10,,302784,3,0,8,1,10,,302782,3,0,8,1,10,,302743,3,0,8,2,10,,302749,3,0,8,1,49,,302771,3,0,8,1,8,,302763,3,0,8,1,8,,302800,3,0,8,2,8,,302791,3,0,8,1,9,,302775,3,0,8,1,8,,302786,3,0,8,2,8,,302793,3,0,8,1,47,,302801,3,0,8,2,8,,302758,3,0,8,1,8,,302766,3,0,8,2,8,,302799,3,0,8,1,8,,302744,3,0,8,2,8,,302789,3,0,8,1,7,,302805,3,0,8,1,7,,302783,3,0,8,1,50,,302809,3,0,8,2,10,,302750,3,0,8,1,8,,302772,3,0,8,1,9,,302764,3,0,8,1,11,,302740,3,0,8,1,10,,302776,3,0,8,1,49,,302752,3,0,8,1,10,,302794,3,0,8,1,13,,302797,3,0,8,2,13,,302759,3,0,8,1,13,,302802,3,0,8,2,59,,302806,3,0,8,1,22,,302751,3,0,8,1,23,,302777,3,0,8,1,65,,302795,3,0,8,1,28,,302803,3,0,8,2,70,,302807,3,0,8,1,30,,302778,3,0,8,1,70,,302796,3,0,8,1,30,,302804,3,0,8,2,70,,302808,3,0,8,1,30,,302779,3,0,8,1
5503,'H58S000S-83-S',511,,302816,3,0,8,1,47,,302817,3,0,8,1,68,,302834,3,0,8,1,78,,302815,3,0,8,1,14,,302842,3,0,8,1,14,,302823,3,0,8,1,11,,302851,3,0,8,1,57,,302833,3,0,8,2,13,,302818,3,0,8,1,13,,302811,3,0,8,1,14,,302841,3,0,8,1,16,,302835,3,0,8,1,57,,302843,3,0,8,1,20,,302847,3,0,8,1,20,,302824,3,0,8,1,60,,302852,3,0,8,1,18,,302819,3,0,8,1,18,,302812,3,0,8,1,57,,302836,3,0,8,1,18,,302844,3,0,8,1,19,,302848,3,0,8,1,60,,302825,3,0,8,1,18,,302856,3,0,8,1,15,,302853,3,0,8,1,13,,302820,3,0,8,1,66,,302813,3,0,8,1,13,,302837,3,0,8,1,13,,302860,3,0,8,2,11,,302845,3,0,8,1,51,,302861,3,0,8,1,21,,302849,3,0,8,1,10,,302826,3,0,8,1,10,,302863,3,0,8,1,10,,302857,3,0,8,1,49,,302864,3,0,8,1,9,,302840,3,0,8,2,9,,302821,3,0,8,1,9,,302873,3,0,8,2,9,,302814,3,0,8,1,10,,302877,3,0,8,2,10,,302838,3,0,8,1,50,,302885,3,0,8,2,11,,302846,3,0,8,1,10,,302876,3,0,8,2,10,,302878,3,0,8,1,10,,302862,3,0,8,1,8,,302850,3,0,8,1,48,,302884,3,0,8,1,7,,302827,3,0,8,1,7,,302868,3,0,8,1,9,,302858,3,0,8,1,8,,302810,3,0,8,1,8,,302865,3,0,8,1,8,,302875,3,0,8,2,49,,302822,3,0,8,1,10,,302882,3,0,8,2,10,,302859,3,0,8,1,9,,302874,3,0,8,2,9,,302886,3,0,8,1,10,,302831,3,0,8,1,52,,302870,3,0,8,2,13,,302879,3,0,8,1,14,,302839,3,0,8,1,14,,302828,3,0,8,1,13,,302869,3,0,8,2,54,,302866,3,0,8,1,14,,302883,3,0,8,2,19,,302871,3,0,8,1,60,,302832,3,0,8,1,20,,302880,3,0,8,1,22,,302854,3,0,8,1,59,,302829,3,0,8,1,19,,302867,3,0,8,1,19,,302830,3,0,8,2,17,,302872,3,0,8,1,66,,302881,3,0,8,1,25,,302855,3,0,8,1
5503,'H58S100F-80-F1',508,,302887,3,0,8,1,32,,302901,3,0,8,1,72,,302897,3,0,8,1,32,,302910,3,0,8,1,70,,302888,3,0,8,1,27,,302902,3,0,8,1,67,,302914,3,0,8,1,27,,302911,3,0,8,1,67,,302889,3,0,8,1,30,,302903,3,0,8,1,70,,302912,3,0,8,1,21,,302915,3,0,8,1,22,,302923,3,0,8,1,62,,302890,3,0,8,1,18,,302927,3,0,8,2,17,,302904,3,0,8,1,17,,302929,3,0,8,1,57,,302913,3,0,8,1,14,,302895,3,0,8,1,13,,302916,3,0,8,1,13,,302924,3,0,8,1,52,,302931,3,0,8,1,10,,302900,3,0,8,1,10,,302891,3,0,8,1,10,,302933,3,0,8,1,10,,302928,3,0,8,2,10,,302905,3,0,8,1,50,,302939,3,0,8,1,10,,302930,3,0,8,1,10,,302920,3,0,8,1,10,,302893,3,0,8,1,10,,302896,3,0,8,1,10,,302917,3,0,8,1,49,,302941,3,0,8,2,8,,302925,3,0,8,1,8,,302942,3,0,8,1,8,,302932,3,0,8,1,9,,302943,3,0,8,1,8,,302892,3,0,8,1,8,,302934,3,0,8,1,47,,302948,3,0,8,2,8,,302906,3,0,8,1,8,,302949,3,0,8,2,8,,302940,3,0,8,1,8,,302951,3,0,8,2,8,,302921,3,0,8,1,7,,302952,3,0,8,1,7,,302894,3,0,8,1,50,,302956,3,0,8,2,10,,302918,3,0,8,1,8,,302938,3,0,8,2,9,,302926,3,0,8,1,11,,302898,3,0,8,1,10,,302944,3,0,8,1,49,,302922,3,0,8,1,10,,302935,3,0,8,1,13,,302899,3,0,8,1,13,,302950,3,0,8,2,13,,302907,3,0,8,1,59,,302953,3,0,8,1,22,,302919,3,0,8,1,23,,302945,3,0,8,1,65,,302936,3,0,8,1,28,,302908,3,0,8,1,70,,302954,3,0,8,1,30,,302946,3,0,8,1,70,,302937,3,0,8,1,30,,302909,3,0,8,1,70,,302955,3,0,8,1,30,,302947,3,0,8,1
5503,'H58S200F-80-F2',508,,302992,3,0,8,1,32,,302998,3,0,8,1,72,,303023,3,0,8,1,32,,303004,3,0,8,1,70,,302993,3,0,8,1,27,,302999,3,0,8,1,67,,303008,3,0,8,1,27,,303005,3,0,8,1,67,,302994,3,0,8,1,30,,303000,3,0,8,1,70,,303006,3,0,8,1,21,,303009,3,0,8,1,22,,303014,3,0,8,1,62,,302995,3,0,8,1,18,,302957,3,0,8,2,17,,303001,3,0,8,1,17,,302959,3,0,8,1,57,,303007,3,0,8,1,14,,302974,3,0,8,1,13,,303010,3,0,8,1,13,,303015,3,0,8,1,52,,303018,3,0,8,1,10,,303024,3,0,8,1,10,,302996,3,0,8,1,10,,302978,3,0,8,1,10,,302958,3,0,8,2,10,,303002,3,0,8,1,50,,302976,3,0,8,1,10,,302960,3,0,8,1,10,,302966,3,0,8,1,10,,302972,3,0,8,1,10,,302975,3,0,8,1,10,,303011,3,0,8,1,49,,303025,3,0,8,2,8,,303016,3,0,8,1,8,,302970,3,0,8,1,8,,303019,3,0,8,1,9,,302983,3,0,8,1,8,,302997,3,0,8,1,8,,302979,3,0,8,1,47,,303022,3,0,8,2,8,,303003,3,0,8,1,8,,303020,3,0,8,2,8,,302977,3,0,8,1,8,,302971,3,0,8,2,8,,302967,3,0,8,1,7,,302988,3,0,8,1,7,,302973,3,0,8,1,50,,302961,3,0,8,2,10,,303012,3,0,8,1,8,,303026,3,0,8,2,9,,303017,3,0,8,1,11,,302962,3,0,8,1,10,,302984,3,0,8,1,49,,302968,3,0,8,1,10,,302980,3,0,8,1,13,,302969,3,0,8,1,13,,303021,3,0,8,2,13,,302963,3,0,8,1,59,,302989,3,0,8,1,22,,303013,3,0,8,1,23,,302985,3,0,8,1,65,,302981,3,0,8,1,28,,302964,3,0,8,1,70,,302990,3,0,8,1,30,,302986,3,0,8,1,70,,302982,3,0,8,1,30,,302965,3,0,8,1,70,,302991,3,0,8,1,30,,302987,3,0,8,1
5503,'H60S000S-83-S',655,,303027,3,0,8,1
36303,'H51S000A-80-A',2434,,346717,5,0,8,1,25,,346705,5,0,8,2,62,,346710,5,0,8,1,20,,346706,5,0,8,1,10,,346708,5,0,8,1,49,,346713,5,0,8,1,9,,346714,5,0,8,1,9,,346721,5,0,8,2,10,,346720,5,0,8,2,10,,346718,5,0,8,1,9,,346709,5,0,8,1,9,,346711,5,0,8,1,49,,346719,5,0,8,1,8,,346716,5,0,8,1,11,,346707,5,0,8,1,12,,346715,5,0,8,1,21,,346722,5,0,8,2,64,,346712,5,0,8,1,27,,346723,5,0,8,2
36303,'H51S000I-80-I',2416,,346727,5,0,8,2,87,,346724,5,0,8,1,45,,346728,5,0,8,2,84,,346725,5,0,8,1,85,,346729,5,0,8,2,85,,346726,5,0,8,1,45,,346730,5,0,8,2
36303,'H51S000S-81-S',2416,,346734,5,0,8,2,87,,346731,5,0,8,1,46,,346735,5,0,8,2,83,,346732,5,0,8,1,86,,346736,5,0,8,2,83,,346733,5,0,8,1,46,,346737,5,0,8,2
36303,'H51S000S-81-SV',2617,,346738,5,0,8,2,30,,346739,5,0,8,2,55,,346740,5,0,8,2
36303,'H51S100F-80-F1',2416,,346744,5,0,8,2,87,,346743,5,0,8,1,45,,346745,5,0,8,2,84,,346741,5,0,8,1,85,,346746,5,0,8,2,85,,346742,5,0,8,1,45,,346747,5,0,8,2
36303,'H51S200F-80-F2',2416,,346751,5,0,8,2,87,,346750,5,0,8,1,45,,346752,5,0,8,2,84,,346748,5,0,8,1,85,,346753,5,0,8,2,85,,346749,5,0,8,1,45,,346754,5,0,8,2
