2803,'H54S000A-80-A',517,,293099,24,0,8,1,22,,293125,24,0,8,2,62,,293123,24,0,8,1,31,,293132,24,0,8,1,71,,293126,24,0,8,2,31,,293124,24,0,8,1,71,,293133,24,0,8,1,31,,293127,24,0,8,2,71,,293106,24,0,8,1,31,,293134,24,0,8,1,71,,293128,24,0,8,2,31,,293107,24,0,8,1,71,,293115,24,0,8,2,31,,293100,24,0,8,1,72,,293138,24,0,8,1,31,,293135,24,0,8,1,71,,293129,24,0,8,2,31,,293108,24,0,8,1,71,,293116,24,0,8,2,31,,293101,24,0,8,1,71,,293139,24,0,8,1,31,,293136,24,0,8,1,71,,293130,24,0,8,2,31,,293109,24,0,8,1,71,,293117,24,0,8,2,31,,293102,24,0,8,1,71,,293140,24,0,8,1,31,,293137,24,0,8,1,71,,293131,24,0,8,2,31,,293110,24,0,8,1,71,,293118,24,0,8,2,71,,293103,24,0,8,1,31,,293111,24,0,8,1,71,,293119,24,0,8,2,31,,293104,24,0,8,1,71,,293112,24,0,8,1,31,,293141,24,0,8,2,70,,293120,24,0,8,2,31,,293113,24,0,8,1,71,,293105,24,0,8,1,31,,293121,24,0,8,2,71,,293114,24,0,8,1,27,,293122,24,0,8,2
2803,'H54S000I-80-I',514,,293142,24,0,8,2,24,,293167,24,0,8,2,66,,293156,24,0,8,1,26,,293174,24,0,8,2,28,,293168,24,0,8,2,70,,293157,24,0,8,1,30,,293175,24,0,8,2,70,,293169,24,0,8,2,30,,293180,24,0,8,1,70,,293176,24,0,8,2,30,,293170,24,0,8,2,71,,293158,24,0,8,1,30,,293150,24,0,8,2,70,,293143,24,0,8,2,30,,293181,24,0,8,1,70,,293177,24,0,8,2,30,,293171,24,0,8,2,70,,293159,24,0,8,1,30,,293151,24,0,8,2,70,,293144,24,0,8,2,30,,293182,24,0,8,1,70,,293178,24,0,8,2,30,,293172,24,0,8,2,70,,293160,24,0,8,1,30,,293152,24,0,8,2,70,,293145,24,0,8,2,30,,293183,24,0,8,1,70,,293179,24,0,8,2,30,,293173,24,0,8,2,70,,293161,24,0,8,1,30,,293153,24,0,8,2,70,,293146,24,0,8,2,30,,293162,24,0,8,1,69,,293154,24,0,8,2,30,,293147,24,0,8,2,69,,293163,24,0,8,1,30,,293155,24,0,8,2,70,,293148,24,0,8,1,29,,293164,24,0,8,2,69,,293184,24,0,8,1,32,,293149,24,0,8,1,69,,293165,24,0,8,2,31,,293166,24,0,8,1
2803,'H54S000S-80-S',517,,293231,24,0,8,2,30,,293228,24,0,8,1,58,,293187,24,0,8,2,16,,293232,24,0,8,2,12,,293206,24,0,8,2,23,,293191,24,0,8,1,52,,293189,24,0,8,1,18,,293230,24,0,8,2,10,,293210,24,0,8,2,9,,293188,24,0,8,2,10,,293233,24,0,8,2,51,,293207,24,0,8,2,17,,293201,24,0,8,1,17,,293190,24,0,8,1,63,,293211,24,0,8,2,29,,293208,24,0,8,2,70,,293202,24,0,8,1,29,,293212,24,0,8,2,71,,293209,24,0,8,2,30,,293203,24,0,8,1,71,,293192,24,0,8,1,32,,293213,24,0,8,1,68,,293204,24,0,8,1,30,,293193,24,0,8,1,68,,293214,24,0,8,1,28,,293205,24,0,8,1,29,,293194,24,0,8,1,72,,293215,24,0,8,1,73,,293221,24,0,8,2,32,,293195,24,0,8,1,20,,293222,11,0,8,2,50,,293216,24,0,8,1,16,,293226,11,0,8,2,14,,293217,24,0,8,2,13,,293237,11,0,8,2,54,,293196,24,0,8,1,18,,293238,11,0,8,2,12,,293223,24,0,8,2,16,,293185,11,0,8,1,55,,293218,24,0,8,2,30,,293197,24,0,8,1,70,,293235,24,0,8,2,31,,293219,24,0,8,2,71,,293198,24,0,8,1,30,,293236,24,0,8,2,69,,293220,24,0,8,2,31,,293199,24,0,8,1,70,,293224,24,0,8,1,30,,293239,24,0,8,1,68,,293200,24,0,8,1,30,,293225,24,0,8,1,70,,293240,24,0,8,1,30,,293229,24,0,8,1,68,,293186,24,0,8,1
2803,'H54S100F-80-F1',514,,293241,24,0,8,2,24,,293266,24,0,8,2,66,,293255,24,0,8,1,26,,293273,24,0,8,2,28,,293267,24,0,8,2,70,,293256,24,0,8,1,30,,293274,24,0,8,2,70,,293268,24,0,8,2,30,,293279,24,0,8,1,70,,293275,24,0,8,2,30,,293269,24,0,8,2,71,,293257,24,0,8,1,30,,293249,24,0,8,2,70,,293242,24,0,8,2,30,,293280,24,0,8,1,70,,293276,24,0,8,2,30,,293270,24,0,8,2,70,,293258,24,0,8,1,30,,293250,24,0,8,2,70,,293243,24,0,8,2,30,,293281,24,0,8,1,70,,293277,24,0,8,2,30,,293271,24,0,8,2,70,,293259,24,0,8,1,30,,293251,24,0,8,2,70,,293244,24,0,8,2,30,,293282,24,0,8,1,70,,293278,24,0,8,2,30,,293272,24,0,8,2,70,,293260,24,0,8,1,30,,293252,24,0,8,2,70,,293245,24,0,8,2,30,,293261,24,0,8,1,69,,293253,24,0,8,2,30,,293246,24,0,8,2,69,,293262,24,0,8,1,30,,293254,24,0,8,2,70,,293247,24,0,8,1,29,,293263,24,0,8,2,69,,293283,24,0,8,1,32,,293248,24,0,8,1,69,,293264,24,0,8,2,31,,293265,24,0,8,1
2803,'H54S200F-80-F2',514,,293284,24,0,8,2,24,,293309,24,0,8,2,66,,293298,24,0,8,1,26,,293316,24,0,8,2,28,,293310,24,0,8,2,70,,293299,24,0,8,1,30,,293317,24,0,8,2,70,,293311,24,0,8,2,30,,293322,24,0,8,1,70,,293318,24,0,8,2,30,,293312,24,0,8,2,71,,293300,24,0,8,1,30,,293292,24,0,8,2,70,,293285,24,0,8,2,30,,293323,24,0,8,1,70,,293319,24,0,8,2,30,,293313,24,0,8,2,70,,293301,24,0,8,1,30,,293293,24,0,8,2,70,,293286,24,0,8,2,30,,293324,24,0,8,1,70,,293320,24,0,8,2,30,,293314,24,0,8,2,70,,293302,24,0,8,1,30,,293294,24,0,8,2,70,,293287,24,0,8,2,30,,293325,24,0,8,1,70,,293321,24,0,8,2,30,,293315,24,0,8,2,70,,293303,24,0,8,1,30,,293295,24,0,8,2,70,,293288,24,0,8,2,30,,293304,24,0,8,1,69,,293296,24,0,8,2,30,,293289,24,0,8,2,69,,293305,24,0,8,1,30,,293297,24,0,8,2,70,,293290,24,0,8,1,29,,293306,24,0,8,2,69,,293326,24,0,8,1,32,,293291,24,0,8,1,69,,293307,24,0,8,2,31,,293308,24,0,8,1
2803,'H57S000S-80-S',645,,293327,24,0,8,1,72,,293328,24,0,8,1
36401,'H54S000A-80-A',2634,,346786,67,0,5,1,88,,346788,67,0,5,1,31,,346789,67,0,5,2,50,,346784,67,0,5,1,45,,346785,67,0,5,2,83,,346787,67,0,5,1
36401,'H54S000I-80-I',2627,,346793,67,0,5,1,85,,346795,67,0,5,1,30,,346790,67,0,5,1,71,,346792,67,0,5,2,31,,346791,67,0,5,1,81,,346794,67,0,5,1
36401,'H54S000S-80-S',2628,,346796,67,0,5,1,84,,346798,67,0,5,1,45,,346800,67,0,5,1,85,,346799,67,0,5,2,84,,346797,67,0,5,1
36401,'H54S100F-80-F1',2627,,346804,67,0,5,1,85,,346806,67,0,5,1,30,,346801,67,0,5,1,71,,346803,67,0,5,2,31,,346802,67,0,5,1,81,,346805,67,0,5,1
36401,'H54S200F-80-F2',2627,,346810,67,0,5,1,85,,346812,67,0,5,1,30,,346807,67,0,5,1,71,,346809,67,0,5,2,31,,346808,67,0,5,1,81,,346811,67,0,5,1
