5001,'H59S000A-80-A',730,,300926,1,0,5,1,28,,300940,1,0,5,2,69,,300927,1,0,5,1,28,,300941,1,0,5,2,71,,300928,1,0,5,1,30,,300942,1,0,5,2,70,,300929,1,0,5,1,31,,300943,1,0,5,2,72,,300930,1,0,5,1,72,,300944,1,0,5,2,32,,300931,1,0,5,1,72,,300945,1,0,5,2,32,,300932,1,0,5,1,72,,300946,1,0,5,2,31,,300933,1,0,5,1,66,,300953,1,0,5,2,26,,300947,1,0,5,2,26,,300934,1,0,5,1,66,,300954,1,0,5,2,27,,300948,1,0,5,2,66,,300935,1,0,5,1,27,,300955,1,0,5,2,67,,300949,1,0,5,2,30,,300936,1,0,5,1,72,,300950,1,0,5,2,30,,300937,1,0,5,1,70,,300951,1,0,5,2,30,,300938,1,0,5,1,70,,300952,1,0,5,2,31,,300939,1,0,5,1
5001,'H59S000I-81-I',728,,300956,1,0,5,1,30,,300970,1,0,5,2,70,,300957,1,0,5,1,30,,300971,1,0,5,2,70,,300958,1,0,5,1,30,,300972,1,0,5,2,70,,300959,1,0,5,1,29,,300973,1,0,5,2,68,,300960,1,0,5,1,29,,300974,1,0,5,2,70,,300961,1,0,5,1,31,,300975,1,0,5,2,72,,300962,1,0,5,1,32,,300976,1,0,5,2,72,,300963,1,0,5,1,71,,300977,1,0,5,2,25,,300984,1,0,5,2,24,,300964,1,0,5,1,63,,300978,1,0,5,2,23,,300985,1,0,5,2,63,,300965,1,0,5,1,30,,300979,1,0,5,2,72,,300966,1,0,5,1,30,,300980,1,0,5,2,71,,300967,1,0,5,1,32,,300981,1,0,5,2,72,,300968,1,0,5,1,32,,300982,1,0,5,2,73,,300969,1,0,5,1,33,,300983,1,0,5,2
5001,'H59S000S-80-S',743,,301005,1,0,5,1,71,,300995,1,0,5,2,31,,300986,1,0,5,1,70,,301006,1,0,5,1,29,,300996,1,0,5,2,69,,300987,1,0,5,1,28,,301007,1,0,5,1,68,,300997,1,0,5,2,28,,300988,1,0,5,1,69,,301008,1,0,5,1,30,,300998,1,0,5,2,70,,300989,1,0,5,1,29,,301009,1,0,5,1,70,,300999,1,0,5,2,30,,300990,1,0,5,1,70,,301010,1,0,5,1,30,,301000,1,0,5,2,70,,300991,1,0,5,1,30,,301011,1,0,5,1,70,,301001,1,0,5,2,30,,300992,1,0,5,1,70,,301012,1,0,5,1,29,,301002,1,0,5,2,70,,300993,1,0,5,1,30,,301013,1,0,5,1,70,,301003,1,0,5,2,30,,300994,1,0,5,1,68,,301014,1,0,5,1,28,,301004,1,0,5,2
5001,'H59S100F-80-F1',728,,301015,1,0,5,1,30,,301029,1,0,5,2,70,,301016,1,0,5,1,30,,301030,1,0,5,2,70,,301017,1,0,5,1,30,,301031,1,0,5,2,70,,301018,1,0,5,1,29,,301032,1,0,5,2,68,,301019,1,0,5,1,29,,301033,1,0,5,2,70,,301020,1,0,5,1,31,,301034,1,0,5,2,72,,301021,1,0,5,1,32,,301035,1,0,5,2,72,,301022,1,0,5,1,71,,301036,1,0,5,2,25,,301043,1,0,5,2,24,,301023,1,0,5,1,63,,301037,1,0,5,2,23,,301044,1,0,5,2,63,,301024,1,0,5,1,30,,301038,1,0,5,2,72,,301025,1,0,5,1,30,,301039,1,0,5,2,71,,301026,1,0,5,1,32,,301040,1,0,5,2,72,,301027,1,0,5,1,32,,301041,1,0,5,2,73,,301028,1,0,5,1,33,,301042,1,0,5,2
5001,'H59S200F-80-F2',728,,301045,1,0,5,1,30,,301059,1,0,5,2,70,,301046,1,0,5,1,30,,301060,1,0,5,2,70,,301047,1,0,5,1,30,,301061,1,0,5,2,70,,301048,1,0,5,1,29,,301062,1,0,5,2,68,,301049,1,0,5,1,29,,301063,1,0,5,2,70,,301050,1,0,5,1,31,,301064,1,0,5,2,72,,301051,1,0,5,1,32,,301065,1,0,5,2,72,,301052,1,0,5,1,71,,301066,1,0,5,2,25,,301073,1,0,5,2,24,,301053,1,0,5,1,63,,301067,1,0,5,2,23,,301074,1,0,5,2,63,,301054,1,0,5,1,30,,301068,1,0,5,2,72,,301055,1,0,5,1,30,,301069,1,0,5,2,71,,301056,1,0,5,1,32,,301070,1,0,5,2,72,,301057,1,0,5,1,32,,301071,1,0,5,2,73,,301058,1,0,5,1,33,,301072,1,0,5,2
5002,'H59S000A-80-A',722,,301075,15,4,,1,32,,301089,15,4,,2,70,,301076,15,4,,1,28,,301090,15,4,,2,71,,301077,15,4,,1,28,,301091,15,4,,2,72,,301078,15,4,,1,31,,301092,15,4,,2,71,,301079,15,4,,1,32,,301093,15,4,,2,72,,301080,15,4,,1,73,,301094,15,4,,2,32,,301081,15,4,,1,72,,301095,15,4,,2,31,,301082,15,4,,1,66,,301102,15,4,,2,25,,301096,15,4,,2,25,,301083,15,4,,1,66,,301103,15,4,,2,27,,301097,15,4,,2,68,,301084,15,4,,1,27,,301104,15,4,,2,67,,301098,15,4,,2,30,,301085,15,4,,1,72,,301099,15,4,,2,30,,301086,15,4,,1,70,,301100,15,4,,2,30,,301087,15,4,,1,69,,301101,15,4,,2,30,,301088,15,4,,1
5002,'H59S000I-81-I',723,,301105,15,4,,1,30,,301119,15,4,,2,70,,301106,15,4,,1,30,,301120,15,4,,2,71,,301107,15,4,,1,30,,301121,15,4,,2,70,,301108,15,4,,1,30,,301122,15,4,,2,68,,301109,15,4,,1,29,,301123,15,4,,2,70,,301110,15,4,,1,31,,301124,15,4,,2,72,,301111,15,4,,1,31,,301125,15,4,,2,73,,301112,15,4,,1,31,,301126,15,4,,2,64,,301133,15,4,,2,23,,301113,15,4,,1,63,,301127,15,4,,2,23,,301134,15,4,,2,25,,301114,15,4,,1,70,,301128,15,4,,2,32,,301115,15,4,,1,69,,301129,15,4,,2,72,,301116,15,4,,1,30,,301130,15,4,,2,72,,301117,15,4,,1,33,,301131,15,4,,2,72,,301118,15,4,,1,32,,301132,15,4,,2
5002,'H59S000S-80-S',728,,301154,15,4,,1,29,,301144,15,4,,2,68,,301135,15,4,,1,30,,301155,15,4,,1,70,,301145,15,4,,2,27,,301136,15,4,,1,70,,301156,15,4,,1,30,,301146,15,4,,2,70,,301137,15,4,,1,30,,301157,15,4,,1,70,,301147,15,4,,2,30,,301138,15,4,,1,70,,301158,15,4,,1,30,,301148,15,4,,2,70,,301139,15,4,,1,32,,301159,15,4,,1,70,,301149,15,4,,2,30,,301140,15,4,,1,70,,301160,15,4,,1,30,,301150,15,4,,2,70,,301141,15,4,,1,30,,301161,15,4,,1,69,,301151,15,4,,2,28,,301142,15,4,,1,70,,301162,15,4,,1,30,,301152,15,4,,2,69,,301143,15,4,,1,29,,301163,15,4,,1,69,,301153,15,4,,2
5002,'H59S100F-80-F1',723,,301164,15,4,,1,30,,301178,15,4,,2,70,,301165,15,4,,1,30,,301179,15,4,,2,71,,301166,15,4,,1,30,,301180,15,4,,2,70,,301167,15,4,,1,30,,301181,15,4,,2,68,,301168,15,4,,1,29,,301182,15,4,,2,70,,301169,15,4,,1,31,,301183,15,4,,2,72,,301170,15,4,,1,31,,301184,15,4,,2,73,,301171,15,4,,1,31,,301185,15,4,,2,64,,301192,15,4,,2,23,,301172,15,4,,1,63,,301186,15,4,,2,23,,301193,15,4,,2,25,,301173,15,4,,1,70,,301187,15,4,,2,32,,301174,15,4,,1,69,,301188,15,4,,2,72,,301175,15,4,,1,30,,301189,15,4,,2,72,,301176,15,4,,1,33,,301190,15,4,,2,72,,301177,15,4,,1,32,,301191,15,4,,2
5002,'H59S200F-80-F2',723,,301194,15,4,,1,30,,301208,15,4,,2,70,,301195,15,4,,1,30,,301209,15,4,,2,71,,301196,15,4,,1,30,,301210,15,4,,2,70,,301197,15,4,,1,30,,301211,15,4,,2,68,,301198,15,4,,1,29,,301212,15,4,,2,70,,301199,15,4,,1,31,,301213,15,4,,2,72,,301200,15,4,,1,31,,301214,15,4,,2,73,,301201,15,4,,1,31,,301215,15,4,,2,64,,301222,15,4,,2,23,,301202,15,4,,1,63,,301216,15,4,,2,23,,301223,15,4,,2,25,,301203,15,4,,1,70,,301217,15,4,,2,32,,301204,15,4,,1,69,,301218,15,4,,2,72,,301205,15,4,,1,30,,301219,15,4,,2,72,,301206,15,4,,1,33,,301220,15,4,,2,72,,301207,15,4,,1,32,,301221,15,4,,2
