6404,'H60S000A-80-A',516,,305156,8,0,9,1,32,,305168,8,0,9,2,65,,305157,8,0,9,1,24,,305169,8,0,9,2,19,,305158,8,0,9,1,59,,305198,8,0,9,1,18,,305170,8,0,9,2,14,,305208,8,0,9,2,54,,305199,8,0,9,1,15,,305187,8,0,9,1,17,,305209,8,0,9,2,17,,305221,8,0,9,2,56,,305188,8,0,9,1,16,,305210,8,0,9,2,13,,305222,8,0,9,2,12,,305189,8,0,9,1,11,,305159,8,0,9,1,51,,305211,8,0,9,2,11,,305200,8,0,9,1,10,,305190,8,0,9,1,11,,305160,8,0,9,1,10,,305212,8,0,9,2,50,,305201,8,0,9,1,10,,305191,8,0,9,1,11,,305161,8,0,9,1,11,,305213,8,0,9,2,11,,305202,8,0,9,1,10,,305192,8,0,9,1,51,,305162,8,0,9,1,6,,305223,8,0,9,2,8,,305214,8,0,9,2,8,,305203,8,0,9,1,10,,305193,8,0,9,1,11,,305163,8,0,9,1,7,,305224,8,0,9,2,55,,305204,8,0,9,1,5,,305215,8,0,9,2,9,,305194,8,0,9,1,14,,305225,8,0,9,2,8,,305164,8,0,9,1,10,,305205,8,0,9,1,52,,305216,8,0,9,2,12,,305195,8,0,9,1,10,,305226,8,0,9,2,11,,305165,8,0,9,1,11,,305206,8,0,9,1,52,,305217,8,0,9,2,10,,305196,8,0,9,1,11,,305166,8,0,9,1,11,,305207,8,0,9,1,8,,305228,8,0,9,2,9,,305218,8,0,9,2,49,,305197,8,0,9,1,12,,305167,8,0,9,1,14,,305229,8,0,9,2,16,,305219,8,0,9,2,56,,305171,8,0,9,1,12,,305230,8,0,9,2,9,,305227,8,0,9,2,9,,305220,8,0,9,2,13,,305172,8,0,9,1,16,,305231,8,0,9,2,62,,305175,8,0,9,1,20,,305173,8,0,9,2,62,,305176,8,0,9,1,10,,305186,8,0,9,2,10,,305174,8,0,9,2,14,,305232,8,0,9,1,18,,305177,8,0,9,1,63,,305233,8,0,9,1,21,,305178,8,0,9,1,62,,305234,8,0,9,1,25,,305179,8,0,9,1,25,,305235,8,0,9,1,67,,305180,8,0,9,1,23,,305236,8,0,9,1,60,,305181,8,0,9,1,18,,305237,8,0,9,1,20,,305182,8,0,9,1,16,,305238,8,0,9,1,58,,305183,8,0,9,1,17,,305239,8,0,9,1,18,,305184,8,0,9,1,59,,305240,8,0,9,1,21,,305185,8,0,9,1,20,,305241,8,0,9,1
6404,'H60S000I-81-I',516,,305242,8,0,9,1,32,,305243,8,0,9,1,73,,305244,8,0,9,1,32,,305257,8,0,9,2,71,,305245,8,0,9,1,30,,305258,8,0,9,2,67,,305246,8,0,9,1,23,,305259,8,0,9,2,60,,305247,8,0,9,1,17,,305278,8,0,9,1,15,,305260,8,0,9,2,14,,305248,8,0,9,1,54,,305279,8,0,9,1,14,,305261,8,0,9,2,14,,305249,8,0,9,1,13,,305280,8,0,9,1,13,,305262,8,0,9,2,54,,305250,8,0,9,1,14,,305281,8,0,9,1,15,,305263,8,0,9,2,15,,305251,8,0,9,1,56,,305282,8,0,9,1,17,,305264,8,0,9,2,14,,305293,8,0,9,2,14,,305252,8,0,9,1,53,,305283,8,0,9,1,13,,305265,8,0,9,2,14,,305294,8,0,9,2,14,,305253,8,0,9,1,53,,305284,8,0,9,1,12,,305266,8,0,9,2,12,,305295,8,0,9,2,12,,305254,8,0,9,1,12,,305285,8,0,9,1,51,,305267,8,0,9,2,11,,305296,8,0,9,2,11,,305255,8,0,9,1,11,,305286,8,0,9,1,13,,305268,8,0,9,2,54,,305297,8,0,9,2,13,,305256,8,0,9,1,13,,305287,8,0,9,1,13,,305269,8,0,9,2,16,,305298,8,0,9,2,56,,305288,8,0,9,1,12,,305270,8,0,9,2,9,,305303,8,0,9,1,9,,305301,8,0,9,2,9,,305299,8,0,9,2,53,,305289,8,0,9,1,13,,305304,8,0,9,1,13,,305302,8,0,9,2,15,,305290,8,0,9,1,60,,305305,8,0,9,1,21,,305291,8,0,9,1,16,,305300,8,0,9,2,56,,305306,8,0,9,1,19,,305292,8,0,9,1,28,,305307,8,0,9,1,70,,305272,8,0,9,1,31,,305308,8,0,9,1,67,,305273,8,0,9,1,24,,305309,8,0,9,1,19,,305274,8,0,9,1,60,,305310,8,0,9,1,33,,305275,8,0,9,1,59,,305271,8,0,9,1,19,,305276,8,0,9,1,82,,305277,8,0,9,1
6404,'H60S000S-83-S',513,,305315,8,0,9,1,8,,305317,8,0,9,2,10,,305319,8,0,9,1,12,,305338,8,0,9,1,12,,305316,8,0,9,1,51,,305346,8,0,9,2,11,,305350,8,0,9,1,10,,305320,8,0,9,1,10,,305352,8,0,9,1,11,,305360,8,0,9,2,10,,305351,8,0,9,1,47,,305362,8,0,9,2,6,,305363,8,0,9,2,6,,305364,8,0,9,1,6,,305336,8,0,9,1,4,,305367,8,0,9,2,4,,305368,8,0,9,2,6,,305361,8,0,9,2,5,,305369,8,0,9,2,4,,305370,8,0,9,2,3,,305347,8,0,9,2,7,,305381,8,0,9,1,48,,305365,8,0,9,1,8,,305386,8,0,9,1,9,,305311,8,0,9,1,11,,305371,8,0,9,1,11,,305348,8,0,9,2,11,,305382,8,0,9,1,51,,305312,8,0,9,1,11,,305372,8,0,9,1,11,,305349,8,0,9,2,10,,305383,8,0,9,1,11,,305313,8,0,9,1,55,,305373,8,0,9,1,16,,305384,8,0,9,1,14,,305314,8,0,9,1,14,,305374,8,0,9,1,56,,305385,8,0,9,1,10,,305321,8,0,9,1,10,,305353,8,0,9,1,12,,305375,8,0,9,1,12,,305328,8,0,9,1,12,,305322,8,0,9,1,54,,305354,8,0,9,1,10,,305376,8,0,9,1,10,,305329,8,0,9,1,12,,305323,8,0,9,1,11,,305335,8,0,9,1,51,,305355,8,0,9,1,11,,305377,8,0,9,1,12,,305330,8,0,9,1,10,,305324,8,0,9,1,11,,305356,8,0,9,1,51,,305378,8,0,9,1,11,,305331,8,0,9,1,10,,305325,8,0,9,1,12,,305357,8,0,9,1,11,,305379,8,0,9,1,12,,305332,8,0,9,1,53,,305326,8,0,9,1,12,,305358,8,0,9,1,13,,305380,8,0,9,1,16,,305333,8,0,9,1,54,,305327,8,0,9,1,11,,305359,8,0,9,1,12,,305393,8,0,9,2,16,,305334,8,0,9,1,60,,305337,8,0,9,1,20,,305318,8,0,9,2,19,,305339,8,0,9,1,65,,305395,8,0,9,2,24,,305340,8,0,9,1,26,,305396,8,0,9,2,68,,305341,8,0,9,1,28,,305343,8,0,9,1,70,,305366,8,0,9,1,28,,305391,8,0,9,1,68,,305387,8,0,9,1,27,,305392,8,0,9,1,65,,305388,8,0,9,1,26,,305390,8,0,9,1,71,,305389,8,0,9,1,31,,305342,8,0,9,1,70,,305344,8,0,9,1,27,,305394,8,0,9,2,67,,305345,8,0,9,1
6404,'H60S100F-80-F1',516,,305403,8,0,9,1,32,,305419,8,0,9,1,73,,305421,8,0,9,2,32,,305435,8,0,9,1,71,,305422,8,0,9,2,30,,305436,8,0,9,1,67,,305423,8,0,9,2,23,,305437,8,0,9,1,60,,305424,8,0,9,2,17,,305404,8,0,9,1,15,,305438,8,0,9,1,14,,305425,8,0,9,2,54,,305405,8,0,9,1,14,,305439,8,0,9,1,14,,305426,8,0,9,2,13,,305406,8,0,9,1,13,,305440,8,0,9,1,54,,305427,8,0,9,2,14,,305407,8,0,9,1,15,,305441,8,0,9,1,15,,305428,8,0,9,2,56,,305408,8,0,9,1,17,,305442,8,0,9,1,13,,305451,8,0,9,2,13,,305429,8,0,9,2,54,,305409,8,0,9,1,13,,305443,8,0,9,1,15,,305452,8,0,9,2,15,,305430,8,0,9,2,52,,305410,8,0,9,1,12,,305444,8,0,9,1,12,,305453,8,0,9,2,12,,305431,8,0,9,2,12,,305411,8,0,9,1,51,,305445,8,0,9,1,11,,305454,8,0,9,2,11,,305432,8,0,9,2,11,,305412,8,0,9,1,13,,305446,8,0,9,1,54,,305455,8,0,9,2,13,,305433,8,0,9,2,13,,305413,8,0,9,1,13,,305447,8,0,9,1,16,,305456,8,0,9,2,56,,305414,8,0,9,1,12,,305448,8,0,9,1,9,,305459,8,0,9,1,9,,305457,8,0,9,2,9,,305434,8,0,9,1,53,,305415,8,0,9,1,13,,305460,8,0,9,1,13,,305458,8,0,9,2,15,,305416,8,0,9,1,60,,305461,8,0,9,1,21,,305417,8,0,9,1,16,,305465,8,0,9,1,56,,305462,8,0,9,1,19,,305418,8,0,9,1,28,,305463,8,0,9,1,70,,305397,8,0,9,1,31,,305464,8,0,9,1,67,,305398,8,0,9,1,24,,305449,8,0,9,1,19,,305399,8,0,9,1,60,,305450,8,0,9,1,33,,305400,8,0,9,1,59,,305420,8,0,9,1,19,,305401,8,0,9,1,82,,305402,8,0,9,1
6404,'H60S200F-80-F2',516,,305472,8,0,9,1,32,,305488,8,0,9,1,73,,305490,8,0,9,2,32,,305504,8,0,9,1,71,,305491,8,0,9,2,30,,305505,8,0,9,1,67,,305492,8,0,9,2,23,,305506,8,0,9,1,60,,305493,8,0,9,2,17,,305473,8,0,9,1,15,,305507,8,0,9,1,14,,305494,8,0,9,2,54,,305474,8,0,9,1,14,,305508,8,0,9,1,14,,305495,8,0,9,2,13,,305475,8,0,9,1,13,,305509,8,0,9,1,54,,305496,8,0,9,2,14,,305476,8,0,9,1,15,,305510,8,0,9,1,15,,305497,8,0,9,2,56,,305477,8,0,9,1,17,,305511,8,0,9,1,13,,305520,8,0,9,2,13,,305498,8,0,9,2,54,,305478,8,0,9,1,13,,305512,8,0,9,1,15,,305521,8,0,9,2,15,,305499,8,0,9,2,52,,305479,8,0,9,1,12,,305513,8,0,9,1,12,,305522,8,0,9,2,12,,305500,8,0,9,2,12,,305480,8,0,9,1,51,,305514,8,0,9,1,11,,305523,8,0,9,2,11,,305501,8,0,9,2,11,,305481,8,0,9,1,13,,305515,8,0,9,1,54,,305524,8,0,9,2,13,,305502,8,0,9,2,13,,305482,8,0,9,1,13,,305516,8,0,9,1,16,,305525,8,0,9,2,56,,305483,8,0,9,1,12,,305517,8,0,9,1,9,,305528,8,0,9,1,9,,305526,8,0,9,2,9,,305503,8,0,9,1,53,,305484,8,0,9,1,13,,305529,8,0,9,1,13,,305527,8,0,9,2,15,,305485,8,0,9,1,60,,305530,8,0,9,1,21,,305486,8,0,9,1,16,,305534,8,0,9,1,56,,305531,8,0,9,1,19,,305487,8,0,9,1,28,,305532,8,0,9,1,70,,305466,8,0,9,1,31,,305533,8,0,9,1,67,,305467,8,0,9,1,24,,305518,8,0,9,1,19,,305468,8,0,9,1,60,,305519,8,0,9,1,33,,305469,8,0,9,1,59,,305489,8,0,9,1,19,,305470,8,0,9,1,82,,305471,8,0,9,1
38201,'H60S000A-80-A',2638,,347353,76,0,5,1,85,,347355,76,0,5,1,85,,347354,76,0,5,1,45,,347356,76,0,5,1
38201,'H60S000I-81-I',2638,,347357,76,0,5,1,85,,347360,76,0,5,1,85,,347359,76,0,5,1,45,,347358,76,0,5,1
38201,'H60S000S-83-S',2631,,347362,76,0,5,1,90,,347363,76,0,5,1,85,,347361,76,0,5,2,49,,347364,76,0,5,1
38201,'H60S100F-80-F1',2638,,347366,76,0,5,2,85,,347368,76,0,5,1,85,,347367,76,0,5,1,45,,347365,76,0,5,1
38201,'H60S200F-80-F2',2638,,347370,76,0,5,2,85,,347372,76,0,5,1,85,,347371,76,0,5,1,45,,347369,76,0,5,1
