8104,'H54S000A-80-A',734,,310464,26,0,9,2,68,,310475,26,0,9,2,25,,310486,26,0,9,1,25,,310465,26,0,9,2,65,,310476,26,0,9,2,25,,310487,26,0,9,1,65,,310466,26,0,9,2,25,,310477,26,0,9,2,25,,310488,26,0,9,1,65,,310467,26,0,9,2,25,,310478,26,0,9,2,65,,310489,26,0,9,1,25,,310468,26,0,9,2,65,,310479,26,0,9,2,25,,310490,26,0,9,1,25,,310469,26,0,9,2,66,,310480,26,0,9,2,26,,310491,26,0,9,1,65,,310470,26,0,9,2,25,,310481,26,0,9,2,25,,310492,26,0,9,1,66,,310471,26,0,9,2,26,,310482,26,0,9,2,66,,310493,26,0,9,1,26,,310472,26,0,9,2,65,,310483,26,0,9,2,25,,310494,26,0,9,1,25,,310473,26,0,9,2,65,,310484,26,0,9,2,25,,310495,26,0,9,1,65,,310474,26,0,9,2,26,,310485,26,0,9,2
8104,'H54S000I-80-I',732,,310496,26,0,9,1,26,,310517,26,0,9,2,66,,310507,26,0,9,2,27,,310497,26,0,9,1,65,,310518,26,0,9,2,25,,310508,26,0,9,2,65,,310498,26,0,9,1,25,,310519,26,0,9,2,25,,310509,26,0,9,2,66,,310499,26,0,9,1,25,,310520,26,0,9,2,65,,310510,26,0,9,2,25,,310500,26,0,9,1,65,,310521,26,0,9,2,25,,310511,26,0,9,2,25,,310501,26,0,9,1,66,,310522,26,0,9,2,26,,310512,26,0,9,2,65,,310502,26,0,9,1,25,,310523,26,0,9,2,25,,310513,26,0,9,2,65,,310503,26,0,9,1,25,,310524,26,0,9,2,66,,310514,26,0,9,2,26,,310504,26,0,9,1,66,,310525,26,0,9,2,25,,310515,26,0,9,2,25,,310505,26,0,9,1,65,,310526,26,0,9,2,25,,310516,26,0,9,2,65,,310506,26,0,9,1,25,,310527,26,0,9,2
8104,'H54S000S-80-S',716,,310535,26,0,9,2,35,,310528,26,0,9,2,70,,310547,26,0,9,1,28,,310536,26,0,9,2,65,,310529,26,0,9,2,24,,310548,26,0,9,1,65,,310537,26,0,9,2,25,,310530,26,0,9,2,25,,310549,26,0,9,1,65,,310538,26,0,9,2,25,,310531,26,0,9,2,65,,310550,26,0,9,1,26,,310539,26,0,9,2,25,,310532,26,0,9,2,65,,310551,26,0,9,1,26,,310540,26,0,9,2,65,,310533,26,0,9,2,24,,310552,26,0,9,1,65,,310541,26,0,9,2,27,,310534,26,0,9,2,26,,310553,26,0,9,1,66,,310542,26,0,9,2,26,,310558,26,0,9,2,65,,310554,26,0,9,1,24,,310543,26,0,9,2,62,,310559,26,0,9,2,23,,310555,26,0,9,1,24,,310544,26,0,9,2,65,,310560,26,0,9,2,24,,310556,26,0,9,1,66,,310545,26,0,9,2,26,,310561,26,0,9,2,27,,310557,26,0,9,1,66,,310546,26,0,9,2
8104,'H54S100F-80-F1',732,,310562,26,0,9,1,26,,310583,26,0,9,2,66,,310573,26,0,9,2,27,,310563,26,0,9,1,65,,310584,26,0,9,2,25,,310574,26,0,9,2,65,,310564,26,0,9,1,25,,310585,26,0,9,2,25,,310575,26,0,9,2,66,,310565,26,0,9,1,25,,310586,26,0,9,2,65,,310576,26,0,9,2,25,,310566,26,0,9,1,65,,310587,26,0,9,2,25,,310577,26,0,9,2,25,,310567,26,0,9,1,66,,310588,26,0,9,2,26,,310578,26,0,9,2,65,,310568,26,0,9,1,25,,310589,26,0,9,2,25,,310579,26,0,9,2,65,,310569,26,0,9,1,25,,310590,26,0,9,2,66,,310580,26,0,9,2,26,,310570,26,0,9,1,66,,310591,26,0,9,2,25,,310581,26,0,9,2,25,,310571,26,0,9,1,65,,310592,26,0,9,2,25,,310582,26,0,9,2,65,,310572,26,0,9,1,25,,310593,26,0,9,2
8104,'H54S200F-80-F2',732,,310594,26,0,9,1,26,,310615,26,0,9,2,66,,310605,26,0,9,2,27,,310595,26,0,9,1,65,,310616,26,0,9,2,25,,310606,26,0,9,2,65,,310596,26,0,9,1,25,,310617,26,0,9,2,25,,310607,26,0,9,2,66,,310597,26,0,9,1,25,,310618,26,0,9,2,65,,310608,26,0,9,2,25,,310598,26,0,9,1,65,,310619,26,0,9,2,25,,310609,26,0,9,2,25,,310599,26,0,9,1,66,,310620,26,0,9,2,26,,310610,26,0,9,2,65,,310600,26,0,9,1,25,,310621,26,0,9,2,25,,310611,26,0,9,2,65,,310601,26,0,9,1,25,,310622,26,0,9,2,66,,310612,26,0,9,2,26,,310602,26,0,9,1,66,,310623,26,0,9,2,25,,310613,26,0,9,2,25,,310603,26,0,9,1,65,,310624,26,0,9,2,25,,310614,26,0,9,2,65,,310604,26,0,9,1,25,,310625,26,0,9,2
8602,'H54S000A-80-A',530,,311151,61,0,10,1,74,,311159,61,0,10,2,36,,311166,61,0,10,2,72,,311178,61,0,10,1,32,,311172,61,0,10,2,72,,311152,61,0,10,1,32,,311160,61,0,10,2,76,,311167,61,0,10,2,33,,311179,61,0,10,1,73,,311173,61,0,10,2,73,,311153,61,0,10,1,33,,311161,61,0,10,2,73,,311168,61,0,10,2,33,,311180,61,0,10,1,74,,311174,61,0,10,2,34,,311154,61,0,10,1,73,,311162,61,0,10,2,32,,311169,61,0,10,2,72,,311181,61,0,10,1,73,,311175,61,0,10,2,33,,311155,61,0,10,1,73,,311163,61,0,10,2,31,,311170,61,0,10,2,73,,311182,61,0,10,1,33,,311176,61,0,10,2,73,,311156,61,0,10,1,32,,311164,61,0,10,2,72,,311171,61,0,10,2,32,,311183,61,0,10,1,72,,311177,61,0,10,2,31,,311157,61,0,10,1,70,,311165,61,0,10,2,27,,311186,61,0,10,2,70,,311184,61,0,10,1,30,,311188,61,0,10,1,72,,311158,61,0,10,1,32,,311150,61,0,10,1,71,,311187,61,0,10,2,29,,311185,61,0,10,1
8602,'H54S000I-80-I',524,,311211,61,0,10,2,31,,311192,61,0,10,1,73,,311198,61,0,10,2,73,,311219,61,0,10,1,35,,311212,61,0,10,2,73,,311193,61,0,10,1,33,,311199,61,0,10,2,71,,311206,61,0,10,1,33,,311220,61,0,10,1,74,,311213,61,0,10,2,33,,311194,61,0,10,1,73,,311200,61,0,10,2,75,,311207,61,0,10,1,33,,311221,61,0,10,1,73,,311214,61,0,10,2,32,,311195,61,0,10,1,72,,311201,61,0,10,2,32,,311208,61,0,10,1,72,,311222,61,0,10,1,32,,311215,61,0,10,2,72,,311196,61,0,10,1,32,,311202,61,0,10,2,72,,311209,61,0,10,1,32,,311223,61,0,10,1,73,,311216,61,0,10,2,31,,311197,61,0,10,1,71,,311203,61,0,10,2,72,,311210,61,0,10,1,31,,311224,61,0,10,1,71,,311217,61,0,10,2,30,,311225,61,0,10,1,71,,311204,61,0,10,2,31,,311191,61,0,10,1,69,,311189,61,0,10,1,29,,311218,61,0,10,2,69,,311226,61,0,10,1,28,,311205,61,0,10,2,70,,311227,61,0,10,1,32,,311190,61,0,10,1
8602,'H54S000S-80-S',534,,311228,61,0,10,2,69,,311235,61,0,10,2,29,,311236,61,0,10,2,76,,311259,61,0,10,1,33,,311243,61,0,10,1,71,,311229,61,0,10,2,31,,311263,61,0,10,1,70,,311237,61,0,10,2,33,,311260,61,0,10,1,70,,311244,61,0,10,1,29,,311230,61,0,10,2,69,,311264,61,0,10,1,31,,311238,61,0,10,2,73,,311261,61,0,10,1,29,,311250,61,0,10,2,68,,311245,61,0,10,1,28,,311231,61,0,10,2,70,,311265,61,0,10,1,28,,311239,61,0,10,2,69,,311262,61,0,10,1,34,,311251,61,0,10,2,73,,311246,61,0,10,1,33,,311232,61,0,10,2,67,,311266,61,0,10,1,27,,311240,61,0,10,2,72,,311255,61,0,10,1,29,,311252,61,0,10,2,70,,311247,61,0,10,1,29,,311233,61,0,10,2,67,,311241,61,0,10,2,29,,311256,61,0,10,1,69,,311253,61,0,10,2,29,,311248,61,0,10,1,69,,311234,61,0,10,2,29,,311242,61,0,10,2,66,,311257,61,0,10,1,30,,311254,61,0,10,2,69,,311249,61,0,10,1,29,,311268,61,0,10,1,70,,311267,61,0,10,2,30,,311258,61,0,10,1
8602,'H54S100F-80-F1',524,,311291,61,0,10,2,31,,311272,61,0,10,1,73,,311278,61,0,10,2,73,,311299,61,0,10,1,35,,311292,61,0,10,2,73,,311273,61,0,10,1,33,,311279,61,0,10,2,71,,311286,61,0,10,1,33,,311300,61,0,10,1,74,,311293,61,0,10,2,33,,311274,61,0,10,1,73,,311280,61,0,10,2,75,,311287,61,0,10,1,33,,311301,61,0,10,1,73,,311294,61,0,10,2,32,,311275,61,0,10,1,72,,311281,61,0,10,2,32,,311288,61,0,10,1,72,,311302,61,0,10,1,32,,311295,61,0,10,2,72,,311276,61,0,10,1,32,,311282,61,0,10,2,72,,311289,61,0,10,1,32,,311303,61,0,10,1,73,,311296,61,0,10,2,31,,311277,61,0,10,1,71,,311283,61,0,10,2,72,,311290,61,0,10,1,31,,311304,61,0,10,1,71,,311297,61,0,10,2,30,,311305,61,0,10,1,71,,311284,61,0,10,2,31,,311271,61,0,10,1,69,,311269,61,0,10,1,29,,311298,61,0,10,2,69,,311306,61,0,10,1,28,,311285,61,0,10,2,70,,311307,61,0,10,1,32,,311270,61,0,10,1
8602,'H54S200F-80-F2',524,,311330,61,0,10,2,31,,311311,61,0,10,1,73,,311317,61,0,10,2,73,,311338,61,0,10,1,35,,311331,61,0,10,2,73,,311312,61,0,10,1,33,,311318,61,0,10,2,71,,311325,61,0,10,1,33,,311339,61,0,10,1,74,,311332,61,0,10,2,33,,311313,61,0,10,1,73,,311319,61,0,10,2,75,,311326,61,0,10,1,33,,311340,61,0,10,1,73,,311333,61,0,10,2,32,,311314,61,0,10,1,72,,311320,61,0,10,2,32,,311327,61,0,10,1,72,,311341,61,0,10,1,32,,311334,61,0,10,2,72,,311315,61,0,10,1,32,,311321,61,0,10,2,72,,311328,61,0,10,1,32,,311342,61,0,10,1,73,,311335,61,0,10,2,31,,311316,61,0,10,1,71,,311322,61,0,10,2,72,,311329,61,0,10,1,31,,311343,61,0,10,1,71,,311336,61,0,10,2,30,,311344,61,0,10,1,71,,311323,61,0,10,2,31,,311310,61,0,10,1,69,,311308,61,0,10,1,29,,311337,61,0,10,2,69,,311345,61,0,10,1,28,,311324,61,0,10,2,70,,311346,61,0,10,1,32,,311309,61,0,10,1
