4901,'H54S000S-80-S',1734,,300275,55,0,5,2,9,,300274,55,0,5,2,68,,300273,55,0,5,2,17,,300276,55,0,5,2
4901,'H57S000S-80-S',1609,,300277,55,0,5,1,130,,300279,55,0,5,1,61,,300278,55,0,5,1,16,,300280,55,0,5,2
4901,'H58S000A-80-A',628,,300281,55,0,5,2,29,,300307,55,0,5,1,69,,300289,55,0,5,1,30,,300304,55,0,5,1,68,,300311,55,0,5,2,30,,300282,55,0,5,2,70,,300308,55,0,5,1,32,,300290,55,0,5,1,72,,300305,55,0,5,1,31,,300313,55,0,5,2,70,,300283,55,0,5,2,30,,300309,55,0,5,1,66,,300291,55,0,5,1,25,,300322,55,0,5,2,62,,300306,55,0,5,1,25,,300314,55,0,5,2,64,,300284,55,0,5,2,24,,300287,55,0,5,1,23,,300292,55,0,5,1,61,,300331,55,0,5,1,21,,300323,55,0,5,2,20,,300336,55,0,5,2,60,,300315,55,0,5,2,18,,300285,55,0,5,2,15,,300302,55,0,5,2,9,,300344,55,0,5,2,50,,300334,55,0,5,1,11,,300288,55,0,5,1,11,,300293,55,0,5,1,10,,300330,55,0,5,2,10,,300332,55,0,5,1,10,,300326,55,0,5,1,49,,300324,55,0,5,2,10,,300343,55,0,5,1,10,,300337,55,0,5,2,9,,300338,55,0,5,2,8,,300300,55,0,5,1,9,,300316,55,0,5,2,8,,300318,55,0,5,1,48,,300303,55,0,5,2,10,,300342,55,0,5,2,10,,300335,55,0,5,1,12,,300301,55,0,5,2,12,,300294,55,0,5,1,54,,300333,55,0,5,1,14,,300327,55,0,5,2,14,,300325,55,0,5,2,15,,300339,55,0,5,2,59,,300312,55,0,5,1,19,,300319,55,0,5,1,20,,300297,55,0,5,1,60,,300310,55,0,5,1,20,,300295,55,0,5,1,23,,300328,55,0,5,2,56,,300317,55,0,5,1,16,,300340,55,0,5,2,22,,300320,55,0,5,1,17,,300286,55,0,5,2,57,,300298,55,0,5,1,21,,300296,55,0,5,1,23,,300329,55,0,5,2,68,,300341,55,0,5,2,27,,300321,55,0,5,1,71,,300299,55,0,5,1
4901,'H58S000I-80-I',625,,300345,55,0,5,2,31,,300346,55,0,5,1,68,,300356,55,0,5,2,28,,300367,55,0,5,2,68,,300369,55,0,5,1,34,,300360,55,0,5,2,71,,300347,55,0,5,1,29,,300374,55,0,5,1,70,,300357,55,0,5,1,30,,300377,55,0,5,2,71,,300361,55,0,5,2,32,,300348,55,0,5,1,72,,300375,55,0,5,1,30,,300358,55,0,5,1,70,,300378,55,0,5,2,71,,300362,55,0,5,2,30,,300349,55,0,5,1,26,,300370,55,0,5,1,63,,300391,55,0,5,2,21,,300359,55,0,5,1,18,,300379,55,0,5,2,55,,300393,55,0,5,2,16,,300382,55,0,5,1,14,,300363,55,0,5,2,14,,300350,55,0,5,1,54,,300368,55,0,5,1,12,,300371,55,0,5,1,13,,300390,55,0,5,1,12,,300387,55,0,5,2,52,,300364,55,0,5,2,12,,300352,55,0,5,2,15,,300380,55,0,5,2,15,,300381,55,0,5,2,14,,300383,55,0,5,1,54,,300376,55,0,5,1,15,,300351,55,0,5,1,13,,300392,55,0,5,1,20,,300372,55,0,5,1,60,,300365,55,0,5,2,19,,300355,55,0,5,1,19,,300394,55,0,5,2,60,,300384,55,0,5,1,22,,300373,55,0,5,1,62,,300388,55,0,5,2,22,,300397,55,0,5,2,19,,300366,55,0,5,2,59,,300353,55,0,5,1,13,,300395,55,0,5,2,24,,300385,55,0,5,1,65,,300389,55,0,5,2,30,,300398,55,0,5,2,69,,300354,55,0,5,1,28,,300396,55,0,5,2,24,,300386,55,0,5,1
4901,'H58S000S-83-S',620,,300402,55,0,5,2,17,,300404,55,0,5,2,63,,300416,55,0,5,2,26,,300412,55,0,5,1,22,,300418,55,0,5,1,9,,300420,55,0,5,2,49,,300426,55,0,5,2,23,,300433,55,0,5,2,19,,300403,55,0,5,2,59,,300405,55,0,5,2,27,,300443,55,0,5,2,25,,300413,55,0,5,1,72,,300421,55,0,5,2,26,,300434,55,0,5,2,69,,300437,55,0,5,1,32,,300441,55,0,5,1,68,,300399,55,0,5,1,19,,300414,55,0,5,1,58,,300422,55,0,5,2,16,,300406,55,0,5,1,16,,300435,55,0,5,2,17,,300424,55,0,5,1,56,,300438,55,0,5,1,16,,300428,55,0,5,2,16,,300430,55,0,5,1,14,,300400,55,0,5,1,54,,300451,55,0,5,2,14,,300415,55,0,5,1,17,,300410,55,0,5,2,12,,300423,55,0,5,2,50,,300407,55,0,5,1,17,,300459,55,0,5,2,9,,300468,55,0,5,2,7,,300425,55,0,5,1,8,,300477,55,0,5,1,9,,300455,55,0,5,2,7,,300439,55,0,5,1,48,,300453,55,0,5,2,6,,300429,55,0,5,2,7,,300409,55,0,5,2,6,,300431,55,0,5,1,4,,300473,55,0,5,2,17,,300401,55,0,5,1,5,,300452,55,0,5,2,4,,300447,55,0,5,1,49,,300469,55,0,5,2,18,,300479,55,0,5,2,13,,300408,55,0,5,1,6,,300444,55,0,5,1,5,,300467,55,0,5,2,6,,300481,55,0,5,2,7,,300446,55,0,5,2,46,,300462,55,0,5,2,6,,300478,55,0,5,1,7,,300456,55,0,5,2,9,,300458,55,0,5,2,8,,300454,55,0,5,2,10,,300442,55,0,5,1,12,,300474,55,0,5,2,52,,300445,55,0,5,2,12,,300448,55,0,5,1,13,,300480,55,0,5,2,13,,300463,55,0,5,2,12,,300464,55,0,5,2,53,,300482,55,0,5,1,14,,300417,55,0,5,1,13,,300457,55,0,5,2,13,,300436,55,0,5,2,54,,300475,55,0,5,2,16,,300471,55,0,5,2,15,,300449,55,0,5,1,17,,300460,55,0,5,1,59,,300465,55,0,5,2,22,,300470,55,0,5,2,67,,300476,55,0,5,2,28,,300411,55,0,5,2,24,,300472,55,0,5,1,60,,300461,55,0,5,1,20,,300466,55,0,5,2,18,,300450,55,0,5,1,54,,300427,55,0,5,1
4901,'H58S100F-80-F1',627,,300486,55,0,5,2,29,,300503,55,0,5,1,66,,300506,55,0,5,1,29,,300508,55,0,5,2,68,,300521,55,0,5,2,33,,300487,55,0,5,2,70,,300504,55,0,5,1,32,,300491,55,0,5,2,72,,300499,55,0,5,1,30,,300522,55,0,5,2,70,,300488,55,0,5,2,29,,300527,55,0,5,1,67,,300492,55,0,5,2,25,,300509,55,0,5,2,62,,300483,55,0,5,1,26,,300523,55,0,5,2,24,,300489,55,0,5,2,67,,300529,55,0,5,2,23,,300493,55,0,5,2,61,,300515,55,0,5,1,20,,300510,55,0,5,2,20,,300484,55,0,5,1,58,,300524,55,0,5,2,18,,300490,55,0,5,2,15,,300539,55,0,5,1,9,,300512,55,0,5,1,50,,300530,55,0,5,2,11,,300541,55,0,5,2,11,,300494,55,0,5,2,11,,300534,55,0,5,1,10,,300516,55,0,5,1,10,,300498,55,0,5,1,50,,300542,55,0,5,2,10,,300507,55,0,5,1,10,,300485,55,0,5,1,9,,300535,55,0,5,1,9,,300526,55,0,5,2,9,,300525,55,0,5,2,8,,300500,55,0,5,1,49,,300540,55,0,5,1,10,,300511,55,0,5,2,9,,300531,55,0,5,2,9,,300513,55,0,5,2,12,,300495,55,0,5,2,54,,300517,55,0,5,1,14,,300518,55,0,5,2,14,,300543,55,0,5,2,15,,300536,55,0,5,1,59,,300514,55,0,5,1,19,,300501,55,0,5,1,20,,300532,55,0,5,2,59,,300505,55,0,5,1,20,,300496,55,0,5,2,23,,300519,55,0,5,2,56,,300528,55,0,5,1,16,,300537,55,0,5,1,21,,300502,55,0,5,1,16,,300544,55,0,5,2,57,,300533,55,0,5,2,21,,300497,55,0,5,2,27,,300520,55,0,5,2,69,,300538,55,0,5,1,26,,300545,55,0,5,2
4901,'H58S200F-80-F2',627,,300552,55,0,5,2,29,,300583,55,0,5,1,66,,300546,55,0,5,1,29,,300586,55,0,5,2,68,,300557,55,0,5,2,33,,300553,55,0,5,2,70,,300584,55,0,5,1,32,,300576,55,0,5,2,72,,300562,55,0,5,1,30,,300558,55,0,5,2,70,,300554,55,0,5,2,29,,300602,55,0,5,1,67,,300577,55,0,5,2,25,,300587,55,0,5,2,62,,300573,55,0,5,1,26,,300559,55,0,5,2,24,,300555,55,0,5,2,67,,300566,55,0,5,2,23,,300578,55,0,5,2,61,,300589,55,0,5,1,20,,300588,55,0,5,2,20,,300574,55,0,5,1,58,,300560,55,0,5,2,18,,300556,55,0,5,2,15,,300571,55,0,5,1,9,,300598,55,0,5,1,50,,300567,55,0,5,2,11,,300606,55,0,5,2,11,,300579,55,0,5,2,11,,300599,55,0,5,1,10,,300590,55,0,5,1,10,,300596,55,0,5,1,50,,300604,55,0,5,2,10,,300597,55,0,5,1,10,,300575,55,0,5,1,9,,300592,55,0,5,1,9,,300551,55,0,5,2,9,,300561,55,0,5,2,8,,300563,55,0,5,1,49,,300572,55,0,5,1,10,,300601,55,0,5,2,9,,300568,55,0,5,2,9,,300550,55,0,5,2,12,,300580,55,0,5,2,54,,300591,55,0,5,1,14,,300547,55,0,5,2,14,,300600,55,0,5,2,15,,300593,55,0,5,1,59,,300605,55,0,5,1,19,,300564,55,0,5,1,20,,300569,55,0,5,2,59,,300585,55,0,5,1,20,,300581,55,0,5,2,23,,300548,55,0,5,2,56,,300603,55,0,5,1,16,,300594,55,0,5,1,21,,300565,55,0,5,1,16,,300607,55,0,5,2,57,,300570,55,0,5,2,21,,300582,55,0,5,2,27,,300549,55,0,5,2,69,,300595,55,0,5,1,26,,300608,55,0,5,2
4902,'H58S000S-83-S',431,,300726,5,0,10,2,20,,300732,5,0,10,1,70,,300738,5,0,10,2,15,,300744,5,0,10,1
44903,'H54S000S-80-S',709,,349189,37,0,8,2,34,,349194,37,0,8,1,74,,349217,37,0,8,1,30,,349202,37,0,8,2,68,,349207,37,0,8,2,28,,349190,37,0,8,1,69,,349181,37,0,8,2,28,,349208,37,0,8,2,70,,349195,37,0,8,1,34,,349191,37,0,8,1,73,,349209,37,0,8,2,30,,349196,37,0,8,1,70,,349203,37,0,8,2,29,,349192,37,0,8,1,69,,349210,37,0,8,2,29,,349197,37,0,8,1,68,,349204,37,0,8,2,29,,349193,37,0,8,1,67,,349211,37,0,8,2,14,,349185,37,0,8,1,14,,349198,37,0,8,1,12,,349218,37,0,8,2,52,,349212,37,0,8,2,9,,349205,37,0,8,2,8,,349178,37,0,8,2,10,,349214,37,0,8,2,10,,349220,37,0,8,2,10,,349215,37,0,8,1,7,,349180,37,0,8,1,49,,349186,37,0,8,2,9,,349213,37,0,8,2,10,,349182,37,0,8,2,11,,349219,37,0,8,2,12,,349199,37,0,8,1,58,,349206,37,0,8,2,25,,349216,37,0,8,1,29,,349183,37,0,8,2,69,,349200,37,0,8,1,29,,349187,37,0,8,2,69,,349179,37,0,8,2,28,,349184,37,0,8,2,69,,349201,37,0,8,1,31,,349188,37,0,8,2
44903,'H57S000S-80-S',633,,349221,37,0,8,1
