3104,'H51S000A-80-A',515,,294052,36,0,9,2,36,,294056,36,0,9,1,76,,294053,36,0,9,2,76,,294057,36,0,9,1,37,,294054,36,0,9,2,80,,294058,36,0,9,1,36,,294055,36,0,9,2,74,,294077,36,0,9,2,75,,294059,36,0,9,1,33,,294068,36,0,9,1,77,,294078,36,0,9,2,34,,294060,36,0,9,1,74,,294069,36,0,9,1,33,,294079,36,0,9,2,73,,294061,36,0,9,1,73,,294070,36,0,9,1,33,,294080,36,0,9,2,72,,294062,36,0,9,1,33,,294071,36,0,9,1,73,,294081,36,0,9,2,33,,294063,36,0,9,1,73,,294072,36,0,9,1,32,,294082,36,0,9,2,72,,294064,36,0,9,1,33,,294073,36,0,9,1,70,,294083,36,0,9,2,32,,294065,36,0,9,1,74,,294074,36,0,9,1,74,,294084,36,0,9,2,34,,294066,36,0,9,1,74,,294075,36,0,9,1,34,,294085,36,0,9,2,74,,294067,36,0,9,1,33,,294076,36,0,9,1,74,,294086,36,0,9,2
3104,'H51S000I-80-I',513,,294087,36,0,9,1,38,,294099,36,0,9,1,78,,294088,36,0,9,1,79,,294100,36,0,9,1,37,,294109,36,0,9,1,78,,294101,36,0,9,1,83,,294110,36,0,9,1,37,,294102,36,0,9,1,79,,294111,36,0,9,1,79,,294103,36,0,9,1,39,,294112,36,0,9,1,79,,294104,36,0,9,1,35,,294089,36,0,9,1,70,,294094,36,0,9,1,30,,294118,36,0,9,2,70,,294113,36,0,9,1,30,,294105,36,0,9,1,70,,294090,36,0,9,1,30,,294095,36,0,9,1,70,,294119,36,0,9,2,29,,294114,36,0,9,1,70,,294106,36,0,9,1,30,,294091,36,0,9,1,68,,294096,36,0,9,1,28,,294120,36,0,9,2,70,,294115,36,0,9,1,30,,294107,36,0,9,1,70,,294092,36,0,9,1,30,,294097,36,0,9,1,70,,294121,36,0,9,2,30,,294116,36,0,9,1,72,,294108,36,0,9,1,32,,294093,36,0,9,1,72,,294098,36,0,9,1,32,,294122,36,0,9,2,72,,294117,36,0,9,1
3104,'H51S000S-81-S',605,,294123,36,0,9,1,32,,294136,36,0,9,1,68,,294142,36,0,9,2,43,,294124,36,0,9,1,73,,294137,36,0,9,1,35,,294143,36,0,9,2,69,,294125,36,0,9,1,30,,294138,36,0,9,1,72,,294144,36,0,9,2,30,,294126,36,0,9,1,70,,294139,36,0,9,1,31,,294145,36,0,9,2,70,,294127,36,0,9,1,30,,294140,36,0,9,1,70,,294146,36,0,9,2,30,,294128,36,0,9,1,72,,294141,36,0,9,1,72,,294147,36,0,9,2,33,,294129,36,0,9,1,67,,294150,36,0,9,1,27,,294156,36,0,9,2,29,,294148,36,0,9,2,66,,294130,36,0,9,1,27,,294151,36,0,9,1,66,,294157,36,0,9,2,26,,294149,36,0,9,2,62,,294131,36,0,9,1,27,,294152,36,0,9,1,70,,294158,36,0,9,2,30,,294132,36,0,9,1,70,,294153,36,0,9,1,30,,294159,36,0,9,2,70,,294133,36,0,9,1,30,,294154,36,0,9,1,26,,294160,36,0,9,2,70,,294134,36,0,9,1,30,,294155,36,0,9,1,70,,294161,36,0,9,2,30,,294135,36,0,9,1
3104,'H51S100F-80-F1',513,,294162,36,0,9,1,38,,294174,36,0,9,1,78,,294163,36,0,9,1,79,,294175,36,0,9,1,37,,294184,36,0,9,1,78,,294176,36,0,9,1,83,,294185,36,0,9,1,37,,294177,36,0,9,1,79,,294186,36,0,9,1,79,,294178,36,0,9,1,39,,294187,36,0,9,1,79,,294179,36,0,9,1,35,,294164,36,0,9,1,70,,294169,36,0,9,1,30,,294193,36,0,9,2,70,,294188,36,0,9,1,30,,294180,36,0,9,1,70,,294165,36,0,9,1,30,,294170,36,0,9,1,70,,294194,36,0,9,2,29,,294189,36,0,9,1,70,,294181,36,0,9,1,30,,294166,36,0,9,1,68,,294171,36,0,9,1,28,,294195,36,0,9,2,70,,294190,36,0,9,1,30,,294182,36,0,9,1,70,,294167,36,0,9,1,30,,294172,36,0,9,1,70,,294196,36,0,9,2,30,,294191,36,0,9,1,72,,294183,36,0,9,1,32,,294168,36,0,9,1,72,,294173,36,0,9,1,32,,294197,36,0,9,2,72,,294192,36,0,9,1
3104,'H51S200F-80-F2',513,,294198,36,0,9,1,38,,294210,36,0,9,1,78,,294199,36,0,9,1,79,,294211,36,0,9,1,37,,294220,36,0,9,1,78,,294212,36,0,9,1,83,,294221,36,0,9,1,37,,294213,36,0,9,1,79,,294222,36,0,9,1,79,,294214,36,0,9,1,39,,294223,36,0,9,1,79,,294215,36,0,9,1,35,,294200,36,0,9,1,70,,294205,36,0,9,1,30,,294229,36,0,9,2,70,,294224,36,0,9,1,30,,294216,36,0,9,1,70,,294201,36,0,9,1,30,,294206,36,0,9,1,70,,294230,36,0,9,2,29,,294225,36,0,9,1,70,,294217,36,0,9,1,30,,294202,36,0,9,1,68,,294207,36,0,9,1,28,,294231,36,0,9,2,70,,294226,36,0,9,1,30,,294218,36,0,9,1,70,,294203,36,0,9,1,30,,294208,36,0,9,1,70,,294232,36,0,9,2,30,,294227,36,0,9,1,72,,294219,36,0,9,1,32,,294204,36,0,9,1,72,,294209,36,0,9,1,32,,294233,36,0,9,2,72,,294228,36,0,9,1
36104,'H51S000A-80-A',2439,,346620,34,0,9,1,85,,346623,34,0,9,1,88,,346624,34,0,9,2,30,,346621,34,0,9,1,68,,346618,34,0,9,2,30,,346619,34,0,9,1,68,,346625,34,0,9,2,28,,346622,34,0,9,1
36104,'H51S000I-80-I',2451,,346626,34,0,9,1,72,,346629,34,0,9,2,30,,346630,34,0,9,1,82,,346627,34,0,9,1,84,,346631,34,0,9,1,85,,346628,34,0,9,1,45,,346632,34,0,9,1
36104,'H51S000S-81-S',2445,,346638,34,0,9,1,80,,346640,34,0,9,1,33,,346636,34,0,9,1,60,,346633,34,0,9,1,20,,346639,34,0,9,1,21,,346634,34,0,9,1,72,,346641,34,0,9,1,73,,346637,34,0,9,1,45,,346635,34,0,9,1
36104,'H51S100F-80-F1',2451,,346642,34,0,9,1,72,,346645,34,0,9,2,30,,346646,34,0,9,1,82,,346643,34,0,9,1,84,,346647,34,0,9,1,85,,346644,34,0,9,1,45,,346648,34,0,9,1
36104,'H51S200F-80-F2',2451,,346649,34,0,9,1,72,,346652,34,0,9,2,30,,346653,34,0,9,1,82,,346650,34,0,9,1,84,,346654,34,0,9,1,85,,346651,34,0,9,1,45,,346655,34,0,9,1
