2401,'H59S000A-80-A',634,,291585,24,0,5,1,72,,291591,24,0,5,1,31,,291574,24,0,5,1,72,,291586,24,0,5,1,33,,291592,24,0,5,1,71,,291575,24,0,5,1,30,,291597,24,0,5,1,66,,291587,24,0,5,1,26,,291593,24,0,5,1,23,,291604,24,0,5,1,63,,291576,24,0,5,1,22,,291579,24,0,5,1,60,,291588,24,0,5,1,22,,291612,24,0,5,2,20,,291594,24,0,5,1,60,,291605,24,0,5,1,20,,291598,24,0,5,1,19,,291601,24,0,5,2,56,,291580,24,0,5,1,15,,291589,24,0,5,1,14,,291583,24,0,5,1,13,,291613,24,0,5,2,12,,291595,24,0,5,1,53,,291577,24,0,5,1,12,,291606,24,0,5,1,12,,291614,24,0,5,2,11,,291599,24,0,5,1,12,,291602,24,0,5,2,52,,291615,24,0,5,1,11,,291581,24,0,5,1,12,,291590,24,0,5,1,8,,291622,24,0,5,1,8,,291584,24,0,5,1,9,,291628,24,0,5,1,49,,291596,24,0,5,1,9,,291631,24,0,5,1,8,,291578,24,0,5,1,8,,291634,24,0,5,2,11,,291607,24,0,5,1,12,,291600,24,0,5,1,53,,291603,24,0,5,2,13,,291616,24,0,5,1,13,,291582,24,0,5,1,13,,291623,24,0,5,1,12,,291629,24,0,5,1,50,,291621,24,0,5,2,13,,291632,24,0,5,1,16,,291635,24,0,5,2,20,,291608,24,0,5,1,61,,291617,24,0,5,1,20,,291624,24,0,5,1,19,,291630,24,0,5,1,59,,291633,24,0,5,1,20,,291636,24,0,5,2,20,,291609,24,0,5,1,64,,291618,24,0,5,1,25,,291625,24,0,5,1,67,,291637,24,0,5,2,30,,291610,24,0,5,1,66,,291619,24,0,5,1,27,,291626,24,0,5,1,26,,291638,24,0,5,2,67,,291611,24,0,5,1,27,,291620,24,0,5,1,67,,291627,24,0,5,1
2401,'H59S000I-81-I',634,,291646,24,0,5,1,71,,291639,24,0,5,1,33,,291663,24,0,5,1,71,,291647,24,0,5,1,33,,291640,24,0,5,1,73,,291664,24,0,5,1,38,,291648,24,0,5,1,71,,291665,24,0,5,1,30,,291641,24,0,5,1,71,,291670,24,0,5,1,29,,291649,24,0,5,1,67,,291674,24,0,5,1,24,,291666,24,0,5,1,60,,291642,24,0,5,1,20,,291671,24,0,5,1,20,,291676,24,0,5,2,58,,291650,24,0,5,1,18,,291678,24,0,5,1,17,,291675,24,0,5,2,13,,291667,24,0,5,1,55,,291643,24,0,5,1,15,,291672,24,0,5,1,15,,291657,24,0,5,1,15,,291677,24,0,5,2,54,,291651,24,0,5,1,14,,291679,24,0,5,1,15,,291682,24,0,5,2,15,,291668,24,0,5,1,52,,291683,24,0,5,2,12,,291644,24,0,5,1,14,,291673,24,0,5,1,13,,291658,24,0,5,1,13,,291681,24,0,5,2,53,,291652,24,0,5,1,12,,291680,24,0,5,1,13,,291684,24,0,5,1,13,,291669,24,0,5,1,14,,291689,24,0,5,2,55,,291645,24,0,5,1,19,,291659,24,0,5,1,23,,291653,24,0,5,1,65,,291685,24,0,5,1,28,,291690,24,0,5,2,66,,291660,24,0,5,1,30,,291654,24,0,5,1,68,,291686,24,0,5,1,27,,291691,24,0,5,2,67,,291661,24,0,5,1,28,,291655,24,0,5,1,70,,291687,24,0,5,1,30,,291662,24,0,5,1,72,,291656,24,0,5,1,33,,291688,24,0,5,1
2401,'H59S000S-80-S',542,,291692,24,0,5,1,78,,291699,24,0,5,1,12,,291701,24,0,5,1,11,,291723,24,0,5,2,11,,291709,24,0,5,1,53,,291726,24,0,5,1,13,,291737,24,0,5,1,13,,291693,24,0,5,1,12,,291725,24,0,5,1,13,,291736,24,0,5,2,55,,291742,24,0,5,1,13,,291700,24,0,5,1,11,,291702,24,0,5,1,11,,291759,24,0,5,1,10,,291710,24,0,5,1,52,,291727,24,0,5,1,12,,291766,24,0,5,1,12,,291738,24,0,5,1,11,,291765,24,0,5,2,10,,291715,24,0,5,1,52,,291750,24,0,5,1,12,,291743,24,0,5,1,12,,291695,24,0,5,1,13,,291703,24,0,5,1,12,,291760,24,0,5,1,52,,291711,24,0,5,1,13,,291728,24,0,5,1,12,,291767,24,0,5,1,12,,291739,24,0,5,1,12,,291716,24,0,5,1,52,,291751,24,0,5,1,12,,291744,24,0,5,1,14,,291795,24,0,5,1,12,,291696,24,0,5,1,12,,291704,24,0,5,1,52,,291761,24,0,5,1,11,,291712,24,0,5,1,12,,291729,24,0,5,1,12,,291768,24,0,5,1,12,,291740,24,0,5,1,52,,291717,24,0,5,1,12,,291752,24,0,5,1,12,,291745,24,0,5,1,12,,291796,24,0,5,1,11,,291697,24,0,5,1,52,,291705,24,0,5,1,12,,291762,24,0,5,1,13,,291713,24,0,5,1,11,,291730,24,0,5,1,12,,291769,24,0,5,1,50,,291741,24,0,5,1,9,,291770,24,0,5,1,8,,291775,24,0,5,2,9,,291777,24,0,5,2,9,,291718,24,0,5,1,7,,291776,24,0,5,2,6,,291753,24,0,5,1,46,,291746,24,0,5,1,7,,291772,24,0,5,2,6,,291797,24,0,5,1,5,,291698,24,0,5,1,5,,291787,24,0,5,2,7,,291780,24,0,5,1,8,,291783,24,0,5,2,8,,291763,24,0,5,1,11,,291781,24,0,5,1,50,,291731,24,0,5,1,11,,291707,24,0,5,1,10,,291790,24,0,5,2,10,,291785,24,0,5,1,11,,291778,24,0,5,2,52,,291719,24,0,5,1,11,,291747,24,0,5,1,10,,291798,24,0,5,1,9,,291788,24,0,5,2,9,,291755,24,0,5,1,11,,291774,24,0,5,2,52,,291732,24,0,5,1,12,,291708,24,0,5,1,12,,291791,24,0,5,2,12,,291786,24,0,5,1,11,,291779,24,0,5,2,52,,291720,24,0,5,1,14,,291748,24,0,5,1,16,,291756,24,0,5,1,20,,291733,24,0,5,1,59,,291794,24,0,5,1,20,,291792,24,0,5,2,24,,291721,24,0,5,1,67,,291757,24,0,5,1,28,,291734,24,0,5,1,65,,291793,24,0,5,2,28,,291722,24,0,5,1,68,,291758,24,0,5,1,27,,291735,24,0,5,1
2401,'H59S100F-80-F1',634,,291806,24,0,5,1,71,,291799,24,0,5,1,33,,291850,24,0,5,1,71,,291807,24,0,5,1,33,,291800,24,0,5,1,73,,291851,24,0,5,1,38,,291808,24,0,5,1,71,,291823,24,0,5,1,30,,291801,24,0,5,1,71,,291828,24,0,5,1,29,,291809,24,0,5,1,67,,291832,24,0,5,1,24,,291824,24,0,5,1,60,,291802,24,0,5,1,20,,291829,24,0,5,1,20,,291834,24,0,5,2,58,,291810,24,0,5,1,18,,291836,24,0,5,1,17,,291833,24,0,5,2,13,,291825,24,0,5,1,55,,291803,24,0,5,1,15,,291830,24,0,5,1,15,,291817,24,0,5,1,15,,291835,24,0,5,2,54,,291811,24,0,5,1,14,,291837,24,0,5,1,15,,291839,24,0,5,2,15,,291826,24,0,5,1,52,,291840,24,0,5,2,12,,291804,24,0,5,1,14,,291831,24,0,5,1,13,,291818,24,0,5,1,13,,291849,24,0,5,2,53,,291812,24,0,5,1,12,,291838,24,0,5,1,13,,291841,24,0,5,1,13,,291827,24,0,5,1,14,,291846,24,0,5,2,55,,291805,24,0,5,1,19,,291819,24,0,5,1,23,,291813,24,0,5,1,65,,291842,24,0,5,1,28,,291847,24,0,5,2,66,,291820,24,0,5,1,30,,291814,24,0,5,1,68,,291843,24,0,5,1,27,,291848,24,0,5,2,67,,291821,24,0,5,1,28,,291815,24,0,5,1,70,,291844,24,0,5,1,30,,291822,24,0,5,1,72,,291816,24,0,5,1,33,,291845,24,0,5,1
2401,'H59S200F-80-F2',634,,291859,24,0,5,1,71,,291852,24,0,5,1,33,,291903,24,0,5,1,71,,291860,24,0,5,1,33,,291853,24,0,5,1,73,,291904,24,0,5,1,38,,291861,24,0,5,1,71,,291876,24,0,5,1,30,,291854,24,0,5,1,71,,291881,24,0,5,1,29,,291862,24,0,5,1,67,,291885,24,0,5,1,24,,291877,24,0,5,1,60,,291855,24,0,5,1,20,,291882,24,0,5,1,20,,291887,24,0,5,2,58,,291863,24,0,5,1,18,,291889,24,0,5,1,17,,291886,24,0,5,2,13,,291878,24,0,5,1,55,,291856,24,0,5,1,15,,291883,24,0,5,1,15,,291870,24,0,5,1,15,,291888,24,0,5,2,54,,291864,24,0,5,1,14,,291890,24,0,5,1,15,,291892,24,0,5,2,15,,291879,24,0,5,1,52,,291893,24,0,5,2,12,,291857,24,0,5,1,14,,291884,24,0,5,1,13,,291871,24,0,5,1,13,,291902,24,0,5,2,53,,291865,24,0,5,1,12,,291891,24,0,5,1,13,,291894,24,0,5,1,13,,291880,24,0,5,1,14,,291899,24,0,5,2,55,,291858,24,0,5,1,19,,291872,24,0,5,1,23,,291866,24,0,5,1,65,,291895,24,0,5,1,28,,291900,24,0,5,2,66,,291873,24,0,5,1,30,,291867,24,0,5,1,68,,291896,24,0,5,1,27,,291901,24,0,5,2,67,,291874,24,0,5,1,28,,291868,24,0,5,1,70,,291897,24,0,5,1,30,,291875,24,0,5,1,72,,291869,24,0,5,1,33,,291898,24,0,5,1
35601,'H56S000A-80-A',2652,,346198,111,0,5,2,83,,346199,111,0,5,1,90,,346195,111,0,5,2,92,,346197,111,0,5,1,42,,346196,111,0,5,1
35601,'H56S000I-80-I',2650,,346201,111,0,5,1,81,,346205,111,0,5,2,80,,346202,111,0,5,1,40,,346200,111,0,5,1,84,,346204,111,0,5,1,84,,346203,111,0,5,1
35601,'H56S000S-82-S',2703,,346208,111,0,5,1,33,,346210,111,0,5,1,74,,346211,111,0,5,2,34,,346206,111,0,5,1,86,,346209,111,0,5,2,89,,346207,111,0,5,1
35601,'H56S100F-80-F1',2650,,346213,111,0,5,1,81,,346217,111,0,5,2,80,,346214,111,0,5,1,40,,346212,111,0,5,1,84,,346216,111,0,5,1,84,,346215,111,0,5,1
35601,'H56S200F-80-F2',2650,,346219,111,0,5,1,81,,346223,111,0,5,2,80,,346220,111,0,5,1,40,,346218,111,0,5,1,84,,346222,111,0,5,1,84,,346221,111,0,5,1
