9301,'H50S000A-82-A',525,,312352,16,0,5,2,30,,312322,16,0,5,1,70,,312353,16,0,5,2,31,,312323,16,0,5,1,71,,312314,16,0,5,1,31,,312324,16,0,5,1,69,,312315,16,0,5,1,29,,312325,16,0,5,1,70,,312316,16,0,5,1,30,,312326,16,0,5,1,70,,312317,16,0,5,1,33,,312327,16,0,5,1,71,,312318,16,0,5,1,71,,312328,16,0,5,1,31,,312319,16,0,5,1,74,,312329,16,0,5,1,33,,312320,16,0,5,1,73,,312330,16,0,5,1,32,,312321,16,0,5,1,66,,312331,16,0,5,1,33,,312342,16,0,5,2,72,,312332,16,0,5,1,33,,312343,16,0,5,2,73,,312333,16,0,5,1,29,,312344,16,0,5,2,71,,312334,16,0,5,1,28,,312345,16,0,5,2,70,,312335,16,0,5,1,27,,312346,16,0,5,2,69,,312336,16,0,5,1,28,,312347,16,0,5,2,70,,312337,16,0,5,1,29,,312348,16,0,5,2,68,,312338,16,0,5,1,28,,312349,16,0,5,2,69,,312339,16,0,5,1,30,,312350,16,0,5,2,70,,312340,16,0,5,1,30,,312351,16,0,5,2,70,,312341,16,0,5,1
9301,'H50S000I-82-I',544,,312354,16,0,5,1,70,,312374,16,0,5,2,30,,312355,16,0,5,1,70,,312375,16,0,5,2,30,,312356,16,0,5,1,70,,312376,16,0,5,2,32,,312357,16,0,5,1,70,,312377,16,0,5,2,33,,312358,16,0,5,1,70,,312378,16,0,5,2,30,,312359,16,0,5,1,70,,312379,16,0,5,2,30,,312360,16,0,5,1,70,,312380,16,0,5,2,33,,312361,16,0,5,1,70,,312381,16,0,5,2,30,,312362,16,0,5,1,70,,312382,16,0,5,2,30,,312363,16,0,5,1,70,,312383,16,0,5,2,32,,312364,16,0,5,1,69,,312384,16,0,5,2,32,,312365,16,0,5,1,69,,312385,16,0,5,2,31,,312366,16,0,5,1,69,,312386,16,0,5,2,27,,312367,16,0,5,1,69,,312387,16,0,5,2,29,,312368,16,0,5,1,70,,312388,16,0,5,2,30,,312369,16,0,5,1,70,,312389,16,0,5,2,30,,312370,16,0,5,1,70,,312390,16,0,5,2,30,,312371,16,0,5,1,69,,312391,16,0,5,2,29,,312372,16,0,5,1,70,,312392,16,0,5,2,29,,312373,16,0,5,1,69,,312393,16,0,5,2
9301,'H50S000S-82-S',526,,312417,16,0,5,1,30,,312394,16,0,5,2,70,,312418,16,0,5,1,32,,312395,16,0,5,2,71,,312419,16,0,5,1,30,,312396,16,0,5,2,69,,312420,16,0,5,1,31,,312397,16,0,5,2,70,,312421,16,0,5,1,71,,312398,16,0,5,2,29,,312422,16,0,5,1,71,,312399,16,0,5,2,30,,312423,16,0,5,1,70,,312400,16,0,5,2,32,,312424,16,0,5,1,68,,312401,16,0,5,2,35,,312425,16,0,5,1,72,,312402,16,0,5,2,33,,312426,16,0,5,1,72,,312403,16,0,5,2,32,,312406,16,0,5,2,72,,312404,16,0,5,1,32,,312408,16,0,5,1,72,,312407,16,0,5,2,32,,312405,16,0,5,1,71,,312409,16,0,5,1,31,,312427,16,0,5,2,70,,312410,16,0,5,1,29,,312428,16,0,5,2,69,,312411,16,0,5,1,30,,312429,16,0,5,2,70,,312412,16,0,5,1,28,,312430,16,0,5,2,70,,312413,16,0,5,1,28,,312431,16,0,5,2,67,,312414,16,0,5,1,28,,312432,16,0,5,2,67,,312415,16,0,5,1,27,,312433,16,0,5,2,67,,312416,16,0,5,1
9301,'H50S100F-80-F1',544,,312434,16,0,5,1,70,,312454,16,0,5,2,30,,312435,16,0,5,1,70,,312455,16,0,5,2,30,,312436,16,0,5,1,70,,312456,16,0,5,2,32,,312437,16,0,5,1,70,,312457,16,0,5,2,33,,312438,16,0,5,1,70,,312458,16,0,5,2,30,,312439,16,0,5,1,70,,312459,16,0,5,2,30,,312440,16,0,5,1,70,,312460,16,0,5,2,33,,312441,16,0,5,1,70,,312461,16,0,5,2,30,,312442,16,0,5,1,70,,312462,16,0,5,2,30,,312443,16,0,5,1,70,,312463,16,0,5,2,32,,312444,16,0,5,1,69,,312464,16,0,5,2,32,,312445,16,0,5,1,69,,312465,16,0,5,2,31,,312446,16,0,5,1,69,,312466,16,0,5,2,27,,312447,16,0,5,1,69,,312467,16,0,5,2,29,,312448,16,0,5,1,70,,312468,16,0,5,2,30,,312449,16,0,5,1,70,,312469,16,0,5,2,30,,312450,16,0,5,1,70,,312470,16,0,5,2,30,,312451,16,0,5,1,69,,312471,16,0,5,2,29,,312452,16,0,5,1,70,,312472,16,0,5,2,29,,312453,16,0,5,1,69,,312473,16,0,5,2
9301,'H50S200F-80-F2',544,,312474,16,0,5,1,70,,312494,16,0,5,2,30,,312475,16,0,5,1,70,,312495,16,0,5,2,30,,312476,16,0,5,1,70,,312496,16,0,5,2,32,,312477,16,0,5,1,70,,312497,16,0,5,2,33,,312478,16,0,5,1,70,,312498,16,0,5,2,30,,312479,16,0,5,1,70,,312499,16,0,5,2,30,,312480,16,0,5,1,70,,312500,16,0,5,2,33,,312481,16,0,5,1,70,,312501,16,0,5,2,30,,312482,16,0,5,1,70,,312502,16,0,5,2,30,,312483,16,0,5,1,70,,312503,16,0,5,2,32,,312484,16,0,5,1,69,,312504,16,0,5,2,32,,312485,16,0,5,1,69,,312505,16,0,5,2,31,,312486,16,0,5,1,69,,312506,16,0,5,2,27,,312487,16,0,5,1,69,,312507,16,0,5,2,29,,312488,16,0,5,1,70,,312508,16,0,5,2,30,,312489,16,0,5,1,70,,312509,16,0,5,2,30,,312490,16,0,5,1,70,,312510,16,0,5,2,30,,312491,16,0,5,1,69,,312511,16,0,5,2,29,,312492,16,0,5,1,70,,312512,16,0,5,2,29,,312493,16,0,5,1,69,,312513,16,0,5,2
37201,'H54S000A-80-A',2537,,347150,38,0,5,2,88,,347154,38,0,5,1,84,,347152,38,0,5,1,50,,347155,38,0,5,1,85,,347151,38,0,5,1,80,,347153,38,0,6 7,1
37201,'H54S000I-80-I',2542,,347158,38,0,5,1,87,,347156,38,0,5,1,85,,347157,38,0,5,1,45,,347161,38,0,5,1,86,,347160,38,0,5,2,85,,347159,38,0,6 7,1
37201,'H54S000S-80-S',2541,,347164,38,0,5,1,74,,347167,38,0,5,2,37,,347165,38,0,5,1,80,,347166,38,0,5,2,80,,347162,38,0,5,1,41,,347163,38,0,5,1,85,,347168,38,0,6 7,2
37201,'H54S100F-80-F1',2542,,347171,38,0,5,1,87,,347169,38,0,5,1,85,,347170,38,0,5,1,45,,347174,38,0,5,1,86,,347173,38,0,5,2,85,,347172,38,0,6 7,1
37201,'H54S200F-80-F2',2542,,347177,38,0,5,1,87,,347175,38,0,5,1,85,,347176,38,0,5,1,45,,347180,38,0,5,1,86,,347179,38,0,5,2,85,,347178,38,0,6 7,1
