12404,'H50S000A-82-A',626,,322229,20,0,9,2,31,,322242,20,0,9,2,70,,322237,20,0,9,1,30,,322230,20,0,9,2,71,,322243,20,0,9,2,30,,322238,20,0,9,1,70,,322231,20,0,9,2,30,,322244,20,0,9,2,71,,322255,20,0,9,2,30,,322248,20,0,9,1,70,,322233,20,0,9,2,30,,322259,20,0,9,1,70,,322262,20,0,9,2,30,,322239,20,0,9,1,70,,322252,20,0,9,1,30,,322245,20,0,9,2,70,,322256,20,0,9,2,30,,322249,20,0,9,1,71,,322234,20,0,9,2,71,,322260,20,0,9,1,31,,322263,20,0,9,2,70,,322240,20,0,9,1,31,,322253,20,0,9,1,68,,322246,20,0,9,2,27,,322257,20,0,9,2,29,,322250,20,0,9,1,69,,322235,20,0,9,2,29,,322261,20,0,9,1,69,,322264,20,0,9,2,29,,322241,20,0,9,1,68,,322254,20,0,9,1,29,,322247,20,0,9,2,70,,322258,20,0,9,2,30,,322251,20,0,9,1,70,,322236,20,0,9,2,29,,322232,20,0,9,2
12404,'H50S000I-82-I',713,,322265,20,0,9,2,30,,322266,20,0,9,1,70,,322290,20,0,9,1,32,,322270,20,0,9,2,71,,322280,20,0,9,1,30,,322274,20,0,9,1,70,,322285,20,0,9,2,31,,322284,20,0,9,2,72,,322267,20,0,9,1,30,,322291,20,0,9,1,68,,322271,20,0,9,2,30,,322281,20,0,9,1,70,,322275,20,0,9,1,30,,322286,20,0,9,2,67,,322294,20,0,9,2,32,,322276,20,0,9,1,70,,322287,20,0,9,2,31,,322295,20,0,9,2,70,,322277,20,0,9,1,31,,322288,20,0,9,2,73,,322268,20,0,9,1,33,,322292,20,0,9,1,70,,322272,20,0,9,2,30,,322282,20,0,9,1,69,,322296,20,0,9,2,31,,322278,20,0,9,1,64,,322289,20,0,9,2,30,,322269,20,0,9,1,70,,322293,20,0,9,1,30,,322273,20,0,9,2,69,,322283,20,0,9,1,30,,322297,20,0,9,2,70,,322279,20,0,9,1,26,,322298,20,0,9,1
12404,'H50S000S-82-S',603,,322327,20,0,9,1,32,,322326,20,0,9,1,69,,322309,20,0,9,1,30,,322299,20,0,9,2,75,,322305,20,0,9,1,32,,322310,20,0,9,1,68,,322311,20,0,9,1,94,,322306,20,0,9,1,30,,322317,20,0,9,2,70,,322312,20,0,9,1,30,,322307,20,0,9,1,70,,322318,20,0,9,2,31,,322313,20,0,9,1,71,,322308,20,0,9,1,31,,322319,20,0,9,2,72,,322314,20,0,9,1,33,,322328,20,0,9,1,73,,322320,20,0,9,2,35,,322315,20,0,9,1,70,,322324,20,0,9,1,29,,322329,20,0,9,1,69,,322321,20,0,9,2,26,,322316,20,0,9,1,69,,322325,20,0,9,1,29,,322330,20,0,9,1,67,,322322,20,0,9,2,29,,322300,20,0,9,1,69,,322331,20,0,9,1,27,,322323,20,0,9,2,70,,322301,20,0,9,1,30,,322332,20,0,9,1,70,,322333,20,0,9,1,30,,322302,20,0,9,1,70,,322304,20,0,9,1,30,,322334,20,0,9,1,70,,322303,20,0,9,1
12404,'H50S100F-80-F1',713,,322335,20,0,9,2,30,,322336,20,0,9,1,70,,322360,20,0,9,1,32,,322340,20,0,9,2,71,,322350,20,0,9,1,30,,322344,20,0,9,1,70,,322355,20,0,9,2,31,,322354,20,0,9,2,72,,322337,20,0,9,1,30,,322361,20,0,9,1,68,,322341,20,0,9,2,30,,322351,20,0,9,1,70,,322345,20,0,9,1,30,,322356,20,0,9,2,67,,322364,20,0,9,2,32,,322346,20,0,9,1,70,,322357,20,0,9,2,31,,322365,20,0,9,2,70,,322347,20,0,9,1,31,,322358,20,0,9,2,73,,322338,20,0,9,1,33,,322362,20,0,9,1,70,,322342,20,0,9,2,30,,322352,20,0,9,1,69,,322366,20,0,9,2,31,,322348,20,0,9,1,64,,322359,20,0,9,2,30,,322339,20,0,9,1,70,,322363,20,0,9,1,30,,322343,20,0,9,2,69,,322353,20,0,9,1,30,,322367,20,0,9,2,70,,322349,20,0,9,1,26,,322368,20,0,9,1
12404,'H50S200F-80-F2',713,,322369,20,0,9,2,30,,322370,20,0,9,1,70,,322394,20,0,9,1,32,,322374,20,0,9,2,71,,322384,20,0,9,1,30,,322378,20,0,9,1,70,,322389,20,0,9,2,31,,322388,20,0,9,2,72,,322371,20,0,9,1,30,,322395,20,0,9,1,68,,322375,20,0,9,2,30,,322385,20,0,9,1,70,,322379,20,0,9,1,30,,322390,20,0,9,2,67,,322398,20,0,9,2,32,,322380,20,0,9,1,70,,322391,20,0,9,2,31,,322399,20,0,9,2,70,,322381,20,0,9,1,31,,322392,20,0,9,2,73,,322372,20,0,9,1,33,,322396,20,0,9,1,70,,322376,20,0,9,2,30,,322386,20,0,9,1,69,,322400,20,0,9,2,31,,322382,20,0,9,1,64,,322393,20,0,9,2,30,,322373,20,0,9,1,70,,322397,20,0,9,1,30,,322377,20,0,9,2,69,,322387,20,0,9,1,30,,322401,20,0,9,2,70,,322383,20,0,9,1,26,,322402,20,0,9,1
12404,'H51S000S-81-S',938,,322403,20,0,9,2
36801,'H57S000A-80-A',2540,,346903,19,0,5,1,84,,346900,19,0,5,2,88,,346902,19,0,5,1,43,,346901,19,0,5,1,84,,346904,19,0,5,1
36801,'H57S000I-80-I',2539,,346905,19,0,5,1,85,,346906,19,0,5,1,86,,346908,19,0,5,1,43,,346909,19,0,5,1,85,,346907,19,0,5,1
36801,'H57S000S-80-S',2537,,346910,19,0,5,1,86,,346913,19,0,5,1,94,,346914,19,0,5,1,36,,346912,19,0,5,1,96,,346911,19,0,5,1
36801,'H57S100F-80-F1',2539,,346915,19,0,5,1,85,,346916,19,0,5,1,86,,346918,19,0,5,1,43,,346919,19,0,5,1,85,,346917,19,0,5,1
36801,'H57S200F-80-F2',2539,,346920,19,0,5,1,85,,346921,19,0,5,1,86,,346923,19,0,5,1,43,,346924,19,0,5,1,85,,346922,19,0,5,1
