18001,'H58S000A-80-A',511,,334326,12,0,5,1,28,,334333,12,0,5,1,71,,334339,12,0,5,2,33,,334334,12,0,5,1,73,,334340,12,0,5,2,32,,334335,12,0,5,1,69,,334342,12,0,5,1,27,,334341,12,0,5,2,67,,334336,12,0,5,1,29,,334343,12,0,5,1,69,,334346,12,0,5,1,29,,334337,12,0,5,1,72,,334344,12,0,5,1,33,,334347,12,0,5,1,73,,334338,12,0,5,1,33,,334350,12,0,5,2,71,,334353,12,0,5,2,33,,334354,12,0,5,1,73,,334351,12,0,5,2,33,,334358,12,0,5,1,73,,334355,12,0,5,1,73,,334352,12,0,5,2,33,,334359,12,0,5,1,73,,334360,12,0,5,2,33,,334348,12,0,5,1,73,,334361,12,0,5,2,31,,334325,12,0,5,2,70,,334349,12,0,5,1,30,,334362,12,0,5,2,70,,334327,12,0,5,2,30,,334330,12,0,5,1,70,,334363,12,0,5,2,30,,334328,12,0,5,2,70,,334331,12,0,5,1,29,,334364,12,0,5,2,68,,334329,12,0,5,2,27,,334332,12,0,5,1,68,,334365,12,0,5,2,28,,334356,12,0,5,1,71,,334345,12,0,5,1,31,,334357,12,0,5,1
18001,'H58S000I-80-I',540,,334376,12,0,5,1,71,,334377,12,0,5,1,32,,334390,12,0,5,2,72,,334378,12,0,5,1,33,,334391,12,0,5,2,72,,334379,12,0,5,1,33,,334392,12,0,5,2,74,,334380,12,0,5,1,28,,334366,12,0,5,1,68,,334393,12,0,5,2,28,,334381,12,0,5,1,69,,334367,12,0,5,1,30,,334394,12,0,5,2,70,,334382,12,0,5,1,30,,334368,12,0,5,1,70,,334395,12,0,5,2,30,,334383,12,0,5,1,70,,334369,12,0,5,1,29,,334396,12,0,5,2,71,,334384,12,0,5,1,31,,334370,12,0,5,1,71,,334397,12,0,5,2,30,,334385,12,0,5,1,70,,334371,12,0,5,1,30,,334398,12,0,5,2,69,,334386,12,0,5,1,29,,334372,12,0,5,1,69,,334399,12,0,5,2,29,,334387,12,0,5,1,70,,334373,12,0,5,1,29,,334400,12,0,5,2,68,,334388,12,0,5,1,28,,334374,12,0,5,1,68,,334401,12,0,5,2,27,,334389,12,0,5,1,65,,334375,12,0,5,1,29,,334402,12,0,5,1,69,,334404,12,0,5,2,29,,334403,12,0,5,1,71,,334405,12,0,5,2
18001,'H58S000S-83-S',511,,334416,12,0,5,1,30,,334422,12,0,5,1,72,,334427,12,0,5,1,27,,334432,12,0,5,2,17,,334435,12,0,5,2,57,,334433,12,0,5,2,16,,334436,12,0,5,2,15,,334417,12,0,5,1,13,,334442,12,0,5,2,51,,334443,12,0,5,1,4,,334444,12,0,5,2,5,,334434,12,0,5,2,15,,334423,12,0,5,2,21,,334437,12,0,5,2,68,,334418,12,0,5,1,29,,334408,12,0,5,1,70,,334438,12,0,5,2,32,,334445,12,0,5,2,73,,334409,12,0,5,1,32,,334439,12,0,5,2,61,,334426,12,0,5,1,10,,334428,12,0,5,1,10,,334446,12,0,5,2,69,,334410,12,0,5,1,30,,334440,12,0,5,2,71,,334429,12,0,5,1,33,,334411,12,0,5,1,73,,334441,12,0,5,2,33,,334447,12,0,5,1,68,,334412,12,0,5,1,27,,334450,12,0,5,2,70,,334452,12,0,5,1,30,,334413,12,0,5,1,71,,334451,12,0,5,2,29,,334453,12,0,5,1,70,,334407,12,0,5,2,27,,334449,12,0,5,2,70,,334414,12,0,5,1,33,,334448,12,0,5,2,73,,334419,12,0,5,1,33,,334415,12,0,5,1,62,,334406,12,0,5,2,28,,334420,12,0,5,1,69,,334430,12,0,5,1,28,,334424,12,0,5,2,70,,334421,12,0,5,1,30,,334431,12,0,5,1,69,,334425,12,0,5,2
18001,'H58S100F-80-F1',540,,334466,12,0,5,2,71,,334467,12,0,5,1,32,,334477,12,0,5,2,72,,334468,12,0,5,1,33,,334478,12,0,5,2,72,,334469,12,0,5,1,33,,334479,12,0,5,2,74,,334470,12,0,5,1,28,,334456,12,0,5,1,68,,334480,12,0,5,2,28,,334471,12,0,5,1,69,,334457,12,0,5,1,30,,334481,12,0,5,2,70,,334472,12,0,5,1,30,,334458,12,0,5,1,70,,334482,12,0,5,2,30,,334473,12,0,5,1,70,,334459,12,0,5,1,29,,334483,12,0,5,2,71,,334474,12,0,5,1,31,,334460,12,0,5,1,71,,334491,12,0,5,2,30,,334475,12,0,5,1,70,,334461,12,0,5,1,30,,334492,12,0,5,2,69,,334476,12,0,5,1,29,,334462,12,0,5,1,69,,334493,12,0,5,2,29,,334488,12,0,5,2,70,,334463,12,0,5,1,29,,334486,12,0,5,2,68,,334489,12,0,5,2,28,,334464,12,0,5,1,68,,334487,12,0,5,2,27,,334490,12,0,5,2,65,,334465,12,0,5,1,29,,334484,12,0,5,1,69,,334454,12,0,5,1,29,,334485,12,0,5,1,71,,334455,12,0,5,1
18001,'H58S200F-80-F2',540,,334499,12,0,5,2,71,,334522,12,0,5,1,32,,334505,12,0,5,2,72,,334523,12,0,5,1,33,,334506,12,0,5,2,72,,334524,12,0,5,1,33,,334507,12,0,5,2,74,,334525,12,0,5,1,28,,334512,12,0,5,1,68,,334508,12,0,5,2,28,,334526,12,0,5,1,69,,334513,12,0,5,1,30,,334509,12,0,5,2,70,,334527,12,0,5,1,30,,334514,12,0,5,1,70,,334510,12,0,5,2,30,,334528,12,0,5,1,70,,334515,12,0,5,1,29,,334511,12,0,5,2,71,,334529,12,0,5,1,31,,334516,12,0,5,1,71,,334502,12,0,5,2,30,,334530,12,0,5,1,70,,334517,12,0,5,1,30,,334503,12,0,5,2,69,,334531,12,0,5,1,29,,334518,12,0,5,1,69,,334504,12,0,5,2,29,,334494,12,0,5,2,70,,334519,12,0,5,1,29,,334532,12,0,5,2,68,,334495,12,0,5,2,28,,334520,12,0,5,1,68,,334533,12,0,5,2,27,,334496,12,0,5,2,65,,334521,12,0,5,1,29,,334497,12,0,5,1,69,,334500,12,0,5,1,29,,334498,12,0,5,1,71,,334501,12,0,5,1
36504,'H58S000A-80-A',2529,,346870,12,0,9,1,75,,346872,12,0,9,1,33,,346875,12,0,9,1,76,,346869,12,0,9,1,33,,346874,12,0,9,1,72,,346871,12,0,9,1,32,,346873,12,0,9,1
36504,'H58S000I-80-I',2529,,346876,12,0,9,1,80,,346878,12,0,9,1,40,,346880,12,0,9,1,80,,346877,12,0,9,1,80,,346879,12,0,9,1,40,,346881,12,0,9,1
36504,'H58S000S-83-S',2528,,346884,12,0,9,1,81,,346886,12,0,9,1,40,,346882,12,0,9,1,80,,346883,12,0,9,1,80,,346885,12,0,9,1,40,,346887,12,0,9,1
36504,'H58S100F-80-F1',2529,,346890,12,0,9,1,80,,346888,12,0,9,1,40,,346892,12,0,9,1,80,,346891,12,0,9,1,80,,346889,12,0,9,1,40,,346893,12,0,9,1
36504,'H58S200F-80-F2',2529,,346894,12,0,9,1,80,,346896,12,0,9,1,40,,346898,12,0,9,1,80,,346895,12,0,9,1,80,,346897,12,0,9,1,40,,346899,12,0,9,1
