18701,'H54S000A-80-A',536,,335744,19,0,5,1,71,,335728,19,0,5,1,31,,335735,19,0,5,1,71,,335745,19,0,5,1,30,,335729,19,0,5,2,70,,335736,19,0,5,1,31,,335746,19,0,5,1,71,,335753,19,0,5,1,35,,335767,19,0,5,1,72,,335747,19,0,5,1,30,,335737,19,0,5,2,69,,335759,19,0,5,1,28,,335748,19,0,5,1,68,,335738,19,0,5,2,29,,335754,19,0,5,1,69,,335749,19,0,5,1,29,,335739,19,0,5,2,68,,335765,19,0,5,2,29,,335750,19,0,5,1,69,,335720,19,0,5,2,25,,335766,19,0,5,2,19,,335768,19,0,5,1,58,,335751,19,0,5,1,19,,335721,19,0,5,2,17,,335740,19,0,5,2,56,,335722,19,0,5,1,15,,335752,19,0,5,1,15,,335724,19,0,5,2,15,,335741,19,0,5,2,12,,335769,19,0,5,1,51,,335727,19,0,5,1,12,,335723,19,0,5,1,12,,335730,19,0,5,1,22,,335725,19,0,5,2,61,,335734,19,0,5,2,21,,335760,19,0,5,1,22,,335731,19,0,5,1,63,,335726,19,0,5,2,22,,335755,19,0,5,1,66,,335761,19,0,5,1,27,,335732,19,0,5,1,68,,335756,19,0,5,1,28,,335762,19,0,5,1,69,,335733,19,0,5,1,31,,335757,19,0,5,1,71,,335763,19,0,5,1,31,,335742,19,0,5,1,72,,335758,19,0,5,1,32,,335764,19,0,5,1,73,,335743,19,0,5,1
18701,'H54S000I-80-I',531,,335771,19,0,5,2,71,,335777,19,0,5,1,30,,335778,19,0,5,1,73,,335772,19,0,5,2,33,,335779,19,0,5,1,73,,335773,19,0,5,2,34,,335812,19,0,5,1,71,,335780,19,0,5,1,30,,335811,19,0,5,2,71,,335813,19,0,5,1,31,,335781,19,0,5,1,71,,335770,19,0,5,1,30,,335814,19,0,5,1,70,,335791,19,0,5,2,30,,335805,19,0,5,1,69,,335782,19,0,5,1,29,,335792,19,0,5,2,67,,335796,19,0,5,2,26,,335783,19,0,5,1,67,,335793,19,0,5,2,22,,335774,19,0,5,2,22,,335797,19,0,5,2,62,,335784,19,0,5,1,22,,335775,19,0,5,2,22,,335794,19,0,5,2,64,,335798,19,0,5,2,24,,335776,19,0,5,2,57,,335785,19,0,5,1,17,,335795,19,0,5,2,17,,335806,19,0,5,1,68,,335799,19,0,5,2,28,,335786,19,0,5,1,68,,335807,19,0,5,1,27,,335800,19,0,5,2,27,,335787,19,0,5,1,67,,335808,19,0,5,1,27,,335801,19,0,5,2,64,,335788,19,0,5,1,25,,335809,19,0,5,1,65,,335802,19,0,5,2,26,,335789,19,0,5,1,72,,335810,19,0,5,1,32,,335803,19,0,5,2,73,,335790,19,0,5,1,33,,335804,19,0,5,2
18701,'H54S000S-80-S',536,,335815,19,0,5,1,70,,335840,19,0,5,1,31,,335884,19,0,5,2,71,,335848,19,0,5,1,34,,335841,19,0,5,1,71,,335849,19,0,5,2,30,,335833,19,0,5,1,66,,335842,19,0,5,1,30,,335850,19,0,5,2,69,,335835,19,0,5,2,29,,335843,19,0,5,1,69,,335851,19,0,5,2,29,,335836,19,0,5,2,69,,335844,19,0,5,1,30,,335852,19,0,5,2,67,,335857,19,0,5,1,25,,335845,19,0,5,1,19,,335859,19,0,5,1,58,,335855,19,0,5,2,16,,335853,19,0,5,2,17,,335858,19,0,5,1,16,,335846,19,0,5,1,57,,335860,19,0,5,1,14,,335864,19,0,5,2,11,,335856,19,0,5,2,11,,335818,19,0,5,2,8,,335871,19,0,5,2,47,,335854,19,0,5,2,6,,335881,19,0,5,2,6,,335837,19,0,5,1,8,,335869,19,0,5,2,7,,335847,19,0,123,1,6,,335878,19,0,5,2,5,,335882,19,0,5,2,5,,335873,19,0,5,2,6,,335816,19,0,5,1,5,,335880,19,0,123,2,46,,335865,19,0,5,2,11,,335861,19,0,5,1,7,,335838,19,0,5,2,5,,335872,19,0,123,2,7,,335839,19,0,5,2,9,,335879,19,0,5,2,10,,335874,19,0,5,2,6,,335883,19,0,123,2,46,,335870,19,0,5,2,8,,335866,19,0,5,2,9,,335817,19,0,5,1,10,,335885,19,0,123,2,10,,335832,19,0,5,1,8,,335862,19,0,5,1,54,,335834,19,0,5,1,14,,335875,19,0,5,2,15,,335825,19,0,5,1,17,,335867,19,0,5,2,58,,335863,19,0,5,1,17,,335829,19,0,5,1,20,,335876,19,0,5,2,61,,335868,19,0,5,2,20,,335830,19,0,5,1,21,,335822,19,0,5,1,60,,335877,19,0,5,2,15,,335826,19,0,5,1,16,,335831,19,0,5,1,21,,335819,19,0,5,2,62,,335823,19,0,5,1,24,,335827,19,0,5,1,64,,335820,19,0,5,2,29,,335824,19,0,5,1,72,,335828,19,0,5,1,32,,335821,19,0,5,2
18701,'H54S100F-80-F1',531,,335887,19,0,5,2,71,,335893,19,0,5,1,30,,335894,19,0,5,1,73,,335888,19,0,5,2,33,,335895,19,0,5,1,73,,335889,19,0,5,2,34,,335928,19,0,5,1,71,,335896,19,0,5,1,30,,335927,19,0,5,2,71,,335929,19,0,5,1,31,,335897,19,0,5,1,71,,335886,19,0,5,1,30,,335930,19,0,5,1,70,,335907,19,0,5,2,30,,335921,19,0,5,1,69,,335898,19,0,5,1,29,,335908,19,0,5,2,67,,335912,19,0,5,2,26,,335899,19,0,5,1,67,,335909,19,0,5,2,22,,335890,19,0,5,2,22,,335913,19,0,5,2,62,,335900,19,0,5,1,22,,335891,19,0,5,2,22,,335910,19,0,5,2,64,,335914,19,0,5,2,24,,335892,19,0,5,2,57,,335901,19,0,5,1,17,,335911,19,0,5,2,17,,335922,19,0,5,1,68,,335915,19,0,5,2,28,,335902,19,0,5,1,68,,335923,19,0,5,1,27,,335916,19,0,5,2,27,,335903,19,0,5,1,67,,335924,19,0,5,1,27,,335917,19,0,5,2,64,,335904,19,0,5,1,25,,335925,19,0,5,1,65,,335918,19,0,5,2,26,,335905,19,0,5,1,72,,335926,19,0,5,1,32,,335919,19,0,5,2,73,,335906,19,0,5,1,33,,335920,19,0,5,2
18701,'H54S200F-80-F2',531,,335932,19,0,5,2,71,,335938,19,0,5,1,30,,335939,19,0,5,1,73,,335933,19,0,5,2,33,,335940,19,0,5,1,73,,335934,19,0,5,2,34,,335973,19,0,5,1,71,,335941,19,0,5,1,30,,335972,19,0,5,2,71,,335974,19,0,5,1,31,,335942,19,0,5,1,71,,335931,19,0,5,1,30,,335975,19,0,5,1,70,,335952,19,0,5,2,30,,335966,19,0,5,1,69,,335943,19,0,5,1,29,,335953,19,0,5,2,67,,335957,19,0,5,2,26,,335944,19,0,5,1,67,,335954,19,0,5,2,22,,335935,19,0,5,2,22,,335958,19,0,5,2,62,,335945,19,0,5,1,22,,335936,19,0,5,2,22,,335955,19,0,5,2,64,,335959,19,0,5,2,24,,335937,19,0,5,2,57,,335946,19,0,5,1,17,,335956,19,0,5,2,17,,335967,19,0,5,1,68,,335960,19,0,5,2,28,,335947,19,0,5,1,68,,335968,19,0,5,1,27,,335961,19,0,5,2,27,,335948,19,0,5,1,67,,335969,19,0,5,1,27,,335962,19,0,5,2,64,,335949,19,0,5,1,25,,335970,19,0,5,1,65,,335963,19,0,5,2,26,,335950,19,0,5,1,72,,335971,19,0,5,1,32,,335964,19,0,5,2,73,,335951,19,0,5,1,33,,335965,19,0,5,2
36201,'H54S000A-80-A',2703,,346656,66,0,5,1,45,,346657,66,0,5,2,85,,346659,66,0,5,1,85,,346658,66,0,5,2
36201,'H54S000I-80-I',2619,,346662,66,0,5,2,84,,346660,66,0,5,1,44,,346664,66,0,5,2,85,,346661,66,0,5,1,85,,346663,66,0,5,2
36201,'H54S000S-80-S',2617,,346667,66,0,5,1,85,,346666,66,0,5,1,45,,346665,66,0,5,1,85,,346669,66,0,5,1,85,,346668,66,0,5,1
36201,'H54S100F-80-F1',2619,,346672,66,0,5,2,84,,346670,66,0,5,1,44,,346674,66,0,5,2,85,,346671,66,0,5,1,85,,346673,66,0,5,2
36201,'H54S200F-80-F2',2619,,346677,66,0,5,2,84,,346675,66,0,5,1,44,,346679,66,0,5,2,85,,346676,66,0,5,1,85,,346678,66,0,5,2
