4301,'H58S000A-80-A',648,,297722,53,0,5,2,73,,297709,53,0,5,1,33,,297715,53,0,5,2,74,,297723,53,0,5,1,79,,297730,53,0,5,2,35,,297736,53,0,5,1,70,,297710,53,0,5,1,30,,297716,53,0,5,2,70,,297724,53,0,5,1,36,,297731,53,0,5,2,73,,297737,53,0,5,1,33,,297711,53,0,5,1,73,,297717,53,0,5,2,73,,297725,53,0,5,1,33,,297732,53,0,5,2,70,,297738,53,0,5,1,29,,297712,53,0,5,1,70,,297718,53,0,5,2,30,,297726,53,0,5,1,70,,297733,53,0,5,2,28,,297739,53,0,5,1,27,,297713,53,0,5,1,67,,297719,53,0,5,2,29,,297727,53,0,5,1,69,,297734,53,0,5,2,30,,297740,53,0,5,1,71,,297714,53,0,5,1,30,,297720,53,0,5,2,69,,297728,53,0,5,1,30,,297735,53,0,5,2,70,,297742,53,0,5,1,30,,297741,53,0,5,2,92,,297729,53,0,5,1,93,,297743,53,0,5,1,96,,297721,53,0,5,1,92,,297744,53,0,5,1
4301,'H58S000I-80-I',723,,297761,53,0,5,2,35,,297751,53,0,5,1,72,,297760,53,0,5,2,75,,297768,53,0,5,1,35,,297762,53,0,5,2,73,,297752,53,0,5,1,32,,297759,53,0,5,1,72,,297773,53,0,5,1,32,,297769,53,0,5,1,72,,297763,53,0,5,2,31,,297753,53,0,5,1,72,,297746,53,0,5,1,31,,297774,53,0,5,1,71,,297770,53,0,5,1,29,,297764,53,0,5,2,70,,297754,53,0,5,1,31,,297747,53,0,5,1,70,,297775,53,0,5,1,29,,297771,53,0,5,1,66,,297765,53,0,5,2,29,,297755,53,0,5,1,68,,297748,53,0,5,1,28,,297776,53,0,5,1,68,,297772,53,0,5,1,30,,297766,53,0,5,2,71,,297756,53,0,5,1,31,,297749,53,0,5,1,71,,297777,53,0,5,1,31,,297779,53,0,5,2,68,,297745,53,0,5,2,30,,297757,53,0,5,1,91,,297767,53,0,5,1,89,,297750,53,0,5,1,93,,297758,53,0,5,1,92,,297778,53,0,5,2
4301,'H58S000S-83-S',621,,297794,53,0,5,2,22,,297800,53,0,5,1,72,,297787,53,0,5,1,36,,297796,53,0,5,1,74,,297781,53,0,5,1,31,,297795,53,0,5,2,50,,297803,53,0,5,2,9,,297807,53,0,5,1,26,,297801,53,0,5,1,68,,297788,53,0,5,1,29,,297797,53,0,5,1,68,,297782,53,0,5,1,28,,297804,53,0,5,2,70,,297802,53,0,5,1,34,,297808,53,0,5,2,68,,297789,53,0,5,1,30,,297798,53,0,5,1,70,,297783,53,0,5,1,31,,297805,53,0,5,2,70,,297806,53,0,5,1,28,,297809,53,0,5,2,72,,297790,53,0,5,1,29,,297799,53,0,5,1,67,,297784,53,0,5,1,32,,297786,53,0,5,1,71,,297810,53,0,5,2,29,,297792,53,0,5,2,68,,297791,53,0,5,1,29,,297812,53,0,5,2,71,,297785,53,0,5,1,32,,297811,53,0,5,2,72,,297793,53,0,5,2,28,,297816,53,0,5,1,70,,297813,53,0,5,2,37,,297815,53,0,5,1,84,,297817,53,0,5,1,92,,297814,53,0,5,2,96,,297818,53,0,5,1,100,,297780,53,0,5,1
4301,'H58S100F-80-F1',615,,297825,53,0,5,1,22,,297820,53,0,5,1,69,,297823,53,0,5,2,30,,297827,53,0,5,2,75,,297835,53,0,5,1,32,,297819,53,0,5,2,61,,297831,53,0,5,2,30,,297841,53,0,5,1,70,,297821,53,0,5,1,29,,297828,53,0,5,2,68,,297836,53,0,5,1,28,,297832,53,0,5,2,30,,297842,53,0,5,1,70,,297840,53,0,5,1,30,,297822,53,0,5,1,72,,297829,53,0,5,2,72,,297837,53,0,5,1,31,,297833,53,0,5,2,69,,297843,53,0,5,1,28,,297848,53,0,5,1,69,,297850,53,0,5,2,29,,297830,53,0,5,2,27,,297838,53,0,5,1,71,,297834,53,0,5,2,32,,297849,53,0,5,1,69,,297851,53,0,5,2,72,,297826,53,0,5,2,30,,297839,53,0,5,1,73,,297852,53,0,5,2,32,,297824,53,0,5,1,72,,297855,53,0,5,1,30,,297844,53,0,5,1,69,,297854,53,0,5,2,38,,297853,53,0,5,2,86,,297856,53,0,5,1,86,,297845,53,0,5,1,100,,297847,53,0,5,1,95,,297846,53,0,5,1
4301,'H58S200F-80-F2',615,,297879,53,0,5,1,22,,297884,53,0,5,1,69,,297859,53,0,5,2,30,,297860,53,0,5,2,75,,297868,53,0,5,1,32,,297880,53,0,5,2,61,,297864,53,0,5,2,30,,297892,53,0,5,1,70,,297881,53,0,5,1,29,,297861,53,0,5,2,68,,297869,53,0,5,1,28,,297865,53,0,5,2,30,,297893,53,0,5,1,70,,297885,53,0,5,1,30,,297882,53,0,5,1,72,,297862,53,0,5,2,72,,297870,53,0,5,1,31,,297866,53,0,5,2,69,,297894,53,0,5,1,28,,297873,53,0,5,1,69,,297875,53,0,5,2,29,,297863,53,0,5,2,27,,297871,53,0,5,1,71,,297867,53,0,5,2,32,,297874,53,0,5,1,69,,297876,53,0,5,2,72,,297891,53,0,5,2,30,,297872,53,0,5,1,73,,297857,53,0,5,2,32,,297886,53,0,5,1,72,,297877,53,0,5,1,30,,297887,53,0,5,1,69,,297883,53,0,5,2,38,,297858,53,0,5,2,86,,297878,53,0,5,1,86,,297888,53,0,5,1,100,,297890,53,0,5,1,95,,297889,53,0,5,1
4901,'H54S000S-80-S',1725,,300275,41,0,5,2,9,,300274,41,0,5,2,68,,300273,41,0,5,2,18,,300276,41,0,5,2
4901,'H57S000S-80-S',1600,,300277,41,0,5,1,130,,300279,41,0,5,1,21,,300278,41,0,5,1,57,,300280,41,0,5,2
4901,'H58S000A-80-A',622,,300281,41,0,5,2,28,,300307,41,0,5,1,69,,300289,41,0,5,1,30,,300304,41,0,5,1,68,,300311,41,0,5,2,30,,300282,41,0,5,2,70,,300308,41,0,5,1,32,,300290,41,0,5,1,72,,300305,41,0,5,1,31,,300313,41,0,5,2,70,,300283,41,0,5,2,30,,300309,41,0,5,1,66,,300291,41,0,5,1,25,,300322,41,0,5,2,62,,300306,41,0,5,1,25,,300314,41,0,5,2,24,,300284,41,0,5,2,64,,300287,41,0,5,1,23,,300292,41,0,5,1,61,,300331,41,0,5,1,21,,300323,41,0,5,2,20,,300336,41,0,5,2,60,,300315,41,0,5,2,18,,300285,41,0,5,2,15,,300302,41,0,5,2,9,,300344,41,0,5,2,10,,300334,41,0,5,1,51,,300288,41,0,5,1,11,,300293,41,0,5,1,10,,300330,41,0,5,2,10,,300332,41,0,5,1,10,,300326,41,0,5,1,9,,300324,41,0,5,2,50,,300343,41,0,5,1,10,,300337,41,0,5,2,9,,300338,41,0,5,2,8,,300300,41,0,5,1,9,,300316,41,0,5,2,8,,300318,41,0,5,1,8,,300303,41,0,5,2,50,,300342,41,0,5,2,10,,300335,41,0,5,1,12,,300301,41,0,5,2,12,,300294,41,0,5,1,14,,300333,41,0,5,1,54,,300327,41,0,5,2,14,,300325,41,0,5,2,15,,300339,41,0,5,2,19,,300312,41,0,5,1,59,,300319,41,0,5,1,20,,300297,41,0,5,1,20,,300310,41,0,5,1,60,,300295,41,0,5,1,23,,300328,41,0,5,2,16,,300317,41,0,5,1,56,,300340,41,0,5,2,22,,300320,41,0,5,1,17,,300286,41,0,5,2,57,,300298,41,0,5,1,21,,300296,41,0,5,1,23,,300329,41,0,5,2,68,,300341,41,0,5,2,27,,300321,41,0,5,1,71,,300299,41,0,5,1
4901,'H58S000I-80-I',618,,300345,41,0,5,2,31,,300346,41,0,5,1,68,,300356,41,0,5,2,28,,300367,41,0,5,2,68,,300369,41,0,5,1,34,,300360,41,0,5,2,71,,300347,41,0,5,1,29,,300374,41,0,5,1,70,,300357,41,0,5,1,30,,300377,41,0,5,2,71,,300361,41,0,5,2,31,,300348,41,0,5,1,72,,300375,41,0,5,1,30,,300358,41,0,5,1,70,,300378,41,0,5,2,30,,300362,41,0,5,2,70,,300349,41,0,5,1,26,,300370,41,0,5,1,64,,300391,41,0,5,2,21,,300359,41,0,5,1,18,,300379,41,0,5,2,55,,300393,41,0,5,2,16,,300382,41,0,5,1,14,,300363,41,0,5,2,14,,300350,41,0,5,1,54,,300368,41,0,5,1,12,,300371,41,0,5,1,13,,300390,41,0,5,1,12,,300387,41,0,5,2,12,,300364,41,0,5,2,52,,300352,41,0,5,2,15,,300380,41,0,5,2,15,,300381,41,0,5,2,15,,300383,41,0,5,1,54,,300376,41,0,5,1,15,,300351,41,0,5,1,13,,300392,41,0,5,1,20,,300372,41,0,5,1,60,,300365,41,0,5,2,19,,300355,41,0,5,1,19,,300394,41,0,5,2,60,,300384,41,0,5,1,22,,300373,41,0,5,1,22,,300388,41,0,5,2,62,,300397,41,0,5,2,19,,300366,41,0,5,2,19,,300353,41,0,5,1,53,,300395,41,0,5,2,24,,300385,41,0,5,1,25,,300389,41,0,5,2,70,,300398,41,0,5,2,29,,300354,41,0,5,1,68,,300396,41,0,5,2,24,,300386,41,0,5,1
4901,'H58S000S-83-S',612,,300402,41,0,5,2,17,,300404,41,0,5,2,23,,300416,41,0,5,2,66,,300412,41,0,5,1,22,,300418,41,0,5,1,9,,300420,41,0,5,2,9,,300426,41,0,5,2,63,,300433,41,0,5,2,19,,300403,41,0,5,2,19,,300405,41,0,5,2,67,,300443,41,0,5,2,25,,300413,41,0,5,1,72,,300421,41,0,5,2,26,,300434,41,0,5,2,69,,300437,41,0,5,1,32,,300441,41,0,5,1,68,,300399,41,0,5,1,19,,300414,41,0,5,1,18,,300422,41,0,5,2,56,,300406,41,0,5,1,16,,300435,41,0,5,2,17,,300424,41,0,5,1,56,,300438,41,0,5,1,16,,300428,41,0,5,2,16,,300430,41,0,5,1,14,,300400,41,0,5,1,54,,300451,41,0,5,2,14,,300415,41,0,5,1,16,,300410,41,0,5,2,12,,300423,41,0,5,2,10,,300407,41,0,5,1,57,,300459,41,0,5,2,9,,300468,41,0,5,2,7,,300425,41,0,5,1,8,,300477,41,0,5,1,9,,300455,41,0,5,2,7,,300439,41,0,5,1,8,,300453,41,0,5,2,46,,300429,41,0,5,2,7,,300409,41,0,5,2,6,,300431,41,0,5,1,4,,300473,41,0,5,2,17,,300401,41,0,5,1,5,,300452,41,0,5,2,4,,300447,41,0,5,1,9,,300469,41,0,5,2,59,,300479,41,0,5,2,13,,300408,41,0,5,1,6,,300444,41,0,5,1,5,,300467,41,0,5,2,6,,300481,41,0,5,2,7,,300446,41,0,5,2,6,,300462,41,0,5,2,46,,300478,41,0,5,1,7,,300456,41,0,5,2,9,,300458,41,0,5,2,8,,300454,41,0,5,2,10,,300442,41,0,5,1,12,,300474,41,0,5,2,52,,300445,41,0,5,2,12,,300448,41,0,5,1,13,,300480,41,0,5,2,13,,300463,41,0,5,2,12,,300464,41,0,5,2,53,,300482,41,0,5,1,14,,300417,41,0,5,1,13,,300457,41,0,5,2,13,,300436,41,0,5,2,14,,300475,41,0,5,2,56,,300471,41,0,5,2,15,,300449,41,0,5,1,17,,300460,41,0,5,1,59,,300465,41,0,5,2,22,,300470,41,0,5,2,27,,300476,41,0,5,2,68,,300411,41,0,5,2,24,,300472,41,0,5,1,60,,300461,41,0,5,1,20,,300466,41,0,5,2,18,,300450,41,0,5,1,14,,300427,41,0,5,1
4901,'H58S100F-80-F1',620,,300486,41,0,5,2,29,,300503,41,0,5,1,66,,300506,41,0,5,1,29,,300508,41,0,5,2,68,,300521,41,0,5,2,33,,300487,41,0,5,2,70,,300504,41,0,5,1,32,,300491,41,0,5,2,72,,300499,41,0,5,1,30,,300522,41,0,5,2,70,,300488,41,0,5,2,28,,300527,41,0,5,1,67,,300492,41,0,5,2,25,,300509,41,0,5,2,62,,300483,41,0,5,1,25,,300523,41,0,5,2,24,,300489,41,0,5,2,67,,300529,41,0,5,2,23,,300493,41,0,5,2,61,,300515,41,0,5,1,21,,300510,41,0,5,2,20,,300484,41,0,5,1,58,,300524,41,0,5,2,18,,300490,41,0,5,2,15,,300539,41,0,5,1,9,,300512,41,0,5,1,10,,300530,41,0,5,2,51,,300541,41,0,5,2,11,,300494,41,0,5,2,11,,300534,41,0,5,1,10,,300516,41,0,5,1,10,,300498,41,0,5,1,10,,300542,41,0,5,2,50,,300507,41,0,5,1,10,,300485,41,0,5,1,9,,300535,41,0,5,1,9,,300526,41,0,5,2,9,,300525,41,0,5,2,9,,300500,41,0,5,1,49,,300540,41,0,5,1,10,,300511,41,0,5,2,9,,300531,41,0,5,2,9,,300513,41,0,5,2,12,,300495,41,0,5,2,14,,300517,41,0,5,1,54,,300518,41,0,5,2,14,,300543,41,0,5,2,15,,300536,41,0,5,1,19,,300514,41,0,5,1,59,,300501,41,0,5,1,20,,300532,41,0,5,2,19,,300505,41,0,5,1,60,,300496,41,0,5,2,23,,300519,41,0,5,2,16,,300528,41,0,5,1,56,,300537,41,0,5,1,21,,300502,41,0,5,1,16,,300544,41,0,5,2,57,,300533,41,0,5,2,21,,300497,41,0,5,2,27,,300520,41,0,5,2,69,,300538,41,0,5,1,26,,300545,41,0,5,2
4901,'H58S200F-80-F2',620,,300552,41,0,5,2,29,,300583,41,0,5,1,66,,300546,41,0,5,1,29,,300586,41,0,5,2,68,,300557,41,0,5,2,33,,300553,41,0,5,2,70,,300584,41,0,5,1,32,,300576,41,0,5,2,72,,300562,41,0,5,1,30,,300558,41,0,5,2,70,,300554,41,0,5,2,28,,300602,41,0,5,1,67,,300577,41,0,5,2,25,,300587,41,0,5,2,62,,300573,41,0,5,1,25,,300559,41,0,5,2,24,,300555,41,0,5,2,67,,300566,41,0,5,2,23,,300578,41,0,5,2,61,,300589,41,0,5,1,21,,300588,41,0,5,2,20,,300574,41,0,5,1,58,,300560,41,0,5,2,18,,300556,41,0,5,2,15,,300571,41,0,5,1,9,,300598,41,0,5,1,10,,300567,41,0,5,2,51,,300606,41,0,5,2,11,,300579,41,0,5,2,11,,300599,41,0,5,1,10,,300590,41,0,5,1,10,,300596,41,0,5,1,10,,300604,41,0,5,2,50,,300597,41,0,5,1,10,,300575,41,0,5,1,9,,300592,41,0,5,1,9,,300551,41,0,5,2,9,,300561,41,0,5,2,9,,300563,41,0,5,1,49,,300572,41,0,5,1,10,,300601,41,0,5,2,9,,300568,41,0,5,2,9,,300550,41,0,5,2,12,,300580,41,0,5,2,14,,300591,41,0,5,1,54,,300547,41,0,5,2,14,,300600,41,0,5,2,15,,300593,41,0,5,1,19,,300605,41,0,5,1,59,,300564,41,0,5,1,20,,300569,41,0,5,2,19,,300585,41,0,5,1,60,,300581,41,0,5,2,23,,300548,41,0,5,2,16,,300603,41,0,5,1,56,,300594,41,0,5,1,21,,300565,41,0,5,1,16,,300607,41,0,5,2,57,,300570,41,0,5,2,21,,300582,41,0,5,2,27,,300549,41,0,5,2,69,,300595,41,0,5,1,26,,300608,41,0,5,2
37201,'H54S000A-80-A',2616,,347150,99,0,5,2,88,,347154,99,0,5,1,46,,347152,99,0,5,1,91,,347155,99,0,5,1,83,,347151,99,0,5,1
37201,'H54S000I-80-I',2618,,347158,99,0,5,1,89,,347156,99,0,5,1,45,,347157,99,0,5,1,86,,347161,99,0,5,1,86,,347160,99,0,5,2
37201,'H54S000S-80-S',2619,,347164,99,0,5,1,34,,347167,99,0,5,2,77,,347165,99,0,5,1,80,,347166,99,0,5,2,41,,347162,99,0,5,1,81,,347163,99,0,5,1
37201,'H54S100F-80-F1',2618,,347171,99,0,5,1,89,,347169,99,0,5,1,45,,347170,99,0,5,1,86,,347174,99,0,5,1,86,,347173,99,0,5,2
37201,'H54S200F-80-F2',2618,,347177,99,0,5,1,89,,347175,99,0,5,1,45,,347176,99,0,5,1,86,,347180,99,0,5,1,86,,347179,99,0,5,2
44903,'H54S000S-80-S',700,,349189,23,0,8,2,34,,349194,23,0,8,1,74,,349217,23,0,8,1,30,,349202,23,0,8,2,68,,349207,23,0,8,2,28,,349190,23,0,8,1,69,,349181,23,0,8,2,28,,349208,23,0,8,2,70,,349195,23,0,8,1,33,,349191,23,0,8,1,73,,349209,23,0,8,2,30,,349196,23,0,8,1,70,,349203,23,0,8,2,29,,349192,23,0,8,1,69,,349210,23,0,8,2,29,,349197,23,0,8,1,68,,349204,23,0,8,2,29,,349193,23,0,8,1,27,,349211,23,0,8,2,54,,349185,23,0,8,1,14,,349198,23,0,8,1,12,,349218,23,0,8,2,12,,349212,23,0,8,2,9,,349205,23,0,8,2,48,,349178,23,0,8,2,10,,349214,23,0,8,2,10,,349220,23,0,8,2,10,,349215,23,0,8,1,7,,349180,23,0,8,1,9,,349186,23,0,8,2,49,,349213,23,0,8,2,10,,349182,23,0,8,2,11,,349219,23,0,8,2,12,,349199,23,0,8,1,18,,349206,23,0,8,2,65,,349216,23,0,8,1,29,,349183,23,0,8,2,69,,349200,23,0,8,1,29,,349187,23,0,8,2,69,,349179,23,0,8,2,28,,349184,23,0,8,2,69,,349201,23,0,8,1,31,,349188,23,0,8,2
44903,'H57S000S-80-S',624,,349221,23,0,8,1
