9302,'H50S000A-82-A',515,,312522,9,0,10,1,28,,312553,9,0,10,2,70,,312523,9,0,10,1,30,,312554,9,0,10,2,71,,312524,9,0,10,1,31,,312514,9,0,10,1,71,,312525,9,0,10,1,30,,312515,9,0,10,1,70,,312526,9,0,10,1,30,,312516,9,0,10,1,72,,312527,9,0,10,1,31,,312517,9,0,10,1,71,,312528,9,0,10,1,31,,312518,9,0,10,1,73,,312529,9,0,10,1,33,,312519,9,0,10,1,73,,312530,9,0,10,1,73,,312520,9,0,10,1,33,,312531,9,0,10,1,72,,312521,9,0,10,1,26,,312532,9,0,10,1,73,,312543,9,0,10,2,32,,312533,9,0,10,1,72,,312544,9,0,10,2,32,,312534,9,0,10,1,69,,312545,9,0,10,2,30,,312535,9,0,10,1,69,,312546,9,0,10,2,30,,312536,9,0,10,1,70,,312547,9,0,10,2,29,,312537,9,0,10,1,68,,312548,9,0,10,2,29,,312538,9,0,10,1,70,,312549,9,0,10,2,30,,312539,9,0,10,1,70,,312550,9,0,10,2,30,,312540,9,0,10,1,70,,312551,9,0,10,2,30,,312541,9,0,10,1,70,,312552,9,0,10,2,32,,312542,9,0,10,1
9302,'H50S000I-82-I',513,,312556,9,0,10,1,29,,312555,9,0,10,2,69,,312557,9,0,10,1,31,,312577,9,0,10,2,70,,312558,9,0,10,1,30,,312578,9,0,10,2,70,,312559,9,0,10,1,31,,312579,9,0,10,2,70,,312560,9,0,10,1,30,,312580,9,0,10,2,70,,312561,9,0,10,1,30,,312581,9,0,10,2,70,,312562,9,0,10,1,30,,312582,9,0,10,2,70,,312563,9,0,10,1,30,,312583,9,0,10,2,70,,312564,9,0,10,1,32,,312584,9,0,10,2,70,,312565,9,0,10,1,30,,312585,9,0,10,2,70,,312566,9,0,10,1,30,,312586,9,0,10,2,72,,312567,9,0,10,1,29,,312587,9,0,10,2,71,,312568,9,0,10,1,29,,312588,9,0,10,2,70,,312569,9,0,10,1,29,,312589,9,0,10,2,69,,312570,9,0,10,1,30,,312590,9,0,10,2,70,,312571,9,0,10,1,30,,312591,9,0,10,2,70,,312572,9,0,10,1,29,,312592,9,0,10,2,70,,312573,9,0,10,1,29,,312593,9,0,10,2,70,,312574,9,0,10,1,29,,312594,9,0,10,2,70,,312575,9,0,10,1,30,,312595,9,0,10,2,70,,312576,9,0,10,1,29,,312596,9,0,10,2
9302,'H50S000S-82-S',514,,312597,9,0,10,2,31,,312621,9,0,10,1,71,,312598,9,0,10,2,32,,312622,9,0,10,1,72,,312599,9,0,10,2,30,,312623,9,0,10,1,70,,312600,9,0,10,2,30,,312624,9,0,10,1,71,,312601,9,0,10,2,30,,312625,9,0,10,1,70,,312602,9,0,10,2,29,,312626,9,0,10,1,71,,312603,9,0,10,2,30,,312627,9,0,10,1,71,,312604,9,0,10,2,32,,312628,9,0,10,1,71,,312605,9,0,10,2,33,,312629,9,0,10,1,72,,312606,9,0,10,2,73,,312630,9,0,10,1,33,,312607,9,0,10,2,73,,312610,9,0,10,2,34,,312608,9,0,10,1,72,,312612,9,0,10,1,31,,312611,9,0,10,2,72,,312609,9,0,10,1,30,,312613,9,0,10,1,69,,312631,9,0,10,2,29,,312614,9,0,10,1,68,,312632,9,0,10,2,30,,312615,9,0,10,1,70,,312633,9,0,10,2,30,,312616,9,0,10,1,70,,312634,9,0,10,2,29,,312617,9,0,10,1,69,,312635,9,0,10,2,29,,312618,9,0,10,1,69,,312636,9,0,10,2,28,,312619,9,0,10,1,72,,312637,9,0,10,2,31,,312620,9,0,10,1
9302,'H50S100F-80-F1',513,,312639,9,0,10,1,29,,312638,9,0,10,2,69,,312640,9,0,10,1,31,,312660,9,0,10,2,70,,312641,9,0,10,1,30,,312661,9,0,10,2,70,,312642,9,0,10,1,31,,312662,9,0,10,2,70,,312643,9,0,10,1,30,,312663,9,0,10,2,70,,312644,9,0,10,1,30,,312664,9,0,10,2,70,,312645,9,0,10,1,30,,312665,9,0,10,2,70,,312646,9,0,10,1,30,,312666,9,0,10,2,70,,312647,9,0,10,1,32,,312667,9,0,10,2,70,,312648,9,0,10,1,30,,312668,9,0,10,2,70,,312649,9,0,10,1,30,,312669,9,0,10,2,72,,312650,9,0,10,1,29,,312670,9,0,10,2,71,,312651,9,0,10,1,29,,312671,9,0,10,2,70,,312652,9,0,10,1,29,,312672,9,0,10,2,69,,312653,9,0,10,1,30,,312673,9,0,10,2,70,,312654,9,0,10,1,30,,312674,9,0,10,2,70,,312655,9,0,10,1,29,,312675,9,0,10,2,70,,312656,9,0,10,1,29,,312676,9,0,10,2,70,,312657,9,0,10,1,29,,312677,9,0,10,2,70,,312658,9,0,10,1,30,,312678,9,0,10,2,70,,312659,9,0,10,1,29,,312679,9,0,10,2
9302,'H50S200F-80-F2',513,,312681,9,0,10,1,29,,312680,9,0,10,2,69,,312682,9,0,10,1,31,,312702,9,0,10,2,70,,312683,9,0,10,1,30,,312703,9,0,10,2,70,,312684,9,0,10,1,31,,312704,9,0,10,2,70,,312685,9,0,10,1,30,,312705,9,0,10,2,70,,312686,9,0,10,1,30,,312706,9,0,10,2,70,,312687,9,0,10,1,30,,312707,9,0,10,2,70,,312688,9,0,10,1,30,,312708,9,0,10,2,70,,312689,9,0,10,1,32,,312709,9,0,10,2,70,,312690,9,0,10,1,30,,312710,9,0,10,2,70,,312691,9,0,10,1,30,,312711,9,0,10,2,72,,312692,9,0,10,1,29,,312712,9,0,10,2,71,,312693,9,0,10,1,29,,312713,9,0,10,2,70,,312694,9,0,10,1,29,,312714,9,0,10,2,69,,312695,9,0,10,1,30,,312715,9,0,10,2,70,,312696,9,0,10,1,30,,312716,9,0,10,2,70,,312697,9,0,10,1,29,,312717,9,0,10,2,70,,312698,9,0,10,1,29,,312718,9,0,10,2,70,,312699,9,0,10,1,29,,312719,9,0,10,2,70,,312700,9,0,10,1,30,,312720,9,0,10,2,70,,312701,9,0,10,1,29,,312721,9,0,10,2
37202,'H54S000A-80-A',2619,,347183,64,0,10,1,90,,347182,64,0,10,1,44,,347184,64,0,10,1,84,,347185,64,0,10,1,90,,347181,64,0,10,2
37202,'H54S000I-80-I',2622,,347189,64,0,10,1,85,,347188,64,0,10,2,47,,347187,64,0,10,1,89,,347186,64,0,10,1,90,,347190,64,0,10,1
37202,'H54S000S-80-S',2600,,347194,64,0,10,2,39,,347193,64,0,10,2,78,,347191,64,0,10,1,84,,347196,64,0,10,2,45,,347192,64,0,10,1,89,,347195,64,0,10,2
37202,'H54S100F-80-F1',2622,,347200,64,0,10,1,85,,347199,64,0,10,2,47,,347198,64,0,10,1,89,,347197,64,0,10,1,90,,347201,64,0,10,1
37202,'H54S200F-80-F2',2622,,347205,64,0,10,1,85,,347204,64,0,10,2,47,,347203,64,0,10,1,89,,347202,64,0,10,1,90,,347206,64,0,10,1
