5101,'H50S000S-82-S',723,,301228,28,0,5,2,4,,301226,28,0,5,1,19,,301230,28,0,5,2
5101,'H56S000S-82-S',718,,301231,28,0,5,1
5101,'H57S000A-80-A',540,,301237,28,0,5,1,70,,301246,28,0,5,1,34,,301250,28,0,5,1,71,,301238,28,0,5,1,30,,301257,28,0,5,1,12,,301261,28,0,5,1,52,,301267,28,0,5,1,12,,301251,28,0,5,1,11,,301272,28,0,5,1,10,,301282,28,0,5,1,10,,301283,28,0,5,1,50,,301239,28,0,5,1,10,,301293,28,0,5,1,10,,301262,28,0,5,1,10,,301258,28,0,5,1,10,,301300,28,0,5,1,10,,301302,28,0,5,1,49,,301273,28,0,5,1,7,,301268,28,0,5,1,7,,301304,28,0,5,1,7,,301252,28,0,5,1,8,,301240,28,0,5,1,7,,301308,28,0,5,2,8,,301284,28,0,5,1,8,,301263,28,0,5,1,47,,301259,28,0,5,1,7,,301294,28,0,5,1,8,,301314,28,0,5,1,8,,301318,28,0,5,1,8,,301274,28,0,5,1,7,,301247,28,0,5,1,7,,301305,28,0,5,1,7,,301253,28,0,5,1,6,,301303,28,0,5,1,48,,301309,28,0,5,2,7,,301269,28,0,5,1,7,,301321,28,0,5,1,7,,301322,28,0,5,2,6,,301241,28,0,5,1,7,,301295,28,0,5,1,7,,301285,28,0,5,1,7,,301323,28,0,5,1,46,,301264,28,0,5,1,6,,301275,28,0,5,1,7,,301315,28,0,5,1,7,,301306,28,0,5,1,7,,301319,28,0,5,1,7,,301326,28,0,5,2,8,,301248,28,0,5,1,8,,301279,28,0,5,1,8,,301254,28,0,5,1,49,,301310,28,0,5,2,8,,301296,28,0,5,1,8,,301290,28,0,5,1,8,,301270,28,0,5,1,8,,301242,28,0,5,1,8,,301316,28,0,5,1,8,,301286,28,0,5,1,48,,301265,28,0,5,1,8,,301276,28,0,5,1,9,,301307,28,0,5,1,9,,301320,28,0,5,1,9,,301327,28,0,5,2,8,,301249,28,0,5,1,8,,301280,28,0,5,1,47,,301255,28,0,5,1,7,,301311,28,0,5,2,6,,301297,28,0,5,1,6,,301332,28,0,5,1,6,,301291,28,0,5,1,7,,301271,28,0,5,1,7,,301243,28,0,5,1,8,,301317,28,0,5,1,9,,301287,28,0,5,1,49,,301266,28,0,5,1,9,,301277,28,0,5,1,11,,301312,28,0,5,1,12,,301328,28,0,5,2,12,,301281,28,0,5,1,51,,301256,28,0,5,1,12,,301298,28,0,5,1,12,,301292,28,0,5,1,14,,301244,28,0,5,1,15,,301288,28,0,5,1,58,,301278,28,0,5,1,19,,301313,28,0,5,1,21,,301333,28,0,5,1,62,,301299,28,0,5,1,29,,301245,28,0,5,1,58,,301289,28,0,5,1,25,,301329,28,0,5,2,29,,301334,28,0,5,1,69,,301301,28,0,5,1,29,,301324,28,0,5,1,68,,301330,28,0,5,2,26,,301335,28,0,5,1,72,,301260,28,0,5,2,33,,301325,28,0,5,1,72,,301331,28,0,5,2,33,,301336,28,0,5,1
5101,'H57S000I-80-I',537,,301337,28,0,5,1,73,,301339,28,0,5,1,33,,301349,28,0,5,1,70,,301357,28,0,5,1,30,,301340,28,0,5,1,58,,301363,28,0,5,1,18,,301350,28,0,5,1,19,,301369,28,0,5,2,16,,301358,28,0,5,1,54,,301375,28,0,5,1,12,,301381,28,0,5,1,14,,301341,28,0,5,1,11,,301351,28,0,5,1,9,,301384,28,0,5,1,49,,301364,28,0,5,1,9,,301388,28,0,5,1,10,,301359,28,0,5,1,11,,301370,28,0,5,2,9,,301389,28,0,5,1,10,,301382,28,0,5,1,51,,301376,28,0,5,1,11,,301352,28,0,5,1,11,,301385,28,0,5,1,11,,301342,28,0,5,1,10,,301393,28,0,5,2,11,,301365,28,0,5,1,51,,301371,28,0,5,2,10,,301360,28,0,5,1,11,,301383,28,0,5,1,10,,301390,28,0,5,1,10,,301353,28,0,5,1,10,,301377,28,0,5,1,50,,301396,28,0,5,1,10,,301386,28,0,5,1,10,,301398,28,0,5,1,9,,301343,28,0,5,1,10,,301394,28,0,5,2,10,,301366,28,0,5,1,50,,301372,28,0,5,2,10,,301374,28,0,5,1,10,,301361,28,0,5,1,8,,301391,28,0,5,1,8,,301354,28,0,5,1,6,,301387,28,0,5,1,8,,301378,28,0,5,1,49,,301402,28,0,5,1,9,,301397,28,0,5,1,9,,301399,28,0,5,1,10,,301344,28,0,5,1,11,,301395,28,0,5,2,12,,301367,28,0,5,1,53,,301373,28,0,5,2,14,,301362,28,0,5,1,14,,301392,28,0,5,1,14,,301379,28,0,5,1,54,,301403,28,0,5,1,15,,301400,28,0,5,1,17,,301345,28,0,5,1,17,,301338,28,0,5,1,57,,301404,28,0,5,1,17,,301355,28,0,5,1,25,,301380,28,0,5,1,65,,301401,28,0,5,1,24,,301408,28,0,5,2,68,,301405,28,0,5,1,26,,301368,28,0,5,1,72,,301346,28,0,5,1,33,,301409,28,0,5,2,73,,301406,28,0,5,1,31,,301356,28,0,5,1,71,,301347,28,0,5,1,33,,301410,28,0,5,1,73,,301407,28,0,5,1,32,,301348,28,0,5,1,72,,301411,28,0,5,1
5101,'H57S000S-80-S',513,,301412,28,0,5,1,26,,301417,28,0,5,1,64,,301441,28,0,5,1,12,,301421,28,0,5,1,20,,301430,28,0,5,1,10,,301454,28,0,5,1,60,,301469,28,0,5,2,26,,301485,28,0,5,2,6,,301418,28,0,5,1,11,,301486,28,0,5,1,7,,301475,28,0,5,1,46,,301432,28,0,5,2,4,,301433,28,0,5,1,3,,301442,28,0,5,1,5,,301446,28,0,5,1,3,,301496,28,0,5,1,4,,301449,28,0,5,2,3,,301445,28,0,5,1,3,,301501,28,0,5,1,4,,301440,28,0,5,1,3,,301507,28,0,5,2,6,,301470,28,0,5,1,6,,301431,28,0,5,1,2,,301461,28,0,5,1,6,,301455,28,0,5,1,6,,301425,28,0,5,1,45,,301502,28,0,5,2,2,,301465,28,0,5,1,5,,301491,28,0,5,1,4,,301423,28,0,5,1,6,,301413,28,0,5,1,6,,301503,28,0,5,1,7,,301508,28,0,5,1,7,,301514,28,0,5,1,13,,301513,28,0,5,2,46,,301520,28,0,5,1,7,,301476,28,0,5,1,8,,301434,28,0,5,1,8,,301497,28,0,5,1,8,,301522,28,0,5,1,7,,301420,28,0,5,1,8,,301471,28,0,5,1,8,,301462,28,0,5,1,48,,301426,28,0,5,1,8,,301492,28,0,5,1,8,,301414,28,0,5,1,8,,301504,28,0,5,1,8,,301450,28,0,5,1,8,,301509,28,0,5,1,9,,301515,28,0,5,1,7,,301456,28,0,5,1,47,,301521,28,0,5,1,6,,301477,28,0,5,1,7,,301435,28,0,5,1,7,,301498,28,0,5,1,8,,301523,28,0,5,1,9,,301493,28,0,5,1,9,,301472,28,0,5,1,49,,301463,28,0,5,1,9,,301427,28,0,5,1,9,,301415,28,0,5,1,9,,301505,28,0,5,1,9,,301451,28,0,5,1,9,,301510,28,0,5,1,9,,301516,28,0,5,1,48,,301457,28,0,5,1,8,,301478,28,0,5,1,9,,301436,28,0,5,1,9,,301494,28,0,5,1,10,,301499,28,0,5,1,9,,301524,28,0,5,1,8,,301473,28,0,5,1,48,,301464,28,0,5,1,10,,301526,28,0,5,1,9,,301428,28,0,5,1,8,,301416,28,0,5,1,7,,301489,28,0,5,1,5,,301506,28,0,5,1,11,,301452,28,0,5,1,4,,301511,28,0,5,1,49,,301517,28,0,5,1,10,,301528,28,0,5,1,4,,301535,28,0,5,1,8,,301533,28,0,5,1,6,,301437,28,0,5,1,6,,301538,28,0,5,2,7,,301495,28,0,5,1,7,,301536,28,0,5,1,47,,301527,28,0,5,1,7,,301525,28,0,5,1,7,,301539,28,0,5,1,8,,301459,28,0,5,1,8,,301544,28,0,5,2,8,,301480,28,0,5,1,8,,301542,28,0,5,1,9,,301490,28,0,5,1,49,,301546,28,0,5,1,9,,301512,28,0,5,1,10,,301518,28,0,5,1,8,,301529,28,0,5,1,9,,301534,28,0,5,1,9,,301438,28,0,5,1,50,,301474,28,0,5,1,10,,301487,28,0,5,1,9,,301537,28,0,5,1,8,,301540,28,0,5,1,10,,301460,28,0,5,1,11,,301481,28,0,5,1,52,,301500,28,0,5,1,12,,301547,28,0,5,1,12,,301519,28,0,5,1,14,,301530,28,0,5,1,15,,301439,28,0,5,1,63,,301541,28,0,5,1,25,,301482,28,0,5,1,65,,301548,28,0,5,1,25,,301531,28,0,5,1,69,,301543,28,0,5,1,29,,301483,28,0,5,1,30,,301545,28,0,5,1,71,,301532,28,0,5,1,71,,301549,28,0,5,1,33,,301484,28,0,5,1
5101,'H57S100F-80-F1',537,,301550,28,0,5,1,73,,301552,28,0,5,1,33,,301562,28,0,5,1,70,,301570,28,0,5,1,30,,301553,28,0,5,1,58,,301576,28,0,5,1,18,,301563,28,0,5,1,19,,301582,28,0,5,2,16,,301571,28,0,5,1,54,,301588,28,0,5,1,12,,301594,28,0,5,1,14,,301554,28,0,5,1,11,,301564,28,0,5,1,9,,301597,28,0,5,1,49,,301577,28,0,5,1,9,,301601,28,0,5,1,10,,301572,28,0,5,1,11,,301583,28,0,5,2,9,,301602,28,0,5,1,10,,301595,28,0,5,1,51,,301589,28,0,5,1,11,,301565,28,0,5,1,11,,301598,28,0,5,1,11,,301555,28,0,5,1,10,,301606,28,0,5,2,11,,301578,28,0,5,1,51,,301584,28,0,5,2,10,,301573,28,0,5,1,11,,301596,28,0,5,1,10,,301603,28,0,5,1,10,,301566,28,0,5,1,10,,301590,28,0,5,1,50,,301609,28,0,5,1,10,,301599,28,0,5,1,10,,301611,28,0,5,1,9,,301556,28,0,5,1,10,,301607,28,0,5,2,10,,301579,28,0,5,1,50,,301585,28,0,5,2,10,,301587,28,0,5,1,10,,301574,28,0,5,1,8,,301604,28,0,5,1,8,,301567,28,0,5,1,6,,301600,28,0,5,1,8,,301591,28,0,5,1,49,,301615,28,0,5,1,9,,301610,28,0,5,1,9,,301612,28,0,5,1,10,,301557,28,0,5,1,11,,301608,28,0,5,2,12,,301580,28,0,5,1,53,,301586,28,0,5,2,14,,301575,28,0,5,1,14,,301605,28,0,5,1,14,,301592,28,0,5,1,54,,301616,28,0,5,1,15,,301613,28,0,5,1,17,,301558,28,0,5,1,17,,301551,28,0,5,1,57,,301617,28,0,5,1,17,,301568,28,0,5,1,25,,301593,28,0,5,1,65,,301614,28,0,5,1,24,,301621,28,0,5,2,68,,301618,28,0,5,1,26,,301581,28,0,5,1,72,,301559,28,0,5,1,33,,301622,28,0,5,2,73,,301619,28,0,5,1,31,,301569,28,0,5,1,71,,301560,28,0,5,1,33,,301623,28,0,5,1,73,,301620,28,0,5,1,32,,301561,28,0,5,1,72,,301624,28,0,5,1
5101,'H57S200F-80-F2',537,,301625,28,0,5,1,73,,301627,28,0,5,1,33,,301637,28,0,5,1,70,,301645,28,0,5,1,30,,301628,28,0,5,1,58,,301651,28,0,5,1,18,,301638,28,0,5,1,19,,301657,28,0,5,2,16,,301646,28,0,5,1,54,,301663,28,0,5,1,12,,301669,28,0,5,1,14,,301629,28,0,5,1,11,,301639,28,0,5,1,9,,301672,28,0,5,1,49,,301652,28,0,5,1,9,,301676,28,0,5,1,10,,301647,28,0,5,1,11,,301658,28,0,5,2,9,,301677,28,0,5,1,10,,301670,28,0,5,1,51,,301664,28,0,5,1,11,,301640,28,0,5,1,11,,301673,28,0,5,1,11,,301630,28,0,5,1,10,,301681,28,0,5,2,11,,301653,28,0,5,1,51,,301659,28,0,5,2,10,,301648,28,0,5,1,11,,301671,28,0,5,1,10,,301678,28,0,5,1,10,,301641,28,0,5,1,10,,301665,28,0,5,1,50,,301684,28,0,5,1,10,,301674,28,0,5,1,10,,301686,28,0,5,1,9,,301631,28,0,5,1,10,,301682,28,0,5,2,10,,301654,28,0,5,1,50,,301660,28,0,5,2,10,,301662,28,0,5,1,10,,301649,28,0,5,1,8,,301679,28,0,5,1,8,,301642,28,0,5,1,6,,301675,28,0,5,1,8,,301666,28,0,5,1,49,,301690,28,0,5,1,9,,301685,28,0,5,1,9,,301687,28,0,5,1,10,,301632,28,0,5,1,11,,301683,28,0,5,2,12,,301655,28,0,5,1,53,,301661,28,0,5,2,14,,301650,28,0,5,1,14,,301680,28,0,5,1,14,,301667,28,0,5,1,54,,301691,28,0,5,1,15,,301688,28,0,5,1,17,,301633,28,0,5,1,17,,301626,28,0,5,1,57,,301692,28,0,5,1,17,,301643,28,0,5,1,25,,301668,28,0,5,1,65,,301689,28,0,5,1,24,,301696,28,0,5,2,68,,301693,28,0,5,1,26,,301656,28,0,5,1,72,,301634,28,0,5,1,33,,301697,28,0,5,2,73,,301694,28,0,5,1,31,,301644,28,0,5,1,71,,301635,28,0,5,1,33,,301698,28,0,5,1,73,,301695,28,0,5,1,32,,301636,28,0,5,1,72,,301699,28,0,5,1
15503,'H51S000S-81-S',634,,328101,5,0,8,1,20,,328104,5,0,8,1,60,,328107,5,0,8,1,20,,328102,5,0,8,1,20,,328105,5,0,8,1,60,,328108,5,0,8,1,20,,328103,5,0,8,1,20,,328106,5,0,8,1,60,,328109,5,0,8,1,620,,328113,5,0,8,1,20,,328116,5,0,8,1,60,,328110,5,0,8,1,20,,328114,5,0,8,1,20,,328117,5,0,8,1,60,,328111,5,0,8,1,20,,328115,5,0,8,1,20,,328118,5,0,8,1,60,,328112,5,0,8,1
36801,'H57S000A-80-A',2551,,346903,36,0,5,1,84,,346900,36,0,5,2,88,,346902,36,0,5,1,83,,346901,36,0,5,1,44,,346904,36,0,5,1
36801,'H57S000I-80-I',2551,,346905,36,0,5,1,85,,346906,36,0,5,1,86,,346908,36,0,5,1,83,,346909,36,0,5,1,44,,346907,36,0,5,1
36801,'H57S000S-80-S',2551,,346910,36,0,5,1,84,,346913,36,0,5,1,94,,346914,36,0,5,1,76,,346912,36,0,5,1,96,,346911,36,0,5,1
36801,'H57S100F-80-F1',2551,,346915,36,0,5,1,85,,346916,36,0,5,1,86,,346918,36,0,5,1,83,,346919,36,0,5,1,44,,346917,36,0,5,1
36801,'H57S200F-80-F2',2551,,346920,36,0,5,1,85,,346921,36,0,5,1,86,,346923,36,0,5,1,83,,346924,36,0,5,1,44,,346922,36,0,5,1
