8602,'H54S000A-80-A',505,,311151,16,0,10,1,33,,311159,16,0,10,2,73,,311166,16,0,10,2,32,,311178,16,0,10,1,72,,311172,16,0,10,2,32,,311152,16,0,10,1,72,,311160,16,0,10,2,33,,311167,16,0,10,2,73,,311179,16,0,10,1,33,,311173,16,0,10,2,73,,311153,16,0,10,1,73,,311161,16,0,10,2,33,,311168,16,0,10,2,73,,311180,16,0,10,1,33,,311174,16,0,10,2,74,,311154,16,0,10,1,33,,311162,16,0,10,2,73,,311169,16,0,10,2,32,,311181,16,0,10,1,73,,311175,16,0,10,2,73,,311155,16,0,10,1,33,,311163,16,0,10,2,73,,311170,16,0,10,2,33,,311182,16,0,10,1,73,,311176,16,0,10,2,33,,311156,16,0,10,1,73,,311164,16,0,10,2,33,,311171,16,0,10,2,73,,311183,16,0,10,1,32,,311177,16,0,10,2,71,,311157,16,0,10,1,30,,311165,16,0,10,2,70,,311186,16,0,10,2,30,,311184,16,0,10,1,70,,311188,16,0,10,1,72,,311158,16,0,10,1,32,,311150,16,0,10,1,72,,311187,16,0,10,2,31,,311185,16,0,10,1
8602,'H54S000I-80-I',459,,311211,16,0,10,2,71,,311192,16,0,10,1,73,,311198,16,0,10,2,33,,311219,16,0,10,1,73,,311212,16,0,10,2,32,,311193,16,0,10,1,73,,311199,16,0,10,2,31,,311206,16,0,10,1,72,,311220,16,0,10,1,33,,311213,16,0,10,2,73,,311194,16,0,10,1,33,,311200,16,0,10,2,73,,311207,16,0,10,1,73,,311221,16,0,10,1,33,,311214,16,0,10,2,72,,311195,16,0,10,1,32,,311201,16,0,10,2,72,,311208,16,0,10,1,32,,311222,16,0,10,1,72,,311215,16,0,10,2,32,,311196,16,0,10,1,73,,311202,16,0,10,2,33,,311209,16,0,10,1,73,,311223,16,0,10,1,33,,311216,16,0,10,2,73,,311197,16,0,10,1,72,,311203,16,0,10,2,32,,311210,16,0,10,1,71,,311224,16,0,10,1,31,,311217,16,0,10,2,71,,311225,16,0,10,1,31,,311204,16,0,10,2,71,,311191,16,0,10,1,30,,311189,16,0,10,1,69,,311218,16,0,10,2,29,,311226,16,0,10,1,69,,311205,16,0,10,2,31,,311227,16,0,10,1,72,,311190,16,0,10,1
8602,'H54S000S-80-S',508,,311228,16,0,10,2,28,,311235,16,0,10,2,69,,311236,16,0,10,2,32,,311259,16,0,10,1,73,,311243,16,0,10,1,32,,311229,16,0,10,2,72,,311263,16,0,10,1,31,,311237,16,0,10,2,73,,311260,16,0,10,1,30,,311244,16,0,10,1,69,,311230,16,0,10,2,29,,311264,16,0,10,1,70,,311238,16,0,10,2,30,,311261,16,0,10,1,69,,311250,16,0,10,2,28,,311245,16,0,10,1,68,,311231,16,0,10,2,28,,311265,16,0,10,1,68,,311239,16,0,10,2,28,,311262,16,0,10,1,73,,311251,16,0,10,2,32,,311246,16,0,10,1,71,,311232,16,0,10,2,31,,311266,16,0,10,1,69,,311240,16,0,10,2,32,,311255,16,0,10,1,72,,311252,16,0,10,2,30,,311247,16,0,10,1,70,,311233,16,0,10,2,29,,311241,16,0,10,2,69,,311256,16,0,10,1,29,,311253,16,0,10,2,69,,311248,16,0,10,1,29,,311234,16,0,10,2,69,,311242,16,0,10,2,29,,311257,16,0,10,1,70,,311254,16,0,10,2,30,,311249,16,0,10,1,70,,311268,16,0,10,1,30,,311267,16,0,10,2,70,,311258,16,0,10,1
8602,'H54S100F-80-F1',459,,311291,16,0,10,2,71,,311272,16,0,10,1,73,,311278,16,0,10,2,33,,311299,16,0,10,1,73,,311292,16,0,10,2,32,,311273,16,0,10,1,73,,311279,16,0,10,2,31,,311286,16,0,10,1,72,,311300,16,0,10,1,33,,311293,16,0,10,2,73,,311274,16,0,10,1,33,,311280,16,0,10,2,73,,311287,16,0,10,1,73,,311301,16,0,10,1,33,,311294,16,0,10,2,72,,311275,16,0,10,1,32,,311281,16,0,10,2,72,,311288,16,0,10,1,32,,311302,16,0,10,1,72,,311295,16,0,10,2,32,,311276,16,0,10,1,73,,311282,16,0,10,2,33,,311289,16,0,10,1,73,,311303,16,0,10,1,33,,311296,16,0,10,2,73,,311277,16,0,10,1,72,,311283,16,0,10,2,32,,311290,16,0,10,1,71,,311304,16,0,10,1,31,,311297,16,0,10,2,71,,311305,16,0,10,1,31,,311284,16,0,10,2,71,,311271,16,0,10,1,30,,311269,16,0,10,1,69,,311298,16,0,10,2,29,,311306,16,0,10,1,69,,311285,16,0,10,2,31,,311307,16,0,10,1,72,,311270,16,0,10,1
8602,'H54S200F-80-F2',459,,311330,16,0,10,2,71,,311311,16,0,10,1,73,,311317,16,0,10,2,33,,311338,16,0,10,1,73,,311331,16,0,10,2,32,,311312,16,0,10,1,73,,311318,16,0,10,2,31,,311325,16,0,10,1,72,,311339,16,0,10,1,33,,311332,16,0,10,2,73,,311313,16,0,10,1,33,,311319,16,0,10,2,73,,311326,16,0,10,1,73,,311340,16,0,10,1,33,,311333,16,0,10,2,72,,311314,16,0,10,1,32,,311320,16,0,10,2,72,,311327,16,0,10,1,32,,311341,16,0,10,1,72,,311334,16,0,10,2,32,,311315,16,0,10,1,73,,311321,16,0,10,2,33,,311328,16,0,10,1,73,,311342,16,0,10,1,33,,311335,16,0,10,2,73,,311316,16,0,10,1,72,,311322,16,0,10,2,32,,311329,16,0,10,1,71,,311343,16,0,10,1,31,,311336,16,0,10,2,71,,311344,16,0,10,1,31,,311323,16,0,10,2,71,,311310,16,0,10,1,30,,311308,16,0,10,1,69,,311337,16,0,10,2,29,,311345,16,0,10,1,69,,311324,16,0,10,2,31,,311346,16,0,10,1,72,,311309,16,0,10,1
18602,'H54S000A-80-A',441,,335533,8,0,10,1,70,,335497,8,0,10,1,30,,335534,8,0,10,1,70,,335498,8,0,10,1,30,,335535,8,0,10,1,72,,335499,8,0,10,1,33,,335536,8,0,10,1,74,,335500,8,0,10,1,33,,335494,8,0,10,1,73,,335537,8,0,10,1,31,,335501,8,0,10,1,67,,335495,8,0,10,1,23,,335528,8,0,10,1,62,,335502,8,0,10,1,20,,335507,8,0,10,1,20,,335538,8,0,10,1,62,,335529,8,0,10,1,22,,335508,8,0,10,1,21,,335503,8,0,10,1,61,,335539,8,0,10,1,20,,335530,8,0,10,1,20,,335509,8,0,10,1,60,,335504,8,0,10,1,26,,335540,8,0,10,1,66,,335531,8,0,10,1,27,,335505,8,0,10,1,66,,335523,8,0,10,2,26,,335510,8,0,10,1,21,,335532,8,0,10,1,60,,335506,8,0,10,1,25,,335517,8,0,10,1,68,,335511,8,0,10,1,28,,335524,8,0,10,2,29,,335518,8,0,10,1,68,,335512,8,0,10,1,28,,335525,8,0,10,2,68,,335519,8,0,10,1,27,,335513,8,0,10,1,67,,335526,8,0,10,2,28,,335520,8,0,10,1,71,,335514,8,0,10,1,33,,335527,8,0,10,2,73,,335521,8,0,10,1,32,,335515,8,0,10,1,71,,335496,8,0,10,1,32,,335522,8,0,10,1,72,,335516,8,0,10,1
18602,'H54S000I-80-I',439,,335542,8,0,10,1,71,,335562,8,0,10,1,31,,335543,8,0,10,1,71,,335563,8,0,10,1,31,,335544,8,0,10,1,71,,335564,8,0,10,1,32,,335545,8,0,10,1,72,,335565,8,0,10,1,32,,335546,8,0,10,1,72,,335566,8,0,10,1,32,,335541,8,0,10,2,71,,335547,8,0,10,1,30,,335567,8,0,10,1,70,,335572,8,0,10,2,30,,335558,8,0,10,1,69,,335568,8,0,10,1,29,,335573,8,0,10,2,59,,335582,8,0,10,2,19,,335559,8,0,10,1,27,,335574,8,0,10,2,67,,335553,8,0,10,2,27,,335560,8,0,10,1,67,,335575,8,0,10,2,27,,335554,8,0,10,2,67,,335561,8,0,10,1,31,,335576,8,0,10,2,72,,335577,8,0,10,1,30,,335580,8,0,10,1,70,,335555,8,0,10,2,28,,335578,8,0,10,1,68,,335551,8,0,10,1,28,,335556,8,0,10,2,72,,335579,8,0,10,1,32,,335552,8,0,10,1,71,,335557,8,0,10,2,30,,335569,8,0,10,1,71,,335548,8,0,10,1,32,,335570,8,0,10,1,71,,335549,8,0,10,1,31,,335571,8,0,10,1,71,,335550,8,0,10,1,20,,335581,8,0,10,1
18602,'H54S000S-80-S',439,,335600,8,0,10,2,17,,335603,8,0,10,1,57,,335584,8,0,10,1,20,,335589,8,0,10,2,20,,335601,8,0,10,2,80,,335591,8,0,10,2,15,,335590,8,0,10,2,54,,335634,8,0,10,1,14,,335602,8,0,10,2,31,,335604,8,0,10,1,70,,335599,8,0,10,2,30,,335621,8,0,10,2,70,,335605,8,0,10,1,30,,335615,8,0,10,2,68,,335622,8,0,10,2,28,,335606,8,0,10,1,60,,335626,8,0,10,1,20,,335616,8,0,10,2,20,,335623,8,0,10,2,60,,335617,8,0,10,2,19,,335607,8,0,10,1,20,,335627,8,0,10,1,63,,335624,8,0,10,2,20,,335618,8,0,10,2,20,,335608,8,0,10,1,60,,335628,8,0,10,1,15,,335593,8,0,10,2,15,,335625,8,0,10,2,15,,335619,8,0,10,2,63,,335609,8,0,10,1,21,,335629,8,0,10,1,19,,335594,8,0,10,2,65,,335620,8,0,10,2,25,,335598,8,0,10,2,65,,335630,8,0,10,1,24,,335595,8,0,10,2,26,,335583,8,0,10,1,65,,335596,8,0,10,2,26,,335610,8,0,10,2,66,,335632,8,0,10,1,30,,335597,8,0,10,2,71,,335611,8,0,10,2,31,,335587,8,0,10,1,71,,335585,8,0,10,1,29,,335612,8,0,10,2,69,,335588,8,0,10,1,29,,335586,8,0,10,1,70,,335613,8,0,10,2,29,,335633,8,0,10,2,69,,335631,8,0,10,1,28,,335614,8,0,10,2
18602,'H54S100F-80-F1',439,,335636,8,0,10,1,71,,335656,8,0,10,1,31,,335637,8,0,10,1,71,,335657,8,0,10,1,31,,335638,8,0,10,1,71,,335658,8,0,10,1,32,,335639,8,0,10,1,72,,335659,8,0,10,1,32,,335640,8,0,10,1,72,,335660,8,0,10,1,32,,335635,8,0,10,2,71,,335641,8,0,10,1,30,,335661,8,0,10,1,70,,335666,8,0,10,2,30,,335652,8,0,10,1,69,,335662,8,0,10,1,29,,335667,8,0,10,2,59,,335676,8,0,10,2,19,,335653,8,0,10,1,27,,335668,8,0,10,2,67,,335647,8,0,10,2,27,,335654,8,0,10,1,67,,335669,8,0,10,2,27,,335648,8,0,10,2,67,,335655,8,0,10,1,31,,335670,8,0,10,2,72,,335671,8,0,10,1,30,,335674,8,0,10,1,70,,335649,8,0,10,2,28,,335672,8,0,10,1,68,,335645,8,0,10,1,28,,335650,8,0,10,2,72,,335673,8,0,10,1,32,,335646,8,0,10,1,71,,335651,8,0,10,2,30,,335663,8,0,10,1,71,,335642,8,0,10,1,32,,335664,8,0,10,1,71,,335643,8,0,10,1,31,,335665,8,0,10,1,71,,335644,8,0,10,1,20,,335675,8,0,10,1
18602,'H54S200F-80-F2',439,,335678,8,0,10,1,71,,335698,8,0,10,1,31,,335679,8,0,10,1,71,,335699,8,0,10,1,31,,335680,8,0,10,1,71,,335700,8,0,10,1,32,,335681,8,0,10,1,72,,335701,8,0,10,1,32,,335682,8,0,10,1,72,,335702,8,0,10,1,32,,335677,8,0,10,2,71,,335683,8,0,10,1,30,,335703,8,0,10,1,70,,335708,8,0,10,2,30,,335694,8,0,10,1,69,,335704,8,0,10,1,29,,335709,8,0,10,2,59,,335718,8,0,10,2,19,,335695,8,0,10,1,27,,335710,8,0,10,2,67,,335689,8,0,10,2,27,,335696,8,0,10,1,67,,335711,8,0,10,2,27,,335690,8,0,10,2,67,,335697,8,0,10,1,31,,335712,8,0,10,2,72,,335713,8,0,10,1,30,,335716,8,0,10,1,70,,335691,8,0,10,2,28,,335714,8,0,10,1,68,,335687,8,0,10,1,28,,335692,8,0,10,2,72,,335715,8,0,10,1,32,,335688,8,0,10,1,71,,335693,8,0,10,2,30,,335705,8,0,10,1,71,,335684,8,0,10,1,32,,335706,8,0,10,1,71,,335685,8,0,10,1,31,,335707,8,0,10,1,71,,335686,8,0,10,1,20,,335717,8,0,10,1
18602,'H57S000S-80-S',613,,335719,8,0,10,1
48602,'H54S000S-80-S',611,,350411,6,0,10,2,21,,350415,6,0,10,2,14,,350420,6,0,10,2,13,,350419,6,0,10,2,68,,350413,6,0,10,1,14,,350418,6,0,10,2,61,,350412,6,0,10,2,25,,350414,6,0,10,2,26,,350417,6,0,10,2,67,,350416,6,0,10,2
48602,'H57S000S-80-S',550,,350421,6,0,10,1,163,,350422,6,0,10,1
