12102,'H58S000A-80-A',512,,321336,33,0,10,1,29,,321342,33,0,10,1,70,,321340,33,0,10,1,26,,321337,33,0,10,1,65,,321348,33,0,10,1,26,,321343,33,0,10,1,24,,321341,33,0,10,1,65,,321338,33,0,10,1,23,,321354,33,0,10,1,18,,321349,33,0,10,1,60,,321379,33,0,10,1,16,,321344,33,0,10,1,15,,321363,33,0,10,1,56,,321355,33,0,10,1,15,,321371,33,0,10,1,16,,321339,33,0,10,1,16,,321350,33,0,10,1,55,,321360,33,0,10,1,14,,321380,33,0,10,1,15,,321356,33,0,10,1,14,,321345,33,0,10,1,56,,321364,33,0,10,1,15,,321372,33,0,10,1,15,,321387,33,0,10,1,14,,321351,33,0,10,1,54,,321361,33,0,10,1,13,,321397,33,0,10,1,12,,321381,33,0,10,1,12,,321357,33,0,10,1,11,,321346,33,0,10,1,52,,321394,33,0,10,1,12,,321365,33,0,10,1,13,,321373,33,0,10,1,12,,321388,33,0,10,1,12,,321352,33,0,10,1,51,,321401,33,0,10,1,12,,321362,33,0,10,1,10,,321398,33,0,10,1,11,,321382,33,0,10,1,11,,321358,33,0,10,1,53,,321347,33,0,10,1,13,,321395,33,0,10,1,14,,321366,33,0,10,1,14,,321374,33,0,10,1,15,,321389,33,0,10,1,55,,321353,33,0,10,1,13,,321402,33,0,10,1,11,,321399,33,0,10,1,13,,321383,33,0,10,1,54,,321359,33,0,10,1,15,,321396,33,0,10,1,16,,321367,33,0,10,1,17,,321375,33,0,10,1,57,,321390,33,0,10,1,23,,321400,33,0,10,1,26,,321384,33,0,10,1,70,,321368,33,0,10,1,30,,321376,33,0,10,1,68,,321391,33,0,10,1,32,,321385,33,0,10,1,70,,321369,33,0,10,1,30,,321377,33,0,10,1,71,,321392,33,0,10,1,27,,321386,33,0,10,1,71,,321370,33,0,10,1,29,,321378,33,0,10,1,73,,321393,33,0,10,1
12102,'H58S000I-80-I',515,,321403,33,0,10,1,29,,321422,33,0,10,1,70,,321411,33,0,10,1,30,,321404,33,0,10,1,70,,321423,33,0,10,1,31,,321412,33,0,10,1,66,,321429,33,0,10,1,25,,321405,33,0,10,1,66,,321424,33,0,10,1,24,,321413,33,0,10,1,26,,321439,33,0,10,1,62,,321430,33,0,10,1,18,,321406,33,0,10,1,19,,321425,33,0,10,1,57,,321453,33,0,10,1,16,,321449,33,0,10,1,16,,321414,33,0,10,1,18,,321440,33,0,10,1,58,,321431,33,0,10,1,18,,321407,33,0,10,1,17,,321426,33,0,10,1,54,,321442,33,0,10,1,13,,321454,33,0,10,1,12,,321450,33,0,10,1,13,,321415,33,0,10,1,13,,321456,33,0,10,1,55,,321441,33,0,10,1,14,,321432,33,0,10,1,14,,321408,33,0,10,1,15,,321427,33,0,10,1,53,,321443,33,0,10,1,14,,321451,33,0,10,1,15,,321455,33,0,10,1,16,,321416,33,0,10,1,56,,321457,33,0,10,1,18,,321433,33,0,10,1,18,,321409,33,0,10,1,58,,321428,33,0,10,1,17,,321444,33,0,10,1,16,,321452,33,0,10,1,18,,321417,33,0,10,1,60,,321458,33,0,10,1,20,,321434,33,0,10,1,21,,321410,33,0,10,1,65,,321445,33,0,10,1,29,,321418,33,0,10,1,69,,321459,33,0,10,1,31,,321435,33,0,10,1,73,,321446,33,0,10,1,31,,321419,33,0,10,1,72,,321460,33,0,10,1,31,,321436,33,0,10,1,69,,321447,33,0,10,1,32,,321420,33,0,10,1,71,,321437,33,0,10,1,32,,321448,33,0,10,1,68,,321421,33,0,10,1,24,,321438,33,0,10,1
12102,'H58S000S-83-S',518,,321468,33,0,10,1,9,,321476,33,0,10,1,9,,321487,33,0,10,1,11,,321503,33,0,10,1,9,,321511,33,0,10,1,50,,321513,33,0,10,1,9,,321474,33,0,10,1,9,,321461,33,0,10,1,8,,321519,33,0,10,1,8,,321493,33,0,10,1,8,,321521,33,0,10,1,8,,321523,33,0,10,1,49,,321530,33,0,10,1,6,,321536,33,0,10,1,6,,321469,33,0,10,1,6,,321542,33,0,10,1,9,,321477,33,0,10,1,6,,321544,33,0,10,1,5,,321488,33,0,10,1,5,,321545,33,0,10,1,5,,321546,33,0,10,1,6,,321504,33,0,10,1,47,,321512,33,0,10,1,5,,321547,33,0,10,1,3,,321549,16,0,10,1,3,,321514,33,0,10,1,6,,321548,33,0,10,1,6,,321475,33,0,10,1,4,,321543,16,0,10,1,2,,321462,33,0,10,1,6,,321520,33,0,10,1,3,,321494,16,0,10,1,7,,321522,33,0,10,1,8,,321524,33,0,10,1,48,,321531,33,0,10,1,9,,321537,33,0,10,1,10,,321470,33,0,10,1,10,,321478,33,0,10,1,11,,321489,33,0,10,1,12,,321505,33,0,10,1,52,,321550,33,0,10,1,12,,321515,33,0,10,1,12,,321463,33,0,10,1,12,,321495,33,0,10,1,12,,321525,33,0,10,1,52,,321532,33,0,10,1,12,,321538,33,0,10,1,12,,321471,33,0,10,1,12,,321479,33,0,10,1,12,,321490,33,0,10,1,51,,321506,33,0,10,1,10,,321551,33,0,10,1,10,,321516,33,0,10,1,11,,321464,33,0,10,1,11,,321496,33,0,10,1,51,,321526,33,0,10,1,12,,321533,33,0,10,1,11,,321539,33,0,10,1,11,,321472,33,0,10,1,10,,321552,33,0,10,1,10,,321480,33,0,10,1,50,,321491,33,0,10,1,10,,321507,33,0,10,1,12,,321517,33,0,10,1,12,,321465,33,0,10,1,12,,321497,33,0,10,1,53,,321527,33,0,10,1,12,,321534,33,0,10,1,12,,321540,33,0,10,1,9,,321563,33,0,10,1,10,,321473,33,0,10,1,9,,321553,33,0,10,1,48,,321572,33,0,10,1,9,,321481,33,0,10,1,9,,321492,33,0,10,1,4,,321571,16,0,10,1,4,,321568,33,0,10,1,7,,321535,33,0,10,1,3,,321508,33,0,10,1,8,,321518,33,0,10,1,8,,321466,33,0,10,1,48,,321498,33,0,10,1,10,,321570,33,0,10,1,10,,321528,33,0,10,1,10,,321561,33,0,10,1,10,,321541,33,0,10,1,10,,321559,33,0,10,1,50,,321564,33,0,10,1,11,,321554,33,0,10,1,6,,321573,16,0,10,1,5,,321482,33,0,10,1,11,,321569,33,0,10,1,12,,321509,33,0,10,1,52,,321467,33,0,10,1,12,,321499,33,0,10,1,11,,321529,33,0,10,1,11,,321562,33,0,10,1,11,,321560,33,0,10,1,11,,321565,33,0,10,1,51,,321555,33,0,10,1,12,,321483,33,0,10,1,24,,321510,33,0,10,1,68,,321500,33,0,10,1,27,,321566,33,0,10,1,65,,321556,33,0,10,1,24,,321484,33,0,10,1,27,,321501,33,0,10,1,70,,321567,33,0,10,1,27,,321557,33,0,10,1,71,,321485,33,0,10,1,32,,321502,33,0,10,1,70,,321558,33,0,10,1,26,,321486,33,0,10,1
12102,'H58S100F-80-F1',515,,321574,33,0,10,1,29,,321588,33,0,10,1,70,,321582,33,0,10,1,30,,321575,33,0,10,1,70,,321589,33,0,10,1,31,,321583,33,0,10,1,66,,321602,33,0,10,1,25,,321576,33,0,10,1,66,,321590,33,0,10,1,24,,321584,33,0,10,1,26,,321612,33,0,10,1,62,,321603,33,0,10,1,18,,321577,33,0,10,1,19,,321591,33,0,10,1,57,,321624,33,0,10,1,16,,321617,33,0,10,1,16,,321585,33,0,10,1,18,,321613,33,0,10,1,58,,321604,33,0,10,1,18,,321578,33,0,10,1,17,,321599,33,0,10,1,54,,321592,33,0,10,1,13,,321625,33,0,10,1,12,,321618,33,0,10,1,13,,321586,33,0,10,1,13,,321627,33,0,10,1,55,,321614,33,0,10,1,14,,321605,33,0,10,1,14,,321579,33,0,10,1,15,,321600,33,0,10,1,53,,321593,33,0,10,1,14,,321615,33,0,10,1,15,,321626,33,0,10,1,16,,321587,33,0,10,1,56,,321628,33,0,10,1,18,,321606,33,0,10,1,18,,321580,33,0,10,1,58,,321601,33,0,10,1,17,,321594,33,0,10,1,16,,321616,33,0,10,1,18,,321619,33,0,10,1,60,,321629,33,0,10,1,20,,321607,33,0,10,1,21,,321581,33,0,10,1,65,,321595,33,0,10,1,29,,321620,33,0,10,1,69,,321630,33,0,10,1,31,,321608,33,0,10,1,73,,321596,33,0,10,1,31,,321621,33,0,10,1,72,,321631,33,0,10,1,31,,321609,33,0,10,1,69,,321597,33,0,10,1,32,,321622,33,0,10,1,71,,321610,33,0,10,1,32,,321598,33,0,10,1,68,,321623,33,0,10,1,24,,321611,33,0,10,1
12102,'H58S200F-80-F2',515,,321637,33,0,10,1,29,,321651,33,0,10,1,70,,321645,33,0,10,1,30,,321638,33,0,10,1,70,,321652,33,0,10,1,31,,321646,33,0,10,1,66,,321662,33,0,10,1,25,,321639,33,0,10,1,66,,321653,33,0,10,1,24,,321647,33,0,10,1,26,,321672,33,0,10,1,62,,321663,33,0,10,1,18,,321640,33,0,10,1,19,,321654,33,0,10,1,57,,321682,33,0,10,1,16,,321675,33,0,10,1,16,,321648,33,0,10,1,18,,321673,33,0,10,1,58,,321664,33,0,10,1,18,,321641,33,0,10,1,17,,321632,33,0,10,1,54,,321655,33,0,10,1,13,,321683,33,0,10,1,12,,321676,33,0,10,1,13,,321649,33,0,10,1,13,,321685,33,0,10,1,55,,321674,33,0,10,1,14,,321665,33,0,10,1,14,,321642,33,0,10,1,15,,321633,33,0,10,1,53,,321656,33,0,10,1,14,,321635,33,0,10,1,15,,321684,33,0,10,1,16,,321650,33,0,10,1,56,,321686,33,0,10,1,18,,321666,33,0,10,1,18,,321643,33,0,10,1,58,,321634,33,0,10,1,17,,321657,33,0,10,1,16,,321636,33,0,10,1,18,,321677,33,0,10,1,60,,321687,33,0,10,1,20,,321667,33,0,10,1,21,,321644,33,0,10,1,65,,321658,33,0,10,1,29,,321678,33,0,10,1,69,,321688,33,0,10,1,31,,321668,33,0,10,1,73,,321659,33,0,10,1,31,,321679,33,0,10,1,72,,321689,33,0,10,1,31,,321669,33,0,10,1,69,,321660,33,0,10,1,32,,321680,33,0,10,1,71,,321670,33,0,10,1,32,,321661,33,0,10,1,68,,321681,33,0,10,1,24,,321671,33,0,10,1
17102,'H50S000A-82-A',546,,332501,17,0,10,2,71,,332541,17,0,10,1,32,,332502,17,0,10,2,71,,332522,17,0,10,1,31,,332503,17,0,10,2,71,,332523,17,0,10,1,30,,332504,17,0,10,2,72,,332524,17,0,10,1,31,,332505,17,0,10,2,70,,332525,17,0,10,1,30,,332506,17,0,10,2,70,,332526,17,0,10,1,31,,332507,17,0,10,2,70,,332527,17,0,10,1,30,,332508,17,0,10,2,71,,332528,17,0,10,1,31,,332509,17,0,10,2,70,,332529,17,0,10,1,29,,332510,17,0,10,2,71,,332530,17,0,10,1,31,,332511,17,0,10,2,71,,332531,17,0,10,1,71,,332512,17,0,10,2,31,,332532,17,0,10,1,71,,332513,17,0,10,2,30,,332533,17,0,10,1,71,,332514,17,0,10,2,30,,332534,17,0,10,1,69,,332515,17,0,10,2,29,,332535,17,0,10,1,70,,332516,17,0,10,2,30,,332536,17,0,10,1,71,,332517,17,0,10,2,31,,332537,17,0,10,1,71,,332518,17,0,10,2,31,,332538,17,0,10,1,71,,332519,17,0,10,2,29,,332539,17,0,10,1,71,,332520,17,0,10,2,31,,332540,17,0,10,1,72,,332521,17,0,10,2
17102,'H50S000I-82-I',543,,332580,17,0,10,2,72,,332581,17,0,10,1,33,,332542,17,0,10,2,74,,332561,17,0,10,1,33,,332543,17,0,10,2,75,,332562,17,0,10,1,72,,332544,17,0,10,2,32,,332563,17,0,10,1,71,,332545,17,0,10,2,31,,332564,17,0,10,1,71,,332546,17,0,10,2,32,,332565,17,0,10,1,71,,332547,17,0,10,2,30,,332566,17,0,10,1,70,,332548,17,0,10,2,30,,332567,17,0,10,1,70,,332549,17,0,10,2,30,,332568,17,0,10,1,70,,332550,17,0,10,2,28,,332569,17,0,10,1,70,,332551,17,0,10,2,30,,332570,17,0,10,1,70,,332552,17,0,10,2,30,,332571,17,0,10,1,70,,332553,17,0,10,2,30,,332572,17,0,10,1,70,,332554,17,0,10,2,30,,332573,17,0,10,1,70,,332555,17,0,10,2,30,,332574,17,0,10,1,69,,332556,17,0,10,2,30,,332575,17,0,10,1,70,,332557,17,0,10,2,31,,332576,17,0,10,1,70,,332558,17,0,10,2,32,,332577,17,0,10,1,72,,332559,17,0,10,2,32,,332578,17,0,10,1,71,,332560,17,0,10,2,30,,332579,17,0,10,1
17102,'H50S000S-82-S',549,,332588,17,0,10,2,66,,332594,17,0,10,1,21,,332597,17,0,10,2,17,,332589,17,0,10,1,56,,332600,17,0,10,2,18,,332595,17,0,10,1,11,,332598,17,0,10,2,65,,332590,17,0,10,1,14,,332601,17,0,10,2,13,,332596,17,0,10,1,25,,332599,17,0,10,2,54,,332591,17,0,10,1,15,,332627,17,0,10,2,20,,332631,17,0,10,1,65,,332592,17,0,10,1,26,,332628,17,0,10,2,65,,332632,17,0,10,1,26,,332593,17,0,10,1,27,,332629,17,0,10,2,66,,332633,17,0,10,1,21,,332582,17,0,10,2,16,,332630,17,0,10,2,57,,332587,17,0,10,1,17,,332634,17,0,10,1,19,,332583,17,0,10,2,63,,332619,17,0,10,1,25,,332608,17,0,10,2,65,,332584,17,0,10,2,25,,332620,17,0,10,1,26,,332609,17,0,10,2,63,,332585,17,0,10,2,21,,332621,17,0,10,1,19,,332602,17,0,10,1,58,,332610,17,0,10,2,20,,332586,17,0,10,2,20,,332622,17,0,10,1,61,,332603,17,0,10,1,19,,332611,17,0,10,2,23,,332623,17,0,10,1,64,,332604,17,0,10,1,27,,332612,17,0,10,2,69,,332605,17,0,10,1,30,,332613,17,0,10,2,70,,332606,17,0,10,1,30,,332614,17,0,10,2,68,,332607,17,0,10,1,30,,332615,17,0,10,2,67,,332624,17,0,10,1,30,,332616,17,0,10,2,70,,332625,17,0,10,1,30,,332617,17,0,10,2,71,,332626,17,0,10,1,30,,332618,17,0,10,2
17102,'H50S100F-80-F1',543,,332673,17,0,10,2,72,,332674,17,0,10,1,33,,332635,17,0,10,2,74,,332654,17,0,10,1,33,,332636,17,0,10,2,75,,332655,17,0,10,1,72,,332637,17,0,10,2,32,,332656,17,0,10,1,71,,332638,17,0,10,2,31,,332657,17,0,10,1,71,,332639,17,0,10,2,32,,332658,17,0,10,1,71,,332640,17,0,10,2,30,,332659,17,0,10,1,70,,332641,17,0,10,2,30,,332660,17,0,10,1,70,,332642,17,0,10,2,30,,332661,17,0,10,1,70,,332643,17,0,10,2,28,,332662,17,0,10,1,70,,332644,17,0,10,2,30,,332663,17,0,10,1,70,,332645,17,0,10,2,30,,332664,17,0,10,1,70,,332646,17,0,10,2,30,,332665,17,0,10,1,70,,332647,17,0,10,2,30,,332666,17,0,10,1,70,,332648,17,0,10,2,30,,332667,17,0,10,1,69,,332649,17,0,10,2,30,,332668,17,0,10,1,70,,332650,17,0,10,2,31,,332669,17,0,10,1,70,,332651,17,0,10,2,32,,332670,17,0,10,1,72,,332652,17,0,10,2,32,,332671,17,0,10,1,71,,332653,17,0,10,2,30,,332672,17,0,10,1
17102,'H50S200F-80-F2',543,,332713,17,0,10,2,72,,332714,17,0,10,1,33,,332675,17,0,10,2,74,,332694,17,0,10,1,33,,332676,17,0,10,2,75,,332695,17,0,10,1,72,,332677,17,0,10,2,32,,332696,17,0,10,1,71,,332678,17,0,10,2,31,,332697,17,0,10,1,71,,332679,17,0,10,2,32,,332698,17,0,10,1,71,,332680,17,0,10,2,30,,332699,17,0,10,1,70,,332681,17,0,10,2,30,,332700,17,0,10,1,70,,332682,17,0,10,2,30,,332701,17,0,10,1,70,,332683,17,0,10,2,28,,332702,17,0,10,1,70,,332684,17,0,10,2,30,,332703,17,0,10,1,70,,332685,17,0,10,2,30,,332704,17,0,10,1,70,,332686,17,0,10,2,30,,332705,17,0,10,1,70,,332687,17,0,10,2,30,,332706,17,0,10,1,70,,332688,17,0,10,2,30,,332707,17,0,10,1,69,,332689,17,0,10,2,30,,332708,17,0,10,1,70,,332690,17,0,10,2,31,,332709,17,0,10,1,70,,332691,17,0,10,2,32,,332710,17,0,10,1,72,,332692,17,0,10,2,32,,332711,17,0,10,1,71,,332693,17,0,10,2,30,,332712,17,0,10,1
17102,'H58S000S-83-S',750,,332715,17,0,10,2
17102,'H60S000S-83-S',844,,332716,17,0,10,2
17702,'H60S000A-80-A',623,,333620,10,0,10,1,27,,333633,10,0,10,1,59,,333644,10,0,10,1,17,,333640,10,0,10,1,26,,333621,10,0,10,1,71,,333634,10,0,10,1,31,,333641,10,0,10,1,69,,333622,10,0,10,1,29,,333635,10,0,10,1,70,,333642,10,0,10,1,29,,333623,10,0,10,1,71,,333636,10,0,10,1,31,,333643,10,0,10,1,71,,333624,10,0,10,1,28,,333637,10,0,10,1,67,,333645,10,0,10,2,28,,333647,10,0,10,2,64,,333625,10,0,10,1,26,,333638,10,0,10,1,73,,333646,10,0,10,2,33,,333626,10,0,10,1,70,,333639,10,0,10,1,31,,333649,10,0,10,2,71,,333627,10,0,10,1,30,,333651,10,0,10,2,69,,333650,10,0,10,2,30,,333657,10,0,10,2,70,,333628,10,0,10,1,30,,333652,10,0,10,2,69,,333648,10,0,10,2,29,,333658,10,0,10,2
17702,'H60S000I-81-I',621,,333659,10,0,10,1,30,,333669,10,0,10,2,70,,333679,10,0,10,2,30,,333660,10,0,10,1,70,,333670,10,0,10,2,30,,333680,10,0,10,2,69,,333661,10,0,10,1,30,,333671,10,0,10,2,70,,333681,10,0,10,2,31,,333662,10,0,10,1,71,,333672,10,0,10,2,30,,333682,10,0,10,2,69,,333663,10,0,10,1,32,,333673,10,0,10,2,71,,333683,10,0,10,2,27,,333664,10,0,10,1,73,,333674,10,0,10,2,30,,333684,10,0,10,2,69,,333665,10,0,10,1,23,,333696,10,0,10,2,63,,333675,10,0,10,2,28,,333685,10,0,10,2,71,,333666,10,0,10,1,33,,333676,10,0,10,2,73,,333686,10,0,10,2,28,,333667,10,0,10,1,67,,333677,10,0,10,2,33,,333687,10,0,10,2,68,,333668,10,0,10,1,27,,333678,10,0,10,2
17702,'H60S000S-83-S',538,,333701,10,0,10,2,15,,333706,10,0,10,1,55,,333698,10,0,10,1,12,,333704,10,0,10,1,12,,333700,10,0,10,1,7,,333716,10,0,10,2,8,,333712,10,0,10,2,8,,333717,10,0,10,2,49,,333718,10,0,10,2,7,,333720,10,0,10,1,7,,333702,10,0,10,2,7,,333722,10,0,10,2,5,,333723,10,0,10,2,5,,333724,10,0,10,2,6,,333725,10,0,10,2,7,,333699,10,0,10,1,7,,333728,10,0,10,2,48,,333729,10,0,10,2,8,,333730,10,0,10,1,10,,333727,10,0,10,2,12,,333711,10,0,10,2,12,,333734,10,0,10,2,12,,333721,10,0,10,1,49,,333719,10,0,10,2,11,,333714,10,0,10,1,12,,333726,10,0,10,2,20,,333731,10,0,10,1,60,,333713,10,0,10,2,23,,333735,10,0,10,2,27,,333715,10,0,10,1,69,,333732,10,0,10,1,29,,333703,10,0,10,1,69,,333736,10,0,10,2,29,,333697,10,0,10,2,70,,333705,10,0,10,1,29,,333738,10,0,10,2,70,,333737,10,0,10,2,32,,333733,10,0,10,1,74,,333745,10,0,10,2,73,,333751,10,0,10,2,28,,333739,10,0,10,1,28,,333753,10,0,10,2,72,,333752,10,0,10,1,69,,333746,10,0,10,2,31,,333707,10,0,10,1,70,,333740,10,0,10,2,27,,333754,10,0,10,1,31,,333747,10,0,10,2,73,,333708,10,0,10,1,26,,333741,10,0,10,2
17702,'H60S100F-80-F1',621,,333755,10,0,10,1,30,,333768,10,0,10,2,70,,333778,10,0,10,2,30,,333756,10,0,10,1,70,,333769,10,0,10,2,30,,333779,10,0,10,2,69,,333757,10,0,10,1,30,,333770,10,0,10,2,70,,333780,10,0,10,2,31,,333758,10,0,10,1,71,,333771,10,0,10,2,30,,333781,10,0,10,2,69,,333759,10,0,10,1,32,,333772,10,0,10,2,71,,333782,10,0,10,2,27,,333760,10,0,10,1,73,,333773,10,0,10,2,30,,333783,10,0,10,2,69,,333761,10,0,10,1,23,,333787,10,0,10,1,63,,333774,10,0,10,2,28,,333784,10,0,10,2,71,,333762,10,0,10,1,33,,333775,10,0,10,2,73,,333785,10,0,10,2,28,,333763,10,0,10,1,67,,333776,10,0,10,2,33,,333786,10,0,10,2,68,,333764,10,0,10,1,27,,333777,10,0,10,2
17702,'H60S200F-80-F2',621,,333793,10,0,10,1,30,,333806,10,0,10,2,70,,333816,10,0,10,2,30,,333794,10,0,10,1,70,,333807,10,0,10,2,30,,333817,10,0,10,2,69,,333795,10,0,10,1,30,,333808,10,0,10,2,70,,333818,10,0,10,2,31,,333796,10,0,10,1,71,,333809,10,0,10,2,30,,333819,10,0,10,2,69,,333797,10,0,10,1,32,,333810,10,0,10,2,71,,333820,10,0,10,2,27,,333798,10,0,10,1,73,,333811,10,0,10,2,30,,333821,10,0,10,2,69,,333799,10,0,10,1,23,,333825,10,0,10,1,63,,333812,10,0,10,2,28,,333822,10,0,10,2,71,,333800,10,0,10,1,33,,333813,10,0,10,2,73,,333823,10,0,10,2,28,,333801,10,0,10,1,67,,333814,10,0,10,2,33,,333824,10,0,10,2,68,,333802,10,0,10,1,27,,333815,10,0,10,2
37802,'H60S000A-80-A',2639,,347278,33,0,10,1,94,,347276,33,0,10,1,88,,347277,33,0,10,1
37802,'H60S000I-81-I',2639,,347280,33,0,10,1,91,,347281,33,0,10,1,90,,347279,33,0,10,1
37802,'H60S000S-83-S',2639,,347283,33,0,10,1,88,,347282,33,0,10,1,99,,347284,33,0,10,1
37802,'H60S100F-80-F1',2639,,347285,33,0,10,1,91,,347287,33,0,10,1,90,,347286,33,0,10,1
37802,'H60S200F-80-F2',2639,,347288,33,0,10,1,91,,347290,33,0,10,1,90,,347289,33,0,10,1
38002,'H50S000A-82-A',2646,,347320,62,0,10,1,86,,347319,62,0,10,1,83,,347318,62,0,10,1,85,,347317,62,0,10,1
38002,'H50S000I-82-I',2625,,347321,62,0,10,1,82,,347327,62,0,10,1,50,,347324,62,0,10,2,90,,347326,62,0,10,1,59,,347323,62,0,10,2,21,,347322,62,0,10,1,6,,347325,62,0,10,2
38002,'H50S000S-82-S',2626,,347328,62,0,10,1,86,,347332,62,0,10,1,45,,347330,62,0,10,1,96,,347331,62,0,10,1,55,,347333,62,0,10,1,8,,347329,62,0,10,1
38002,'H50S100F-80-F1',2625,,347334,62,0,10,1,82,,347340,62,0,10,1,50,,347337,62,0,10,2,90,,347339,62,0,10,1,59,,347336,62,0,10,2,21,,347335,62,0,10,1,6,,347338,62,0,10,2
38002,'H50S200F-80-F2',2625,,347341,62,0,10,1,82,,347347,62,0,10,1,50,,347344,62,0,10,2,90,,347346,62,0,10,1,59,,347343,62,0,10,2,21,,347342,62,0,10,1,6,,347345,62,0,10,2
38002,'H54S000I-80-I',2921,,347348,62,0,10,1
38002,'H54S000S-80-S',2923,,347350,62,0,10,1,14,,347349,62,0,10,1
38002,'H54S100F-80-F1',2921,,347351,62,0,10,1
38002,'H54S200F-80-F2',2921,,347352,62,0,10,1
