6604,'H51S000A-80-A',533,,305725,5,0,9,2,70,,305734,5,0,9,1,30,,305726,5,0,9,2,70,,305735,5,0,9,1,30,,305727,5,0,9,2,70,,305736,5,0,9,1,29,,305728,5,0,9,2,71,,305737,5,0,9,1,30,,305729,5,0,9,2,71,,305738,5,0,9,1,30,,305730,5,0,9,2,71,,305739,5,0,9,1,30,,305731,5,0,9,2,72,,305740,5,0,9,1,31,,305732,5,0,9,2,70,,305752,5,0,9,2,30,,305741,5,0,9,1,70,,305733,5,0,9,2,30,,305753,5,0,9,2,74,,305742,5,0,9,1,33,,305754,5,0,9,2,73,,305743,5,0,9,1,33,,305755,5,0,9,2,72,,305744,5,0,9,1,33,,305756,5,0,9,2,73,,305745,5,0,9,1,72,,305757,5,0,9,2,32,,305746,5,0,9,1,71,,305758,5,0,9,2,31,,305747,5,0,9,1,71,,305759,5,0,9,2,31,,305748,5,0,9,1,70,,305760,5,0,9,2,30,,305749,5,0,9,1,70,,305761,5,0,9,2,30,,305750,5,0,9,1,70,,305762,5,0,9,2,30,,305751,5,0,9,1,68,,305763,5,0,9,2
6604,'H51S000I-80-I',602,,305764,5,0,9,1,30,,305783,5,0,9,2,70,,305765,5,0,9,1,30,,305784,5,0,9,2,70,,305766,5,0,9,1,30,,305785,5,0,9,2,70,,305767,5,0,9,1,30,,305786,5,0,9,2,72,,305768,5,0,9,1,32,,305787,5,0,9,2,72,,305769,5,0,9,1,32,,305788,5,0,9,2,72,,305770,5,0,9,1,33,,305789,5,0,9,2,73,,305771,5,0,9,1,33,,305790,5,0,9,2,73,,305772,5,0,9,1,33,,305791,5,0,9,2,73,,305773,5,0,9,1,72,,305792,5,0,9,2,32,,305774,5,0,9,1,72,,305793,5,0,9,2,32,,305775,5,0,9,1,72,,305794,5,0,9,2,31,,305776,5,0,9,1,71,,305795,5,0,9,2,31,,305777,5,0,9,1,70,,305796,5,0,9,2,30,,305778,5,0,9,1,70,,305797,5,0,9,2,30,,305779,5,0,9,1,70,,305798,5,0,9,2,30,,305780,5,0,9,1,68,,305799,5,0,9,2,28,,305781,5,0,9,1,68,,305800,5,0,9,2,28,,305782,5,0,9,1
6604,'H51S000S-81-S',515,,305801,5,0,9,1,33,,305817,5,0,9,2,70,,305802,5,0,9,1,29,,305818,5,0,9,2,66,,305832,5,0,9,2,27,,305803,5,0,9,1,70,,305819,5,0,9,2,29,,305833,5,0,9,2,68,,305804,5,0,9,1,28,,305820,5,0,9,2,68,,305834,5,0,9,2,28,,305805,5,0,9,1,28,,305821,5,0,9,2,69,,305835,5,0,9,2,30,,305806,5,0,9,1,70,,305822,5,0,9,2,30,,305836,5,0,9,2,70,,305807,5,0,9,1,30,,305823,5,0,9,2,70,,305837,5,0,9,2,30,,305808,5,0,104,1,71,,305824,5,0,104,2,30,,305838,5,0,104,2,69,,305809,5,0,104,1,30,,305825,5,0,104,2,69,,305839,5,0,104,2,29,,305810,5,0,104,1,66,,305826,5,0,9,2,31,,305840,5,0,9,2,73,,305811,5,0,9,1,33,,305827,5,0,9,2,72,,305812,5,0,9,1,72,,305828,5,0,9,2,32,,305813,5,0,9,1,71,,305829,5,0,9,2,30,,305814,5,0,9,1,70,,305830,5,0,9,2,30,,305815,5,0,9,1,69,,305831,5,0,9,2,28,,305816,5,0,9,1
6604,'H51S100F-80-F1',602,,305841,5,0,9,1,30,,305860,5,0,9,2,70,,305842,5,0,9,1,30,,305861,5,0,9,2,70,,305843,5,0,9,1,30,,305862,5,0,9,2,70,,305844,5,0,9,1,30,,305863,5,0,9,2,72,,305845,5,0,9,1,32,,305864,5,0,9,2,72,,305846,5,0,9,1,32,,305865,5,0,9,2,72,,305847,5,0,9,1,33,,305866,5,0,9,2,73,,305848,5,0,9,1,33,,305867,5,0,9,2,73,,305849,5,0,9,1,33,,305868,5,0,9,2,73,,305850,5,0,9,1,72,,305869,5,0,9,2,32,,305851,5,0,9,1,72,,305870,5,0,9,2,32,,305852,5,0,9,1,72,,305871,5,0,9,2,31,,305853,5,0,9,1,71,,305872,5,0,9,2,31,,305854,5,0,9,1,70,,305873,5,0,9,2,30,,305855,5,0,9,1,70,,305874,5,0,9,2,30,,305856,5,0,9,1,70,,305875,5,0,9,2,30,,305857,5,0,9,1,68,,305876,5,0,9,2,28,,305858,5,0,9,1,68,,305877,5,0,9,2,28,,305859,5,0,9,1
6604,'H51S200F-80-F2',602,,305878,5,0,9,1,30,,305897,5,0,9,2,70,,305879,5,0,9,1,30,,305898,5,0,9,2,70,,305880,5,0,9,1,30,,305899,5,0,9,2,70,,305881,5,0,9,1,30,,305900,5,0,9,2,72,,305882,5,0,9,1,32,,305901,5,0,9,2,72,,305883,5,0,9,1,32,,305902,5,0,9,2,72,,305884,5,0,9,1,33,,305903,5,0,9,2,73,,305885,5,0,9,1,33,,305904,5,0,9,2,73,,305886,5,0,9,1,33,,305905,5,0,9,2,73,,305887,5,0,9,1,72,,305906,5,0,9,2,32,,305888,5,0,9,1,72,,305907,5,0,9,2,32,,305889,5,0,9,1,72,,305908,5,0,9,2,31,,305890,5,0,9,1,71,,305909,5,0,9,2,31,,305891,5,0,9,1,70,,305910,5,0,9,2,30,,305892,5,0,9,1,70,,305911,5,0,9,2,30,,305893,5,0,9,1,70,,305912,5,0,9,2,30,,305894,5,0,9,1,68,,305913,5,0,9,2,28,,305895,5,0,9,1,68,,305914,5,0,9,2,28,,305896,5,0,9,1
10301,'H50S000A-82-A',533,,315406,10,0,5,2,71,,315365,10,0,5,1,30,,315407,10,0,5,2,68,,315366,10,0,5,1,27,,315408,10,0,5,2,26,,315367,10,0,5,1,64,,315409,10,0,5,2,22,,315382,10,0,5,1,61,,315368,10,0,5,1,22,,315410,10,0,5,2,17,,315383,10,0,5,1,17,,315369,10,0,5,1,58,,315414,10,0,5,1,18,,315411,10,0,5,2,19,,315370,10,0,5,1,58,,315384,10,0,5,1,14,,315412,10,0,5,2,15,,315415,10,0,5,1,15,,315371,10,0,5,1,56,,315417,10,0,5,2,16,,315413,10,0,5,2,15,,315385,10,0,5,1,14,,315372,10,0,5,1,54,,315375,10,0,5,1,15,,315418,10,0,5,2,16,,315386,10,0,5,1,16,,315376,10,0,5,1,54,,315373,10,0,5,1,15,,315419,10,0,5,2,18,,315377,10,0,5,1,57,,315387,10,0,5,1,19,,315374,10,0,5,1,21,,315420,10,0,5,2,17,,315397,10,0,5,1,57,,315388,10,0,5,1,19,,315378,10,0,5,1,21,,315398,10,0,5,1,61,,315389,10,0,5,1,22,,315379,10,0,5,1,63,,315399,10,0,5,1,23,,315416,10,0,5,1,24,,315380,10,0,5,1,67,,315390,10,0,5,1,31,,315381,10,0,5,1,71,,315391,10,0,5,1,31,,315400,10,0,5,2,70,,315392,10,0,5,1,28,,315401,10,0,5,2,69,,315393,10,0,5,1,29,,315402,10,0,5,2,69,,315394,10,0,5,1,30,,315403,10,0,5,2,69,,315395,10,0,5,1,29,,315404,10,0,5,2,68,,315396,10,0,5,1,27,,315405,10,0,5,2
10301,'H50S000I-82-I',558,,315462,10,0,5,1,70,,315437,10,0,5,2,30,,315463,10,0,5,1,70,,315438,10,0,5,2,30,,315464,10,0,5,1,70,,315439,10,0,5,2,28,,315465,10,0,5,1,61,,315440,10,0,5,2,22,,315466,10,0,5,1,20,,315421,10,0,5,1,60,,315460,10,0,5,1,21,,315459,10,0,5,2,19,,315422,10,0,5,1,63,,315441,10,0,5,2,20,,315467,10,0,5,1,59,,315423,10,0,5,1,23,,315442,10,0,5,2,21,,315447,10,0,5,1,61,,315424,10,0,5,1,21,,315443,10,0,5,2,20,,315448,10,0,5,1,60,,315425,10,0,5,1,20,,315444,10,0,5,2,20,,315449,10,0,5,1,60,,315426,10,0,5,1,20,,315445,10,0,5,2,20,,315450,10,0,5,1,59,,315427,10,0,5,1,20,,315446,10,0,5,2,21,,315451,10,0,5,1,66,,315428,10,0,5,1,31,,315461,10,0,5,1,73,,315429,10,0,5,1,31,,315452,10,0,5,1,70,,315430,10,0,5,1,29,,315453,10,0,5,1,69,,315431,10,0,5,1,29,,315454,10,0,5,1,69,,315432,10,0,5,1,29,,315455,10,0,5,1,69,,315433,10,0,5,1,29,,315456,10,0,5,1,69,,315434,10,0,5,1,28,,315457,10,0,5,1,69,,315435,10,0,5,1,30,,315458,10,0,5,1,70,,315436,10,0,5,1
10301,'H50S000S-82-S',528,,315468,10,0,5,1,20,,315486,10,0,5,1,60,,315539,10,0,5,2,17,,315469,10,0,5,1,13,,315481,10,0,5,2,11,,315487,10,0,5,1,8,,315540,10,0,5,2,54,,315478,10,0,5,1,5,,315484,10,0,5,2,4,,315470,10,0,5,1,5,,315482,10,0,5,2,4,,315502,10,0,5,2,4,,315504,10,0,5,2,4,,315488,10,0,5,1,4,,315543,10,0,5,2,8,,315506,10,0,5,2,4,,315541,10,0,5,2,4,,315479,10,0,5,1,45,,315508,10,0,5,2,6,,315485,10,0,5,2,5,,315538,10,0,5,2,4,,315503,10,0,5,2,5,,315505,10,0,5,2,5,,315471,10,0,5,1,6,,315544,10,0,5,2,6,,315483,10,0,5,2,6,,315537,10,0,5,2,8,,315489,10,0,5,1,49,,315542,10,0,5,2,9,,315480,10,0,5,1,9,,315507,10,0,5,2,8,,315472,10,0,5,1,12,,315496,10,0,5,2,15,,315490,10,0,5,1,55,,315513,10,0,5,1,14,,315473,10,0,5,1,14,,315497,10,0,5,2,14,,315491,10,0,5,1,54,,315514,10,0,5,1,14,,315474,10,0,5,1,14,,315498,10,0,5,2,15,,315492,10,0,5,1,55,,315515,10,0,5,1,17,,315475,10,0,5,1,18,,315493,10,0,5,1,16,,315499,10,0,5,2,55,,315516,10,0,5,1,15,,315476,10,0,5,1,15,,315494,10,0,5,1,15,,315500,10,0,5,2,56,,315517,10,0,5,1,17,,315477,10,0,5,1,17,,315495,10,0,5,1,57,,315501,10,0,5,2,17,,315518,10,0,5,1,19,,315509,10,0,5,2,21,,315510,10,0,5,2,61,,315519,10,0,5,1,21,,315536,10,0,5,1,62,,315511,10,0,5,2,23,,315520,10,0,5,1,27,,315512,10,0,5,1,67,,315528,10,0,5,1,28,,315521,10,0,5,1,70,,315529,10,0,5,1,27,,315522,10,0,5,1,69,,315530,10,0,5,1,31,,315523,10,0,5,1,70,,315531,10,0,5,1,30,,315524,10,0,5,1,69,,315532,10,0,5,1,29,,315525,10,0,5,1,69,,315533,10,0,5,1,26,,315526,10,0,5,1,69,,315534,10,0,5,1,29,,315527,10,0,5,1,69,,315535,10,0,5,1
10301,'H50S100F-80-F1',558,,315586,10,0,5,1,70,,315561,10,0,5,2,30,,315587,10,0,5,1,70,,315562,10,0,5,2,30,,315588,10,0,5,1,70,,315563,10,0,5,2,28,,315589,10,0,5,1,61,,315564,10,0,5,2,22,,315590,10,0,5,1,20,,315545,10,0,5,1,60,,315584,10,0,5,1,21,,315583,10,0,5,2,19,,315546,10,0,5,1,63,,315565,10,0,5,2,20,,315591,10,0,5,1,59,,315547,10,0,5,1,23,,315566,10,0,5,2,21,,315571,10,0,5,1,61,,315548,10,0,5,1,21,,315567,10,0,5,2,20,,315572,10,0,5,1,60,,315549,10,0,5,1,20,,315568,10,0,5,2,20,,315573,10,0,5,1,60,,315550,10,0,5,1,20,,315569,10,0,5,2,20,,315574,10,0,5,1,59,,315551,10,0,5,1,20,,315570,10,0,5,2,21,,315575,10,0,5,1,66,,315552,10,0,5,1,31,,315585,10,0,5,1,73,,315553,10,0,5,1,31,,315576,10,0,5,1,70,,315554,10,0,5,1,29,,315577,10,0,5,1,69,,315555,10,0,5,1,29,,315578,10,0,5,1,69,,315556,10,0,5,1,29,,315579,10,0,5,1,69,,315557,10,0,5,1,29,,315580,10,0,5,1,69,,315558,10,0,5,1,28,,315581,10,0,5,1,69,,315559,10,0,5,1,30,,315582,10,0,5,1,70,,315560,10,0,5,1
10301,'H50S200F-80-F2',558,,315633,10,0,5,1,70,,315608,10,0,5,2,30,,315634,10,0,5,1,70,,315609,10,0,5,2,30,,315635,10,0,5,1,70,,315610,10,0,5,2,28,,315636,10,0,5,1,61,,315611,10,0,5,2,22,,315637,10,0,5,1,20,,315592,10,0,5,1,60,,315631,10,0,5,1,21,,315630,10,0,5,2,19,,315593,10,0,5,1,63,,315612,10,0,5,2,20,,315638,10,0,5,1,59,,315594,10,0,5,1,23,,315613,10,0,5,2,21,,315618,10,0,5,1,61,,315595,10,0,5,1,21,,315614,10,0,5,2,20,,315619,10,0,5,1,60,,315596,10,0,5,1,20,,315615,10,0,5,2,20,,315620,10,0,5,1,60,,315597,10,0,5,1,20,,315616,10,0,5,2,20,,315621,10,0,5,1,59,,315598,10,0,5,1,20,,315617,10,0,5,2,21,,315622,10,0,5,1,66,,315599,10,0,5,1,31,,315632,10,0,5,1,73,,315600,10,0,5,1,31,,315623,10,0,5,1,70,,315601,10,0,5,1,29,,315624,10,0,5,1,69,,315602,10,0,5,1,29,,315625,10,0,5,1,69,,315603,10,0,5,1,29,,315626,10,0,5,1,69,,315604,10,0,5,1,29,,315627,10,0,5,1,69,,315605,10,0,5,1,28,,315628,10,0,5,1,69,,315606,10,0,5,1,30,,315629,10,0,5,1,70,,315607,10,0,5,1
10301,'H59S000S-80-S',704,,315639,10,0,5,2,41,,315640,10,0,5,2
