21101,'H50S000S-82-S',802,,343161,20,0,99 137,1
21101,'H56S000A-80-A',623,,343174,25,0,5,2,29,,343196,25,0,5,1,70,,343162,25,0,5,1,30,,343192,25,0,5,2,70,,343167,25,0,5,1,32,,343175,25,0,5,2,70,,343197,25,0,5,1,28,,343178,25,0,5,1,68,,343193,25,0,5,2,31,,343168,25,0,5,1,69,,343176,25,0,5,2,30,,343198,25,0,5,1,71,,343179,25,0,5,1,30,,343194,25,0,5,2,70,,343169,25,0,5,1,23,,343177,25,0,5,2,59,,343199,25,0,5,1,19,,343186,25,0,5,1,20,,343180,25,0,5,1,59,,343195,25,0,5,2,20,,343183,25,0,5,2,20,,343170,25,0,5,1,60,,343200,25,0,5,2,21,,343189,25,0,5,2,28,,343187,25,0,5,1,70,,343181,25,0,5,1,29,,343184,25,0,5,2,67,,343171,25,0,5,1,27,,343190,25,0,5,2,65,,343188,25,0,5,1,26,,343182,25,0,5,1,67,,343185,25,0,5,2,27,,343172,25,0,5,1,28,,343191,25,0,5,2,68,,343165,25,0,5,2,29,,343163,25,0,5,1,70,,343201,25,0,5,2,32,,343173,25,0,5,1,71,,343166,25,0,5,2,31,,343164,25,0,5,1
21101,'H56S000I-80-I',622,,343220,25,0,5,1,33,,343210,25,0,5,1,70,,343207,25,0,5,1,30,,343212,25,0,5,2,70,,343221,25,0,5,1,30,,343211,25,0,5,1,68,,343208,25,0,5,1,29,,343213,25,0,5,2,71,,343222,25,0,5,1,32,,343231,25,0,5,2,69,,343209,25,0,5,1,30,,343214,25,0,5,2,69,,343227,25,0,5,1,29,,343223,25,0,5,1,71,,343232,25,0,5,2,29,,343235,25,0,5,1,70,,343215,25,0,5,2,30,,343228,25,0,5,1,71,,343224,25,0,5,1,28,,343233,25,0,5,2,70,,343236,25,0,5,1,28,,343216,25,0,5,2,68,,343229,25,0,5,1,27,,343225,25,0,5,1,69,,343234,25,0,5,2,24,,343237,25,0,5,1,65,,343217,25,0,5,2,26,,343230,25,0,5,1,28,,343226,25,0,5,1,70,,343238,25,0,5,1,30,,343202,25,0,5,1,69,,343218,25,0,5,2,29,,343204,25,0,5,1,70,,343206,25,0,5,1,30,,343219,25,0,5,2,70,,343203,25,0,5,1,31,,343205,25,0,5,1
21101,'H56S000S-82-S',514,,343302,25,0,5,2,26,,343301,25,0,5,1,64,,343300,25,0,5,2,25,,343290,20,0,99 137,1,12,,343292,25,0,5,1,9,,343260,25,0,5,2,53,,343239,20,0,99 137,1,3,,343278,25,0,5,2,12,,343254,25,0,5,2,13,,343296,20,0,99 137,2,7,,343264,25,0,5,2,10,,343280,25,0,5,2,61,,343243,25,0,5,1,12,,343263,25,0,5,2,16,,343249,20,0,99 137,2,5,,343265,25,0,5,1,10,,343298,25,0,5,1,54,,343262,20,0,99 137,1,6,,343291,25,0,5,1,11,,343261,25,0,5,2,12,,343240,25,0,5,1,15,,343255,25,0,5,2,56,,343297,25,0,5,2,18,,343281,25,0,5,2,20,,343248,25,0,5,1,60,,343250,25,0,5,2,20,,343269,25,0,5,2,22,,343266,25,0,5,1,60,,343256,25,0,5,2,20,,343293,25,0,5,2,20,,343282,25,0,5,2,60,,343287,25,0,5,1,20,,343251,25,0,5,2,22,,343270,25,0,5,2,61,,343267,25,0,5,1,20,,343257,25,0,5,2,20,,343285,25,0,5,1,58,,343283,25,0,5,2,17,,343288,25,0,5,1,21,,343252,25,0,5,2,60,,343272,20,0,99 137,2,13,,343271,25,0,5,2,20,,343268,20,0,99 137,1,11,,343273,25,0,5,2,59,,343258,20,0,99 137,2,12,,343286,25,0,5,1,21,,343244,20,0,99 137,1,12,,343284,25,0,5,2,59,,343276,20,0,99 137,2,11,,343253,25,0,5,2,24,,343274,20,0,99 137,1,60,,343279,25,0,5,1,24,,343259,25,0,5,2,28,,343245,25,0,5,1,69,,343277,25,0,5,2,30,,343275,25,0,5,1,70,,343241,25,0,5,1,30,,343294,25,0,5,2,70,,343246,25,0,5,1,28,,343247,25,0,5,2,68,,343299,25,0,5,2,31,,343242,25,0,5,1,64,,343289,25,0,5,2,24,,343295,25,0,5,2
21101,'H56S100F-80-F1',622,,343321,25,0,5,1,33,,343311,25,0,5,1,70,,343308,25,0,5,1,30,,343313,25,0,5,2,70,,343322,25,0,5,1,30,,343312,25,0,5,1,68,,343309,25,0,5,1,29,,343314,25,0,5,2,71,,343323,25,0,5,1,32,,343332,25,0,5,2,69,,343310,25,0,5,1,30,,343315,25,0,5,2,69,,343328,25,0,5,1,29,,343324,25,0,5,1,71,,343333,25,0,5,2,29,,343336,25,0,5,1,70,,343316,25,0,5,2,30,,343329,25,0,5,1,71,,343325,25,0,5,1,28,,343334,25,0,5,2,70,,343337,25,0,5,1,28,,343317,25,0,5,2,68,,343330,25,0,5,1,27,,343326,25,0,5,1,69,,343335,25,0,5,2,24,,343338,25,0,5,1,65,,343318,25,0,5,2,26,,343331,25,0,5,1,28,,343327,25,0,5,1,70,,343339,25,0,5,1,30,,343303,25,0,5,1,69,,343319,25,0,5,2,29,,343305,25,0,5,1,70,,343307,25,0,5,1,30,,343320,25,0,5,2,70,,343304,25,0,5,1,31,,343306,25,0,5,1
21101,'H56S200F-80-F2',622,,343358,25,0,5,1,33,,343348,25,0,5,1,70,,343345,25,0,5,1,30,,343350,25,0,5,2,70,,343359,25,0,5,1,30,,343349,25,0,5,1,68,,343346,25,0,5,1,29,,343351,25,0,5,2,71,,343360,25,0,5,1,32,,343369,25,0,5,2,69,,343347,25,0,5,1,30,,343352,25,0,5,2,69,,343365,25,0,5,1,29,,343361,25,0,5,1,71,,343370,25,0,5,2,29,,343373,25,0,5,1,70,,343353,25,0,5,2,30,,343366,25,0,5,1,71,,343362,25,0,5,1,28,,343371,25,0,5,2,70,,343374,25,0,5,1,28,,343354,25,0,5,2,68,,343367,25,0,5,1,27,,343363,25,0,5,1,69,,343372,25,0,5,2,24,,343375,25,0,5,1,65,,343355,25,0,5,2,26,,343368,25,0,5,1,28,,343364,25,0,5,1,70,,343376,25,0,5,1,30,,343340,25,0,5,1,69,,343356,25,0,5,2,29,,343342,25,0,5,1,70,,343344,25,0,5,1,30,,343357,25,0,5,2,70,,343341,25,0,5,1,31,,343343,25,0,5,1
22103,'H60S000A-80-A',823,,345034,9,0,8,1,28,,345023,9,0,8,2,70,,345035,9,0,8,1,29,,345024,9,0,8,2,72,,345036,9,0,8,1,32,,345025,9,0,8,2,68,,345037,9,0,8,1,30,,345026,9,0,8,2,71,,345038,9,0,8,1,30,,345027,9,0,8,2,71,,345039,9,0,8,1,30,,345028,9,0,8,2,71,,345040,9,0,8,1,30,,345029,9,0,8,2,71,,345041,9,0,8,1,30,,345030,9,0,8,2,71,,345042,9,0,8,1,30,,345031,9,0,8,2,70,,345043,9,0,8,1,30,,345032,9,0,8,2,70,,345044,9,0,8,1,30,,345033,9,0,8,2
22103,'H60S000I-81-I',802,,345056,9,0,8,1,29,,345045,9,0,8,1,73,,345057,9,0,8,1,30,,345046,9,0,8,1,73,,345058,9,0,8,1,33,,345047,9,0,8,1,70,,345059,9,0,8,1,33,,345048,9,0,8,1,71,,345060,9,0,8,1,30,,345049,9,0,8,1,71,,345061,9,0,8,1,33,,345050,9,0,8,1,71,,345062,9,0,8,1,30,,345051,9,0,8,1,72,,345063,9,0,8,1,32,,345052,9,0,8,1,70,,345064,9,0,8,1,32,,345053,9,0,8,1,72,,345065,9,0,8,1,73,,345054,9,0,8,1,30,,345066,9,0,8,1,70,,345055,9,0,8,1
22103,'H60S000S-83-S',608,,345078,9,0,8,2,15,,345081,9,0,8,1,16,,345079,9,0,8,1,15,,345084,9,0,8,2,55,,345067,9,0,8,1,15,,345082,9,0,8,1,17,,345069,9,0,8,2,14,,345085,9,0,8,2,56,,345068,9,0,8,1,16,,345083,9,0,8,1,18,,345070,9,0,8,2,64,,345086,9,0,8,2,30,,345071,9,0,8,1,72,,345087,9,0,8,2,27,,345072,9,0,8,1,72,,345088,9,0,8,2,32,,345073,9,0,8,1,72,,345089,9,0,8,2,30,,345074,9,0,8,1,72,,345090,9,0,8,2,30,,345075,9,0,8,1,72,,345091,9,0,8,2,31,,345076,9,0,8,1,72,,345092,9,0,8,2,30,,345077,9,0,8,1,50,,345106,9,0,8,2,14,,345098,9,0,8,1,14,,345099,9,0,8,1,14,,345107,9,0,8,1,13,,345093,9,0,8,2,51,,345104,9,0,8,1,15,,345080,9,0,8,2,13,,345100,9,0,8,1,15,,345094,9,0,8,1,56,,345108,9,0,8,1,18,,345105,9,0,8,1,19,,345101,9,0,8,1,68,,345095,9,0,8,1,29,,345102,9,0,8,1,71,,345096,9,0,8,1,33,,345103,9,0,8,1,72,,345097,9,0,8,1
22103,'H60S100F-80-F1',802,,345120,9,0,8,2,29,,345109,9,0,8,1,73,,345121,9,0,8,2,30,,345110,9,0,8,1,73,,345122,9,0,8,2,33,,345111,9,0,8,1,70,,345123,9,0,8,2,33,,345112,9,0,8,1,71,,345124,9,0,8,2,30,,345113,9,0,8,1,71,,345125,9,0,8,2,33,,345114,9,0,8,1,71,,345126,9,0,8,2,30,,345115,9,0,8,1,72,,345127,9,0,8,2,32,,345116,9,0,8,1,70,,345128,9,0,8,2,32,,345117,9,0,8,1,72,,345129,9,0,8,2,73,,345118,9,0,8,1,30,,345130,9,0,8,2,70,,345119,9,0,8,1
22103,'H60S200F-80-F2',802,,345142,9,0,8,2,29,,345131,9,0,8,1,73,,345143,9,0,8,2,30,,345132,9,0,8,1,73,,345144,9,0,8,2,33,,345133,9,0,8,1,70,,345145,9,0,8,2,33,,345134,9,0,8,1,71,,345146,9,0,8,2,30,,345135,9,0,8,1,71,,345147,9,0,8,2,33,,345136,9,0,8,1,71,,345148,9,0,8,2,30,,345137,9,0,8,1,72,,345149,9,0,8,2,32,,345138,9,0,8,1,70,,345150,9,0,8,2,32,,345139,9,0,8,1,72,,345151,9,0,8,2,73,,345140,9,0,8,1,30,,345152,9,0,8,2,70,,345141,9,0,8,1
