12101,'H58S000A-80-A',534,,321010,44,0,5,1,69,,321006,44,0,5,1,30,,321013,44,0,5,1,75,,321011,44,0,5,1,30,,321007,44,0,5,1,75,,321019,44,0,5,1,31,,321014,44,0,5,1,70,,321012,44,0,5,1,29,,321008,44,0,5,1,63,,321020,44,0,5,1,27,,321049,44,0,5,1,21,,321015,44,0,5,1,60,,321033,44,0,5,1,20,,321041,44,0,5,1,17,,321009,44,0,5,1,55,,321021,44,0,5,1,15,,321029,44,0,5,1,16,,321050,44,0,5,1,15,,321025,44,0,5,1,54,,321016,44,0,5,1,14,,321063,44,0,5,1,12,,321034,44,0,5,1,12,,321042,44,0,5,1,12,,321057,44,0,5,1,53,,321022,44,0,5,1,15,,321030,44,0,5,1,15,,321066,44,0,5,1,12,,321051,44,0,5,1,52,,321026,44,0,5,1,13,,321017,44,0,5,1,12,,321064,44,0,5,1,12,,321035,44,0,5,1,13,,321043,44,0,5,1,52,,321058,44,0,5,1,11,,321023,44,0,5,1,11,,321069,44,0,5,1,11,,321031,44,0,5,1,12,,321067,44,0,5,1,52,,321052,44,0,5,1,11,,321027,44,0,5,1,12,,321018,44,0,5,1,12,,321065,44,0,5,1,13,,321036,44,0,5,1,52,,321044,44,0,5,1,12,,321032,44,0,5,1,12,,321059,44,0,5,1,12,,321024,44,0,5,1,13,,321068,44,0,5,1,55,,321053,44,0,5,1,17,,321028,44,0,5,1,21,,321037,44,0,5,1,64,,321045,44,0,5,1,26,,321060,44,0,5,1,69,,321054,44,0,5,1,29,,321038,44,0,5,1,70,,321046,44,0,5,1,30,,321061,44,0,5,1,71,,321055,44,0,5,1,30,,321039,44,0,5,1,26,,321047,44,0,5,1,69,,321062,44,0,5,1,30,,321056,44,0,5,1,70,,321040,44,0,5,1,73,,321048,44,0,5,1
12101,'H58S000I-80-I',532,,321077,44,0,5,1,75,,321070,44,0,5,1,30,,321088,44,0,5,1,71,,321078,44,0,5,1,32,,321071,44,0,5,1,73,,321089,44,0,5,1,30,,321079,44,0,5,1,72,,321095,44,0,5,1,28,,321072,44,0,5,1,64,,321090,44,0,5,1,24,,321113,44,0,5,1,21,,321080,44,0,5,1,59,,321104,44,0,5,1,19,,321096,44,0,5,1,19,,321073,44,0,5,1,58,,321091,44,0,5,1,17,,321117,44,0,5,1,17,,321114,44,0,5,1,17,,321081,44,0,5,1,58,,321105,44,0,5,1,19,,321097,44,0,5,1,16,,321074,44,0,5,1,55,,321092,44,0,5,1,16,,321106,44,0,5,1,20,,321118,44,0,5,1,60,,321082,44,0,5,1,20,,321120,44,0,5,1,18,,321098,44,0,5,1,17,,321075,44,0,5,1,54,,321093,44,0,5,1,15,,321107,44,0,5,1,15,,321115,44,0,5,1,15,,321119,44,0,5,1,57,,321083,44,0,5,1,16,,321121,44,0,5,1,16,,321099,44,0,5,1,56,,321076,44,0,5,1,16,,321094,44,0,5,1,14,,321108,44,0,5,1,14,,321116,44,0,5,1,59,,321084,44,0,5,1,24,,321122,44,0,5,1,28,,321100,44,0,5,1,70,,321109,44,0,5,1,29,,321085,44,0,5,1,70,,321123,44,0,5,1,31,,321101,44,0,5,1,68,,321110,44,0,5,1,29,,321086,44,0,5,1,71,,321124,44,0,5,1,29,,321102,44,0,5,1,71,,321111,44,0,5,1,28,,321087,44,0,5,1,69,,321103,44,0,5,1,32,,321112,44,0,5,1
12101,'H58S000S-83-S',536,,321138,44,0,5,1,65,,321155,44,0,5,1,32,,321132,44,0,5,1,11,,321140,44,0,5,1,10,,321150,44,0,5,1,51,,321166,44,0,5,1,12,,321174,44,0,5,1,10,,321175,44,0,5,1,9,,321139,44,0,5,1,6,,321125,44,0,5,1,7,,321181,44,0,5,1,7,,321156,44,0,5,1,45,,321182,44,0,5,1,6,,321201,44,0,5,1,6,,321183,44,0,5,1,7,,321190,44,0,5,1,8,,321196,44,0,5,1,10,,321133,44,0,5,1,11,,321141,44,0,5,1,10,,321151,44,0,5,1,48,,321202,44,0,5,1,9,,321167,44,0,5,1,9,,321203,44,0,5,1,11,,321176,44,0,5,1,11,,321126,44,0,5,1,11,,321157,44,0,5,1,51,,321184,44,0,5,1,11,,321191,44,0,5,1,11,,321197,44,0,5,1,11,,321134,44,0,5,1,11,,321142,44,0,5,1,52,,321152,44,0,5,1,11,,321168,44,0,5,1,12,,321204,44,0,5,1,12,,321177,44,0,5,1,12,,321127,44,0,5,1,53,,321158,44,0,5,1,13,,321185,44,0,5,1,12,,321192,44,0,5,1,12,,321198,44,0,5,1,13,,321135,44,0,5,1,52,,321143,44,0,5,1,12,,321153,44,0,5,1,12,,321169,44,0,5,1,12,,321178,44,0,5,1,12,,321128,44,0,5,1,53,,321159,44,0,5,1,12,,321186,44,0,5,1,12,,321193,44,0,5,1,12,,321199,44,0,5,1,13,,321136,44,0,5,1,54,,321205,44,0,5,1,12,,321144,44,0,5,1,14,,321154,44,0,5,1,13,,321170,44,0,5,1,52,,321179,44,0,5,1,6,,321129,44,0,5,1,9,,321160,44,0,5,1,9,,321222,44,0,5,1,8,,321187,44,0,5,1,7,,321194,44,0,5,1,7,,321213,44,0,5,1,7,,321200,44,0,5,1,47,,321215,44,0,5,1,7,,321211,44,0,5,1,6,,321216,44,0,5,1,7,,321137,44,0,5,1,7,,321206,44,0,5,1,6,,321225,44,0,5,1,7,,321145,44,0,5,1,7,,321224,44,0,5,1,6,,321220,44,0,5,1,47,,321195,44,0,5,1,6,,321171,44,0,5,1,5,,321180,44,0,5,1,6,,321130,44,0,5,1,8,,321161,44,0,5,1,8,,321223,44,0,5,1,10,,321188,44,0,5,1,12,,321214,44,0,5,1,52,,321212,44,0,5,1,11,,321217,44,0,5,1,12,,321207,44,0,5,1,12,,321146,44,0,5,1,12,,321221,44,0,5,1,50,,321172,44,0,5,1,10,,321131,44,0,5,1,12,,321162,44,0,5,1,11,,321189,44,0,5,1,64,,321218,44,0,5,1,24,,321208,44,0,5,1,24,,321147,44,0,5,1,63,,321173,37,0,5,1,7,,321163,44,0,5,1,30,,321219,44,0,5,1,68,,321209,44,0,5,1,31,,321148,44,0,5,1,72,,321164,44,0,5,1,27,,321210,44,0,5,1,72,,321149,44,0,5,1,32,,321165,44,0,5,1
12101,'H58S100F-80-F1',532,,321233,44,0,5,1,75,,321226,44,0,5,1,30,,321240,44,0,5,1,71,,321234,44,0,5,1,32,,321227,44,0,5,1,73,,321241,44,0,5,1,30,,321235,44,0,5,1,72,,321254,44,0,5,1,28,,321228,44,0,5,1,64,,321242,44,0,5,1,24,,321267,44,0,5,1,21,,321236,44,0,5,1,59,,321263,44,0,5,1,19,,321255,44,0,5,1,19,,321229,44,0,5,1,58,,321243,44,0,5,1,17,,321273,44,0,5,1,17,,321268,44,0,5,1,17,,321237,44,0,5,1,58,,321264,44,0,5,1,19,,321256,44,0,5,1,16,,321230,44,0,5,1,55,,321251,44,0,5,1,16,,321244,44,0,5,1,20,,321274,44,0,5,1,60,,321238,44,0,5,1,20,,321276,44,0,5,1,18,,321257,44,0,5,1,17,,321231,44,0,5,1,54,,321252,44,0,5,1,15,,321245,44,0,5,1,15,,321265,44,0,5,1,15,,321275,44,0,5,1,57,,321239,44,0,5,1,16,,321277,44,0,5,1,16,,321258,44,0,5,1,56,,321232,44,0,5,1,16,,321253,44,0,5,1,14,,321246,44,0,5,1,14,,321266,44,0,5,1,59,,321269,44,0,5,1,24,,321278,44,0,5,1,28,,321259,44,0,5,1,70,,321247,44,0,5,1,29,,321270,44,0,5,1,70,,321279,44,0,5,1,31,,321260,44,0,5,1,68,,321248,44,0,5,1,29,,321271,44,0,5,1,71,,321280,44,0,5,1,29,,321261,44,0,5,1,71,,321249,44,0,5,1,28,,321272,44,0,5,1,69,,321262,44,0,5,1,32,,321250,44,0,5,1
12101,'H58S200F-80-F2',532,,321293,44,0,5,1,75,,321286,44,0,5,1,30,,321300,44,0,5,1,71,,321294,44,0,5,1,32,,321287,44,0,5,1,73,,321301,44,0,5,1,30,,321295,44,0,5,1,72,,321311,44,0,5,1,28,,321288,44,0,5,1,64,,321302,44,0,5,1,24,,321322,44,0,5,1,21,,321296,44,0,5,1,59,,321320,44,0,5,1,19,,321312,44,0,5,1,19,,321289,44,0,5,1,58,,321303,44,0,5,1,17,,321328,44,0,5,1,17,,321323,44,0,5,1,17,,321297,44,0,5,1,58,,321321,44,0,5,1,19,,321313,44,0,5,1,16,,321290,44,0,5,1,55,,321281,44,0,5,1,16,,321304,44,0,5,1,20,,321329,44,0,5,1,60,,321298,44,0,5,1,20,,321331,44,0,5,1,18,,321314,44,0,5,1,17,,321291,44,0,5,1,54,,321282,44,0,5,1,15,,321305,44,0,5,1,15,,321284,44,0,5,1,15,,321330,44,0,5,1,57,,321299,44,0,5,1,16,,321332,44,0,5,1,16,,321315,44,0,5,1,56,,321292,44,0,5,1,16,,321283,44,0,5,1,14,,321306,44,0,5,1,14,,321285,44,0,5,1,59,,321324,44,0,5,1,24,,321333,44,0,5,1,28,,321316,44,0,5,1,70,,321307,44,0,5,1,29,,321325,44,0,5,1,70,,321334,44,0,5,1,31,,321317,44,0,5,1,68,,321308,44,0,5,1,29,,321326,44,0,5,1,71,,321335,44,0,5,1,29,,321318,44,0,5,1,71,,321309,44,0,5,1,28,,321327,44,0,5,1,69,,321319,44,0,5,1,32,,321310,44,0,5,1
37801,'H60S000A-80-A',2611,,347259,61,0,5,1,48,,347256,61,0,5,1,93,,347257,61,0,5,1,92,,347258,61,0,5,1
37801,'H60S000I-81-I',2610,,347261,61,0,5,1,90,,347263,61,0,5,1,51,,347260,61,0,5,1,93,,347262,61,0,5,1
37801,'H60S000S-83-S',2608,,347266,61,0,5,1,51,,347264,61,0,5,1,96,,347267,61,0,5,1,93,,347265,61,0,5,1
37801,'H60S100F-80-F1',2610,,347268,61,0,5,1,90,,347271,61,0,5,1,51,,347270,61,0,5,1,93,,347269,61,0,5,1
37801,'H60S200F-80-F2',2610,,347272,61,0,5,1,90,,347275,61,0,5,1,51,,347274,61,0,5,1,93,,347273,61,0,5,1
