6704,'H58S000A-80-A',544,,306354,32,0,9,1,67,,306373,32,0,9,1,25,,306379,32,0,9,1,19,,306388,32,0,9,1,60,,306355,32,0,9,1,16,,306397,32,0,9,1,15,,306374,32,0,9,1,54,,306398,32,0,9,1,12,,306380,32,0,9,1,11,,306400,32,0,9,1,12,,306356,32,0,9,1,14,,306389,32,0,9,1,51,,306401,32,0,9,1,10,,306402,32,0,9,1,10,,306375,32,0,9,1,10,,306407,32,0,9,1,10,,306399,32,0,9,1,11,,306412,32,0,9,1,49,,306381,32,0,9,1,9,,306368,32,0,9,1,10,,306357,32,0,9,1,10,,306419,32,0,9,1,11,,306390,32,0,9,1,12,,306376,32,0,9,1,50,,306403,32,0,9,1,10,,306428,32,0,9,1,10,,306408,32,0,9,1,10,,306382,32,0,9,1,10,,306413,32,0,9,1,10,,306369,32,0,9,1,50,,306420,32,0,9,1,10,,306358,32,0,9,1,9,,306429,32,0,9,1,8,,306391,32,0,9,1,9,,306377,32,0,9,1,9,,306365,32,0,9,1,10,,306404,32,0,9,1,50,,306409,32,0,9,1,9,,306432,32,0,9,1,9,,306383,32,0,9,1,9,,306414,32,0,9,1,9,,306370,32,0,9,1,9,,306430,32,0,9,1,50,,306421,32,0,9,1,9,,306359,32,0,9,1,9,,306392,32,0,9,1,9,,306378,32,0,9,1,9,,306366,32,0,9,1,9,,306405,32,0,9,1,9,,306410,32,0,9,1,50,,306433,32,0,9,1,10,,306384,32,0,9,1,10,,306415,32,0,9,1,8,,306371,32,0,9,1,10,,306431,32,0,9,1,10,,306422,32,0,9,1,51,,306360,32,0,9,1,10,,306393,32,0,9,1,11,,306367,32,0,9,1,11,,306406,32,0,9,1,11,,306411,32,0,9,1,53,,306434,32,0,9,1,14,,306416,32,0,9,1,13,,306372,32,0,9,1,13,,306440,32,0,9,1,14,,306423,32,0,9,1,54,,306394,32,0,9,1,14,,306439,32,0,9,1,14,,306385,32,0,9,1,14,,306435,32,0,9,1,54,,306417,32,0,9,1,15,,306361,32,0,9,1,19,,306424,32,0,9,1,18,,306395,32,0,9,1,59,,306386,32,0,9,1,19,,306436,32,0,9,1,22,,306418,32,0,9,1,62,,306425,32,0,9,1,23,,306396,32,0,9,1,68,,306387,32,0,9,1,26,,306362,32,0,9,1,67,,306426,32,0,9,1,31,,306437,32,0,9,1,73,,306363,32,0,9,1,29,,306427,32,0,9,1,67,,306438,32,0,9,1,29,,306364,32,0,9,1
6704,'H58S000I-80-I',543,,306441,32,0,9,1,71,,306448,32,0,9,1,32,,306459,32,0,9,1,66,,306442,32,0,9,1,20,,306464,32,0,9,1,19,,306449,32,0,9,1,58,,306460,32,0,9,1,17,,306470,32,0,9,1,16,,306443,32,0,9,1,15,,306471,32,0,9,1,55,,306450,32,0,9,1,13,,306465,32,0,9,1,12,,306473,32,0,9,1,12,,306461,32,0,9,1,51,,306479,32,0,9,1,10,,306489,32,0,9,1,10,,306444,32,0,9,1,10,,306493,32,0,9,1,10,,306472,32,0,9,1,10,,306466,32,0,9,1,50,,306451,32,0,9,1,11,,306496,32,0,9,1,11,,306474,32,0,9,1,11,,306462,32,0,9,1,12,,306490,32,0,9,1,10,,306480,32,0,9,1,50,,306445,32,0,9,1,11,,306494,32,0,9,1,12,,306452,32,0,9,1,11,,306467,32,0,9,1,11,,306497,32,0,9,1,50,,306501,32,0,9,1,10,,306475,32,0,9,1,10,,306504,32,0,9,1,9,,306463,32,0,9,1,8,,306446,32,0,9,1,8,,306481,32,0,9,1,8,,306511,32,0,9,1,48,,306495,32,0,9,1,9,,306453,32,0,9,1,9,,306515,32,0,9,1,9,,306468,32,0,9,1,10,,306498,32,0,9,1,10,,306502,32,0,9,1,10,,306476,32,0,9,1,49,,306491,32,0,9,1,8,,306505,32,0,9,1,8,,306447,32,0,9,1,10,,306482,32,0,9,1,10,,306512,32,0,9,1,10,,306454,32,0,9,1,49,,306516,32,0,9,1,11,,306469,32,0,9,1,13,,306499,32,0,9,1,15,,306503,32,0,9,1,16,,306492,32,0,9,1,55,,306506,32,0,9,1,14,,306483,32,0,9,1,15,,306513,32,0,9,1,18,,306517,32,0,9,1,58,,306477,32,0,9,1,18,,306518,32,0,9,1,20,,306507,32,0,9,1,60,,306484,32,0,9,1,19,,306500,32,0,9,1,69,,306478,32,0,9,1,30,,306455,32,0,9,1,70,,306485,32,0,9,1,29,,306514,32,0,9,1,69,,306508,32,0,9,1,30,,306456,32,0,9,1,69,,306486,32,0,9,1,31,,306509,32,0,9,1,26,,306457,32,0,9,1,69,,306487,32,0,9,1,29,,306510,32,0,9,1,67,,306458,32,0,9,1,29,,306488,32,0,9,1
6704,'H58S000S-83-S',510,,306519,32,0,9,1,8,,306520,32,0,9,1,8,,306528,32,0,9,1,10,,306543,32,0,9,1,11,,306550,32,0,9,1,10,,306556,32,0,9,1,51,,306566,32,0,9,1,11,,306573,32,0,9,1,11,,306535,32,0,9,1,10,,306529,32,0,9,1,13,,306521,32,0,9,1,51,,306585,32,0,9,1,12,,306587,32,0,9,1,12,,306544,32,0,9,1,7,,306592,32,0,9,1,6,,306551,32,0,9,1,8,,306593,32,0,9,1,9,,306557,32,0,9,1,49,,306595,32,0,9,1,9,,306567,32,0,9,1,8,,306574,32,0,9,1,8,,306536,32,0,9,1,7,,306530,32,0,9,1,6,,306581,32,0,9,1,6,,306522,32,0,9,1,5,,306586,32,0,9,1,45,,306594,32,0,9,1,7,,306588,32,0,9,1,9,,306596,32,0,9,1,10,,306545,32,0,9,1,10,,306552,32,0,9,1,9,,306580,32,0,9,1,9,,306558,32,0,9,1,51,,306568,32,0,9,1,11,,306537,32,0,9,1,12,,306531,32,0,9,1,11,,306523,32,0,9,1,12,,306589,32,0,9,1,52,,306597,32,0,9,1,12,,306546,32,0,9,1,12,,306553,32,0,9,1,12,,306559,32,0,9,1,12,,306569,32,0,9,1,52,,306538,32,0,9,1,12,,306532,32,0,9,1,12,,306524,32,0,9,1,13,,306590,32,0,9,1,12,,306598,32,0,9,1,52,,306547,32,0,9,1,12,,306554,32,0,9,1,12,,306560,32,0,9,1,12,,306570,32,0,9,1,12,,306539,32,0,9,1,52,,306533,32,0,9,1,9,,306602,32,0,9,1,10,,306525,32,0,9,1,9,,306591,32,0,9,1,11,,306575,32,0,9,1,11,,306599,32,0,9,1,50,,306608,32,0,9,1,8,,306548,32,0,9,1,9,,306555,32,0,9,1,8,,306561,32,0,9,1,10,,306621,32,0,9,1,8,,306571,32,0,9,1,8,,306540,32,0,9,1,50,,306534,32,0,9,1,9,,306603,32,0,9,1,8,,306614,32,0,9,1,9,,306526,32,0,9,1,8,,306619,32,0,9,1,8,,306576,32,0,9,1,7,,306620,32,0,9,1,48,,306600,32,0,9,1,8,,306609,32,0,9,1,10,,306549,32,0,9,1,12,,306562,32,0,9,1,11,,306622,32,0,9,1,9,,306572,32,0,9,1,49,,306541,32,0,9,1,9,,306604,32,0,9,1,10,,306617,32,0,9,1,8,,306615,32,0,9,1,11,,306527,32,0,9,1,12,,306577,32,0,9,1,52,,306601,32,0,9,1,11,,306610,32,0,9,1,12,,306563,32,0,9,1,12,,306623,32,0,9,1,11,,306542,32,0,9,1,50,,306605,32,0,9,1,12,,306618,32,0,9,1,12,,306616,32,0,9,1,17,,306578,32,0,9,1,18,,306611,32,0,9,1,65,,306564,32,0,9,1,30,,306606,32,0,9,1,71,,306579,32,0,9,1,30,,306582,32,0,9,1,70,,306565,32,0,9,1,32,,306612,32,0,9,1,69,,306583,32,0,9,1,30,,306607,32,0,9,1,68,,306613,32,0,9,1,30,,306584,32,0,9,1
6704,'H58S100F-80-F1',543,,306624,32,0,9,1,71,,306631,32,0,9,1,32,,306638,32,0,9,1,66,,306625,32,0,9,1,20,,306646,32,0,9,1,19,,306632,32,0,9,1,58,,306639,32,0,9,1,17,,306652,32,0,9,1,16,,306626,32,0,9,1,15,,306653,32,0,9,1,55,,306633,32,0,9,1,13,,306647,32,0,9,1,12,,306657,32,0,9,1,12,,306640,32,0,9,1,51,,306663,32,0,9,1,10,,306673,32,0,9,1,10,,306627,32,0,9,1,10,,306678,32,0,9,1,10,,306654,32,0,9,1,10,,306648,32,0,9,1,50,,306634,32,0,9,1,11,,306682,32,0,9,1,11,,306658,32,0,9,1,11,,306641,32,0,9,1,12,,306674,32,0,9,1,10,,306664,32,0,9,1,50,,306628,32,0,9,1,11,,306655,32,0,9,1,12,,306679,32,0,9,1,11,,306649,32,0,9,1,11,,306683,32,0,9,1,50,,306635,32,0,9,1,10,,306659,32,0,9,1,10,,306687,32,0,9,1,9,,306675,32,0,9,1,8,,306629,32,0,9,1,8,,306665,32,0,9,1,8,,306694,32,0,9,1,48,,306656,32,0,9,1,9,,306680,32,0,9,1,9,,306698,32,0,9,1,9,,306650,32,0,9,1,10,,306684,32,0,9,1,10,,306636,32,0,9,1,10,,306660,32,0,9,1,49,,306676,32,0,9,1,8,,306688,32,0,9,1,8,,306630,32,0,9,1,10,,306666,32,0,9,1,10,,306695,32,0,9,1,10,,306681,32,0,9,1,49,,306699,32,0,9,1,11,,306651,32,0,9,1,13,,306685,32,0,9,1,15,,306637,32,0,9,1,16,,306677,32,0,9,1,55,,306689,32,0,9,1,14,,306667,32,0,9,1,15,,306696,32,0,9,1,18,,306700,32,0,9,1,58,,306661,32,0,9,1,18,,306701,32,0,9,1,20,,306690,32,0,9,1,60,,306668,32,0,9,1,19,,306686,32,0,9,1,69,,306662,32,0,9,1,30,,306642,32,0,9,1,70,,306669,32,0,9,1,29,,306697,32,0,9,1,69,,306691,32,0,9,1,30,,306643,32,0,9,1,69,,306670,32,0,9,1,31,,306692,32,0,9,1,26,,306644,32,0,9,1,69,,306671,32,0,9,1,29,,306693,32,0,9,1,67,,306645,32,0,9,1,29,,306672,32,0,9,1
6704,'H58S200F-80-F2',543,,306702,32,0,9,1,71,,306709,32,0,9,1,32,,306716,32,0,9,1,66,,306703,32,0,9,1,20,,306724,32,0,9,1,19,,306710,32,0,9,1,58,,306717,32,0,9,1,17,,306771,32,0,9,1,16,,306704,32,0,9,1,15,,306730,32,0,9,1,55,,306711,32,0,9,1,13,,306725,32,0,9,1,12,,306734,32,0,9,1,12,,306718,32,0,9,1,51,,306740,32,0,9,1,10,,306750,32,0,9,1,10,,306705,32,0,9,1,10,,306774,32,0,9,1,10,,306731,32,0,9,1,10,,306726,32,0,9,1,50,,306712,32,0,9,1,11,,306753,32,0,9,1,11,,306735,32,0,9,1,11,,306719,32,0,9,1,12,,306751,32,0,9,1,10,,306741,32,0,9,1,50,,306706,32,0,9,1,11,,306732,32,0,9,1,12,,306775,32,0,9,1,11,,306727,32,0,9,1,11,,306754,32,0,9,1,50,,306713,32,0,9,1,10,,306736,32,0,9,1,10,,306758,32,0,9,1,9,,306752,32,0,9,1,8,,306707,32,0,9,1,8,,306742,32,0,9,1,8,,306765,32,0,9,1,48,,306733,32,0,9,1,9,,306776,32,0,9,1,9,,306768,32,0,9,1,9,,306728,32,0,9,1,10,,306755,32,0,9,1,10,,306714,32,0,9,1,10,,306737,32,0,9,1,49,,306772,32,0,9,1,8,,306759,32,0,9,1,8,,306708,32,0,9,1,10,,306743,32,0,9,1,10,,306766,32,0,9,1,10,,306777,32,0,9,1,49,,306769,32,0,9,1,11,,306729,32,0,9,1,13,,306756,32,0,9,1,15,,306715,32,0,9,1,16,,306773,32,0,9,1,55,,306760,32,0,9,1,14,,306744,32,0,9,1,15,,306767,32,0,9,1,18,,306770,32,0,9,1,58,,306738,32,0,9,1,18,,306779,32,0,9,1,20,,306761,32,0,9,1,60,,306745,32,0,9,1,19,,306757,32,0,9,1,69,,306739,32,0,9,1,30,,306720,32,0,9,1,70,,306746,32,0,9,1,29,,306778,32,0,9,1,69,,306762,32,0,9,1,30,,306721,32,0,9,1,69,,306747,32,0,9,1,31,,306763,32,0,9,1,26,,306722,32,0,9,1,69,,306748,32,0,9,1,29,,306764,32,0,9,1,67,,306723,32,0,9,1,29,,306749,32,0,9,1
35704,'H59S000A-80-A',2607,,346282,31,0,9,2,45,,346280,31,0,9,1,84,,346283,31,0,9,2,85,,346281,31,0,9,1,86,,346284,31,0,9,2
35704,'H59S000I-81-I',2518,,346285,31,0,9,1,85,,346288,31,0,9,2,45,,346286,31,0,9,1,84,,346289,31,0,9,2,87,,346287,31,0,9,1,85,,346290,31,0,9,2
35704,'H59S000S-80-S',2520,,346294,31,0,9,2,85,,346291,31,0,9,1,44,,346295,31,0,9,2,85,,346292,31,0,9,1,87,,346296,31,0,9,2,85,,346293,31,0,9,1
35704,'H59S100F-80-F1',2518,,346297,31,0,9,1,85,,346300,31,0,9,2,45,,346298,31,0,9,1,84,,346301,31,0,9,2,87,,346299,31,0,9,1,85,,346302,31,0,9,2
35704,'H59S200F-80-F2',2518,,346303,31,0,9,1,85,,346306,31,0,9,2,45,,346304,31,0,9,1,84,,346307,31,0,9,2,87,,346305,31,0,9,1,85,,346308,31,0,9,2
46704,'H58S000S-83-S',629,,349479,14,0,9,1,27,,349481,14,0,9,1,58,,349482,14,0,9,1,11,,349483,14,0,9,1,13,,349492,14,0,9,1,9,,349493,14,0,9,1,11,,349480,14,0,9,1,48,,349500,14,0,9,1,9,,349501,14,0,9,1,17,,349491,14,0,9,1,25,,349484,14,0,9,1,67,,349494,14,0,9,1,30,,349476,14,0,9,1,69,,349485,14,0,9,1,31,,349495,14,0,9,1,70,,349477,14,0,9,1,30,,349486,14,0,9,1,71,,349496,14,0,9,1,30,,349478,14,0,9,1,70,,349487,14,0,9,1,30,,349497,14,0,9,1,68,,349502,14,0,9,1,32,,349488,14,0,9,1,71,,349498,14,0,9,1,32,,349503,14,0,9,1,73,,349489,14,0,9,1,69,,349499,14,0,9,1,29,,349504,14,0,9,1,28,,349505,14,0,9,1,71,,349490,14,0,9,1
