19701,'H50S000S-82-S',1634,,338553,21,0,5,2
19701,'H51S000A-80-A',514,,338554,21,0,5,1,29,,338563,21,0,5,1,72,,338555,21,0,5,2,33,,338564,21,0,5,1,74,,338556,21,0,5,2,29,,338572,21,0,5,1,69,,338565,21,0,5,1,31,,338557,21,0,5,2,69,,338573,21,0,99 51,1,30,,338566,21,0,99 51,1,70,,338558,21,0,99 51,2,30,,338574,21,0,99 51,1,72,,338578,21,0,99 51,2,31,,338559,21,0,99 51,2,70,,338575,21,0,99 51,1,31,,338579,21,0,99 51,2,69,,338560,21,0,99 51,2,28,,338576,21,0,99 51,1,68,,338586,21,0,99 51,2,25,,338584,21,0,99 51,2,60,,338561,21,0,99 51,2,20,,338577,21,0,99 51,1,20,,338580,21,0,99 51,2,58,,338587,21,0,99 51,2,17,,338585,21,0,99 51,2,16,,338594,21,0,99 51,1,14,,338562,21,0,5,2,56,,338582,21,0,5,2,15,,338581,21,0,5,2,15,,338589,21,0,5,2,15,,338588,21,0,5,2,55,,338595,21,0,5,1,18,,338567,21,0,5,1,18,,338583,21,0,5,2,60,,338590,21,0,5,2,24,,338596,21,0,5,1,25,,338568,21,0,5,1,66,,338591,21,0,5,2,26,,338597,21,0,5,1,64,,338569,21,0,5,1,26,,338592,21,0,5,2,26,,338598,21,0,5,1,66,,338570,21,0,5,1,28,,338593,21,0,5,2,68,,338601,21,0,5,2,29,,338599,21,0,5,1,71,,338571,21,0,5,1,33,,338602,21,0,5,2,72,,338600,21,0,5,1,33,,338603,21,0,5,2
19701,'H51S000I-80-I',513,,338616,21,0,5,1,30,,338604,21,0,5,1,72,,338617,21,0,5,1,32,,338605,21,0,5,1,72,,338618,21,0,5,1,32,,338606,21,0,5,1,69,,338619,21,0,5,2,30,,338626,21,0,5,2,70,,338607,21,0,99 51,1,30,,338620,21,0,99 51,2,70,,338627,21,0,99 51,2,30,,338608,21,0,99 51,1,69,,338621,21,0,99 51,2,31,,338628,21,0,99 51,2,70,,338609,21,0,99 51,1,30,,338622,21,0,99 51,2,72,,338629,21,0,99 51,2,34,,338610,21,0,99 51,1,70,,338623,21,0,99 51,2,28,,338630,21,0,99 51,2,68,,338611,21,0,99 51,1,30,,338624,21,0,99 51,2,68,,338631,21,0,99 51,2,26,,338612,21,0,99 51,1,59,,338640,21,0,5,1,20,,338625,21,0,5,2,19,,338632,21,0,5,2,60,,338636,21,0,5,2,19,,338613,21,0,5,1,20,,338641,21,0,5,1,63,,338633,21,0,5,2,27,,338637,21,0,5,2,68,,338642,21,0,5,1,28,,338634,21,0,5,2,28,,338638,21,0,5,2,67,,338643,21,0,5,1,28,,338635,21,0,5,2,68,,338645,21,0,5,2,32,,338639,21,0,5,2,72,,338644,21,0,5,1,32,,338646,21,0,5,2,71,,338614,21,0,5,1,31,,338647,21,0,5,2,70,,338615,21,0,5,1
19701,'H51S000S-81-S',510,,338650,21,0,5,1,32,,338648,21,0,5,2,72,,338651,21,0,5,1,31,,338655,21,0,5,2,61,,338649,21,0,5,2,15,,338677,21,0,99 51,2,10,,338663,21,0,99 51,2,10,,338664,21,0,99 51,2,13,,338652,21,0,99 51,1,54,,338665,21,0,99 51,2,21,,338687,21,0,99 51,2,71,,338678,21,0,99 51,2,30,,338653,21,0,99 51,1,29,,338666,21,0,99 51,2,70,,338672,21,0,99 51,1,30,,338679,21,0,99 51,2,72,,338667,21,0,99 51,2,27,,338682,21,0,99 51,2,67,,338673,21,0,99 51,1,27,,338689,21,0,99 51,1,67,,338668,21,0,99 51,2,27,,338683,21,0,99 51,2,66,,338674,21,0,99 51,1,24,,338690,21,0,99 51,1,17,,338669,21,0,99 51,2,64,,338680,21,0,99 51,2,11,,338702,21,0,99 51,2,9,,338684,21,0,99 51,2,8,,338707,21,0,99 51,2,9,,338654,21,0,5,2,49,,338675,21,0,5,1,9,,338709,21,0,5,2,8,,338691,21,0,5,1,6,,338705,21,0,5,2,16,,338670,21,0,5,2,58,,338681,21,0,5,2,7,,338703,21,0,5,2,15,,338685,21,0,5,2,8,,338657,21,0,5,1,16,,338676,21,0,5,1,7,,338686,21,0,5,2,47,,338708,21,0,5,2,6,,338692,21,0,5,1,7,,338711,21,0,5,2,7,,338671,21,0,5,2,8,,338710,21,0,5,2,7,,338697,21,0,5,2,8,,338704,21,0,5,2,9,,338688,21,0,5,2,50,,338658,21,0,5,1,30,,338693,21,0,5,1,23,,338698,21,0,5,2,65,,338659,21,0,5,1,30,,338694,21,0,5,1,70,,338699,21,0,5,2,30,,338660,21,0,5,1,70,,338695,21,0,5,1,30,,338700,21,0,5,2,69,,338661,21,0,5,1,30,,338696,21,0,5,1,62,,338701,21,0,5,2,22,,338706,21,0,5,1,67,,338662,21,0,5,1,28,,338656,21,0,5,1
19701,'H51S100F-80-F1',513,,338714,21,0,5,1,30,,338727,21,0,5,1,72,,338715,21,0,5,1,32,,338728,21,0,5,1,72,,338716,21,0,5,1,32,,338729,21,0,5,1,69,,338720,21,0,5,2,30,,338717,21,0,5,2,70,,338730,21,0,99 51,1,30,,338721,21,0,99 51,2,70,,338718,21,0,99 51,2,30,,338731,21,0,99 51,1,69,,338722,21,0,99 51,2,31,,338719,21,0,99 51,2,70,,338732,21,0,99 51,1,30,,338723,21,0,99 51,2,72,,338737,21,0,99 51,2,34,,338733,21,0,99 51,1,70,,338724,21,0,99 51,2,28,,338738,21,0,99 51,2,68,,338734,21,0,99 51,1,30,,338725,21,0,99 51,2,68,,338739,21,0,99 51,2,26,,338735,21,0,99 51,1,59,,338748,21,0,5,1,20,,338726,21,0,5,2,19,,338740,21,0,5,2,60,,338744,21,0,5,2,19,,338736,21,0,5,1,20,,338749,21,0,5,1,63,,338741,21,0,5,2,27,,338745,21,0,5,2,68,,338750,21,0,5,1,28,,338742,21,0,5,2,28,,338746,21,0,5,2,67,,338751,21,0,5,1,28,,338743,21,0,5,2,68,,338753,21,0,5,2,32,,338747,21,0,5,2,72,,338752,21,0,5,1,32,,338754,21,0,5,2,71,,338712,21,0,5,1,31,,338755,21,0,5,2,70,,338713,21,0,5,1
19701,'H51S200F-80-F2',513,,338758,21,0,5,1,30,,338771,21,0,5,1,72,,338759,21,0,5,1,32,,338772,21,0,5,1,72,,338760,21,0,5,1,32,,338773,21,0,5,1,69,,338764,21,0,5,2,30,,338761,21,0,5,2,70,,338774,21,0,99 51,1,30,,338765,21,0,99 51,2,70,,338762,21,0,99 51,2,30,,338775,21,0,99 51,1,69,,338766,21,0,99 51,2,31,,338763,21,0,99 51,2,70,,338776,21,0,99 51,1,30,,338767,21,0,99 51,2,72,,338781,21,0,99 51,2,34,,338777,21,0,99 51,1,70,,338768,21,0,99 51,2,28,,338782,21,0,99 51,2,68,,338778,21,0,99 51,1,30,,338769,21,0,99 51,2,68,,338783,21,0,99 51,2,26,,338779,21,0,99 51,1,59,,338792,21,0,5,1,20,,338770,21,0,5,2,19,,338784,21,0,5,2,60,,338788,21,0,5,2,19,,338780,21,0,5,1,20,,338793,21,0,5,1,63,,338785,21,0,5,2,27,,338789,21,0,5,2,68,,338794,21,0,5,1,28,,338786,21,0,5,2,28,,338790,21,0,5,2,67,,338795,21,0,5,1,28,,338787,21,0,5,2,68,,338797,21,0,5,2,32,,338791,21,0,5,2,72,,338796,21,0,5,1,32,,338798,21,0,5,2,71,,338756,21,0,5,1,31,,338799,21,0,5,2,70,,338757,21,0,5,1
19701,'H54S000S-80-S',1504,,338800,21,0,99 51,1
19701,'H57S000S-80-S',1917,,338801,21,0,5,1
19701,'H59S000S-80-S',1651,,338803,21,0,5,1,63,,338802,21,0,5,2,24,,338804,21,0,5,2
37001,'H51S000A-80-A',2603,,347028,55,0,5,2,45,,347026,55,0,5,1,85,,347027,55,0,5,2,85,,347029,55,0,5,1,83,,347030,55,0,5,2
37001,'H51S000I-80-I',2600,,347032,55,0,5,2,45,,347034,55,0,5,1,85,,347031,55,0,5,1,85,,347033,55,0,5,2,85,,347035,55,0,5,1
37001,'H51S000S-81-S',2601,,347039,55,0,5,2,45,,347037,55,0,5,1,83,,347036,55,0,5,1,85,,347040,55,0,5,2,86,,347038,55,0,5,1
37001,'H51S100F-80-F1',2600,,347042,55,0,5,2,45,,347044,55,0,5,1,85,,347041,55,0,5,1,85,,347043,55,0,5,2,85,,347045,55,0,5,1
37001,'H51S200F-80-F2',2600,,347047,55,0,5,2,45,,347049,55,0,5,1,85,,347046,55,0,5,1,85,,347048,55,0,5,2,85,,347050,55,0,5,1
