18701,'H54S000A-80-A',545,,335744,38,0,5,1,71,,335728,38,0,5,1,31,,335735,38,0,5,1,71,,335745,38,0,5,1,31,,335729,38,0,5,2,70,,335736,38,0,5,1,31,,335746,38,0,5,1,71,,335753,38,0,5,1,36,,335767,38,0,5,1,72,,335747,38,0,5,1,30,,335737,38,0,5,2,69,,335759,38,0,5,1,28,,335748,38,0,5,1,68,,335738,38,0,5,2,29,,335754,38,0,5,1,69,,335749,38,0,5,1,29,,335739,38,0,5,2,68,,335765,38,0,5,2,29,,335750,38,0,5,1,69,,335720,38,0,5,2,25,,335766,38,0,5,2,59,,335768,38,0,5,1,18,,335751,38,0,5,1,19,,335721,38,0,5,2,17,,335740,38,0,5,2,56,,335722,38,0,5,1,15,,335752,38,0,5,1,15,,335724,38,0,5,2,15,,335741,38,0,5,2,52,,335769,38,0,5,1,11,,335727,38,0,5,1,12,,335723,38,0,5,1,12,,335730,38,0,5,1,63,,335725,38,0,5,2,21,,335734,38,0,5,2,21,,335760,38,0,5,1,62,,335731,38,0,5,1,23,,335726,38,0,5,2,22,,335755,38,0,5,1,66,,335761,38,0,5,1,27,,335732,38,0,5,1,68,,335756,38,0,5,1,28,,335762,38,0,5,1,69,,335733,38,0,5,1,31,,335757,38,0,5,1,71,,335763,38,0,5,1,31,,335742,38,0,5,1,72,,335758,38,0,5,1,32,,335764,38,0,5,1,73,,335743,38,0,5,1
18701,'H54S000I-80-I',541,,335771,38,0,5,2,71,,335777,38,0,5,1,30,,335778,38,0,5,1,73,,335772,38,0,5,2,33,,335779,38,0,5,1,73,,335773,38,0,5,2,35,,335812,38,0,5,1,71,,335780,38,0,5,1,30,,335811,38,0,5,2,71,,335813,38,0,5,1,31,,335781,38,0,5,1,71,,335770,38,0,5,1,70,,335814,38,0,5,1,30,,335791,38,0,5,2,70,,335805,38,0,5,1,29,,335782,38,0,5,1,29,,335792,38,0,5,2,68,,335796,38,0,5,2,26,,335783,38,0,5,1,67,,335793,38,0,5,2,22,,335774,38,0,5,2,62,,335797,38,0,5,2,22,,335784,38,0,5,1,22,,335775,38,0,5,2,62,,335794,38,0,5,2,24,,335798,38,0,5,2,24,,335776,38,0,5,2,57,,335785,38,0,5,1,17,,335795,38,0,5,2,17,,335806,38,0,5,1,68,,335799,38,0,5,2,28,,335786,38,0,5,1,68,,335807,38,0,5,1,27,,335800,38,0,5,2,67,,335787,38,0,5,1,27,,335808,38,0,5,1,67,,335801,38,0,5,2,24,,335788,38,0,5,1,25,,335809,38,0,5,1,65,,335802,38,0,5,2,25,,335789,38,0,5,1,72,,335810,38,0,5,1,31,,335803,38,0,5,2,73,,335790,38,0,5,1,33,,335804,38,0,5,2
18701,'H54S000S-80-S',546,,335815,38,0,5,1,70,,335840,38,0,5,1,33,,335884,38,0,5,2,72,,335848,38,0,5,1,34,,335841,38,0,5,1,71,,335849,38,0,5,2,29,,335833,38,0,5,1,66,,335842,38,0,5,1,30,,335850,38,0,5,2,69,,335835,38,0,5,2,30,,335843,38,0,5,1,69,,335851,38,0,5,2,29,,335836,38,0,5,2,69,,335844,38,0,5,1,30,,335852,38,0,5,2,67,,335857,38,0,5,1,25,,335845,38,0,5,1,19,,335859,38,0,5,1,58,,335855,38,0,5,2,16,,335853,38,0,5,2,17,,335858,38,0,5,1,56,,335846,38,0,5,1,17,,335860,38,0,5,1,14,,335864,38,0,5,2,11,,335856,38,0,5,2,11,,335818,38,0,5,2,48,,335871,38,0,5,2,7,,335854,38,0,5,2,6,,335881,38,0,5,2,6,,335837,38,0,5,1,8,,335869,38,0,5,2,13,,335878,38,0,5,2,5,,335882,38,0,5,2,5,,335873,38,0,5,2,46,,335816,38,0,5,1,11,,335865,38,0,5,2,11,,335861,38,0,5,1,7,,335838,38,0,5,2,12,,335839,38,0,5,2,9,,335879,38,0,5,2,50,,335874,38,0,5,2,12,,335870,38,0,5,2,8,,335866,38,0,5,2,9,,335817,38,0,5,1,20,,335832,38,0,5,1,8,,335862,38,0,5,1,54,,335834,38,0,5,1,14,,335875,38,0,5,2,14,,335825,38,0,5,1,17,,335867,38,0,5,2,58,,335863,38,0,5,1,17,,335829,38,0,5,1,20,,335876,38,0,5,2,61,,335868,38,0,5,2,20,,335830,38,0,5,1,21,,335822,38,0,5,1,60,,335877,38,0,5,2,15,,335826,38,0,5,1,16,,335831,38,0,5,1,61,,335819,38,0,5,2,22,,335823,38,0,5,1,24,,335827,38,0,5,1,63,,335820,38,0,5,2,29,,335824,38,0,5,1,72,,335828,38,0,5,1,32,,335821,38,0,5,2
18701,'H54S100F-80-F1',541,,335887,38,0,5,2,71,,335893,38,0,5,1,30,,335894,38,0,5,1,73,,335888,38,0,5,2,33,,335895,38,0,5,1,73,,335889,38,0,5,2,35,,335928,38,0,5,1,71,,335896,38,0,5,1,30,,335927,38,0,5,2,71,,335929,38,0,5,1,31,,335897,38,0,5,1,71,,335886,38,0,5,1,70,,335930,38,0,5,1,30,,335907,38,0,5,2,70,,335921,38,0,5,1,29,,335898,38,0,5,1,29,,335908,38,0,5,2,68,,335912,38,0,5,2,26,,335899,38,0,5,1,67,,335909,38,0,5,2,22,,335890,38,0,5,2,62,,335913,38,0,5,2,22,,335900,38,0,5,1,22,,335891,38,0,5,2,62,,335910,38,0,5,2,24,,335914,38,0,5,2,24,,335892,38,0,5,2,57,,335901,38,0,5,1,17,,335911,38,0,5,2,17,,335922,38,0,5,1,68,,335915,38,0,5,2,28,,335902,38,0,5,1,68,,335923,38,0,5,1,27,,335916,38,0,5,2,67,,335903,38,0,5,1,27,,335924,38,0,5,1,67,,335917,38,0,5,2,24,,335904,38,0,5,1,25,,335925,38,0,5,1,65,,335918,38,0,5,2,25,,335905,38,0,5,1,72,,335926,38,0,5,1,31,,335919,38,0,5,2,73,,335906,38,0,5,1,33,,335920,38,0,5,2
18701,'H54S200F-80-F2',541,,335932,38,0,5,2,71,,335938,38,0,5,1,30,,335939,38,0,5,1,73,,335933,38,0,5,2,33,,335940,38,0,5,1,73,,335934,38,0,5,2,35,,335973,38,0,5,1,71,,335941,38,0,5,1,30,,335972,38,0,5,2,71,,335974,38,0,5,1,31,,335942,38,0,5,1,71,,335931,38,0,5,1,70,,335975,38,0,5,1,30,,335952,38,0,5,2,70,,335966,38,0,5,1,29,,335943,38,0,5,1,29,,335953,38,0,5,2,68,,335957,38,0,5,2,26,,335944,38,0,5,1,67,,335954,38,0,5,2,22,,335935,38,0,5,2,62,,335958,38,0,5,2,22,,335945,38,0,5,1,22,,335936,38,0,5,2,62,,335955,38,0,5,2,24,,335959,38,0,5,2,24,,335937,38,0,5,2,57,,335946,38,0,5,1,17,,335956,38,0,5,2,17,,335967,38,0,5,1,68,,335960,38,0,5,2,28,,335947,38,0,5,1,68,,335968,38,0,5,1,27,,335961,38,0,5,2,67,,335948,38,0,5,1,27,,335969,38,0,5,1,67,,335962,38,0,5,2,24,,335949,38,0,5,1,25,,335970,38,0,5,1,65,,335963,38,0,5,2,25,,335950,38,0,5,1,72,,335971,38,0,5,1,31,,335964,38,0,5,2,73,,335951,38,0,5,1,33,,335965,38,0,5,2
36202,'H54S000A-80-A',2545,,346682,20,0,10,2,88,,346684,20,0,10,1,85,,346681,20,0,10,1,85,,346680,20,0,10,1,42,,346683,20,0,10,1
36202,'H54S000I-80-I',2545,,346688,20,0,10,2,85,,346686,20,0,10,1,85,,346687,20,0,10,2,85,,346685,20,0,10,1,45,,346689,20,0,10,2
36202,'H54S000S-80-S',2544,,346691,20,0,10,2,85,,346694,20,0,10,1,85,,346693,20,0,10,1,86,,346690,20,0,10,1,45,,346692,20,0,10,1
36202,'H54S100F-80-F1',2545,,346698,20,0,10,2,85,,346696,20,0,10,1,85,,346697,20,0,10,2,85,,346695,20,0,10,1,45,,346699,20,0,10,2
36202,'H54S200F-80-F2',2545,,346703,20,0,10,2,85,,346701,20,0,10,1,85,,346702,20,0,10,2,85,,346700,20,0,10,1,45,,346704,20,0,10,2
