4001,'H54S000S-80-S',629,,297541,38,0,5,2,73,,297533,38,0,5,1,37,,297521,38,0,5,2,79,,297522,38,0,53 111,1,39,,297534,38,0,5,1,80,,297520,38,0,5,2,81,,297523,38,0,5,1,38,,297535,38,0,5,1,81,,297528,38,0,5,1,81,,297524,38,0,5,1,82,,297536,38,0,5,1,40,,297529,38,0,5,1,80,,297525,38,0,5,1,82,,297537,38,0,5,1,41,,297530,38,0,5,1,80,,297526,38,0,5,1,25,,297538,38,0,5,1,64,,297539,38,0,5,2,35,,297531,38,0,5,2,73,,297527,38,0,5,1,35,,297540,38,0,5,2,74,,297532,38,0,5,2
8601,'H54S000A-80-A',643,,310975,77,0,5,2,73,,310956,77,0,5,1,33,,310964,77,0,5,2,74,,310970,77,0,5,2,32,,310982,77,0,5,1,74,,310976,77,0,5,2,73,,310957,77,0,5,1,34,,310965,77,0,5,2,72,,310971,77,0,5,2,32,,310983,77,0,5,1,73,,310977,77,0,5,2,33,,310958,77,0,5,1,73,,310966,77,0,5,2,33,,310972,77,0,5,2,73,,310984,77,0,5,1,32,,310978,77,0,5,2,73,,310959,77,0,5,1,73,,310967,77,0,5,2,31,,310973,77,0,5,2,73,,310985,77,0,5,1,32,,310979,77,0,5,2,73,,310960,77,0,5,1,31,,310968,77,0,5,2,71,,310974,77,0,5,2,33,,310986,77,0,5,1,72,,310980,77,0,5,2,33,,310961,77,0,5,1,73,,310969,77,0,5,2,33,,310989,77,0,5,2,71,,310987,77,0,5,1,72,,310981,77,0,5,2,32,,310962,77,0,5,1,71,,310954,77,0,5,1,32,,310990,77,0,5,2,71,,310988,77,0,5,1,33,,310963,77,0,5,1,72,,310955,77,0,5,1,31,,310991,77,0,5,2
8601,'H54S000I-80-I',643,,311015,77,0,5,2,72,,310996,77,0,5,1,33,,311002,77,0,5,2,70,,311010,77,0,5,1,31,,311022,77,0,5,1,73,,311016,77,0,5,2,32,,310997,77,0,5,1,74,,311003,77,0,5,2,73,,311011,77,0,5,1,33,,311023,77,0,5,1,73,,311017,77,0,5,2,32,,310998,77,0,5,1,72,,311004,77,0,5,2,32,,311012,77,0,5,1,72,,311024,77,0,5,1,32,,311018,77,0,5,2,72,,310999,77,0,5,1,33,,311005,77,0,5,2,72,,311013,77,0,5,1,31,,311025,77,0,5,1,73,,311019,77,0,5,2,73,,311000,77,0,5,1,32,,311006,77,0,5,2,73,,311014,77,0,5,1,33,,311026,77,0,5,1,70,,311020,77,0,5,2,32,,311001,77,0,5,1,71,,311007,77,0,5,2,31,,310994,77,0,5,1,70,,310995,77,0,5,2,30,,311021,77,0,5,2,68,,311028,77,0,5,1,30,,311008,77,0,5,2,71,,311029,77,0,5,1,32,,310992,77,0,5,1,72,,311030,77,0,5,2,30,,311009,77,0,5,2,70,,311027,77,0,5,1,30,,310993,77,0,5,1
8601,'H54S000S-80-S',639,,311044,77,0,5,1,67,,311031,77,0,5,2,30,,311037,77,0,5,2,74,,311038,77,0,5,2,35,,311062,77,0,5,1,69,,311045,77,0,5,1,29,,311032,77,0,5,2,71,,311065,77,0,5,1,31,,311039,77,0,5,2,70,,311063,77,0,5,1,29,,311052,77,0,5,2,66,,311046,77,0,5,1,25,,311033,77,0,5,2,70,,311066,77,0,5,1,30,,311040,77,0,5,2,69,,311064,77,0,5,1,31,,311053,77,0,5,2,71,,311047,77,0,5,1,30,,311034,77,0,5,2,71,,311067,77,0,5,1,31,,311041,77,0,5,2,72,,311058,77,0,5,1,32,,311054,77,0,5,2,73,,311048,77,0,5,1,27,,311035,77,0,5,2,71,,311042,77,0,5,2,31,,311059,77,0,5,1,68,,311055,77,0,5,2,29,,311049,77,0,5,1,69,,311036,77,0,5,2,29,,311043,77,0,5,2,69,,311060,77,0,5,1,29,,311056,77,0,5,2,68,,311050,77,0,5,1,25,,311070,77,0,5,1,28,,311068,77,0,5,2,70,,311061,77,0,5,1,30,,311057,77,0,5,2,71,,311051,77,0,5,1,71,,311071,77,0,5,1,31,,311069,77,0,5,2
8601,'H54S100F-80-F1',643,,311095,77,0,5,2,72,,311076,77,0,5,1,33,,311082,77,0,5,2,70,,311090,77,0,5,1,31,,311102,77,0,5,1,73,,311096,77,0,5,2,32,,311077,77,0,5,1,74,,311083,77,0,5,2,73,,311091,77,0,5,1,33,,311103,77,0,5,1,73,,311097,77,0,5,2,32,,311078,77,0,5,1,72,,311084,77,0,5,2,32,,311092,77,0,5,1,72,,311104,77,0,5,1,32,,311098,77,0,5,2,72,,311079,77,0,5,1,33,,311085,77,0,5,2,72,,311093,77,0,5,1,31,,311105,77,0,5,1,73,,311099,77,0,5,2,73,,311080,77,0,5,1,32,,311086,77,0,5,2,73,,311094,77,0,5,1,33,,311106,77,0,5,1,70,,311100,77,0,5,2,32,,311081,77,0,5,1,71,,311087,77,0,5,2,31,,311074,77,0,5,1,70,,311075,77,0,5,2,30,,311101,77,0,5,2,68,,311108,77,0,5,1,30,,311088,77,0,5,2,71,,311109,77,0,5,1,32,,311072,77,0,5,1,72,,311110,77,0,5,2,30,,311089,77,0,5,2,70,,311107,77,0,5,1,30,,311073,77,0,5,1
8601,'H54S200F-80-F2',643,,311134,77,0,5,2,72,,311115,77,0,5,1,33,,311121,77,0,5,2,70,,311129,77,0,5,1,31,,311141,77,0,5,1,73,,311135,77,0,5,2,32,,311116,77,0,5,1,74,,311122,77,0,5,2,73,,311130,77,0,5,1,33,,311142,77,0,5,1,73,,311136,77,0,5,2,32,,311117,77,0,5,1,72,,311123,77,0,5,2,32,,311131,77,0,5,1,72,,311143,77,0,5,1,32,,311137,77,0,5,2,72,,311118,77,0,5,1,33,,311124,77,0,5,2,72,,311132,77,0,5,1,31,,311144,77,0,5,1,73,,311138,77,0,5,2,73,,311119,77,0,5,1,32,,311125,77,0,5,2,73,,311133,77,0,5,1,33,,311145,77,0,5,1,70,,311139,77,0,5,2,32,,311120,77,0,5,1,71,,311126,77,0,5,2,31,,311113,77,0,5,1,70,,311114,77,0,5,2,30,,311140,77,0,5,2,68,,311147,77,0,5,1,30,,311127,77,0,5,2,71,,311148,77,0,5,1,32,,311111,77,0,5,1,72,,311149,77,0,5,2,30,,311128,77,0,5,2,70,,311146,77,0,5,1,30,,311112,77,0,5,1
18702,'H54S000A-80-A',446,,335997,4,0,10,1,71,,335982,4,0,10,1,31,,335988,4,0,10,1,70,,335998,4,0,10,1,30,,335983,4,0,10,2,68,,335989,4,0,10,1,25,,335999,4,0,10,1,59,,335984,4,0,10,2,17,,336005,4,0,10,1,17,,335990,4,0,10,1,17,,336021,4,0,10,1,60,,336000,4,0,10,1,22,,336006,4,0,10,1,20,,335991,4,0,10,2,60,,336022,4,0,10,1,19,,336007,4,0,10,1,18,,336001,4,0,10,1,61,,335992,4,0,10,2,21,,336008,4,0,10,1,21,,336013,4,0,10,1,62,,336002,4,0,10,1,23,,335993,4,0,10,2,21,,336018,4,0,10,2,59,,336009,4,0,10,1,19,,336003,4,0,10,1,18,,335976,4,0,10,2,59,,335994,4,0,10,2,19,,336019,4,0,10,2,18,,336023,4,0,10,1,58,,336004,4,0,10,1,23,,335977,4,0,10,2,26,,336020,4,0,10,2,66,,336024,4,0,10,1,29,,335978,4,0,10,2,72,,335979,4,0,10,1,30,,335980,4,0,10,2,70,,336025,4,0,10,1,32,,335985,4,0,10,1,72,,335981,4,0,10,2,73,,336014,4,0,10,1,33,,335986,4,0,10,1,72,,336010,4,0,10,1,30,,336015,4,0,10,1,70,,335987,4,0,10,1,30,,336011,4,0,10,1,70,,336016,4,0,10,1,31,,335995,4,0,10,1,71,,336012,4,0,10,1,31,,336017,4,0,10,1,71,,335996,4,0,10,1
18702,'H54S000I-80-I',444,,336029,4,0,10,2,73,,336033,4,0,10,1,33,,336030,4,0,10,2,71,,336034,4,0,10,1,30,,336035,4,0,10,1,73,,336031,4,0,10,2,25,,336067,4,0,10,1,61,,336036,4,0,10,1,22,,336032,4,0,10,2,23,,336065,4,0,10,2,65,,336068,4,0,10,1,23,,336037,4,0,10,1,65,,336066,4,0,10,2,18,,336027,4,0,10,1,18,,336069,4,0,10,1,68,,336038,4,0,10,1,29,,336028,4,0,10,1,70,,336070,4,0,10,1,18,,336026,4,0,10,2,17,,336047,4,0,10,2,57,,336051,4,0,10,2,17,,336060,4,0,10,1,24,,336039,4,0,10,1,67,,336048,4,0,10,2,29,,336052,4,0,10,2,72,,336040,4,0,10,1,33,,336049,4,0,10,2,73,,336053,4,0,10,2,33,,336041,4,0,10,1,72,,336050,4,0,10,2,33,,336054,4,0,10,2,73,,336042,4,0,10,1,73,,336061,4,0,10,1,29,,336055,4,0,10,2,28,,336043,4,0,10,1,67,,336062,4,0,10,1,27,,336056,4,0,10,2,67,,336044,4,0,10,1,27,,336063,4,0,10,1,67,,336057,4,0,10,2,27,,336045,4,0,10,1,73,,336064,4,0,10,1,32,,336058,4,0,10,2,73,,336046,4,0,10,1,33,,336059,4,0,10,2
18702,'H54S000S-80-S',444,,336072,4,0,10,1,15,,336093,4,0,10,1,56,,336083,4,0,10,1,14,,336084,4,0,10,2,10,,336141,4,0,10,2,9,,336106,4,0,10,2,10,,336071,4,0,10,1,51,,336101,4,0,10,1,10,,336103,4,0,10,2,9,,336094,4,0,10,1,5,,336085,4,0,10,1,5,,336105,4,0,10,2,5,,336108,4,0,10,2,9,,336090,4,0,10,2,5,,336110,4,0,10,2,45,,336142,4,0,10,2,8,,336112,4,0,10,2,5,,336119,4,0,10,2,9,,336121,4,0,10,2,6,,336104,4,0,10,2,10,,336086,4,0,10,1,7,,336102,4,0,10,1,53,,336111,4,0,10,2,10,,336095,4,0,10,1,10,,336120,4,0,10,2,10,,336123,4,0,10,2,9,,336113,4,0,10,2,10,,336143,4,0,10,2,51,,336075,4,0,10,1,24,,336087,4,0,10,1,12,,336096,4,0,10,1,15,,336144,4,0,10,2,55,,336114,4,0,10,2,15,,336088,4,0,10,1,16,,336091,4,0,10,2,15,,336145,4,0,10,2,55,,336097,4,0,10,1,15,,336089,4,0,10,1,15,,336115,4,0,10,2,16,,336126,4,0,10,1,58,,336092,4,0,10,2,18,,336098,4,0,10,1,16,,336128,4,0,10,1,56,,336124,4,0,10,2,16,,336116,4,0,10,2,17,,336127,4,0,10,1,17,,336099,4,0,10,1,59,,336129,4,0,10,1,23,,336125,4,0,10,2,24,,336117,4,0,10,2,67,,336100,4,0,10,1,28,,336133,4,0,10,2,68,,336137,4,0,10,2,28,,336136,4,0,10,2,68,,336074,4,0,10,1,29,,336130,4,0,10,1,70,,336138,4,0,10,2,29,,336134,4,0,10,2,69,,336131,4,0,10,1,30,,336139,4,0,10,2,70,,336135,4,0,10,2,31,,336132,4,0,10,1,70,,336140,4,0,10,2,31,,336082,4,0,10,1,70,,336078,4,0,10,1,31,,336080,4,0,10,1,72,,336076,4,0,10,2,30,,336079,4,0,10,1,71,,336081,4,0,10,1,31,,336077,4,0,10,2
18702,'H54S100F-80-F1',444,,336150,4,0,10,2,73,,336154,4,0,10,1,33,,336151,4,0,10,2,71,,336155,4,0,10,1,30,,336156,4,0,10,1,73,,336152,4,0,10,2,25,,336188,4,0,10,1,61,,336157,4,0,10,1,22,,336153,4,0,10,2,23,,336186,4,0,10,2,65,,336189,4,0,10,1,23,,336158,4,0,10,1,65,,336187,4,0,10,2,18,,336148,4,0,10,1,18,,336190,4,0,10,1,68,,336159,4,0,10,1,29,,336149,4,0,10,1,70,,336191,4,0,10,1,18,,336147,4,0,10,2,17,,336168,4,0,10,2,57,,336172,4,0,10,2,17,,336181,4,0,10,1,24,,336160,4,0,10,1,67,,336169,4,0,10,2,29,,336173,4,0,10,2,72,,336161,4,0,10,1,33,,336170,4,0,10,2,73,,336174,4,0,10,2,33,,336162,4,0,10,1,72,,336171,4,0,10,2,33,,336175,4,0,10,2,73,,336163,4,0,10,1,73,,336182,4,0,10,1,29,,336176,4,0,10,2,28,,336164,4,0,10,1,67,,336183,4,0,10,1,27,,336177,4,0,10,2,67,,336165,4,0,10,1,27,,336184,4,0,10,1,67,,336178,4,0,10,2,27,,336166,4,0,10,1,73,,336185,4,0,10,1,32,,336179,4,0,10,2,73,,336167,4,0,10,1,33,,336180,4,0,10,2
18702,'H54S200F-80-F2',444,,336195,4,0,10,2,73,,336199,4,0,10,1,33,,336196,4,0,10,2,71,,336200,4,0,10,1,30,,336201,4,0,10,1,73,,336197,4,0,10,2,25,,336233,4,0,10,1,61,,336202,4,0,10,1,22,,336198,4,0,10,2,23,,336231,4,0,10,2,65,,336234,4,0,10,1,23,,336203,4,0,10,1,65,,336232,4,0,10,2,18,,336193,4,0,10,1,18,,336235,4,0,10,1,68,,336204,4,0,10,1,29,,336194,4,0,10,1,70,,336236,4,0,10,1,18,,336192,4,0,10,2,17,,336213,4,0,10,2,57,,336217,4,0,10,2,17,,336226,4,0,10,1,24,,336205,4,0,10,1,67,,336214,4,0,10,2,29,,336218,4,0,10,2,72,,336206,4,0,10,1,33,,336215,4,0,10,2,73,,336219,4,0,10,2,33,,336207,4,0,10,1,72,,336216,4,0,10,2,33,,336220,4,0,10,2,73,,336208,4,0,10,1,73,,336227,4,0,10,1,29,,336221,4,0,10,2,28,,336209,4,0,10,1,67,,336228,4,0,10,1,27,,336222,4,0,10,2,67,,336210,4,0,10,1,27,,336229,4,0,10,1,67,,336223,4,0,10,2,27,,336211,4,0,10,1,73,,336230,4,0,10,1,32,,336224,4,0,10,2,73,,336212,4,0,10,1,33,,336225,4,0,10,2
18702,'H59S000S-80-S',912,,336237,4,0,10,1
