7302,'H60S000S-83-S',553,,308854,13,0,10,1,85,,308855,13,0,10,1,71,,308856,13,0,10,1,33,,308857,13,0,10,1,77,,308858,13,0,10,1,34,,308859,13,0,10,1,659,,308860,13,0,10,1,33,,308861,13,0,10,1,74,,308862,13,0,10,1,34,,308863,13,0,10,1,74,,308864,13,0,10,1,32,,308865,13,0,10,1,74,,308866,13,0,10,1
10001,'H50S000A-82-A',521,,314485,20,0,5,1,30,,314501,20,0,5,2,71,,314458,20,0,5,1,33,,314486,20,0,5,1,73,,314490,20,0,5,2,27,,314459,20,0,5,1,67,,314487,20,0,5,1,27,,314471,20,0,5,2,70,,314491,20,0,5,2,29,,314488,20,0,5,1,67,,314472,20,0,5,2,30,,314460,20,0,5,1,70,,314489,20,0,5,1,30,,314473,20,0,5,2,70,,314492,20,0,5,2,30,,314461,20,0,5,1,70,,314474,20,0,5,2,28,,314464,20,0,5,2,67,,314493,20,0,5,2,24,,314462,20,0,5,1,22,,314475,20,0,5,2,59,,314477,20,0,5,1,14,,314494,20,0,5,1,2,,314465,20,0,5,2,17,,314455,20,0,5,2,59,,314463,20,0,5,1,17,,314478,20,0,5,1,15,,314476,20,0,5,2,15,,314466,20,0,5,2,54,,314495,20,0,5,1,24,,314456,20,0,5,2,68,,314479,20,0,5,1,27,,314467,20,0,5,2,28,,314496,20,0,5,1,70,,314480,20,0,5,1,29,,314468,20,0,5,2,69,,314497,20,0,5,2,28,,314481,20,0,5,1,68,,314469,20,0,5,2,27,,314498,20,0,5,2,73,,314482,20,0,5,1,33,,314470,20,0,5,2,73,,314499,20,0,5,2,24,,314483,20,0,5,1,69,,314457,20,0,5,2,34,,314500,20,0,5,2,78,,314484,20,0,5,1
10001,'H50S000I-82-I',631,,314535,20,0,5,2,69,,314505,20,0,5,1,28,,314518,20,0,5,2,73,,314536,20,0,5,2,33,,314506,20,0,5,1,73,,314519,20,0,5,2,28,,314537,20,0,5,2,68,,314507,20,0,5,1,28,,314520,20,0,5,2,71,,314538,20,0,5,2,31,,314508,20,0,5,1,70,,314521,20,0,5,2,33,,314539,20,0,5,2,73,,314509,20,0,5,1,32,,314522,20,0,5,2,71,,314540,20,0,5,2,29,,314510,20,0,5,1,67,,314503,20,0,5,1,19,,314542,20,0,5,1,3,,314502,20,0,5,1,10,,314523,20,0,5,2,13,,314541,20,0,5,2,56,,314511,20,0,5,1,16,,314529,20,0,5,2,18,,314504,20,0,5,1,62,,314524,20,0,5,2,19,,314543,20,0,5,2,20,,314512,20,0,5,1,64,,314530,20,0,5,2,30,,314525,20,0,5,2,70,,314513,20,0,5,1,30,,314531,20,0,5,2,70,,314526,20,0,5,2,30,,314514,20,0,5,1,70,,314532,20,0,5,2,30,,314527,20,0,5,2,70,,314515,20,0,5,1,29,,314533,20,0,5,2,70,,314544,20,0,5,1,20,,314528,20,0,5,2,25,,314516,20,0,5,1,70,,314534,20,0,5,2,33,,314545,20,0,5,1,75,,314517,20,0,5,1
10001,'H50S000S-82-S',521,,314595,20,0,5,1,33,,314547,20,0,5,1,74,,314546,20,0,5,1,31,,314554,20,0,5,2,69,,314548,20,0,5,1,29,,314559,20,0,5,2,99,,314568,20,0,5,2,68,,314569,20,0,5,1,27,,314549,20,0,5,1,73,,314564,20,0,5,1,33,,314570,20,0,5,1,66,,314550,20,0,5,1,30,,314560,20,0,5,2,70,,314565,20,0,5,1,30,,314571,20,0,5,1,68,,314551,20,0,5,1,24,,314561,20,0,5,2,59,,314573,20,0,5,1,18,,314566,20,0,5,1,11,,314572,20,0,5,1,16,,314555,20,0,5,1,56,,314552,20,0,5,1,14,,314575,20,0,5,1,9,,314562,20,0,5,2,11,,314590,20,0,5,1,11,,314574,20,0,5,1,51,,314579,20,0,5,1,11,,314578,20,0,5,2,11,,314567,20,0,5,1,15,,314576,20,0,5,1,15,,314553,20,0,5,1,57,,314556,20,0,5,1,20,,314563,20,0,5,2,13,,314584,20,0,5,1,62,,314580,20,0,5,1,28,,314577,20,0,5,1,69,,314557,20,0,5,1,28,,314585,20,0,5,1,29,,314581,20,0,5,1,69,,314558,20,0,5,1,29,,314586,20,0,5,1,69,,314582,20,0,5,1,28,,314591,20,0,5,1,68,,314587,20,0,5,1,22,,314588,20,0,5,1,57,,314583,20,0,5,1,15,,314596,20,0,5,1,15,,314592,20,0,5,1,19,,314593,20,0,5,1,73,,314589,20,0,5,1,33,,314597,20,0,5,1,72,,314594,20,0,5,1
10001,'H50S100F-80-F1',631,,314631,20,0,5,2,69,,314601,20,0,5,1,28,,314614,20,0,5,2,73,,314632,20,0,5,2,33,,314602,20,0,5,1,73,,314615,20,0,5,2,28,,314633,20,0,5,2,68,,314603,20,0,5,1,28,,314616,20,0,5,2,71,,314634,20,0,5,2,31,,314604,20,0,5,1,70,,314617,20,0,5,2,33,,314635,20,0,5,2,73,,314605,20,0,5,1,32,,314618,20,0,5,2,71,,314636,20,0,5,2,29,,314606,20,0,5,1,67,,314599,20,0,5,1,19,,314638,20,0,5,1,3,,314598,20,0,5,1,10,,314619,20,0,5,2,13,,314637,20,0,5,2,56,,314607,20,0,5,1,16,,314625,20,0,5,2,18,,314600,20,0,5,1,62,,314620,20,0,5,2,19,,314639,20,0,5,2,20,,314608,20,0,5,1,64,,314626,20,0,5,2,30,,314621,20,0,5,2,70,,314609,20,0,5,1,30,,314627,20,0,5,2,70,,314622,20,0,5,2,30,,314610,20,0,5,1,70,,314628,20,0,5,2,30,,314623,20,0,5,2,70,,314611,20,0,5,1,29,,314629,20,0,5,2,70,,314640,20,0,5,1,20,,314624,20,0,5,2,25,,314612,20,0,5,1,70,,314630,20,0,5,2,33,,314641,20,0,5,1,75,,314613,20,0,5,1
10001,'H50S200F-80-F2',631,,314675,20,0,5,2,69,,314645,20,0,5,1,28,,314658,20,0,5,2,73,,314676,20,0,5,2,33,,314646,20,0,5,1,73,,314659,20,0,5,2,28,,314677,20,0,5,2,68,,314647,20,0,5,1,28,,314660,20,0,5,2,71,,314678,20,0,5,2,31,,314648,20,0,5,1,70,,314661,20,0,5,2,33,,314679,20,0,5,2,73,,314649,20,0,5,1,32,,314662,20,0,5,2,71,,314680,20,0,5,2,29,,314650,20,0,5,1,67,,314643,20,0,5,1,19,,314682,20,0,5,1,3,,314642,20,0,5,1,10,,314663,20,0,5,2,13,,314681,20,0,5,2,56,,314651,20,0,5,1,16,,314669,20,0,5,2,18,,314644,20,0,5,1,62,,314664,20,0,5,2,19,,314683,20,0,5,2,20,,314652,20,0,5,1,64,,314670,20,0,5,2,30,,314665,20,0,5,2,70,,314653,20,0,5,1,30,,314671,20,0,5,2,70,,314666,20,0,5,2,30,,314654,20,0,5,1,70,,314672,20,0,5,2,30,,314667,20,0,5,2,70,,314655,20,0,5,1,29,,314673,20,0,5,2,70,,314684,20,0,5,1,20,,314668,20,0,5,2,25,,314656,20,0,5,1,70,,314674,20,0,5,2,33,,314685,20,0,5,1,75,,314657,20,0,5,1
10001,'H58S000S-83-S',826,,314686,20,0,5,2
17501,'H50S000S-82-S',553,,333051,18,0,5,1,76,,333076,18,0,5,2,77,,333052,18,0,5,1,36,,333057,18,0,5,2,78,,333058,18,0,5,2,35,,333069,18,0,5,1,71,,333059,18,0,5,2,32,,333070,18,0,5,1,72,,333060,18,0,5,2,72,,333071,18,0,5,1,32,,333061,18,0,5,2,73,,333072,18,0,5,1,33,,333062,18,0,5,2,73,,333073,18,0,5,1,33,,333063,18,0,5,2,73,,333074,18,0,5,1,30,,333064,18,0,5,2,67,,333075,18,0,5,1,23,,333056,18,0,5,2,20,,333065,18,0,5,2,60,,333066,18,0,5,1,29,,333053,18,0,5,2,69,,333067,18,0,5,1,28,,333054,18,0,5,2,67,,333068,18,0,5,1,27,,333055,18,0,5,2
20201,'H50S000S-82-S',751,,340035,23,0,5,1,868,,340034,23,0,5,1,85,,340033,23,0,5,1
20201,'H60S000A-80-A',645,,340047,63,0,5,1,71,,340036,63,0,5,1,30,,340048,63,0,5,1,71,,340061,63,0,5,1,32,,340064,63,0,5,1,66,,340058,63,0,5,1,30,,340037,63,0,5,1,74,,340049,63,0,5,1,31,,340062,63,0,5,1,69,,340065,63,0,5,1,30,,340059,63,0,5,1,70,,340038,63,0,5,1,27,,340050,63,0,5,1,65,,340044,63,0,5,1,23,,340070,63,0,5,1,24,,340066,63,0,5,1,63,,340043,63,0,5,1,23,,340063,63,0,5,1,62,,340039,63,0,5,1,23,,340051,63,0,5,1,23,,340045,63,0,5,1,62,,340071,63,0,5,1,20,,340067,63,0,5,1,17,,340054,63,0,5,2,57,,340074,63,0,5,1,21,,340068,63,0,5,2,23,,340040,63,0,5,1,61,,340052,63,0,5,1,21,,340046,63,0,5,1,22,,340072,63,0,5,1,67,,340055,63,0,5,2,30,,340075,63,0,5,1,69,,340041,63,0,5,1,28,,340053,63,0,5,1,70,,340073,63,0,5,1,29,,340056,63,0,5,2,67,,340076,63,0,5,1,31,,340042,63,0,5,1,70,,340060,63,0,5,2,30,,340069,63,0,5,1,70,,340057,63,0,5,2,29,,340077,63,0,5,1
20201,'H60S000I-81-I',747,,340092,63,0,5,1,71,,340101,63,0,5,1,32,,340109,63,0,5,1,71,,340111,63,0,5,1,33,,340099,63,0,5,1,73,,340093,63,0,5,1,73,,340102,63,0,5,1,29,,340110,63,0,5,1,30,,340112,63,0,5,1,70,,340100,63,0,5,1,71,,340094,63,0,5,1,30,,340103,63,0,5,1,72,,340080,63,0,5,1,30,,340085,63,0,5,1,73,,340097,63,0,5,1,33,,340095,63,0,5,1,69,,340104,63,0,5,1,32,,340081,63,0,5,1,70,,340086,63,0,5,1,30,,340098,63,0,5,1,73,,340096,63,0,5,1,31,,340105,63,0,5,1,73,,340082,63,0,5,1,30,,340087,63,0,5,1,68,,340078,63,0,5,1,29,,340108,63,0,5,1,68,,340106,63,0,5,1,30,,340083,63,0,5,1,67,,340088,63,0,5,1,27,,340090,63,0,5,1,67,,340079,63,0,5,1,28,,340107,63,0,5,1,27,,340084,63,0,5,1,69,,340089,63,0,5,1,29,,340091,63,0,5,1
20201,'H60S000S-83-S',634,,340125,63,0,5,1,69,,340137,63,0,5,2,21,,340129,23,0,5,1,6,,340136,63,0,5,2,18,,340114,63,0,5,1,69,,340133,63,0,5,1,33,,340138,63,0,5,1,70,,340122,63,0,5,1,29,,340126,63,0,5,1,67,,340130,63,0,5,1,17,,340121,63,0,5,1,19,,340115,63,0,5,1,62,,340134,63,0,5,1,26,,340139,63,0,5,1,67,,340123,63,0,5,1,31,,340127,63,0,5,1,75,,340131,63,0,5,1,29,,340116,63,0,5,1,67,,340135,63,0,5,1,36,,340140,63,0,5,1,9,,340124,63,0,5,1,60,,340148,23,0,5,2,16,,340128,63,0,5,1,25,,340144,63,0,5,1,65,,340132,63,0,5,1,6,,340154,23,0,5,1,7,,340155,23,0,5,2,14,,340117,63,0,5,1,70,,340156,63,0,5,1,22,,340113,23,0,5,1,11,,340141,63,0,5,1,70,,340149,63,0,5,2,29,,340145,63,0,5,1,71,,340152,63,0,5,1,27,,340118,63,0,5,1,68,,340157,63,0,5,1,27,,340142,63,0,5,1,70,,340150,63,0,5,2,25,,340146,63,0,5,1,22,,340153,63,0,5,1,60,,340119,63,0,5,1,30,,340158,63,0,5,1,70,,340143,63,0,5,1,28,,340151,63,0,5,2,68,,340147,63,0,5,1,32,,340120,63,0,5,1
20201,'H60S100F-80-F1',747,,340179,63,0,5,1,71,,340182,63,0,5,2,32,,340185,63,0,5,1,71,,340183,63,0,5,1,33,,340159,63,0,5,1,73,,340164,63,0,5,2,73,,340168,63,0,5,1,29,,340180,63,0,5,1,30,,340184,63,0,5,1,70,,340160,63,0,5,1,71,,340165,63,0,5,2,30,,340169,63,0,5,1,72,,340186,63,0,5,1,30,,340174,63,0,5,2,73,,340181,63,0,5,1,33,,340166,63,0,5,2,69,,340170,63,0,5,1,32,,340187,63,0,5,1,70,,340175,63,0,5,2,30,,340191,63,0,5,1,73,,340167,63,0,5,2,31,,340171,63,0,5,1,73,,340188,63,0,5,1,30,,340176,63,0,5,2,68,,340161,63,0,5,1,29,,340192,63,0,5,2,68,,340172,63,0,5,1,30,,340189,63,0,5,1,67,,340177,63,0,5,2,27,,340162,63,0,5,1,67,,340193,63,0,5,2,28,,340173,63,0,5,1,27,,340190,63,0,5,1,69,,340178,63,0,5,2,29,,340163,63,0,5,1
20201,'H60S200F-80-F2',747,,340214,63,0,5,1,71,,340217,63,0,5,2,32,,340220,63,0,5,1,71,,340218,63,0,5,1,33,,340194,63,0,5,1,73,,340199,63,0,5,2,73,,340203,63,0,5,1,29,,340215,63,0,5,1,30,,340219,63,0,5,1,70,,340195,63,0,5,1,71,,340200,63,0,5,2,30,,340204,63,0,5,1,72,,340221,63,0,5,1,30,,340209,63,0,5,2,73,,340216,63,0,5,1,33,,340201,63,0,5,2,69,,340205,63,0,5,1,32,,340222,63,0,5,1,70,,340210,63,0,5,2,30,,340226,63,0,5,1,73,,340202,63,0,5,2,31,,340206,63,0,5,1,73,,340223,63,0,5,1,30,,340211,63,0,5,2,68,,340196,63,0,5,1,29,,340227,63,0,5,2,68,,340207,63,0,5,1,30,,340224,63,0,5,1,67,,340212,63,0,5,2,27,,340197,63,0,5,1,67,,340228,63,0,5,2,28,,340208,63,0,5,1,27,,340225,63,0,5,1,69,,340213,63,0,5,2,29,,340198,63,0,5,1
37801,'H60S000A-80-A',2542,,347259,24,0,5,1,90,,347256,24,0,5,1,92,,347257,24,0,5,1,92,,347258,24,0,5,1
37801,'H60S000I-81-I',2541,,347261,24,0,5,1,90,,347263,24,0,5,1,91,,347260,24,0,5,1,93,,347262,24,0,5,1
37801,'H60S000S-83-S',2541,,347266,24,0,5,1,91,,347264,24,0,5,1,97,,347267,24,0,5,1,90,,347265,24,0,5,1
37801,'H60S100F-80-F1',2541,,347268,24,0,5,1,90,,347271,24,0,5,1,91,,347270,24,0,5,1,93,,347269,24,0,5,1
37801,'H60S200F-80-F2',2541,,347272,24,0,5,1,90,,347275,24,0,5,1,91,,347274,24,0,5,1,93,,347273,24,0,5,1
46001,'H50S000S-82-S',1458,,349272,17,0,99 30,2,188,,349273,17,0,99 30,2
46001,'H58S000S-83-S',549,,349276,17,0,99 30,2,101,,349274,17,0,99 30,2,68,,349277,17,0,99 30,1,14,,349278,17,0,99 30,1,71,,349280,17,0,99 30,2,31,,349281,17,0,99 30,2,68,,349282,17,0,99 30,1,22,,349275,17,0,99 30,2,30,,349283,17,0,99 30,2,558,,349286,17,0,99 30,1,10,,349288,17,0,99 30,1,10,,349291,17,0,99 30,2,10,,349293,17,0,99 30,2,10,,349296,17,0,99 30,2,50,,349298,17,0,99 30,2,9,,349299,17,0,99 30,2,9,,349300,17,0,99 30,2,8,,349295,17,0,99 30,2,9,,349302,17,0,99 30,1,16,,349284,17,0,99 30,1,49,,349290,17,0,99 30,2,7,,349292,17,0,99 30,1,14,,349279,17,0,99 30,1,15,,349297,17,0,99 30,2,21,,349289,17,0,99 30,2,86,,349287,17,0,99 30,1,63,,349294,17,0,99 30,2,20,,349301,17,0,99 30,2,21,,349285,17,0,99 30,1
46001,'H58S100F-80-F1',549,,349309,17,0,99 30,1,70,,349312,17,0,99 30,2,31,,349305,17,0,99 30,1,64,,349308,17,0,99 30,2,18,,349311,17,0,99 30,2,71,,349313,17,0,99 30,2,31,,349315,17,0,99 30,1,68,,349314,17,0,99 30,2,22,,349310,17,0,99 30,1,30,,349306,17,0,99 30,1,504,,349317,17,0,99 30,1,70,,349319,17,0,99 30,2,26,,349322,17,0,99 30,2,65,,349323,17,0,99 30,2,25,,349303,17,0,99 30,1,65,,349321,17,0,99 30,2,25,,349307,17,0,99 30,2,68,,349316,17,0,99 30,1,30,,349318,17,0,99 30,1,70,,349320,17,0,99 30,2,29,,349324,17,0,99 30,2,18,,349304,17,0,99 30,1
46001,'H58S200F-80-F2',549,,349343,17,0,99 30,1,70,,349335,17,0,99 30,2,31,,349326,17,0,99 30,1,64,,349333,17,0,99 30,2,18,,349334,17,0,99 30,2,71,,349336,17,0,99 30,2,31,,349328,17,0,99 30,1,68,,349337,17,0,99 30,2,22,,349344,17,0,99 30,1,30,,349327,17,0,99 30,1,504,,349338,17,0,99 30,1,70,,349340,17,0,99 30,2,26,,349331,17,0,99 30,2,65,,349345,17,0,99 30,2,25,,349329,17,0,99 30,1,65,,349342,17,0,99 30,2,25,,349325,17,0,99 30,2,68,,349332,17,0,99 30,1,30,,349339,17,0,99 30,1,70,,349341,17,0,99 30,2,29,,349346,17,0,99 30,2,18,,349330,17,0,99 30,1
46001,'H59S000S-80-S',1822,,349347,17,0,99 30,2
46001,'H60S000S-83-S',619,,349348,17,0,99 30,2
