20202,'H60S000A-80-A',634,,340240,34,0,10,1,23,,340252,34,0,10,2,59,,340257,34,0,10,1,17,,340239,34,0,10,1,18,,340261,34,0,10,2,62,,340229,34,0,10,1,26,,340241,34,0,10,1,71,,340254,34,0,10,1,33,,340258,34,0,10,1,70,,340250,34,0,10,1,29,,340230,34,0,10,1,67,,340242,34,0,10,1,32,,340255,34,0,10,1,73,,340259,34,0,10,1,32,,340251,34,0,10,1,71,,340231,34,0,10,1,24,,340243,34,0,10,1,60,,340237,34,0,10,1,24,,340264,34,0,10,1,28,,340260,34,0,10,1,63,,340236,34,0,10,1,22,,340256,34,0,10,1,62,,340232,34,0,10,1,25,,340244,34,0,10,1,25,,340238,34,0,10,1,67,,340265,34,0,10,1,24,,340247,34,0,10,2,61,,340268,34,0,10,1,22,,340262,34,0,10,2,22,,340233,34,0,10,1,67,,340245,34,0,10,1,31,,340266,34,0,10,1,71,,340248,34,0,10,2,30,,340269,34,0,10,1,69,,340234,34,0,10,1,29,,340246,34,0,10,1,69,,340267,34,0,10,1,28,,340249,34,0,10,2,69,,340270,34,0,10,1,28,,340235,34,0,10,1,68,,340253,34,0,10,2,28,,340263,34,0,10,1
20202,'H60S000I-81-I',633,,340274,34,0,10,1,67,,340275,34,0,10,1,29,,340271,34,0,10,1,71,,340293,34,0,10,1,32,,340286,34,0,10,1,71,,340296,34,0,10,1,32,,340304,34,0,10,1,72,,340306,34,0,10,1,33,,340294,34,0,10,1,74,,340287,34,0,10,1,32,,340297,34,0,10,1,70,,340305,34,0,10,1,31,,340307,34,0,10,1,70,,340295,34,0,10,1,31,,340288,34,0,10,1,70,,340298,34,0,10,1,32,,340276,34,0,10,1,70,,340281,34,0,10,1,33,,340291,34,0,10,1,73,,340289,34,0,10,1,29,,340299,34,0,10,1,72,,340277,34,0,10,1,30,,340282,34,0,10,1,70,,340292,34,0,10,1,73,,340290,34,0,10,1,32,,340300,34,0,10,1,72,,340278,34,0,10,1,28,,340283,34,0,10,1,68,,340272,34,0,10,1,28,,340303,34,0,10,1,28,,340301,34,0,10,1,70,,340279,34,0,10,1,30,,340284,34,0,10,1,70,,340285,34,0,10,1,29,,340273,34,0,10,1,68,,340302,34,0,10,1,28,,340280,34,0,10,1
20202,'H60S000S-83-S',615,,340325,34,0,10,1,32,,340329,34,0,10,1,73,,340315,34,0,10,1,30,,340318,34,0,10,1,72,,340322,34,0,10,1,31,,340308,34,0,10,1,69,,340326,34,0,10,1,30,,340330,34,0,10,1,68,,340316,34,0,10,1,30,,340319,34,0,10,1,61,,340323,34,0,10,1,18,,340314,34,0,10,1,21,,340309,34,0,10,1,63,,340327,34,0,10,1,24,,340331,34,0,10,1,64,,340317,34,0,10,1,17,,340336,34,0,10,1,16,,340320,34,0,10,1,19,,340337,34,0,10,1,64,,340324,34,0,10,1,24,,340310,34,0,10,1,63,,340328,34,0,10,1,20,,340341,34,0,10,2,19,,340332,34,0,10,1,57,,340346,34,0,10,1,16,,340342,34,0,10,2,18,,340321,34,0,10,1,21,,340338,34,0,10,1,66,,340348,34,0,10,1,31,,340311,34,0,10,1,72,,340349,34,0,10,1,30,,340333,34,0,10,1,70,,340343,34,0,10,2,28,,340339,34,0,10,1,63,,340347,34,0,10,1,24,,340312,34,0,10,1,68,,340350,34,0,10,1,30,,340334,34,0,10,1,69,,340344,34,0,10,2,30,,340340,34,0,10,1,72,,340313,34,0,10,1,31,,340351,34,0,10,1,70,,340335,34,0,10,1,30,,340345,34,0,10,2
20202,'H60S100F-80-F1',633,,340357,34,0,10,1,67,,340362,34,0,10,1,29,,340352,34,0,10,1,71,,340376,34,0,10,2,32,,340373,34,0,10,1,71,,340377,34,0,10,2,32,,340380,34,0,10,1,72,,340378,34,0,10,1,33,,340353,34,0,10,1,74,,340358,34,0,10,2,32,,340363,34,0,10,1,70,,340374,34,0,10,1,31,,340379,34,0,10,1,70,,340354,34,0,10,1,31,,340359,34,0,10,2,70,,340364,34,0,10,1,32,,340381,34,0,10,1,70,,340369,34,0,10,2,33,,340375,34,0,10,1,73,,340360,34,0,10,2,29,,340365,34,0,10,1,72,,340382,34,0,10,1,30,,340370,34,0,10,2,70,,340386,34,0,10,1,73,,340361,34,0,10,2,32,,340366,34,0,10,1,72,,340383,34,0,10,1,28,,340371,34,0,10,2,68,,340355,34,0,10,1,28,,340387,34,0,10,2,28,,340367,34,0,10,1,70,,340384,34,0,10,1,30,,340372,34,0,10,2,70,,340356,34,0,10,1,29,,340388,34,0,10,2,68,,340368,34,0,10,1,28,,340385,34,0,10,1
20202,'H60S200F-80-F2',633,,340394,34,0,10,1,67,,340399,34,0,10,1,29,,340389,34,0,10,1,71,,340413,34,0,10,2,32,,340410,34,0,10,1,71,,340414,34,0,10,2,32,,340417,34,0,10,1,72,,340415,34,0,10,1,33,,340390,34,0,10,1,74,,340395,34,0,10,2,32,,340400,34,0,10,1,70,,340411,34,0,10,1,31,,340416,34,0,10,1,70,,340391,34,0,10,1,31,,340396,34,0,10,2,70,,340401,34,0,10,1,32,,340418,34,0,10,1,70,,340406,34,0,10,2,33,,340412,34,0,10,1,73,,340397,34,0,10,2,29,,340402,34,0,10,1,72,,340419,34,0,10,1,30,,340407,34,0,10,2,70,,340423,34,0,10,1,73,,340398,34,0,10,2,32,,340403,34,0,10,1,72,,340420,34,0,10,1,28,,340408,34,0,10,2,68,,340392,34,0,10,1,28,,340424,34,0,10,2,28,,340404,34,0,10,1,70,,340421,34,0,10,1,30,,340409,34,0,10,2,70,,340393,34,0,10,1,29,,340425,34,0,10,2,68,,340405,34,0,10,1,28,,340422,34,0,10,1
37802,'H60S000A-80-A',2658,,347278,60,0,10,1,94,,347276,60,0,10,1,88,,347277,60,0,10,1
37802,'H60S000I-81-I',2657,,347280,60,0,10,1,91,,347281,60,0,10,1,91,,347279,60,0,10,1
37802,'H60S000S-83-S',2658,,347283,60,0,10,1,90,,347282,60,0,10,1,99,,347284,60,0,10,1
37802,'H60S100F-80-F1',2657,,347285,60,0,10,1,91,,347287,60,0,10,1,91,,347286,60,0,10,1
37802,'H60S200F-80-F2',2657,,347288,60,0,10,1,91,,347290,60,0,10,1,91,,347289,60,0,10,1
46002,'H50S000S-82-S',621,,349350,32,0,10,1,99,,349349,32,0,10,2
46002,'H57S000S-80-S',606,,349351,32,0,10,1,5,,349352,32,0,10,2,14,,349353,32,0,10,1,7,,349354,32,0,10,2,22,,349356,23,0,10,1,47,,349355,32,0,10,1
46002,'H58S000S-83-S',556,,349357,32,0,10,1,45,,349358,32,0,10,2,7,,349359,32,0,10,2,8,,349361,32,0,10,1,12,,349363,32,0,10,1,8,,349364,32,0,10,1,5,,349365,32,0,10,1,4,,349367,32,0,10,2,4,,349369,32,0,10,2,62,,349371,32,0,10,2,16,,349379,23,0,10,2,5,,349373,32,0,10,2,5,,349374,32,0,10,2,5,,349375,32,0,10,2,3,,349376,32,0,10,2,3,,349377,32,0,10,2,3,,349378,32,0,10,2,3,,349368,10,0,10,2,3,,349362,32,0,10,2,45,,349381,32,0,10,2,5,,349385,23,0,10,2,6,,349382,32,0,10,1,8,,349383,32,0,10,2,4,,349387,23,0,10,2,5,,349380,10,0,10,2,7,,349360,10,0,10,2,7,,349386,32,0,10,2,2,,349389,23,0,10,2,10,,349388,32,0,10,2,59,,349384,32,0,10,2,21,,349366,32,0,10,1,65,,349370,32,0,10,2,22,,349372,32,0,10,2,587,,349393,31,0,10,2,28,,349396,31,0,10,2,72,,349392,31,0,10,2,31,,349391,31,0,10,1,69,,349395,31,0,10,2,26,,349398,31,0,10,2,69,,349390,31,0,10,1,27,,349394,31,0,10,1,26,,349397,31,0,10,2
46002,'H58S100F-80-F1',601,,349400,32,0,10,1,15,,349404,32,0,10,2,26,,349407,32,0,10,2,71,,349410,32,0,10,2,34,,349412,32,0,10,2,65,,349406,32,0,10,1,25,,349409,32,0,10,2,66,,349401,32,0,10,1,18,,349405,32,0,10,2,21,,349408,32,0,10,2,62,,349411,32,0,10,2,19,,349414,32,0,10,2,587,,349417,31,0,10,2,28,,349402,31,0,10,2,72,,349413,31,0,10,1,31,,349415,31,0,10,1,69,,349416,31,0,10,2,26,,349419,31,0,10,2,66,,349399,31,0,10,1,27,,349418,31,0,10,2,29,,349403,31,0,10,2
46002,'H58S200F-80-F2',601,,349423,32,0,10,1,15,,349427,32,0,10,2,26,,349429,32,0,10,2,71,,349432,32,0,10,2,34,,349434,32,0,10,2,65,,349439,32,0,10,1,25,,349431,32,0,10,2,66,,349424,32,0,10,1,18,,349428,32,0,10,2,21,,349430,32,0,10,2,62,,349433,32,0,10,2,19,,349420,32,0,10,2,587,,349437,31,0,10,2,28,,349421,31,0,10,2,72,,349426,31,0,10,1,31,,349435,31,0,10,1,69,,349436,31,0,10,2,26,,349440,31,0,10,2,66,,349425,31,0,10,1,27,,349438,31,0,10,2,29,,349422,31,0,10,2
46002,'H60S000S-83-S',834,,349441,32,0,10,2
