8004,'H50S000A-82-A',525,,309993,10,0,9,1,32,,310040,10,0,9,2,73,,310003,10,0,9,2,72,,309994,10,0,9,1,32,,310041,10,0,9,2,71,,310004,10,0,9,2,31,,309995,10,0,9,1,66,,310042,10,0,9,2,19,,310044,10,0,9,1,18,,310005,10,0,9,2,15,,310049,10,0,9,1,55,,309996,10,0,9,1,15,,310009,10,0,9,1,16,,310043,10,0,9,2,15,,309989,10,0,9,2,55,,310006,10,0,9,2,14,,309997,10,0,9,1,14,,310050,10,0,9,1,14,,310016,10,0,9,2,55,,310010,10,0,9,1,15,,310023,10,0,9,2,15,,309990,10,0,9,2,14,,310007,10,0,9,2,55,,310031,10,0,9,1,13,,309998,10,0,9,1,12,,310017,10,0,9,2,11,,310014,10,0,9,2,10,,310011,10,0,9,1,52,,309991,10,0,9,1,12,,310024,10,0,9,2,13,,310008,10,0,9,2,10,,310029,10,0,9,2,11,,310032,10,0,9,1,51,,309999,10,0,9,1,11,,310035,10,0,9,2,11,,310018,10,0,9,2,11,,310012,10,0,9,1,13,,309992,10,0,9,1,54,,310025,10,0,9,2,14,,310030,10,0,9,2,11,,310033,10,0,9,1,11,,310000,10,0,9,1,11,,310036,10,0,9,2,11,,310019,10,0,9,2,52,,310013,10,0,9,1,16,,310015,10,0,9,2,17,,310026,10,0,9,2,56,,310034,10,0,9,1,17,,310001,10,0,9,1,18,,310020,10,0,9,2,21,,310048,10,0,9,2,62,,310027,10,0,9,2,33,,310002,10,0,9,1,68,,310021,10,0,9,2,30,,310028,10,0,9,2,68,,310045,10,0,9,1,28,,310022,10,0,9,2,69,,310037,10,0,9,1,31,,310046,10,0,9,1,69,,310051,10,0,9,1,31,,310038,10,0,9,1,71,,310047,10,0,9,1,31,,310052,10,0,9,1,71,,310039,10,0,9,1
8004,'H50S000I-82-I',525,,310107,10,0,9,1,30,,310054,10,0,9,2,70,,310083,10,0,9,2,31,,310094,10,0,9,1,70,,310055,10,0,9,2,31,,310084,10,0,9,2,71,,310095,10,0,9,1,31,,310056,10,0,9,2,67,,310110,10,0,9,1,19,,310085,10,0,9,2,59,,310096,10,0,9,1,20,,310108,10,0,9,1,20,,310057,10,0,9,2,56,,310111,10,0,9,1,12,,310086,10,0,9,2,12,,310053,10,0,9,2,11,,310097,10,0,9,1,12,,310062,10,0,9,1,53,,310109,10,0,9,1,13,,310066,10,0,9,1,15,,310058,10,0,9,2,15,,310087,10,0,9,2,15,,310069,10,0,9,1,55,,310098,10,0,9,1,14,,310063,10,0,9,1,14,,310072,10,0,9,1,13,,310067,10,0,9,1,53,,310059,10,0,9,2,12,,310075,10,0,9,2,12,,310088,10,0,9,2,13,,310070,10,0,9,1,13,,310099,10,0,9,1,53,,310064,10,0,9,1,14,,310073,10,0,9,1,13,,310068,10,0,9,1,14,,310060,10,0,9,2,54,,310076,10,0,9,2,14,,310071,10,0,9,1,16,,310100,10,0,9,1,15,,310065,10,0,9,1,56,,310074,10,0,9,1,15,,310082,10,0,9,1,16,,310061,10,0,9,2,18,,310077,10,0,9,2,59,,310101,10,0,9,1,22,,310089,10,0,9,1,68,,310102,10,0,9,2,31,,310078,10,0,9,2,71,,310090,10,0,9,1,28,,310103,10,0,9,2,69,,310079,10,0,9,2,29,,310091,10,0,9,1,68,,310104,10,0,9,2,27,,310080,10,0,9,2,29,,310092,10,0,9,1,69,,310105,10,0,9,2,29,,310081,10,0,9,2,73,,310093,10,0,9,1,31,,310106,10,0,9,2
8004,'H50S000S-82-S',526,,310121,10,0,9,2,27,,310118,10,0,9,1,65,,310171,10,0,9,1,26,,310122,10,0,9,2,63,,310177,10,0,9,2,11,,310119,10,0,9,1,12,,310173,10,0,9,2,10,,310172,10,0,9,1,12,,310138,10,0,9,2,52,,310133,10,0,9,1,15,,310141,10,0,9,1,12,,310123,10,0,9,2,21,,310120,10,0,9,1,49,,310157,10,0,9,2,11,,310174,10,0,9,2,12,,310134,10,0,9,1,12,,310139,10,0,9,2,11,,310129,10,0,9,1,57,,310142,10,0,9,1,16,,310124,10,0,9,2,14,,310175,10,0,9,2,13,,310158,10,0,9,2,53,,310140,10,0,9,2,13,,310164,10,0,9,2,13,,310130,10,0,9,1,14,,310125,10,0,9,2,16,,310143,10,0,9,1,57,,310176,10,0,9,2,16,,310135,10,0,9,1,17,,310159,10,0,9,2,57,,310165,10,0,9,2,17,,310131,10,0,9,1,18,,310126,10,0,9,2,17,,310144,10,0,9,1,56,,310136,10,0,9,1,17,,310160,10,0,9,2,18,,310166,10,0,9,2,58,,310132,10,0,9,1,18,,310127,10,0,9,2,16,,310145,10,0,9,1,12,,310149,10,0,9,1,52,,310137,10,0,9,1,12,,310161,10,0,9,2,12,,310151,10,0,9,2,11,,310167,10,0,9,2,12,,310150,10,0,9,2,54,,310169,10,0,9,1,15,,310128,10,0,9,2,17,,310146,10,0,9,1,73,,310162,10,0,9,2,16,,310168,10,0,9,2,16,,310152,10,0,9,1,17,,310170,10,0,9,1,63,,310147,10,0,9,1,29,,310163,10,0,9,2,70,,310153,10,0,9,1,29,,310148,10,0,9,1,70,,310115,10,0,9,2,30,,310154,10,0,9,1,70,,310112,10,0,9,1,31,,310116,10,0,9,2,67,,310155,10,0,9,1,29,,310113,10,0,9,1,68,,310117,10,0,9,2,28,,310156,10,0,9,1,68,,310114,10,0,9,1
8004,'H50S100F-80-F1',525,,310232,10,0,9,1,30,,310179,10,0,9,2,70,,310208,10,0,9,2,31,,310219,10,0,9,1,70,,310180,10,0,9,2,31,,310209,10,0,9,2,71,,310220,10,0,9,1,31,,310181,10,0,9,2,67,,310235,10,0,9,1,19,,310210,10,0,9,2,59,,310221,10,0,9,1,20,,310233,10,0,9,1,20,,310182,10,0,9,2,56,,310236,10,0,9,1,12,,310211,10,0,9,2,12,,310178,10,0,9,2,11,,310222,10,0,9,1,12,,310187,10,0,9,1,53,,310234,10,0,9,1,13,,310191,10,0,9,1,15,,310183,10,0,9,2,15,,310212,10,0,9,2,15,,310194,10,0,9,1,55,,310223,10,0,9,1,14,,310188,10,0,9,1,14,,310197,10,0,9,1,13,,310192,10,0,9,1,53,,310184,10,0,9,2,12,,310200,10,0,9,2,12,,310213,10,0,9,2,13,,310195,10,0,9,1,13,,310224,10,0,9,1,53,,310189,10,0,9,1,14,,310198,10,0,9,1,13,,310193,10,0,9,1,14,,310185,10,0,9,2,54,,310201,10,0,9,2,14,,310196,10,0,9,1,16,,310225,10,0,9,1,15,,310190,10,0,9,1,56,,310199,10,0,9,1,15,,310207,10,0,9,1,16,,310186,10,0,9,2,18,,310202,10,0,9,2,59,,310226,10,0,9,1,22,,310214,10,0,9,1,68,,310227,10,0,9,2,31,,310203,10,0,9,2,71,,310215,10,0,9,1,28,,310228,10,0,9,2,69,,310204,10,0,9,2,29,,310216,10,0,9,1,68,,310229,10,0,9,2,27,,310205,10,0,9,2,29,,310217,10,0,9,1,69,,310230,10,0,9,2,29,,310206,10,0,9,2,73,,310218,10,0,9,1,31,,310231,10,0,9,2
8004,'H50S200F-80-F2',525,,310291,10,0,9,1,30,,310238,10,0,9,2,70,,310267,10,0,9,2,31,,310278,10,0,9,1,70,,310239,10,0,9,2,31,,310268,10,0,9,2,71,,310279,10,0,9,1,31,,310240,10,0,9,2,67,,310294,10,0,9,1,19,,310269,10,0,9,2,59,,310280,10,0,9,1,20,,310292,10,0,9,1,20,,310241,10,0,9,2,56,,310295,10,0,9,1,12,,310270,10,0,9,2,12,,310237,10,0,9,2,11,,310281,10,0,9,1,12,,310246,10,0,9,1,53,,310293,10,0,9,1,13,,310250,10,0,9,1,15,,310242,10,0,9,2,15,,310271,10,0,9,2,15,,310253,10,0,9,1,55,,310282,10,0,9,1,14,,310247,10,0,9,1,14,,310256,10,0,9,1,13,,310251,10,0,9,1,53,,310243,10,0,9,2,12,,310259,10,0,9,2,12,,310272,10,0,9,2,13,,310254,10,0,9,1,13,,310283,10,0,9,1,53,,310248,10,0,9,1,14,,310257,10,0,9,1,13,,310252,10,0,9,1,14,,310244,10,0,9,2,54,,310260,10,0,9,2,14,,310255,10,0,9,1,16,,310284,10,0,9,1,15,,310249,10,0,9,1,56,,310258,10,0,9,1,15,,310266,10,0,9,1,16,,310245,10,0,9,2,18,,310261,10,0,9,2,59,,310285,10,0,9,1,22,,310273,10,0,9,1,68,,310286,10,0,9,2,31,,310262,10,0,9,2,71,,310274,10,0,9,1,28,,310287,10,0,9,2,69,,310263,10,0,9,2,29,,310275,10,0,9,1,68,,310288,10,0,9,2,27,,310264,10,0,9,2,29,,310276,10,0,9,1,69,,310289,10,0,9,2,29,,310265,10,0,9,2,73,,310277,10,0,9,1,31,,310290,10,0,9,2
8004,'H51S000S-81-S',810,,310297,10,0,9,2,30,,310296,10,0,9,1,912,,310298,10,0,9,1
8004,'H58S000S-83-S',654,,310299,10,0,9,1
36504,'H58S000A-80-A',2548,,346870,39,0,9,1,74,,346872,39,0,9,1,33,,346875,39,0,9,1,76,,346869,39,0,9,1,73,,346874,39,0,9,1,32,,346871,39,0,9,1,72,,346873,39,0,9,1
36504,'H58S000I-80-I',2547,,346876,39,0,9,1,80,,346878,39,0,9,1,80,,346880,39,0,9,1,40,,346877,39,0,9,1,81,,346879,39,0,9,1,80,,346881,39,0,9,1
36504,'H58S000S-83-S',2546,,346884,39,0,9,1,81,,346886,39,0,9,1,80,,346882,39,0,9,1,40,,346883,39,0,9,1,82,,346885,39,0,9,1,80,,346887,39,0,9,1
36504,'H58S100F-80-F1',2547,,346890,39,0,9,1,80,,346888,39,0,9,1,80,,346892,39,0,9,1,40,,346891,39,0,9,1,81,,346889,39,0,9,1,80,,346893,39,0,9,1
36504,'H58S200F-80-F2',2547,,346894,39,0,9,1,80,,346896,39,0,9,1,80,,346898,39,0,9,1,40,,346895,39,0,9,1,81,,346897,39,0,9,1,80,,346899,39,0,9,1
48004,'H50S000S-82-S',614,,350387,2,0,9,1,19,,350386,10,0,9,2,67,,350388,10,0,9,1,15,,350390,2,0,9,1,11,,350392,10,0,9,2,16,,350393,2,0,9,2,16,,350395,10,0,9,2,58,,350394,2,0,9,2,10,,350396,10,0,9,1,10,,350385,2,0,9,1,9,,350391,10,0,9,2,63,,350397,10,0,9,1,33,,350389,10,0,9,2
