20501,'H60S000A-80-A',608,,341119,2,0,5,1,33,,341132,2,0,5,1,70,,341143,2,0,5,1,30,,341120,2,0,5,1,70,,341133,2,0,5,1,30,,341138,2,0,5,2,70,,341121,2,0,5,1,30,,341134,2,0,5,1,70,,341139,2,0,5,2,30,,341122,2,0,5,1,70,,341135,2,0,5,1,30,,341140,2,0,5,2,70,,341123,2,0,5,1,30,,341136,2,0,5,1,70,,341141,2,0,5,2,30,,341144,2,0,5,1,70,,341137,2,0,5,1,30,,341142,2,0,5,2,70,,341145,2,0,5,1,31,,341155,2,0,5,1,70,,341124,2,0,5,1,30,,341146,2,0,5,1,69,,341153,2,0,5,1,30,,341125,2,0,5,1,71,,341127,2,0,5,1,30,,341154,2,0,5,1,69,,341126,2,0,5,1,30,,341128,2,0,5,1,70,,341150,2,0,5,1,30,,341147,2,0,5,1,70,,341129,2,0,5,1,30,,341151,2,0,5,1,70,,341148,2,0,5,1,30,,341130,2,0,5,1,70,,341152,2,0,5,1,30,,341149,2,0,5,1,70,,341131,2,0,5,1
20501,'H60S000I-81-I',652,,341163,2,0,5,2,71,,341177,2,0,5,1,31,,341173,2,0,5,1,71,,341164,2,0,5,2,30,,341178,2,0,5,1,70,,341174,2,0,5,1,30,,341165,2,0,5,2,70,,341179,2,0,5,1,30,,341175,2,0,5,1,70,,341166,2,0,5,2,30,,341180,2,0,5,1,70,,341181,2,0,5,1,30,,341188,2,0,5,1,70,,341182,2,0,5,2,30,,341168,2,0,5,1,70,,341158,2,0,5,1,30,,341183,2,0,5,2,70,,341169,2,0,5,1,30,,341159,2,0,5,1,70,,341184,2,0,5,2,30,,341170,2,0,5,1,70,,341160,2,0,5,1,30,,341185,2,0,5,2,70,,341171,2,0,5,1,30,,341161,2,0,5,1,70,,341186,2,0,5,2,30,,341172,2,0,5,1,70,,341190,2,0,5,1,30,,341176,2,0,5,1,70,,341187,2,0,5,1,30,,341191,2,0,5,1,70,,341156,2,0,5,1,30,,341167,2,0,5,1,70,,341162,2,0,5,1,30,,341157,2,0,5,1,70,,341189,2,0,5,1
20501,'H60S000S-83-S',521,,341192,2,0,5,1,33,,341205,2,0,5,2,73,,341218,2,0,5,2,73,,341193,2,0,5,1,33,,341206,2,0,5,2,72,,341219,2,0,5,2,30,,341194,2,0,5,1,69,,341207,2,0,5,2,28,,341220,2,0,5,2,69,,341195,2,0,5,1,29,,341208,2,0,5,2,29,,341221,2,0,5,2,69,,341196,2,0,5,1,27,,341209,2,0,5,2,67,,341222,2,0,5,2,28,,341197,2,0,5,1,68,,341210,2,0,5,2,27,,341223,2,0,5,2,70,,341198,2,0,5,1,32,,341211,2,0,5,2,70,,341224,2,0,5,2,33,,341199,2,0,5,1,72,,341212,2,0,5,2,33,,341225,2,0,5,2,68,,341200,2,0,5,1,29,,341213,2,0,5,2,70,,341226,2,0,5,2,29,,341201,2,0,5,1,69,,341214,2,0,5,2,29,,341227,2,0,5,2,69,,341202,2,0,5,1,30,,341215,2,0,5,2,71,,341228,2,0,5,2,31,,341203,2,0,5,1,71,,341216,2,0,5,2,31,,341217,2,0,5,1,71,,341204,2,0,5,1,31,,341229,2,0,5,2,71,,341230,2,0,5,1
20501,'H60S100F-80-F1',652,,341244,2,0,5,2,71,,341250,2,0,5,1,31,,341259,2,0,5,1,71,,341245,2,0,5,2,30,,341251,2,0,5,1,70,,341260,2,0,5,1,30,,341246,2,0,5,2,70,,341264,2,0,5,1,30,,341249,2,0,5,1,70,,341247,2,0,5,2,30,,341265,2,0,5,1,70,,341253,2,0,5,2,30,,341261,2,0,5,1,70,,341255,2,0,5,1,30,,341233,2,0,5,1,70,,341238,2,0,5,1,30,,341256,2,0,5,1,70,,341234,2,0,5,1,30,,341239,2,0,5,1,70,,341242,2,0,5,1,30,,341235,2,0,5,1,70,,341240,2,0,5,1,30,,341243,2,0,5,1,70,,341236,2,0,5,1,30,,341241,2,0,5,1,70,,341262,2,0,5,1,30,,341237,2,0,5,1,70,,341266,2,0,5,2,32,,341258,2,0,5,1,68,,341252,2,0,5,1,30,,341254,2,0,5,1,70,,341231,2,0,5,2,30,,341248,2,0,5,2,70,,341257,2,0,5,1,30,,341232,2,0,5,2,70,,341263,2,0,5,1
20501,'H60S200F-80-F2',652,,341280,2,0,5,2,71,,341286,2,0,5,1,31,,341295,2,0,5,1,71,,341281,2,0,5,2,30,,341287,2,0,5,1,70,,341296,2,0,5,1,30,,341282,2,0,5,2,70,,341300,2,0,5,1,30,,341285,2,0,5,1,70,,341283,2,0,5,2,30,,341301,2,0,5,1,70,,341289,2,0,5,2,30,,341297,2,0,5,1,70,,341291,2,0,5,1,30,,341269,2,0,5,1,70,,341274,2,0,5,1,30,,341292,2,0,5,1,70,,341270,2,0,5,1,30,,341275,2,0,5,1,70,,341278,2,0,5,1,30,,341271,2,0,5,1,70,,341276,2,0,5,1,30,,341279,2,0,5,1,70,,341272,2,0,5,1,30,,341277,2,0,5,1,70,,341298,2,0,5,1,30,,341273,2,0,5,1,70,,341302,2,0,5,2,32,,341294,2,0,5,1,68,,341288,2,0,5,1,30,,341290,2,0,5,1,70,,341267,2,0,5,2,30,,341284,2,0,5,2,70,,341293,2,0,5,1,30,,341268,2,0,5,2,70,,341299,2,0,5,1
20601,'H60S000A-80-A',631,,341503,2,0,5,1,69,,341492,2,0,5,2,30,,341502,2,0,5,1,70,,341504,2,0,5,1,30,,341512,2,0,5,1,70,,341493,2,0,5,2,30,,341505,2,0,5,1,70,,341513,2,0,5,1,30,,341494,2,0,5,2,70,,341506,2,0,5,1,30,,341514,2,0,5,1,70,,341495,2,0,5,2,30,,341507,2,0,5,1,70,,341515,2,0,5,1,30,,341496,2,0,5,2,70,,341508,2,0,5,1,30,,341516,2,0,5,1,70,,341497,2,0,5,2,30,,341509,2,0,5,1,70,,341522,2,0,5,2,30,,341498,2,0,5,2,70,,341517,2,0,5,1,30,,341523,2,0,5,2,70,,341499,2,0,5,2,30,,341518,2,0,5,1,71,,341524,2,0,5,2,30,,341500,2,0,5,2,70,,341519,2,0,5,1,30,,341525,2,0,5,2,70,,341501,2,0,5,2,31,,341520,2,0,5,1,73,,341526,2,0,5,2,33,,341510,2,0,5,1,70,,341521,2,0,5,1,95,,341511,2,0,5,1
20601,'H60S000I-81-I',700,,341534,2,0,5,1,30,,341545,2,0,5,2,70,,341548,2,0,5,1,30,,341535,2,0,5,1,70,,341546,2,0,5,2,30,,341549,2,0,5,1,70,,341536,2,0,5,1,30,,341547,2,0,5,2,70,,341550,2,0,5,1,30,,341537,2,0,5,1,70,,341527,2,0,5,1,30,,341551,2,0,5,1,28,,341538,2,0,5,1,70,,341528,2,0,5,1,30,,341552,2,0,5,1,70,,341539,2,0,5,1,30,,341529,2,0,5,1,70,,341553,2,0,5,1,30,,341540,2,0,5,1,70,,341530,2,0,5,1,30,,341554,2,0,5,1,70,,341541,2,0,5,1,30,,341531,2,0,5,1,70,,341555,2,0,5,1,30,,341542,2,0,5,1,70,,341532,2,0,5,1,30,,341556,2,0,5,1,70,,341543,2,0,5,1,72,,341533,2,0,5,1,32,,341557,2,0,5,1,71,,341544,2,0,5,1,100,,341558,2,0,5,1,100,,341559,2,0,5,1
20601,'H60S000S-83-S',523,,341561,2,0,5,2,31,,341570,2,0,5,1,72,,341582,2,0,5,2,31,,341562,2,0,5,2,71,,341571,2,0,5,1,31,,341583,2,0,5,2,71,,341563,2,0,5,2,71,,341572,2,0,5,1,32,,341584,2,0,5,2,70,,341564,2,0,5,2,30,,341573,2,0,5,1,71,,341576,2,0,5,1,30,,341565,2,0,5,2,71,,341574,2,0,5,1,32,,341577,2,0,5,1,70,,341566,2,0,5,2,32,,341575,2,0,5,1,72,,341578,2,0,5,1,32,,341567,2,0,5,2,72,,341569,2,0,5,1,32,,341579,2,0,5,2,71,,341592,2,0,5,2,33,,341587,2,0,5,1,70,,341580,2,0,5,2,31,,341593,2,0,5,2,71,,341588,2,0,5,1,30,,341581,2,0,5,2,70,,341594,2,0,5,2,30,,341589,2,0,5,1,70,,341568,2,0,5,1,30,,341585,2,0,5,1,70,,341590,2,0,5,1,93,,341586,2,0,5,1,95,,341560,2,0,5,2,98,,341591,2,0,5,1
20601,'H60S100F-80-F1',700,,341602,2,0,5,1,30,,341608,2,0,5,1,70,,341616,2,0,5,1,30,,341603,2,0,5,1,70,,341614,2,0,5,2,30,,341617,2,0,5,1,70,,341604,2,0,5,1,30,,341615,2,0,5,2,70,,341618,2,0,5,1,30,,341605,2,0,5,1,70,,341595,2,0,5,2,30,,341619,2,0,5,1,28,,341606,2,0,5,1,70,,341596,2,0,5,2,30,,341620,2,0,5,1,70,,341607,2,0,5,1,30,,341597,2,0,5,2,70,,341621,2,0,5,1,30,,341609,2,0,5,1,70,,341598,2,0,5,2,30,,341622,2,0,5,1,70,,341610,2,0,5,1,30,,341599,2,0,5,2,70,,341623,2,0,5,1,30,,341611,2,0,5,1,70,,341600,2,0,5,2,30,,341624,2,0,5,1,70,,341612,2,0,5,1,72,,341601,2,0,5,2,32,,341625,2,0,5,1,71,,341613,2,0,5,1,100,,341626,2,0,5,1,100,,341627,2,0,5,1
20601,'H60S200F-80-F2',700,,341635,2,0,5,1,30,,341641,2,0,5,1,70,,341649,2,0,5,1,30,,341636,2,0,5,1,70,,341647,2,0,5,2,30,,341650,2,0,5,1,70,,341637,2,0,5,1,30,,341648,2,0,5,2,70,,341651,2,0,5,1,30,,341638,2,0,5,1,70,,341628,2,0,5,2,30,,341652,2,0,5,1,28,,341639,2,0,5,1,70,,341629,2,0,5,2,30,,341653,2,0,5,1,70,,341640,2,0,5,1,30,,341630,2,0,5,2,70,,341654,2,0,5,1,30,,341642,2,0,5,1,70,,341631,2,0,5,2,30,,341655,2,0,5,1,70,,341643,2,0,5,1,30,,341632,2,0,5,2,70,,341656,2,0,5,1,30,,341644,2,0,5,1,70,,341633,2,0,5,2,30,,341657,2,0,5,1,70,,341645,2,0,5,1,72,,341634,2,0,5,2,32,,341658,2,0,5,1,71,,341646,2,0,5,1,100,,341659,2,0,5,1,100,,341660,2,0,5,1
20703,'H60S000A-80-A',528,,341839,2,0,8,1,29,,341825,2,0,8,1,70,,341838,2,0,8,1,30,,341840,2,0,8,1,70,,341826,2,0,8,1,30,,341852,2,0,8,2,70,,341841,2,0,8,1,30,,341827,2,0,8,1,70,,341853,2,0,8,2,30,,341842,2,0,8,1,70,,341828,2,0,8,1,30,,341854,2,0,8,2,70,,341843,2,0,8,1,30,,341829,2,0,8,1,70,,341855,2,0,8,2,30,,341844,2,0,8,1,70,,341830,2,0,8,1,30,,341856,2,0,8,2,70,,341845,2,0,8,1,30,,341831,2,0,8,1,70,,341857,2,0,8,2,30,,341846,2,0,8,1,70,,341832,2,0,8,1,30,,341858,2,0,8,2,70,,341847,2,0,8,1,30,,341833,2,0,8,1,70,,341859,2,0,8,2,30,,341848,2,0,8,1,71,,341834,2,0,8,1,72,,341860,2,0,8,2,31,,341849,2,0,8,1,71,,341835,2,0,8,1,32,,341861,2,0,8,2,71,,341850,2,0,8,1,41,,341836,2,0,8,1,90,,341851,2,0,8,1,91,,341837,2,0,8,1,99,,341862,2,0,8,1
20703,'H60S000I-81-I',703,,341879,2,0,8,1,31,,341865,2,0,8,1,71,,341889,2,0,8,1,30,,341880,2,0,8,1,70,,341866,2,0,8,1,30,,341890,2,0,8,1,69,,341881,2,0,8,1,29,,341867,2,0,8,1,70,,341891,2,0,8,1,30,,341882,2,0,8,1,70,,341868,2,0,8,1,30,,341892,2,0,8,1,70,,341883,2,0,8,1,30,,341869,2,0,8,1,70,,341893,2,0,8,1,30,,341884,2,0,8,1,70,,341870,2,0,8,1,30,,341894,2,0,8,1,70,,341885,2,0,8,1,30,,341871,2,0,8,1,70,,341895,2,0,8,1,32,,341886,2,0,8,1,70,,341872,2,0,8,1,31,,341896,2,0,8,1,71,,341887,2,0,8,1,32,,341873,2,0,8,1,71,,341864,2,0,8,1,31,,341878,2,0,8,2,72,,341874,2,0,8,1,33,,341863,2,0,8,1,100,,341888,2,0,8,1,100,,341876,2,0,8,1,100,,341875,2,0,8,1,77,,341877,2,0,8,1
20703,'H60S000S-83-S',510,,341897,2,0,8,2,31,,341909,2,0,8,1,71,,341921,2,0,8,2,32,,341898,2,0,8,2,72,,341910,2,0,8,1,33,,341922,2,0,8,2,71,,341899,2,0,8,2,30,,341911,2,0,8,1,70,,341923,2,0,8,2,30,,341900,2,0,8,2,69,,341912,2,0,8,1,30,,341924,2,0,8,2,70,,341901,2,0,8,2,29,,341913,2,0,8,1,70,,341925,2,0,8,2,30,,341902,2,0,8,2,70,,341914,2,0,8,1,30,,341926,2,0,8,2,69,,341903,2,0,8,2,31,,341915,2,0,8,1,71,,341927,2,0,8,2,31,,341904,2,0,8,2,72,,341916,2,0,8,1,31,,341928,2,0,8,2,72,,341905,2,0,8,2,32,,341917,2,0,8,1,70,,341929,2,0,8,2,30,,341906,2,0,8,2,69,,341918,2,0,8,1,29,,341930,2,0,8,2,70,,341907,2,0,8,2,30,,341919,2,0,8,1,69,,341931,2,0,8,2,30,,341908,2,0,8,2,70,,341920,2,0,8,1,20,,341932,2,0,8,2,91,,341934,2,0,8,1,92,,341933,2,0,8,2,93,,341935,2,0,8,1
20703,'H60S100F-80-F1',703,,341959,2,0,8,1,31,,341947,2,0,8,2,71,,341938,2,0,8,1,30,,341960,2,0,8,1,70,,341948,2,0,8,2,30,,341939,2,0,8,1,69,,341961,2,0,8,1,29,,341949,2,0,8,2,70,,341940,2,0,8,1,30,,341962,2,0,8,1,70,,341950,2,0,8,2,30,,341941,2,0,8,1,70,,341963,2,0,8,1,30,,341951,2,0,8,2,70,,341942,2,0,8,1,30,,341964,2,0,8,1,70,,341952,2,0,8,2,30,,341943,2,0,8,1,70,,341965,2,0,8,1,30,,341953,2,0,8,2,70,,341944,2,0,8,1,32,,341966,2,0,8,1,70,,341954,2,0,8,2,31,,341945,2,0,8,1,71,,341967,2,0,8,1,32,,341955,2,0,8,2,71,,341946,2,0,8,1,31,,341968,2,0,8,1,72,,341936,2,0,8,1,33,,341969,2,0,8,2,100,,341937,2,0,8,1,100,,341956,2,0,8,1,100,,341958,2,0,8,2,77,,341957,2,0,8,1
20703,'H60S200F-80-F2',703,,341993,2,0,8,1,31,,341981,2,0,8,2,71,,341972,2,0,8,1,30,,341994,2,0,8,1,70,,341982,2,0,8,2,30,,341973,2,0,8,1,69,,341995,2,0,8,1,29,,341983,2,0,8,2,70,,341974,2,0,8,1,30,,341996,2,0,8,1,70,,341984,2,0,8,2,30,,341975,2,0,8,1,70,,341997,2,0,8,1,30,,341985,2,0,8,2,70,,341976,2,0,8,1,30,,341998,2,0,8,1,70,,341986,2,0,8,2,30,,341977,2,0,8,1,70,,341999,2,0,8,1,30,,341987,2,0,8,2,70,,341978,2,0,8,1,32,,342000,2,0,8,1,70,,341988,2,0,8,2,31,,341979,2,0,8,1,71,,342001,2,0,8,1,32,,341989,2,0,8,2,71,,341980,2,0,8,1,31,,342002,2,0,8,1,72,,341970,2,0,8,1,33,,342003,2,0,8,2,100,,341971,2,0,8,1,100,,341990,2,0,8,1,100,,341992,2,0,8,2,77,,341991,2,0,8,1
20801,'H60S000A-80-A',602,,342187,2,0,5,1,32,,342205,2,0,5,2,70,,342196,2,0,5,2,29,,342189,2,0,5,1,72,,342206,2,0,5,2,32,,342197,2,0,5,2,73,,342190,2,0,5,1,33,,342207,2,0,5,2,69,,342215,2,0,5,1,29,,342188,2,0,5,1,68,,342201,2,0,5,2,30,,342182,2,0,5,1,69,,342198,2,0,5,2,30,,342191,2,0,5,1,70,,342208,2,0,5,2,31,,342216,2,0,5,1,70,,342212,2,0,5,1,31,,342202,2,0,5,2,69,,342183,2,0,5,1,30,,342199,2,0,5,2,70,,342192,2,0,5,1,30,,342209,2,0,5,2,70,,342217,2,0,5,1,30,,342213,2,0,5,1,70,,342203,2,0,5,2,29,,342184,2,0,5,1,68,,342200,2,0,5,2,29,,342193,2,0,5,1,68,,342210,2,0,5,2,29,,342185,2,0,5,1,72,,342214,2,0,5,1,32,,342204,2,0,5,2,72,,342186,2,0,5,1,33,,342194,2,0,5,1,70,,342211,2,0,5,2,30,,342218,2,0,5,1,72,,342195,2,0,5,1
20801,'H60S000I-81-I',659,,342227,2,0,5,1,70,,342220,2,0,5,1,30,,342235,2,0,5,1,71,,342233,2,0,5,2,72,,342237,2,0,5,1,31,,342241,2,0,5,2,73,,342228,2,0,5,1,33,,342221,2,0,5,1,73,,342236,2,0,5,1,31,,342234,2,0,5,2,71,,342238,2,0,5,1,30,,342242,2,0,5,2,73,,342229,2,0,5,1,33,,342222,2,0,5,1,68,,342252,2,0,5,2,28,,342247,2,0,5,1,67,,342250,2,0,5,1,28,,342239,2,0,5,1,69,,342243,2,0,5,2,29,,342230,2,0,5,1,69,,342223,2,0,5,1,28,,342253,2,0,5,2,66,,342244,2,0,5,2,31,,342251,2,0,5,1,70,,342224,2,0,5,1,30,,342248,2,0,5,1,72,,342231,2,0,5,1,33,,342240,2,0,5,1,72,,342245,2,0,5,2,30,,342226,2,0,5,1,70,,342225,2,0,5,1,30,,342249,2,0,5,1,70,,342232,2,0,5,1,30,,342219,2,0,5,1,70,,342246,2,0,5,2
20801,'H60S000S-83-S',538,,342258,2,0,5,1,71,,342272,2,0,5,2,31,,342276,2,0,5,2,71,,342266,2,0,5,1,30,,342259,2,0,5,1,68,,342273,2,0,5,2,29,,342277,2,0,5,2,70,,342267,2,0,5,1,31,,342278,2,0,5,2,70,,342254,2,0,5,2,31,,342257,2,0,5,1,70,,342268,2,0,5,1,30,,342279,2,0,5,2,70,,342255,2,0,5,2,30,,342260,2,0,5,1,70,,342269,2,0,5,1,29,,342280,2,0,5,2,69,,342262,2,0,5,1,29,,342261,2,0,5,1,68,,342256,2,0,5,1,27,,342281,2,0,5,2,71,,342284,2,0,5,1,30,,342265,2,0,5,1,70,,342270,2,0,5,1,31,,342263,2,0,5,1,71,,342287,2,0,5,2,31,,342274,2,0,5,2,72,,342283,2,0,5,1,31,,342290,2,0,5,1,70,,342285,2,0,5,1,30,,342271,2,0,5,1,70,,342264,2,0,5,1,31,,342282,2,0,5,1,69,,342275,2,0,5,2,30,,342289,2,0,5,1,68,,342288,2,0,5,2,28,,342286,2,0,5,1,68,,342291,2,0,5,2
20801,'H60S100F-80-F1',659,,342299,2,0,5,2,70,,342292,2,0,5,1,30,,342311,2,0,5,1,71,,342305,2,0,5,1,72,,342313,2,0,5,2,31,,342319,2,0,5,1,73,,342300,2,0,5,2,33,,342293,2,0,5,1,73,,342312,2,0,5,1,31,,342306,2,0,5,1,71,,342314,2,0,5,2,30,,342320,2,0,5,1,73,,342301,2,0,5,2,33,,342294,2,0,5,1,68,,342325,2,0,5,2,28,,342308,2,0,5,1,67,,342317,2,0,5,1,28,,342315,2,0,5,2,69,,342321,2,0,5,1,29,,342302,2,0,5,2,69,,342295,2,0,5,1,28,,342326,2,0,5,2,66,,342322,2,0,5,1,31,,342318,2,0,5,1,70,,342296,2,0,5,1,30,,342309,2,0,5,1,72,,342303,2,0,5,2,33,,342316,2,0,5,2,72,,342323,2,0,5,1,30,,342298,2,0,5,2,70,,342297,2,0,5,1,30,,342310,2,0,5,1,70,,342304,2,0,5,2,30,,342307,2,0,5,1,70,,342324,2,0,5,1
20801,'H60S200F-80-F2',659,,342334,2,0,5,2,70,,342327,2,0,5,1,30,,342346,2,0,5,1,71,,342340,2,0,5,1,72,,342348,2,0,5,2,31,,342354,2,0,5,1,73,,342335,2,0,5,2,33,,342328,2,0,5,1,73,,342347,2,0,5,1,31,,342341,2,0,5,1,71,,342349,2,0,5,2,30,,342355,2,0,5,1,73,,342336,2,0,5,2,33,,342329,2,0,5,1,68,,342360,2,0,5,2,28,,342343,2,0,5,1,67,,342352,2,0,5,1,28,,342350,2,0,5,2,69,,342356,2,0,5,1,29,,342337,2,0,5,2,69,,342330,2,0,5,1,28,,342361,2,0,5,2,66,,342357,2,0,5,1,31,,342353,2,0,5,1,70,,342331,2,0,5,1,30,,342344,2,0,5,1,72,,342338,2,0,5,2,33,,342351,2,0,5,2,72,,342358,2,0,5,1,30,,342333,2,0,5,2,70,,342332,2,0,5,1,30,,342345,2,0,5,1,70,,342339,2,0,5,2,30,,342342,2,0,5,1,70,,342359,2,0,5,1
21501,'H60S000A-80-A',447,,344148,3,0,5,1,63,,344149,3,0,5,2,27,,344154,3,0,5,2,73,,344162,3,0,5,2,33,,344172,3,0,5,1,73,,344155,3,0,5,2,32,,344163,3,0,5,2,73,,344157,3,0,5,1,26,,344150,3,0,5,1,64,,344180,3,0,5,1,24,,344164,3,0,5,2,23,,344189,3,0,5,1,66,,344158,3,0,5,1,28,,344186,3,0,5,2,71,,344165,3,0,5,2,32,,344190,3,0,5,1,70,,344159,3,0,5,1,30,,344187,3,0,5,2,70,,344166,3,0,5,2,29,,344191,3,0,5,1,68,,344160,3,0,5,1,27,,344188,3,0,5,2,65,,344167,3,0,5,2,20,,344156,3,0,5,1,19,,344173,3,0,5,1,59,,344161,3,0,5,1,19,,344175,3,0,5,1,20,,344170,3,0,5,1,60,,344168,3,0,5,2,20,,344181,3,0,5,1,18,,344169,3,0,5,2,58,,344174,3,0,5,1,22,,344176,3,0,5,1,25,,344171,3,0,5,1,73,,344182,3,0,5,1,73,,344177,3,0,5,1,33,,344151,3,0,5,1,73,,344183,3,0,5,1,33,,344178,3,0,5,1,73,,344152,3,0,5,1,32,,344184,3,0,5,1,70,,344179,3,0,5,1,33,,344153,3,0,5,1,73,,344185,3,0,5,1
21501,'H60S000I-81-I',448,,344192,3,0,5,1,65,,344202,3,0,5,1,25,,344206,3,0,5,1,65,,344207,3,0,5,1,30,,344193,3,0,5,1,71,,344203,3,0,5,1,33,,344208,3,0,5,1,70,,344194,3,0,5,1,32,,344204,3,0,5,1,72,,344209,3,0,5,1,33,,344195,3,0,5,1,73,,344205,3,0,5,1,33,,344210,3,0,5,1,73,,344196,3,0,5,1,30,,344221,3,0,5,2,66,,344218,3,0,5,1,26,,344211,3,0,5,2,67,,344197,3,0,5,1,29,,344222,3,0,5,2,66,,344225,3,0,5,1,26,,344212,3,0,5,2,70,,344198,3,0,5,1,31,,344223,3,0,5,2,70,,344226,3,0,5,1,30,,344213,3,0,5,2,70,,344199,3,0,5,1,30,,344224,3,0,5,2,70,,344227,3,0,5,1,33,,344214,3,0,5,2,73,,344200,3,0,5,1,33,,344228,3,0,5,1,70,,344215,3,0,5,2,33,,344201,3,0,5,1,72,,344229,3,0,5,1,30,,344216,3,0,5,2,66,,344231,3,0,5,1,24,,344219,3,0,5,1,62,,344230,3,0,5,1,24,,344217,3,0,5,2,26,,344232,3,0,5,1,80,,344220,3,0,5,1
21501,'H60S000S-83-S',444,,344233,3,0,5,1,65,,344239,3,0,5,2,25,,344254,3,0,5,1,66,,344260,3,0,5,2,25,,344263,3,0,5,1,26,,344259,3,0,5,2,65,,344262,3,0,5,2,26,,344251,3,0,5,1,70,,344266,3,0,5,1,29,,344264,3,0,5,2,67,,344234,3,0,5,1,28,,344240,3,0,5,1,68,,344256,3,0,5,1,27,,344267,3,0,5,1,70,,344235,3,0,5,1,31,,344241,3,0,5,1,68,,344257,3,0,5,1,26,,344268,3,0,5,1,25,,344272,3,0,5,1,63,,344236,3,0,5,1,18,,344242,3,0,5,1,16,,344274,3,0,5,2,56,,344258,3,0,5,1,17,,344270,3,0,5,1,14,,344269,3,0,5,1,12,,344273,3,0,5,1,12,,344265,3,0,5,1,54,,344237,3,0,5,1,11,,344261,3,0,5,1,13,,344243,3,0,5,1,16,,344250,3,0,5,2,58,,344246,3,0,5,2,18,,344271,3,0,5,1,17,,344276,3,0,5,1,58,,344275,3,0,5,1,21,,344238,3,0,5,1,23,,344244,3,0,5,1,68,,344247,3,0,5,2,27,,344277,3,0,5,1,68,,344283,3,0,5,1,31,,344245,3,0,5,1,70,,344248,3,0,5,2,31,,344284,3,0,5,2,71,,344281,3,0,5,1,29,,344252,3,0,5,1,72,,344249,3,0,5,2,31,,344279,3,0,5,1,70,,344282,3,0,5,1,30,,344278,3,0,5,2,85,,344280,3,0,5,1
21501,'H60S100F-80-F1',448,,344285,3,0,5,1,65,,344296,3,0,5,2,25,,344300,3,0,5,1,65,,344301,3,0,5,1,30,,344286,3,0,5,1,71,,344297,3,0,5,2,33,,344302,3,0,5,1,70,,344287,3,0,5,1,32,,344298,3,0,5,2,72,,344303,3,0,5,1,33,,344288,3,0,5,1,73,,344299,3,0,5,2,33,,344304,3,0,5,1,73,,344289,3,0,5,1,30,,344319,3,0,5,2,66,,344318,3,0,5,1,26,,344311,3,0,5,2,67,,344290,3,0,5,1,29,,344320,3,0,5,2,66,,344305,3,0,5,1,26,,344312,3,0,5,2,70,,344291,3,0,5,1,31,,344321,3,0,5,2,70,,344306,3,0,5,1,30,,344313,3,0,5,2,70,,344292,3,0,5,1,30,,344322,3,0,5,2,70,,344307,3,0,5,1,33,,344314,3,0,5,2,73,,344293,3,0,5,1,33,,344308,3,0,5,1,70,,344315,3,0,5,2,33,,344294,3,0,5,1,72,,344309,3,0,5,1,30,,344316,3,0,5,2,66,,344324,3,0,5,1,24,,344295,3,0,5,1,62,,344310,3,0,5,1,24,,344317,3,0,5,2,26,,344325,3,0,5,1,80,,344323,3,0,5,1
21501,'H60S200F-80-F2',448,,344326,3,0,5,1,65,,344337,3,0,5,2,25,,344341,3,0,5,1,65,,344342,3,0,5,1,30,,344327,3,0,5,1,71,,344338,3,0,5,2,33,,344343,3,0,5,1,70,,344328,3,0,5,1,32,,344339,3,0,5,2,72,,344344,3,0,5,1,33,,344329,3,0,5,1,73,,344340,3,0,5,2,33,,344345,3,0,5,1,73,,344330,3,0,5,1,30,,344360,3,0,5,2,66,,344359,3,0,5,1,26,,344352,3,0,5,2,67,,344331,3,0,5,1,29,,344361,3,0,5,2,66,,344346,3,0,5,1,26,,344353,3,0,5,2,70,,344332,3,0,5,1,31,,344362,3,0,5,2,70,,344347,3,0,5,1,30,,344354,3,0,5,2,70,,344333,3,0,5,1,30,,344363,3,0,5,2,70,,344348,3,0,5,1,33,,344355,3,0,5,2,73,,344334,3,0,5,1,33,,344349,3,0,5,1,70,,344356,3,0,5,2,33,,344335,3,0,5,1,72,,344350,3,0,5,1,30,,344357,3,0,5,2,66,,344365,3,0,5,1,24,,344336,3,0,5,1,62,,344351,3,0,5,1,24,,344358,3,0,5,2,26,,344366,3,0,5,1,80,,344364,3,0,5,1
23002,'H60S000A-80-A',533,,345756,31,0,10,1,70,,345782,31,0,10,2,31,,345769,31,0,10,1,72,,345757,31,0,10,1,31,,345783,31,0,10,2,71,,345770,31,0,10,1,31,,345758,31,0,10,1,72,,345784,31,0,10,2,31,,345771,31,0,10,1,71,,345759,31,0,10,1,33,,345785,31,0,10,2,73,,345772,31,0,10,1,31,,345760,31,0,10,1,73,,345786,31,0,10,2,33,,345773,31,0,10,1,71,,345761,31,0,10,1,73,,345787,31,0,10,2,33,,345774,31,0,10,1,73,,345762,31,0,10,1,33,,345788,31,0,10,2,73,,345775,31,0,10,1,33,,345763,31,0,10,1,73,,345789,31,0,10,2,32,,345776,31,0,10,1,73,,345764,31,0,10,1,32,,345790,31,0,10,2,72,,345777,31,0,10,1,32,,345765,31,0,10,1,70,,345791,31,0,10,2,72,,345778,31,0,10,1,32,,345766,31,0,10,1,70,,345792,31,0,10,2,32,,345779,31,0,10,1,72,,345767,31,0,10,1,30,,345793,31,0,10,2,71,,345780,31,0,10,1,31,,345768,31,0,10,1,71,,345794,31,0,10,2,31,,345781,31,0,10,1
23002,'H60S000I-81-I',533,,345795,31,0,10,1,70,,345821,31,0,10,2,31,,345808,31,0,10,1,72,,345796,31,0,10,1,31,,345822,31,0,10,2,71,,345809,31,0,10,1,31,,345797,31,0,10,1,71,,345823,31,0,10,2,31,,345810,31,0,10,1,71,,345798,31,0,10,1,30,,345824,31,0,10,2,72,,345811,31,0,10,1,30,,345799,31,0,10,1,70,,345825,31,0,10,2,32,,345812,31,0,10,1,70,,345800,31,0,10,1,30,,345826,31,0,10,2,72,,345813,31,0,10,1,30,,345801,31,0,10,1,72,,345827,31,0,10,2,33,,345814,31,0,10,1,70,,345802,31,0,10,1,32,,345828,31,0,10,2,73,,345815,31,0,10,1,30,,345803,31,0,10,1,71,,345829,31,0,10,2,71,,345816,31,0,10,1,29,,345804,31,0,10,1,30,,345830,31,0,10,2,71,,345817,31,0,10,1,29,,345805,31,0,10,1,70,,345831,31,0,10,2,71,,345818,31,0,10,1,30,,345806,31,0,10,1,70,,345832,31,0,10,2,32,,345819,31,0,10,1,73,,345807,31,0,10,1,33,,345833,31,0,10,2,73,,345820,31,0,10,1
23002,'H60S000S-83-S',530,,345834,31,0,10,2,27,,345850,31,0,10,1,66,,345860,34,0,99 94,1,15,,345848,31,0,10,2,12,,345841,31,0,10,2,55,,345868,34,0,99 94,1,9,,345881,31,0,10,2,13,,345879,34,0,99 94,2,12,,345835,31,0,10,2,16,,345880,34,0,99 94,2,54,,345861,31,0,10,1,17,,345849,34,0,99 94,2,16,,345842,31,0,10,2,60,,345869,34,0,99 94,1,28,,345836,31,0,10,2,29,,345862,31,0,10,1,70,,345843,31,0,10,2,27,,345870,31,0,10,1,70,,345837,31,0,10,2,30,,345863,31,0,10,1,70,,345844,31,0,10,2,30,,345871,31,0,10,1,70,,345838,31,0,10,2,30,,345864,31,0,10,1,72,,345845,31,0,10,2,74,,345872,31,0,10,1,25,,345839,31,0,10,2,26,,345865,31,0,10,1,63,,345846,31,0,10,2,21,,345882,31,0,10,1,16,,345873,31,0,10,1,55,,345884,31,0,10,2,18,,345840,31,0,10,2,14,,345866,31,0,10,1,14,,345851,31,0,10,1,55,,345847,31,0,10,2,16,,345883,31,0,10,1,17,,345874,31,0,10,1,60,,345856,31,0,10,1,23,,345867,31,0,10,1,23,,345852,31,0,10,1,71,,345875,31,0,10,1,33,,345857,31,0,10,1,73,,345853,31,0,10,1,31,,345876,31,0,10,1,72,,345858,31,0,10,1,72,,345854,31,0,10,1,33,,345877,31,0,10,1,73,,345859,31,0,10,1,33,,345855,31,0,10,1,73,,345878,31,0,10,1
23002,'H60S100F-80-F1',533,,345885,31,0,10,1,70,,345909,31,0,10,2,31,,345896,31,0,10,1,72,,345886,31,0,10,1,31,,345910,31,0,10,2,71,,345897,31,0,10,1,31,,345887,31,0,10,1,71,,345911,31,0,10,2,31,,345898,31,0,10,1,71,,345888,31,0,10,1,30,,345912,31,0,10,2,72,,345899,31,0,10,1,30,,345889,31,0,10,1,70,,345913,31,0,10,2,32,,345900,31,0,10,1,70,,345890,31,0,10,1,30,,345914,31,0,10,2,72,,345901,31,0,10,1,30,,345891,31,0,10,1,72,,345915,31,0,10,2,33,,345902,31,0,10,1,70,,345892,31,0,10,1,32,,345916,31,0,10,2,73,,345903,31,0,10,1,30,,345893,31,0,10,1,71,,345917,31,0,10,2,71,,345904,31,0,10,1,29,,345894,31,0,10,1,30,,345918,31,0,10,2,71,,345905,31,0,10,1,29,,345895,31,0,10,1,70,,345919,31,0,10,2,71,,345906,31,0,10,1,30,,345922,31,0,10,1,70,,345920,31,0,10,2,32,,345907,31,0,10,1,73,,345923,31,0,10,1,33,,345921,31,0,10,2,73,,345908,31,0,10,1
23002,'H60S200F-80-F2',533,,345924,31,0,10,1,70,,345948,31,0,10,2,31,,345935,31,0,10,1,72,,345925,31,0,10,1,31,,345949,31,0,10,2,71,,345936,31,0,10,1,31,,345926,31,0,10,1,71,,345950,31,0,10,2,31,,345937,31,0,10,1,71,,345927,31,0,10,1,30,,345951,31,0,10,2,72,,345938,31,0,10,1,30,,345928,31,0,10,1,70,,345952,31,0,10,2,32,,345939,31,0,10,1,70,,345929,31,0,10,1,30,,345953,31,0,10,2,72,,345940,31,0,10,1,30,,345930,31,0,10,1,72,,345954,31,0,10,2,33,,345941,31,0,10,1,70,,345931,31,0,10,1,32,,345955,31,0,10,2,73,,345942,31,0,10,1,30,,345932,31,0,10,1,71,,345956,31,0,10,2,71,,345943,31,0,10,1,29,,345933,31,0,10,1,30,,345957,31,0,10,2,71,,345944,31,0,10,1,29,,345934,31,0,10,1,70,,345958,31,0,10,2,71,,345945,31,0,10,1,30,,345961,31,0,10,1,70,,345959,31,0,10,2,32,,345946,31,0,10,1,73,,345962,31,0,10,1,33,,345960,31,0,10,2,73,,345947,31,0,10,1
47002,'H50S000A-82-A',552,,350157,4,0,10,1,70,,350174,4,0,10,2,30,,350182,4,0,10,1,70,,350166,4,0,10,2,30,,350158,4,0,10,1,70,,350175,4,0,10,2,30,,350183,4,0,10,1,70,,350167,4,0,10,2,31,,350159,4,0,10,1,70,,350176,4,0,10,2,30,,350184,4,0,10,1,70,,350168,4,0,10,2,30,,350160,4,0,10,1,71,,350177,4,0,10,2,31,,350185,4,0,10,1,70,,350169,4,0,10,2,31,,350161,4,0,10,1,71,,350178,4,0,10,2,31,,350186,4,0,10,1,72,,350170,4,0,10,2,72,,350162,4,0,10,1,32,,350179,4,0,10,2,71,,350187,4,0,10,1,31,,350171,4,0,10,2,71,,350163,4,0,10,1,29,,350180,4,0,10,2,68,,350188,4,0,10,1,29,,350172,4,0,10,2,69,,350164,4,0,10,1,29,,350181,4,0,10,2,28,,350189,4,0,10,1,68,,350173,4,0,10,2,28,,350165,4,0,10,1
47002,'H50S000I-82-I',553,,350214,4,0,10,1,70,,350198,4,0,10,2,30,,350206,4,0,10,1,70,,350190,4,0,10,2,30,,350215,4,0,10,1,70,,350199,4,0,10,2,30,,350207,4,0,10,1,70,,350191,4,0,10,2,30,,350216,4,0,10,1,70,,350200,4,0,10,2,31,,350208,4,0,10,1,70,,350192,4,0,10,2,30,,350217,4,0,10,1,70,,350201,4,0,10,2,29,,350209,4,0,10,1,70,,350193,4,0,10,2,30,,350218,4,0,10,1,70,,350202,4,0,10,2,31,,350210,4,0,10,1,70,,350194,4,0,10,2,30,,350219,4,0,10,1,70,,350203,4,0,10,2,31,,350211,4,0,10,1,71,,350195,4,0,10,2,31,,350220,4,0,10,1,70,,350204,4,0,10,2,30,,350212,4,0,10,1,69,,350196,4,0,10,2,30,,350221,4,0,10,1,70,,350205,4,0,10,2,29,,350213,4,0,10,1,69,,350197,4,0,10,2,29,,350222,4,0,10,1
47002,'H50S000S-82-S',523,,350237,4,0,10,2,29,,350226,4,0,10,1,70,,350228,4,0,10,2,30,,350263,4,0,10,2,60,,350265,4,0,10,1,17,,350238,4,0,10,2,19,,350227,4,0,10,1,58,,350255,4,0,10,1,20,,350229,4,0,10,2,22,,350248,4,0,10,1,64,,350224,4,0,10,1,25,,350239,4,0,10,2,67,,350256,4,0,10,1,28,,350230,4,0,10,2,68,,350249,4,0,10,1,28,,350240,4,0,10,2,29,,350257,4,0,10,1,70,,350231,4,0,10,2,30,,350250,4,0,10,1,66,,350241,4,0,10,2,18,,350264,4,0,10,2,18,,350258,4,0,10,1,58,,350266,4,0,10,1,19,,350232,4,0,10,2,18,,350251,4,0,10,1,56,,350223,4,0,10,1,16,,350242,4,0,10,2,12,,350225,4,0,10,1,12,,350246,4,0,10,2,51,,350259,4,0,10,1,11,,350247,4,0,10,2,11,,350267,4,0,10,1,20,,350233,4,0,10,2,63,,350252,4,0,10,1,13,,350268,4,0,10,1,12,,350243,4,0,10,2,73,,350260,4,0,10,1,37,,350234,4,0,10,2,68,,350253,4,0,10,1,21,,350244,4,0,10,2,70,,350261,4,0,10,1,30,,350235,4,0,10,2,28,,350254,4,0,10,1,70,,350245,4,0,10,2,30,,350262,4,0,10,1,70,,350236,4,0,10,2
47002,'H50S100F-80-F1',553,,350293,4,0,10,1,70,,350277,4,0,10,2,30,,350285,4,0,10,1,70,,350269,4,0,10,2,30,,350294,4,0,10,1,70,,350278,4,0,10,2,30,,350286,4,0,10,1,70,,350270,4,0,10,2,30,,350295,4,0,10,1,70,,350279,4,0,10,2,31,,350287,4,0,10,1,70,,350271,4,0,10,2,30,,350296,4,0,10,1,70,,350280,4,0,10,2,29,,350288,4,0,10,1,70,,350272,4,0,10,2,30,,350297,4,0,10,1,70,,350281,4,0,10,2,31,,350289,4,0,10,1,70,,350273,4,0,10,2,30,,350298,4,0,10,1,70,,350282,4,0,10,2,31,,350290,4,0,10,1,71,,350274,4,0,10,2,31,,350299,4,0,10,1,70,,350283,4,0,10,2,30,,350291,4,0,10,1,69,,350275,4,0,10,2,30,,350300,4,0,10,1,70,,350284,4,0,10,2,29,,350292,4,0,10,1,69,,350276,4,0,10,2,29,,350301,4,0,10,1
47002,'H50S200F-80-F2',553,,350326,4,0,10,1,70,,350310,4,0,10,2,30,,350318,4,0,10,1,70,,350302,4,0,10,2,30,,350327,4,0,10,1,70,,350311,4,0,10,2,30,,350319,4,0,10,1,70,,350303,4,0,10,2,30,,350328,4,0,10,1,70,,350312,4,0,10,2,31,,350320,4,0,10,1,70,,350304,4,0,10,2,30,,350329,4,0,10,1,70,,350313,4,0,10,2,29,,350321,4,0,10,1,70,,350305,4,0,10,2,30,,350330,4,0,10,1,70,,350314,4,0,10,2,31,,350322,4,0,10,1,70,,350306,4,0,10,2,30,,350331,4,0,10,1,70,,350315,4,0,10,2,31,,350323,4,0,10,1,71,,350307,4,0,10,2,31,,350332,4,0,10,1,70,,350316,4,0,10,2,30,,350324,4,0,10,1,69,,350308,4,0,10,2,30,,350333,4,0,10,1,70,,350317,4,0,10,2,29,,350325,4,0,10,1,69,,350309,4,0,10,2,29,,350334,4,0,10,1
47002,'H60S000S-83-S',1633,,350339,4,0,10,2,21,,350335,4,0,10,2,88,,350340,4,0,10,2,11,,350337,4,0,10,1,62,,350336,4,0,10,1,12,,350338,4,0,10,2,30,,350341,4,0,10,2
