3701,'H56S000A-80-A',536,,296737,27,0,5,1,20,,296736,27,0,5,1,70,,296713,27,0,5,1,30,,296726,27,0,5,1,70,,296735,27,0,5,1,30,,296706,27,0,5,1,70,,296699,27,0,5,1,30,,296720,27,0,5,1,74,,296727,27,0,5,1,70,,296714,27,0,5,1,30,,296707,27,0,5,1,70,,296700,27,0,5,1,32,,296721,27,0,5,1,70,,296728,27,0,5,1,30,,296715,27,0,5,1,71,,296708,27,0,5,1,30,,296701,27,0,5,1,70,,296722,27,0,5,1,30,,296729,27,0,5,1,70,,296716,27,0,5,1,30,,296709,27,0,5,1,70,,296702,27,0,5,1,29,,296723,27,0,5,1,70,,296730,27,0,5,1,30,,296717,27,0,5,1,70,,296710,27,0,5,1,30,,296703,27,0,5,1,70,,296724,27,0,5,1,27,,296731,27,0,5,1,29,,296718,27,0,5,1,70,,296711,27,0,5,1,29,,296704,27,0,5,1,70,,296725,27,0,5,1,30,,296732,27,0,5,1,70,,296719,27,0,5,1,30,,296712,27,0,5,1,70,,296705,27,0,5,1,27,,296697,27,0,5,1,71,,296733,27,0,5,1,30,,296698,27,0,5,1,73,,296734,27,0,5,1
3701,'H56S000I-80-I',535,,296762,27,0,5,1,65,,296746,27,0,5,1,33,,296763,27,0,5,1,70,,296747,27,0,5,1,31,,296764,27,0,5,1,71,,296748,27,0,5,1,31,,296765,27,0,5,1,70,,296749,27,0,5,1,35,,296766,27,0,5,1,71,,296750,27,0,5,1,33,,296767,27,0,5,1,72,,296751,27,0,5,1,34,,296738,27,0,5,1,73,,296770,27,0,5,1,31,,296756,27,0,5,1,70,,296739,27,0,5,1,29,,296771,27,0,5,1,69,,296757,27,0,5,1,29,,296740,27,0,5,1,69,,296772,27,0,5,1,29,,296758,27,0,5,1,69,,296741,27,0,5,1,28,,296773,27,0,5,1,68,,296759,27,0,5,1,28,,296742,27,0,5,1,70,,296752,27,0,5,1,30,,296774,27,0,5,1,69,,296768,27,0,5,1,29,,296760,27,0,5,1,69,,296743,27,0,5,1,30,,296753,27,0,5,1,70,,296775,27,0,5,1,29,,296769,27,0,5,1,69,,296761,27,0,5,1,30,,296744,27,0,5,1,67,,296754,27,0,5,1,30,,296776,27,0,5,1,71,,296755,27,0,5,1,29,,296777,27,0,5,1,71,,296745,27,0,5,1
3701,'H56S000S-82-S',556,,296789,27,0,5,1,74,,296814,27,0,5,1,77,,296790,27,0,5,1,33,,296811,27,0,5,1,72,,296778,27,0,5,1,30,,296791,27,0,5,1,68,,296812,27,0,5,1,29,,296779,27,0,5,1,70,,296792,27,0,5,1,30,,296802,27,0,5,1,70,,296780,27,0,5,1,30,,296793,27,0,5,1,71,,296803,27,0,5,1,31,,296781,27,0,5,1,70,,296794,27,0,5,1,30,,296804,27,0,5,1,70,,296782,27,0,5,1,30,,296795,27,0,5,1,70,,296805,27,0,5,1,32,,296783,27,0,5,1,72,,296796,27,0,5,1,30,,296806,27,0,5,1,70,,296784,27,0,5,1,29,,296797,27,0,5,1,70,,296807,27,0,5,1,26,,296785,27,0,5,1,70,,296798,27,0,5,1,30,,296808,27,0,5,1,67,,296786,27,0,5,1,30,,296799,27,0,5,1,70,,296809,27,0,5,1,29,,296787,27,0,5,1,70,,296800,27,0,5,1,30,,296810,27,0,5,1,70,,296788,27,0,5,1,28,,296813,27,0,5,1,69,,296815,27,0,5,1,29,,296801,27,0,5,1
3701,'H56S100F-80-F1',535,,296840,27,0,5,1,65,,296824,27,0,5,1,33,,296841,27,0,5,1,70,,296825,27,0,5,1,31,,296842,27,0,5,1,71,,296826,27,0,5,1,31,,296843,27,0,5,1,70,,296827,27,0,5,1,35,,296844,27,0,5,1,71,,296828,27,0,5,1,33,,296845,27,0,5,1,72,,296829,27,0,5,1,34,,296816,27,0,5,1,73,,296848,27,0,5,1,31,,296834,27,0,5,1,70,,296817,27,0,5,1,29,,296849,27,0,5,1,69,,296835,27,0,5,1,29,,296818,27,0,5,1,69,,296850,27,0,5,1,29,,296836,27,0,5,1,69,,296819,27,0,5,1,28,,296851,27,0,5,1,68,,296837,27,0,5,1,28,,296820,27,0,5,1,70,,296830,27,0,5,1,30,,296852,27,0,5,1,69,,296846,27,0,5,1,29,,296838,27,0,5,1,69,,296821,27,0,5,1,30,,296831,27,0,5,1,70,,296853,27,0,5,1,29,,296847,27,0,5,1,69,,296839,27,0,5,1,30,,296822,27,0,5,1,67,,296832,27,0,5,1,30,,296854,27,0,5,1,71,,296833,27,0,5,1,29,,296855,27,0,5,1,71,,296823,27,0,5,1
3701,'H56S200F-80-F2',535,,296880,27,0,5,1,65,,296864,27,0,5,1,33,,296881,27,0,5,1,70,,296865,27,0,5,1,31,,296882,27,0,5,1,71,,296866,27,0,5,1,31,,296883,27,0,5,1,70,,296867,27,0,5,1,35,,296884,27,0,5,1,71,,296868,27,0,5,1,33,,296885,27,0,5,1,72,,296869,27,0,5,1,34,,296856,27,0,5,1,73,,296888,27,0,5,1,31,,296874,27,0,5,1,70,,296857,27,0,5,1,29,,296889,27,0,5,1,69,,296875,27,0,5,1,29,,296858,27,0,5,1,69,,296890,27,0,5,1,29,,296876,27,0,5,1,69,,296859,27,0,5,1,28,,296891,27,0,5,1,68,,296877,27,0,5,1,28,,296860,27,0,5,1,70,,296870,27,0,5,1,30,,296892,27,0,5,1,69,,296886,27,0,5,1,29,,296878,27,0,5,1,69,,296861,27,0,5,1,30,,296871,27,0,5,1,70,,296893,27,0,5,1,29,,296887,27,0,5,1,69,,296879,27,0,5,1,30,,296862,27,0,5,1,67,,296872,27,0,5,1,30,,296894,27,0,5,1,71,,296873,27,0,5,1,29,,296895,27,0,5,1,71,,296863,27,0,5,1
3804,'H56S000A-80-A',554,,297326,21,0,9,1,72,,297334,21,0,9,1,74,,297335,21,0,9,1,33,,297311,21,0,9,1,73,,297327,21,0,9,1,33,,297312,21,0,9,1,73,,297305,21,0,9,1,32,,297299,21,0,9,1,71,,297320,21,0,9,1,30,,297328,21,0,9,1,70,,297313,21,0,9,1,30,,297306,21,0,9,1,70,,297300,21,0,9,1,32,,297321,21,0,9,1,70,,297329,21,0,9,1,30,,297314,21,0,9,1,70,,297307,21,0,9,1,30,,297301,21,0,9,1,70,,297322,21,0,9,1,30,,297330,21,0,9,1,70,,297315,21,0,9,1,30,,297308,21,0,9,1,70,,297302,21,0,9,1,30,,297323,21,0,9,1,70,,297331,21,0,9,1,30,,297316,21,0,9,1,69,,297309,21,0,9,1,30,,297303,21,0,9,1,70,,297324,21,0,9,1,30,,297332,21,0,9,1,70,,297317,21,0,9,1,28,,297310,21,0,9,1,70,,297304,21,0,9,1,28,,297325,21,0,9,1,70,,297333,21,0,9,1,32,,297318,21,0,9,1,73,,297336,21,0,9,1,33,,297319,21,0,9,1,73,,297337,21,0,9,1
3804,'H56S000I-80-I',553,,297365,21,0,9,1,71,,297338,21,0,9,1,30,,297366,21,0,9,1,71,,297339,21,0,9,1,30,,297367,21,0,9,1,72,,297340,21,0,9,1,32,,297368,21,0,9,1,71,,297341,21,0,9,1,74,,297369,21,0,9,1,34,,297342,21,0,9,1,74,,297370,21,0,9,1,23,,297353,21,0,9,1,68,,297357,21,0,9,1,30,,297346,21,0,9,1,69,,297371,21,0,9,1,29,,297358,21,0,9,1,70,,297347,21,0,9,1,30,,297372,21,0,9,1,70,,297359,21,0,9,1,30,,297348,21,0,9,1,70,,297373,21,0,9,1,30,,297360,21,0,9,1,70,,297349,21,0,9,1,28,,297374,21,0,9,1,30,,297361,21,0,9,1,70,,297354,21,0,9,1,30,,297343,21,0,9,1,70,,297350,21,0,9,1,30,,297375,21,0,9,1,68,,297362,21,0,9,1,29,,297355,21,0,9,1,70,,297344,21,0,9,1,30,,297351,21,0,9,1,70,,297376,21,0,9,1,30,,297363,21,0,9,1,70,,297356,21,0,9,1,29,,297345,21,0,9,1,70,,297364,21,0,9,1,30,,297377,21,0,9,1,70,,297352,21,0,9,1
3804,'H56S000S-82-S',554,,297416,21,0,9,2,75,,297385,21,0,9,1,74,,297417,21,0,9,2,35,,297381,21,0,9,1,75,,297395,21,0,9,1,31,,297406,21,0,9,1,69,,297382,21,0,9,1,28,,297396,21,0,9,1,69,,297407,21,0,9,1,29,,297386,21,0,9,1,70,,297397,21,0,9,1,30,,297408,21,0,9,1,70,,297387,21,0,9,1,30,,297398,21,0,9,1,70,,297409,21,0,9,1,30,,297388,21,0,9,1,70,,297399,21,0,9,1,33,,297410,21,0,9,1,70,,297389,21,0,9,1,30,,297400,21,0,9,1,70,,297411,21,0,9,1,30,,297390,21,0,9,1,70,,297401,21,0,9,1,30,,297412,21,0,9,1,69,,297391,21,0,9,1,28,,297402,21,0,9,1,70,,297413,21,0,9,1,29,,297392,21,0,9,1,68,,297403,21,0,9,1,29,,297414,21,0,9,1,69,,297393,21,0,9,1,29,,297404,21,0,9,1,69,,297415,21,0,9,1,26,,297394,21,0,9,1,28,,297405,21,0,9,1,69,,297380,21,0,9,1,28,,297383,21,0,9,1,69,,297378,21,0,9,1,30,,297384,21,0,9,1,70,,297379,21,0,9,1
3804,'H56S100F-80-F1',553,,297445,21,0,9,1,71,,297418,21,0,9,1,30,,297446,21,0,9,1,71,,297419,21,0,9,1,30,,297447,21,0,9,1,72,,297420,21,0,9,1,32,,297448,21,0,9,1,71,,297421,21,0,9,1,74,,297449,21,0,9,1,34,,297422,21,0,9,1,74,,297450,21,0,9,1,23,,297433,21,0,9,1,68,,297437,21,0,9,1,30,,297426,21,0,9,1,69,,297451,21,0,9,1,29,,297438,21,0,9,1,70,,297427,21,0,9,1,30,,297452,21,0,9,1,70,,297439,21,0,9,1,30,,297428,21,0,9,1,70,,297453,21,0,9,1,30,,297440,21,0,9,1,70,,297429,21,0,9,1,28,,297454,21,0,9,1,30,,297441,21,0,9,1,70,,297434,21,0,9,1,30,,297423,21,0,9,1,70,,297430,21,0,9,1,30,,297455,21,0,9,1,68,,297442,21,0,9,1,29,,297435,21,0,9,1,70,,297424,21,0,9,1,30,,297431,21,0,9,1,70,,297456,21,0,9,1,30,,297443,21,0,9,1,70,,297436,21,0,9,1,29,,297425,21,0,9,1,70,,297444,21,0,9,1,30,,297457,21,0,9,1,70,,297432,21,0,9,1
3804,'H56S200F-80-F2',553,,297485,21,0,9,1,71,,297458,21,0,9,1,30,,297486,21,0,9,1,71,,297459,21,0,9,1,30,,297487,21,0,9,1,72,,297460,21,0,9,1,32,,297488,21,0,9,1,71,,297461,21,0,9,1,74,,297489,21,0,9,1,34,,297462,21,0,9,1,74,,297490,21,0,9,1,23,,297473,21,0,9,1,68,,297477,21,0,9,1,30,,297466,21,0,9,1,69,,297491,21,0,9,1,29,,297478,21,0,9,1,70,,297467,21,0,9,1,30,,297492,21,0,9,1,70,,297479,21,0,9,1,30,,297468,21,0,9,1,70,,297493,21,0,9,1,30,,297480,21,0,9,1,70,,297469,21,0,9,1,28,,297494,21,0,9,1,30,,297481,21,0,9,1,70,,297474,21,0,9,1,30,,297463,21,0,9,1,70,,297470,21,0,9,1,30,,297495,21,0,9,1,68,,297482,21,0,9,1,29,,297475,21,0,9,1,70,,297464,21,0,9,1,30,,297471,21,0,9,1,70,,297496,21,0,9,1,30,,297483,21,0,9,1,70,,297476,21,0,9,1,29,,297465,21,0,9,1,70,,297484,21,0,9,1,30,,297497,21,0,9,1,70,,297472,21,0,9,1
7103,'H56S000A-80-A',530,,308252,7,0,8,2,73,,308240,7,0,8,1,33,,308253,7,0,8,2,74,,308241,7,0,8,1,33,,308254,7,0,8,2,73,,308242,7,0,8,1,33,,308255,7,0,8,2,73,,308266,7,0,8,2,33,,308243,7,0,8,1,71,,308256,7,0,8,2,30,,308267,7,0,8,2,70,,308244,7,0,8,1,30,,308257,7,0,8,2,71,,308268,7,0,8,2,32,,308245,7,0,8,1,70,,308258,7,0,8,2,30,,308269,7,0,8,2,70,,308246,7,0,8,1,30,,308259,7,0,8,2,70,,308270,7,0,8,2,71,,308247,7,0,8,1,31,,308260,7,0,8,2,71,,308271,7,0,8,2,30,,308248,7,0,8,1,71,,308261,7,0,8,2,29,,308272,7,0,8,2,68,,308249,7,0,8,1,28,,308262,7,0,8,2,30,,308273,7,0,8,2,68,,308250,7,0,8,1,29,,308263,7,0,8,2,67,,308274,7,0,8,2,27,,308251,7,0,8,1,67,,308264,7,0,8,2,30,,308275,7,0,8,2,69,,308276,7,0,8,1,28,,308265,7,0,8,2,68,,308278,7,0,8,2,33,,308277,7,0,8,1
7103,'H56S000I-80-I',529,,308293,7,0,8,1,73,,308279,7,0,8,2,33,,308294,7,0,8,1,73,,308280,7,0,8,2,33,,308295,7,0,8,1,74,,308281,7,0,8,2,33,,308296,7,0,8,1,76,,308282,7,0,8,2,33,,308297,7,0,8,1,70,,308308,7,0,8,1,30,,308283,7,0,8,2,70,,308298,7,0,8,1,30,,308309,7,0,8,1,70,,308284,7,0,8,2,31,,308299,7,0,8,1,70,,308310,7,0,8,1,30,,308285,7,0,8,2,70,,308300,7,0,8,1,31,,308311,7,0,8,1,71,,308286,7,0,8,2,71,,308301,7,0,8,1,32,,308312,7,0,8,1,69,,308287,7,0,8,2,30,,308302,7,0,8,1,69,,308313,7,0,8,1,30,,308288,7,0,8,2,69,,308303,7,0,8,1,28,,308314,7,0,8,1,72,,308289,7,0,8,2,30,,308304,7,0,8,1,29,,308315,7,0,8,1,66,,308290,7,0,8,2,29,,308305,7,0,8,1,69,,308316,7,0,8,1,28,,308291,7,0,8,2,69,,308306,7,0,8,1,28,,308317,7,0,8,1,68,,308292,7,0,8,2,29,,308307,7,0,8,1
7103,'H56S000S-82-S',516,,308325,7,0,8,1,33,,308324,7,0,8,2,73,,308326,7,0,8,1,35,,308344,7,0,8,1,74,,308334,7,0,8,2,72,,308327,7,0,8,1,31,,308345,7,0,8,1,70,,308335,7,0,8,2,31,,308328,7,0,8,1,69,,308346,7,0,8,1,30,,308336,7,0,8,2,69,,308329,7,0,8,1,29,,308347,7,0,8,1,69,,308337,7,0,8,2,29,,308330,7,0,8,1,70,,308348,7,0,8,1,30,,308338,7,0,8,2,29,,308331,7,0,8,1,71,,308349,7,0,8,1,71,,308339,7,0,8,2,30,,308332,7,0,8,1,71,,308350,7,0,8,1,32,,308340,7,0,8,2,24,,308318,7,0,8,1,64,,308333,7,0,8,1,22,,308351,7,0,8,1,69,,308341,7,0,8,2,29,,308319,7,0,8,1,68,,308352,7,0,8,1,28,,308342,7,0,8,2,69,,308320,7,0,8,1,28,,308353,7,0,8,1,68,,308343,7,0,8,2,29,,308321,7,0,8,1,69,,308354,7,0,8,1,30,,308355,7,0,8,1,72,,308322,7,0,8,1,33,,308356,7,0,8,1,73,,308323,7,0,8,1,33,,308357,7,0,8,1
7103,'H56S100F-80-F1',529,,308372,7,0,8,1,73,,308358,7,0,8,2,33,,308373,7,0,8,1,73,,308359,7,0,8,2,33,,308374,7,0,8,1,74,,308360,7,0,8,2,33,,308375,7,0,8,1,76,,308361,7,0,8,2,33,,308376,7,0,8,1,70,,308387,7,0,8,1,30,,308362,7,0,8,2,70,,308377,7,0,8,1,30,,308388,7,0,8,1,70,,308363,7,0,8,2,31,,308378,7,0,8,1,70,,308389,7,0,8,1,30,,308364,7,0,8,2,70,,308379,7,0,8,1,31,,308390,7,0,8,1,71,,308365,7,0,8,2,71,,308380,7,0,8,1,32,,308391,7,0,8,1,69,,308366,7,0,8,2,30,,308381,7,0,8,1,69,,308392,7,0,8,1,30,,308367,7,0,8,2,69,,308382,7,0,8,1,28,,308393,7,0,8,1,72,,308368,7,0,8,2,30,,308383,7,0,8,1,29,,308394,7,0,8,1,66,,308369,7,0,8,2,29,,308384,7,0,8,1,69,,308395,7,0,8,1,28,,308370,7,0,8,2,69,,308385,7,0,8,1,28,,308396,7,0,8,1,68,,308371,7,0,8,2,29,,308386,7,0,8,1
7103,'H56S200F-80-F2',529,,308411,7,0,8,1,73,,308397,7,0,8,2,33,,308412,7,0,8,1,73,,308398,7,0,8,2,33,,308413,7,0,8,1,74,,308399,7,0,8,2,33,,308414,7,0,8,1,76,,308400,7,0,8,2,33,,308415,7,0,8,1,70,,308426,7,0,8,1,30,,308401,7,0,8,2,70,,308416,7,0,8,1,30,,308427,7,0,8,1,70,,308402,7,0,8,2,31,,308417,7,0,8,1,70,,308428,7,0,8,1,30,,308403,7,0,8,2,70,,308418,7,0,8,1,31,,308429,7,0,8,1,71,,308404,7,0,8,2,71,,308419,7,0,8,1,32,,308430,7,0,8,1,69,,308405,7,0,8,2,30,,308420,7,0,8,1,69,,308431,7,0,8,1,30,,308406,7,0,8,2,69,,308421,7,0,8,1,28,,308432,7,0,8,1,72,,308407,7,0,8,2,30,,308422,7,0,8,1,29,,308433,7,0,8,1,66,,308408,7,0,8,2,29,,308423,7,0,8,1,69,,308434,7,0,8,1,28,,308409,7,0,8,2,69,,308424,7,0,8,1,28,,308435,7,0,8,1,68,,308410,7,0,8,2,29,,308425,7,0,8,1
