10102,'H56S000S-82-S',552,,314989,17,0,10,1,72,,314981,17,0,10,1,27,,314995,17,0,10,1,71,,314975,17,0,10,2,31,,314990,17,0,10,1,71,,314982,17,0,10,1,30,,314996,17,0,10,1,71,,314976,17,0,10,2,30,,314991,17,0,10,1,70,,314983,17,0,10,1,32,,314971,17,0,10,1,71,,314977,17,0,10,2,29,,314992,17,0,10,1,69,,314984,17,0,10,1,31,,314972,17,0,10,1,70,,314978,17,0,10,2,32,,314993,17,0,10,1,70,,314985,17,0,10,1,30,,314973,17,0,10,1,71,,314979,17,0,10,2,74,,314994,17,0,10,1,32,,314986,17,0,10,1,70,,314974,17,0,10,1,30,,314980,17,0,10,2,65,,314988,17,0,10,2,27,,314987,17,0,10,1
10602,'H56S000A-80-A',507,,317567,2,0,10,1,33,,317610,2,0,10,1,74,,317623,2,0,10,1,28,,317544,2,0,10,1,68,,317624,2,0,10,1,28,,317545,2,0,10,1,66,,317547,2,0,10,2,25,,317546,2,0,10,1,23,,317586,2,0,10,1,62,,317611,2,0,10,1,22,,317614,2,0,10,1,21,,317587,2,0,10,1,59,,317612,2,0,10,1,19,,317568,2,0,10,1,18,,317588,2,0,10,1,55,,317608,2,0,10,1,15,,317613,2,0,10,1,16,,317569,2,0,10,1,17,,317589,2,0,10,1,54,,317594,2,0,10,1,12,,317609,2,0,10,1,10,,317563,2,0,10,1,11,,317570,2,0,10,1,11,,317621,2,0,10,1,51,,317590,2,0,10,1,11,,317595,2,0,10,1,9,,317548,2,0,10,1,10,,317564,2,0,10,1,11,,317571,2,0,10,1,11,,317622,2,0,10,1,51,,317591,2,0,10,1,10,,317596,2,0,10,1,9,,317549,2,0,10,1,10,,317565,2,0,10,1,10,,317559,2,0,10,2,11,,317572,2,0,10,1,52,,317592,2,0,10,1,9,,317597,2,0,10,1,9,,317550,2,0,10,1,10,,317566,2,0,10,1,10,,317560,2,0,10,2,8,,317602,2,0,10,1,46,,317573,2,0,10,1,6,,317617,2,0,10,1,7,,317593,2,0,10,1,7,,317598,2,0,10,1,7,,317551,2,0,10,1,7,,317554,2,0,10,1,6,,317603,2,0,10,1,5,,317574,2,0,10,1,8,,317561,2,0,10,2,48,,317576,2,0,10,1,7,,317599,2,0,10,1,7,,317618,2,0,10,1,6,,317555,2,0,10,1,7,,317552,2,0,10,1,7,,317604,2,0,10,1,6,,317562,2,0,10,2,5,,317575,2,0,10,1,6,,317615,2,0,10,2,47,,317577,2,0,10,1,7,,317556,2,0,10,1,7,,317553,2,0,10,1,9,,317619,2,0,10,1,12,,317605,2,0,10,1,14,,317578,2,0,10,1,52,,317616,2,0,10,2,12,,317557,2,0,10,1,11,,317606,2,0,10,1,13,,317620,2,0,10,1,17,,317579,2,0,10,1,58,,317607,2,0,10,1,18,,317625,2,0,10,1,18,,317580,2,0,10,1,55,,317600,2,0,10,1,14,,317626,2,0,10,1,17,,317558,2,0,10,1,19,,317581,2,0,10,1,59,,317627,2,0,10,1,18,,317601,2,0,10,1,20,,317582,2,0,10,1,62,,317631,2,0,10,2,22,,317628,2,0,10,1,24,,317583,2,0,10,1,68,,317629,2,0,10,1,29,,317584,2,0,10,1,70,,317630,2,0,10,1,30,,317585,2,0,10,1
10602,'H56S000I-80-I',512,,317665,2,0,10,1,30,,317694,2,0,10,1,72,,317666,2,0,10,1,31,,317643,2,0,10,1,69,,317667,2,0,10,1,31,,317644,2,0,10,1,71,,317668,2,0,10,1,29,,317645,2,0,10,1,70,,317669,2,0,10,1,32,,317646,2,0,10,1,71,,317670,2,0,10,1,21,,317678,2,0,10,2,19,,317647,2,0,10,1,60,,317635,2,0,10,2,20,,317679,2,0,10,2,17,,317648,2,0,10,1,56,,317671,2,0,10,1,17,,317636,2,0,10,2,17,,317685,2,0,10,2,14,,317649,2,0,10,1,55,,317672,2,0,10,1,13,,317680,2,0,10,2,14,,317637,2,0,10,2,10,,317686,2,0,10,2,51,,317653,2,0,10,1,12,,317650,2,0,10,1,12,,317673,2,0,10,1,12,,317681,2,0,10,2,11,,317638,2,0,10,2,52,,317687,2,0,10,2,11,,317654,2,0,10,1,10,,317651,2,0,10,1,10,,317674,2,0,10,1,10,,317682,2,0,10,2,10,,317639,2,0,10,2,50,,317688,2,0,10,2,10,,317655,2,0,10,1,11,,317652,2,0,10,1,9,,317690,2,0,10,2,10,,317675,2,0,10,1,10,,317640,2,0,10,2,48,,317683,2,0,10,2,8,,317689,2,0,10,2,9,,317656,2,0,10,1,9,,317676,2,0,10,1,9,,317691,2,0,10,2,9,,317684,2,0,10,2,9,,317641,2,0,10,2,49,,317698,2,0,10,1,11,,317677,2,0,10,1,13,,317657,2,0,10,1,13,,317642,2,0,10,2,16,,317692,2,0,10,2,57,,317699,2,0,10,1,14,,317658,2,0,10,1,15,,317693,2,0,10,2,16,,317632,2,0,10,1,58,,317700,2,0,10,2,18,,317659,2,0,10,1,21,,317633,2,0,10,1,62,,317660,2,0,10,1,21,,317701,2,0,10,2,21,,317634,2,0,10,1,62,,317661,2,0,10,1,25,,317702,2,0,10,2,68,,317662,2,0,10,1,27,,317695,2,0,10,1,68,,317663,2,0,10,1,28,,317696,2,0,10,1,68,,317664,2,0,10,1,28,,317697,2,0,10,1
10602,'H56S000S-82-S',523,,317711,2,0,10,1,24,,317788,2,0,10,1,67,,317712,2,0,10,1,27,,317789,2,0,10,1,67,,317713,2,0,10,1,21,,317801,2,0,10,2,19,,317728,2,0,10,2,61,,317729,2,0,10,1,10,,317708,2,0,10,1,21,,317706,2,0,10,1,12,,317783,2,0,10,1,60,,317730,2,0,10,1,20,,317705,2,0,10,2,19,,317707,2,0,10,1,56,,317784,2,0,10,1,17,,317731,2,0,10,1,17,,317722,2,0,10,2,59,,317785,2,0,10,1,10,,317716,2,0,10,2,11,,317732,2,0,10,1,18,,317723,2,0,10,2,17,,317745,2,0,10,1,55,,317717,2,0,10,2,14,,317733,2,0,10,1,12,,317791,2,0,10,1,11,,317724,2,0,10,2,11,,317746,2,0,10,1,51,,317718,2,0,10,2,12,,317734,2,0,10,1,11,,317792,2,0,10,1,12,,317725,2,0,10,2,12,,317747,2,0,10,1,51,,317719,2,0,10,2,10,,317735,2,0,10,1,8,,317806,2,0,10,2,8,,317793,2,0,10,1,10,,317726,2,0,10,2,11,,317748,2,0,10,1,50,,317720,2,0,10,2,10,,317757,2,0,10,2,8,,317736,2,0,10,1,8,,317790,2,0,10,1,6,,317794,2,0,10,1,6,,317749,2,0,10,1,5,,317768,2,0,10,2,5,,317715,2,0,10,2,5,,317727,2,0,10,2,46,,317797,2,0,10,1,6,,317721,2,0,10,2,6,,317755,2,0,10,2,6,,317714,2,0,10,1,4,,317772,2,0,10,2,5,,317758,2,0,10,2,5,,317774,2,0,10,2,5,,317787,2,0,10,2,5,,317737,2,0,10,1,5,,317795,2,0,10,1,5,,317802,2,0,10,2,45,,317769,2,0,10,2,6,,317781,2,0,10,2,7,,317773,2,0,10,2,5,,317756,2,0,10,2,5,,317775,2,0,10,2,4,,317750,2,0,10,2,5,,317799,2,0,10,2,4,,317759,2,0,10,2,5,,317796,2,0,10,1,5,,317803,2,0,10,2,5,,317738,2,0,10,1,6,,317782,2,0,10,2,46,,317770,2,0,10,2,6,,317777,2,0,10,2,6,,317751,2,0,10,2,7,,317800,2,0,10,2,6,,317776,2,0,10,2,4,,317760,2,0,10,1,5,,317739,2,0,10,1,7,,317804,2,0,10,2,7,,317771,2,0,10,2,48,,317752,2,0,10,2,7,,317778,2,0,10,2,8,,317761,2,0,10,1,9,,317805,2,0,10,2,8,,317740,2,0,10,1,9,,317753,2,0,10,2,13,,317762,2,0,10,1,52,,317779,2,0,10,2,14,,317754,2,0,10,2,13,,317741,2,0,10,1,12,,317780,2,0,10,2,13,,317763,2,0,10,1,54,,317703,2,0,10,1,14,,317742,2,0,10,1,13,,317807,2,0,10,2,12,,317704,2,0,10,1,53,,317764,2,0,10,1,16,,317808,2,0,10,2,19,,317743,2,0,10,1,63,,317765,2,0,10,1,22,,317744,2,0,10,1,20,,317798,2,0,10,2,62,,317766,2,0,10,1,22,,317786,2,0,10,2,18,,317709,2,0,10,1,61,,317767,2,0,10,1,24,,317710,2,0,10,1
10602,'H56S100F-80-F1',512,,317842,2,0,10,1,30,,317871,2,0,10,1,72,,317843,2,0,10,1,31,,317820,2,0,10,1,69,,317844,2,0,10,1,31,,317821,2,0,10,1,71,,317845,2,0,10,1,29,,317822,2,0,10,1,70,,317846,2,0,10,1,32,,317823,2,0,10,1,71,,317847,2,0,10,1,21,,317855,2,0,10,2,19,,317824,2,0,10,1,60,,317812,2,0,10,2,20,,317856,2,0,10,2,17,,317825,2,0,10,1,56,,317848,2,0,10,1,17,,317813,2,0,10,2,17,,317862,2,0,10,2,14,,317826,2,0,10,1,55,,317849,2,0,10,1,13,,317857,2,0,10,2,14,,317814,2,0,10,2,10,,317863,2,0,10,2,51,,317830,2,0,10,1,12,,317827,2,0,10,1,12,,317850,2,0,10,1,12,,317858,2,0,10,2,11,,317815,2,0,10,2,52,,317864,2,0,10,2,11,,317831,2,0,10,1,10,,317828,2,0,10,1,10,,317851,2,0,10,1,10,,317859,2,0,10,2,10,,317816,2,0,10,2,50,,317865,2,0,10,2,10,,317832,2,0,10,1,11,,317829,2,0,10,1,9,,317867,2,0,10,2,10,,317852,2,0,10,1,10,,317817,2,0,10,2,48,,317860,2,0,10,2,8,,317866,2,0,10,2,9,,317833,2,0,10,1,9,,317853,2,0,10,1,9,,317868,2,0,10,2,9,,317861,2,0,10,2,9,,317818,2,0,10,2,49,,317875,2,0,10,1,11,,317854,2,0,10,1,13,,317834,2,0,10,1,13,,317819,2,0,10,2,16,,317869,2,0,10,2,57,,317876,2,0,10,1,14,,317835,2,0,10,1,15,,317870,2,0,10,2,16,,317809,2,0,10,1,58,,317877,2,0,10,2,18,,317836,2,0,10,1,21,,317810,2,0,10,1,62,,317837,2,0,10,1,21,,317878,2,0,10,2,21,,317811,2,0,10,1,62,,317838,2,0,10,1,25,,317879,2,0,10,2,68,,317839,2,0,10,1,27,,317872,2,0,10,1,68,,317840,2,0,10,1,28,,317873,2,0,10,1,68,,317841,2,0,10,1,28,,317874,2,0,10,1
10602,'H56S200F-80-F2',512,,317913,2,0,10,1,30,,317942,2,0,10,1,72,,317914,2,0,10,1,31,,317891,2,0,10,1,69,,317915,2,0,10,1,31,,317892,2,0,10,1,71,,317916,2,0,10,1,29,,317893,2,0,10,1,70,,317917,2,0,10,1,32,,317894,2,0,10,1,71,,317918,2,0,10,1,21,,317926,2,0,10,2,19,,317895,2,0,10,1,60,,317883,2,0,10,2,20,,317927,2,0,10,2,17,,317896,2,0,10,1,56,,317919,2,0,10,1,17,,317884,2,0,10,2,17,,317933,2,0,10,2,14,,317897,2,0,10,1,55,,317920,2,0,10,1,13,,317928,2,0,10,2,14,,317885,2,0,10,2,10,,317934,2,0,10,2,51,,317901,2,0,10,1,12,,317898,2,0,10,1,12,,317921,2,0,10,1,12,,317929,2,0,10,2,11,,317886,2,0,10,2,52,,317935,2,0,10,2,11,,317902,2,0,10,1,10,,317899,2,0,10,1,10,,317922,2,0,10,1,10,,317930,2,0,10,2,10,,317887,2,0,10,2,50,,317936,2,0,10,2,10,,317903,2,0,10,1,11,,317900,2,0,10,1,9,,317938,2,0,10,2,10,,317923,2,0,10,1,10,,317888,2,0,10,2,48,,317931,2,0,10,2,8,,317937,2,0,10,2,9,,317904,2,0,10,1,9,,317924,2,0,10,1,9,,317939,2,0,10,2,9,,317932,2,0,10,2,9,,317889,2,0,10,2,49,,317946,2,0,10,1,11,,317925,2,0,10,1,13,,317905,2,0,10,1,13,,317890,2,0,10,2,16,,317940,2,0,10,2,57,,317947,2,0,10,1,14,,317906,2,0,10,1,15,,317941,2,0,10,2,16,,317880,2,0,10,1,58,,317948,2,0,10,2,18,,317907,2,0,10,1,21,,317881,2,0,10,1,62,,317908,2,0,10,1,21,,317949,2,0,10,2,21,,317882,2,0,10,1,62,,317909,2,0,10,1,25,,317950,2,0,10,2,68,,317910,2,0,10,1,27,,317943,2,0,10,1,68,,317911,2,0,10,1,28,,317944,2,0,10,1,68,,317912,2,0,10,1,28,,317945,2,0,10,1
11002,'H56S000A-80-A',550,,318996,2,0,10,1,69,,319001,2,0,10,1,31,,319005,2,0,10,1,69,,319032,2,0,10,1,30,,318997,2,0,10,1,70,,319002,2,0,10,1,31,,319006,2,0,10,1,72,,319033,2,0,10,1,31,,318998,2,0,10,1,70,,319003,2,0,10,1,31,,318995,2,0,10,1,70,,319004,2,0,10,1,32,,319011,2,0,10,1,72,,319018,2,0,10,1,73,,319026,2,0,10,1,33,,319023,2,0,10,1,73,,319007,2,0,10,1,29,,319012,2,0,10,1,69,,319019,2,0,10,1,30,,319027,2,0,10,1,69,,319024,2,0,10,1,28,,319008,2,0,10,1,25,,319013,2,0,10,1,69,,319020,2,0,10,1,28,,319028,2,0,10,1,67,,319025,2,0,10,1,30,,319009,2,0,10,1,73,,319014,2,0,10,1,32,,319021,2,0,10,1,73,,319029,2,0,10,1,72,,319010,2,0,10,1,31,,319015,2,0,10,1,71,,319022,2,0,10,1,28,,318994,2,0,10,1,27,,319034,2,0,10,1,66,,319016,2,0,10,1,27,,319030,2,0,10,1,68,,318999,2,0,10,1,29,,319035,2,0,10,1,69,,319017,2,0,10,1,26,,319031,2,0,10,1,68,,319000,2,0,10,1
11002,'H56S000I-80-I',617,,319040,2,0,10,1,29,,319071,2,0,10,1,72,,319073,2,0,10,1,30,,319047,2,0,10,1,70,,319041,2,0,10,1,32,,319072,2,0,10,1,72,,319074,2,0,10,1,31,,319048,2,0,10,1,71,,319042,2,0,10,1,30,,319046,2,0,10,1,70,,319075,2,0,10,1,31,,319045,2,0,10,1,71,,319068,2,0,10,1,33,,319065,2,0,10,1,73,,319049,2,0,10,1,72,,319055,2,0,10,1,32,,319063,2,0,10,1,69,,319069,2,0,10,1,28,,319066,2,0,10,1,69,,319050,2,0,10,1,29,,319056,2,0,10,1,28,,319064,2,0,10,1,68,,319070,2,0,10,1,28,,319067,2,0,10,1,71,,319051,2,0,10,1,31,,319057,2,0,10,1,71,,319043,2,0,10,1,73,,319036,2,0,10,1,32,,319052,2,0,10,1,70,,319058,2,0,10,1,29,,319044,2,0,10,1,69,,319037,2,0,10,1,30,,319053,2,0,10,1,69,,319059,2,0,10,1,27,,319061,2,0,10,1,27,,319038,2,0,10,1,68,,319054,2,0,10,1,28,,319060,2,0,10,1,67,,319062,2,0,10,1,26,,319039,2,0,10,1
11002,'H56S000S-82-S',530,,319076,2,0,10,1,71,,319085,2,0,10,1,32,,319112,2,0,10,1,15,,319094,2,0,10,1,70,,319102,2,0,10,1,31,,319077,2,0,10,1,71,,319086,2,0,10,1,33,,319106,2,0,10,1,73,,319095,2,0,10,1,30,,319103,2,0,10,1,70,,319078,2,0,10,1,31,,319087,2,0,10,1,71,,319107,2,0,10,1,73,,319096,2,0,10,1,29,,319104,2,0,10,1,29,,319079,2,0,10,1,69,,319088,2,0,10,1,30,,319100,2,0,10,1,73,,319097,2,0,10,1,70,,319105,2,0,10,1,30,,319080,2,0,10,1,69,,319089,2,0,10,1,27,,319101,2,0,10,1,26,,319110,2,0,10,1,65,,319098,2,0,10,1,15,,319111,2,0,10,1,15,,319108,2,0,10,1,70,,319081,2,0,10,1,29,,319090,2,0,10,1,69,,319113,2,0,10,1,28,,319099,2,0,10,1,68,,319109,2,0,10,1,27,,319082,2,0,10,1,67,,319091,2,0,10,1,30,,319114,2,0,10,1,71,,319117,2,0,10,1,32,,319083,2,0,10,1,73,,319092,2,0,10,1,33,,319115,2,0,10,1,70,,319118,2,0,10,1,28,,319084,2,0,10,1,69,,319093,2,0,10,1,25,,319116,2,0,10,1
11002,'H56S100F-80-F1',617,,319123,2,0,10,1,29,,319154,2,0,10,1,72,,319156,2,0,10,1,30,,319130,2,0,10,1,70,,319124,2,0,10,1,32,,319155,2,0,10,1,72,,319157,2,0,10,1,31,,319131,2,0,10,1,71,,319125,2,0,10,1,30,,319129,2,0,10,1,70,,319158,2,0,10,1,31,,319128,2,0,10,1,71,,319151,2,0,10,1,33,,319148,2,0,10,1,73,,319132,2,0,10,1,72,,319138,2,0,10,1,32,,319146,2,0,10,1,69,,319152,2,0,10,1,28,,319149,2,0,10,1,69,,319133,2,0,10,1,29,,319139,2,0,10,1,28,,319147,2,0,10,1,68,,319153,2,0,10,1,28,,319150,2,0,10,1,71,,319134,2,0,10,1,31,,319140,2,0,10,1,71,,319126,2,0,10,1,73,,319119,2,0,10,1,32,,319135,2,0,10,1,70,,319141,2,0,10,1,29,,319127,2,0,10,1,69,,319120,2,0,10,1,30,,319136,2,0,10,1,69,,319142,2,0,10,1,27,,319144,2,0,10,1,27,,319121,2,0,10,1,68,,319137,2,0,10,1,28,,319143,2,0,10,1,67,,319145,2,0,10,1,26,,319122,2,0,10,1
11002,'H56S200F-80-F2',617,,319163,2,0,10,1,29,,319194,2,0,10,1,72,,319196,2,0,10,1,30,,319170,2,0,10,1,70,,319164,2,0,10,1,32,,319195,2,0,10,1,72,,319197,2,0,10,1,31,,319171,2,0,10,1,71,,319165,2,0,10,1,30,,319169,2,0,10,1,70,,319198,2,0,10,1,31,,319168,2,0,10,1,71,,319191,2,0,10,1,33,,319188,2,0,10,1,73,,319172,2,0,10,1,72,,319178,2,0,10,1,32,,319186,2,0,10,1,69,,319192,2,0,10,1,28,,319189,2,0,10,1,69,,319173,2,0,10,1,29,,319179,2,0,10,1,28,,319187,2,0,10,1,68,,319193,2,0,10,1,28,,319190,2,0,10,1,71,,319174,2,0,10,1,31,,319180,2,0,10,1,71,,319166,2,0,10,1,73,,319159,2,0,10,1,32,,319175,2,0,10,1,70,,319181,2,0,10,1,29,,319167,2,0,10,1,69,,319160,2,0,10,1,30,,319176,2,0,10,1,69,,319182,2,0,10,1,27,,319184,2,0,10,1,27,,319161,2,0,10,1,68,,319177,2,0,10,1,28,,319183,2,0,10,1,67,,319185,2,0,10,1,26,,319162,2,0,10,1
11403,'H56S000A-80-A',602,,320157,22,0,8,1,29,,320150,22,0,8,1,69,,320164,22,0,8,1,29,,320158,22,0,8,1,29,,320151,22,0,8,1,69,,320165,22,0,8,1,73,,320159,22,0,8,1,30,,320152,22,0,8,1,70,,320166,22,0,8,1,31,,320160,22,0,8,1,71,,320171,22,0,8,2,32,,320167,22,0,8,1,73,,320161,22,0,8,1,32,,320172,22,0,8,2,72,,320168,22,0,8,1,32,,320162,22,0,8,1,73,,320173,22,0,8,2,33,,320169,22,0,8,1,73,,320163,22,0,8,1,33,,320174,22,0,8,2,73,,320170,22,0,8,1,29,,320149,22,0,8,2,69,,320177,22,0,8,1,32,,320175,22,0,8,2,71,,320155,22,0,8,1,72,,320178,22,0,8,1,29,,320176,22,0,8,2,29,,320156,22,0,8,1,70,,320179,22,0,8,1,30,,320153,22,0,8,1,70,,320184,22,0,8,1,30,,320180,22,0,8,1,69,,320154,22,0,8,1,30,,320185,22,0,8,1,71,,320181,22,0,8,1,71,,320188,22,0,8,1,30,,320186,22,0,8,1,70,,320182,22,0,8,1,30,,320189,22,0,8,1,71,,320187,22,0,8,1,31,,320183,22,0,8,1
11403,'H56S000I-80-I',602,,320222,22,0,8,2,30,,320208,22,0,8,2,69,,320215,22,0,8,1,30,,320223,22,0,8,2,71,,320209,22,0,8,2,30,,320216,22,0,8,1,70,,320224,22,0,8,2,30,,320210,22,0,8,2,70,,320217,22,0,8,1,31,,320225,22,0,8,2,71,,320211,22,0,8,2,31,,320218,22,0,8,1,71,,320226,22,0,8,2,35,,320212,22,0,8,2,73,,320219,22,0,8,1,32,,320201,22,0,8,1,73,,320213,22,0,8,2,33,,320220,22,0,8,1,72,,320202,22,0,8,1,33,,320214,22,0,8,2,73,,320221,22,0,8,1,72,,320203,22,0,8,1,28,,320190,22,0,8,1,70,,320204,22,0,8,2,31,,320196,22,0,8,1,72,,320191,22,0,8,1,30,,320205,22,0,8,2,69,,320197,22,0,8,1,28,,320192,22,0,8,1,70,,320206,22,0,8,2,30,,320198,22,0,8,1,70,,320193,22,0,8,1,30,,320207,22,0,8,2,29,,320199,22,0,8,1,70,,320194,22,0,8,1,30,,320227,22,0,8,2,70,,320200,22,0,8,1,30,,320195,22,0,8,1,70,,320228,22,0,8,2,30,,320229,22,0,8,2
11403,'H56S000S-82-S',523,,320264,22,0,8,1,33,,320237,22,0,8,1,78,,320235,22,0,8,1,72,,320265,22,0,8,1,32,,320238,22,0,8,1,71,,320230,22,0,8,1,31,,320256,22,0,8,1,71,,320266,22,0,8,1,30,,320239,22,0,8,1,72,,320231,22,0,8,1,32,,320257,22,0,8,1,72,,320267,22,0,8,1,32,,320240,22,0,8,1,72,,320248,22,0,8,1,32,,320270,22,0,8,1,72,,320232,22,0,8,1,32,,320258,22,0,8,1,72,,320268,22,0,8,1,72,,320241,22,0,8,1,34,,320249,22,0,8,1,73,,320259,22,0,8,1,30,,320236,22,0,8,2,70,,320242,22,0,8,1,30,,320250,22,0,8,1,70,,320260,22,0,8,1,28,,320269,22,0,8,2,65,,320243,22,0,8,1,30,,320251,22,0,8,1,71,,320261,22,0,8,1,31,,320244,22,0,8,1,70,,320252,22,0,8,1,31,,320262,22,0,8,1,71,,320245,22,0,8,1,31,,320253,22,0,8,1,70,,320263,22,0,8,1,31,,320246,22,0,8,1,71,,320254,22,0,8,1,31,,320233,22,0,8,1,71,,320247,22,0,8,1,29,,320255,22,0,8,1,70,,320234,22,0,8,1
11403,'H56S100F-80-F1',602,,320303,22,0,8,2,30,,320289,22,0,8,2,69,,320296,22,0,8,1,30,,320304,22,0,8,2,71,,320290,22,0,8,2,30,,320297,22,0,8,1,70,,320305,22,0,8,2,30,,320291,22,0,8,2,70,,320298,22,0,8,1,31,,320306,22,0,8,2,71,,320292,22,0,8,2,31,,320299,22,0,8,1,71,,320307,22,0,8,2,35,,320293,22,0,8,2,73,,320300,22,0,8,1,32,,320282,22,0,8,1,73,,320294,22,0,8,2,33,,320301,22,0,8,1,72,,320283,22,0,8,1,33,,320295,22,0,8,2,73,,320302,22,0,8,1,72,,320284,22,0,8,1,28,,320271,22,0,8,1,70,,320285,22,0,8,2,31,,320277,22,0,8,1,72,,320272,22,0,8,1,30,,320286,22,0,8,2,69,,320278,22,0,8,1,28,,320273,22,0,8,1,70,,320287,22,0,8,2,30,,320279,22,0,8,1,70,,320274,22,0,8,1,30,,320288,22,0,8,2,29,,320280,22,0,8,1,70,,320275,22,0,8,1,30,,320308,22,0,8,2,70,,320281,22,0,8,1,30,,320276,22,0,8,1,70,,320309,22,0,8,2,30,,320310,22,0,8,2
11403,'H56S200F-80-F2',602,,320343,22,0,8,2,30,,320329,22,0,8,2,69,,320336,22,0,8,1,30,,320344,22,0,8,2,71,,320330,22,0,8,2,30,,320337,22,0,8,1,70,,320345,22,0,8,2,30,,320331,22,0,8,2,70,,320338,22,0,8,1,31,,320346,22,0,8,2,71,,320332,22,0,8,2,31,,320339,22,0,8,1,71,,320347,22,0,8,2,35,,320333,22,0,8,2,73,,320340,22,0,8,1,32,,320322,22,0,8,1,73,,320334,22,0,8,2,33,,320341,22,0,8,1,72,,320323,22,0,8,1,33,,320335,22,0,8,2,73,,320342,22,0,8,1,72,,320324,22,0,8,1,28,,320311,22,0,8,1,70,,320325,22,0,8,2,31,,320317,22,0,8,1,72,,320312,22,0,8,1,30,,320326,22,0,8,2,69,,320318,22,0,8,1,28,,320313,22,0,8,1,70,,320327,22,0,8,2,30,,320319,22,0,8,1,70,,320314,22,0,8,1,30,,320328,22,0,8,2,29,,320320,22,0,8,1,70,,320315,22,0,8,1,30,,320348,22,0,8,2,70,,320321,22,0,8,1,30,,320316,22,0,8,1,70,,320349,22,0,8,2,30,,320350,22,0,8,2
19502,'H56S000A-80-A',542,,338073,2,0,10,2,72,,338072,2,0,10,1,31,,338084,2,0,10,2,71,,338088,2,0,10,1,31,,338074,2,0,10,2,72,,338103,2,0,10,1,31,,338085,2,0,10,2,72,,338089,2,0,10,1,30,,338075,2,0,10,2,71,,338104,2,0,10,1,31,,338086,2,0,10,2,70,,338090,2,0,10,1,29,,338076,2,0,10,2,70,,338105,2,0,10,1,30,,338087,2,0,10,2,72,,338091,2,0,10,1,31,,338077,2,0,10,2,70,,338106,2,0,10,1,31,,338098,2,0,10,2,71,,338092,2,0,10,1,31,,338078,2,0,10,2,71,,338107,2,0,10,1,71,,338099,2,0,10,2,30,,338093,2,0,10,1,70,,338079,2,0,10,2,30,,338108,2,0,10,1,69,,338100,2,0,10,2,27,,338094,2,0,10,1,29,,338080,2,0,10,2,69,,338109,2,0,10,1,30,,338101,2,0,10,2,70,,338095,2,0,10,1,29,,338081,2,0,10,2,69,,338110,2,0,10,1,29,,338102,2,0,10,2,70,,338096,2,0,10,1,30,,338082,2,0,10,2,69,,338111,2,0,10,1,29,,338113,2,0,10,2,69,,338097,2,0,10,1,29,,338083,2,0,10,2,69,,338112,2,0,10,1
19502,'H56S000I-80-I',542,,338114,2,0,10,2,72,,338116,2,0,10,1,31,,338126,2,0,10,2,71,,338134,2,0,10,1,31,,338115,2,0,10,2,71,,338117,2,0,10,1,30,,338127,2,0,10,2,72,,338135,2,0,10,1,31,,338144,2,0,10,2,71,,338118,2,0,10,1,30,,338128,2,0,10,2,69,,338136,2,0,10,1,30,,338145,2,0,10,2,70,,338119,2,0,10,1,30,,338129,2,0,10,2,71,,338139,2,0,10,1,31,,338146,2,0,10,2,70,,338120,2,0,10,1,30,,338130,2,0,10,2,69,,338140,2,0,10,1,30,,338147,2,0,10,2,71,,338121,2,0,10,1,30,,338131,2,0,10,2,70,,338141,2,0,10,1,30,,338148,2,0,10,2,70,,338122,2,0,10,1,30,,338132,2,0,10,2,70,,338142,2,0,10,1,29,,338149,2,0,10,2,70,,338123,2,0,10,1,30,,338133,2,0,10,2,70,,338143,2,0,10,1,30,,338150,2,0,10,2,70,,338124,2,0,10,1,30,,338137,2,0,10,1,70,,338153,2,0,10,1,30,,338151,2,0,10,2,69,,338125,2,0,10,1,29,,338138,2,0,10,1,69,,338154,2,0,10,1,28,,338152,2,0,10,2
19502,'H56S000S-82-S',515,,338173,2,0,10,1,29,,338172,2,0,10,2,70,,338162,2,0,10,1,26,,338161,2,0,10,2,68,,338174,2,0,10,1,21,,338182,2,0,10,1,15,,338186,2,0,10,2,58,,338194,2,0,10,2,3,,338155,2,0,10,1,25,,338163,2,0,10,1,23,,338156,2,0,10,1,64,,338175,2,0,10,1,30,,338183,2,0,10,1,70,,338187,2,0,10,2,31,,338164,2,0,10,1,71,,338176,2,0,10,1,31,,338184,2,0,10,1,70,,338188,2,0,10,2,31,,338165,2,0,10,1,70,,338177,2,0,10,1,30,,338185,2,0,10,1,70,,338189,2,0,10,2,30,,338166,2,0,10,1,68,,338195,2,0,10,2,28,,338158,2,0,10,2,70,,338157,2,0,10,1,31,,338190,2,0,10,2,72,,338167,2,0,10,1,34,,338196,2,0,10,2,73,,338178,2,0,10,1,73,,338191,2,0,10,2,29,,338168,2,0,10,1,28,,338197,2,0,10,2,68,,338179,2,0,10,1,29,,338192,2,0,10,2,70,,338169,2,0,10,1,29,,338198,2,0,10,2,70,,338180,2,0,10,1,28,,338193,2,0,10,2,70,,338170,2,0,10,1,30,,338159,2,0,10,1,69,,338181,2,0,10,1,29,,338199,2,0,10,2,69,,338171,2,0,10,1,29,,338160,2,0,10,1
19502,'H56S100F-80-F1',542,,338200,2,0,10,2,72,,338202,2,0,10,1,31,,338212,2,0,10,2,71,,338220,2,0,10,1,31,,338201,2,0,10,2,71,,338203,2,0,10,1,30,,338213,2,0,10,2,72,,338221,2,0,10,1,31,,338230,2,0,10,2,71,,338204,2,0,10,1,30,,338214,2,0,10,2,69,,338222,2,0,10,1,30,,338231,2,0,10,2,70,,338205,2,0,10,1,30,,338215,2,0,10,2,71,,338225,2,0,10,1,31,,338232,2,0,10,2,70,,338206,2,0,10,1,30,,338216,2,0,10,2,69,,338226,2,0,10,1,30,,338233,2,0,10,2,71,,338207,2,0,10,1,30,,338217,2,0,10,2,70,,338227,2,0,10,1,30,,338234,2,0,10,2,70,,338208,2,0,10,1,30,,338218,2,0,10,2,70,,338228,2,0,10,1,29,,338235,2,0,10,2,70,,338209,2,0,10,1,30,,338219,2,0,10,2,70,,338229,2,0,10,1,30,,338236,2,0,10,2,70,,338210,2,0,10,1,30,,338223,2,0,10,1,70,,338239,2,0,10,1,30,,338237,2,0,10,2,69,,338211,2,0,10,1,29,,338224,2,0,10,1,69,,338240,2,0,10,1,28,,338238,2,0,10,2
19502,'H56S200F-80-F2',542,,338241,2,0,10,2,72,,338243,2,0,10,1,31,,338253,2,0,10,2,71,,338261,2,0,10,1,31,,338242,2,0,10,2,71,,338244,2,0,10,1,30,,338254,2,0,10,2,72,,338262,2,0,10,1,31,,338271,2,0,10,2,71,,338245,2,0,10,1,30,,338255,2,0,10,2,69,,338263,2,0,10,1,30,,338272,2,0,10,2,70,,338246,2,0,10,1,30,,338256,2,0,10,2,71,,338266,2,0,10,1,31,,338273,2,0,10,2,70,,338247,2,0,10,1,30,,338257,2,0,10,2,69,,338267,2,0,10,1,30,,338274,2,0,10,2,71,,338248,2,0,10,1,30,,338258,2,0,10,2,70,,338268,2,0,10,1,30,,338275,2,0,10,2,70,,338249,2,0,10,1,30,,338259,2,0,10,2,70,,338269,2,0,10,1,29,,338276,2,0,10,2,70,,338250,2,0,10,1,30,,338260,2,0,10,2,70,,338270,2,0,10,1,30,,338277,2,0,10,2,70,,338251,2,0,10,1,30,,338264,2,0,10,1,70,,338280,2,0,10,1,30,,338278,2,0,10,2,69,,338252,2,0,10,1,29,,338265,2,0,10,1,69,,338281,2,0,10,1,28,,338279,2,0,10,2
35002,'H56S000A-80-A',2556,,345988,59,0,10,1,81,,345997,59,0,10,1,67,,346000,59,0,10,1,17,,346002,59,0,10,2,11,,345995,59,0,10,1,10,,345994,59,0,10,2,10,,345992,59,0,10,1,50,,345993,59,0,10,1,10,,345989,59,0,10,1,10,,345990,59,0,10,2,11,,345999,59,0,10,2,10,,345996,59,0,10,1,10,,345998,59,0,10,1,50,,345991,59,0,10,1,14,,346001,59,0,10,1
35002,'H56S000I-80-I',2548,,346008,59,0,10,1,68,,346003,59,0,10,1,26,,346005,59,0,10,1,67,,346010,59,0,10,2,27,,346007,59,0,10,1,66,,346009,59,0,10,1,26,,346004,59,0,10,2,26,,346006,59,0,10,1
35002,'H56S000S-82-S',2552,,346012,59,0,10,1,85,,346016,59,0,10,2,93,,346015,59,0,10,1,85,,346013,59,0,10,1,29,,346014,59,0,10,1,15,,346011,59,0,10,1
35002,'H56S100F-80-F1',2548,,346022,59,0,10,1,68,,346017,59,0,10,1,26,,346019,59,0,10,1,67,,346024,59,0,10,2,27,,346021,59,0,10,1,66,,346023,59,0,10,1,26,,346018,59,0,10,2,26,,346020,59,0,10,1
35002,'H56S200F-80-F2',2548,,346030,59,0,10,1,68,,346025,59,0,10,1,26,,346027,59,0,10,1,67,,346032,59,0,10,2,27,,346029,59,0,10,1,66,,346031,59,0,10,1,26,,346026,59,0,10,2,26,,346028,59,0,10,1
