38001,'H50S000A-82-A',2655,,347292,84,4,,1,94,,347291,84,4,,1,85,,347295,84,4,,1,25,,347294,51,4,,2,60,,347293,84,4,,1
38001,'H50S000I-82-I',2605,,347299,84,4,,1,50,,347297,84,4,,2,82,,347298,84,4,,1,84,,347296,84,4,,1,87,,347300,84,4,,1
38001,'H50S000S-82-S',2621,,347303,84,4,,1,84,,347305,84,4,,1,48,,347301,84,4,,1,84,,347302,84,4,,1,85,,347304,84,4,,1
38001,'H50S000S-82-SV',2816,,347306,51,4,,2
38001,'H50S100F-80-F1',2605,,347310,84,4,,1,50,,347308,84,4,,2,82,,347309,84,4,,1,84,,347307,84,4,,1,87,,347311,84,4,,1
38001,'H50S200F-80-F2',2605,,347315,84,4,,1,50,,347313,84,4,,2,82,,347314,84,4,,1,84,,347312,84,4,,1,87,,347316,84,4,,1
38002,'H50S000A-82-A',2600,,347320,1,0,10,1,45,,347319,1,0,10,1,85,,347318,1,0,10,1,85,,347317,1,0,10,1
38002,'H50S000I-82-I',2542,,347321,1,0,10,1,85,,347327,1,0,10,1,83,,347324,1,0,10,2,46,,347326,1,0,10,1,59,,347323,1,0,10,2,21,,347322,1,0,10,1,6,,347325,1,0,10,2
38002,'H50S000S-82-S',2541,,347328,1,0,10,1,86,,347332,1,0,10,1,84,,347330,1,0,10,1,89,,347331,1,0,10,1,15,,347333,1,0,10,1,8,,347329,1,0,10,1
38002,'H50S100F-80-F1',2542,,347334,1,0,10,1,85,,347340,1,0,10,1,83,,347337,1,0,10,2,46,,347339,1,0,10,1,59,,347336,1,0,10,2,21,,347335,1,0,10,1,6,,347338,1,0,10,2
38002,'H50S200F-80-F2',2542,,347341,1,0,10,1,85,,347347,1,0,10,1,83,,347344,1,0,10,2,46,,347346,1,0,10,1,59,,347343,1,0,10,2,21,,347342,1,0,10,1,6,,347345,1,0,10,2
38002,'H54S000I-80-I',2830,,347348,1,0,10,1
38002,'H54S000S-80-S',2830,,347350,1,0,10,1,14,,347349,1,0,10,1
38002,'H54S100F-80-F1',2830,,347351,1,0,10,1
38002,'H54S200F-80-F2',2830,,347352,1,0,10,1
