1102,'H57S000A-80-A',804,,288150,31,0,10,1,30,,288160,31,0,10,1,67,,288136,31,0,10,1,25,,288151,31,0,10,1,20,,288154,31,0,10,1,59,,288161,31,0,10,1,23,,288137,31,0,10,1,22,,288152,31,0,10,1,65,,288155,31,0,10,1,23,,288162,31,0,10,1,20,,288138,31,0,10,1,60,,288133,31,0,10,1,19,,288153,31,0,10,1,19,,288156,31,0,10,1,61,,288163,31,0,10,1,19,,288139,31,0,10,1,18,,288134,31,0,10,1,59,,288166,31,0,10,1,21,,288157,31,0,10,1,20,,288146,31,0,10,1,60,,288140,31,0,10,1,19,,288135,31,0,10,1,19,,288167,31,0,10,1,58,,288171,31,0,10,1,16,,288158,31,0,10,1,13,,288147,31,0,10,1,14,,288174,31,0,10,1,59,,288141,31,0,10,1,18,,288168,31,0,10,1,20,,288172,31,0,10,1,60,,288159,31,0,10,1,19,,288175,31,0,10,1,21,,288142,31,0,10,1,62,,288169,31,0,10,1,21,,288173,31,0,10,1,23,,288176,31,0,10,1,69,,288143,31,0,10,1,29,,288170,31,0,10,1,69,,288177,31,0,10,1,29,,288144,31,0,10,1,69,,288148,31,0,10,1,29,,288164,31,0,10,1,69,,288145,31,0,10,1,29,,288149,31,0,10,1,69,,288165,31,0,10,1
1102,'H57S000I-80-I',751,,288178,31,0,10,1,64,,288187,31,0,10,1,24,,288196,31,0,10,1,63,,288179,31,0,10,1,20,,288191,31,0,10,1,20,,288188,31,0,10,1,62,,288197,31,0,10,1,18,,288180,31,0,10,1,18,,288212,31,0,10,1,17,,288192,31,0,10,1,58,,288189,31,0,10,1,19,,288198,31,0,10,1,19,,288181,31,0,10,1,59,,288213,31,0,10,1,18,,288193,31,0,10,1,19,,288219,31,0,10,1,58,,288190,31,0,10,1,17,,288199,31,0,10,1,18,,288182,31,0,10,1,60,,288214,31,0,10,1,17,,288194,31,0,10,1,21,,288220,31,0,10,1,19,,288200,31,0,10,1,58,,288183,31,0,10,1,18,,288215,31,0,10,1,16,,288195,31,0,10,1,56,,288206,31,0,10,1,18,,288221,31,0,10,1,18,,288201,31,0,10,1,58,,288184,31,0,10,1,19,,288216,31,0,10,1,19,,288207,31,0,10,1,17,,288222,31,0,10,1,57,,288202,31,0,10,1,17,,288224,31,0,10,1,17,,288185,31,0,10,1,58,,288217,31,0,10,1,18,,288208,31,0,10,1,16,,288203,31,0,10,1,18,,288225,31,0,10,1,58,,288186,31,0,10,1,16,,288218,31,0,10,1,18,,288209,31,0,10,1,60,,288204,31,0,10,1,29,,288226,31,0,10,1,71,,288210,31,0,10,1,31,,288205,31,0,10,1,71,,288227,31,0,10,1,30,,288211,31,0,10,1,71,,288223,31,0,10,1
1102,'H57S000S-80-S',702,,288228,31,0,10,1,30,,288244,31,0,10,1,69,,288255,31,0,10,1,32,,288229,31,0,10,1,71,,288245,31,0,10,1,31,,288256,31,0,10,1,71,,288230,31,0,10,1,31,,288246,31,0,10,1,70,,288257,31,0,10,1,32,,288231,31,0,10,1,71,,288247,31,0,10,1,29,,288258,31,0,10,1,65,,288236,31,0,10,1,23,,288232,31,0,10,1,24,,288248,31,0,10,1,66,,288259,31,0,10,1,25,,288237,31,0,10,1,64,,288233,31,0,10,1,25,,288249,31,0,10,1,25,,288260,31,0,10,1,66,,288238,31,0,10,1,25,,288234,31,0,10,1,65,,288250,31,0,10,1,26,,288261,31,0,10,1,66,,288239,31,0,10,1,26,,288235,31,0,10,1,26,,288251,31,0,10,1,71,,288262,31,0,10,1,30,,288240,31,0,10,1,72,,288252,31,0,10,1,72,,288263,31,0,10,1,29,,288241,31,0,10,1,70,,288253,31,0,10,1,30,,288264,31,0,10,1,29,,288242,31,0,10,1,69,,288254,31,0,10,1,29,,288265,31,0,10,1,69,,288243,31,0,10,1
1102,'H57S100F-80-F1',751,,288266,31,0,10,1,64,,288275,31,0,10,1,24,,288284,31,0,10,1,63,,288267,31,0,10,1,20,,288279,31,0,10,1,20,,288276,31,0,10,1,62,,288285,31,0,10,1,18,,288268,31,0,10,1,18,,288300,31,0,10,1,17,,288280,31,0,10,1,58,,288277,31,0,10,1,19,,288286,31,0,10,1,19,,288269,31,0,10,1,59,,288301,31,0,10,1,18,,288281,31,0,10,1,19,,288307,31,0,10,1,58,,288278,31,0,10,1,17,,288287,31,0,10,1,18,,288270,31,0,10,1,60,,288302,31,0,10,1,17,,288282,31,0,10,1,21,,288308,31,0,10,1,19,,288288,31,0,10,1,58,,288271,31,0,10,1,18,,288303,31,0,10,1,16,,288283,31,0,10,1,56,,288294,31,0,10,1,18,,288309,31,0,10,1,18,,288289,31,0,10,1,58,,288272,31,0,10,1,19,,288304,31,0,10,1,19,,288295,31,0,10,1,17,,288310,31,0,10,1,57,,288290,31,0,10,1,17,,288312,31,0,10,1,17,,288273,31,0,10,1,58,,288305,31,0,10,1,18,,288296,31,0,10,1,16,,288291,31,0,10,1,18,,288313,31,0,10,1,58,,288274,31,0,10,1,16,,288306,31,0,10,1,18,,288297,31,0,10,1,60,,288292,31,0,10,1,29,,288314,31,0,10,1,71,,288298,31,0,10,1,31,,288293,31,0,10,1,71,,288315,31,0,10,1,30,,288299,31,0,10,1,71,,288311,31,0,10,1
1102,'H57S200F-80-F2',751,,288316,31,0,10,1,64,,288325,31,0,10,1,24,,288334,31,0,10,1,63,,288317,31,0,10,1,20,,288329,31,0,10,1,20,,288326,31,0,10,1,62,,288335,31,0,10,1,18,,288318,31,0,10,1,18,,288350,31,0,10,1,17,,288330,31,0,10,1,58,,288327,31,0,10,1,19,,288336,31,0,10,1,19,,288319,31,0,10,1,59,,288351,31,0,10,1,18,,288331,31,0,10,1,19,,288357,31,0,10,1,58,,288328,31,0,10,1,17,,288337,31,0,10,1,18,,288320,31,0,10,1,60,,288352,31,0,10,1,17,,288332,31,0,10,1,21,,288358,31,0,10,1,19,,288338,31,0,10,1,58,,288321,31,0,10,1,18,,288353,31,0,10,1,16,,288333,31,0,10,1,56,,288344,31,0,10,1,18,,288359,31,0,10,1,18,,288339,31,0,10,1,58,,288322,31,0,10,1,19,,288354,31,0,10,1,19,,288345,31,0,10,1,17,,288360,31,0,10,1,57,,288340,31,0,10,1,17,,288362,31,0,10,1,17,,288323,31,0,10,1,58,,288355,31,0,10,1,18,,288346,31,0,10,1,16,,288341,31,0,10,1,18,,288363,31,0,10,1,58,,288324,31,0,10,1,16,,288356,31,0,10,1,18,,288347,31,0,10,1,60,,288342,31,0,10,1,29,,288364,31,0,10,1,71,,288348,31,0,10,1,31,,288343,31,0,10,1,71,,288365,31,0,10,1,30,,288349,31,0,10,1,71,,288361,31,0,10,1
16503,'H50S000A-82-A',611,,330105,15,0,8,1,29,,330118,15,0,8,1,62,,330128,15,0,8,1,21,,330106,15,0,8,1,20,,330119,15,0,8,1,61,,330129,15,0,8,1,17,,330136,15,0,8,1,16,,330107,15,0,8,1,17,,330120,15,0,8,1,58,,330130,15,0,8,1,18,,330137,15,0,8,1,17,,330108,15,0,8,1,57,,330121,15,0,8,1,15,,330145,15,0,8,1,11,,330131,15,0,8,1,10,,330157,15,0,8,1,10,,330138,15,0,8,1,50,,330164,15,0,8,1,10,,330109,15,0,8,1,9,,330122,15,0,8,1,10,,330170,15,0,8,1,9,,330146,15,0,8,1,13,,330132,15,0,8,1,50,,330158,15,0,8,1,10,,330139,15,0,8,1,10,,330165,15,0,8,1,8,,330110,15,0,8,1,8,,330123,15,0,8,1,7,,330182,15,0,8,1,7,,330171,15,0,8,1,7,,330147,15,0,8,1,47,,330190,15,0,8,1,7,,330133,15,0,8,1,8,,330193,15,0,8,1,8,,330159,15,0,8,1,8,,330140,15,0,8,1,8,,330166,15,0,8,1,7,,330111,15,0,8,1,7,,330124,15,0,8,1,47,,330183,15,0,8,1,8,,330172,15,0,8,1,8,,330148,15,0,8,1,9,,330204,15,0,8,1,8,,330134,15,0,8,1,8,,330194,15,0,8,1,7,,330160,15,0,8,1,47,,330141,15,0,8,1,7,,330167,15,0,8,1,7,,330112,15,0,8,1,7,,330125,15,0,8,1,7,,330184,15,0,8,1,7,,330191,15,0,8,1,7,,330149,15,0,8,1,7,,330173,15,0,8,1,6,,330205,15,0,8,1,46,,330135,15,0,8,1,7,,330208,15,0,8,1,8,,330195,15,0,8,1,8,,330142,15,0,8,1,7,,330168,15,0,8,1,7,,330209,15,0,8,1,6,,330113,15,0,8,1,6,,330126,15,0,8,1,6,,330185,15,0,8,1,45,,330192,15,0,8,1,5,,330150,15,0,8,1,7,,330174,15,0,8,1,7,,330206,15,0,8,1,7,,330161,15,0,8,1,7,,330216,15,0,8,1,6,,330196,15,0,8,1,6,,330143,15,0,8,1,6,,330169,15,0,8,1,6,,330210,15,0,8,1,46,,330114,15,0,8,1,7,,330127,15,0,8,1,7,,330186,15,0,8,1,7,,330151,15,0,8,1,8,,330175,15,0,8,1,8,,330207,15,0,8,1,9,,330162,15,0,8,1,9,,330197,15,0,8,1,48,,330144,15,0,8,1,9,,330211,15,0,8,1,8,,330115,15,0,8,1,8,,330187,15,0,8,1,12,,330152,15,0,8,1,11,,330176,15,0,8,1,51,,330163,15,0,8,1,12,,330198,15,0,8,1,13,,330212,15,0,8,1,13,,330188,15,0,8,1,11,,330116,15,0,8,1,51,,330153,15,0,8,1,11,,330177,15,0,8,1,12,,330199,15,0,8,1,11,,330189,15,0,8,1,11,,330213,15,0,8,1,52,,330154,15,0,8,1,12,,330117,15,0,8,1,12,,330200,15,0,8,1,15,,330178,15,0,8,1,17,,330155,15,0,8,1,57,,330214,15,0,8,1,17,,330179,15,0,8,1,17,,330201,15,0,8,1,57,,330156,15,0,8,1,17,,330180,15,0,8,1,17,,330215,15,0,8,1,17,,330202,15,0,8,1,70,,330181,15,0,8,1,30,,330203,15,0,8,1
16503,'H50S000I-82-I',615,,330217,15,0,8,1,28,,330234,15,0,8,1,60,,330243,15,0,8,1,21,,330218,15,0,8,1,27,,330235,15,0,8,1,67,,330244,15,0,8,1,28,,330219,15,0,8,1,64,,330236,15,0,8,1,17,,330252,15,0,8,1,14,,330245,15,0,8,1,16,,330220,15,0,8,1,53,,330274,15,0,8,1,13,,330263,15,0,8,1,13,,330237,15,0,8,1,13,,330253,15,0,8,1,52,,330281,15,0,8,1,12,,330221,15,0,8,1,11,,330275,15,0,8,1,10,,330288,15,0,8,1,9,,330264,15,0,8,1,10,,330238,15,0,8,1,5,,330246,15,0,8,1,50,,330254,15,0,8,1,11,,330282,15,0,8,1,9,,330222,15,0,8,1,9,,330294,15,0,8,1,9,,330276,15,0,8,1,9,,330289,15,0,8,1,50,,330265,15,0,8,1,10,,330247,15,0,8,1,7,,330239,15,0,8,1,8,,330255,15,0,8,1,8,,330283,15,0,8,1,8,,330223,15,0,8,1,8,,330295,15,0,8,1,48,,330300,15,0,8,1,7,,330277,15,0,8,1,7,,330290,15,0,8,1,7,,330266,15,0,8,1,9,,330248,15,0,8,1,8,,330240,15,0,8,1,8,,330256,15,0,8,1,8,,330284,15,0,8,1,48,,330224,15,0,8,1,7,,330296,15,0,8,1,7,,330301,15,0,8,1,7,,330278,15,0,8,1,7,,330291,15,0,8,1,7,,330267,15,0,8,1,7,,330303,15,0,8,1,7,,330249,15,0,8,1,47,,330241,15,0,8,1,7,,330257,15,0,8,1,7,,330285,15,0,8,1,8,,330225,15,0,8,1,9,,330297,15,0,8,1,10,,330279,15,0,8,1,10,,330292,15,0,8,1,50,,330268,15,0,8,1,8,,330250,15,0,8,1,8,,330242,15,0,8,1,6,,330258,15,0,8,1,8,,330286,15,0,8,1,7,,330226,15,0,8,1,7,,330302,15,0,8,1,7,,330298,15,0,8,1,7,,330280,15,0,8,1,48,,330304,15,0,8,1,7,,330293,15,0,8,1,7,,330269,15,0,8,1,8,,330251,15,0,8,1,8,,330259,15,0,8,1,9,,330287,15,0,8,1,10,,330227,15,0,8,1,50,,330299,15,0,8,1,11,,330305,15,0,8,1,17,,330270,15,0,8,1,17,,330260,15,0,8,1,57,,330228,15,0,8,1,18,,330306,15,0,8,1,19,,330271,15,0,8,1,57,,330229,15,0,8,1,18,,330261,15,0,8,1,18,,330307,15,0,8,1,18,,330230,15,0,8,1,57,,330272,15,0,8,1,17,,330262,15,0,8,1,19,,330231,15,0,8,1,60,,330308,15,0,8,1,21,,330273,15,0,8,1,24,,330232,15,0,8,1,69,,330309,15,0,8,1,29,,330233,15,0,8,1,70,,330310,15,0,8,1
16503,'H50S000S-82-S',540,,330311,15,0,8,1,60,,330320,15,0,8,1,20,,330329,15,0,8,1,12,,330341,15,0,8,1,14,,330312,15,0,8,1,12,,330355,15,0,8,1,51,,330321,15,0,8,1,9,,330363,15,0,8,1,11,,330330,15,0,8,1,9,,330375,15,0,8,1,9,,330342,15,0,8,1,7,,330392,15,0,8,1,46,,330383,15,0,8,1,6,,330391,15,0,8,1,5,,330313,15,0,8,1,6,,330356,15,0,8,1,6,,330393,15,0,8,1,5,,330396,15,0,8,1,5,,330322,15,0,8,1,6,,330394,15,0,8,1,5,,330364,15,0,8,1,5,,330395,15,0,8,1,7,,330331,15,0,8,1,49,,330376,15,0,8,1,9,,330343,15,0,8,1,10,,330384,15,0,8,1,9,,330314,15,0,8,1,8,,330357,15,0,8,1,10,,330397,15,0,8,1,52,,330323,15,0,8,1,12,,330332,15,0,8,1,10,,330377,15,0,8,1,10,,330344,15,0,8,1,11,,330385,15,0,8,1,11,,330315,15,0,8,1,51,,330358,15,0,8,1,11,,330365,15,0,8,1,10,,330324,15,0,8,1,10,,330333,15,0,8,1,11,,330378,15,0,8,1,50,,330345,15,0,8,1,11,,330386,15,0,8,1,10,,330398,15,0,8,1,10,,330316,15,0,8,1,11,,330366,15,0,8,1,9,,330408,15,0,8,1,8,,330325,15,0,8,1,48,,330334,15,0,8,1,8,,330379,15,0,8,1,8,,330346,15,0,8,1,9,,330414,15,0,8,1,9,,330387,15,0,8,1,9,,330359,15,0,8,1,8,,330317,15,0,8,1,48,,330367,15,0,8,1,8,,330409,15,0,8,1,8,,330326,15,0,8,1,8,,330335,15,0,8,1,8,,330380,15,0,8,1,8,,330347,15,0,8,1,8,,330399,15,0,8,1,46,,330415,15,0,8,1,6,,330388,15,0,8,1,7,,330360,15,0,8,1,6,,330418,15,0,8,1,7,,330318,15,0,8,1,6,,330368,15,0,8,1,7,,330410,15,0,8,1,7,,330327,15,0,8,1,6,,330423,15,0,8,1,6,,330336,15,0,8,1,46,,330381,15,0,8,1,6,,330348,15,0,8,1,4,,330435,15,0,8,1,4,,330400,15,0,8,1,4,,330437,15,0,8,1,4,,330438,15,0,8,1,4,,330416,15,0,8,1,4,,330428,15,0,8,1,5,,330389,15,0,8,1,5,,330436,15,0,8,1,5,,330361,15,0,8,1,6,,330419,15,0,8,1,45,,330319,15,0,8,1,6,,330369,15,0,8,1,5,,330440,15,0,8,1,5,,330411,15,0,8,1,5,,330328,15,0,8,1,6,,330424,15,0,8,1,6,,330337,15,0,8,1,6,,330382,15,0,8,1,5,,330349,15,0,8,1,5,,330417,15,0,8,1,6,,330401,15,0,8,1,46,,330439,15,0,8,1,6,,330429,15,0,8,1,6,,330390,15,0,8,1,5,,330370,15,0,8,1,5,,330362,15,0,8,1,6,,330420,15,0,8,1,9,,330441,15,0,8,1,8,,330412,15,0,8,1,8,,330425,15,0,8,1,49,,330338,15,0,8,1,9,,330350,15,0,8,1,10,,330402,15,0,8,1,10,,330430,15,0,8,1,10,,330371,15,0,8,1,9,,330421,15,0,8,1,49,,330442,15,0,8,1,9,,330413,15,0,8,1,9,,330339,15,0,8,1,8,,330426,15,0,8,1,9,,330351,15,0,8,1,9,,330403,15,0,8,1,8,,330422,15,0,8,1,48,,330431,15,0,8,1,9,,330372,15,0,8,1,10,,330443,15,0,8,1,9,,330427,15,0,8,1,8,,330340,15,0,8,1,7,,330404,15,0,8,1,11,,330352,15,0,8,1,52,,330373,15,0,8,1,12,,330432,15,0,8,1,15,,330444,15,0,8,1,14,,330353,15,0,8,1,55,,330405,15,0,8,1,15,,330374,15,0,8,1,17,,330433,15,0,8,1,19,,330354,15,0,8,1,63,,330406,15,0,8,1,32,,330434,15,0,8,1,70,,330407,15,0,8,1
16503,'H50S100F-80-F1',615,,330445,15,0,8,1,28,,330462,15,0,8,1,60,,330471,15,0,8,1,21,,330446,15,0,8,1,27,,330463,15,0,8,1,67,,330472,15,0,8,1,28,,330447,15,0,8,1,64,,330464,15,0,8,1,17,,330480,15,0,8,1,14,,330473,15,0,8,1,16,,330448,15,0,8,1,53,,330502,15,0,8,1,13,,330491,15,0,8,1,13,,330465,15,0,8,1,13,,330481,15,0,8,1,52,,330509,15,0,8,1,12,,330449,15,0,8,1,11,,330503,15,0,8,1,10,,330516,15,0,8,1,9,,330492,15,0,8,1,10,,330466,15,0,8,1,5,,330474,15,0,8,1,50,,330482,15,0,8,1,11,,330510,15,0,8,1,9,,330450,15,0,8,1,9,,330522,15,0,8,1,9,,330504,15,0,8,1,9,,330517,15,0,8,1,50,,330493,15,0,8,1,10,,330475,15,0,8,1,7,,330467,15,0,8,1,8,,330483,15,0,8,1,8,,330511,15,0,8,1,8,,330451,15,0,8,1,8,,330523,15,0,8,1,48,,330528,15,0,8,1,7,,330505,15,0,8,1,7,,330518,15,0,8,1,7,,330494,15,0,8,1,9,,330476,15,0,8,1,8,,330468,15,0,8,1,8,,330484,15,0,8,1,8,,330512,15,0,8,1,48,,330452,15,0,8,1,7,,330524,15,0,8,1,7,,330529,15,0,8,1,7,,330506,15,0,8,1,7,,330519,15,0,8,1,7,,330495,15,0,8,1,7,,330531,15,0,8,1,7,,330477,15,0,8,1,47,,330469,15,0,8,1,7,,330485,15,0,8,1,7,,330513,15,0,8,1,8,,330453,15,0,8,1,9,,330525,15,0,8,1,10,,330507,15,0,8,1,10,,330520,15,0,8,1,50,,330496,15,0,8,1,8,,330478,15,0,8,1,8,,330470,15,0,8,1,6,,330486,15,0,8,1,8,,330514,15,0,8,1,7,,330454,15,0,8,1,7,,330530,15,0,8,1,7,,330526,15,0,8,1,7,,330508,15,0,8,1,48,,330532,15,0,8,1,7,,330521,15,0,8,1,7,,330497,15,0,8,1,8,,330479,15,0,8,1,8,,330487,15,0,8,1,9,,330515,15,0,8,1,10,,330455,15,0,8,1,50,,330527,15,0,8,1,11,,330533,15,0,8,1,17,,330498,15,0,8,1,17,,330488,15,0,8,1,57,,330456,15,0,8,1,18,,330534,15,0,8,1,19,,330499,15,0,8,1,57,,330457,15,0,8,1,18,,330489,15,0,8,1,18,,330535,15,0,8,1,18,,330458,15,0,8,1,57,,330500,15,0,8,1,17,,330490,15,0,8,1,19,,330459,15,0,8,1,60,,330536,15,0,8,1,21,,330501,15,0,8,1,24,,330460,15,0,8,1,69,,330537,15,0,8,1,29,,330461,15,0,8,1,70,,330538,15,0,8,1
16503,'H50S200F-80-F2',615,,330539,15,0,8,1,28,,330556,15,0,8,1,60,,330565,15,0,8,1,21,,330540,15,0,8,1,27,,330557,15,0,8,1,67,,330566,15,0,8,1,28,,330541,15,0,8,1,64,,330558,15,0,8,1,17,,330574,15,0,8,1,14,,330567,15,0,8,1,16,,330542,15,0,8,1,53,,330596,15,0,8,1,13,,330585,15,0,8,1,13,,330559,15,0,8,1,13,,330575,15,0,8,1,52,,330603,15,0,8,1,12,,330543,15,0,8,1,11,,330597,15,0,8,1,10,,330610,15,0,8,1,9,,330586,15,0,8,1,10,,330560,15,0,8,1,5,,330568,15,0,8,1,50,,330576,15,0,8,1,11,,330604,15,0,8,1,9,,330544,15,0,8,1,9,,330616,15,0,8,1,9,,330598,15,0,8,1,9,,330611,15,0,8,1,50,,330587,15,0,8,1,10,,330569,15,0,8,1,7,,330561,15,0,8,1,8,,330577,15,0,8,1,8,,330605,15,0,8,1,8,,330545,15,0,8,1,8,,330617,15,0,8,1,48,,330622,15,0,8,1,7,,330599,15,0,8,1,7,,330612,15,0,8,1,7,,330588,15,0,8,1,9,,330570,15,0,8,1,8,,330562,15,0,8,1,8,,330578,15,0,8,1,8,,330606,15,0,8,1,48,,330546,15,0,8,1,7,,330618,15,0,8,1,7,,330623,15,0,8,1,7,,330600,15,0,8,1,7,,330613,15,0,8,1,7,,330589,15,0,8,1,7,,330625,15,0,8,1,7,,330571,15,0,8,1,47,,330563,15,0,8,1,7,,330579,15,0,8,1,7,,330607,15,0,8,1,8,,330547,15,0,8,1,9,,330619,15,0,8,1,10,,330601,15,0,8,1,10,,330614,15,0,8,1,50,,330590,15,0,8,1,8,,330572,15,0,8,1,8,,330564,15,0,8,1,6,,330580,15,0,8,1,8,,330608,15,0,8,1,7,,330548,15,0,8,1,7,,330624,15,0,8,1,7,,330620,15,0,8,1,7,,330602,15,0,8,1,48,,330626,15,0,8,1,7,,330615,15,0,8,1,7,,330591,15,0,8,1,8,,330573,15,0,8,1,8,,330581,15,0,8,1,9,,330609,15,0,8,1,10,,330549,15,0,8,1,50,,330621,15,0,8,1,11,,330627,15,0,8,1,17,,330592,15,0,8,1,17,,330582,15,0,8,1,57,,330550,15,0,8,1,18,,330628,15,0,8,1,19,,330593,15,0,8,1,57,,330551,15,0,8,1,18,,330583,15,0,8,1,18,,330629,15,0,8,1,18,,330552,15,0,8,1,57,,330594,15,0,8,1,17,,330584,15,0,8,1,19,,330553,15,0,8,1,60,,330630,15,0,8,1,21,,330595,15,0,8,1,24,,330554,15,0,8,1,69,,330631,15,0,8,1,29,,330555,15,0,8,1,70,,330632,15,0,8,1
36903,'H50S000A-82-A',2544,,346958,19,0,8,2,70,,346961,19,0,8,1,17,,346952,19,0,8,1,12,,346953,19,0,8,1,11,,346956,19,0,8,1,50,,346959,19,0,8,2,11,,346962,19,0,8,1,13,,346964,19,0,8,2,16,,346954,19,0,8,1,57,,346957,19,0,8,1,14,,346960,19,0,8,2,13,,346963,19,0,8,1,14,,346955,19,0,8,1
36903,'H50S000I-82-I',2545,,346969,19,0,8,1,85,,346967,19,0,8,2,78,,346966,19,0,8,2,24,,346970,19,0,8,1,24,,346968,19,0,8,2,84,,346965,19,0,8,2
36903,'H50S000S-82-S',2545,,346974,19,0,8,1,12,,346971,19,0,8,1,66,,346977,19,0,8,1,22,,346975,19,0,8,1,79,,346972,19,0,8,1,80,,346976,19,0,8,1,37,,346973,19,0,8,1
36903,'H50S000S-82-SV',2609,,346978,19,0,8,2,23,,346979,19,0,8,2,72,,346981,19,0,8,2,40,,346980,19,0,8,2
36903,'H50S100F-80-F1',2545,,346986,19,0,8,1,85,,346984,19,0,8,2,78,,346983,19,0,8,2,24,,346987,19,0,8,1,24,,346985,19,0,8,2,84,,346982,19,0,8,2
36903,'H50S200F-80-F2',2545,,346992,19,0,8,1,85,,346990,19,0,8,2,78,,346989,19,0,8,2,24,,346993,19,0,8,1,24,,346991,19,0,8,2,84,,346988,19,0,8,2
