9001,'H56S000A-80-A',535,,311347,36,0,5,1,70,,311400,36,0,5,1,30,,311353,36,0,5,1,70,,311402,36,0,5,1,25,,311348,36,0,5,1,21,,311401,36,0,5,1,60,,311354,36,0,5,1,22,,311374,36,0,5,1,19,,311403,36,0,5,1,59,,311395,36,0,5,1,19,,311349,36,0,5,1,19,,311352,36,0,5,1,56,,311381,36,0,5,1,19,,311375,36,0,5,1,17,,311362,36,0,5,1,16,,311366,36,0,5,1,55,,311404,36,0,5,1,15,,311358,36,0,5,1,16,,311386,36,0,5,2,57,,311382,36,0,5,1,15,,311363,36,0,5,1,14,,311376,36,0,5,1,13,,311390,36,0,5,1,13,,311367,36,0,5,1,53,,311387,36,0,5,2,14,,311405,36,0,5,1,16,,311359,36,0,5,1,15,,311377,36,0,5,1,54,,311383,36,0,5,1,14,,311364,36,0,5,1,14,,311388,36,0,5,2,14,,311391,36,0,5,1,54,,311368,36,0,5,1,17,,311406,36,0,5,1,16,,311360,36,0,5,1,14,,311378,36,0,5,1,53,,311384,36,0,5,1,14,,311365,36,0,5,1,14,,311398,36,0,5,1,14,,311389,36,0,5,2,56,,311392,36,0,5,1,18,,311369,36,0,5,1,18,,311361,36,0,5,1,19,,311379,36,0,5,1,57,,311385,36,0,5,1,18,,311399,36,0,5,1,24,,311393,36,0,5,1,66,,311370,36,0,5,1,28,,311380,36,0,5,1,69,,311355,36,0,5,1,29,,311394,36,0,5,1,68,,311371,36,0,5,1,28,,311397,36,0,5,2,70,,311356,36,0,5,1,30,,311396,36,0,5,1,69,,311372,36,0,5,1,32,,311350,36,0,5,1,72,,311357,36,0,5,1,32,,311373,36,0,5,1,72,,311351,36,0,5,1
9001,'H56S000I-80-I',619,,311425,36,0,5,1,29,,311451,36,0,5,1,69,,311413,36,0,5,1,29,,311444,36,0,5,1,70,,311417,36,0,5,1,28,,311426,36,0,5,1,61,,311452,36,0,5,1,18,,311414,36,0,5,1,19,,311454,36,0,5,1,60,,311418,36,0,5,1,22,,311427,36,0,5,1,17,,311422,36,0,5,2,16,,311453,36,0,5,1,56,,311437,36,0,5,1,17,,311455,36,0,5,1,15,,311428,36,0,5,1,58,,311419,36,0,5,1,19,,311411,36,0,5,1,20,,311423,36,0,5,2,60,,311438,36,0,5,1,17,,311445,36,0,5,2,16,,311429,36,0,5,1,16,,311412,36,0,5,1,56,,311420,36,0,5,1,17,,311440,36,0,5,1,18,,311424,36,0,5,2,58,,311435,36,0,5,1,16,,311439,36,0,5,1,16,,311446,36,0,5,2,22,,311430,36,0,5,1,64,,311421,36,0,5,1,23,,311441,36,0,5,1,63,,311436,36,0,5,1,23,,311447,36,0,5,2,24,,311431,36,0,5,1,65,,311415,36,0,5,1,28,,311442,36,0,5,1,68,,311408,36,0,5,1,28,,311432,36,0,5,1,68,,311416,36,0,5,1,28,,311443,36,0,5,1,68,,311409,36,0,5,1,28,,311433,36,0,5,1,26,,311448,36,0,5,1,68,,311456,36,0,5,1,27,,311410,36,0,5,1,68,,311434,36,0,5,1,27,,311449,36,0,5,1,70,,311457,36,0,5,1,31,,311407,36,0,5,1,71,,311450,36,0,5,1
9001,'H56S000S-82-S',517,,311530,36,0,5,1,20,,311526,36,0,5,1,21,,311470,36,0,5,1,58,,311480,36,0,5,1,18,,311486,36,0,5,1,18,,311488,36,0,5,1,52,,311531,36,0,5,1,6,,311490,36,0,5,2,5,,311492,36,0,5,1,6,,311503,16,0,5,2,7,,311495,36,0,5,1,6,,311527,36,0,5,1,7,,311511,16,0,5,2,5,,311460,36,0,5,1,6,,311506,36,0,5,1,6,,311513,16,0,5,2,45,,311512,36,0,5,1,5,,311471,36,0,5,1,6,,311494,16,0,5,2,6,,311481,36,0,5,1,7,,311528,36,0,5,1,7,,311504,16,0,5,2,5,,311487,36,0,5,1,6,,311507,16,0,5,1,6,,311505,36,0,5,2,8,,311489,36,0,5,1,48,,311532,36,0,5,1,10,,311491,36,0,5,2,11,,311493,36,0,5,1,11,,311496,36,0,5,1,11,,311461,36,0,5,1,52,,311465,36,0,5,1,12,,311472,36,0,5,1,13,,311499,36,0,5,1,15,,311508,36,0,5,1,16,,311482,36,0,5,1,55,,311533,36,0,5,1,15,,311466,36,0,5,1,15,,311497,36,0,5,1,15,,311500,36,0,5,1,56,,311473,36,0,5,1,17,,311458,36,0,5,1,18,,311509,36,0,5,1,58,,311483,36,0,5,1,17,,311514,36,0,5,1,17,,311467,36,0,5,1,16,,311498,36,0,5,1,56,,311501,36,0,5,1,15,,311529,36,0,5,2,15,,311474,36,0,5,1,15,,311510,36,0,5,1,55,,311484,36,0,5,1,16,,311459,36,0,5,1,16,,311515,36,0,5,1,56,,311468,36,0,5,1,17,,311516,36,0,5,1,19,,311502,36,0,5,1,63,,311475,36,0,5,1,23,,311485,36,0,5,1,22,,311521,36,0,5,2,65,,311469,36,0,5,1,28,,311525,36,0,5,1,67,,311476,36,0,5,1,25,,311517,36,0,5,1,28,,311522,36,0,5,1,70,,311462,36,0,5,1,29,,311477,36,0,5,1,70,,311518,36,0,5,1,29,,311523,36,0,5,1,69,,311463,36,0,5,1,28,,311478,36,0,5,1,68,,311519,36,0,5,1,28,,311524,36,0,5,1,69,,311464,36,0,5,1,32,,311479,36,0,5,1,72,,311520,36,0,5,1
9001,'H56S100F-80-F1',619,,311552,36,0,5,1,29,,311578,36,0,5,1,69,,311540,36,0,5,1,29,,311571,36,0,5,1,70,,311544,36,0,5,1,28,,311553,36,0,5,1,61,,311579,36,0,5,1,18,,311541,36,0,5,1,19,,311581,36,0,5,1,60,,311545,36,0,5,1,22,,311554,36,0,5,1,17,,311549,36,0,5,2,16,,311580,36,0,5,1,56,,311564,36,0,5,1,17,,311582,36,0,5,1,15,,311555,36,0,5,1,58,,311546,36,0,5,1,19,,311538,36,0,5,1,20,,311550,36,0,5,2,60,,311565,36,0,5,1,17,,311572,36,0,5,2,16,,311556,36,0,5,1,16,,311539,36,0,5,1,56,,311547,36,0,5,1,17,,311567,36,0,5,1,18,,311551,36,0,5,2,58,,311562,36,0,5,1,16,,311566,36,0,5,1,16,,311573,36,0,5,2,22,,311557,36,0,5,1,64,,311548,36,0,5,1,23,,311568,36,0,5,1,63,,311563,36,0,5,1,23,,311574,36,0,5,2,24,,311558,36,0,5,1,65,,311542,36,0,5,1,28,,311569,36,0,5,1,68,,311535,36,0,5,1,28,,311559,36,0,5,1,68,,311543,36,0,5,1,28,,311570,36,0,5,1,68,,311536,36,0,5,1,28,,311560,36,0,5,1,26,,311575,36,0,5,1,68,,311583,36,0,5,1,27,,311537,36,0,5,1,68,,311561,36,0,5,1,27,,311576,36,0,5,1,70,,311584,36,0,5,1,31,,311534,36,0,5,1,71,,311577,36,0,5,1
9001,'H56S200F-80-F2',619,,311603,36,0,5,1,29,,311629,36,0,5,1,69,,311591,36,0,5,1,29,,311622,36,0,5,1,70,,311595,36,0,5,1,28,,311604,36,0,5,1,61,,311630,36,0,5,1,18,,311592,36,0,5,1,19,,311632,36,0,5,1,60,,311596,36,0,5,1,22,,311605,36,0,5,1,17,,311600,36,0,5,2,16,,311631,36,0,5,1,56,,311615,36,0,5,1,17,,311633,36,0,5,1,15,,311606,36,0,5,1,58,,311597,36,0,5,1,19,,311589,36,0,5,1,20,,311601,36,0,5,2,60,,311616,36,0,5,1,17,,311623,36,0,5,2,16,,311607,36,0,5,1,16,,311590,36,0,5,1,56,,311598,36,0,5,1,17,,311618,36,0,5,1,18,,311602,36,0,5,2,58,,311613,36,0,5,1,16,,311617,36,0,5,1,16,,311624,36,0,5,2,22,,311608,36,0,5,1,64,,311599,36,0,5,1,23,,311619,36,0,5,1,63,,311614,36,0,5,1,23,,311625,36,0,5,2,24,,311609,36,0,5,1,65,,311593,36,0,5,1,28,,311620,36,0,5,1,68,,311586,36,0,5,1,28,,311610,36,0,5,1,68,,311594,36,0,5,1,28,,311621,36,0,5,1,68,,311587,36,0,5,1,28,,311611,36,0,5,1,26,,311626,36,0,5,1,68,,311634,36,0,5,1,27,,311588,36,0,5,1,68,,311612,36,0,5,1,27,,311627,36,0,5,1,70,,311635,36,0,5,1,31,,311585,36,0,5,1,71,,311628,36,0,5,1
10401,'H50S000S-82-S',721,,315922,22,0,5,1,6,,315923,22,0,5,2
10401,'H56S000A-80-A',639,,315926,22,0,5,1,74,,315938,22,0,5,2,19,,315924,22,0,5,1,75,,315927,22,0,5,1,35,,315939,22,0,5,2,61,,315925,22,0,5,1,37,,315928,22,0,5,1,81,,315940,22,0,5,2,28,,315950,22,0,5,1,72,,315929,22,0,5,1,81,,315941,22,0,5,2,29,,315951,22,0,5,1,77,,315930,22,0,5,1,38,,315942,22,0,5,2,69,,315952,22,0,5,1,37,,315931,22,0,5,1,78,,315943,22,0,5,2,29,,315953,22,0,5,1,76,,315932,22,0,5,1,78,,315944,22,0,5,2,31,,315954,22,0,5,1,72,,315933,22,0,5,1,39,,315945,22,0,5,2,69,,315955,22,0,5,1,31,,315934,22,0,5,1,73,,315946,22,0,5,2,29,,315956,22,0,5,1,70,,315935,22,0,5,1,73,,315947,22,0,5,2,28,,315957,22,0,5,1,29,,315936,22,0,5,1,71,,315948,22,0,5,2,30,,315958,22,0,5,1,68,,315937,22,0,5,1,28,,315949,22,0,5,2,69,,315959,22,0,5,1
10401,'H56S000I-80-I',653,,315971,22,0,5,2,70,,315960,22,0,5,1,81,,315982,22,0,5,1,36,,315972,22,0,5,2,15,,315961,22,0,5,1,80,,315983,22,0,5,1,84,,315973,22,0,5,2,38,,315962,22,0,5,1,55,,315984,22,0,5,1,43,,315974,22,0,5,2,83,,315963,22,0,5,1,80,,315985,22,0,5,1,16,,315975,22,0,5,2,85,,315964,22,0,5,1,81,,315986,22,0,5,1,42,,315976,22,0,5,2,59,,315965,22,0,5,1,41,,315987,22,0,5,1,82,,315977,22,0,5,2,80,,315966,22,0,5,1,16,,315988,22,0,5,1,37,,315978,22,0,5,2,83,,315967,22,0,5,1,73,,315989,22,0,5,1,18,,315979,22,0,5,2,77,,315968,22,0,5,1,31,,315990,22,0,5,1,72,,315980,22,0,5,2,33,,315969,22,0,5,1,72,,315991,22,0,5,1,33,,315981,22,0,5,2,73,,315970,22,0,5,1,32,,315992,22,0,5,1
10401,'H56S000S-82-S',633,,315997,22,0,5,2,26,,316008,22,0,5,1,49,,316002,22,0,5,2,25,,316000,22,0,5,2,6,,316032,22,0,5,1,6,,316018,22,0,5,1,7,,316031,22,0,5,2,6,,315999,22,0,5,1,46,,316001,22,0,5,2,24,,316023,22,0,5,1,13,,315998,22,0,5,2,69,,316009,22,0,5,1,36,,316019,22,0,5,1,76,,316024,22,0,5,1,35,,316010,22,0,5,1,75,,316020,22,0,5,1,76,,316025,22,0,5,1,36,,316011,22,0,5,1,76,,316021,22,0,5,1,39,,316026,22,0,5,1,78,,316012,22,0,5,1,79,,316022,22,0,5,1,42,,316027,22,0,5,1,77,,316028,22,0,5,2,75,,316029,22,0,5,2,41,,316003,22,0,5,1,79,,316016,22,0,5,1,79,,316030,22,0,5,2,32,,316004,22,0,5,1,75,,316017,22,0,5,1,30,,315993,22,0,5,1,72,,316013,22,0,5,2,31,,316005,22,0,5,1,70,,315994,22,0,5,1,31,,316014,22,0,5,2,69,,316006,22,0,5,1,29,,315995,22,0,5,1,68,,316015,22,0,5,2,27,,316007,22,0,5,1,66,,315996,22,0,5,1
10401,'H56S100F-80-F1',653,,316044,22,0,5,2,70,,316033,22,0,5,1,81,,316055,22,0,5,1,36,,316045,22,0,5,2,15,,316034,22,0,5,1,80,,316056,22,0,5,1,84,,316046,22,0,5,2,38,,316035,22,0,5,1,55,,316057,22,0,5,1,43,,316047,22,0,5,2,83,,316036,22,0,5,1,80,,316058,22,0,5,1,16,,316048,22,0,5,2,85,,316037,22,0,5,1,81,,316059,22,0,5,1,42,,316049,22,0,5,2,59,,316038,22,0,5,1,41,,316060,22,0,5,1,82,,316050,22,0,5,2,80,,316039,22,0,5,1,16,,316061,22,0,5,1,37,,316051,22,0,5,2,83,,316040,22,0,5,1,73,,316062,22,0,5,1,18,,316052,22,0,5,2,77,,316041,22,0,5,1,31,,316063,22,0,5,1,72,,316053,22,0,5,2,33,,316042,22,0,5,1,72,,316064,22,0,5,1,33,,316054,22,0,5,2,73,,316043,22,0,5,1,32,,316065,22,0,5,1
10401,'H56S200F-80-F2',653,,316077,22,0,5,2,70,,316066,22,0,5,1,81,,316088,22,0,5,1,36,,316078,22,0,5,2,15,,316067,22,0,5,1,80,,316089,22,0,5,1,84,,316079,22,0,5,2,38,,316068,22,0,5,1,55,,316090,22,0,5,1,43,,316080,22,0,5,2,83,,316069,22,0,5,1,80,,316091,22,0,5,1,16,,316081,22,0,5,2,85,,316070,22,0,5,1,81,,316092,22,0,5,1,42,,316082,22,0,5,2,59,,316071,22,0,5,1,41,,316093,22,0,5,1,82,,316083,22,0,5,2,80,,316072,22,0,5,1,16,,316094,22,0,5,1,37,,316084,22,0,5,2,83,,316073,22,0,5,1,73,,316095,22,0,5,1,18,,316085,22,0,5,2,77,,316074,22,0,5,1,31,,316096,22,0,5,1,72,,316086,22,0,5,2,33,,316075,22,0,5,1,72,,316097,22,0,5,1,33,,316087,22,0,5,2,73,,316076,22,0,5,1,32,,316098,22,0,5,1
