18802,'H50S000S-82-S',1656,,336252,6,0,99 48,2
18802,'H54S000S-80-S',1506,,336254,6,0,99 48,2,36,,336259,6,0,99 48,1,75,,336255,6,0,99 48,2,118,,336265,6,0,99 48,1,79,,336266,6,0,99 48,2,38,,336257,6,0,99 48,1
19202,'H51S000S-81-S',1614,,337073,13,0,10,2
19202,'H54S000A-80-A',452,,337074,13,0,10,1,73,,337088,13,0,10,2,33,,337076,13,0,10,1,73,,337075,13,0,10,1,72,,337089,13,0,10,2,31,,337077,13,0,10,1,71,,337107,13,0,10,1,31,,337090,13,0,10,2,71,,337078,13,0,10,1,32,,337108,13,0,10,1,71,,337101,13,0,10,1,31,,337094,13,0,10,2,71,,337082,13,0,10,1,31,,337085,13,0,10,2,73,,337079,13,0,10,1,31,,337109,13,0,10,1,71,,337102,13,0,10,1,31,,337095,13,0,10,2,71,,337083,13,0,10,1,31,,337086,13,0,10,2,71,,337080,13,0,10,1,31,,337110,13,0,10,1,70,,337103,13,0,10,1,31,,337096,13,0,10,2,71,,337084,13,0,10,1,30,,337087,13,0,10,2,71,,337081,13,0,10,1,31,,337111,13,0,10,1,71,,337104,13,0,10,1,31,,337097,13,0,10,2,71,,337112,13,0,10,1,71,,337105,13,0,10,1,31,,337098,13,0,10,2,71,,337091,13,0,10,1,31,,337106,13,0,10,1,71,,337099,13,0,10,2,31,,337092,13,0,10,1,72,,337113,13,0,10,2,32,,337100,13,0,10,2,72,,337093,13,0,10,1
19202,'H54S000I-80-I',452,,337129,13,0,10,1,73,,337131,13,0,10,1,33,,337114,13,0,10,2,72,,337130,13,0,10,1,70,,337132,13,0,10,1,30,,337115,13,0,10,2,70,,337123,13,0,10,1,30,,337133,13,0,10,1,71,,337116,13,0,10,2,30,,337149,13,0,10,1,70,,337141,13,0,10,2,30,,337134,13,0,10,2,70,,337124,13,0,10,1,30,,337120,13,0,10,2,70,,337117,13,0,10,2,31,,337150,13,0,10,1,70,,337142,13,0,10,2,30,,337135,13,0,10,2,70,,337125,13,0,10,1,30,,337121,13,0,10,2,70,,337118,13,0,10,2,30,,337151,13,0,10,1,70,,337143,13,0,10,2,30,,337136,13,0,10,2,70,,337126,13,0,10,1,30,,337122,13,0,10,2,69,,337119,13,0,10,2,30,,337152,13,0,10,1,69,,337144,13,0,10,2,30,,337137,13,0,10,2,71,,337153,13,0,10,1,30,,337145,13,0,10,2,70,,337138,13,0,10,2,30,,337154,13,0,10,1,70,,337146,13,0,10,2,30,,337139,13,0,10,2,70,,337127,13,0,10,1,30,,337147,13,0,10,2,70,,337140,13,0,10,2,29,,337128,13,0,10,1,25,,337148,13,0,10,2
19202,'H54S000S-80-S',453,,337168,13,0,10,2,64,,337170,13,0,10,2,24,,337185,13,0,10,2,63,,337186,13,0,10,2,16,,337162,13,0,10,1,17,,337169,13,0,10,2,17,,337171,13,0,10,2,58,,337172,13,0,10,2,20,,337159,13,0,10,1,10,,337166,1,0,10,1,5,,337187,13,0,10,2,56,,337163,13,0,10,1,29,,337183,13,0,10,2,69,,337173,13,0,10,2,29,,337160,13,0,10,1,70,,337164,13,0,10,1,30,,337184,13,0,10,2,70,,337174,13,0,10,2,30,,337161,13,0,10,2,70,,337175,13,0,10,1,30,,337202,13,0,10,2,29,,337179,13,0,10,1,69,,337188,13,0,10,2,30,,337176,13,0,10,1,69,,337165,13,0,10,2,29,,337180,13,0,10,1,60,,337189,13,0,10,2,19,,337182,13,0,10,2,19,,337177,13,0,10,1,80,,337167,13,0,10,2,18,,337181,13,0,10,1,57,,337196,13,0,10,2,18,,337190,13,0,10,2,29,,337178,13,0,10,1,68,,337191,13,0,10,2,31,,337197,13,0,10,2,72,,337155,13,0,10,1,31,,337192,13,0,10,2,70,,337198,13,0,10,2,29,,337156,13,0,10,1,70,,337193,13,0,10,2,30,,337199,13,0,10,2,71,,337157,13,0,10,1,30,,337194,13,0,10,2,69,,337200,13,0,10,2,30,,337158,13,0,10,1,70,,337195,13,0,10,2,28,,337201,13,0,10,2
19202,'H54S100F-80-F1',452,,337218,13,0,10,1,73,,337220,13,0,10,1,33,,337203,13,0,10,2,72,,337219,13,0,10,1,70,,337221,13,0,10,1,30,,337204,13,0,10,2,70,,337212,13,0,10,1,30,,337222,13,0,10,1,71,,337205,13,0,10,2,30,,337238,13,0,10,1,70,,337230,13,0,10,2,30,,337223,13,0,10,2,70,,337213,13,0,10,1,30,,337209,13,0,10,2,70,,337206,13,0,10,2,31,,337239,13,0,10,1,70,,337231,13,0,10,2,30,,337224,13,0,10,2,70,,337214,13,0,10,1,30,,337210,13,0,10,2,70,,337207,13,0,10,2,30,,337240,13,0,10,1,70,,337232,13,0,10,2,30,,337225,13,0,10,2,70,,337215,13,0,10,1,30,,337211,13,0,10,2,69,,337208,13,0,10,2,30,,337241,13,0,10,1,69,,337233,13,0,10,2,30,,337226,13,0,10,2,71,,337242,13,0,10,1,30,,337234,13,0,10,2,70,,337227,13,0,10,2,30,,337243,13,0,10,1,70,,337235,13,0,10,2,30,,337228,13,0,10,2,70,,337216,13,0,10,1,30,,337236,13,0,10,2,70,,337229,13,0,10,2,29,,337217,13,0,10,1,25,,337237,13,0,10,2
19202,'H54S200F-80-F2',452,,337259,13,0,10,1,73,,337261,13,0,10,1,33,,337244,13,0,10,2,72,,337260,13,0,10,1,70,,337262,13,0,10,1,30,,337245,13,0,10,2,70,,337253,13,0,10,1,30,,337263,13,0,10,1,71,,337246,13,0,10,2,30,,337279,13,0,10,1,70,,337271,13,0,10,2,30,,337264,13,0,10,2,70,,337254,13,0,10,1,30,,337250,13,0,10,2,70,,337247,13,0,10,2,31,,337280,13,0,10,1,70,,337272,13,0,10,2,30,,337265,13,0,10,2,70,,337255,13,0,10,1,30,,337251,13,0,10,2,70,,337248,13,0,10,2,30,,337281,13,0,10,1,70,,337273,13,0,10,2,30,,337266,13,0,10,2,70,,337256,13,0,10,1,30,,337252,13,0,10,2,69,,337249,13,0,10,2,30,,337282,13,0,10,1,69,,337274,13,0,10,2,30,,337267,13,0,10,2,71,,337283,13,0,10,1,30,,337275,13,0,10,2,70,,337268,13,0,10,2,30,,337284,13,0,10,1,70,,337276,13,0,10,2,30,,337269,13,0,10,2,70,,337257,13,0,10,1,30,,337277,13,0,10,2,70,,337270,13,0,10,2,29,,337258,13,0,10,1,25,,337278,13,0,10,2
19202,'H57S000S-80-S',757,,337285,1,0,10,1
19202,'H58S000S-83-S',730,,337286,1,0,10,2
