3701,'H56S000A-80-A',522,,296737,12,0,5,1,20,,296736,12,0,5,1,70,,296713,12,0,5,1,30,,296726,12,0,5,1,70,,296735,12,0,5,1,30,,296706,12,0,5,1,70,,296699,12,0,5,1,30,,296720,12,0,5,1,72,,296727,12,0,5,1,30,,296714,12,0,5,1,70,,296707,12,0,5,1,30,,296700,12,0,5,1,71,,296721,12,0,5,1,30,,296728,12,0,5,1,70,,296715,12,0,5,1,30,,296708,12,0,5,1,70,,296701,12,0,5,1,30,,296722,12,0,5,1,70,,296729,12,0,5,1,30,,296716,12,0,5,1,70,,296709,12,0,5,1,30,,296702,12,0,5,1,69,,296723,12,0,5,1,30,,296730,12,0,5,1,70,,296717,12,0,5,1,30,,296710,12,0,5,1,70,,296703,12,0,5,1,30,,296724,12,0,5,1,70,,296731,12,0,5,1,29,,296718,12,0,5,1,70,,296711,12,0,5,1,29,,296704,12,0,5,1,70,,296725,12,0,5,1,30,,296732,12,0,5,1,70,,296719,12,0,5,1,30,,296712,12,0,5,1,70,,296705,12,0,5,1,29,,296697,12,0,5,1,71,,296733,12,0,5,1,31,,296698,12,0,5,1,73,,296734,12,0,5,1
3701,'H56S000I-80-I',522,,296762,12,0,5,1,25,,296746,12,0,5,1,73,,296763,12,0,5,1,30,,296747,12,0,5,1,71,,296764,12,0,5,1,31,,296748,12,0,5,1,71,,296765,12,0,5,1,30,,296749,12,0,5,1,72,,296766,12,0,5,1,31,,296750,12,0,5,1,73,,296767,12,0,5,1,72,,296751,12,0,5,1,33,,296738,12,0,5,1,73,,296770,12,0,5,1,30,,296756,12,0,5,1,70,,296739,12,0,5,1,29,,296771,12,0,5,1,69,,296757,12,0,5,1,29,,296740,12,0,5,1,69,,296772,12,0,5,1,29,,296758,12,0,5,1,69,,296741,12,0,5,1,28,,296773,12,0,5,1,28,,296759,12,0,5,1,69,,296742,12,0,5,1,30,,296752,12,0,5,1,70,,296774,12,0,5,1,30,,296768,12,0,5,1,69,,296760,12,0,5,1,30,,296743,12,0,5,1,70,,296753,12,0,5,1,30,,296775,12,0,5,1,69,,296769,12,0,5,1,29,,296761,12,0,5,1,70,,296744,12,0,5,1,29,,296754,12,0,5,1,70,,296776,12,0,5,1,31,,296755,12,0,5,1,70,,296777,12,0,5,1,31,,296745,12,0,5,1
3701,'H56S000S-82-S',541,,296789,12,0,5,1,74,,296814,12,0,5,1,33,,296790,12,0,5,1,73,,296811,12,0,5,1,32,,296778,12,0,5,1,70,,296791,12,0,5,1,29,,296812,12,0,5,1,70,,296779,12,0,5,1,30,,296792,12,0,5,1,70,,296802,12,0,5,1,30,,296780,12,0,5,1,70,,296793,12,0,5,1,30,,296803,12,0,5,1,71,,296781,12,0,5,1,30,,296794,12,0,5,1,70,,296804,12,0,5,1,30,,296782,12,0,5,1,70,,296795,12,0,5,1,30,,296805,12,0,5,1,70,,296783,12,0,5,1,31,,296796,12,0,5,1,70,,296806,12,0,5,1,30,,296784,12,0,5,1,69,,296797,12,0,5,1,30,,296807,12,0,5,1,70,,296785,12,0,5,1,30,,296798,12,0,5,1,70,,296808,12,0,5,1,28,,296786,12,0,5,1,70,,296799,12,0,5,1,30,,296809,12,0,5,1,70,,296787,12,0,5,1,30,,296800,12,0,5,1,70,,296810,12,0,5,1,30,,296788,12,0,5,1,69,,296813,12,0,5,1,29,,296815,12,0,5,1,69,,296801,12,0,5,1
3701,'H56S100F-80-F1',522,,296840,12,0,5,1,25,,296824,12,0,5,1,73,,296841,12,0,5,1,30,,296825,12,0,5,1,71,,296842,12,0,5,1,31,,296826,12,0,5,1,71,,296843,12,0,5,1,30,,296827,12,0,5,1,72,,296844,12,0,5,1,31,,296828,12,0,5,1,73,,296845,12,0,5,1,72,,296829,12,0,5,1,33,,296816,12,0,5,1,73,,296848,12,0,5,1,30,,296834,12,0,5,1,70,,296817,12,0,5,1,29,,296849,12,0,5,1,69,,296835,12,0,5,1,29,,296818,12,0,5,1,69,,296850,12,0,5,1,29,,296836,12,0,5,1,69,,296819,12,0,5,1,28,,296851,12,0,5,1,28,,296837,12,0,5,1,69,,296820,12,0,5,1,30,,296830,12,0,5,1,70,,296852,12,0,5,1,30,,296846,12,0,5,1,69,,296838,12,0,5,1,30,,296821,12,0,5,1,70,,296831,12,0,5,1,30,,296853,12,0,5,1,69,,296847,12,0,5,1,29,,296839,12,0,5,1,70,,296822,12,0,5,1,29,,296832,12,0,5,1,70,,296854,12,0,5,1,31,,296833,12,0,5,1,70,,296855,12,0,5,1,31,,296823,12,0,5,1
3701,'H56S200F-80-F2',522,,296880,12,0,5,1,25,,296864,12,0,5,1,73,,296881,12,0,5,1,30,,296865,12,0,5,1,71,,296882,12,0,5,1,31,,296866,12,0,5,1,71,,296883,12,0,5,1,30,,296867,12,0,5,1,72,,296884,12,0,5,1,31,,296868,12,0,5,1,73,,296885,12,0,5,1,72,,296869,12,0,5,1,33,,296856,12,0,5,1,73,,296888,12,0,5,1,30,,296874,12,0,5,1,70,,296857,12,0,5,1,29,,296889,12,0,5,1,69,,296875,12,0,5,1,29,,296858,12,0,5,1,69,,296890,12,0,5,1,29,,296876,12,0,5,1,69,,296859,12,0,5,1,28,,296891,12,0,5,1,28,,296877,12,0,5,1,69,,296860,12,0,5,1,30,,296870,12,0,5,1,70,,296892,12,0,5,1,30,,296886,12,0,5,1,69,,296878,12,0,5,1,30,,296861,12,0,5,1,70,,296871,12,0,5,1,30,,296893,12,0,5,1,69,,296887,12,0,5,1,29,,296879,12,0,5,1,70,,296862,12,0,5,1,29,,296872,12,0,5,1,70,,296894,12,0,5,1,31,,296873,12,0,5,1,70,,296895,12,0,5,1,31,,296863,12,0,5,1
35001,'H56S000A-80-A',2540,,345964,59,0,5,1,94,,345966,59,0,5,1,94,,345963,59,0,5,1,83,,345965,59,0,5,1,44,,345967,59,0,5,2
35001,'H56S000I-80-I',2540,,345971,59,0,5,1,89,,345970,59,0,5,2,87,,345969,59,0,5,1,84,,345968,59,0,5,1,47,,345972,59,0,5,2
35001,'H56S000S-82-S',2539,,345976,59,0,5,2,87,,345975,59,0,5,1,88,,345973,59,0,5,2,45,,345974,59,0,5,1,88,,345977,59,0,5,1
35001,'H56S100F-80-F1',2540,,345981,59,0,5,1,89,,345980,59,0,5,2,87,,345979,59,0,5,1,84,,345978,59,0,5,1,47,,345982,59,0,5,2
35001,'H56S200F-80-F2',2540,,345986,59,0,5,1,89,,345985,59,0,5,2,87,,345984,59,0,5,1,84,,345983,59,0,5,1,47,,345987,59,0,5,2
