6703,'H58S000A-80-A',447,,305915,12,0,8,1,64,,305935,12,0,8,1,28,,305944,12,0,8,1,71,,305916,12,0,8,1,30,,305936,12,0,8,1,70,,305945,12,0,8,1,31,,305954,12,0,8,1,71,,305937,12,0,8,1,19,,305965,12,0,8,1,20,,305946,12,0,8,1,58,,305917,12,0,8,1,18,,305955,12,0,8,1,18,,305966,12,0,8,1,59,,305973,12,0,8,1,18,,305978,12,0,8,1,18,,305930,12,0,8,1,17,,305918,12,0,8,1,53,,305956,12,0,8,1,13,,305938,12,0,8,1,14,,305967,12,0,8,1,14,,305974,12,0,8,1,52,,305947,12,0,8,1,12,,305979,12,0,8,1,10,,305931,12,0,8,1,11,,305985,12,0,8,1,11,,305919,12,0,8,1,11,,305957,12,0,8,1,50,,305939,12,0,8,1,9,,305927,12,0,8,1,9,,305968,12,0,8,1,10,,305975,12,0,8,1,9,,305996,12,0,8,1,10,,305948,12,0,8,1,49,,305980,12,0,8,1,9,,305932,12,0,8,1,9,,305993,12,0,8,1,10,,305986,12,0,8,1,10,,305920,12,0,8,1,10,,305958,12,0,8,1,49,,305940,12,0,8,1,8,,305928,12,0,8,1,9,,305969,12,0,8,1,8,,305976,12,0,8,1,8,,306004,12,0,8,1,8,,305997,12,0,8,1,8,,305949,12,0,8,1,8,,305981,12,0,8,1,48,,305933,12,0,8,1,8,,305994,12,0,8,1,7,,306007,12,0,8,1,7,,305941,12,0,8,1,7,,305987,12,0,8,1,6,,305921,12,0,8,1,7,,305959,12,0,8,1,8,,305929,12,0,8,1,47,,306005,12,0,8,1,7,,305970,12,0,8,1,8,,305950,12,0,8,1,8,,305977,12,0,8,1,7,,305998,12,0,8,1,7,,305995,12,0,8,1,7,,305982,12,0,8,1,7,,305942,12,0,8,1,46,,305934,12,0,8,1,7,,305922,12,0,8,1,6,,306008,12,0,8,1,6,,305943,12,0,8,1,7,,305988,12,0,8,1,10,,305971,12,0,8,1,11,,305960,12,0,8,1,11,,306006,12,0,8,1,51,,305951,12,0,8,1,12,,305999,12,0,8,1,11,,305963,12,0,8,1,11,,305983,12,0,8,1,12,,305923,12,0,8,1,54,,305989,12,0,8,1,13,,305964,12,0,8,1,13,,305961,12,0,8,1,14,,305952,12,0,8,1,55,,306000,12,0,8,1,15,,305924,12,0,8,1,16,,305984,12,0,8,1,15,,305990,12,0,8,1,60,,305962,12,0,8,1,18,,306001,12,0,8,1,18,,305953,12,0,8,1,58,,305925,12,0,8,1,29,,305991,12,0,8,1,70,,306002,12,0,8,1,31,,305926,12,0,8,1,68,,305992,12,0,8,1,27,,306003,12,0,8,1,25,,305972,12,0,8,1
6703,'H58S000I-80-I',448,,306009,12,0,8,1,69,,306017,12,0,8,1,28,,306027,12,0,8,1,68,,306010,12,0,8,1,29,,306018,12,0,8,1,68,,306028,12,0,8,1,30,,306011,12,0,8,1,71,,306032,12,0,8,1,30,,306029,12,0,8,1,68,,306012,12,0,8,1,22,,306037,12,0,8,1,17,,306019,12,0,8,1,58,,306038,12,0,8,1,15,,306030,12,0,8,1,14,,306045,12,0,8,1,15,,306013,12,0,8,1,56,,306056,12,0,8,1,17,,306033,12,0,8,1,17,,306059,12,0,8,1,17,,306039,12,0,8,1,57,,306031,12,0,8,1,16,,306046,12,0,8,1,15,,306057,12,0,8,1,12,,306020,12,0,8,1,52,,306034,12,0,8,1,11,,306060,12,0,8,1,12,,306065,12,0,8,1,12,,306040,12,0,8,1,12,,306069,12,0,8,1,51,,306014,12,0,8,1,12,,306047,12,0,8,1,10,,306077,12,0,8,1,10,,306021,12,0,8,1,10,,306082,12,0,8,1,51,,306035,12,0,8,1,11,,306061,12,0,8,1,11,,306066,12,0,8,1,11,,306041,12,0,8,1,11,,306054,12,0,8,1,10,,306070,12,0,8,1,50,,306015,12,0,8,1,9,,306048,12,0,8,1,10,,306078,12,0,8,1,8,,306022,12,0,8,1,8,,306083,12,0,8,1,8,,306036,12,0,8,1,8,,306062,12,0,8,1,49,,306042,12,0,8,1,8,,306067,12,0,8,1,8,,306085,12,0,8,1,7,,306055,12,0,8,1,7,,306016,12,0,8,1,8,,306071,12,0,8,1,9,,306058,12,0,8,1,49,,306049,12,0,8,1,9,,306079,12,0,8,1,10,,306063,12,0,8,1,10,,306084,12,0,8,1,11,,306068,12,0,8,1,11,,306043,12,0,8,1,52,,306086,12,0,8,1,14,,306023,12,0,8,1,15,,306072,12,0,8,1,15,,306050,12,0,8,1,54,,306064,12,0,8,1,17,,306080,12,0,8,1,18,,306044,12,0,8,1,19,,306073,12,0,8,1,63,,306024,12,0,8,1,23,,306051,12,0,8,1,63,,306081,12,0,8,1,24,,306074,12,0,8,1,30,,306025,12,0,8,1,70,,306052,12,0,8,1,29,,306075,12,0,8,1,69,,306026,12,0,8,1,27,,306053,12,0,8,1,67,,306076,12,0,8,1
6703,'H58S000S-83-S',520,,306100,12,0,8,1,28,,306087,12,0,8,1,69,,306110,12,0,8,1,12,,306117,12,0,8,1,12,,306123,12,0,8,1,11,,306133,12,0,8,1,48,,306140,12,0,8,1,10,,306101,12,0,8,1,7,,306094,12,0,8,1,8,,306148,12,0,8,1,6,,306088,12,0,8,1,6,,306152,12,0,8,1,6,,306158,12,0,8,1,6,,306153,12,0,8,1,6,,306164,12,0,8,1,46,,306111,12,0,8,1,6,,306160,12,0,8,1,5,,306159,12,0,8,1,6,,306118,12,0,8,1,5,,306161,12,0,8,1,5,,306147,12,0,8,1,7,,306124,12,0,8,1,9,,306163,12,0,8,1,10,,306134,12,0,8,1,50,,306102,12,0,8,1,9,,306095,12,0,8,1,10,,306089,12,0,8,1,9,,306162,12,0,8,1,9,,306154,12,0,8,1,10,,306165,12,0,8,1,51,,306112,12,0,8,1,12,,306119,12,0,8,1,12,,306125,12,0,8,1,11,,306135,12,0,8,1,11,,306103,12,0,8,1,52,,306096,12,0,8,1,12,,306090,12,0,8,1,12,,306155,12,0,8,1,12,,306166,12,0,8,1,12,,306113,12,0,8,1,52,,306120,12,0,8,1,12,,306126,12,0,8,1,12,,306136,12,0,8,1,12,,306104,12,0,8,1,12,,306097,12,0,8,1,53,,306091,12,0,8,1,12,,306156,12,0,8,1,12,,306141,12,0,8,1,12,,306167,12,0,8,1,12,,306114,12,0,8,1,51,,306121,12,0,8,1,11,,306127,12,0,8,1,12,,306137,12,0,8,1,10,,306105,12,0,8,1,9,,306098,12,0,8,1,8,,306171,12,0,8,1,8,,306092,12,0,8,1,49,,306157,12,0,8,1,6,,306190,12,0,8,1,6,,306142,12,0,8,1,6,,306192,12,0,8,1,6,,306168,12,0,8,1,9,,306178,12,0,8,1,8,,306115,12,0,8,1,9,,306122,12,0,8,1,49,,306128,12,0,8,1,8,,306196,12,0,8,1,8,,306195,12,0,8,1,7,,306138,12,0,8,1,6,,306106,12,0,8,1,7,,306099,12,0,8,1,8,,306172,12,0,8,1,8,,306187,12,0,8,1,49,,306184,12,0,8,1,8,,306093,12,0,8,1,8,,306191,12,0,8,1,8,,306143,12,0,8,1,8,,306193,12,0,8,1,8,,306169,12,0,8,1,8,,306179,12,0,8,1,48,,306116,12,0,8,1,8,,306129,12,0,8,1,8,,306197,12,0,8,1,9,,306139,12,0,8,1,10,,306107,12,0,8,1,10,,306173,12,0,8,1,11,,306188,12,0,8,1,51,,306185,12,0,8,1,11,,306194,12,0,8,1,10,,306144,12,0,8,1,10,,306170,12,0,8,1,11,,306180,12,0,8,1,51,,306130,12,0,8,1,18,,306108,12,0,8,1,17,,306174,12,0,8,1,16,,306189,12,0,8,1,52,,306186,12,0,8,1,12,,306145,12,0,8,1,12,,306181,12,0,8,1,12,,306149,12,0,8,1,13,,306109,12,0,8,1,53,,306131,12,0,8,1,19,,306175,12,0,8,1,20,,306182,12,0,8,1,57,,306146,12,0,8,1,19,,306150,12,0,8,1,20,,306176,12,0,8,1,60,,306132,12,0,8,1,23,,306183,12,0,8,1,26,,306151,12,0,8,1,68,,306177,12,0,8,1
6703,'H58S100F-80-F1',448,,306198,12,0,8,1,69,,306206,12,0,8,1,28,,306214,12,0,8,1,68,,306199,12,0,8,1,29,,306207,12,0,8,1,68,,306215,12,0,8,1,30,,306200,12,0,8,1,71,,306222,12,0,8,1,30,,306216,12,0,8,1,68,,306201,12,0,8,1,22,,306227,12,0,8,1,17,,306208,12,0,8,1,58,,306229,12,0,8,1,15,,306217,12,0,8,1,14,,306236,12,0,8,1,15,,306202,12,0,8,1,56,,306248,12,0,8,1,17,,306223,12,0,8,1,17,,306209,12,0,8,1,17,,306230,12,0,8,1,57,,306245,12,0,8,1,16,,306237,12,0,8,1,15,,306228,12,0,8,1,12,,306249,12,0,8,1,52,,306224,12,0,8,1,11,,306253,12,0,8,1,12,,306210,12,0,8,1,12,,306231,12,0,8,1,12,,306258,12,0,8,1,51,,306203,12,0,8,1,12,,306238,12,0,8,1,10,,306266,12,0,8,1,10,,306250,12,0,8,1,10,,306271,12,0,8,1,51,,306225,12,0,8,1,11,,306254,12,0,8,1,11,,306211,12,0,8,1,11,,306232,12,0,8,1,11,,306246,12,0,8,1,10,,306259,12,0,8,1,50,,306204,12,0,8,1,9,,306239,12,0,8,1,10,,306267,12,0,8,1,8,,306251,12,0,8,1,8,,306272,12,0,8,1,8,,306226,12,0,8,1,8,,306255,12,0,8,1,49,,306233,12,0,8,1,8,,306212,12,0,8,1,8,,306274,12,0,8,1,7,,306247,12,0,8,1,7,,306205,12,0,8,1,8,,306260,12,0,8,1,9,,306252,12,0,8,1,49,,306240,12,0,8,1,9,,306268,12,0,8,1,10,,306256,12,0,8,1,10,,306273,12,0,8,1,11,,306213,12,0,8,1,11,,306234,12,0,8,1,52,,306275,12,0,8,1,14,,306218,12,0,8,1,15,,306261,12,0,8,1,15,,306241,12,0,8,1,54,,306257,12,0,8,1,17,,306269,12,0,8,1,18,,306235,12,0,8,1,19,,306262,12,0,8,1,63,,306219,12,0,8,1,23,,306242,12,0,8,1,63,,306270,12,0,8,1,24,,306263,12,0,8,1,30,,306220,12,0,8,1,70,,306243,12,0,8,1,29,,306264,12,0,8,1,69,,306221,12,0,8,1,27,,306244,12,0,8,1,67,,306265,12,0,8,1
6703,'H58S200F-80-F2',448,,306276,12,0,8,1,69,,306284,12,0,8,1,28,,306292,12,0,8,1,68,,306277,12,0,8,1,29,,306285,12,0,8,1,68,,306293,12,0,8,1,30,,306278,12,0,8,1,71,,306300,12,0,8,1,30,,306294,12,0,8,1,68,,306279,12,0,8,1,22,,306305,12,0,8,1,17,,306286,12,0,8,1,58,,306307,12,0,8,1,15,,306295,12,0,8,1,14,,306314,12,0,8,1,15,,306280,12,0,8,1,56,,306345,12,0,8,1,17,,306301,12,0,8,1,17,,306287,12,0,8,1,17,,306308,12,0,8,1,57,,306323,12,0,8,1,16,,306315,12,0,8,1,15,,306306,12,0,8,1,12,,306346,12,0,8,1,52,,306302,12,0,8,1,11,,306324,12,0,8,1,12,,306288,12,0,8,1,12,,306309,12,0,8,1,12,,306329,12,0,8,1,51,,306281,12,0,8,1,12,,306316,12,0,8,1,10,,306337,12,0,8,1,10,,306347,12,0,8,1,10,,306340,12,0,8,1,51,,306303,12,0,8,1,11,,306325,12,0,8,1,11,,306289,12,0,8,1,11,,306310,12,0,8,1,11,,306343,12,0,8,1,10,,306330,12,0,8,1,50,,306282,12,0,8,1,9,,306317,12,0,8,1,10,,306338,12,0,8,1,8,,306348,12,0,8,1,8,,306341,12,0,8,1,8,,306304,12,0,8,1,8,,306326,12,0,8,1,49,,306311,12,0,8,1,8,,306290,12,0,8,1,8,,306352,12,0,8,1,7,,306344,12,0,8,1,7,,306283,12,0,8,1,8,,306331,12,0,8,1,9,,306349,12,0,8,1,49,,306318,12,0,8,1,9,,306339,12,0,8,1,10,,306327,12,0,8,1,10,,306342,12,0,8,1,11,,306291,12,0,8,1,11,,306312,12,0,8,1,52,,306353,12,0,8,1,14,,306296,12,0,8,1,15,,306332,12,0,8,1,15,,306319,12,0,8,1,54,,306328,12,0,8,1,17,,306350,12,0,8,1,18,,306313,12,0,8,1,19,,306333,12,0,8,1,63,,306297,12,0,8,1,23,,306320,12,0,8,1,63,,306351,12,0,8,1,24,,306334,12,0,8,1,30,,306298,12,0,8,1,70,,306321,12,0,8,1,29,,306335,12,0,8,1,69,,306299,12,0,8,1,27,,306322,12,0,8,1,67,,306336,12,0,8,1
35703,'H59S000A-80-A',2643,,346262,17,0,8,2,85,,346261,17,0,8,1,84,,346263,17,0,8,2
35703,'H59S000I-81-I',2555,,346264,17,0,8,1,85,,346266,17,0,8,2,85,,346265,17,0,8,1,85,,346267,17,0,8,2
35703,'H59S000S-80-S',2555,,346270,17,0,8,2,85,,346268,17,0,8,1,85,,346271,17,0,8,2,85,,346269,17,0,8,1
35703,'H59S100F-80-F1',2555,,346272,17,0,8,1,85,,346274,17,0,8,2,85,,346273,17,0,8,1,85,,346275,17,0,8,2
35703,'H59S200F-80-F2',2555,,346276,17,0,8,1,85,,346278,17,0,8,2,85,,346277,17,0,8,1,85,,346279,17,0,8,2
46703,'H58S000S-83-S',656,,349446,5,0,8,1,64,,349455,5,0,8,1,33,,349447,5,0,8,1,63,,349456,5,0,8,1,19,,349463,5,0,8,1,20,,349443,5,0,8,1,69,,349448,5,0,8,1,27,,349457,5,0,8,1,70,,349444,5,0,8,1,30,,349449,5,0,8,1,70,,349458,5,0,8,1,30,,349445,5,0,8,1,70,,349450,5,0,8,1,31,,349459,5,0,8,1,70,,349464,5,0,8,1,32,,349451,5,0,8,1,71,,349460,5,0,8,1,25,,349465,5,0,8,1,57,,349467,5,0,8,1,16,,349452,5,0,8,1,14,,349468,5,0,8,1,17,,349461,5,0,8,1,54,,349470,5,0,8,1,14,,349471,5,0,8,1,11,,349466,5,0,8,1,12,,349473,5,0,8,1,10,,349474,5,0,8,1,53,,349469,5,0,8,1,12,,349453,5,0,8,1,18,,349462,5,0,8,1,66,,349472,5,0,8,1,26,,349475,5,0,8,1,25,,349454,5,0,8,1,58,,349442,5,0,8,1
