4503,'H51S000S-81-S',1724,,298689,24,0,8,1
4503,'H57S000S-80-S',1536,,298691,24,0,8,1,76,,298695,24,0,8,1,24,,298697,24,0,8,2,12,,298690,24,0,8,1,52,,298693,24,0,8,2,36,,298696,24,0,8,1,64,,298692,24,0,8,1,12,,298694,24,0,8,1
4503,'H58S000A-80-A',607,,298698,24,0,8,1,31,,298710,24,0,8,1,70,,298721,24,0,8,2,31,,298699,24,0,8,1,71,,298711,24,0,8,1,30,,298722,24,0,8,2,72,,298700,24,0,8,1,34,,298712,24,0,8,1,76,,298723,24,0,8,2,33,,298701,24,0,8,1,74,,298727,24,0,8,2,28,,298713,24,0,8,1,72,,298724,24,0,8,2,73,,298702,24,0,8,1,31,,298728,24,0,8,2,24,,298714,24,0,8,1,64,,298736,24,0,8,2,24,,298725,24,0,8,2,60,,298739,24,0,8,1,18,,298703,24,0,8,1,18,,298729,24,0,8,2,59,,298726,24,0,8,1,19,,298715,24,0,8,1,20,,298737,24,0,8,2,63,,298704,24,0,8,1,26,,298740,24,0,8,1,25,,298730,24,0,8,2,65,,298716,24,0,8,1,26,,298738,24,0,8,2,66,,298705,24,0,8,1,25,,298741,24,0,8,1,67,,298731,24,0,8,2,25,,298717,24,0,8,1,26,,298706,24,0,8,1,65,,298742,24,0,8,1,24,,298732,24,0,8,2,70,,298718,24,0,8,1,30,,298707,24,0,8,1,70,,298733,24,0,8,2,31,,298719,24,0,8,1,69,,298708,24,0,8,1,28,,298734,24,0,8,1,69,,298720,24,0,8,1,29,,298709,24,0,8,1,69,,298735,24,0,8,2
4503,'H58S000I-80-I',609,,298746,24,0,8,1,30,,298758,24,0,8,2,69,,298771,24,0,8,2,29,,298747,24,0,8,1,72,,298759,24,0,8,2,30,,298772,24,0,8,2,71,,298748,24,0,8,1,33,,298760,24,0,8,2,75,,298773,24,0,8,2,33,,298749,24,0,8,1,72,,298761,24,0,8,2,33,,298743,24,0,8,1,73,,298774,24,0,8,2,71,,298750,24,0,8,1,32,,298762,24,0,8,2,72,,298744,24,0,8,1,32,,298775,24,0,8,2,72,,298751,24,0,8,1,32,,298781,24,0,8,1,73,,298745,24,0,8,1,24,,298763,24,0,8,2,65,,298752,24,0,8,1,25,,298766,24,0,8,2,27,,298776,24,0,8,1,70,,298765,24,0,8,2,28,,298764,24,0,8,2,72,,298753,24,0,8,1,31,,298767,24,0,8,2,72,,298777,24,0,8,1,31,,298754,24,0,8,1,71,,298768,24,0,8,2,73,,298778,24,0,8,1,31,,298755,24,0,8,1,70,,298769,24,0,8,2,30,,298779,24,0,8,1,68,,298756,24,0,8,1,28,,298770,24,0,8,2,71,,298780,24,0,8,1,32,,298757,24,0,8,1
4503,'H58S000S-83-S',557,,298792,24,0,8,2,70,,298800,24,0,8,2,32,,298810,24,0,8,2,72,,298794,24,0,8,1,79,,298793,24,0,8,2,20,,298803,24,0,8,1,71,,298811,24,0,8,2,27,,298782,24,0,8,1,29,,298795,24,0,8,1,67,,298804,24,0,8,1,25,,298789,24,0,8,2,64,,298812,24,0,8,2,24,,298783,24,0,8,1,65,,298796,24,0,8,1,25,,298805,24,0,8,1,24,,298790,24,0,8,2,68,,298813,24,0,8,2,28,,298784,24,0,8,1,68,,298797,24,0,8,1,29,,298806,24,0,8,1,61,,298791,24,0,8,2,95,,298785,24,0,8,1,24,,298798,24,0,8,1,88,,298807,24,0,8,1,36,,298819,24,0,8,2,75,,298786,24,0,8,1,10,,298799,24,0,8,1,17,,298801,24,0,8,2,66,,298808,24,0,8,1,30,,298820,24,0,8,2,70,,298787,24,0,8,1,29,,298802,24,0,8,2,68,,298809,24,0,8,1,29,,298821,24,0,8,2,69,,298788,24,0,8,1,30,,298824,24,0,8,2,66,,298815,24,0,8,1,30,,298822,24,0,8,2,71,,298814,24,0,8,1,26,,298816,24,0,8,1,69,,298817,24,0,8,1,16,,298823,24,0,8,2,16,,298818,24,0,8,1
4503,'H58S100F-80-F1',609,,298825,24,0,8,2,30,,298835,24,0,8,1,69,,298847,24,0,8,2,29,,298826,24,0,8,2,72,,298836,24,0,8,1,30,,298848,24,0,8,2,71,,298827,24,0,8,2,33,,298837,24,0,8,1,75,,298849,24,0,8,2,33,,298828,24,0,8,2,72,,298838,24,0,8,1,33,,298829,24,0,8,1,73,,298850,24,0,8,2,71,,298832,24,0,8,1,32,,298839,24,0,8,1,72,,298830,24,0,8,1,32,,298851,24,0,8,2,72,,298833,24,0,8,1,32,,298840,24,0,8,1,73,,298831,24,0,8,1,24,,298852,24,0,8,2,65,,298834,24,0,8,1,25,,298859,24,0,8,1,27,,298841,24,0,8,1,70,,298846,24,0,8,2,28,,298853,24,0,8,2,72,,298858,24,0,8,1,31,,298860,24,0,8,2,72,,298842,24,0,8,1,31,,298854,24,0,8,2,71,,298861,24,0,8,2,73,,298843,24,0,8,1,31,,298855,24,0,8,2,70,,298862,24,0,8,2,30,,298844,24,0,8,1,68,,298856,24,0,8,2,28,,298863,24,0,8,2,71,,298845,24,0,8,1,32,,298857,24,0,8,2
4503,'H58S200F-80-F2',609,,298865,24,0,8,2,30,,298869,24,0,8,1,69,,298880,24,0,8,2,29,,298866,24,0,8,2,72,,298870,24,0,8,1,30,,298881,24,0,8,2,71,,298867,24,0,8,2,33,,298871,24,0,8,1,75,,298882,24,0,8,2,33,,298868,24,0,8,2,72,,298872,24,0,8,1,33,,298895,24,0,8,1,73,,298883,24,0,8,2,71,,298898,24,0,8,1,32,,298873,24,0,8,1,72,,298896,24,0,8,1,32,,298884,24,0,8,2,72,,298899,24,0,8,1,32,,298874,24,0,8,1,73,,298897,24,0,8,1,24,,298885,24,0,8,2,65,,298900,24,0,8,1,25,,298864,24,0,8,1,27,,298875,24,0,8,1,70,,298902,24,0,8,2,28,,298886,24,0,8,2,72,,298901,24,0,8,1,31,,298891,24,0,8,2,72,,298876,24,0,8,1,31,,298887,24,0,8,2,71,,298892,24,0,8,2,73,,298877,24,0,8,1,31,,298888,24,0,8,2,70,,298893,24,0,8,2,30,,298878,24,0,8,1,68,,298889,24,0,8,2,28,,298894,24,0,8,2,71,,298879,24,0,8,1,32,,298890,24,0,8,2
4503,'H59S000S-80-S',717,,298903,24,0,8,2,28,,298904,24,0,8,2,12,,298905,24,0,8,2,767,,298906,24,0,8,2,24,,298907,24,0,8,2
35903,'H57S000A-80-A',2632,,346419,24,0,8,1,20,,346420,24,0,8,1,60,,346424,24,0,8,2,26,,346423,24,0,8,1,74,,346421,24,0,8,1,36,,346425,24,0,8,2,75,,346422,24,0,8,1
35903,'H57S000I-80-I',2553,,346426,24,0,8,1,75,,346430,24,0,8,1,75,,346427,24,0,8,1,35,,346431,24,0,8,1,75,,346428,24,0,8,1,36,,346432,24,0,8,1,76,,346429,24,0,8,1
35903,'H57S000S-80-S',2555,,346434,24,0,8,1,74,,346437,24,0,8,1,78,,346435,24,0,8,1,32,,346433,24,0,8,1,75,,346438,24,0,8,1,35,,346436,24,0,8,1,76,,346439,24,0,8,1
35903,'H57S100F-80-F1',2553,,346440,24,0,8,1,75,,346444,24,0,8,1,75,,346441,24,0,8,1,35,,346445,24,0,8,1,75,,346442,24,0,8,1,36,,346446,24,0,8,1,76,,346443,24,0,8,1
35903,'H57S200F-80-F2',2553,,346447,24,0,8,1,75,,346451,24,0,8,1,75,,346448,24,0,8,1,35,,346452,24,0,8,1,75,,346449,24,0,8,1,36,,346453,24,0,8,1,76,,346450,24,0,8,1
