13904,'H58S000A-80-A',516,,325593,25,0,9,1,28,,325616,25,0,9,2,62,,325620,25,0,9,1,22,,325589,25,0,9,2,15,,325594,25,0,9,1,11,,325618,25,0,9,1,51,,325609,25,0,9,1,11,,325617,25,0,9,2,9,,325604,25,0,9,1,9,,325628,25,0,9,2,10,,325621,25,0,9,1,12,,325619,25,0,9,1,53,,325590,25,0,9,2,15,,325595,25,0,9,1,20,,325610,25,0,9,1,70,,325605,25,0,9,1,30,,325622,25,0,9,1,71,,325596,25,0,9,1,31,,325611,25,0,9,1,70,,325606,25,0,9,1,30,,325623,25,0,9,1,71,,325597,25,0,9,1,31,,325612,25,0,9,1,71,,325607,25,0,9,1,30,,325624,25,0,9,1,70,,325598,25,0,9,1,30,,325613,25,0,9,1,69,,325608,25,0,9,1,30,,325625,25,0,9,1,70,,325599,25,0,9,1,30,,325614,25,0,9,1,68,,325633,25,0,9,1,29,,325586,25,0,9,2,63,,325600,25,0,9,1,27,,325615,25,0,9,1,70,,325591,25,0,9,2,30,,325587,25,0,9,2,70,,325601,25,0,9,1,30,,325630,25,0,9,2,70,,325592,25,0,9,2,29,,325588,25,0,9,2,69,,325629,25,0,9,1,28,,325602,25,0,9,1,28,,325626,25,0,9,2,72,,325631,25,0,9,2,71,,325603,25,0,9,1,31,,325627,25,0,9,2,73,,325632,25,0,9,2
13904,'H58S000I-80-I',515,,325635,25,0,9,2,30,,325648,25,0,9,1,61,,325652,25,0,9,1,21,,325645,25,0,9,2,20,,325636,25,0,9,2,56,,325661,25,0,9,1,15,,325649,25,0,9,1,15,,325667,25,0,9,2,15,,325653,25,0,9,1,55,,325651,25,0,9,2,23,,325637,25,0,9,2,26,,325662,25,0,9,1,66,,325668,25,0,9,2,29,,325654,25,0,9,1,67,,325638,25,0,9,2,31,,325663,25,0,9,1,68,,325669,25,0,9,2,33,,325655,25,0,9,1,72,,325639,25,0,9,2,27,,325664,25,0,9,1,70,,325670,25,0,9,2,31,,325656,25,0,9,1,69,,325640,25,0,9,2,30,,325665,25,0,9,1,70,,325671,25,0,9,2,31,,325657,25,0,9,1,66,,325641,25,0,9,2,29,,325666,25,0,9,1,69,,325672,25,0,9,2,31,,325658,25,0,9,1,70,,325642,25,0,9,2,29,,325676,25,0,9,2,68,,325673,25,0,9,2,28,,325659,25,0,9,1,70,,325643,25,0,9,2,29,,325677,25,0,9,2,65,,325674,25,0,9,2,25,,325660,25,0,9,1,25,,325644,25,0,9,2,66,,325678,25,0,9,2,26,,325675,25,0,9,2,64,,325650,25,0,9,1,27,,325647,25,0,9,1,69,,325646,25,0,9,1,30,,325634,25,0,9,1,72,,325679,25,0,9,2
13904,'H58S000S-83-S',518,,325687,25,0,9,1,33,,325696,25,0,9,2,73,,325681,25,0,9,1,30,,325690,25,0,9,2,73,,325688,25,0,9,1,30,,325697,25,0,9,2,70,,325682,25,0,9,1,29,,325691,25,0,9,2,70,,325689,25,0,9,1,30,,325698,25,0,9,2,70,,325683,25,0,9,1,29,,325692,25,0,9,2,70,,325713,25,0,9,1,31,,325699,25,0,9,2,70,,325684,25,0,9,1,30,,325693,25,0,9,2,72,,325714,25,0,9,1,30,,325700,25,0,9,2,72,,325685,25,0,9,1,70,,325694,25,0,9,2,30,,325715,25,0,9,1,75,,325701,25,0,9,2,32,,325686,25,0,9,1,72,,325695,25,0,9,2,33,,325716,25,0,9,1,68,,325705,25,0,9,1,29,,325702,25,0,9,2,65,,325708,25,0,9,1,28,,325717,25,0,9,1,68,,325706,25,0,9,1,29,,325703,25,0,9,2,29,,325709,25,0,9,1,70,,325718,25,0,9,1,30,,325707,25,0,9,1,70,,325704,25,0,9,2,30,,325710,25,0,9,1,66,,325719,25,0,9,2,30,,325712,25,0,9,1,69,,325680,25,0,9,1,26,,325711,25,0,9,1,60,,325720,25,0,9,2
13904,'H58S100F-80-F1',515,,325721,25,0,9,1,30,,325741,25,0,9,1,61,,325744,25,0,9,2,21,,325754,25,0,9,2,20,,325722,25,0,9,1,56,,325757,25,0,9,2,15,,325742,25,0,9,1,15,,325732,25,0,9,1,15,,325745,25,0,9,2,55,,325743,25,0,9,2,23,,325723,25,0,9,1,26,,325758,25,0,9,2,66,,325733,25,0,9,1,29,,325746,25,0,9,2,67,,325724,25,0,9,1,31,,325759,25,0,9,2,68,,325734,25,0,9,1,33,,325747,25,0,9,2,72,,325725,25,0,9,1,27,,325760,25,0,9,2,70,,325735,25,0,9,1,31,,325748,25,0,9,2,69,,325726,25,0,9,1,30,,325761,25,0,9,2,70,,325736,25,0,9,1,31,,325749,25,0,9,2,66,,325727,25,0,9,1,29,,325762,25,0,9,2,69,,325737,25,0,9,1,31,,325750,25,0,9,2,70,,325728,25,0,9,1,29,,325763,25,0,9,2,68,,325738,25,0,9,1,28,,325751,25,0,9,2,70,,325729,25,0,9,1,29,,325764,25,0,9,2,65,,325739,25,0,9,1,25,,325752,25,0,9,2,25,,325730,25,0,9,1,66,,325755,25,0,9,1,26,,325765,25,0,9,2,64,,325753,25,0,9,2,27,,325766,25,0,9,2,69,,325740,25,0,9,1,30,,325731,25,0,9,2,72,,325756,25,0,9,1
13904,'H58S200F-80-F2',515,,325770,25,0,9,1,30,,325808,25,0,9,1,61,,325780,25,0,9,2,21,,325768,25,0,9,2,20,,325771,25,0,9,1,56,,325799,25,0,9,2,15,,325809,25,0,9,1,15,,325790,25,0,9,1,15,,325781,25,0,9,2,55,,325769,25,0,9,2,23,,325772,25,0,9,1,26,,325800,25,0,9,2,66,,325791,25,0,9,1,29,,325782,25,0,9,2,67,,325773,25,0,9,1,31,,325801,25,0,9,2,68,,325792,25,0,9,1,33,,325783,25,0,9,2,72,,325774,25,0,9,1,27,,325802,25,0,9,2,70,,325793,25,0,9,1,31,,325784,25,0,9,2,69,,325775,25,0,9,1,30,,325803,25,0,9,2,70,,325794,25,0,9,1,31,,325785,25,0,9,2,66,,325776,25,0,9,1,29,,325804,25,0,9,2,69,,325795,25,0,9,1,31,,325786,25,0,9,2,70,,325777,25,0,9,1,29,,325805,25,0,9,2,68,,325796,25,0,9,1,28,,325787,25,0,9,2,70,,325778,25,0,9,1,29,,325806,25,0,9,2,65,,325797,25,0,9,1,25,,325788,25,0,9,2,25,,325779,25,0,9,1,66,,325810,25,0,9,1,26,,325807,25,0,9,2,64,,325789,25,0,9,2,27,,325812,25,0,9,2,69,,325798,25,0,9,1,30,,325767,25,0,9,2,72,,325811,25,0,9,1
35504,'H54S000A-80-A',2536,,346166,26,0,9,2,86,,346165,26,0,9,1,85,,346168,26,0,9,1,44,,346170,26,0,9,1,85,,346167,26,0,9,2,65,,346169,26,0,9,1
35504,'H54S000I-80-I',2533,,346173,26,0,9,1,85,,346172,26,0,9,2,85,,346171,26,0,9,1,46,,346176,26,0,9,2,87,,346174,26,0,9,1,71,,346175,26,0,9,2
35504,'H54S000S-80-S',2535,,346177,26,0,9,1,85,,346181,26,0,9,2,85,,346180,26,0,9,1,45,,346179,26,0,9,2,84,,346178,26,0,9,1,73,,346182,26,0,9,2
35504,'H54S100F-80-F1',2533,,346185,26,0,9,1,85,,346184,26,0,9,2,85,,346183,26,0,9,1,46,,346188,26,0,9,2,87,,346186,26,0,9,1,71,,346187,26,0,9,2
35504,'H54S200F-80-F2',2533,,346191,26,0,9,1,85,,346190,26,0,9,2,85,,346189,26,0,9,1,46,,346194,26,0,9,2,87,,346192,26,0,9,1,71,,346193,26,0,9,2
