1704,'H60S000A-80-A',516,,289856,23,0,9,1,35,,289844,23,0,9,1,84,,289857,23,0,9,1,76,,289845,23,0,9,1,44,,289858,23,0,9,1,78,,289846,23,0,9,1,87,,289859,23,0,9,1,39,,289865,23,0,9,1,84,,289847,23,0,9,1,83,,289860,23,0,9,1,80,,289866,23,0,9,1,42,,289848,23,0,9,1,81,,289861,23,0,9,1,80,,289867,23,0,9,1,40,,289849,23,0,9,1,81,,289862,23,0,9,1,81,,289868,23,0,9,1,41,,289850,23,0,9,1,79,,289863,23,0,9,1,80,,289869,23,0,9,1,38,,289851,23,0,9,1,76,,289864,23,0,9,1,76,,289870,23,0,9,1,45,,289852,23,0,9,1,81,,289871,23,0,9,1,85,,289853,23,0,9,1,41,,289872,23,0,9,1,82,,289854,23,0,9,1,81,,289873,23,0,9,1,41,,289855,23,0,9,1,81,,289874,23,0,9,1
1704,'H60S000I-81-I',525,,289875,23,0,9,1,29,,289904,23,0,9,1,70,,289884,23,0,9,1,35,,289876,23,0,9,1,84,,289885,23,0,9,1,75,,289877,23,0,9,1,85,,289886,23,0,9,1,43,,289878,23,0,9,1,85,,289887,23,0,9,1,83,,289879,23,0,9,1,88,,289888,23,0,9,1,45,,289880,23,0,9,1,76,,289896,23,0,9,1,83,,289889,23,0,9,1,41,,289881,23,0,9,1,80,,289897,23,0,9,1,80,,289890,23,0,9,1,40,,289882,23,0,9,1,80,,289898,23,0,9,1,80,,289891,23,0,9,1,39,,289883,23,0,9,1,78,,289899,23,0,9,1,84,,289892,23,0,9,1,40,,289900,23,0,9,1,84,,289893,23,0,9,1,80,,289901,23,0,9,1,43,,289894,23,0,9,1,82,,289902,23,0,9,1,83,,289895,23,0,9,1,83,,289903,23,0,9,1
1704,'H60S000S-83-S',527,,289916,23,0,9,1,29,,289907,23,0,9,1,73,,289905,23,0,9,1,72,,289917,23,0,9,1,33,,289928,23,0,9,1,74,,289908,23,0,9,1,33,,289906,23,0,9,1,73,,289918,23,0,9,1,32,,289929,23,0,9,1,77,,289909,23,0,9,1,78,,289919,23,0,9,1,38,,289930,23,0,9,1,78,,289910,23,0,9,1,38,,289920,23,0,9,1,78,,289931,23,0,9,1,77,,289911,23,0,9,1,39,,289921,23,0,9,1,72,,289934,23,0,9,1,34,,289932,23,0,9,1,73,,289912,23,0,9,1,73,,289922,23,0,9,1,33,,289935,23,0,9,1,72,,289933,23,0,9,1,29,,289913,23,0,9,1,72,,289923,23,0,9,1,30,,289936,23,0,9,1,74,,289914,23,0,9,1,32,,289924,23,0,9,1,70,,289937,23,0,9,1,30,,289915,23,0,9,1,72,,289925,23,0,9,1,41,,289938,23,0,9,1,84,,289926,23,0,9,1,77,,289939,23,0,9,1,83,,289927,23,0,9,1
1704,'H60S100F-80-F1',525,,289940,23,0,9,1,29,,289969,23,0,9,1,70,,289949,23,0,9,1,35,,289941,23,0,9,1,84,,289950,23,0,9,1,75,,289942,23,0,9,1,85,,289951,23,0,9,1,43,,289943,23,0,9,1,85,,289952,23,0,9,1,83,,289944,23,0,9,1,88,,289953,23,0,9,1,45,,289945,23,0,9,1,76,,289961,23,0,9,1,83,,289954,23,0,9,1,41,,289946,23,0,9,1,80,,289962,23,0,9,1,80,,289955,23,0,9,1,40,,289947,23,0,9,1,80,,289963,23,0,9,1,80,,289956,23,0,9,1,39,,289948,23,0,9,1,78,,289964,23,0,9,1,84,,289957,23,0,9,1,40,,289965,23,0,9,1,84,,289958,23,0,9,1,80,,289966,23,0,9,1,43,,289959,23,0,9,1,82,,289967,23,0,9,1,83,,289960,23,0,9,1,83,,289968,23,0,9,1
1704,'H60S200F-80-F2',525,,289970,23,0,9,1,29,,289999,23,0,9,1,70,,289979,23,0,9,1,35,,289971,23,0,9,1,84,,289980,23,0,9,1,75,,289972,23,0,9,1,85,,289981,23,0,9,1,43,,289973,23,0,9,1,85,,289982,23,0,9,1,83,,289974,23,0,9,1,88,,289983,23,0,9,1,45,,289975,23,0,9,1,76,,289991,23,0,9,1,83,,289984,23,0,9,1,41,,289976,23,0,9,1,80,,289992,23,0,9,1,80,,289985,23,0,9,1,40,,289977,23,0,9,1,80,,289993,23,0,9,1,80,,289986,23,0,9,1,39,,289978,23,0,9,1,78,,289994,23,0,9,1,84,,289987,23,0,9,1,40,,289995,23,0,9,1,84,,289988,23,0,9,1,80,,289996,23,0,9,1,43,,289989,23,0,9,1,82,,289997,23,0,9,1,83,,289990,23,0,9,1,83,,289998,23,0,9,1
37104,'H50S000A-82-A',2559,,347115,44,0,9,2,70,,347120,44,0,9,1,30,,347117,44,0,9,2,70,,347119,44,0,9,1,30,,347116,44,0,9,2,70,,347121,44,0,9,1,30,,347118,44,0,9,2
37104,'H50S000I-82-I',2558,,347123,44,0,9,2,70,,347127,44,0,9,1,31,,347125,44,0,9,2,70,,347122,44,0,9,2,30,,347124,44,0,9,2,70,,347128,44,0,9,1,30,,347126,44,0,9,2
37104,'H50S000S-82-S',2600,,347132,44,0,9,2,30,,347134,44,0,9,1,71,,347130,44,0,9,2,30,,347129,44,0,9,1,28,,347133,44,0,9,2,70,,347135,44,0,9,1,29,,347131,44,0,9,2
37104,'H50S100F-80-F1',2558,,347137,44,0,9,2,70,,347141,44,0,9,1,31,,347139,44,0,9,2,70,,347136,44,0,9,2,30,,347138,44,0,9,2,70,,347142,44,0,9,1,30,,347140,44,0,9,2
37104,'H50S200F-80-F2',2558,,347144,44,0,9,2,70,,347148,44,0,9,1,31,,347146,44,0,9,2,70,,347143,44,0,9,2,30,,347145,44,0,9,2,70,,347149,44,0,9,1,30,,347147,44,0,9,2
