4301,'H58S000A-80-A',639,,297722,40,0,5,2,73,,297709,40,0,5,1,33,,297715,40,0,5,2,74,,297723,40,0,5,1,36,,297730,40,0,5,2,75,,297736,40,0,5,1,70,,297710,40,0,5,1,30,,297716,40,0,5,2,70,,297724,40,0,5,1,36,,297731,40,0,5,2,73,,297737,40,0,5,1,33,,297711,40,0,5,1,73,,297717,40,0,5,2,33,,297725,40,0,5,1,73,,297732,40,0,5,2,30,,297738,40,0,5,1,69,,297712,40,0,5,1,30,,297718,40,0,5,2,70,,297726,40,0,5,1,30,,297733,40,0,5,2,68,,297739,40,0,5,1,27,,297713,40,0,5,1,67,,297719,40,0,5,2,29,,297727,40,0,5,1,69,,297734,40,0,5,2,30,,297740,40,0,5,1,71,,297714,40,0,5,1,30,,297720,40,0,5,2,69,,297728,40,0,5,1,30,,297735,40,0,5,2,70,,297742,40,0,5,1,30,,297741,40,0,5,2,93,,297729,40,0,5,1,93,,297743,40,0,5,1,96,,297721,40,0,5,1,93,,297744,40,0,5,1
4301,'H58S000I-80-I',712,,297761,40,0,5,2,35,,297751,40,0,5,1,72,,297760,40,0,5,2,35,,297768,40,0,5,1,75,,297762,40,0,5,2,73,,297752,40,0,5,1,32,,297759,40,0,5,1,72,,297773,40,0,5,1,32,,297769,40,0,5,1,72,,297763,40,0,5,2,31,,297753,40,0,5,1,72,,297746,40,0,5,1,30,,297774,40,0,5,1,71,,297770,40,0,5,1,29,,297764,40,0,5,2,70,,297754,40,0,5,1,31,,297747,40,0,5,1,70,,297775,40,0,5,1,29,,297771,40,0,5,1,66,,297765,40,0,5,2,29,,297755,40,0,5,1,68,,297748,40,0,5,1,28,,297776,40,0,5,1,68,,297772,40,0,5,1,30,,297766,40,0,5,2,71,,297756,40,0,5,1,31,,297749,40,0,5,1,71,,297777,40,0,5,1,31,,297779,40,0,5,2,68,,297745,40,0,5,2,30,,297757,40,0,5,1,93,,297767,40,0,5,1,90,,297750,40,0,5,1,93,,297758,40,0,5,1,92,,297778,40,0,5,2
4301,'H58S000S-83-S',610,,297794,40,0,5,2,22,,297800,40,0,5,1,70,,297787,40,0,5,1,36,,297796,40,0,5,1,74,,297781,40,0,5,1,31,,297795,40,0,5,2,10,,297803,40,0,5,2,49,,297807,40,0,5,1,26,,297801,40,0,5,1,28,,297788,40,0,5,1,69,,297797,40,0,5,1,28,,297782,40,0,5,1,68,,297804,40,0,5,2,30,,297802,40,0,5,1,73,,297808,40,0,5,2,29,,297789,40,0,5,1,70,,297798,40,0,5,1,30,,297783,40,0,5,1,71,,297805,40,0,5,2,30,,297806,40,0,5,1,68,,297809,40,0,5,2,32,,297790,40,0,5,1,69,,297799,40,0,5,1,27,,297784,40,0,5,1,72,,297786,40,0,5,1,31,,297810,40,0,5,2,69,,297792,40,0,5,2,29,,297791,40,0,5,1,69,,297812,40,0,5,2,31,,297785,40,0,5,1,72,,297811,40,0,5,2,32,,297793,40,0,5,2,68,,297816,40,0,5,1,30,,297813,40,0,5,2,78,,297815,40,0,5,1,84,,297817,40,0,5,1,92,,297814,40,0,5,2,97,,297818,40,0,5,1,100,,297780,40,0,5,1
4301,'H58S100F-80-F1',604,,297825,40,0,5,1,22,,297820,40,0,5,1,29,,297823,40,0,5,2,70,,297827,40,0,5,2,75,,297835,40,0,5,1,32,,297819,40,0,5,2,21,,297831,40,0,5,2,70,,297841,40,0,5,1,30,,297821,40,0,5,1,69,,297828,40,0,5,2,28,,297836,40,0,5,1,68,,297832,40,0,5,2,30,,297842,40,0,5,1,70,,297840,40,0,5,1,30,,297822,40,0,5,1,72,,297829,40,0,5,2,31,,297837,40,0,5,1,71,,297833,40,0,5,2,29,,297843,40,0,5,1,68,,297848,40,0,5,1,29,,297850,40,0,5,2,69,,297830,40,0,5,2,27,,297838,40,0,5,1,71,,297834,40,0,5,2,32,,297849,40,0,5,1,69,,297851,40,0,5,2,32,,297826,40,0,5,2,70,,297839,40,0,5,1,33,,297852,40,0,5,2,72,,297824,40,0,5,1,32,,297855,40,0,5,1,70,,297844,40,0,5,1,29,,297854,40,0,5,2,78,,297853,40,0,5,2,86,,297856,40,0,5,1,89,,297845,40,0,5,1,100,,297847,40,0,5,1,95,,297846,40,0,5,1
4301,'H58S200F-80-F2',604,,297879,40,0,5,1,22,,297884,40,0,5,1,29,,297859,40,0,5,2,70,,297860,40,0,5,2,75,,297868,40,0,5,1,32,,297880,40,0,5,2,21,,297864,40,0,5,2,70,,297892,40,0,5,1,30,,297881,40,0,5,1,69,,297861,40,0,5,2,28,,297869,40,0,5,1,68,,297865,40,0,5,2,30,,297893,40,0,5,1,70,,297885,40,0,5,1,30,,297882,40,0,5,1,72,,297862,40,0,5,2,31,,297870,40,0,5,1,71,,297866,40,0,5,2,29,,297894,40,0,5,1,68,,297873,40,0,5,1,29,,297875,40,0,5,2,69,,297863,40,0,5,2,27,,297871,40,0,5,1,71,,297867,40,0,5,2,32,,297874,40,0,5,1,69,,297876,40,0,5,2,32,,297891,40,0,5,2,70,,297872,40,0,5,1,33,,297857,40,0,5,2,72,,297886,40,0,5,1,32,,297877,40,0,5,1,70,,297887,40,0,5,1,29,,297883,40,0,5,2,78,,297858,40,0,5,2,86,,297878,40,0,5,1,89,,297888,40,0,5,1,100,,297890,40,0,5,1,95,,297889,40,0,5,1
4901,'H54S000S-80-S',1711,,300275,26,0,5,2,9,,300274,26,0,5,2,28,,300273,26,0,5,2,58,,300276,26,0,5,2
4901,'H57S000S-80-S',1546,,300277,26,0,5,1,170,,300279,26,0,5,1,21,,300278,26,0,5,1,17,,300280,26,0,5,2
4901,'H58S000A-80-A',612,,300281,26,0,5,2,28,,300307,26,0,5,1,68,,300289,26,0,5,1,29,,300304,26,0,5,1,68,,300311,26,0,5,2,30,,300282,26,0,5,2,70,,300308,26,0,5,1,32,,300290,26,0,5,1,72,,300305,26,0,5,1,31,,300313,26,0,5,2,70,,300283,26,0,5,2,29,,300309,26,0,5,1,66,,300291,26,0,5,1,25,,300322,26,0,5,2,22,,300306,26,0,5,1,65,,300314,26,0,5,2,24,,300284,26,0,5,2,64,,300287,26,0,5,1,23,,300292,26,0,5,1,21,,300331,26,0,5,1,61,,300323,26,0,5,2,20,,300336,26,0,5,2,20,,300315,26,0,5,2,58,,300285,26,0,5,2,15,,300302,26,0,5,2,9,,300344,26,0,5,2,10,,300334,26,0,5,1,11,,300288,26,0,5,1,51,,300293,26,0,5,1,11,,300330,26,0,5,2,10,,300332,26,0,5,1,10,,300326,26,0,5,1,9,,300324,26,0,5,2,10,,300343,26,0,5,1,50,,300337,26,0,5,2,9,,300338,26,0,5,2,8,,300300,26,0,5,1,9,,300316,26,0,5,2,8,,300318,26,0,5,1,8,,300303,26,0,5,2,10,,300342,26,0,5,2,50,,300335,26,0,5,1,12,,300301,26,0,5,2,12,,300294,26,0,5,1,14,,300333,26,0,5,1,14,,300327,26,0,5,2,54,,300325,26,0,5,2,15,,300339,26,0,5,2,19,,300312,26,0,5,1,59,,300319,26,0,5,1,20,,300297,26,0,5,1,20,,300310,26,0,5,1,60,,300295,26,0,5,1,23,,300328,26,0,5,2,16,,300317,26,0,5,1,56,,300340,26,0,5,2,22,,300320,26,0,5,1,17,,300286,26,0,5,2,17,,300298,26,0,5,1,61,,300296,26,0,5,1,24,,300329,26,0,5,2,68,,300341,26,0,5,2,27,,300321,26,0,5,1,71,,300299,26,0,5,1
4901,'H58S000I-80-I',607,,300345,26,0,5,2,31,,300346,26,0,5,1,68,,300356,26,0,5,2,28,,300367,26,0,5,2,68,,300369,26,0,5,1,32,,300360,26,0,5,2,71,,300347,26,0,5,1,29,,300374,26,0,5,1,70,,300357,26,0,5,1,30,,300377,26,0,5,2,71,,300361,26,0,5,2,31,,300348,26,0,5,1,71,,300375,26,0,5,1,30,,300358,26,0,5,1,70,,300378,26,0,5,2,30,,300362,26,0,5,2,70,,300349,26,0,5,1,26,,300370,26,0,5,1,24,,300391,26,0,5,2,61,,300359,26,0,5,1,18,,300379,26,0,5,2,15,,300393,26,0,5,2,56,,300382,26,0,5,1,14,,300363,26,0,5,2,14,,300350,26,0,5,1,14,,300368,26,0,5,1,52,,300371,26,0,5,1,13,,300390,26,0,5,1,12,,300387,26,0,5,2,12,,300364,26,0,5,2,12,,300352,26,0,5,2,55,,300380,26,0,5,2,15,,300381,26,0,5,2,15,,300383,26,0,5,1,14,,300376,26,0,5,1,55,,300351,26,0,5,1,14,,300392,26,0,5,1,20,,300372,26,0,5,1,20,,300365,26,0,5,2,59,,300355,26,0,5,1,19,,300394,26,0,5,2,20,,300384,26,0,5,1,62,,300373,26,0,5,1,22,,300388,26,0,5,2,62,,300397,26,0,5,2,19,,300366,26,0,5,2,19,,300353,26,0,5,1,14,,300395,26,0,5,2,66,,300385,26,0,5,1,25,,300389,26,0,5,2,70,,300398,26,0,5,2,29,,300354,26,0,5,1,68,,300396,26,0,5,2,24,,300386,26,0,5,1
4901,'H58S000S-83-S',601,,300402,26,0,5,2,17,,300404,26,0,5,2,20,,300416,26,0,5,2,66,,300412,26,0,5,1,22,,300418,26,0,5,1,9,,300420,26,0,5,2,9,,300426,26,0,5,2,63,,300433,26,0,5,2,19,,300403,26,0,5,2,19,,300405,26,0,5,2,67,,300443,26,0,5,2,25,,300413,26,0,5,1,72,,300421,26,0,5,2,26,,300434,26,0,5,2,69,,300437,26,0,5,1,32,,300441,26,0,5,1,68,,300399,26,0,5,1,19,,300414,26,0,5,1,18,,300422,26,0,5,2,16,,300406,26,0,5,1,56,,300435,26,0,5,2,17,,300424,26,0,5,1,16,,300438,26,0,5,1,56,,300428,26,0,5,2,16,,300430,26,0,5,1,14,,300400,26,0,5,1,14,,300451,26,0,5,2,54,,300415,26,0,5,1,16,,300410,26,0,5,2,12,,300423,26,0,5,2,10,,300407,26,0,5,1,17,,300459,26,0,5,2,49,,300468,26,0,5,2,7,,300425,26,0,5,1,8,,300477,26,0,5,1,9,,300455,26,0,5,2,7,,300439,26,0,5,1,8,,300453,26,0,5,2,6,,300429,26,0,5,2,7,,300409,26,0,5,2,46,,300431,26,0,5,1,4,,300473,26,0,5,2,17,,300401,26,0,5,1,5,,300452,26,0,5,2,4,,300447,26,0,5,1,9,,300469,26,0,5,2,59,,300479,26,0,5,2,13,,300408,26,0,5,1,7,,300444,26,0,5,1,5,,300467,26,0,5,2,6,,300481,26,0,5,2,7,,300446,26,0,5,2,6,,300462,26,0,5,2,6,,300478,26,0,5,1,7,,300456,26,0,5,2,49,,300458,26,0,5,2,8,,300454,26,0,5,2,10,,300442,26,0,5,1,12,,300474,26,0,5,2,12,,300445,26,0,5,2,53,,300448,26,0,5,1,13,,300480,26,0,5,2,13,,300463,26,0,5,2,12,,300464,26,0,5,2,13,,300482,26,0,5,1,54,,300417,26,0,5,1,13,,300457,26,0,5,2,13,,300436,26,0,5,2,14,,300475,26,0,5,2,56,,300471,26,0,5,2,15,,300449,26,0,5,1,17,,300460,26,0,5,1,19,,300465,26,0,5,2,62,,300470,26,0,5,2,27,,300476,26,0,5,2,68,,300411,26,0,5,2,24,,300472,26,0,5,1,22,,300461,26,0,5,1,60,,300466,26,0,5,2,18,,300450,26,0,5,1,14,,300427,26,0,5,1
4901,'H58S100F-80-F1',609,,300486,26,0,5,2,29,,300503,26,0,5,1,66,,300506,26,0,5,1,29,,300508,26,0,5,2,68,,300521,26,0,5,2,31,,300487,26,0,5,2,70,,300504,26,0,5,1,32,,300491,26,0,5,2,72,,300499,26,0,5,1,30,,300522,26,0,5,2,70,,300488,26,0,5,2,28,,300527,26,0,5,1,66,,300492,26,0,5,2,25,,300509,26,0,5,2,22,,300483,26,0,5,1,65,,300523,26,0,5,2,24,,300489,26,0,5,2,67,,300529,26,0,5,2,23,,300493,26,0,5,2,21,,300515,26,0,5,1,61,,300510,26,0,5,2,20,,300484,26,0,5,1,18,,300524,26,0,5,2,58,,300490,26,0,5,2,15,,300539,26,0,5,1,9,,300512,26,0,5,1,10,,300530,26,0,5,2,11,,300541,26,0,5,2,51,,300494,26,0,5,2,11,,300534,26,0,5,1,10,,300516,26,0,5,1,10,,300498,26,0,5,1,10,,300542,26,0,5,2,10,,300507,26,0,5,1,50,,300485,26,0,5,1,9,,300535,26,0,5,1,9,,300526,26,0,5,2,9,,300525,26,0,5,2,9,,300500,26,0,5,1,9,,300540,26,0,5,1,10,,300511,26,0,5,2,49,,300531,26,0,5,2,10,,300513,26,0,5,2,12,,300495,26,0,5,2,14,,300517,26,0,5,1,14,,300518,26,0,5,2,54,,300543,26,0,5,2,15,,300536,26,0,5,1,19,,300514,26,0,5,1,59,,300501,26,0,5,1,20,,300532,26,0,5,2,19,,300505,26,0,5,1,60,,300496,26,0,5,2,23,,300519,26,0,5,2,16,,300528,26,0,5,1,18,,300537,26,0,5,1,62,,300502,26,0,5,1,16,,300544,26,0,5,2,17,,300533,26,0,5,2,61,,300497,26,0,5,2,27,,300520,26,0,5,2,69,,300538,26,0,5,1,26,,300545,26,0,5,2
4901,'H58S200F-80-F2',609,,300552,26,0,5,2,29,,300583,26,0,5,1,66,,300546,26,0,5,1,29,,300586,26,0,5,2,68,,300557,26,0,5,2,31,,300553,26,0,5,2,70,,300584,26,0,5,1,32,,300576,26,0,5,2,72,,300562,26,0,5,1,30,,300558,26,0,5,2,70,,300554,26,0,5,2,28,,300602,26,0,5,1,66,,300577,26,0,5,2,25,,300587,26,0,5,2,22,,300573,26,0,5,1,65,,300559,26,0,5,2,24,,300555,26,0,5,2,67,,300566,26,0,5,2,23,,300578,26,0,5,2,21,,300589,26,0,5,1,61,,300588,26,0,5,2,20,,300574,26,0,5,1,18,,300560,26,0,5,2,58,,300556,26,0,5,2,15,,300571,26,0,5,1,9,,300598,26,0,5,1,10,,300567,26,0,5,2,11,,300606,26,0,5,2,51,,300579,26,0,5,2,11,,300599,26,0,5,1,10,,300590,26,0,5,1,10,,300596,26,0,5,1,10,,300604,26,0,5,2,10,,300597,26,0,5,1,50,,300575,26,0,5,1,9,,300592,26,0,5,1,9,,300551,26,0,5,2,9,,300561,26,0,5,2,9,,300563,26,0,5,1,9,,300572,26,0,5,1,10,,300601,26,0,5,2,49,,300568,26,0,5,2,10,,300550,26,0,5,2,12,,300580,26,0,5,2,14,,300591,26,0,5,1,14,,300547,26,0,5,2,54,,300600,26,0,5,2,15,,300593,26,0,5,1,19,,300605,26,0,5,1,59,,300564,26,0,5,1,20,,300569,26,0,5,2,19,,300585,26,0,5,1,60,,300581,26,0,5,2,23,,300548,26,0,5,2,16,,300603,26,0,5,1,18,,300594,26,0,5,1,62,,300565,26,0,5,1,16,,300607,26,0,5,2,17,,300570,26,0,5,2,61,,300582,26,0,5,2,27,,300549,26,0,5,2,69,,300595,26,0,5,1,26,,300608,26,0,5,2
38001,'H50S000A-82-A',2642,,347292,75,0,5,1,94,,347291,75,0,5,1,85,,347295,75,0,5,1,25,,347294,42,0,5,2,60,,347293,75,0,5,1
38001,'H50S000I-82-I',2554,,347299,75,0,5,1,89,,347297,75,0,5,2,82,,347298,75,0,5,1,84,,347296,75,0,5,1,47,,347300,75,0,5,1
38001,'H50S000S-82-S',2609,,347303,75,0,5,1,44,,347305,75,0,5,1,88,,347301,75,0,5,1,85,,347302,75,0,5,1,85,,347304,75,0,5,1
38001,'H50S000S-82-SV',2804,,347306,42,0,5,2
38001,'H50S100F-80-F1',2554,,347310,75,0,5,1,89,,347308,75,0,5,2,82,,347309,75,0,5,1,84,,347307,75,0,5,1,47,,347311,75,0,5,1
38001,'H50S200F-80-F2',2554,,347315,75,0,5,1,89,,347313,75,0,5,2,82,,347314,75,0,5,1,84,,347312,75,0,5,1,47,,347316,75,0,5,1
44801,'H54S000S-80-S',1516,,349142,4,0,99 47,1,30,,349147,4,0,99 47,2,70,,349149,4,0,99 47,2,26,,349143,4,0,99 47,1,66,,349153,4,0,99 47,1,19,,349148,4,0,99 47,2,20,,349150,4,0,99 47,2,59,,349144,4,0,99 47,1,15,,349138,4,0,99 47,2,15,,349154,4,0,99 47,1,68,,349151,4,0,99 47,2,27,,349137,4,0,99 47,2
