8502,'H59S000A-80-A',522,,310788,43,0,10,1,81,,310795,43,0,10,1,39,,310796,43,0,10,1,81,,310789,43,0,10,1,84,,310807,43,0,10,2,42,,310797,43,0,10,1,81,,310790,43,0,10,1,82,,310808,43,0,10,2,42,,310798,43,0,10,1,81,,310791,43,0,10,1,83,,310809,43,0,10,2,83,,310799,43,0,10,1,43,,310792,43,0,10,1,73,,310810,43,0,10,2,33,,310802,43,0,10,1,75,,310800,43,0,10,1,34,,310793,43,0,10,1,74,,310811,43,0,10,2,72,,310803,43,0,10,1,34,,310801,43,0,10,1,73,,310794,43,0,10,1,32,,310812,43,0,10,2,83,,310804,43,0,10,1,81,,310816,43,0,10,1,43,,310813,43,0,10,2,85,,310805,43,0,10,1,85,,310817,43,0,10,1,84,,310814,43,0,10,2,44,,310806,43,0,10,1,84,,310818,43,0,10,1,85,,310815,43,0,10,2
8502,'H59S000I-81-I',537,,310819,43,0,10,1,83,,310823,43,0,10,2,85,,310830,43,0,10,1,45,,310842,43,0,10,1,84,,310824,43,0,10,2,83,,310831,43,0,10,1,83,,310843,43,0,10,1,42,,310825,43,0,10,2,81,,310832,43,0,10,1,80,,310844,43,0,10,1,41,,310826,43,0,10,2,81,,310833,43,0,10,1,33,,310848,43,0,10,2,72,,310845,43,0,10,1,73,,310827,43,0,10,2,32,,310834,43,0,10,1,72,,310849,43,0,10,2,32,,310846,43,0,10,1,69,,310828,43,0,10,2,32,,310835,43,0,10,1,72,,310850,43,0,10,2,32,,310847,43,0,10,1,72,,310829,43,0,10,2,33,,310836,43,0,10,1,78,,310820,43,0,10,1,79,,310839,43,0,10,1,41,,310837,43,0,10,1,79,,310821,43,0,10,1,83,,310840,43,0,10,1,43,,310838,43,0,10,1,83,,310822,43,0,10,1,83,,310841,43,0,10,1
8502,'H59S000S-80-S',525,,310851,43,0,10,1,75,,310854,43,0,10,2,32,,310864,43,0,10,2,26,,310856,43,0,10,1,63,,310869,43,0,10,2,23,,310871,43,0,10,2,60,,310886,43,0,10,1,17,,310855,43,0,10,2,17,,310888,43,0,10,1,20,,310865,43,0,10,2,66,,310857,43,0,10,1,28,,310870,43,0,10,2,69,,310887,43,0,10,1,28,,310889,43,0,10,1,68,,310866,43,0,10,2,33,,310858,43,0,10,1,73,,310875,43,0,10,2,33,,310872,43,0,10,1,73,,310867,43,0,10,2,30,,310879,43,0,10,2,71,,310859,43,0,10,1,73,,310876,43,0,10,2,32,,310873,43,0,10,1,70,,310868,43,0,10,2,35,,310880,43,0,10,2,75,,310860,43,0,10,1,29,,310877,43,0,10,2,71,,310874,43,0,10,1,31,,310884,43,0,10,1,72,,310881,43,0,10,2,33,,310861,43,0,10,1,73,,310878,43,0,10,2,33,,310885,43,0,10,1,77,,310882,43,0,10,2,83,,310862,43,0,10,1,84,,310852,43,0,10,1,44,,310883,43,0,10,2,72,,310863,43,0,10,1,88,,310853,43,0,10,1
8502,'H59S100F-80-F1',537,,310890,43,0,10,1,83,,310891,43,0,10,2,85,,310898,43,0,10,1,45,,310910,43,0,10,1,84,,310892,43,0,10,2,83,,310899,43,0,10,1,83,,310911,43,0,10,1,42,,310893,43,0,10,2,81,,310900,43,0,10,1,80,,310912,43,0,10,1,41,,310894,43,0,10,2,81,,310901,43,0,10,1,33,,310919,43,0,10,2,72,,310913,43,0,10,1,73,,310895,43,0,10,2,32,,310902,43,0,10,1,72,,310920,43,0,10,2,32,,310914,43,0,10,1,69,,310896,43,0,10,2,32,,310903,43,0,10,1,72,,310921,43,0,10,2,32,,310915,43,0,10,1,72,,310897,43,0,10,2,33,,310904,43,0,10,1,78,,310916,43,0,10,1,79,,310907,43,0,10,1,41,,310905,43,0,10,1,79,,310917,43,0,10,1,83,,310908,43,0,10,1,43,,310906,43,0,10,1,83,,310918,43,0,10,1,83,,310909,43,0,10,1
8502,'H59S200F-80-F2',537,,310922,43,0,10,1,83,,310923,43,0,10,2,85,,310930,43,0,10,1,45,,310942,43,0,10,1,84,,310924,43,0,10,2,83,,310931,43,0,10,1,83,,310943,43,0,10,1,42,,310925,43,0,10,2,81,,310932,43,0,10,1,80,,310944,43,0,10,1,41,,310926,43,0,10,2,81,,310933,43,0,10,1,33,,310951,43,0,10,2,72,,310945,43,0,10,1,73,,310927,43,0,10,2,32,,310934,43,0,10,1,72,,310952,43,0,10,2,32,,310946,43,0,10,1,69,,310928,43,0,10,2,32,,310935,43,0,10,1,72,,310953,43,0,10,2,32,,310947,43,0,10,1,72,,310929,43,0,10,2,33,,310936,43,0,10,1,78,,310948,43,0,10,1,79,,310939,43,0,10,1,41,,310937,43,0,10,1,79,,310949,43,0,10,1,83,,310940,43,0,10,1,43,,310938,43,0,10,1,83,,310950,43,0,10,1,83,,310941,43,0,10,1
36202,'H54S000A-80-A',2626,,346682,92,0,10,2,88,,346684,92,0,10,1,45,,346681,92,0,10,1,85,,346680,92,0,10,1,82,,346683,92,0,10,1
36202,'H54S000I-80-I',2626,,346688,92,0,10,2,85,,346686,92,0,10,1,45,,346687,92,0,10,2,88,,346685,92,0,10,1,85,,346689,92,0,10,2
36202,'H54S000S-80-S',2626,,346691,92,0,10,2,85,,346694,92,0,10,1,45,,346693,92,0,10,1,89,,346690,92,0,10,1,85,,346692,92,0,10,1
36202,'H54S100F-80-F1',2626,,346698,92,0,10,2,85,,346696,92,0,10,1,45,,346697,92,0,10,2,88,,346695,92,0,10,1,85,,346699,92,0,10,2
36202,'H54S200F-80-F2',2626,,346703,92,0,10,2,85,,346701,92,0,10,1,45,,346702,92,0,10,2,88,,346700,92,0,10,1,85,,346704,92,0,10,2
