10401,'H50S000S-82-S',703,,315922,5,0,5,1,5,,315923,5,0,5,2
10401,'H56S000A-80-A',625,,315926,5,0,5,1,34,,315938,5,0,5,2,57,,315924,5,0,5,1,35,,315927,5,0,5,1,74,,315939,5,0,5,2,21,,315925,5,0,5,1,76,,315928,5,0,5,1,80,,315940,5,0,5,2,28,,315950,5,0,5,1,72,,315929,5,0,5,1,41,,315941,5,0,5,2,68,,315951,5,0,5,1,37,,315930,5,0,5,1,79,,315942,5,0,5,2,29,,315952,5,0,5,1,77,,315931,5,0,5,1,78,,315943,5,0,5,2,29,,315953,5,0,5,1,77,,315932,5,0,5,1,38,,315944,5,0,5,2,71,,315954,5,0,5,1,32,,315933,5,0,5,1,79,,315945,5,0,5,2,70,,315955,5,0,5,1,31,,315934,5,0,5,1,74,,315946,5,0,5,2,30,,315956,5,0,5,1,70,,315935,5,0,5,1,33,,315947,5,0,5,2,68,,315957,5,0,5,1,29,,315936,5,0,5,1,73,,315948,5,0,5,2,30,,315958,5,0,5,1,68,,315937,5,0,5,1,28,,315949,5,0,5,2,69,,315959,5,0,5,1
10401,'H56S000I-80-I',639,,315971,5,0,5,2,70,,315960,5,0,5,1,40,,315982,5,0,5,1,76,,315972,5,0,5,2,14,,315961,5,0,5,1,79,,315983,5,0,5,1,84,,315973,5,0,5,2,38,,315962,5,0,5,1,15,,315984,5,0,5,1,82,,315974,5,0,5,2,83,,315963,5,0,5,1,80,,315985,5,0,5,1,16,,315975,5,0,5,2,85,,315964,5,0,5,1,41,,315986,5,0,5,1,82,,315976,5,0,5,2,20,,315965,5,0,5,1,81,,315987,5,0,5,1,82,,315977,5,0,5,2,40,,315966,5,0,5,1,56,,315988,5,0,5,1,38,,315978,5,0,5,2,83,,315967,5,0,5,1,33,,315989,5,0,5,1,59,,315979,5,0,5,2,37,,315968,5,0,5,1,73,,315990,5,0,5,1,32,,315980,5,0,5,2,73,,315969,5,0,5,1,72,,315991,5,0,5,1,33,,315981,5,0,5,2,73,,315970,5,0,5,1,33,,315992,5,0,5,1
10401,'H56S000S-82-S',616,,315997,5,0,5,2,26,,316008,5,0,5,1,9,,316002,5,0,5,2,63,,316000,5,0,5,2,6,,316032,5,0,5,1,6,,316018,5,0,5,1,6,,316031,5,0,5,2,6,,315999,5,0,5,1,6,,316001,5,0,5,2,64,,316023,5,0,5,1,13,,315998,5,0,5,2,29,,316009,5,0,5,1,76,,316019,5,0,5,1,76,,316024,5,0,5,1,35,,316010,5,0,5,1,76,,316020,5,0,5,1,36,,316025,5,0,5,1,76,,316011,5,0,5,1,76,,316021,5,0,5,1,39,,316026,5,0,5,1,77,,316012,5,0,5,1,38,,316022,5,0,5,1,82,,316027,5,0,5,1,77,,316028,5,0,5,2,37,,316029,5,0,5,2,81,,316003,5,0,5,1,80,,316016,5,0,5,1,39,,316030,5,0,5,2,73,,316004,5,0,5,1,35,,316017,5,0,5,1,70,,315993,5,0,5,1,72,,316013,5,0,5,2,33,,316005,5,0,5,1,70,,315994,5,0,5,1,31,,316014,5,0,5,2,71,,316006,5,0,5,1,29,,315995,5,0,5,1,69,,316015,5,0,5,2,28,,316007,5,0,5,1,26,,315996,5,0,5,1
10401,'H56S100F-80-F1',639,,316044,5,0,5,2,70,,316033,5,0,5,1,40,,316055,5,0,5,1,76,,316045,5,0,5,2,14,,316034,5,0,5,1,79,,316056,5,0,5,1,84,,316046,5,0,5,2,38,,316035,5,0,5,1,15,,316057,5,0,5,1,82,,316047,5,0,5,2,83,,316036,5,0,5,1,80,,316058,5,0,5,1,16,,316048,5,0,5,2,85,,316037,5,0,5,1,41,,316059,5,0,5,1,82,,316049,5,0,5,2,20,,316038,5,0,5,1,81,,316060,5,0,5,1,82,,316050,5,0,5,2,40,,316039,5,0,5,1,56,,316061,5,0,5,1,38,,316051,5,0,5,2,83,,316040,5,0,5,1,33,,316062,5,0,5,1,59,,316052,5,0,5,2,37,,316041,5,0,5,1,73,,316063,5,0,5,1,32,,316053,5,0,5,2,73,,316042,5,0,5,1,72,,316064,5,0,5,1,33,,316054,5,0,5,2,73,,316043,5,0,5,1,33,,316065,5,0,5,1
10401,'H56S200F-80-F2',639,,316077,5,0,5,2,70,,316066,5,0,5,1,40,,316088,5,0,5,1,76,,316078,5,0,5,2,14,,316067,5,0,5,1,79,,316089,5,0,5,1,84,,316079,5,0,5,2,38,,316068,5,0,5,1,15,,316090,5,0,5,1,82,,316080,5,0,5,2,83,,316069,5,0,5,1,80,,316091,5,0,5,1,16,,316081,5,0,5,2,85,,316070,5,0,5,1,41,,316092,5,0,5,1,82,,316082,5,0,5,2,20,,316071,5,0,5,1,81,,316093,5,0,5,1,82,,316083,5,0,5,2,40,,316072,5,0,5,1,56,,316094,5,0,5,1,38,,316084,5,0,5,2,83,,316073,5,0,5,1,33,,316095,5,0,5,1,59,,316085,5,0,5,2,37,,316074,5,0,5,1,73,,316096,5,0,5,1,32,,316086,5,0,5,2,73,,316075,5,0,5,1,72,,316097,5,0,5,1,33,,316087,5,0,5,2,73,,316076,5,0,5,1,33,,316098,5,0,5,1
13801,'H56S000A-80-A',604,,325111,5,0,5,1,39,,325102,5,0,5,1,81,,325112,5,0,5,1,84,,325103,5,0,5,1,43,,325113,5,0,5,1,84,,325104,5,0,5,1,87,,325114,5,0,5,1,88,,325105,5,0,5,1,49,,325115,5,0,5,1,88,,325106,5,0,5,1,92,,325116,5,0,5,1,88,,325107,5,0,5,1,90,,325117,5,0,5,1,90,,325108,5,0,5,1,50,,325118,5,0,5,1,89,,325109,5,0,5,1,86,,325119,5,0,5,1,86,,325110,5,0,5,1,86,,325120,5,0,5,1
13801,'H56S000I-80-I',612,,325121,5,0,5,1,38,,325131,5,0,5,1,79,,325122,5,0,5,1,80,,325132,5,0,5,1,44,,325123,5,0,5,1,86,,325133,5,0,5,1,82,,325124,5,0,5,1,88,,325134,5,0,5,1,49,,325125,5,0,5,1,83,,325135,5,0,5,1,91,,325126,5,0,5,1,88,,325136,5,0,5,1,89,,325127,5,0,5,1,47,,325137,5,0,5,1,88,,325128,5,0,5,1,86,,325138,5,0,5,1,89,,325129,5,0,5,1,85,,325139,5,0,5,1,45,,325130,5,0,5,1,85,,325140,5,0,5,1
13801,'H56S000S-82-S',551,,325175,5,0,5,1,80,,325143,5,0,5,1,27,,325164,5,0,5,1,71,,325154,5,0,5,1,26,,325155,5,0,5,1,79,,325144,5,0,5,1,76,,325165,5,0,5,1,34,,325156,5,0,5,1,75,,325145,5,0,5,1,36,,325166,5,0,5,1,76,,325157,5,0,5,1,76,,325146,5,0,5,1,36,,325167,5,0,5,1,77,,325158,5,0,5,1,38,,325147,5,0,5,1,76,,325168,5,0,5,1,76,,325159,5,0,5,1,41,,325148,5,0,5,1,82,,325169,5,0,5,1,79,,325160,5,0,5,1,40,,325149,5,0,5,1,80,,325170,5,0,5,1,75,,325161,5,0,5,1,34,,325150,5,0,5,1,73,,325171,5,0,5,1,31,,325162,5,0,5,1,72,,325151,5,0,5,1,32,,325172,5,0,5,1,70,,325163,5,0,5,1,31,,325152,5,0,5,1,70,,325173,5,0,5,1,30,,325141,5,0,5,1,68,,325153,5,0,5,1,27,,325174,5,0,5,1,65,,325142,5,0,5,1
13801,'H56S100F-80-F1',612,,325176,5,0,5,1,38,,325186,5,0,5,1,79,,325177,5,0,5,1,80,,325187,5,0,5,1,44,,325178,5,0,5,1,86,,325188,5,0,5,1,82,,325179,5,0,5,1,88,,325189,5,0,5,1,49,,325180,5,0,5,1,83,,325190,5,0,5,1,91,,325181,5,0,5,1,88,,325191,5,0,5,1,89,,325182,5,0,5,1,47,,325192,5,0,5,1,88,,325183,5,0,5,1,86,,325193,5,0,5,1,89,,325184,5,0,5,1,85,,325194,5,0,5,1,45,,325185,5,0,5,1,85,,325195,5,0,5,1
13801,'H56S200F-80-F2',612,,325196,5,0,5,1,38,,325206,5,0,5,1,79,,325197,5,0,5,1,80,,325207,5,0,5,1,44,,325198,5,0,5,1,86,,325208,5,0,5,1,82,,325199,5,0,5,1,88,,325209,5,0,5,1,49,,325200,5,0,5,1,83,,325210,5,0,5,1,91,,325201,5,0,5,1,88,,325211,5,0,5,1,89,,325202,5,0,5,1,47,,325212,5,0,5,1,88,,325203,5,0,5,1,86,,325213,5,0,5,1,89,,325204,5,0,5,1,85,,325214,5,0,5,1,45,,325205,5,0,5,1,85,,325215,5,0,5,1
