8004,'H50S000A-82-A',537,,309993,23,0,9,1,72,,310040,23,0,9,2,35,,310003,23,0,9,2,72,,309994,23,0,9,1,32,,310041,23,0,9,2,72,,310004,23,0,9,2,32,,309995,23,0,9,1,66,,310042,23,0,9,2,19,,310044,23,0,9,1,18,,310005,23,0,9,2,55,,310049,23,0,9,1,15,,309996,23,0,9,1,16,,310009,23,0,9,1,16,,310043,23,0,9,2,55,,309989,23,0,9,2,15,,310006,23,0,9,2,14,,309997,23,0,9,1,14,,310050,23,0,9,1,55,,310016,23,0,9,2,16,,310010,23,0,9,1,15,,310023,23,0,9,2,15,,309990,23,0,9,2,54,,310007,23,0,9,2,15,,310031,23,0,9,1,13,,309998,23,0,9,1,12,,310017,23,0,9,2,51,,310014,23,0,9,2,10,,310011,23,0,9,1,12,,309991,23,0,9,1,12,,310024,23,0,9,2,13,,310008,23,0,9,2,10,,310029,23,0,9,2,51,,310032,23,0,9,1,11,,309999,23,0,9,1,11,,310035,23,0,9,2,11,,310018,23,0,9,2,11,,310012,23,0,9,1,53,,309992,23,0,9,1,14,,310025,23,0,9,2,14,,310030,23,0,9,2,11,,310033,23,0,9,1,11,,310000,23,0,9,1,51,,310036,23,0,9,2,11,,310019,23,0,9,2,12,,310013,23,0,9,1,16,,310015,23,0,9,2,57,,310026,23,0,9,2,16,,310034,23,0,9,1,17,,310001,23,0,9,1,18,,310020,23,0,9,2,61,,310048,23,0,9,2,22,,310027,23,0,9,2,72,,310002,23,0,9,1,28,,310021,23,0,9,2,70,,310028,23,0,9,2,28,,310045,23,0,9,1,68,,310022,23,0,9,2,29,,310037,23,0,9,1,70,,310046,23,0,9,1,29,,310051,23,0,9,1,71,,310038,23,0,9,1,28,,310047,23,0,9,1,71,,310052,23,0,9,1,31,,310039,23,0,9,1
8004,'H50S000I-82-I',538,,310107,23,0,9,1,70,,310054,23,0,9,2,31,,310083,23,0,9,2,71,,310094,23,0,9,1,30,,310055,23,0,9,2,71,,310084,23,0,9,2,33,,310095,23,0,9,1,71,,310056,23,0,9,2,27,,310110,23,0,9,1,59,,310085,23,0,9,2,19,,310096,23,0,9,1,21,,310108,23,0,9,1,60,,310057,23,0,9,2,16,,310111,23,0,9,1,12,,310086,23,0,9,2,12,,310053,23,0,9,2,11,,310097,23,0,9,1,53,,310062,23,0,9,1,14,,310109,23,0,9,1,13,,310066,23,0,9,1,15,,310058,23,0,9,2,55,,310087,23,0,9,2,15,,310069,23,0,9,1,15,,310098,23,0,9,1,14,,310063,23,0,9,1,54,,310072,23,0,9,1,13,,310067,23,0,9,1,13,,310059,23,0,9,2,12,,310075,23,0,9,2,12,,310088,23,0,9,2,53,,310070,23,0,9,1,13,,310099,23,0,9,1,13,,310064,23,0,9,1,14,,310073,23,0,9,1,13,,310068,23,0,9,1,54,,310060,23,0,9,2,14,,310076,23,0,9,2,14,,310071,23,0,9,1,16,,310100,23,0,9,1,55,,310065,23,0,9,1,16,,310074,23,0,9,1,15,,310082,23,0,9,1,15,,310061,23,0,9,2,58,,310077,23,0,9,2,19,,310101,23,0,9,1,22,,310089,23,0,9,1,68,,310102,23,0,9,2,30,,310078,23,0,9,2,70,,310090,23,0,9,1,27,,310103,23,0,9,2,69,,310079,23,0,9,2,29,,310091,23,0,9,1,67,,310104,23,0,9,2,27,,310080,23,0,9,2,69,,310092,23,0,9,1,29,,310105,23,0,9,2,69,,310081,23,0,9,2,31,,310093,23,0,9,1,71,,310106,23,0,9,2
8004,'H50S000S-82-S',540,,310121,23,0,9,2,67,,310118,23,0,9,1,25,,310171,23,0,9,1,26,,310122,23,0,9,2,64,,310177,23,0,9,2,12,,310119,23,0,9,1,15,,310173,23,0,9,2,10,,310172,23,0,9,1,52,,310138,23,0,9,2,12,,310133,23,0,9,1,15,,310141,23,0,9,1,14,,310123,23,0,9,2,61,,310120,23,0,9,1,8,,310157,23,0,9,2,11,,310174,23,0,9,2,12,,310134,23,0,9,1,12,,310139,23,0,9,2,51,,310129,23,0,9,1,16,,310142,23,0,9,1,16,,310124,23,0,9,2,14,,310175,23,0,9,2,53,,310158,23,0,9,2,13,,310140,23,0,9,2,13,,310164,23,0,9,2,13,,310130,23,0,9,1,14,,310125,23,0,9,2,56,,310143,23,0,9,1,17,,310176,23,0,9,2,16,,310135,23,0,9,1,57,,310159,23,0,9,2,17,,310165,23,0,9,2,17,,310131,23,0,9,1,18,,310126,23,0,9,2,57,,310144,23,0,9,1,16,,310136,23,0,9,1,18,,310160,23,0,9,2,58,,310166,23,0,9,2,18,,310132,23,0,9,1,18,,310127,23,0,9,2,16,,310145,23,0,9,1,52,,310149,23,0,9,1,12,,310137,23,0,9,1,12,,310161,23,0,9,2,12,,310151,23,0,9,2,11,,310167,23,0,9,2,52,,310150,23,0,9,2,14,,310169,23,0,9,1,15,,310128,23,0,9,2,17,,310146,23,0,9,1,73,,310162,23,0,9,2,14,,310168,23,0,9,2,16,,310152,23,0,9,1,57,,310170,23,0,9,1,23,,310147,23,0,9,1,69,,310163,23,0,9,2,29,,310153,23,0,9,1,69,,310148,23,0,9,1,30,,310115,23,0,9,2,70,,310154,23,0,9,1,30,,310112,23,0,9,1,69,,310116,23,0,9,2,27,,310155,23,0,9,1,69,,310113,23,0,9,1,28,,310117,23,0,9,2,25,,310156,23,0,9,1,68,,310114,23,0,9,1
8004,'H50S100F-80-F1',538,,310232,23,0,9,1,70,,310179,23,0,9,2,31,,310208,23,0,9,2,71,,310219,23,0,9,1,30,,310180,23,0,9,2,71,,310209,23,0,9,2,33,,310220,23,0,9,1,71,,310181,23,0,9,2,27,,310235,23,0,9,1,59,,310210,23,0,9,2,19,,310221,23,0,9,1,21,,310233,23,0,9,1,60,,310182,23,0,9,2,16,,310236,23,0,9,1,12,,310211,23,0,9,2,12,,310178,23,0,9,2,11,,310222,23,0,9,1,53,,310187,23,0,9,1,14,,310234,23,0,9,1,13,,310191,23,0,9,1,15,,310183,23,0,9,2,55,,310212,23,0,9,2,15,,310194,23,0,9,1,15,,310223,23,0,9,1,14,,310188,23,0,9,1,54,,310197,23,0,9,1,13,,310192,23,0,9,1,13,,310184,23,0,9,2,12,,310200,23,0,9,2,12,,310213,23,0,9,2,53,,310195,23,0,9,1,13,,310224,23,0,9,1,13,,310189,23,0,9,1,14,,310198,23,0,9,1,13,,310193,23,0,9,1,54,,310185,23,0,9,2,14,,310201,23,0,9,2,14,,310196,23,0,9,1,16,,310225,23,0,9,1,55,,310190,23,0,9,1,16,,310199,23,0,9,1,15,,310207,23,0,9,1,15,,310186,23,0,9,2,58,,310202,23,0,9,2,19,,310226,23,0,9,1,22,,310214,23,0,9,1,68,,310227,23,0,9,2,30,,310203,23,0,9,2,70,,310215,23,0,9,1,27,,310228,23,0,9,2,69,,310204,23,0,9,2,29,,310216,23,0,9,1,67,,310229,23,0,9,2,27,,310205,23,0,9,2,69,,310217,23,0,9,1,29,,310230,23,0,9,2,69,,310206,23,0,9,2,31,,310218,23,0,9,1,71,,310231,23,0,9,2
8004,'H50S200F-80-F2',538,,310291,23,0,9,1,70,,310238,23,0,9,2,31,,310267,23,0,9,2,71,,310278,23,0,9,1,30,,310239,23,0,9,2,71,,310268,23,0,9,2,33,,310279,23,0,9,1,71,,310240,23,0,9,2,27,,310294,23,0,9,1,59,,310269,23,0,9,2,19,,310280,23,0,9,1,21,,310292,23,0,9,1,60,,310241,23,0,9,2,16,,310295,23,0,9,1,12,,310270,23,0,9,2,12,,310237,23,0,9,2,11,,310281,23,0,9,1,53,,310246,23,0,9,1,14,,310293,23,0,9,1,13,,310250,23,0,9,1,15,,310242,23,0,9,2,55,,310271,23,0,9,2,15,,310253,23,0,9,1,15,,310282,23,0,9,1,14,,310247,23,0,9,1,54,,310256,23,0,9,1,13,,310251,23,0,9,1,13,,310243,23,0,9,2,12,,310259,23,0,9,2,12,,310272,23,0,9,2,53,,310254,23,0,9,1,13,,310283,23,0,9,1,13,,310248,23,0,9,1,14,,310257,23,0,9,1,13,,310252,23,0,9,1,54,,310244,23,0,9,2,14,,310260,23,0,9,2,14,,310255,23,0,9,1,16,,310284,23,0,9,1,55,,310249,23,0,9,1,16,,310258,23,0,9,1,15,,310266,23,0,9,1,15,,310245,23,0,9,2,58,,310261,23,0,9,2,19,,310285,23,0,9,1,22,,310273,23,0,9,1,68,,310286,23,0,9,2,30,,310262,23,0,9,2,70,,310274,23,0,9,1,27,,310287,23,0,9,2,69,,310263,23,0,9,2,29,,310275,23,0,9,1,67,,310288,23,0,9,2,27,,310264,23,0,9,2,69,,310276,23,0,9,1,29,,310289,23,0,9,2,69,,310265,23,0,9,2,31,,310277,23,0,9,1,71,,310290,23,0,9,2
8004,'H51S000S-81-S',829,,310297,23,0,9,2,72,,310296,23,0,9,1,911,,310298,23,0,9,1
8004,'H58S000S-83-S',709,,310299,23,0,9,1
12904,'H51S000A-80-A',643,,323764,32,0,9,2,70,,323782,32,0,9,1,30,,323770,32,0,9,1,72,,323765,32,0,9,2,32,,323783,32,0,9,1,70,,323771,32,0,9,1,30,,323766,32,0,9,2,72,,323784,32,0,9,1,32,,323772,32,0,9,1,72,,323767,32,0,9,2,35,,323785,32,0,9,1,72,,323773,32,0,9,1,72,,323768,32,0,9,2,28,,323797,32,0,9,2,23,,323786,32,0,9,1,63,,323774,32,0,9,1,25,,323798,32,0,9,1,62,,323769,32,0,9,2,20,,323793,32,0,9,1,23,,323787,32,0,9,1,68,,323775,32,0,9,1,28,,323799,32,0,9,1,68,,323794,32,0,9,1,28,,323788,32,0,9,1,68,,323776,32,0,9,1,28,,323800,32,0,9,1,68,,323795,32,0,9,1,23,,323789,32,0,9,1,27,,323777,32,0,9,1,65,,323801,28,0,105,1,24,,323796,28,0,105,1,65,,323790,28,0,105,1,29,,323778,28,0,105,1,70,,323802,28,0,105,1,32,,323791,28,0,105,1,76,,323779,28,0,105,1,43,,323803,28,0,105,1,81,,323780,28,0,105,1,80,,323792,28,0,105,1,40,,323781,28,0,105,1
12904,'H51S000I-80-I',631,,323817,32,0,9,2,85,,323809,32,0,9,1,42,,323818,32,0,9,2,80,,323810,32,0,9,1,75,,323804,32,0,9,1,34,,323819,32,0,9,2,73,,323811,32,0,9,1,33,,323805,32,0,9,1,73,,323820,32,0,9,2,74,,323812,32,0,9,1,30,,323806,32,0,9,1,24,,323822,32,0,9,1,63,,323821,32,0,9,2,22,,323813,32,0,9,1,63,,323830,32,0,9,2,26,,323807,32,0,9,1,26,,323823,32,0,9,1,64,,323814,32,0,9,1,25,,323831,32,0,9,2,66,,323808,32,0,9,1,27,,323824,32,0,9,1,71,,323815,32,0,9,1,30,,323832,32,0,9,2,71,,323825,32,0,9,1,30,,323816,32,0,9,1,69,,323833,32,0,9,2,27,,323826,32,0,9,1,68,,323838,28,0,105,2,40,,323834,28,0,105,2,80,,323827,28,0,105,1,80,,323839,28,0,105,2,38,,323835,28,0,105,2,78,,323828,28,0,105,1,39,,323836,28,0,105,2,81,,323829,28,0,105,1,79,,323837,28,0,105,2
12904,'H51S000S-81-S',630,,323840,32,0,9,1,70,,323850,32,0,9,2,39,,323857,32,0,9,2,67,,323862,32,0,9,2,6,,323863,32,0,9,2,4,,323864,32,0,9,1,5,,323868,32,0,9,2,4,,323869,32,0,9,2,4,,323870,32,0,9,2,9,,323856,32,0,9,2,6,,323841,32,0,9,1,64,,323851,32,0,9,2,9,,323852,32,0,9,1,29,,323858,32,0,9,2,80,,323865,32,0,9,1,27,,323842,32,0,9,1,68,,323853,32,0,9,1,28,,323859,32,0,9,2,67,,323866,32,0,9,1,26,,323871,32,0,9,1,66,,323843,32,0,9,1,25,,323854,32,0,9,1,25,,323860,32,0,9,2,66,,323867,32,0,9,1,23,,323872,32,0,9,1,62,,323844,32,0,9,1,25,,323855,32,0,9,1,23,,323877,32,0,9,1,64,,323861,32,0,9,2,21,,323881,32,0,9,2,65,,323883,32,0,9,2,25,,323845,32,0,9,1,25,,323873,32,0,9,1,64,,323878,32,0,9,1,25,,323882,32,0,9,2,64,,323884,32,0,9,2,23,,323846,32,0,105,1,69,,323874,32,0,105,1,25,,323879,28,0,105,1,28,,323885,28,0,105,2,70,,323847,28,0,105,1,30,,323875,28,0,105,1,67,,323880,28,0,105,1,30,,323886,28,0,105,2,69,,323848,28,0,105,1,36,,323876,28,0,105,1,81,,323887,28,0,105,2,85,,323849,28,0,105,1
12904,'H51S100F-80-F1',631,,323896,32,0,9,2,85,,323888,32,0,9,1,42,,323897,32,0,9,2,80,,323889,32,0,9,1,75,,323909,32,0,9,1,34,,323898,32,0,9,2,73,,323890,32,0,9,1,33,,323910,32,0,9,1,73,,323899,32,0,9,2,74,,323891,32,0,9,1,30,,323911,32,0,9,1,24,,323914,32,0,9,1,63,,323900,32,0,9,2,22,,323892,32,0,9,1,63,,323901,32,0,9,2,26,,323912,32,0,9,1,26,,323915,32,0,9,1,64,,323893,32,0,9,1,25,,323902,32,0,9,2,66,,323913,32,0,9,1,27,,323916,32,0,9,1,71,,323894,32,0,9,1,30,,323903,32,0,9,2,71,,323917,32,0,9,1,30,,323895,32,0,9,1,69,,323904,32,0,9,2,27,,323918,32,0,9,1,68,,323922,28,0,105,2,40,,323905,28,0,105,2,80,,323919,28,0,105,1,80,,323923,28,0,105,2,38,,323906,28,0,105,2,78,,323920,28,0,105,1,39,,323907,28,0,105,2,81,,323921,28,0,105,1,79,,323908,28,0,105,2
12904,'H51S200F-80-F2',631,,323932,32,0,9,2,85,,323924,32,0,9,1,42,,323933,32,0,9,2,80,,323925,32,0,9,1,75,,323945,32,0,9,1,34,,323934,32,0,9,2,73,,323926,32,0,9,1,33,,323946,32,0,9,1,73,,323935,32,0,9,2,74,,323927,32,0,9,1,30,,323947,32,0,9,1,24,,323950,32,0,9,1,63,,323936,32,0,9,2,22,,323928,32,0,9,1,63,,323937,32,0,9,2,26,,323948,32,0,9,1,26,,323951,32,0,9,1,64,,323929,32,0,9,1,25,,323938,32,0,9,2,66,,323949,32,0,9,1,27,,323952,32,0,9,1,71,,323930,32,0,9,1,30,,323939,32,0,9,2,71,,323953,32,0,9,1,30,,323931,32,0,9,1,69,,323940,32,0,9,2,27,,323954,32,0,9,1,68,,323958,28,0,105,2,40,,323941,28,0,105,2,80,,323955,28,0,105,1,80,,323959,28,0,105,2,38,,323942,28,0,105,2,78,,323956,28,0,105,1,39,,323943,28,0,105,2,81,,323957,28,0,105,1,79,,323944,28,0,105,2
12904,'H57S000S-80-S',751,,323961,32,0,9,1,82,,323962,32,0,9,2,16,,323963,32,0,9,2,80,,323960,32,0,9,1
12904,'H59S000S-80-S',725,,323965,32,0,9,1,75,,323966,32,0,9,2,59,,323967,32,0,9,2,145,,323964,32,0,9,2
36504,'H58S000A-80-A',2600,,346870,52,0,9,1,34,,346872,52,0,9,1,73,,346875,52,0,9,1,36,,346869,52,0,9,1,71,,346874,52,0,9,1,32,,346871,52,0,9,1,72,,346873,52,0,9,1
36504,'H58S000I-80-I',2557,,346876,52,0,9,1,80,,346878,52,0,9,1,80,,346880,52,0,9,1,40,,346877,52,0,9,1,81,,346879,52,0,9,1,80,,346881,52,0,9,1
36504,'H58S000S-83-S',2556,,346884,52,0,9,1,81,,346886,52,0,9,1,80,,346882,52,0,9,1,40,,346883,52,0,9,1,82,,346885,52,0,9,1,80,,346887,52,0,9,1
36504,'H58S100F-80-F1',2557,,346890,52,0,9,1,80,,346888,52,0,9,1,80,,346892,52,0,9,1,40,,346891,52,0,9,1,81,,346889,52,0,9,1,80,,346893,52,0,9,1
36504,'H58S200F-80-F2',2557,,346894,52,0,9,1,80,,346896,52,0,9,1,80,,346898,52,0,9,1,40,,346895,52,0,9,1,81,,346897,52,0,9,1,80,,346899,52,0,9,1
48004,'H50S000S-82-S',630,,350387,15,0,9,1,20,,350386,23,0,9,2,67,,350388,23,0,9,1,15,,350390,15,0,9,1,13,,350392,23,0,9,2,56,,350393,15,0,9,2,16,,350395,23,0,9,2,18,,350394,15,0,9,2,10,,350396,23,0,9,1,10,,350385,15,0,9,1,49,,350391,23,0,9,2,22,,350397,23,0,9,1,32,,350389,23,0,9,2
