3401,'H59S000A-80-A',528,,295534,15,0,5,2,77,,295512,15,0,5,1,28,,295535,15,0,5,2,26,,295513,15,0,5,1,66,,295536,15,0,5,2,26,,295514,15,0,5,1,67,,295537,15,0,5,2,26,,295515,15,0,5,1,67,,295538,15,0,5,2,29,,295516,15,0,5,1,71,,295539,15,0,5,2,29,,295517,15,0,5,1,71,,295540,15,0,5,2,29,,295518,15,0,5,1,72,,295541,15,0,5,2,31,,295519,15,0,5,1,72,,295542,15,0,5,2,31,,295520,15,0,5,1,73,,295543,15,0,5,2,31,,295521,15,0,5,1,73,,295544,15,0,5,2,33,,295522,15,0,5,1,73,,295545,15,0,5,2,72,,295523,15,0,5,1,31,,295546,15,0,5,2,72,,295524,15,0,5,1,31,,295547,15,0,5,2,69,,295525,15,0,5,1,29,,295548,15,0,5,2,67,,295526,15,0,5,1,28,,295549,15,0,5,2,26,,295527,15,0,5,1,65,,295550,15,0,5,2,26,,295528,15,0,5,1,65,,295551,15,0,5,2,26,,295529,15,0,5,1,65,,295552,15,0,5,2,26,,295530,15,0,5,1,25,,295553,15,0,5,2,65,,295531,15,0,5,1,25,,295554,15,0,5,2,64,,295532,15,0,5,1,23,,295555,15,0,5,2,22,,295533,15,0,5,1
3401,'H59S000I-81-I',527,,295576,15,0,5,1,77,,295556,15,0,5,2,29,,295577,15,0,5,1,68,,295557,15,0,5,2,29,,295578,15,0,5,1,29,,295558,15,0,5,2,69,,295579,15,0,5,1,29,,295559,15,0,5,2,69,,295580,15,0,5,1,29,,295560,15,0,5,2,69,,295581,15,0,5,1,31,,295561,15,0,5,2,67,,295582,15,0,5,1,31,,295562,15,0,5,2,70,,295583,15,0,5,1,32,,295563,15,0,5,2,70,,295584,15,0,5,1,32,,295564,15,0,5,2,70,,295585,15,0,5,1,32,,295565,15,0,5,2,71,,295586,15,0,5,1,71,,295566,15,0,5,2,31,,295587,15,0,5,1,71,,295567,15,0,5,2,31,,295588,15,0,5,1,70,,295568,15,0,5,2,31,,295589,15,0,5,1,69,,295569,15,0,5,2,28,,295590,15,0,5,1,69,,295570,15,0,5,2,29,,295591,15,0,5,1,70,,295571,15,0,5,2,30,,295592,15,0,5,1,70,,295572,15,0,5,2,28,,295593,15,0,5,1,30,,295573,15,0,5,2,69,,295594,15,0,5,1,29,,295574,15,0,5,2,68,,295595,15,0,5,1,29,,295575,15,0,5,2,68,,295596,15,0,5,1
3401,'H59S000S-80-S',503,,295607,15,0,5,1,32,,295630,15,0,5,2,72,,295608,15,0,5,1,25,,295631,15,0,5,2,17,,295619,15,0,5,2,10,,295646,15,0,5,2,53,,295609,15,0,5,1,10,,295643,15,0,5,2,13,,295632,15,0,5,2,12,,295621,15,0,5,2,56,,295620,15,0,5,2,19,,295610,15,0,5,1,23,,295633,15,0,5,2,65,,295622,15,0,5,2,30,,295611,15,0,5,1,72,,295623,15,0,5,2,31,,295612,15,0,5,1,72,,295624,15,0,5,2,30,,295613,15,0,5,1,71,,295625,15,0,5,2,33,,295614,15,0,5,1,70,,295626,15,0,5,2,31,,295615,15,0,5,1,73,,295627,15,0,5,2,33,,295616,15,0,5,1,72,,295644,15,0,5,1,31,,295634,15,0,5,2,66,,295617,15,0,5,1,18,,295628,15,0,5,2,57,,295645,15,0,5,1,19,,295635,15,0,5,2,19,,295618,15,0,5,1,16,,295605,15,0,5,2,54,,295629,15,0,5,2,13,,295597,15,0,5,1,21,,295636,15,0,5,2,62,,295606,15,0,5,2,24,,295598,15,0,5,1,28,,295637,15,0,5,2,70,,295599,15,0,5,1,31,,295638,15,0,5,2,70,,295600,15,0,5,1,30,,295639,15,0,5,2,70,,295601,15,0,5,1,29,,295640,15,0,5,2,70,,295602,15,0,5,1,28,,295641,15,0,5,2,68,,295603,15,0,5,1,28,,295642,15,0,5,2,67,,295604,15,0,5,1
3401,'H59S100F-80-F1',527,,295667,15,0,5,1,77,,295647,15,0,5,2,29,,295668,15,0,5,1,68,,295648,15,0,5,2,29,,295669,15,0,5,1,29,,295649,15,0,5,2,69,,295670,15,0,5,1,29,,295650,15,0,5,2,69,,295671,15,0,5,1,29,,295651,15,0,5,2,69,,295672,15,0,5,1,31,,295652,15,0,5,2,67,,295673,15,0,5,1,31,,295653,15,0,5,2,70,,295674,15,0,5,1,32,,295654,15,0,5,2,70,,295675,15,0,5,1,32,,295655,15,0,5,2,70,,295676,15,0,5,1,32,,295656,15,0,5,2,71,,295677,15,0,5,1,71,,295657,15,0,5,2,31,,295678,15,0,5,1,71,,295658,15,0,5,2,31,,295679,15,0,5,1,70,,295659,15,0,5,2,31,,295680,15,0,5,1,69,,295660,15,0,5,2,28,,295681,15,0,5,1,69,,295661,15,0,5,2,29,,295682,15,0,5,1,70,,295662,15,0,5,2,30,,295683,15,0,5,1,70,,295663,15,0,5,2,28,,295684,15,0,5,1,30,,295664,15,0,5,2,69,,295685,15,0,5,1,29,,295665,15,0,5,2,68,,295686,15,0,5,1,29,,295666,15,0,5,2,68,,295687,15,0,5,1
3401,'H59S200F-80-F2',527,,295708,15,0,5,1,77,,295688,15,0,5,2,29,,295709,15,0,5,1,68,,295689,15,0,5,2,29,,295710,15,0,5,1,29,,295690,15,0,5,2,69,,295711,15,0,5,1,29,,295691,15,0,5,2,69,,295712,15,0,5,1,29,,295692,15,0,5,2,69,,295713,15,0,5,1,31,,295693,15,0,5,2,67,,295714,15,0,5,1,31,,295694,15,0,5,2,70,,295715,15,0,5,1,32,,295695,15,0,5,2,70,,295716,15,0,5,1,32,,295696,15,0,5,2,70,,295717,15,0,5,1,32,,295697,15,0,5,2,71,,295718,15,0,5,1,71,,295698,15,0,5,2,31,,295719,15,0,5,1,71,,295699,15,0,5,2,31,,295720,15,0,5,1,70,,295700,15,0,5,2,31,,295721,15,0,5,1,69,,295701,15,0,5,2,28,,295722,15,0,5,1,69,,295702,15,0,5,2,29,,295723,15,0,5,1,70,,295703,15,0,5,2,30,,295724,15,0,5,1,70,,295704,15,0,5,2,28,,295725,15,0,5,1,30,,295705,15,0,5,2,69,,295726,15,0,5,1,29,,295706,15,0,5,2,68,,295727,15,0,5,1,29,,295707,15,0,5,2,68,,295728,15,0,5,1
35301,'H54S000A-80-A',2625,,346036,11,0,5,1,86,,346034,11,0,5,2,45,,346035,11,0,5,1,80,,346033,11,0,5,1
35301,'H54S000I-80-I',2542,,346038,11,0,5,1,85,,346040,11,0,5,1,85,,346041,11,0,5,1,45,,346037,11,0,5,2,80,,346039,11,0,5,1
35301,'H54S000S-80-S',2541,,346042,11,0,5,1,85,,346044,11,0,5,1,85,,346045,11,0,5,1,45,,346043,11,0,5,2,80,,346046,11,0,5,2
35301,'H54S100F-80-F1',2542,,346048,11,0,5,1,85,,346050,11,0,5,1,85,,346051,11,0,5,1,45,,346047,11,0,5,2,80,,346049,11,0,5,1
35301,'H54S200F-80-F2',2542,,346053,11,0,5,1,85,,346055,11,0,5,1,85,,346056,11,0,5,1,45,,346052,11,0,5,2,80,,346054,11,0,5,1
