3401,'H59S000A-80-A',521,,295534,3,0,5,2,37,,295512,3,0,5,1,67,,295535,3,0,5,2,26,,295513,3,0,5,1,66,,295536,3,0,5,2,26,,295514,3,0,5,1,66,,295537,3,0,5,2,26,,295515,3,0,5,1,67,,295538,3,0,5,2,29,,295516,3,0,5,1,71,,295539,3,0,5,2,29,,295517,3,0,5,1,71,,295540,3,0,5,2,29,,295518,3,0,5,1,71,,295541,3,0,5,2,31,,295519,3,0,5,1,72,,295542,3,0,5,2,31,,295520,3,0,5,1,73,,295543,3,0,5,2,31,,295521,3,0,5,1,73,,295544,3,0,5,2,31,,295522,3,0,5,1,73,,295545,3,0,5,2,32,,295523,3,0,5,1,72,,295546,3,0,5,2,32,,295524,3,0,5,1,71,,295547,3,0,5,2,29,,295525,3,0,5,1,69,,295548,3,0,5,2,28,,295526,3,0,5,1,68,,295549,3,0,5,2,26,,295527,3,0,5,1,67,,295550,3,0,5,2,26,,295528,3,0,5,1,65,,295551,3,0,5,2,26,,295529,3,0,5,1,25,,295552,3,0,5,2,66,,295530,3,0,5,1,25,,295553,3,0,5,2,65,,295531,3,0,5,1,25,,295554,3,0,5,2,25,,295532,3,0,5,1,63,,295555,3,0,5,2,22,,295533,3,0,5,1
3401,'H59S000I-81-I',520,,295576,3,0,5,1,37,,295556,3,0,5,2,69,,295577,3,0,5,1,28,,295557,3,0,5,2,69,,295578,3,0,5,1,29,,295558,3,0,5,2,69,,295579,3,0,5,1,29,,295559,3,0,5,2,69,,295580,3,0,5,1,28,,295560,3,0,5,2,69,,295581,3,0,5,1,31,,295561,3,0,5,2,66,,295582,3,0,5,1,31,,295562,3,0,5,2,68,,295583,3,0,5,1,32,,295563,3,0,5,2,70,,295584,3,0,5,1,32,,295564,3,0,5,2,70,,295585,3,0,5,1,32,,295565,3,0,5,2,71,,295586,3,0,5,1,31,,295566,3,0,5,2,71,,295587,3,0,5,1,31,,295567,3,0,5,2,71,,295588,3,0,5,1,30,,295568,3,0,5,2,71,,295589,3,0,5,1,29,,295569,3,0,5,2,68,,295590,3,0,5,1,29,,295570,3,0,5,2,69,,295591,3,0,5,1,30,,295571,3,0,5,2,70,,295592,3,0,5,1,30,,295572,3,0,5,2,70,,295593,3,0,5,1,30,,295573,3,0,5,2,69,,295594,3,0,5,1,29,,295574,3,0,5,2,69,,295595,3,0,5,1,29,,295575,3,0,5,2,69,,295596,3,0,5,1
3401,'H59S000S-80-S',456,,295607,3,0,5,1,71,,295630,3,0,5,2,31,,295608,3,0,5,1,65,,295631,3,0,5,2,17,,295619,3,0,5,2,10,,295646,3,0,5,2,51,,295609,3,0,5,1,10,,295643,3,0,5,2,13,,295632,3,0,5,2,12,,295621,3,0,5,2,16,,295620,3,0,5,2,59,,295610,3,0,5,1,23,,295633,3,0,5,2,25,,295622,3,0,5,2,71,,295611,3,0,5,1,72,,295623,3,0,5,2,31,,295612,3,0,5,1,72,,295624,3,0,5,2,30,,295613,3,0,5,1,71,,295625,3,0,5,2,31,,295614,3,0,5,1,70,,295626,3,0,5,2,31,,295615,3,0,5,1,73,,295627,3,0,5,2,33,,295616,3,0,5,1,71,,295644,3,0,5,1,29,,295634,3,0,5,2,66,,295617,3,0,5,1,19,,295628,3,0,5,2,17,,295645,3,0,5,1,59,,295635,3,0,5,2,19,,295618,3,0,5,1,16,,295605,3,0,5,2,16,,295629,3,0,5,2,54,,295597,3,0,5,1,21,,295636,3,0,5,2,22,,295606,3,0,5,2,65,,295598,3,0,5,1,28,,295637,3,0,5,2,70,,295599,3,0,5,1,31,,295638,3,0,5,2,70,,295600,3,0,5,1,30,,295639,3,0,5,2,70,,295601,3,0,5,1,30,,295640,3,0,5,2,70,,295602,3,0,5,1,28,,295641,3,0,5,2,68,,295603,3,0,5,1,28,,295642,3,0,5,2,67,,295604,3,0,5,1
3401,'H59S100F-80-F1',520,,295667,3,0,5,1,37,,295647,3,0,5,2,69,,295668,3,0,5,1,28,,295648,3,0,5,2,69,,295669,3,0,5,1,29,,295649,3,0,5,2,69,,295670,3,0,5,1,29,,295650,3,0,5,2,69,,295671,3,0,5,1,28,,295651,3,0,5,2,69,,295672,3,0,5,1,31,,295652,3,0,5,2,66,,295673,3,0,5,1,31,,295653,3,0,5,2,68,,295674,3,0,5,1,32,,295654,3,0,5,2,70,,295675,3,0,5,1,32,,295655,3,0,5,2,70,,295676,3,0,5,1,32,,295656,3,0,5,2,71,,295677,3,0,5,1,31,,295657,3,0,5,2,71,,295678,3,0,5,1,31,,295658,3,0,5,2,71,,295679,3,0,5,1,30,,295659,3,0,5,2,71,,295680,3,0,5,1,29,,295660,3,0,5,2,68,,295681,3,0,5,1,29,,295661,3,0,5,2,69,,295682,3,0,5,1,30,,295662,3,0,5,2,70,,295683,3,0,5,1,30,,295663,3,0,5,2,70,,295684,3,0,5,1,30,,295664,3,0,5,2,69,,295685,3,0,5,1,29,,295665,3,0,5,2,69,,295686,3,0,5,1,29,,295666,3,0,5,2,69,,295687,3,0,5,1
3401,'H59S200F-80-F2',520,,295708,3,0,5,1,37,,295688,3,0,5,2,69,,295709,3,0,5,1,28,,295689,3,0,5,2,69,,295710,3,0,5,1,29,,295690,3,0,5,2,69,,295711,3,0,5,1,29,,295691,3,0,5,2,69,,295712,3,0,5,1,28,,295692,3,0,5,2,69,,295713,3,0,5,1,31,,295693,3,0,5,2,66,,295714,3,0,5,1,31,,295694,3,0,5,2,68,,295715,3,0,5,1,32,,295695,3,0,5,2,70,,295716,3,0,5,1,32,,295696,3,0,5,2,70,,295717,3,0,5,1,32,,295697,3,0,5,2,71,,295718,3,0,5,1,31,,295698,3,0,5,2,71,,295719,3,0,5,1,31,,295699,3,0,5,2,71,,295720,3,0,5,1,30,,295700,3,0,5,2,71,,295721,3,0,5,1,29,,295701,3,0,5,2,68,,295722,3,0,5,1,29,,295702,3,0,5,2,69,,295723,3,0,5,1,30,,295703,3,0,5,2,70,,295724,3,0,5,1,30,,295704,3,0,5,2,70,,295725,3,0,5,1,30,,295705,3,0,5,2,69,,295726,3,0,5,1,29,,295706,3,0,5,2,69,,295727,3,0,5,1,29,,295707,3,0,5,2,69,,295728,3,0,5,1
35801,'H59S000A-80-A',2448,,346316,21,0,5,2,69,,346311,21,0,5,1,32,,346317,21,0,5,2,72,,346312,21,0,5,1,33,,346318,21,0,5,2,55,,346309,21,0,5,1,17,,346313,21,0,5,1,31,,346319,21,0,5,2,54,,346310,21,0,5,1,15,,346314,21,0,5,1,29,,346320,21,0,5,2,68,,346315,21,0,5,1
35801,'H59S000I-81-I',2450,,346326,21,0,5,1,69,,346321,21,0,5,2,30,,346327,21,0,5,1,70,,346322,21,0,5,2,30,,346328,21,0,5,1,70,,346323,21,0,5,2,30,,346329,21,0,5,1,69,,346324,21,0,5,2,30,,346330,21,0,5,1,69,,346325,21,0,5,2
35801,'H59S000S-80-S',2450,,346331,21,0,5,1,72,,346336,21,0,5,1,29,,346332,21,0,5,1,69,,346337,21,0,5,1,30,,346333,21,0,5,1,70,,346338,21,0,5,1,30,,346334,21,0,5,1,69,,346339,21,0,5,1,30,,346335,21,0,5,1,68,,346340,21,0,5,1
35801,'H59S000S-80-SV',2633,,346341,21,0,5,2,71,,346344,21,0,5,2,30,,346342,21,0,5,2,70,,346345,21,0,5,2,30,,346343,21,0,5,2,68,,346346,21,0,5,2
35801,'H59S100F-80-F1',2450,,346347,21,0,5,1,69,,346352,21,0,5,2,30,,346348,21,0,5,1,70,,346353,21,0,5,2,30,,346349,21,0,5,1,70,,346354,21,0,5,2,30,,346350,21,0,5,1,69,,346355,21,0,5,2,30,,346351,21,0,5,1,69,,346356,21,0,5,2
35801,'H59S200F-80-F2',2450,,346357,21,0,5,1,69,,346362,21,0,5,2,30,,346358,21,0,5,1,70,,346363,21,0,5,2,30,,346359,21,0,5,1,70,,346364,21,0,5,2,30,,346360,21,0,5,1,69,,346365,21,0,5,2,30,,346361,21,0,5,1,69,,346366,21,0,5,2
