3602,'H56S000A-80-A',458,,296517,27,0,10,1,70,,296505,27,0,10,1,31,,296522,27,0,10,1,72,,296518,27,0,10,1,73,,296506,27,0,10,1,30,,296523,27,0,10,1,72,,296519,27,0,10,1,31,,296507,27,0,10,1,71,,296524,27,0,10,1,35,,296520,27,0,10,1,72,,296508,27,0,10,1,35,,296525,27,0,10,1,74,,296521,27,0,10,1,33,,296509,27,0,10,1,73,,296516,27,0,10,1,73,,296527,27,0,10,1,33,,296492,27,0,10,1,73,,296498,27,0,10,1,33,,296489,27,0,10,1,73,,296510,27,0,10,1,32,,296493,27,0,10,1,71,,296499,27,0,10,1,33,,296490,27,0,10,1,71,,296511,27,0,10,1,29,,296494,27,0,10,1,68,,296500,27,0,10,1,29,,296491,27,0,10,1,69,,296512,27,0,10,1,30,,296495,27,0,10,1,69,,296501,27,0,10,1,31,,296513,27,0,10,1,71,,296496,27,0,10,1,30,,296502,27,0,10,1,69,,296514,27,0,10,1,31,,296497,27,0,10,1,71,,296503,27,0,10,1,31,,296515,27,0,10,1,71,,296526,27,0,10,1,31,,296504,27,0,10,1
3602,'H56S000I-80-I',458,,296528,27,0,10,1,70,,296534,27,0,10,1,30,,296541,27,0,10,1,71,,296529,27,0,10,1,71,,296535,27,0,10,1,31,,296542,27,0,10,1,71,,296530,27,0,10,1,31,,296536,27,0,10,1,73,,296543,27,0,10,1,33,,296531,27,0,10,1,74,,296537,27,0,10,1,33,,296544,27,0,10,1,72,,296532,27,0,10,1,33,,296538,27,0,10,1,73,,296545,27,0,10,1,33,,296533,27,0,10,1,73,,296539,27,0,10,1,73,,296546,27,0,10,1,33,,296558,27,0,10,1,72,,296548,27,0,10,1,32,,296540,27,0,10,1,72,,296547,27,0,10,1,33,,296559,27,0,10,1,71,,296549,27,0,10,1,30,,296554,27,0,10,1,71,,296562,27,0,10,1,31,,296560,27,0,10,1,69,,296550,27,0,10,1,31,,296555,27,0,10,1,71,,296563,27,0,10,1,31,,296551,27,0,10,1,69,,296556,27,0,10,1,31,,296564,27,0,10,1,71,,296552,27,0,10,1,31,,296557,27,0,10,1,71,,296565,27,0,10,1,30,,296553,27,0,10,1,68,,296561,27,0,10,1,31,,296566,27,0,10,1
3602,'H56S000S-82-S',500,,296567,27,0,10,1,27,,296570,27,0,10,1,31,,296582,27,0,10,1,70,,296591,27,0,10,1,24,,296568,27,0,10,1,62,,296571,27,0,10,1,23,,296583,27,0,10,1,68,,296599,27,0,10,1,22,,296592,27,0,10,1,21,,296569,27,0,10,1,64,,296572,27,0,10,1,23,,296584,27,0,10,1,22,,296600,27,0,10,1,63,,296593,27,0,10,1,24,,296610,27,0,10,1,62,,296573,27,0,10,1,23,,296585,27,0,10,1,22,,296601,27,0,10,1,65,,296594,27,0,10,1,21,,296611,27,0,10,1,63,,296574,27,0,10,1,25,,296586,27,0,10,1,24,,296579,27,0,10,1,62,,296602,27,0,10,1,21,,296612,27,0,10,1,21,,296575,27,0,10,1,62,,296587,27,0,10,1,20,,296580,27,0,10,1,24,,296603,27,0,10,1,63,,296613,27,0,10,1,18,,296576,27,0,10,1,15,,296609,27,0,10,1,55,,296588,27,0,10,1,20,,296581,27,0,10,1,17,,296595,27,0,10,1,59,,296604,27,0,10,1,19,,296614,27,0,10,1,21,,296577,27,0,10,1,63,,296589,27,0,10,1,23,,296596,27,0,10,1,20,,296605,27,0,10,1,59,,296615,27,0,10,1,19,,296578,27,0,10,1,21,,296590,27,0,10,1,70,,296597,27,0,10,1,31,,296606,27,0,10,1,71,,296616,27,0,10,1,28,,296598,27,0,10,1,71,,296607,27,0,10,1,28,,296617,27,0,10,1,69,,296618,27,0,10,1,28,,296608,27,0,10,1
3602,'H56S100F-80-F1',458,,296619,27,0,10,1,70,,296625,27,0,10,1,30,,296632,27,0,10,1,71,,296620,27,0,10,1,71,,296626,27,0,10,1,31,,296633,27,0,10,1,71,,296621,27,0,10,1,31,,296627,27,0,10,1,73,,296634,27,0,10,1,33,,296622,27,0,10,1,74,,296628,27,0,10,1,33,,296635,27,0,10,1,72,,296623,27,0,10,1,33,,296629,27,0,10,1,73,,296636,27,0,10,1,33,,296624,27,0,10,1,73,,296630,27,0,10,1,73,,296637,27,0,10,1,33,,296649,27,0,10,1,72,,296639,27,0,10,1,32,,296631,27,0,10,1,72,,296638,27,0,10,1,33,,296650,27,0,10,1,71,,296640,27,0,10,1,30,,296645,27,0,10,1,71,,296653,27,0,10,1,31,,296651,27,0,10,1,69,,296641,27,0,10,1,31,,296646,27,0,10,1,71,,296654,27,0,10,1,31,,296642,27,0,10,1,69,,296647,27,0,10,1,31,,296655,27,0,10,1,71,,296643,27,0,10,1,31,,296648,27,0,10,1,71,,296656,27,0,10,1,30,,296644,27,0,10,1,68,,296652,27,0,10,1,31,,296657,27,0,10,1
3602,'H56S200F-80-F2',458,,296658,27,0,10,1,70,,296664,27,0,10,1,30,,296671,27,0,10,1,71,,296659,27,0,10,1,71,,296665,27,0,10,1,31,,296672,27,0,10,1,71,,296660,27,0,10,1,31,,296666,27,0,10,1,73,,296673,27,0,10,1,33,,296661,27,0,10,1,74,,296667,27,0,10,1,33,,296674,27,0,10,1,72,,296662,27,0,10,1,33,,296668,27,0,10,1,73,,296675,27,0,10,1,33,,296663,27,0,10,1,73,,296669,27,0,10,1,73,,296676,27,0,10,1,33,,296688,27,0,10,1,72,,296678,27,0,10,1,32,,296670,27,0,10,1,72,,296677,27,0,10,1,33,,296689,27,0,10,1,71,,296679,27,0,10,1,30,,296684,27,0,10,1,71,,296692,27,0,10,1,31,,296690,27,0,10,1,69,,296680,27,0,10,1,31,,296685,27,0,10,1,71,,296693,27,0,10,1,31,,296681,27,0,10,1,69,,296686,27,0,10,1,31,,296694,27,0,10,1,71,,296682,27,0,10,1,31,,296687,27,0,10,1,71,,296695,27,0,10,1,30,,296683,27,0,10,1,68,,296691,27,0,10,1,31,,296696,27,0,10,1
35002,'H56S000A-80-A',2548,,345988,51,0,10,1,81,,345997,51,0,10,1,27,,346000,51,0,10,1,57,,346002,51,0,10,2,11,,345995,51,0,10,1,10,,345994,51,0,10,2,10,,345992,51,0,10,1,10,,345993,51,0,10,1,50,,345989,51,0,10,1,10,,345990,51,0,10,2,11,,345999,51,0,10,2,10,,345996,51,0,10,1,10,,345998,51,0,10,1,10,,345991,51,0,10,1,54,,346001,51,0,10,1
35002,'H56S000I-80-I',2540,,346008,51,0,10,1,68,,346003,51,0,10,1,26,,346005,51,0,10,1,67,,346010,51,0,10,2,27,,346007,51,0,10,1,26,,346009,51,0,10,1,66,,346004,51,0,10,2,26,,346006,51,0,10,1
35002,'H56S000S-82-S',2543,,346012,51,0,10,1,85,,346016,51,0,10,2,93,,346015,51,0,10,1,85,,346013,51,0,10,1,29,,346014,51,0,10,1,15,,346011,51,0,10,1
35002,'H56S100F-80-F1',2540,,346022,51,0,10,1,68,,346017,51,0,10,1,26,,346019,51,0,10,1,67,,346024,51,0,10,2,27,,346021,51,0,10,1,26,,346023,51,0,10,1,66,,346018,51,0,10,2,26,,346020,51,0,10,1
35002,'H56S200F-80-F2',2540,,346030,51,0,10,1,68,,346025,51,0,10,1,26,,346027,51,0,10,1,67,,346032,51,0,10,2,27,,346029,51,0,10,1,26,,346031,51,0,10,1,66,,346026,51,0,10,2,26,,346028,51,0,10,1
