3803,'H56S000A-80-A',521,,297123,25,0,8,1,33,,297131,25,0,8,1,73,,297132,25,0,8,1,73,,297107,25,0,8,1,34,,297124,25,0,8,1,72,,297108,25,0,8,1,32,,297101,25,0,8,1,70,,297095,25,0,8,1,31,,297117,25,0,8,1,69,,297125,25,0,8,1,30,,297109,25,0,8,1,71,,297102,25,0,8,1,31,,297096,25,0,8,1,70,,297118,25,0,8,1,30,,297126,25,0,8,1,71,,297110,25,0,8,1,30,,297103,25,0,8,1,70,,297097,25,0,8,1,30,,297119,25,0,8,1,70,,297127,25,0,8,1,30,,297111,25,0,8,1,71,,297104,25,0,8,1,30,,297098,25,0,8,1,70,,297120,25,0,8,1,29,,297128,25,0,8,1,69,,297112,25,0,8,1,30,,297105,25,0,8,1,70,,297099,25,0,8,1,30,,297121,25,0,8,1,70,,297129,25,0,8,1,29,,297113,25,0,8,1,68,,297106,25,0,8,1,30,,297100,25,0,8,1,70,,297122,25,0,8,1,31,,297130,25,0,8,1,73,,297114,25,0,8,1,33,,297133,25,0,8,1,71,,297115,25,0,8,1,33,,297134,25,0,8,1,73,,297116,25,0,8,1
3803,'H56S000I-80-I',522,,297162,25,0,8,1,31,,297135,25,0,8,1,70,,297163,25,0,8,1,31,,297136,25,0,8,1,70,,297164,25,0,8,1,31,,297137,25,0,8,1,71,,297165,25,0,8,1,31,,297138,25,0,8,1,74,,297166,25,0,8,1,72,,297139,25,0,8,1,33,,297167,25,0,8,1,22,,297150,25,0,8,1,68,,297154,25,0,8,1,29,,297143,25,0,8,1,68,,297168,25,0,8,1,31,,297155,25,0,8,1,67,,297144,25,0,8,1,29,,297169,25,0,8,1,70,,297156,25,0,8,1,30,,297145,25,0,8,1,70,,297170,25,0,8,1,30,,297157,25,0,8,1,70,,297146,25,0,8,1,30,,297171,25,0,8,1,70,,297158,25,0,8,1,29,,297151,25,0,8,1,70,,297140,25,0,8,1,29,,297147,25,0,8,1,70,,297172,25,0,8,1,30,,297159,25,0,8,1,70,,297152,25,0,8,1,30,,297141,25,0,8,1,70,,297148,25,0,8,1,30,,297173,25,0,8,1,70,,297160,25,0,8,1,30,,297153,25,0,8,1,69,,297142,25,0,8,1,30,,297161,25,0,8,1,71,,297174,25,0,8,1,33,,297149,25,0,8,1,73,,297175,25,0,8,1
3803,'H56S000S-82-S',523,,297215,25,0,8,2,30,,297184,25,0,8,1,71,,297216,25,0,8,2,32,,297179,25,0,8,1,71,,297194,25,0,8,1,75,,297205,25,0,8,1,27,,297180,25,0,8,1,29,,297195,25,0,8,1,69,,297206,25,0,8,1,30,,297185,25,0,8,1,70,,297196,25,0,8,1,30,,297207,25,0,8,1,70,,297186,25,0,8,1,30,,297197,25,0,8,1,71,,297208,25,0,8,1,30,,297187,25,0,8,1,70,,297198,25,0,8,1,30,,297209,25,0,8,1,70,,297188,25,0,8,1,30,,297199,25,0,8,1,70,,297210,25,0,8,1,30,,297189,25,0,8,1,71,,297200,25,0,8,1,29,,297211,25,0,8,1,70,,297190,25,0,8,1,29,,297201,25,0,8,1,70,,297212,25,0,8,1,28,,297191,25,0,8,1,70,,297202,25,0,8,1,29,,297213,25,0,8,1,70,,297192,25,0,8,1,30,,297203,25,0,8,1,70,,297214,25,0,8,1,30,,297193,25,0,8,1,70,,297204,25,0,8,1,30,,297178,25,0,8,1,70,,297181,25,0,8,1,27,,297176,25,0,8,1,71,,297182,25,0,8,1,28,,297177,25,0,8,1,71,,297183,25,0,8,1
3803,'H56S100F-80-F1',522,,297244,25,0,8,1,31,,297217,25,0,8,1,70,,297245,25,0,8,1,31,,297218,25,0,8,1,70,,297246,25,0,8,1,31,,297219,25,0,8,1,71,,297247,25,0,8,1,31,,297220,25,0,8,1,74,,297248,25,0,8,1,72,,297221,25,0,8,1,33,,297249,25,0,8,1,22,,297232,25,0,8,1,68,,297236,25,0,8,1,29,,297225,25,0,8,1,68,,297250,25,0,8,1,31,,297237,25,0,8,1,67,,297226,25,0,8,1,29,,297251,25,0,8,1,70,,297238,25,0,8,1,30,,297227,25,0,8,1,70,,297252,25,0,8,1,30,,297239,25,0,8,1,70,,297228,25,0,8,1,30,,297253,25,0,8,1,70,,297240,25,0,8,1,29,,297233,25,0,8,1,70,,297222,25,0,8,1,29,,297229,25,0,8,1,70,,297254,25,0,8,1,30,,297241,25,0,8,1,70,,297234,25,0,8,1,30,,297223,25,0,8,1,70,,297230,25,0,8,1,30,,297255,25,0,8,1,70,,297242,25,0,8,1,30,,297235,25,0,8,1,69,,297224,25,0,8,1,30,,297243,25,0,8,1,71,,297256,25,0,8,1,33,,297231,25,0,8,1,73,,297257,25,0,8,1
3803,'H56S200F-80-F2',522,,297285,25,0,8,1,31,,297258,25,0,8,1,70,,297286,25,0,8,1,31,,297259,25,0,8,1,70,,297287,25,0,8,1,31,,297260,25,0,8,1,71,,297288,25,0,8,1,31,,297261,25,0,8,1,74,,297289,25,0,8,1,72,,297262,25,0,8,1,33,,297290,25,0,8,1,22,,297273,25,0,8,1,68,,297277,25,0,8,1,29,,297266,25,0,8,1,68,,297291,25,0,8,1,31,,297278,25,0,8,1,67,,297267,25,0,8,1,29,,297292,25,0,8,1,70,,297279,25,0,8,1,30,,297268,25,0,8,1,70,,297293,25,0,8,1,30,,297280,25,0,8,1,70,,297269,25,0,8,1,30,,297294,25,0,8,1,70,,297281,25,0,8,1,29,,297274,25,0,8,1,70,,297263,25,0,8,1,29,,297270,25,0,8,1,70,,297295,25,0,8,1,30,,297282,25,0,8,1,70,,297275,25,0,8,1,30,,297264,25,0,8,1,70,,297271,25,0,8,1,30,,297296,25,0,8,1,70,,297283,25,0,8,1,30,,297276,25,0,8,1,69,,297265,25,0,8,1,30,,297284,25,0,8,1,71,,297297,25,0,8,1,33,,297272,25,0,8,1,73,,297298,25,0,8,1
6303,'H56S000A-80-A',852,,304586,10,0,8,1,70,,304576,10,0,8,2,30,,304587,10,0,8,1,70,,304577,10,0,8,2,31,,304588,10,0,8,1,70,,304578,10,0,8,2,31,,304589,10,0,8,1,71,,304579,10,0,8,2,30,,304590,10,0,8,1,71,,304580,10,0,8,2,30,,304591,10,0,8,1,72,,304581,10,0,8,2,72,,304592,10,0,8,1,30,,304582,10,0,8,2,70,,304593,10,0,8,1,29,,304583,10,0,8,2,29,,304594,10,0,8,1,69,,304584,10,0,8,2,26,,304595,10,0,8,1,68,,304585,10,0,8,2
6303,'H56S000S-82-S',622,,304609,10,0,8,1,28,,304596,10,0,8,2,69,,304610,10,0,8,1,35,,304597,10,0,8,2,75,,304611,10,0,8,1,72,,304598,10,0,8,2,33,,304612,10,0,8,1,72,,304599,10,0,8,2,30,,304613,10,0,8,1,72,,304600,10,0,8,2,30,,304614,10,0,8,1,72,,304601,10,0,8,2,32,,304615,10,0,8,1,72,,304602,10,0,8,2,32,,304616,10,0,8,1,72,,304603,10,0,8,2,35,,304617,10,0,8,1,72,,304604,10,0,8,2,34,,304618,10,0,8,1,74,,304605,10,0,8,2,73,,304619,10,0,8,1,33,,304606,10,0,8,2,73,,304620,10,0,8,1,33,,304607,10,0,8,2,70,,304621,10,0,8,1,28,,304608,10,0,8,2
6303,'H56S100F-80-F1',852,,304622,10,0,8,1,70,,304623,10,0,8,2,30,,304624,10,0,8,1,70,,304626,10,0,8,2,31,,304625,10,0,8,1,70,,304627,10,0,8,2,31,,304628,10,0,8,1,71,,304629,10,0,8,2,30,,304630,10,0,8,1,71,,304631,10,0,8,2,30,,304632,10,0,8,1,72,,304633,10,0,8,2,72,,304634,10,0,8,1,30,,304635,10,0,8,2,70,,304636,10,0,8,1,29,,304637,10,0,8,2,29,,304638,10,0,8,1,69,,304639,10,0,8,2,26,,304640,10,0,8,1,68,,304641,10,0,8,2
6303,'H56S200F-80-F2',852,,304642,10,0,8,1,70,,304643,10,0,8,2,30,,304644,10,0,8,1,70,,304646,10,0,8,2,31,,304645,10,0,8,1,70,,304647,10,0,8,2,31,,304648,10,0,8,1,71,,304649,10,0,8,2,30,,304650,10,0,8,1,71,,304651,10,0,8,2,30,,304652,10,0,8,1,72,,304653,10,0,8,2,72,,304654,10,0,8,1,30,,304655,10,0,8,2,70,,304656,10,0,8,1,29,,304657,10,0,8,2,29,,304658,10,0,8,1,69,,304659,10,0,8,2,26,,304660,10,0,8,1,68,,304661,10,0,8,2
9002,'H56S000A-80-A',609,,311636,10,0,10,1,30,,311692,10,0,10,1,70,,311643,10,0,10,1,30,,311693,10,0,10,1,71,,311637,10,0,10,1,29,,311642,10,0,10,1,71,,311666,10,0,10,1,33,,311657,10,0,10,1,69,,311648,10,0,10,1,30,,311672,10,0,10,1,66,,311667,10,0,10,1,26,,311658,10,0,10,1,24,,311694,10,0,10,1,62,,311649,10,0,10,1,21,,311673,10,0,10,1,61,,311653,10,0,10,1,20,,311679,10,0,10,1,20,,311659,10,0,10,1,59,,311695,10,0,10,1,17,,311650,10,0,10,1,14,,311668,10,0,10,1,14,,311674,10,0,10,1,54,,311654,10,0,10,1,14,,311688,10,0,10,1,14,,311677,10,0,10,2,14,,311680,10,0,10,1,12,,311660,10,0,10,1,51,,311696,10,0,10,1,12,,311651,10,0,10,1,13,,311669,10,0,10,1,12,,311675,10,0,10,1,13,,311655,10,0,10,1,52,,311691,10,0,10,2,10,,311689,10,0,10,1,11,,311678,10,0,10,2,12,,311681,10,0,10,1,12,,311641,10,0,10,2,51,,311661,10,0,10,1,12,,311652,10,0,10,1,12,,311656,10,0,10,1,12,,311670,10,0,10,1,12,,311676,10,0,10,1,52,,311644,10,0,10,1,15,,311690,10,0,10,1,19,,311682,10,0,10,1,21,,311662,10,0,10,1,60,,311686,10,0,10,2,20,,311671,10,0,10,1,19,,311645,10,0,10,1,60,,311684,10,0,10,1,20,,311683,10,0,10,1,20,,311663,10,0,10,1,60,,311687,10,0,10,2,19,,311638,10,0,10,1,21,,311646,10,0,10,1,61,,311685,10,0,10,1,26,,311664,10,0,10,1,72,,311639,10,0,10,1,32,,311647,10,0,10,1,70,,311665,10,0,10,1,33,,311640,10,0,10,1
9002,'H56S000I-80-I',616,,311702,10,0,10,1,28,,311728,10,0,10,1,69,,311706,10,0,10,1,29,,311734,10,0,10,1,73,,311703,10,0,10,1,33,,311707,10,0,10,1,69,,311715,10,0,10,1,29,,311735,10,0,10,1,72,,311736,10,0,10,1,30,,311708,10,0,10,1,71,,311711,10,0,10,2,31,,311723,10,0,10,1,71,,311716,10,0,10,1,28,,311709,10,0,10,1,71,,311712,10,0,10,2,24,,311724,10,0,10,1,65,,311729,10,0,10,2,24,,311717,10,0,10,1,20,,311710,10,0,10,1,60,,311725,10,0,10,1,20,,311713,10,0,10,2,19,,311722,10,0,10,1,62,,311730,10,0,10,2,21,,311718,10,0,10,1,17,,311704,10,0,10,1,58,,311714,10,0,10,2,19,,311726,10,0,10,1,18,,311699,10,0,10,1,59,,311731,10,0,10,2,21,,311719,10,0,10,1,24,,311705,10,0,10,1,68,,311727,10,0,10,1,29,,311700,10,0,10,1,69,,311720,10,0,10,1,27,,311738,10,0,10,1,69,,311737,10,0,10,2,30,,311701,10,0,10,1,70,,311721,10,0,10,1,31,,311732,10,0,10,1,72,,311739,10,0,10,1,32,,311697,10,0,10,1,72,,311733,10,0,10,1,31,,311740,10,0,10,1,71,,311698,10,0,10,1
9002,'H56S000S-82-S',552,,311813,10,0,10,1,63,,311811,10,0,10,1,22,,311756,10,0,10,1,18,,311766,10,0,10,1,58,,311771,10,0,10,1,21,,311772,10,0,10,1,19,,311773,10,0,10,2,60,,311774,10,0,10,1,19,,311743,10,0,10,1,23,,311757,10,0,10,1,68,,311781,10,0,10,1,30,,311814,10,0,10,1,70,,311775,10,0,10,1,30,,311758,10,0,10,1,68,,311782,10,0,10,1,26,,311767,10,0,10,1,65,,311752,10,0,10,1,22,,311776,10,0,10,1,21,,311778,10,0,10,1,58,,311759,10,0,10,1,18,,311783,10,0,10,1,19,,311768,10,0,10,1,56,,311741,10,0,10,1,15,,311784,10,0,10,1,10,,311753,10,0,10,1,10,,311777,10,0,10,1,10,,311786,10,0,10,1,52,,311779,10,0,10,1,13,,311812,10,0,10,2,12,,311760,10,0,10,1,9,,311795,10,0,10,2,10,,311809,10,0,10,1,9,,311769,10,0,10,1,47,,311810,10,0,10,2,7,,311804,10,0,10,1,8,,311792,10,0,10,2,8,,311742,10,0,10,1,7,,311785,10,0,10,1,6,,311796,10,0,10,2,6,,311754,10,0,10,1,5,,311805,10,0,10,1,6,,311801,10,0,10,2,46,,311787,10,0,10,1,6,,311800,10,0,10,2,6,,311802,10,0,10,1,7,,311780,10,0,10,1,8,,311806,10,0,10,2,8,,311815,10,0,10,1,7,,311761,10,0,10,1,7,,311794,10,0,10,2,5,,311808,10,0,10,1,49,,311770,10,0,10,1,7,,311788,10,0,10,1,10,,311750,10,0,10,1,11,,311793,10,0,10,2,12,,311797,10,0,10,1,12,,311755,10,0,10,1,52,,311745,10,0,10,1,11,,311803,10,0,10,1,10,,311744,10,0,10,1,13,,311762,10,0,10,1,15,,311807,10,0,10,2,58,,311789,10,0,10,1,19,,311798,10,0,10,1,19,,311749,10,0,10,2,60,,311746,10,0,10,1,20,,311763,10,0,10,1,19,,311751,10,0,10,2,60,,311790,10,0,10,1,28,,311799,10,0,10,1,69,,311747,10,0,10,1,33,,311764,10,0,10,1,73,,311791,10,0,10,1,30,,311748,10,0,10,1,73,,311765,10,0,10,1
9002,'H56S100F-80-F1',616,,311821,10,0,10,1,28,,311847,10,0,10,1,69,,311825,10,0,10,1,29,,311853,10,0,10,1,73,,311822,10,0,10,1,33,,311826,10,0,10,1,69,,311834,10,0,10,1,29,,311854,10,0,10,1,72,,311855,10,0,10,1,30,,311827,10,0,10,1,71,,311830,10,0,10,2,31,,311842,10,0,10,1,71,,311835,10,0,10,1,28,,311828,10,0,10,1,71,,311831,10,0,10,2,24,,311843,10,0,10,1,65,,311848,10,0,10,2,24,,311836,10,0,10,1,20,,311829,10,0,10,1,60,,311844,10,0,10,1,20,,311832,10,0,10,2,19,,311841,10,0,10,1,62,,311849,10,0,10,2,21,,311837,10,0,10,1,17,,311823,10,0,10,1,58,,311833,10,0,10,2,19,,311845,10,0,10,1,18,,311818,10,0,10,1,59,,311850,10,0,10,2,21,,311838,10,0,10,1,24,,311824,10,0,10,1,68,,311846,10,0,10,1,29,,311819,10,0,10,1,69,,311839,10,0,10,1,27,,311857,10,0,10,1,69,,311856,10,0,10,2,30,,311820,10,0,10,1,70,,311840,10,0,10,1,31,,311851,10,0,10,1,72,,311858,10,0,10,1,32,,311816,10,0,10,1,72,,311852,10,0,10,1,31,,311859,10,0,10,1,71,,311817,10,0,10,1
9002,'H56S200F-80-F2',616,,311865,10,0,10,1,28,,311891,10,0,10,1,69,,311869,10,0,10,1,29,,311897,10,0,10,1,73,,311866,10,0,10,1,33,,311870,10,0,10,1,69,,311878,10,0,10,1,29,,311898,10,0,10,1,72,,311899,10,0,10,1,30,,311871,10,0,10,1,71,,311874,10,0,10,2,31,,311886,10,0,10,1,71,,311879,10,0,10,1,28,,311872,10,0,10,1,71,,311875,10,0,10,2,24,,311887,10,0,10,1,65,,311892,10,0,10,2,24,,311880,10,0,10,1,20,,311873,10,0,10,1,60,,311888,10,0,10,1,20,,311876,10,0,10,2,19,,311885,10,0,10,1,62,,311893,10,0,10,2,21,,311881,10,0,10,1,17,,311867,10,0,10,1,58,,311877,10,0,10,2,19,,311889,10,0,10,1,18,,311862,10,0,10,1,59,,311894,10,0,10,2,21,,311882,10,0,10,1,24,,311868,10,0,10,1,68,,311890,10,0,10,1,29,,311863,10,0,10,1,69,,311883,10,0,10,1,27,,311901,10,0,10,1,69,,311900,10,0,10,2,30,,311864,10,0,10,1,70,,311884,10,0,10,1,31,,311895,10,0,10,1,72,,311902,10,0,10,1,32,,311860,10,0,10,1,72,,311896,10,0,10,1,31,,311903,10,0,10,1,71,,311861,10,0,10,1
