20201,'H50S000S-82-S',749,,340035,21,0,5,1,868,,340034,21,0,5,1,85,,340033,21,0,5,1
20201,'H60S000A-80-A',643,,340047,61,0,5,1,71,,340036,61,0,5,1,30,,340048,61,0,5,1,71,,340061,61,0,5,1,32,,340064,61,0,5,1,66,,340058,61,0,5,1,30,,340037,61,0,5,1,74,,340049,61,0,5,1,31,,340062,61,0,5,1,69,,340065,61,0,5,1,30,,340059,61,0,5,1,70,,340038,61,0,5,1,27,,340050,61,0,5,1,65,,340044,61,0,5,1,23,,340070,61,0,5,1,24,,340066,61,0,5,1,63,,340043,61,0,5,1,23,,340063,61,0,5,1,62,,340039,61,0,5,1,23,,340051,61,0,5,1,23,,340045,61,0,5,1,62,,340071,61,0,5,1,20,,340067,61,0,5,1,17,,340054,61,0,5,2,57,,340074,61,0,5,1,21,,340068,61,0,5,2,23,,340040,61,0,5,1,61,,340052,61,0,5,1,21,,340046,61,0,5,1,22,,340072,61,0,5,1,67,,340055,61,0,5,2,30,,340075,61,0,5,1,69,,340041,61,0,5,1,28,,340053,61,0,5,1,70,,340073,61,0,5,1,29,,340056,61,0,5,2,67,,340076,61,0,5,1,31,,340042,61,0,5,1,70,,340060,61,0,5,2,30,,340069,61,0,5,1,70,,340057,61,0,5,2,29,,340077,61,0,5,1
20201,'H60S000I-81-I',745,,340092,61,0,5,1,71,,340101,61,0,5,1,32,,340109,61,0,5,1,71,,340111,61,0,5,1,33,,340099,61,0,5,1,73,,340093,61,0,5,1,33,,340102,61,0,5,1,69,,340110,61,0,5,1,30,,340112,61,0,5,1,70,,340100,61,0,5,1,31,,340094,61,0,5,1,70,,340103,61,0,5,1,72,,340080,61,0,5,1,30,,340085,61,0,5,1,73,,340097,61,0,5,1,33,,340095,61,0,5,1,69,,340104,61,0,5,1,32,,340081,61,0,5,1,70,,340086,61,0,5,1,30,,340098,61,0,5,1,73,,340096,61,0,5,1,31,,340105,61,0,5,1,73,,340082,61,0,5,1,30,,340087,61,0,5,1,68,,340078,61,0,5,1,29,,340108,61,0,5,1,68,,340106,61,0,5,1,30,,340083,61,0,5,1,67,,340088,61,0,5,1,27,,340090,61,0,5,1,67,,340079,61,0,5,1,28,,340107,61,0,5,1,27,,340084,61,0,5,1,69,,340089,61,0,5,1,29,,340091,61,0,5,1
20201,'H60S000S-83-S',632,,340125,61,0,5,1,69,,340137,61,0,5,2,21,,340129,21,0,5,1,6,,340136,61,0,5,2,18,,340114,61,0,5,1,69,,340133,61,0,5,1,33,,340138,61,0,5,1,70,,340122,61,0,5,1,29,,340126,61,0,5,1,67,,340130,61,0,5,1,17,,340121,61,0,5,1,19,,340115,61,0,5,1,62,,340134,61,0,5,1,26,,340139,61,0,5,1,67,,340123,61,0,5,1,31,,340127,61,0,5,1,75,,340131,61,0,5,1,29,,340116,61,0,5,1,67,,340135,61,0,5,1,36,,340140,61,0,5,1,9,,340124,61,0,5,1,60,,340148,21,0,5,2,16,,340128,61,0,5,1,25,,340144,61,0,5,1,65,,340132,61,0,5,1,6,,340154,21,0,5,1,7,,340155,21,0,5,2,14,,340117,61,0,5,1,70,,340156,61,0,5,1,22,,340113,21,0,5,1,11,,340141,61,0,5,1,70,,340149,61,0,5,2,29,,340145,61,0,5,1,71,,340152,61,0,5,1,27,,340118,61,0,5,1,68,,340157,61,0,5,1,27,,340142,61,0,5,1,70,,340150,61,0,5,2,25,,340146,61,0,5,1,22,,340153,61,0,5,1,60,,340119,61,0,5,1,30,,340158,61,0,5,1,70,,340143,61,0,5,1,28,,340151,61,0,5,2,68,,340147,61,0,5,1,32,,340120,61,0,5,1
20201,'H60S100F-80-F1',745,,340179,61,0,5,1,71,,340182,61,0,5,2,32,,340185,61,0,5,1,71,,340183,61,0,5,1,33,,340159,61,0,5,1,73,,340164,61,0,5,2,33,,340168,61,0,5,1,69,,340180,61,0,5,1,30,,340184,61,0,5,1,70,,340160,61,0,5,1,31,,340165,61,0,5,2,70,,340169,61,0,5,1,72,,340186,61,0,5,1,30,,340174,61,0,5,2,73,,340181,61,0,5,1,33,,340166,61,0,5,2,69,,340170,61,0,5,1,32,,340187,61,0,5,1,70,,340175,61,0,5,2,30,,340191,61,0,5,1,73,,340167,61,0,5,2,31,,340171,61,0,5,1,73,,340188,61,0,5,1,30,,340176,61,0,5,2,68,,340161,61,0,5,1,29,,340192,61,0,5,2,68,,340172,61,0,5,1,30,,340189,61,0,5,1,67,,340177,61,0,5,2,27,,340162,61,0,5,1,67,,340193,61,0,5,2,28,,340173,61,0,5,1,27,,340190,61,0,5,1,69,,340178,61,0,5,2,29,,340163,61,0,5,1
20201,'H60S200F-80-F2',745,,340214,61,0,5,1,71,,340217,61,0,5,2,32,,340220,61,0,5,1,71,,340218,61,0,5,1,33,,340194,61,0,5,1,73,,340199,61,0,5,2,33,,340203,61,0,5,1,69,,340215,61,0,5,1,30,,340219,61,0,5,1,70,,340195,61,0,5,1,31,,340200,61,0,5,2,70,,340204,61,0,5,1,72,,340221,61,0,5,1,30,,340209,61,0,5,2,73,,340216,61,0,5,1,33,,340201,61,0,5,2,69,,340205,61,0,5,1,32,,340222,61,0,5,1,70,,340210,61,0,5,2,30,,340226,61,0,5,1,73,,340202,61,0,5,2,31,,340206,61,0,5,1,73,,340223,61,0,5,1,30,,340211,61,0,5,2,68,,340196,61,0,5,1,29,,340227,61,0,5,2,68,,340207,61,0,5,1,30,,340224,61,0,5,1,67,,340212,61,0,5,2,27,,340197,61,0,5,1,67,,340228,61,0,5,2,28,,340208,61,0,5,1,27,,340225,61,0,5,1,69,,340213,61,0,5,2,29,,340198,61,0,5,1
37801,'H60S000A-80-A',2541,,347259,22,0,5,1,90,,347256,22,0,5,1,92,,347257,22,0,5,1,92,,347258,22,0,5,1
37801,'H60S000I-81-I',2540,,347261,22,0,5,1,90,,347263,22,0,5,1,91,,347260,22,0,5,1,93,,347262,22,0,5,1
37801,'H60S000S-83-S',2540,,347266,22,0,5,1,91,,347264,22,0,5,1,96,,347267,22,0,5,1,91,,347265,22,0,5,1
37801,'H60S100F-80-F1',2540,,347268,22,0,5,1,90,,347271,22,0,5,1,91,,347270,22,0,5,1,93,,347269,22,0,5,1
37801,'H60S200F-80-F2',2540,,347272,22,0,5,1,90,,347275,22,0,5,1,91,,347274,22,0,5,1,93,,347273,22,0,5,1
