20002,'H60S000A-80-A',646,,339650,15,0,10,2,68,,339630,15,0,10,1,28,,339640,15,0,10,2,69,,339651,15,0,10,2,29,,339631,15,0,10,1,69,,339641,15,0,10,2,28,,339652,15,0,10,2,70,,339632,15,0,10,1,31,,339642,15,0,10,2,68,,339653,15,0,10,2,30,,339633,15,0,10,1,69,,339643,15,0,10,2,33,,339654,15,0,10,2,70,,339634,15,0,10,1,30,,339644,15,0,10,2,71,,339655,15,0,10,2,30,,339635,15,0,10,1,71,,339645,15,0,10,2,31,,339656,15,0,10,2,71,,339636,15,0,10,1,29,,339646,15,0,10,2,70,,339657,15,0,10,2,31,,339637,15,0,10,1,70,,339647,15,0,10,1,28,,339658,15,0,10,2,70,,339638,15,0,10,1,28,,339648,15,0,10,1,70,,339659,15,0,10,2,31,,339639,15,0,10,1,69,,339649,15,0,10,1,29,,339660,15,0,10,2
20002,'H60S000I-81-I',712,,339680,15,0,10,1,29,,339661,15,0,10,1,66,,339671,15,0,10,2,30,,339681,15,0,10,1,70,,339662,15,0,10,1,28,,339672,15,0,10,2,69,,339682,15,0,10,1,31,,339663,15,0,10,1,70,,339673,15,0,10,2,30,,339683,15,0,10,1,71,,339664,15,0,10,1,32,,339674,15,0,10,2,72,,339684,15,0,10,1,31,,339665,15,0,10,1,70,,339675,15,0,10,2,30,,339685,15,0,10,1,70,,339666,15,0,10,1,30,,339676,15,0,10,2,69,,339686,15,0,10,1,31,,339667,15,0,10,1,70,,339677,15,0,10,2,30,,339687,15,0,10,1,69,,339668,15,0,10,1,28,,339678,15,0,10,2,69,,339688,15,0,10,1,30,,339669,15,0,10,1,73,,339679,15,0,10,2,30,,339689,15,0,10,1,70,,339670,15,0,10,1
20002,'H60S000S-83-S',552,,339695,15,0,10,1,62,,339707,15,0,10,2,21,,339714,15,0,10,2,21,,339697,15,0,10,1,62,,339696,15,0,10,1,25,,339708,15,0,10,2,61,,339715,15,0,10,2,26,,339698,15,0,10,1,27,,339690,15,0,10,2,63,,339709,15,0,10,2,27,,339716,15,0,10,2,67,,339699,15,0,10,1,29,,339710,15,0,10,2,71,,339717,15,0,10,2,29,,339700,15,0,10,1,71,,339711,15,0,10,2,30,,339718,15,0,10,2,71,,339701,15,0,10,1,33,,339712,15,0,10,2,70,,339719,15,0,10,2,32,,339702,15,0,10,1,70,,339713,15,0,10,2,31,,339720,15,0,10,2,60,,339727,15,0,10,1,17,,339703,15,0,10,1,15,,339726,15,0,10,2,15,,339691,15,0,10,1,53,,339722,15,0,10,1,13,,339721,15,0,10,2,12,,339725,15,0,10,2,12,,339728,15,0,10,1,55,,339704,15,0,10,1,16,,339724,15,0,10,1,16,,339692,15,0,10,1,17,,339723,15,0,10,1,60,,339729,15,0,10,1,24,,339705,15,0,10,1,68,,339693,15,0,10,1,31,,339730,15,0,10,1,70,,339706,15,0,10,1,30,,339694,15,0,10,1,70,,339731,15,0,10,1
20002,'H60S100F-80-F1',712,,339751,15,0,10,1,29,,339732,15,0,10,1,66,,339742,15,0,10,1,30,,339752,15,0,10,1,70,,339733,15,0,10,1,28,,339743,15,0,10,1,69,,339753,15,0,10,1,31,,339734,15,0,10,1,70,,339744,15,0,10,1,30,,339754,15,0,10,1,71,,339735,15,0,10,1,32,,339745,15,0,10,1,72,,339755,15,0,10,1,31,,339736,15,0,10,1,70,,339746,15,0,10,1,30,,339756,15,0,10,1,70,,339737,15,0,10,1,30,,339747,15,0,10,1,69,,339757,15,0,10,1,31,,339738,15,0,10,1,70,,339748,15,0,10,1,30,,339758,15,0,10,1,69,,339739,15,0,10,1,28,,339749,15,0,10,1,69,,339759,15,0,10,1,30,,339740,15,0,10,1,73,,339750,15,0,10,1,30,,339760,15,0,10,1,70,,339741,15,0,10,1
20002,'H60S200F-80-F2',712,,339780,15,0,10,1,29,,339761,15,0,10,1,66,,339771,15,0,10,1,30,,339781,15,0,10,1,70,,339762,15,0,10,1,28,,339772,15,0,10,1,69,,339782,15,0,10,1,31,,339763,15,0,10,1,70,,339773,15,0,10,1,30,,339783,15,0,10,1,71,,339764,15,0,10,1,32,,339774,15,0,10,1,72,,339784,15,0,10,1,31,,339765,15,0,10,1,70,,339775,15,0,10,1,30,,339785,15,0,10,1,70,,339766,15,0,10,1,30,,339776,15,0,10,1,69,,339786,15,0,10,1,31,,339767,15,0,10,1,70,,339777,15,0,10,1,30,,339787,15,0,10,1,69,,339768,15,0,10,1,28,,339778,15,0,10,1,69,,339788,15,0,10,1,30,,339769,15,0,10,1,73,,339779,15,0,10,1,30,,339789,15,0,10,1,70,,339770,15,0,10,1
20104,'H60S000A-80-A',843,,339922,19,0,9,2,70,,339911,19,0,9,1,30,,339923,19,0,9,2,70,,339912,19,0,9,1,29,,339924,19,0,9,2,70,,339913,19,0,9,1,30,,339925,19,0,9,2,70,,339914,19,0,9,1,30,,339926,19,0,9,2,70,,339915,19,0,9,1,30,,339927,19,0,9,2,71,,339916,19,0,9,1,31,,339928,19,0,9,2,70,,339917,19,0,9,1,30,,339929,19,0,9,2,70,,339918,19,0,9,1,30,,339930,19,0,9,2,70,,339919,19,0,9,1,29,,339931,19,0,9,2,70,,339920,19,0,9,1,30,,339932,19,0,9,2,70,,339921,19,0,9,1
20104,'H60S000I-81-I',842,,339944,19,0,9,2,70,,339933,19,0,9,1,30,,339945,19,0,9,2,71,,339934,19,0,9,1,29,,339946,19,0,9,2,70,,339935,19,0,9,1,30,,339947,19,0,9,2,70,,339936,19,0,9,1,30,,339948,19,0,9,2,70,,339937,19,0,9,1,30,,339949,19,0,9,2,71,,339938,19,0,9,1,31,,339950,19,0,9,2,70,,339939,19,0,9,1,30,,339951,19,0,9,2,70,,339940,19,0,9,1,30,,339952,19,0,9,2,70,,339941,19,0,9,1,29,,339953,19,0,9,2,70,,339942,19,0,9,1,30,,339954,19,0,9,2,70,,339943,19,0,9,1
20104,'H60S000S-83-S',612,,339973,19,0,9,1,29,,339957,19,0,9,1,67,,339974,19,0,9,1,34,,339958,19,0,9,1,73,,339975,19,0,9,1,32,,339959,19,0,9,1,71,,339976,19,0,9,1,31,,339960,19,0,9,1,71,,339977,19,0,9,1,31,,339961,19,0,9,1,71,,339978,19,0,9,1,31,,339962,19,0,9,1,70,,339979,19,0,9,1,31,,339963,19,0,9,1,71,,339980,19,0,9,1,31,,339964,19,0,9,1,69,,339981,19,0,9,1,27,,339965,19,0,9,1,67,,339982,19,0,9,1,27,,339966,19,0,9,1,71,,339983,19,0,9,1,25,,339967,19,0,9,1,70,,339984,19,0,9,1,32,,339968,19,0,9,1,71,,339985,19,0,9,1,30,,339969,19,0,9,1,70,,339986,19,0,9,1,29,,339970,19,0,9,1,69,,339987,19,0,9,1,30,,339971,19,0,9,1,68,,339988,19,0,9,1,32,,339972,19,0,9,1,105,,339955,19,0,9,1,98,,339956,19,0,9,1
20104,'H60S100F-80-F1',842,,340000,19,0,9,2,70,,339989,19,0,9,1,30,,340001,19,0,9,2,71,,339990,19,0,9,1,29,,340002,19,0,9,2,70,,339991,19,0,9,1,30,,340003,19,0,9,2,70,,339992,19,0,9,1,30,,340004,19,0,9,2,70,,339993,19,0,9,1,30,,340005,19,0,9,2,71,,339994,19,0,9,1,31,,340006,19,0,9,2,70,,339995,19,0,9,1,30,,340007,19,0,9,2,70,,339996,19,0,9,1,30,,340008,19,0,9,2,70,,339997,19,0,9,1,29,,340009,19,0,9,2,70,,339998,19,0,9,1,30,,340010,19,0,9,2,70,,339999,19,0,9,1
20104,'H60S200F-80-F2',842,,340022,19,0,9,2,70,,340011,19,0,9,1,30,,340023,19,0,9,2,71,,340012,19,0,9,1,29,,340024,19,0,9,2,70,,340013,19,0,9,1,30,,340025,19,0,9,2,70,,340014,19,0,9,1,30,,340026,19,0,9,2,70,,340015,19,0,9,1,30,,340027,19,0,9,2,71,,340016,19,0,9,1,31,,340028,19,0,9,2,70,,340017,19,0,9,1,30,,340029,19,0,9,2,70,,340018,19,0,9,1,30,,340030,19,0,9,2,70,,340019,19,0,9,1,29,,340031,19,0,9,2,70,,340020,19,0,9,1,30,,340032,19,0,9,2,70,,340021,19,0,9,1
38202,'H60S000A-80-A',2643,,347374,96,0,10,1,85,,347376,96,0,10,1,85,,347373,96,0,10,1,45,,347375,96,0,10,1
38202,'H60S000I-81-I',2644,,347379,96,0,10,1,84,,347378,96,0,10,1,84,,347377,96,0,10,1,45,,347380,96,0,10,1
38202,'H60S000S-83-S',2645,,347381,96,0,10,2,84,,347384,96,0,10,1,84,,347382,96,0,10,1,45,,347383,96,0,10,1
38202,'H60S100F-80-F1',2644,,347387,96,0,10,1,84,,347385,96,0,10,1,84,,347386,96,0,10,2,45,,347388,96,0,10,1
38202,'H60S200F-80-F2',2644,,347391,96,0,10,1,84,,347389,96,0,10,1,84,,347390,96,0,10,2,45,,347392,96,0,10,1
