9001,'H56S000A-80-A',524,,311347,21,0,5,1,30,,311400,21,0,5,1,70,,311353,21,0,5,1,29,,311402,21,0,5,1,65,,311348,21,0,5,1,21,,311401,21,0,5,1,20,,311354,21,0,5,1,61,,311374,21,0,5,1,19,,311403,21,0,5,1,19,,311395,21,0,5,1,59,,311349,21,0,5,1,19,,311352,21,0,5,1,16,,311381,21,0,5,1,58,,311375,21,0,5,1,17,,311362,21,0,5,1,16,,311366,21,0,5,1,15,,311404,21,0,5,1,55,,311358,21,0,5,1,16,,311386,21,0,5,2,17,,311382,21,0,5,1,55,,311363,21,0,5,1,14,,311376,21,0,5,1,13,,311390,21,0,5,1,13,,311367,21,0,5,1,13,,311387,21,0,5,2,54,,311405,21,0,5,1,16,,311359,21,0,5,1,15,,311377,21,0,5,1,14,,311383,21,0,5,1,54,,311364,21,0,5,1,14,,311388,21,0,5,2,14,,311391,21,0,5,1,14,,311368,21,0,5,1,57,,311406,21,0,5,1,16,,311360,21,0,5,1,14,,311378,21,0,5,1,13,,311384,21,0,5,1,54,,311365,21,0,5,1,14,,311398,21,0,5,1,14,,311389,21,0,5,2,16,,311392,21,0,5,1,58,,311369,21,0,5,1,18,,311361,21,0,5,1,19,,311379,21,0,5,1,58,,311385,21,0,5,1,18,,311399,21,0,5,1,24,,311393,21,0,5,1,66,,311370,21,0,5,1,29,,311380,21,0,5,1,69,,311355,21,0,5,1,29,,311394,21,0,5,1,68,,311371,21,0,5,1,28,,311397,21,0,5,2,70,,311356,21,0,5,1,30,,311396,21,0,5,1,70,,311372,21,0,5,1,32,,311350,21,0,5,1,72,,311357,21,0,5,1,33,,311373,21,0,5,1,72,,311351,21,0,5,1
9001,'H56S000I-80-I',608,,311425,21,0,5,1,29,,311451,21,0,5,1,69,,311413,21,0,5,1,28,,311444,21,0,5,1,70,,311417,21,0,5,1,28,,311426,21,0,5,1,20,,311452,21,0,5,1,58,,311414,21,0,5,1,19,,311454,21,0,5,1,20,,311418,21,0,5,1,62,,311427,21,0,5,1,17,,311422,21,0,5,2,16,,311453,21,0,5,1,56,,311437,21,0,5,1,17,,311455,21,0,5,1,15,,311428,21,0,5,1,18,,311419,21,0,5,1,59,,311411,21,0,5,1,20,,311423,21,0,5,2,20,,311438,21,0,5,1,57,,311445,21,0,5,2,16,,311429,21,0,5,1,16,,311412,21,0,5,1,16,,311420,21,0,5,1,57,,311440,21,0,5,1,18,,311424,21,0,5,2,18,,311435,21,0,5,1,56,,311439,21,0,5,1,16,,311446,21,0,5,2,22,,311430,21,0,5,1,64,,311421,21,0,5,1,23,,311441,21,0,5,1,24,,311436,21,0,5,1,63,,311447,21,0,5,2,24,,311431,21,0,5,1,65,,311415,21,0,5,1,28,,311442,21,0,5,1,68,,311408,21,0,5,1,28,,311432,21,0,5,1,28,,311416,21,0,5,1,68,,311443,21,0,5,1,28,,311409,21,0,5,1,68,,311433,21,0,5,1,27,,311448,21,0,5,1,68,,311456,21,0,5,1,28,,311410,21,0,5,1,68,,311434,21,0,5,1,28,,311449,21,0,5,1,70,,311457,21,0,5,1,31,,311407,21,0,5,1,71,,311450,21,0,5,1
9001,'H56S000S-82-S',506,,311530,21,0,5,1,20,,311526,21,0,5,1,19,,311470,21,0,5,1,58,,311480,21,0,5,1,18,,311486,21,0,5,1,18,,311488,21,0,5,1,11,,311531,21,0,5,1,6,,311490,21,0,5,2,45,,311492,21,0,5,1,6,,311503,1,0,5,2,7,,311495,21,0,5,1,6,,311527,21,0,5,1,6,,311511,1,0,5,2,5,,311460,21,0,5,1,6,,311506,21,0,5,1,6,,311513,1,0,5,2,5,,311512,21,0,5,1,5,,311471,21,0,5,1,6,,311494,1,0,5,2,46,,311481,21,0,5,1,7,,311528,21,0,5,1,7,,311504,1,0,5,2,5,,311487,21,0,5,1,6,,311507,1,0,5,1,6,,311505,21,0,5,2,9,,311489,21,0,5,1,8,,311532,21,0,5,1,50,,311491,21,0,5,2,11,,311493,21,0,5,1,11,,311496,21,0,5,1,11,,311461,21,0,5,1,12,,311465,21,0,5,1,52,,311472,21,0,5,1,13,,311499,21,0,5,1,15,,311508,21,0,5,1,16,,311482,21,0,5,1,15,,311533,21,0,5,1,55,,311466,21,0,5,1,15,,311497,21,0,5,1,15,,311500,21,0,5,1,56,,311473,21,0,5,1,17,,311458,21,0,5,1,18,,311509,21,0,5,1,18,,311483,21,0,5,1,57,,311514,21,0,5,1,17,,311467,21,0,5,1,16,,311498,21,0,5,1,16,,311501,21,0,5,1,55,,311529,21,0,5,2,14,,311474,21,0,5,1,15,,311510,21,0,5,1,15,,311484,21,0,5,1,55,,311459,21,0,5,1,16,,311515,21,0,5,1,16,,311468,21,0,5,1,57,,311516,21,0,5,1,19,,311502,21,0,5,1,23,,311475,21,0,5,1,63,,311485,21,0,5,1,23,,311521,21,0,5,2,25,,311469,21,0,5,1,68,,311525,21,0,5,1,28,,311476,21,0,5,1,66,,311517,21,0,5,1,28,,311522,21,0,5,1,70,,311462,21,0,5,1,29,,311477,21,0,5,1,70,,311518,21,0,5,1,29,,311523,21,0,5,1,69,,311463,21,0,5,1,29,,311478,21,0,5,1,69,,311519,21,0,5,1,28,,311524,21,0,5,1,70,,311464,21,0,5,1,32,,311479,21,0,5,1,72,,311520,21,0,5,1
9001,'H56S100F-80-F1',608,,311552,21,0,5,1,29,,311578,21,0,5,1,69,,311540,21,0,5,1,28,,311571,21,0,5,1,70,,311544,21,0,5,1,28,,311553,21,0,5,1,20,,311579,21,0,5,1,58,,311541,21,0,5,1,19,,311581,21,0,5,1,20,,311545,21,0,5,1,62,,311554,21,0,5,1,17,,311549,21,0,5,2,16,,311580,21,0,5,1,56,,311564,21,0,5,1,17,,311582,21,0,5,1,15,,311555,21,0,5,1,18,,311546,21,0,5,1,59,,311538,21,0,5,1,20,,311550,21,0,5,2,20,,311565,21,0,5,1,57,,311572,21,0,5,2,16,,311556,21,0,5,1,16,,311539,21,0,5,1,16,,311547,21,0,5,1,57,,311567,21,0,5,1,18,,311551,21,0,5,2,18,,311562,21,0,5,1,56,,311566,21,0,5,1,16,,311573,21,0,5,2,22,,311557,21,0,5,1,64,,311548,21,0,5,1,23,,311568,21,0,5,1,24,,311563,21,0,5,1,63,,311574,21,0,5,2,24,,311558,21,0,5,1,65,,311542,21,0,5,1,28,,311569,21,0,5,1,68,,311535,21,0,5,1,28,,311559,21,0,5,1,28,,311543,21,0,5,1,68,,311570,21,0,5,1,28,,311536,21,0,5,1,68,,311560,21,0,5,1,27,,311575,21,0,5,1,68,,311583,21,0,5,1,28,,311537,21,0,5,1,68,,311561,21,0,5,1,28,,311576,21,0,5,1,70,,311584,21,0,5,1,31,,311534,21,0,5,1,71,,311577,21,0,5,1
9001,'H56S200F-80-F2',608,,311603,21,0,5,1,29,,311629,21,0,5,1,69,,311591,21,0,5,1,28,,311622,21,0,5,1,70,,311595,21,0,5,1,28,,311604,21,0,5,1,20,,311630,21,0,5,1,58,,311592,21,0,5,1,19,,311632,21,0,5,1,20,,311596,21,0,5,1,62,,311605,21,0,5,1,17,,311600,21,0,5,2,16,,311631,21,0,5,1,56,,311615,21,0,5,1,17,,311633,21,0,5,1,15,,311606,21,0,5,1,18,,311597,21,0,5,1,59,,311589,21,0,5,1,20,,311601,21,0,5,2,20,,311616,21,0,5,1,57,,311623,21,0,5,2,16,,311607,21,0,5,1,16,,311590,21,0,5,1,16,,311598,21,0,5,1,57,,311618,21,0,5,1,18,,311602,21,0,5,2,18,,311613,21,0,5,1,56,,311617,21,0,5,1,16,,311624,21,0,5,2,22,,311608,21,0,5,1,64,,311599,21,0,5,1,23,,311619,21,0,5,1,24,,311614,21,0,5,1,63,,311625,21,0,5,2,24,,311609,21,0,5,1,65,,311593,21,0,5,1,28,,311620,21,0,5,1,68,,311586,21,0,5,1,28,,311610,21,0,5,1,28,,311594,21,0,5,1,68,,311621,21,0,5,1,28,,311587,21,0,5,1,68,,311611,21,0,5,1,27,,311626,21,0,5,1,68,,311634,21,0,5,1,28,,311588,21,0,5,1,68,,311612,21,0,5,1,28,,311627,21,0,5,1,70,,311635,21,0,5,1,31,,311585,21,0,5,1,71,,311628,21,0,5,1
11403,'H56S000A-80-A',619,,320157,39,0,8,1,29,,320150,39,0,8,1,69,,320164,39,0,8,1,29,,320158,39,0,8,1,69,,320151,39,0,8,1,29,,320165,39,0,8,1,74,,320159,39,0,8,1,30,,320152,39,0,8,1,70,,320166,39,0,8,1,31,,320160,39,0,8,1,71,,320171,39,0,8,2,32,,320167,39,0,8,1,74,,320161,39,0,8,1,33,,320172,39,0,8,2,72,,320168,39,0,8,1,72,,320162,39,0,8,1,33,,320173,39,0,8,2,73,,320169,39,0,8,1,33,,320163,39,0,8,1,72,,320174,39,0,8,2,33,,320170,39,0,8,1,69,,320149,39,0,8,2,29,,320177,39,0,8,1,70,,320175,39,0,8,2,31,,320155,39,0,8,1,72,,320178,39,0,8,1,29,,320176,39,0,8,2,69,,320156,39,0,8,1,30,,320179,39,0,8,1,70,,320153,39,0,8,1,30,,320184,39,0,8,1,70,,320180,39,0,8,1,28,,320154,39,0,8,1,70,,320185,39,0,8,1,31,,320181,39,0,8,1,71,,320188,39,0,8,1,30,,320186,39,0,8,1,70,,320182,39,0,8,1,30,,320189,39,0,8,1,71,,320187,39,0,8,1,31,,320183,39,0,8,1
11403,'H56S000I-80-I',618,,320222,39,0,8,2,30,,320208,39,0,8,2,69,,320215,39,0,8,1,30,,320223,39,0,8,2,71,,320209,39,0,8,2,30,,320216,39,0,8,1,70,,320224,39,0,8,2,30,,320210,39,0,8,2,70,,320217,39,0,8,1,31,,320225,39,0,8,2,73,,320211,39,0,8,2,32,,320218,39,0,8,1,71,,320226,39,0,8,2,75,,320212,39,0,8,2,32,,320219,39,0,8,1,72,,320201,39,0,8,1,33,,320213,39,0,8,2,73,,320220,39,0,8,1,32,,320202,39,0,8,1,73,,320214,39,0,8,2,33,,320221,39,0,8,1,72,,320203,39,0,8,1,28,,320190,39,0,8,1,69,,320204,39,0,8,2,31,,320196,39,0,8,1,72,,320191,39,0,8,1,30,,320205,39,0,8,2,69,,320197,39,0,8,1,28,,320192,39,0,8,1,70,,320206,39,0,8,2,30,,320198,39,0,8,1,70,,320193,39,0,8,1,30,,320207,39,0,8,2,69,,320199,39,0,8,1,29,,320194,39,0,8,1,70,,320227,39,0,8,2,30,,320200,39,0,8,1,70,,320195,39,0,8,1,30,,320228,39,0,8,2,70,,320229,39,0,8,2
11403,'H56S000S-82-S',543,,320264,39,0,8,1,73,,320237,39,0,8,1,39,,320235,39,0,8,1,72,,320265,39,0,8,1,32,,320238,39,0,8,1,71,,320230,39,0,8,1,71,,320256,39,0,8,1,28,,320266,39,0,8,1,30,,320239,39,0,8,1,72,,320231,39,0,8,1,72,,320257,39,0,8,1,32,,320267,39,0,8,1,72,,320240,39,0,8,1,33,,320248,39,0,8,1,72,,320270,39,0,8,1,32,,320232,39,0,8,1,74,,320258,39,0,8,1,32,,320268,39,0,8,1,72,,320241,39,0,8,1,34,,320249,39,0,8,1,74,,320259,39,0,8,1,70,,320236,39,0,8,2,30,,320242,39,0,8,1,28,,320250,39,0,8,1,70,,320260,39,0,8,1,24,,320269,39,0,8,2,65,,320243,39,0,8,1,30,,320251,39,0,8,1,71,,320261,39,0,8,1,31,,320244,39,0,8,1,70,,320252,39,0,8,1,31,,320262,39,0,8,1,71,,320245,39,0,8,1,31,,320253,39,0,8,1,70,,320263,39,0,8,1,31,,320246,39,0,8,1,71,,320254,39,0,8,1,31,,320233,39,0,8,1,71,,320247,39,0,8,1,29,,320255,39,0,8,1,70,,320234,39,0,8,1
11403,'H56S100F-80-F1',618,,320303,39,0,8,2,30,,320289,39,0,8,2,69,,320296,39,0,8,1,30,,320304,39,0,8,2,71,,320290,39,0,8,2,30,,320297,39,0,8,1,70,,320305,39,0,8,2,30,,320291,39,0,8,2,70,,320298,39,0,8,1,31,,320306,39,0,8,2,73,,320292,39,0,8,2,32,,320299,39,0,8,1,71,,320307,39,0,8,2,75,,320293,39,0,8,2,32,,320300,39,0,8,1,72,,320282,39,0,8,1,33,,320294,39,0,8,2,73,,320301,39,0,8,1,32,,320283,39,0,8,1,73,,320295,39,0,8,2,33,,320302,39,0,8,1,72,,320284,39,0,8,1,28,,320271,39,0,8,1,69,,320285,39,0,8,2,31,,320277,39,0,8,1,72,,320272,39,0,8,1,30,,320286,39,0,8,2,69,,320278,39,0,8,1,28,,320273,39,0,8,1,70,,320287,39,0,8,2,30,,320279,39,0,8,1,70,,320274,39,0,8,1,30,,320288,39,0,8,2,69,,320280,39,0,8,1,29,,320275,39,0,8,1,70,,320308,39,0,8,2,30,,320281,39,0,8,1,70,,320276,39,0,8,1,30,,320309,39,0,8,2,70,,320310,39,0,8,2
11403,'H56S200F-80-F2',618,,320343,39,0,8,2,30,,320329,39,0,8,2,69,,320336,39,0,8,1,30,,320344,39,0,8,2,71,,320330,39,0,8,2,30,,320337,39,0,8,1,70,,320345,39,0,8,2,30,,320331,39,0,8,2,70,,320338,39,0,8,1,31,,320346,39,0,8,2,73,,320332,39,0,8,2,32,,320339,39,0,8,1,71,,320347,39,0,8,2,75,,320333,39,0,8,2,32,,320340,39,0,8,1,72,,320322,39,0,8,1,33,,320334,39,0,8,2,73,,320341,39,0,8,1,32,,320323,39,0,8,1,73,,320335,39,0,8,2,33,,320342,39,0,8,1,72,,320324,39,0,8,1,28,,320311,39,0,8,1,69,,320325,39,0,8,2,31,,320317,39,0,8,1,72,,320312,39,0,8,1,30,,320326,39,0,8,2,69,,320318,39,0,8,1,28,,320313,39,0,8,1,70,,320327,39,0,8,2,30,,320319,39,0,8,1,70,,320314,39,0,8,1,30,,320328,39,0,8,2,69,,320320,39,0,8,1,29,,320315,39,0,8,1,70,,320348,39,0,8,2,30,,320321,39,0,8,1,70,,320316,39,0,8,1,30,,320349,39,0,8,2,70,,320350,39,0,8,2
