11002,'H56S000A-80-A',611,,318996,35,0,10,1,31,,319001,35,0,10,1,71,,319005,35,0,10,1,29,,319032,35,0,10,1,70,,318997,35,0,10,1,30,,319002,35,0,10,1,75,,319006,35,0,10,1,32,,319033,35,0,10,1,71,,318998,35,0,10,1,31,,319003,35,0,10,1,71,,318995,35,0,10,1,30,,319004,35,0,10,1,73,,319011,35,0,10,1,32,,319018,35,0,10,1,75,,319026,35,0,10,1,73,,319023,35,0,10,1,33,,319007,35,0,10,1,69,,319012,35,0,10,1,29,,319019,35,0,10,1,70,,319027,35,0,10,1,29,,319024,35,0,10,1,68,,319008,35,0,10,1,25,,319013,35,0,10,1,29,,319020,35,0,10,1,67,,319028,35,0,10,1,26,,319025,35,0,10,1,70,,319009,35,0,10,1,33,,319014,35,0,10,1,70,,319021,35,0,10,1,33,,319029,35,0,10,1,72,,319010,35,0,10,1,28,,319015,35,0,10,1,71,,319022,35,0,10,1,28,,318994,35,0,10,1,67,,319034,35,0,10,1,26,,319016,35,0,10,1,67,,319030,35,0,10,1,28,,318999,35,0,10,1,69,,319035,35,0,10,1,27,,319017,35,0,10,1,66,,319031,35,0,10,1,28,,319000,35,0,10,1
11002,'H56S000I-80-I',641,,319040,35,0,10,1,69,,319071,35,0,10,1,32,,319073,35,0,10,1,70,,319047,35,0,10,1,30,,319041,35,0,10,1,72,,319072,35,0,10,1,35,,319074,35,0,10,1,71,,319048,35,0,10,1,31,,319042,35,0,10,1,71,,319046,35,0,10,1,30,,319075,35,0,10,1,71,,319045,35,0,10,1,31,,319068,35,0,10,1,75,,319065,35,0,10,1,73,,319049,35,0,10,1,32,,319055,35,0,10,1,72,,319063,35,0,10,1,29,,319069,35,0,10,1,68,,319066,35,0,10,1,29,,319050,35,0,10,1,69,,319056,35,0,10,1,28,,319064,35,0,10,1,28,,319070,35,0,10,1,68,,319067,35,0,10,1,31,,319051,35,0,10,1,69,,319057,35,0,10,1,31,,319043,35,0,10,1,70,,319036,35,0,10,1,32,,319052,35,0,10,1,70,,319058,35,0,10,1,29,,319044,35,0,10,1,69,,319037,35,0,10,1,29,,319053,35,0,10,1,68,,319059,35,0,10,1,27,,319061,35,0,10,1,67,,319038,35,0,10,1,28,,319054,35,0,10,1,68,,319060,35,0,10,1,27,,319062,35,0,10,1,66,,319039,35,0,10,1
11002,'H56S000S-82-S',553,,319076,35,0,10,1,71,,319085,35,0,10,1,76,,319112,35,0,10,1,19,,319094,35,0,10,1,30,,319102,35,0,10,1,71,,319077,35,0,10,1,29,,319086,35,0,10,1,73,,319106,35,0,10,1,31,,319095,35,0,10,1,69,,319103,35,0,10,1,34,,319078,35,0,10,1,71,,319087,35,0,10,1,31,,319107,35,0,10,1,73,,319096,35,0,10,1,69,,319104,35,0,10,1,29,,319079,35,0,10,1,29,,319088,35,0,10,1,70,,319100,35,0,10,1,76,,319097,35,0,10,1,30,,319105,35,0,10,1,72,,319080,35,0,10,1,31,,319089,35,0,10,1,66,,319101,35,0,10,1,24,,319110,35,0,10,1,25,,319098,35,0,10,1,54,,319111,35,0,10,1,14,,319108,35,0,10,1,28,,319081,35,0,10,1,69,,319090,35,0,10,1,29,,319113,35,0,10,1,67,,319099,35,0,10,1,27,,319109,35,0,10,1,67,,319082,35,0,10,1,27,,319091,35,0,10,1,68,,319114,35,0,10,1,31,,319117,35,0,10,1,72,,319083,35,0,10,1,33,,319092,35,0,10,1,71,,319115,35,0,10,1,30,,319118,35,0,10,1,68,,319084,35,0,10,1,27,,319093,35,0,10,1,25,,319116,35,0,10,1
11002,'H56S100F-80-F1',641,,319123,35,0,10,1,69,,319154,35,0,10,1,32,,319156,35,0,10,1,70,,319130,35,0,10,1,30,,319124,35,0,10,1,72,,319155,35,0,10,1,35,,319157,35,0,10,1,71,,319131,35,0,10,1,31,,319125,35,0,10,1,71,,319129,35,0,10,1,30,,319158,35,0,10,1,71,,319128,35,0,10,1,31,,319151,35,0,10,1,75,,319148,35,0,10,1,73,,319132,35,0,10,1,32,,319138,35,0,10,1,72,,319146,35,0,10,1,29,,319152,35,0,10,1,68,,319149,35,0,10,1,29,,319133,35,0,10,1,69,,319139,35,0,10,1,28,,319147,35,0,10,1,28,,319153,35,0,10,1,68,,319150,35,0,10,1,31,,319134,35,0,10,1,69,,319140,35,0,10,1,31,,319126,35,0,10,1,70,,319119,35,0,10,1,32,,319135,35,0,10,1,70,,319141,35,0,10,1,29,,319127,35,0,10,1,69,,319120,35,0,10,1,29,,319136,35,0,10,1,68,,319142,35,0,10,1,27,,319144,35,0,10,1,67,,319121,35,0,10,1,28,,319137,35,0,10,1,68,,319143,35,0,10,1,27,,319145,35,0,10,1,66,,319122,35,0,10,1
11002,'H56S200F-80-F2',641,,319163,35,0,10,1,69,,319194,35,0,10,1,32,,319196,35,0,10,1,70,,319170,35,0,10,1,30,,319164,35,0,10,1,72,,319195,35,0,10,1,35,,319197,35,0,10,1,71,,319171,35,0,10,1,31,,319165,35,0,10,1,71,,319169,35,0,10,1,30,,319198,35,0,10,1,71,,319168,35,0,10,1,31,,319191,35,0,10,1,75,,319188,35,0,10,1,73,,319172,35,0,10,1,32,,319178,35,0,10,1,72,,319186,35,0,10,1,29,,319192,35,0,10,1,68,,319189,35,0,10,1,29,,319173,35,0,10,1,69,,319179,35,0,10,1,28,,319187,35,0,10,1,28,,319193,35,0,10,1,68,,319190,35,0,10,1,31,,319174,35,0,10,1,69,,319180,35,0,10,1,31,,319166,35,0,10,1,70,,319159,35,0,10,1,32,,319175,35,0,10,1,70,,319181,35,0,10,1,29,,319167,35,0,10,1,69,,319160,35,0,10,1,29,,319176,35,0,10,1,68,,319182,35,0,10,1,27,,319184,35,0,10,1,67,,319161,35,0,10,1,28,,319177,35,0,10,1,68,,319183,35,0,10,1,27,,319185,35,0,10,1,66,,319162,35,0,10,1
35002,'H56S000A-80-A',2627,,345988,104,0,10,1,81,,345997,104,0,10,1,27,,346000,104,0,10,1,17,,346002,104,0,10,2,51,,345995,104,0,10,1,10,,345994,104,0,10,2,10,,345992,104,0,10,1,10,,345993,104,0,10,1,10,,345989,104,0,10,1,10,,345990,104,0,10,2,51,,345999,104,0,10,2,10,,345996,104,0,10,1,10,,345998,104,0,10,1,10,,345991,104,0,10,1,14,,346001,104,0,10,1
35002,'H56S000I-80-I',2617,,346008,104,0,10,1,28,,346003,104,0,10,1,66,,346005,104,0,10,1,27,,346010,104,0,10,2,67,,346007,104,0,10,1,26,,346009,104,0,10,1,26,,346004,104,0,10,2,66,,346006,104,0,10,1
35002,'H56S000S-82-S',2621,,346012,104,0,10,1,85,,346016,104,0,10,2,94,,346015,104,0,10,1,44,,346013,104,0,10,1,69,,346014,104,0,10,1,15,,346011,104,0,10,1
35002,'H56S100F-80-F1',2617,,346022,104,0,10,1,28,,346017,104,0,10,1,66,,346019,104,0,10,1,27,,346024,104,0,10,2,67,,346021,104,0,10,1,26,,346023,104,0,10,1,26,,346018,104,0,10,2,66,,346020,104,0,10,1
35002,'H56S200F-80-F2',2617,,346030,104,0,10,1,28,,346025,104,0,10,1,66,,346027,104,0,10,1,27,,346032,104,0,10,2,67,,346029,104,0,10,1,26,,346031,104,0,10,1,26,,346026,104,0,10,2,66,,346028,104,0,10,1
