11001,'H56S000A-80-A',504,,318786,23,0,5,1,30,,318791,23,0,5,1,70,,318796,23,0,5,1,28,,318823,23,0,5,1,69,,318787,23,0,5,1,29,,318792,23,0,5,1,71,,318797,23,0,5,1,31,,318824,23,0,5,1,71,,318788,23,0,5,1,32,,318793,23,0,5,1,73,,318798,23,0,5,1,34,,318825,23,0,5,1,71,,318789,23,0,5,1,32,,318794,23,0,5,1,72,,318785,23,0,5,1,32,,318795,23,0,5,1,66,,318799,23,0,5,1,26,,318804,23,0,5,1,66,,318810,23,0,5,1,29,,318818,23,0,5,1,70,,318815,23,0,5,1,30,,318800,23,0,5,1,70,,318805,23,0,5,1,29,,318811,23,0,5,1,69,,318819,23,0,5,1,29,,318816,23,0,5,1,26,,318801,23,0,5,1,66,,318806,23,0,5,1,27,,318812,23,0,5,1,67,,318820,23,0,5,1,27,,318817,23,0,5,1,70,,318802,23,0,5,1,28,,318807,23,0,5,1,71,,318813,23,0,5,1,32,,318821,23,0,5,1,69,,318803,23,0,5,1,27,,318808,23,0,5,1,70,,318814,23,0,5,1,28,,318784,23,0,5,1,67,,318826,23,0,5,1,25,,318809,23,0,5,1,68,,318822,23,0,5,1,28,,318790,23,0,5,1
11001,'H56S000I-80-I',534,,318830,23,0,5,1,69,,318861,23,0,5,1,29,,318864,23,0,5,1,70,,318837,23,0,5,1,30,,318831,23,0,5,1,69,,318862,23,0,5,1,34,,318865,23,0,5,1,69,,318838,23,0,5,1,32,,318832,23,0,5,1,75,,318863,23,0,5,1,32,,318866,23,0,5,1,72,,318839,23,0,5,1,30,,318833,23,0,5,1,71,,318836,23,0,5,1,31,,318867,23,0,5,1,71,,318835,23,0,5,1,26,,318852,23,0,5,1,65,,318858,23,0,5,1,26,,318855,23,0,5,1,67,,318840,23,0,5,1,31,,318845,23,0,5,1,70,,318853,23,0,5,1,28,,318859,23,0,5,1,27,,318856,23,0,5,1,68,,318841,23,0,5,1,29,,318846,23,0,5,1,68,,318854,23,0,5,1,26,,318860,23,0,5,1,68,,318857,23,0,5,1,29,,318842,23,0,5,1,69,,318847,23,0,5,1,29,,318834,23,0,5,1,70,,318827,23,0,5,1,30,,318843,23,0,5,1,70,,318848,23,0,5,1,28,,318850,23,0,5,1,69,,318828,23,0,5,1,29,,318844,23,0,5,1,68,,318849,23,0,5,1,26,,318851,23,0,5,1,67,,318829,23,0,5,1
11001,'H56S000S-82-S',441,,318868,23,0,5,1,75,,318877,23,0,5,1,27,,318905,23,0,5,1,71,,318894,23,0,5,1,31,,318869,23,0,5,1,62,,318906,23,0,5,1,18,,318878,23,0,5,1,19,,318886,23,0,5,1,15,,318900,23,0,5,1,66,,318887,23,0,5,1,31,,318895,23,0,5,1,69,,318870,23,0,5,1,30,,318879,23,0,5,1,72,,318901,23,0,5,1,32,,318888,23,0,5,1,73,,318896,23,0,5,1,73,,318871,23,0,5,1,32,,318880,23,0,5,1,74,,318902,23,0,5,1,28,,318889,23,0,5,1,68,,318897,23,0,5,1,28,,318872,23,0,5,1,67,,318881,23,0,5,1,23,,318893,23,0,5,1,20,,318899,23,0,5,1,72,,318890,23,0,5,1,31,,318898,23,0,5,1,72,,318873,23,0,5,1,31,,318882,23,0,5,1,70,,318907,23,0,5,1,29,,318891,23,0,5,1,69,,318903,23,0,5,1,27,,318874,23,0,5,1,68,,318883,23,0,5,1,27,,318908,23,0,5,1,66,,318892,23,0,5,1,27,,318904,23,0,5,1,25,,318875,23,0,5,1,68,,318884,23,0,5,1,29,,318909,23,0,5,1,70,,318911,23,0,5,1,32,,318876,23,0,5,1,72,,318885,23,0,5,1,24,,318910,23,0,5,1
11001,'H56S100F-80-F1',534,,318915,23,0,5,1,69,,318946,23,0,5,1,29,,318949,23,0,5,1,70,,318922,23,0,5,1,30,,318916,23,0,5,1,69,,318947,23,0,5,1,34,,318950,23,0,5,1,69,,318923,23,0,5,1,32,,318917,23,0,5,1,75,,318948,23,0,5,1,32,,318951,23,0,5,1,72,,318924,23,0,5,1,30,,318918,23,0,5,1,71,,318921,23,0,5,1,31,,318952,23,0,5,1,71,,318920,23,0,5,1,26,,318937,23,0,5,1,65,,318943,23,0,5,1,26,,318940,23,0,5,1,67,,318925,23,0,5,1,31,,318930,23,0,5,1,70,,318938,23,0,5,1,28,,318944,23,0,5,1,27,,318941,23,0,5,1,68,,318926,23,0,5,1,29,,318931,23,0,5,1,68,,318939,23,0,5,1,26,,318945,23,0,5,1,68,,318942,23,0,5,1,29,,318927,23,0,5,1,69,,318932,23,0,5,1,29,,318919,23,0,5,1,70,,318912,23,0,5,1,30,,318928,23,0,5,1,70,,318933,23,0,5,1,28,,318935,23,0,5,1,69,,318913,23,0,5,1,29,,318929,23,0,5,1,68,,318934,23,0,5,1,26,,318936,23,0,5,1,67,,318914,23,0,5,1
11001,'H56S200F-80-F2',534,,318956,23,0,5,1,69,,318987,23,0,5,1,29,,318990,23,0,5,1,70,,318963,23,0,5,1,30,,318957,23,0,5,1,69,,318988,23,0,5,1,34,,318991,23,0,5,1,69,,318964,23,0,5,1,32,,318958,23,0,5,1,75,,318989,23,0,5,1,32,,318992,23,0,5,1,72,,318965,23,0,5,1,30,,318959,23,0,5,1,71,,318962,23,0,5,1,31,,318993,23,0,5,1,71,,318961,23,0,5,1,26,,318978,23,0,5,1,65,,318984,23,0,5,1,26,,318981,23,0,5,1,67,,318966,23,0,5,1,31,,318971,23,0,5,1,70,,318979,23,0,5,1,28,,318985,23,0,5,1,27,,318982,23,0,5,1,68,,318967,23,0,5,1,29,,318972,23,0,5,1,68,,318980,23,0,5,1,26,,318986,23,0,5,1,68,,318983,23,0,5,1,29,,318968,23,0,5,1,69,,318973,23,0,5,1,29,,318960,23,0,5,1,70,,318953,23,0,5,1,30,,318969,23,0,5,1,70,,318974,23,0,5,1,28,,318976,23,0,5,1,69,,318954,23,0,5,1,29,,318970,23,0,5,1,68,,318975,23,0,5,1,26,,318977,23,0,5,1,67,,318955,23,0,5,1
19501,'H56S000A-80-A',510,,337868,40,0,5,2,30,,337866,40,0,5,1,70,,337879,40,0,5,2,30,,337884,40,0,5,1,70,,337869,40,0,5,2,29,,337867,40,0,5,1,72,,337880,40,0,5,2,33,,337885,40,0,5,1,70,,337870,40,0,5,2,30,,337898,40,0,5,1,71,,337881,40,0,5,2,32,,337886,40,0,5,1,71,,337871,40,0,5,2,30,,337899,40,0,5,1,70,,337882,40,0,5,2,31,,337887,40,0,5,1,71,,337872,40,0,5,2,30,,337900,40,0,5,1,70,,337883,40,0,5,2,32,,337888,40,0,5,1,72,,337873,40,0,5,2,32,,337901,40,0,5,1,72,,337894,40,0,5,2,29,,337889,40,0,5,1,70,,337874,40,0,5,2,29,,337902,40,0,5,1,70,,337895,40,0,5,2,27,,337890,40,0,5,1,69,,337875,40,0,5,2,29,,337903,40,0,5,1,69,,337896,40,0,5,2,29,,337891,40,0,5,1,69,,337876,40,0,5,2,29,,337904,40,0,5,1,69,,337897,40,0,5,2,29,,337892,40,0,5,1,70,,337877,40,0,5,2,30,,337905,40,0,5,1,69,,337907,40,0,5,2,29,,337893,40,0,5,1,69,,337878,40,0,5,2,28,,337906,40,0,5,1
19501,'H56S000I-80-I',511,,337908,40,0,5,2,30,,337911,40,0,5,1,70,,337921,40,0,5,2,30,,337929,40,0,5,1,70,,337909,40,0,5,2,30,,337912,40,0,5,1,70,,337922,40,0,5,2,29,,337930,40,0,5,1,69,,337910,40,0,5,2,32,,337913,40,0,5,1,69,,337923,40,0,5,2,32,,337931,40,0,5,1,72,,337939,40,0,5,2,32,,337914,40,0,5,1,71,,337924,40,0,5,2,31,,337932,40,0,5,1,70,,337940,40,0,5,2,30,,337915,40,0,5,1,70,,337925,40,0,5,2,30,,337935,40,0,5,1,71,,337941,40,0,5,2,31,,337916,40,0,5,1,70,,337926,40,0,5,2,30,,337936,40,0,5,1,70,,337942,40,0,5,2,31,,337917,40,0,5,1,70,,337927,40,0,5,2,30,,337937,40,0,5,1,67,,337943,40,0,5,2,28,,337918,40,0,5,1,68,,337928,40,0,5,2,30,,337938,40,0,5,1,71,,337944,40,0,5,2,31,,337919,40,0,5,1,70,,337933,40,0,5,1,29,,337947,40,0,5,1,70,,337945,40,0,5,2,30,,337920,40,0,5,1,69,,337934,40,0,5,1,30,,337948,40,0,5,1,70,,337946,40,0,5,2
19501,'H56S000S-82-S',500,,337964,40,0,5,2,32,,337949,40,0,5,1,74,,337953,40,0,5,2,32,,337966,40,0,5,1,74,,337965,40,0,5,2,36,,337955,40,0,5,1,70,,337954,40,0,5,2,24,,337967,40,0,5,1,70,,337974,40,0,5,1,30,,337978,40,0,5,2,71,,337956,40,0,5,1,31,,337968,40,0,5,1,71,,337975,40,0,5,1,30,,337979,40,0,5,2,71,,337957,40,0,5,1,30,,337969,40,0,5,1,71,,337976,40,0,5,1,31,,337980,40,0,5,2,71,,337958,40,0,5,1,33,,337970,40,0,5,1,74,,337977,40,0,5,1,31,,337981,40,0,5,2,70,,337959,40,0,5,1,73,,337985,40,0,5,2,27,,337951,40,0,5,2,28,,337950,40,0,5,1,70,,337982,40,0,5,2,29,,337960,40,0,5,1,70,,337986,40,0,5,2,29,,337971,40,0,5,1,69,,337983,40,0,5,2,27,,337961,40,0,5,1,69,,337987,40,0,5,2,28,,337972,40,0,5,1,70,,337984,40,0,5,2,29,,337962,40,0,5,1,67,,337988,40,0,5,2,28,,337973,40,0,5,1,68,,337989,40,0,5,2,33,,337963,40,0,5,1,74,,337952,40,0,5,1
19501,'H56S100F-80-F1',511,,337990,40,0,5,2,30,,337993,40,0,5,1,70,,338003,40,0,5,2,30,,338011,40,0,5,1,70,,337991,40,0,5,2,30,,337994,40,0,5,1,70,,338004,40,0,5,2,29,,338012,40,0,5,1,69,,337992,40,0,5,2,32,,337995,40,0,5,1,69,,338005,40,0,5,2,32,,338013,40,0,5,1,72,,338021,40,0,5,2,32,,337996,40,0,5,1,71,,338006,40,0,5,2,31,,338014,40,0,5,1,70,,338022,40,0,5,2,30,,337997,40,0,5,1,70,,338007,40,0,5,2,30,,338017,40,0,5,1,71,,338023,40,0,5,2,31,,337998,40,0,5,1,70,,338008,40,0,5,2,30,,338018,40,0,5,1,70,,338024,40,0,5,2,31,,337999,40,0,5,1,70,,338009,40,0,5,2,30,,338019,40,0,5,1,67,,338025,40,0,5,2,28,,338000,40,0,5,1,68,,338010,40,0,5,2,30,,338020,40,0,5,1,71,,338026,40,0,5,2,31,,338001,40,0,5,1,70,,338015,40,0,5,1,29,,338029,40,0,5,1,70,,338027,40,0,5,2,30,,338002,40,0,5,1,69,,338016,40,0,5,1,30,,338030,40,0,5,1,70,,338028,40,0,5,2
19501,'H56S200F-80-F2',511,,338031,40,0,5,2,30,,338034,40,0,5,1,70,,338044,40,0,5,2,30,,338052,40,0,5,1,70,,338032,40,0,5,2,30,,338035,40,0,5,1,70,,338045,40,0,5,2,29,,338053,40,0,5,1,69,,338033,40,0,5,2,32,,338036,40,0,5,1,69,,338046,40,0,5,2,32,,338054,40,0,5,1,72,,338062,40,0,5,2,32,,338037,40,0,5,1,71,,338047,40,0,5,2,31,,338055,40,0,5,1,70,,338063,40,0,5,2,30,,338038,40,0,5,1,70,,338048,40,0,5,2,30,,338058,40,0,5,1,71,,338064,40,0,5,2,31,,338039,40,0,5,1,70,,338049,40,0,5,2,30,,338059,40,0,5,1,70,,338065,40,0,5,2,31,,338040,40,0,5,1,70,,338050,40,0,5,2,30,,338060,40,0,5,1,67,,338066,40,0,5,2,28,,338041,40,0,5,1,68,,338051,40,0,5,2,30,,338061,40,0,5,1,71,,338067,40,0,5,2,31,,338042,40,0,5,1,70,,338056,40,0,5,1,29,,338070,40,0,5,1,70,,338068,40,0,5,2,30,,338043,40,0,5,1,69,,338057,40,0,5,1,30,,338071,40,0,5,1,70,,338069,40,0,5,2
