8004,'H50S000A-82-A',522,,309993,7,0,9,1,32,,310040,7,0,9,2,72,,310003,7,0,9,2,32,,309994,7,0,9,1,72,,310041,7,0,9,2,71,,310004,7,0,9,2,30,,309995,7,0,9,1,26,,310042,7,0,9,2,59,,310044,7,0,9,1,18,,310005,7,0,9,2,15,,310049,7,0,9,1,55,,309996,7,0,9,1,15,,310009,7,0,9,1,16,,310043,7,0,9,2,15,,309989,7,0,9,2,55,,310006,7,0,9,2,14,,309997,7,0,9,1,14,,310050,7,0,9,1,14,,310016,7,0,9,2,55,,310010,7,0,9,1,15,,310023,7,0,9,2,15,,309990,7,0,9,2,14,,310007,7,0,9,2,55,,310031,7,0,9,1,13,,309998,7,0,9,1,12,,310017,7,0,9,2,11,,310014,7,0,9,2,10,,310011,7,0,9,1,12,,309991,7,0,9,1,52,,310024,7,0,9,2,13,,310008,7,0,9,2,10,,310029,7,0,9,2,11,,310032,7,0,9,1,11,,309999,7,0,9,1,51,,310035,7,0,9,2,11,,310018,7,0,9,2,11,,310012,7,0,9,1,13,,309992,7,0,9,1,14,,310025,7,0,9,2,54,,310030,7,0,9,2,11,,310033,7,0,9,1,11,,310000,7,0,9,1,11,,310036,7,0,9,2,11,,310019,7,0,9,2,52,,310013,7,0,9,1,16,,310015,7,0,9,2,17,,310026,7,0,9,2,17,,310034,7,0,9,1,57,,310001,7,0,9,1,18,,310020,7,0,9,2,21,,310048,7,0,9,2,62,,310027,7,0,9,2,33,,310002,7,0,9,1,68,,310021,7,0,9,2,30,,310028,7,0,9,2,68,,310045,7,0,9,1,28,,310022,7,0,9,2,69,,310037,7,0,9,1,31,,310046,7,0,9,1,69,,310051,7,0,9,1,31,,310038,7,0,9,1,71,,310047,7,0,9,1,31,,310052,7,0,9,1,71,,310039,7,0,9,1
8004,'H50S000I-82-I',521,,310107,7,0,9,1,30,,310054,7,0,9,2,70,,310083,7,0,9,2,31,,310094,7,0,9,1,70,,310055,7,0,9,2,31,,310084,7,0,9,2,71,,310095,7,0,9,1,31,,310056,7,0,9,2,67,,310110,7,0,9,1,19,,310085,7,0,9,2,59,,310096,7,0,9,1,20,,310108,7,0,9,1,20,,310057,7,0,9,2,16,,310111,7,0,9,1,52,,310086,7,0,9,2,12,,310053,7,0,9,2,11,,310097,7,0,9,1,12,,310062,7,0,9,1,13,,310109,7,0,9,1,53,,310066,7,0,9,1,15,,310058,7,0,9,2,15,,310087,7,0,9,2,15,,310069,7,0,9,1,55,,310098,7,0,9,1,14,,310063,7,0,9,1,14,,310072,7,0,9,1,13,,310067,7,0,9,1,53,,310059,7,0,9,2,12,,310075,7,0,9,2,12,,310088,7,0,9,2,13,,310070,7,0,9,1,13,,310099,7,0,9,1,53,,310064,7,0,9,1,13,,310073,7,0,9,1,13,,310068,7,0,9,1,14,,310060,7,0,9,2,55,,310076,7,0,9,2,14,,310071,7,0,9,1,16,,310100,7,0,9,1,15,,310065,7,0,9,1,56,,310074,7,0,9,1,15,,310082,7,0,9,1,16,,310061,7,0,9,2,18,,310077,7,0,9,2,59,,310101,7,0,9,1,22,,310089,7,0,9,1,68,,310102,7,0,9,2,31,,310078,7,0,9,2,71,,310090,7,0,9,1,28,,310103,7,0,9,2,29,,310079,7,0,9,2,69,,310091,7,0,9,1,28,,310104,7,0,9,2,67,,310080,7,0,9,2,29,,310092,7,0,9,1,69,,310105,7,0,9,2,29,,310081,7,0,9,2,73,,310093,7,0,9,1,32,,310106,7,0,9,2
8004,'H50S000S-82-S',522,,310121,7,0,9,2,27,,310118,7,0,9,1,65,,310171,7,0,9,1,26,,310122,7,0,9,2,63,,310177,7,0,9,2,11,,310119,7,0,9,1,12,,310173,7,0,9,2,9,,310172,7,0,9,1,12,,310138,7,0,9,2,12,,310133,7,0,9,1,55,,310141,7,0,9,1,12,,310123,7,0,9,2,21,,310120,7,0,9,1,9,,310157,7,0,9,2,51,,310174,7,0,9,2,12,,310134,7,0,9,1,12,,310139,7,0,9,2,11,,310129,7,0,9,1,17,,310142,7,0,9,1,56,,310124,7,0,9,2,14,,310175,7,0,9,2,13,,310158,7,0,9,2,13,,310140,7,0,9,2,53,,310164,7,0,9,2,13,,310130,7,0,9,1,14,,310125,7,0,9,2,16,,310143,7,0,9,1,57,,310176,7,0,9,2,16,,310135,7,0,9,1,17,,310159,7,0,9,2,17,,310165,7,0,9,2,57,,310131,7,0,9,1,18,,310126,7,0,9,2,17,,310144,7,0,9,1,56,,310136,7,0,9,1,17,,310160,7,0,9,2,18,,310166,7,0,9,2,18,,310132,7,0,9,1,58,,310127,7,0,9,2,16,,310145,7,0,9,1,12,,310149,7,0,9,1,12,,310137,7,0,9,1,52,,310161,7,0,9,2,12,,310151,7,0,9,2,11,,310167,7,0,9,2,12,,310150,7,0,9,2,14,,310169,7,0,9,1,55,,310128,7,0,9,2,17,,310146,7,0,9,1,73,,310162,7,0,9,2,16,,310168,7,0,9,2,16,,310152,7,0,9,1,17,,310170,7,0,9,1,63,,310147,7,0,9,1,29,,310163,7,0,9,2,70,,310153,7,0,9,1,30,,310148,7,0,9,1,70,,310115,7,0,9,2,30,,310154,7,0,9,1,70,,310112,7,0,9,1,31,,310116,7,0,9,2,67,,310155,7,0,9,1,29,,310113,7,0,9,1,68,,310117,7,0,9,2,28,,310156,7,0,9,1,68,,310114,7,0,9,1
8004,'H50S100F-80-F1',521,,310232,7,0,9,1,30,,310179,7,0,9,2,70,,310208,7,0,9,2,31,,310219,7,0,9,1,70,,310180,7,0,9,2,31,,310209,7,0,9,2,71,,310220,7,0,9,1,31,,310181,7,0,9,2,67,,310235,7,0,9,1,19,,310210,7,0,9,2,59,,310221,7,0,9,1,20,,310233,7,0,9,1,20,,310182,7,0,9,2,16,,310236,7,0,9,1,52,,310211,7,0,9,2,12,,310178,7,0,9,2,11,,310222,7,0,9,1,12,,310187,7,0,9,1,13,,310234,7,0,9,1,53,,310191,7,0,9,1,15,,310183,7,0,9,2,15,,310212,7,0,9,2,15,,310194,7,0,9,1,55,,310223,7,0,9,1,14,,310188,7,0,9,1,14,,310197,7,0,9,1,13,,310192,7,0,9,1,53,,310184,7,0,9,2,12,,310200,7,0,9,2,12,,310213,7,0,9,2,13,,310195,7,0,9,1,13,,310224,7,0,9,1,53,,310189,7,0,9,1,13,,310198,7,0,9,1,13,,310193,7,0,9,1,14,,310185,7,0,9,2,55,,310201,7,0,9,2,14,,310196,7,0,9,1,16,,310225,7,0,9,1,15,,310190,7,0,9,1,56,,310199,7,0,9,1,15,,310207,7,0,9,1,16,,310186,7,0,9,2,18,,310202,7,0,9,2,59,,310226,7,0,9,1,22,,310214,7,0,9,1,68,,310227,7,0,9,2,31,,310203,7,0,9,2,71,,310215,7,0,9,1,28,,310228,7,0,9,2,29,,310204,7,0,9,2,69,,310216,7,0,9,1,28,,310229,7,0,9,2,67,,310205,7,0,9,2,29,,310217,7,0,9,1,69,,310230,7,0,9,2,29,,310206,7,0,9,2,73,,310218,7,0,9,1,32,,310231,7,0,9,2
8004,'H50S200F-80-F2',521,,310291,7,0,9,1,30,,310238,7,0,9,2,70,,310267,7,0,9,2,31,,310278,7,0,9,1,70,,310239,7,0,9,2,31,,310268,7,0,9,2,71,,310279,7,0,9,1,31,,310240,7,0,9,2,67,,310294,7,0,9,1,19,,310269,7,0,9,2,59,,310280,7,0,9,1,20,,310292,7,0,9,1,20,,310241,7,0,9,2,16,,310295,7,0,9,1,52,,310270,7,0,9,2,12,,310237,7,0,9,2,11,,310281,7,0,9,1,12,,310246,7,0,9,1,13,,310293,7,0,9,1,53,,310250,7,0,9,1,15,,310242,7,0,9,2,15,,310271,7,0,9,2,15,,310253,7,0,9,1,55,,310282,7,0,9,1,14,,310247,7,0,9,1,14,,310256,7,0,9,1,13,,310251,7,0,9,1,53,,310243,7,0,9,2,12,,310259,7,0,9,2,12,,310272,7,0,9,2,13,,310254,7,0,9,1,13,,310283,7,0,9,1,53,,310248,7,0,9,1,13,,310257,7,0,9,1,13,,310252,7,0,9,1,14,,310244,7,0,9,2,55,,310260,7,0,9,2,14,,310255,7,0,9,1,16,,310284,7,0,9,1,15,,310249,7,0,9,1,56,,310258,7,0,9,1,15,,310266,7,0,9,1,16,,310245,7,0,9,2,18,,310261,7,0,9,2,59,,310285,7,0,9,1,22,,310273,7,0,9,1,68,,310286,7,0,9,2,31,,310262,7,0,9,2,71,,310274,7,0,9,1,28,,310287,7,0,9,2,29,,310263,7,0,9,2,69,,310275,7,0,9,1,28,,310288,7,0,9,2,67,,310264,7,0,9,2,29,,310276,7,0,9,1,69,,310289,7,0,9,2,29,,310265,7,0,9,2,73,,310277,7,0,9,1,32,,310290,7,0,9,2
8004,'H51S000S-81-S',805,,310297,7,0,9,2,30,,310296,7,0,9,1,912,,310298,7,0,9,1
8004,'H58S000S-83-S',650,,310299,7,0,9,1
17904,'H50S000S-82-S',803,,334081,27,0,9,1,939,,334082,27,0,9,2
17904,'H51S000A-80-A',622,,334088,27,0,9,1,29,,334105,27,0,9,2,69,,334089,27,0,9,1,33,,334106,27,0,9,2,72,,334090,27,0,9,1,33,,334107,27,0,9,2,74,,334091,27,0,9,1,73,,334108,27,0,9,2,24,,334116,27,0,9,2,24,,334092,27,0,9,1,64,,334109,27,0,9,2,28,,334117,27,0,9,2,64,,334093,27,0,9,1,17,,334083,27,0,9,2,16,,334110,27,0,9,2,17,,334122,27,0,9,2,57,,334118,27,0,9,2,16,,334094,27,0,9,1,17,,334084,27,0,9,2,56,,334111,27,0,9,2,17,,334123,27,0,9,2,17,,334119,27,0,9,2,17,,334095,27,0,9,1,56,,334085,27,0,9,2,16,,334112,27,0,9,2,15,,334133,27,0,9,1,15,,334124,27,0,9,2,55,,334120,27,0,9,2,14,,334096,27,0,9,1,14,,334086,27,0,9,2,14,,334113,27,0,9,2,54,,334134,27,0,9,1,14,,334125,27,0,9,2,13,,334121,27,0,9,2,13,,334097,27,0,9,1,53,,334087,27,0,9,2,14,,334114,27,0,9,2,12,,334135,27,0,9,1,13,,334126,27,0,9,2,62,,334098,27,0,9,1,29,,334115,27,0,9,2,70,,334127,27,0,9,2,29,,334099,27,0,9,1,71,,334128,27,0,9,2,30,,334100,27,0,9,1,27,,334129,27,0,9,2,69,,334101,27,0,9,1,28,,334130,27,0,9,2,68,,334102,27,0,9,1,28,,334131,27,0,9,2,68,,334103,27,0,9,1,25,,334132,27,0,9,2,68,,334104,27,0,9,1
17904,'H51S000I-80-I',719,,334136,27,0,9,1,30,,334140,27,0,9,1,70,,334137,27,0,9,1,31,,334141,27,0,9,1,70,,334138,27,0,9,1,34,,334142,27,0,9,1,71,,334139,27,0,9,1,30,,334152,27,0,9,2,73,,334143,27,0,9,1,29,,334157,27,0,9,2,66,,334153,27,0,9,2,26,,334144,27,0,9,1,66,,334148,27,0,9,1,26,,334154,27,0,9,2,62,,334166,27,0,9,2,20,,334145,27,0,9,1,16,,334149,27,0,9,1,18,,334177,27,0,9,2,56,,334155,27,0,9,2,16,,334167,27,0,9,2,16,,334146,27,0,9,1,56,,334150,27,0,9,1,16,,334178,27,0,9,2,16,,334156,27,0,9,2,15,,334168,27,0,9,2,53,,334158,27,0,9,1,14,,334147,27,0,9,1,14,,334151,27,0,9,1,16,,334179,27,0,9,2,60,,334169,27,0,9,2,26,,334159,27,0,9,1,69,,334180,27,0,9,2,26,,334170,27,0,9,2,28,,334160,27,0,9,1,70,,334171,27,0,9,2,30,,334161,27,0,9,1,70,,334172,27,0,9,2,30,,334162,27,0,9,1,70,,334173,27,0,9,2,29,,334163,27,0,9,1,70,,334174,27,0,9,2,30,,334164,27,0,9,1,69,,334175,27,0,9,2,28,,334165,27,0,9,1,68,,334176,27,0,9,2
17904,'H51S000S-81-S',530,,334181,27,0,9,1,71,,334182,27,0,9,2,22,,334186,27,0,9,2,34,,334189,27,0,9,1,63,,334183,27,0,9,2,17,,334187,27,0,9,2,15,,334206,27,0,9,2,61,,334190,27,0,9,1,11,,334188,27,0,9,2,9,,334208,27,0,9,2,15,,334184,27,0,9,2,61,,334207,27,0,9,2,20,,334191,27,0,9,1,20,,334209,27,0,9,2,62,,334185,27,0,9,2,21,,334194,27,0,9,1,27,,334192,27,0,9,1,65,,334210,27,0,9,2,24,,334195,27,0,9,1,64,,334215,27,0,9,2,18,,334193,27,0,9,1,18,,334211,27,0,9,2,59,,334196,27,0,9,1,20,,334227,27,0,9,2,21,,334216,27,0,9,2,62,,334212,27,0,9,2,21,,334197,27,0,9,1,21,,334228,27,0,9,2,61,,334217,27,0,9,2,22,,334213,27,0,9,2,23,,334198,27,0,9,1,62,,334229,27,0,9,2,15,,334233,27,0,9,2,15,,334218,27,0,9,2,52,,334214,27,0,9,2,12,,334234,27,0,9,2,14,,334199,27,0,9,1,72,,334230,27,0,9,2,28,,334219,27,0,9,2,25,,334200,27,0,9,1,67,,334231,27,0,9,2,25,,334220,27,0,9,2,68,,334221,27,0,9,1,31,,334201,27,0,9,1,67,,334232,27,0,9,2,28,,334222,27,0,9,1,69,,334202,27,0,9,1,29,,334223,27,0,9,1,68,,334203,27,0,9,1,29,,334224,27,0,9,1,69,,334204,27,0,9,1,27,,334225,27,0,9,1,28,,334205,27,0,9,1,68,,334226,27,0,9,1
17904,'H51S100F-80-F1',719,,334235,27,0,9,1,30,,334255,27,0,9,1,70,,334236,27,0,9,1,31,,334256,27,0,9,1,70,,334237,27,0,9,1,34,,334257,27,0,9,1,71,,334238,27,0,9,1,30,,334267,27,0,9,2,73,,334258,27,0,9,1,29,,334239,27,0,9,2,66,,334268,27,0,9,2,26,,334259,27,0,9,1,66,,334263,27,0,9,1,26,,334269,27,0,9,2,62,,334240,27,0,9,2,20,,334260,27,0,9,1,16,,334264,27,0,9,1,18,,334251,27,0,9,2,56,,334270,27,0,9,2,16,,334241,27,0,9,2,16,,334261,27,0,9,1,56,,334265,27,0,9,1,16,,334252,27,0,9,2,16,,334271,27,0,9,2,15,,334242,27,0,9,2,53,,334272,27,0,9,1,14,,334262,27,0,9,1,14,,334266,27,0,9,1,16,,334253,27,0,9,2,60,,334243,27,0,9,2,26,,334273,27,0,9,1,69,,334254,27,0,9,2,26,,334244,27,0,9,2,28,,334274,27,0,9,1,70,,334245,27,0,9,2,30,,334275,27,0,9,1,70,,334246,27,0,9,2,30,,334276,27,0,9,1,70,,334247,27,0,9,2,29,,334277,27,0,9,1,70,,334248,27,0,9,2,30,,334278,27,0,9,1,69,,334249,27,0,9,2,28,,334279,27,0,9,1,68,,334250,27,0,9,2
17904,'H51S200F-80-F2',719,,334280,27,0,9,1,30,,334300,27,0,9,1,70,,334281,27,0,9,1,31,,334301,27,0,9,1,70,,334282,27,0,9,1,34,,334302,27,0,9,1,71,,334283,27,0,9,1,30,,334312,27,0,9,2,73,,334303,27,0,9,1,29,,334284,27,0,9,2,66,,334313,27,0,9,2,26,,334304,27,0,9,1,66,,334308,27,0,9,1,26,,334314,27,0,9,2,62,,334285,27,0,9,2,20,,334305,27,0,9,1,16,,334309,27,0,9,1,18,,334296,27,0,9,2,56,,334315,27,0,9,2,16,,334286,27,0,9,2,16,,334306,27,0,9,1,56,,334310,27,0,9,1,16,,334297,27,0,9,2,16,,334316,27,0,9,2,15,,334287,27,0,9,2,53,,334317,27,0,9,1,14,,334307,27,0,9,1,14,,334311,27,0,9,1,16,,334298,27,0,9,2,60,,334288,27,0,9,2,26,,334318,27,0,9,1,69,,334299,27,0,9,2,26,,334289,27,0,9,2,28,,334319,27,0,9,1,70,,334290,27,0,9,2,30,,334320,27,0,9,1,70,,334291,27,0,9,2,30,,334321,27,0,9,1,70,,334292,27,0,9,2,29,,334322,27,0,9,1,70,,334293,27,0,9,2,30,,334323,27,0,9,1,69,,334294,27,0,9,2,28,,334324,27,0,9,1,68,,334295,27,0,9,2
48004,'H50S000S-82-S',629,,350386,7,0,9,2,26,,350388,7,0,9,1,66,,350392,7,0,9,2,31,,350395,7,0,9,2,68,,350396,7,0,9,1,20,,350391,7,0,9,2,63,,350397,7,0,9,1,33,,350389,7,0,9,2
