1004,'H59S000A-80-A',514,,287704,3,0,9,1,29,,287708,3,0,9,1,68,,287705,3,0,9,1,28,,287709,3,0,9,1,68,,287706,3,0,9,1,31,,287710,3,0,9,1,70,,287707,3,0,9,1,29,,287711,3,0,9,1,69,,287724,3,0,9,2,27,,287737,3,0,9,2,67,,287712,3,0,9,1,27,,287725,3,0,9,2,27,,287738,3,0,9,2,67,,287713,3,0,9,1,27,,287726,3,0,9,2,70,,287739,3,0,9,2,26,,287714,3,0,9,1,67,,287727,3,0,9,2,28,,287740,3,0,9,2,68,,287715,3,0,9,1,28,,287728,3,0,9,2,69,,287741,3,0,9,2,28,,287716,3,0,9,1,68,,287729,3,0,9,2,29,,287742,3,0,9,2,29,,287717,3,0,9,1,69,,287730,3,0,9,2,29,,287743,3,0,9,2,68,,287718,3,0,9,1,28,,287731,3,0,9,2,66,,287744,3,0,9,2,26,,287719,3,0,9,1,68,,287732,3,0,9,2,29,,287745,3,0,9,2,71,,287720,3,0,9,1,26,,287733,3,0,9,2,69,,287746,3,0,9,2,28,,287721,3,0,9,1,71,,287734,3,0,9,2,32,,287722,3,0,9,1,70,,287735,3,0,9,2,32,,287723,3,0,9,1,67,,287736,3,0,9,2
1004,'H59S000I-81-I',513,,287747,3,0,9,1,29,,287764,3,0,9,2,69,,287748,3,0,9,1,28,,287765,3,0,9,2,69,,287749,3,0,9,1,29,,287766,3,0,9,2,70,,287750,3,0,9,1,30,,287767,3,0,9,2,71,,287751,3,0,9,1,30,,287781,3,0,9,2,71,,287768,3,0,9,2,31,,287752,3,0,9,1,71,,287782,3,0,9,2,31,,287769,3,0,9,2,71,,287753,3,0,9,1,30,,287783,3,0,9,2,70,,287770,3,0,9,2,29,,287754,3,0,9,1,67,,287784,3,0,9,2,27,,287771,3,0,9,2,68,,287755,3,0,9,1,28,,287785,3,0,9,2,68,,287772,3,0,9,2,28,,287756,3,0,9,1,28,,287786,3,0,9,2,69,,287773,3,0,9,2,29,,287757,3,0,9,1,69,,287787,3,0,9,2,25,,287774,3,0,9,2,72,,287758,3,0,9,1,32,,287775,3,0,9,2,72,,287759,3,0,9,1,31,,287776,3,0,9,2,71,,287760,3,0,9,1,28,,287777,3,0,9,2,72,,287761,3,0,9,1,27,,287778,3,0,9,2,68,,287762,3,0,9,1,27,,287779,3,0,9,2,66,,287763,3,0,9,1,27,,287780,3,0,9,2
1004,'H59S000S-80-S',511,,287802,3,0,9,1,27,,287817,3,0,9,2,67,,287788,3,0,9,1,28,,287803,3,0,9,1,26,,287818,3,0,9,2,66,,287789,3,0,9,1,28,,287804,3,0,9,1,73,,287819,3,0,9,2,32,,287790,3,0,9,1,71,,287805,3,0,9,1,26,,287820,3,0,9,2,73,,287791,3,0,9,1,26,,287806,3,0,9,1,69,,287821,3,0,9,2,29,,287792,3,0,9,1,67,,287807,3,0,9,1,28,,287822,3,0,9,2,68,,287793,3,0,9,1,28,,287808,3,0,9,1,71,,287823,3,0,9,2,27,,287794,3,0,9,1,69,,287809,3,0,9,1,32,,287824,3,0,9,2,72,,287795,3,0,9,1,32,,287810,3,0,9,1,73,,287825,3,0,9,2,30,,287796,3,0,9,1,71,,287811,3,0,9,1,30,,287826,3,0,9,2,68,,287797,3,0,9,1,28,,287812,3,0,9,1,69,,287827,3,0,9,2,29,,287798,3,0,9,1,70,,287813,3,0,9,1,30,,287828,3,0,9,2,69,,287799,3,0,9,1,31,,287814,3,0,9,1,72,,287800,3,0,9,1,29,,287815,3,0,9,1,71,,287801,3,0,9,1,26,,287816,3,0,9,1
1004,'H59S100F-80-F1',513,,287829,3,0,9,1,29,,287846,3,0,9,2,69,,287830,3,0,9,1,28,,287847,3,0,9,2,69,,287831,3,0,9,1,29,,287848,3,0,9,2,70,,287832,3,0,9,1,30,,287849,3,0,9,2,71,,287833,3,0,9,1,30,,287869,3,0,9,2,71,,287850,3,0,9,2,31,,287834,3,0,9,1,71,,287863,3,0,9,2,31,,287851,3,0,9,2,71,,287835,3,0,9,1,30,,287864,3,0,9,2,70,,287852,3,0,9,2,29,,287836,3,0,9,1,67,,287865,3,0,9,2,27,,287853,3,0,9,2,68,,287837,3,0,9,1,28,,287866,3,0,9,2,68,,287854,3,0,9,2,28,,287838,3,0,9,1,28,,287867,3,0,9,2,69,,287855,3,0,9,2,29,,287839,3,0,9,1,69,,287868,3,0,9,2,25,,287856,3,0,9,2,72,,287840,3,0,9,1,32,,287857,3,0,9,2,72,,287841,3,0,9,1,31,,287858,3,0,9,2,71,,287842,3,0,9,1,28,,287859,3,0,9,2,72,,287843,3,0,9,1,27,,287860,3,0,9,2,68,,287844,3,0,9,1,27,,287861,3,0,9,2,66,,287845,3,0,9,1,27,,287862,3,0,9,2
1004,'H59S200F-80-F2',513,,287870,3,0,9,1,29,,287887,3,0,9,2,69,,287871,3,0,9,1,28,,287888,3,0,9,2,69,,287872,3,0,9,1,29,,287889,3,0,9,2,70,,287873,3,0,9,1,30,,287890,3,0,9,2,71,,287874,3,0,9,1,30,,287910,3,0,9,2,71,,287891,3,0,9,2,31,,287875,3,0,9,1,71,,287904,3,0,9,2,31,,287892,3,0,9,2,71,,287876,3,0,9,1,30,,287905,3,0,9,2,70,,287893,3,0,9,2,29,,287877,3,0,9,1,67,,287906,3,0,9,2,27,,287894,3,0,9,2,68,,287878,3,0,9,1,28,,287907,3,0,9,2,68,,287895,3,0,9,2,28,,287879,3,0,9,1,28,,287908,3,0,9,2,69,,287896,3,0,9,2,29,,287880,3,0,9,1,69,,287909,3,0,9,2,25,,287897,3,0,9,2,72,,287881,3,0,9,1,32,,287898,3,0,9,2,72,,287882,3,0,9,1,31,,287899,3,0,9,2,71,,287883,3,0,9,1,28,,287900,3,0,9,2,72,,287884,3,0,9,1,27,,287901,3,0,9,2,68,,287885,3,0,9,1,27,,287902,3,0,9,2,66,,287886,3,0,9,1,27,,287903,3,0,9,2
19201,'H54S000A-80-A',533,,336864,7,0,5,1,73,,336878,7,0,5,2,33,,336866,7,0,5,1,73,,336865,7,0,5,1,33,,336879,7,0,5,2,73,,336867,7,0,5,1,33,,336898,7,0,5,1,73,,336880,7,0,5,2,32,,336868,7,0,5,1,71,,336899,7,0,5,1,31,,336892,7,0,5,1,71,,336885,7,0,5,2,71,,336872,7,0,5,1,31,,336875,7,0,5,2,71,,336869,7,0,5,1,31,,336900,7,0,5,1,71,,336893,7,0,5,1,31,,336886,7,0,5,2,71,,336873,7,0,5,1,31,,336876,7,0,5,2,71,,336870,7,0,5,1,31,,336901,7,0,5,1,71,,336894,7,0,5,1,31,,336887,7,0,5,2,71,,336874,7,0,5,1,31,,336877,7,0,5,2,71,,336871,7,0,5,1,31,,336902,7,0,5,1,71,,336895,7,0,5,1,31,,336888,7,0,5,2,71,,336881,7,0,5,1,31,,336896,7,0,5,1,71,,336889,7,0,5,2,31,,336882,7,0,5,1,71,,336897,7,0,5,1,31,,336890,7,0,5,2,71,,336883,7,0,5,1,30,,336903,7,0,5,2,71,,336891,7,0,5,2,21,,336884,7,0,5,1
19201,'H54S000I-80-I',536,,336919,7,0,5,1,73,,336921,7,0,5,1,34,,336904,7,0,5,2,73,,336920,7,0,5,1,30,,336922,7,0,5,1,70,,336905,7,0,5,2,30,,336913,7,0,5,1,70,,336923,7,0,5,1,30,,336906,7,0,5,2,70,,336939,7,0,5,1,30,,336931,7,0,5,2,70,,336924,7,0,5,2,30,,336914,7,0,5,1,70,,336910,7,0,5,2,30,,336907,7,0,5,2,70,,336940,7,0,5,1,30,,336932,7,0,5,2,70,,336925,7,0,5,2,30,,336915,7,0,5,1,70,,336911,7,0,5,2,30,,336908,7,0,5,2,70,,336941,7,0,5,1,30,,336933,7,0,5,2,70,,336926,7,0,5,2,30,,336916,7,0,5,1,70,,336912,7,0,5,2,30,,336909,7,0,5,2,70,,336942,7,0,5,1,30,,336934,7,0,5,2,70,,336927,7,0,5,2,30,,336943,7,0,5,1,70,,336935,7,0,5,2,30,,336928,7,0,5,2,70,,336944,7,0,5,1,30,,336936,7,0,5,2,70,,336929,7,0,5,2,30,,336917,7,0,5,1,70,,336937,7,0,5,2,29,,336930,7,0,5,2,70,,336918,7,0,5,1,23,,336938,7,0,5,2
19201,'H54S000S-80-S',537,,336956,7,0,5,2,64,,336958,7,0,5,2,16,,336960,7,0,5,2,16,,336973,7,0,5,2,16,,336974,7,0,5,2,56,,336952,7,0,5,1,19,,336957,7,0,5,2,20,,336959,7,0,5,2,60,,336961,7,0,5,2,23,,336949,7,0,5,1,28,,336953,7,0,5,1,69,,336971,7,0,5,2,28,,336962,7,0,5,2,68,,336950,7,0,5,1,29,,336954,7,0,5,1,69,,336972,7,0,5,2,29,,336963,7,0,5,2,70,,336951,7,0,5,2,30,,336964,7,0,5,1,70,,336988,7,0,5,2,30,,336968,7,0,5,1,70,,336975,7,0,5,2,31,,336965,7,0,5,1,71,,336955,7,0,5,2,30,,336969,7,0,5,1,71,,336976,7,0,5,2,30,,336966,7,0,5,1,70,,336989,7,0,5,1,30,,336970,7,0,5,1,69,,336977,7,0,5,2,24,,336967,7,0,5,1,66,,336978,7,0,5,2,29,,336983,7,0,5,2,70,,336945,7,0,5,1,30,,336979,7,0,5,2,70,,336984,7,0,5,2,30,,336946,7,0,5,1,69,,336980,7,0,5,2,29,,336985,7,0,5,2,70,,336947,7,0,5,1,30,,336981,7,0,5,2,70,,336986,7,0,5,2,30,,336948,7,0,5,1,70,,336982,7,0,5,2,32,,336987,7,0,5,2
19201,'H54S100F-80-F1',536,,337005,7,0,5,1,73,,337007,7,0,5,1,34,,336990,7,0,5,2,73,,337006,7,0,5,1,30,,337008,7,0,5,1,70,,336991,7,0,5,2,30,,336999,7,0,5,1,70,,337009,7,0,5,1,30,,336992,7,0,5,2,70,,337025,7,0,5,1,30,,337017,7,0,5,2,70,,337010,7,0,5,2,30,,337000,7,0,5,1,70,,336996,7,0,5,2,30,,336993,7,0,5,2,70,,337026,7,0,5,1,30,,337018,7,0,5,2,70,,337011,7,0,5,2,30,,337001,7,0,5,1,70,,336997,7,0,5,2,30,,336994,7,0,5,2,70,,337027,7,0,5,1,30,,337019,7,0,5,2,70,,337012,7,0,5,2,30,,337002,7,0,5,1,70,,336998,7,0,5,2,30,,336995,7,0,5,2,70,,337028,7,0,5,1,30,,337020,7,0,5,2,70,,337013,7,0,5,2,30,,337029,7,0,5,1,70,,337021,7,0,5,2,30,,337014,7,0,5,2,70,,337030,7,0,5,1,30,,337022,7,0,5,2,70,,337015,7,0,5,2,30,,337003,7,0,5,1,70,,337023,7,0,5,2,29,,337016,7,0,5,2,70,,337004,7,0,5,1,23,,337024,7,0,5,2
19201,'H54S200F-80-F2',536,,337046,7,0,5,1,73,,337048,7,0,5,1,34,,337031,7,0,5,2,73,,337047,7,0,5,1,30,,337049,7,0,5,1,70,,337032,7,0,5,2,30,,337040,7,0,5,1,70,,337050,7,0,5,1,30,,337033,7,0,5,2,70,,337066,7,0,5,1,30,,337058,7,0,5,2,70,,337051,7,0,5,2,30,,337041,7,0,5,1,70,,337037,7,0,5,2,30,,337034,7,0,5,2,70,,337067,7,0,5,1,30,,337059,7,0,5,2,70,,337052,7,0,5,2,30,,337042,7,0,5,1,70,,337038,7,0,5,2,30,,337035,7,0,5,2,70,,337068,7,0,5,1,30,,337060,7,0,5,2,70,,337053,7,0,5,2,30,,337043,7,0,5,1,70,,337039,7,0,5,2,30,,337036,7,0,5,2,70,,337069,7,0,5,1,30,,337061,7,0,5,2,70,,337054,7,0,5,2,30,,337070,7,0,5,1,70,,337062,7,0,5,2,30,,337055,7,0,5,2,70,,337071,7,0,5,1,30,,337063,7,0,5,2,70,,337056,7,0,5,2,30,,337044,7,0,5,1,70,,337064,7,0,5,2,29,,337057,7,0,5,2,70,,337045,7,0,5,1,23,,337065,7,0,5,2
19201,'H58S000S-83-S',549,,337072,7,0,5,2
