18601,'H54S000A-80-A',531,,335291,43,0,5,1,71,,335254,43,0,5,1,31,,335292,43,0,5,1,71,,335255,43,0,5,1,34,,335293,43,0,5,1,73,,335256,43,0,5,1,32,,335251,43,0,5,1,71,,335294,43,0,5,1,30,,335257,43,0,5,1,70,,335252,43,0,5,1,32,,335295,43,0,5,1,73,,335296,43,0,5,1,33,,335286,43,0,5,1,73,,335258,43,0,5,1,32,,335297,43,0,5,1,66,,335287,43,0,5,1,21,,335263,43,0,5,1,60,,335259,43,0,5,1,20,,335298,43,0,5,1,20,,335288,43,0,5,1,59,,335264,43,0,5,1,19,,335260,43,0,5,1,18,,335280,43,0,5,2,17,,335299,43,0,5,1,58,,335265,43,0,5,1,18,,335289,43,0,5,1,17,,335261,43,0,5,1,57,,335281,43,0,5,2,16,,335273,43,0,5,1,17,,335266,43,0,5,1,17,,335290,43,0,5,1,56,,335282,43,0,5,2,17,,335262,43,0,5,1,18,,335274,43,0,5,1,66,,335267,43,0,5,1,27,,335283,43,0,5,2,68,,335275,43,0,5,1,28,,335268,43,0,5,1,68,,335284,43,0,5,2,29,,335276,43,0,5,1,71,,335269,43,0,5,1,33,,335285,43,0,5,2,73,,335277,43,0,5,1,31,,335270,43,0,5,1,71,,335253,43,0,5,1,33,,335278,43,0,5,1,72,,335271,43,0,5,1,32,,335279,43,0,5,1,71,,335272,43,0,5,1
18601,'H54S000I-80-I',533,,335302,43,0,5,1,70,,335325,43,0,5,1,32,,335303,43,0,5,1,71,,335326,43,0,5,1,32,,335304,43,0,5,1,72,,335327,43,0,5,1,32,,335305,43,0,5,1,72,,335328,43,0,5,1,29,,335301,43,0,5,2,73,,335306,43,0,5,1,29,,335329,43,0,5,1,70,,335335,43,0,5,2,29,,335320,43,0,5,1,70,,335330,43,0,5,1,30,,335336,43,0,5,2,69,,335321,43,0,5,1,29,,335300,43,0,5,2,69,,335314,43,0,5,2,29,,335322,43,0,5,1,68,,335337,43,0,5,2,28,,335315,43,0,5,2,67,,335323,43,0,5,1,26,,335338,43,0,5,2,23,,335316,43,0,5,2,55,,335340,43,0,5,1,15,,335324,43,0,5,1,15,,335343,43,0,5,1,15,,335339,43,0,5,2,55,,335317,43,0,5,2,26,,335341,43,0,5,1,25,,335311,43,0,5,1,66,,335318,43,0,5,2,25,,335342,43,0,5,1,65,,335312,43,0,5,1,22,,335313,43,0,5,1,70,,335319,43,0,5,2,31,,335331,43,0,5,1,71,,335307,43,0,5,1,31,,335332,43,0,5,1,72,,335308,43,0,5,1,31,,335333,43,0,5,1,69,,335309,43,0,5,1,31,,335334,43,0,5,1,70,,335310,43,0,5,1,32,,335344,43,0,5,1
18601,'H54S000S-80-S',537,,335362,43,0,5,2,64,,335364,43,0,5,1,35,,335353,43,0,5,2,71,,335363,43,0,5,2,30,,335365,43,0,5,1,69,,335361,43,0,5,2,29,,335386,43,0,5,2,70,,335366,43,0,5,1,29,,335377,43,0,5,2,69,,335387,43,0,5,2,30,,335367,43,0,5,1,70,,335378,43,0,5,2,30,,335388,43,0,5,2,67,,335368,43,0,5,1,20,,335392,43,0,5,1,18,,335379,43,0,5,2,17,,335389,43,0,5,2,60,,335382,43,0,5,2,19,,335369,43,0,5,1,21,,335393,43,0,5,1,63,,335390,43,0,5,2,22,,335383,43,0,5,2,62,,335370,43,0,5,1,21,,335394,43,0,5,1,15,,335354,43,0,5,2,16,,335391,43,0,5,2,53,,335384,43,0,5,2,12,,335359,43,0,5,2,24,,335380,43,0,5,2,10,,335395,43,0,5,1,49,,335356,43,0,5,2,10,,335397,43,0,5,2,10,,335355,43,0,5,2,10,,335385,43,0,5,2,10,,335345,43,0,5,1,11,,335381,43,0,5,2,50,,335360,43,0,5,2,10,,335357,43,0,5,2,9,,335396,43,0,5,1,16,,335371,43,0,5,2,19,,335400,43,0,5,1,58,,335346,43,0,5,1,21,,335358,43,0,5,2,23,,335372,43,0,5,2,63,,335401,43,0,5,1,23,,335350,43,0,5,1,64,,335348,43,0,5,1,25,,335373,43,0,5,2,66,,335351,43,0,5,1,21,,335349,43,0,5,1,21,,335347,43,0,5,1,64,,335374,43,0,5,2,23,,335352,43,0,5,1,27,,335398,43,0,5,1,69,,335375,43,0,5,2,29,,335402,43,0,5,2,69,,335399,43,0,5,1,26,,335376,43,0,5,2
18601,'H54S100F-80-F1',533,,335405,43,0,5,1,70,,335428,43,0,5,1,32,,335406,43,0,5,1,71,,335429,43,0,5,1,32,,335407,43,0,5,1,72,,335430,43,0,5,1,32,,335408,43,0,5,1,72,,335431,43,0,5,1,29,,335404,43,0,5,2,73,,335409,43,0,5,1,29,,335432,43,0,5,1,70,,335438,43,0,5,2,29,,335423,43,0,5,1,70,,335433,43,0,5,1,30,,335439,43,0,5,2,69,,335424,43,0,5,1,29,,335403,43,0,5,2,69,,335417,43,0,5,2,29,,335425,43,0,5,1,68,,335440,43,0,5,2,28,,335418,43,0,5,2,67,,335426,43,0,5,1,26,,335441,43,0,5,2,23,,335419,43,0,5,2,55,,335443,43,0,5,1,15,,335427,43,0,5,1,15,,335446,43,0,5,1,15,,335442,43,0,5,2,55,,335420,43,0,5,2,26,,335444,43,0,5,1,25,,335414,43,0,5,1,66,,335421,43,0,5,2,25,,335445,43,0,5,1,65,,335415,43,0,5,1,22,,335416,43,0,5,1,70,,335422,43,0,5,2,31,,335434,43,0,5,1,71,,335410,43,0,5,1,31,,335435,43,0,5,1,72,,335411,43,0,5,1,31,,335436,43,0,5,1,69,,335412,43,0,5,1,31,,335437,43,0,5,1,70,,335413,43,0,5,1,32,,335447,43,0,5,1
18601,'H54S200F-80-F2',533,,335450,43,0,5,1,70,,335473,43,0,5,1,32,,335451,43,0,5,1,71,,335474,43,0,5,1,32,,335452,43,0,5,1,72,,335475,43,0,5,1,32,,335453,43,0,5,1,72,,335476,43,0,5,1,29,,335449,43,0,5,2,73,,335454,43,0,5,1,29,,335477,43,0,5,1,70,,335483,43,0,5,2,29,,335468,43,0,5,1,70,,335478,43,0,5,1,30,,335484,43,0,5,2,69,,335469,43,0,5,1,29,,335448,43,0,5,2,69,,335462,43,0,5,2,29,,335470,43,0,5,1,68,,335485,43,0,5,2,28,,335463,43,0,5,2,67,,335471,43,0,5,1,26,,335486,43,0,5,2,23,,335464,43,0,5,2,55,,335488,43,0,5,1,15,,335472,43,0,5,1,15,,335491,43,0,5,1,15,,335487,43,0,5,2,55,,335465,43,0,5,2,26,,335489,43,0,5,1,25,,335459,43,0,5,1,66,,335466,43,0,5,2,25,,335490,43,0,5,1,65,,335460,43,0,5,1,22,,335461,43,0,5,1,70,,335467,43,0,5,2,31,,335479,43,0,5,1,71,,335455,43,0,5,1,31,,335480,43,0,5,1,72,,335456,43,0,5,1,31,,335481,43,0,5,1,69,,335457,43,0,5,1,31,,335482,43,0,5,1,70,,335458,43,0,5,1,32,,335492,43,0,5,1
18601,'H59S000S-80-S',1631,,335493,43,0,5,2
48601,'H51S000S-81-S',1921,,350398,22,0,5,1
48601,'H54S000S-80-S',1459,,350404,22,0,5,2,66,,350403,22,0,5,2,26,,350400,22,0,5,2,65,,350401,22,0,5,2,25,,350405,22,0,5,1,62,,350402,22,0,5,2,21,,350408,22,0,5,2,23,,350406,22,0,5,1,59,,350399,22,0,5,1,21,,350409,22,0,5,2,25,,350407,22,0,5,1,83,,350410,22,0,5,2
48602,'H54S000S-80-S',605,,350411,1,0,10,2,21,,350415,1,0,10,2,14,,350420,1,0,10,2,13,,350419,1,0,10,2,68,,350413,1,0,10,1,14,,350418,1,0,10,2,21,,350412,1,0,10,2,65,,350414,1,0,10,2,27,,350417,1,0,10,2,67,,350416,1,0,10,2
48602,'H57S000S-80-S',544,,350421,1,0,10,1,163,,350422,1,0,10,1
