2803,'H54S000A-80-A',510,,293099,16,0,8,1,22,,293125,16,0,8,2,22,,293123,16,0,8,1,71,,293132,16,0,8,1,31,,293126,16,0,8,2,71,,293124,16,0,8,1,31,,293133,16,0,8,1,71,,293127,16,0,8,2,71,,293106,16,0,8,1,31,,293134,16,0,8,1,71,,293128,16,0,8,2,31,,293107,16,0,8,1,71,,293115,16,0,8,2,31,,293100,16,0,8,1,72,,293138,16,0,8,1,31,,293135,16,0,8,1,71,,293129,16,0,8,2,31,,293108,16,0,8,1,71,,293116,16,0,8,2,31,,293101,16,0,8,1,71,,293139,16,0,8,1,31,,293136,16,0,8,1,71,,293130,16,0,8,2,31,,293109,16,0,8,1,71,,293117,16,0,8,2,31,,293102,16,0,8,1,71,,293140,16,0,8,1,31,,293137,16,0,8,1,71,,293131,16,0,8,2,31,,293110,16,0,8,1,71,,293118,16,0,8,2,31,,293103,16,0,8,1,71,,293111,16,0,8,1,31,,293119,16,0,8,2,71,,293104,16,0,8,1,31,,293112,16,0,8,1,71,,293141,16,0,8,2,71,,293120,16,0,8,2,31,,293113,16,0,8,1,71,,293105,16,0,8,1,31,,293121,16,0,8,2,71,,293114,16,0,8,1,27,,293122,16,0,8,2
2803,'H54S000I-80-I',509,,293142,16,0,8,2,24,,293167,16,0,8,2,25,,293156,16,0,8,1,66,,293174,16,0,8,2,28,,293168,16,0,8,2,70,,293157,16,0,8,1,30,,293175,16,0,8,2,70,,293169,16,0,8,2,30,,293180,16,0,8,1,70,,293176,16,0,8,2,30,,293170,16,0,8,2,71,,293158,16,0,8,1,30,,293150,16,0,8,2,70,,293143,16,0,8,2,30,,293181,16,0,8,1,70,,293177,16,0,8,2,30,,293171,16,0,8,2,70,,293159,16,0,8,1,30,,293151,16,0,8,2,70,,293144,16,0,8,2,30,,293182,16,0,8,1,70,,293178,16,0,8,2,30,,293172,16,0,8,2,70,,293160,16,0,8,1,30,,293152,16,0,8,2,70,,293145,16,0,8,2,30,,293183,16,0,8,1,70,,293179,16,0,8,2,30,,293173,16,0,8,2,70,,293161,16,0,8,1,30,,293153,16,0,8,2,70,,293146,16,0,8,2,30,,293162,16,0,8,1,70,,293154,16,0,8,2,30,,293147,16,0,8,2,69,,293163,16,0,8,1,30,,293155,16,0,8,2,70,,293148,16,0,8,1,29,,293164,16,0,8,2,69,,293184,16,0,8,1,32,,293149,16,0,8,1,69,,293165,16,0,8,2,31,,293166,16,0,8,1
2803,'H54S000S-80-S',511,,293231,16,0,8,2,30,,293228,16,0,8,1,17,,293187,16,0,8,2,56,,293232,16,0,8,2,12,,293206,16,0,8,2,23,,293191,16,0,8,1,52,,293189,16,0,8,1,18,,293230,16,0,8,2,10,,293210,16,0,8,2,9,,293188,16,0,8,2,10,,293233,16,0,8,2,11,,293207,16,0,8,2,57,,293201,16,0,8,1,17,,293190,16,0,8,1,23,,293211,16,0,8,2,70,,293208,16,0,8,2,30,,293202,16,0,8,1,69,,293212,16,0,8,2,31,,293209,16,0,8,2,70,,293203,16,0,8,1,31,,293192,16,0,8,1,71,,293213,16,0,8,1,28,,293204,16,0,8,1,69,,293193,16,0,8,1,28,,293214,16,0,8,1,68,,293205,16,0,8,1,29,,293194,16,0,8,1,72,,293215,16,0,8,1,33,,293221,16,0,8,2,72,,293195,16,0,8,1,20,,293222,3,0,8,2,10,,293216,16,0,8,1,56,,293226,3,0,8,2,14,,293217,16,0,8,2,14,,293237,3,0,8,2,14,,293196,16,0,8,1,58,,293238,3,0,8,2,12,,293223,16,0,8,2,16,,293185,3,0,8,1,15,,293218,16,0,8,2,70,,293197,16,0,8,1,30,,293235,16,0,8,2,71,,293219,16,0,8,2,31,,293198,16,0,8,1,70,,293236,16,0,8,2,29,,293220,16,0,8,2,71,,293199,16,0,8,1,30,,293224,16,0,8,1,70,,293239,16,0,8,1,29,,293200,16,0,8,1,70,,293225,16,0,8,1,30,,293240,16,0,8,1,70,,293229,16,0,8,1,28,,293186,16,0,8,1
2803,'H54S100F-80-F1',509,,293241,16,0,8,2,24,,293266,16,0,8,2,25,,293255,16,0,8,1,66,,293273,16,0,8,2,28,,293267,16,0,8,2,70,,293256,16,0,8,1,30,,293274,16,0,8,2,70,,293268,16,0,8,2,30,,293279,16,0,8,1,70,,293275,16,0,8,2,30,,293269,16,0,8,2,71,,293257,16,0,8,1,30,,293249,16,0,8,2,70,,293242,16,0,8,2,30,,293280,16,0,8,1,70,,293276,16,0,8,2,30,,293270,16,0,8,2,70,,293258,16,0,8,1,30,,293250,16,0,8,2,70,,293243,16,0,8,2,30,,293281,16,0,8,1,70,,293277,16,0,8,2,30,,293271,16,0,8,2,70,,293259,16,0,8,1,30,,293251,16,0,8,2,70,,293244,16,0,8,2,30,,293282,16,0,8,1,70,,293278,16,0,8,2,30,,293272,16,0,8,2,70,,293260,16,0,8,1,30,,293252,16,0,8,2,70,,293245,16,0,8,2,30,,293261,16,0,8,1,70,,293253,16,0,8,2,30,,293246,16,0,8,2,69,,293262,16,0,8,1,30,,293254,16,0,8,2,70,,293247,16,0,8,1,29,,293263,16,0,8,2,69,,293283,16,0,8,1,32,,293248,16,0,8,1,69,,293264,16,0,8,2,31,,293265,16,0,8,1
2803,'H54S200F-80-F2',509,,293284,16,0,8,2,24,,293309,16,0,8,2,25,,293298,16,0,8,1,66,,293316,16,0,8,2,28,,293310,16,0,8,2,70,,293299,16,0,8,1,30,,293317,16,0,8,2,70,,293311,16,0,8,2,30,,293322,16,0,8,1,70,,293318,16,0,8,2,30,,293312,16,0,8,2,71,,293300,16,0,8,1,30,,293292,16,0,8,2,70,,293285,16,0,8,2,30,,293323,16,0,8,1,70,,293319,16,0,8,2,30,,293313,16,0,8,2,70,,293301,16,0,8,1,30,,293293,16,0,8,2,70,,293286,16,0,8,2,30,,293324,16,0,8,1,70,,293320,16,0,8,2,30,,293314,16,0,8,2,70,,293302,16,0,8,1,30,,293294,16,0,8,2,70,,293287,16,0,8,2,30,,293325,16,0,8,1,70,,293321,16,0,8,2,30,,293315,16,0,8,2,70,,293303,16,0,8,1,30,,293295,16,0,8,2,70,,293288,16,0,8,2,30,,293304,16,0,8,1,70,,293296,16,0,8,2,30,,293289,16,0,8,2,69,,293305,16,0,8,1,30,,293297,16,0,8,2,70,,293290,16,0,8,1,29,,293306,16,0,8,2,69,,293326,16,0,8,1,32,,293291,16,0,8,1,69,,293307,16,0,8,2,31,,293308,16,0,8,1
2803,'H57S000S-80-S',638,,293327,16,0,8,1,72,,293328,16,0,8,1
36401,'H54S000A-80-A',2629,,346786,59,0,5,1,88,,346788,59,0,5,1,31,,346789,59,0,5,2,10,,346784,59,0,5,1,85,,346785,59,0,5,2,83,,346787,59,0,5,1
36401,'H54S000I-80-I',2622,,346793,59,0,5,1,85,,346795,59,0,5,1,30,,346790,59,0,5,1,71,,346792,59,0,5,2,31,,346791,59,0,5,1,81,,346794,59,0,5,1
36401,'H54S000S-80-S',2623,,346796,59,0,5,1,84,,346798,59,0,5,1,45,,346800,59,0,5,1,85,,346799,59,0,5,2,84,,346797,59,0,5,1
36401,'H54S100F-80-F1',2622,,346804,59,0,5,1,85,,346806,59,0,5,1,30,,346801,59,0,5,1,71,,346803,59,0,5,2,31,,346802,59,0,5,1,81,,346805,59,0,5,1
36401,'H54S200F-80-F2',2622,,346810,59,0,5,1,85,,346812,59,0,5,1,30,,346807,59,0,5,1,71,,346809,59,0,5,2,31,,346808,59,0,5,1,81,,346811,59,0,5,1
