7302,'H60S000S-83-S',545,,308854,5,0,10,1,85,,308855,5,0,10,1,71,,308856,5,0,10,1,33,,308857,5,0,10,1,76,,308858,5,0,10,1,34,,308859,5,0,10,1,659,,308860,5,0,10,1,33,,308861,5,0,10,1,74,,308862,5,0,10,1,34,,308863,5,0,10,1,74,,308864,5,0,10,1,32,,308865,5,0,10,1,74,,308866,5,0,10,1
10002,'H50S000A-82-A',533,,314693,20,0,10,1,26,,314738,20,0,10,1,61,,314719,20,0,10,1,10,,314692,20,0,10,1,5,,314689,3,0,10,2,6,,314737,20,0,10,2,7,,314724,20,0,10,2,60,,314694,20,0,10,1,20,,314732,20,0,10,1,20,,314720,20,0,10,1,61,,314706,20,0,10,2,21,,314725,20,0,10,2,21,,314695,20,0,10,1,62,,314721,20,0,10,1,23,,314707,20,0,10,2,20,,314696,20,0,10,1,61,,314726,20,0,10,2,23,,314722,20,0,10,1,65,,314708,20,0,10,2,24,,314727,20,0,10,2,23,,314697,20,0,10,1,63,,314723,20,0,10,1,23,,314709,20,0,10,2,63,,314700,20,0,10,2,23,,314728,20,0,10,2,23,,314698,20,0,10,1,62,,314710,20,0,10,2,14,,314712,20,0,10,1,7,,314729,20,0,10,1,7,,314701,20,0,10,2,21,,314687,20,0,10,2,70,,314699,20,0,10,1,30,,314711,20,0,10,2,69,,314730,20,0,10,1,29,,314688,20,0,10,2,68,,314713,20,0,10,1,28,,314702,20,0,10,2,67,,314731,20,0,10,1,31,,314714,20,0,10,1,70,,314703,20,0,10,2,28,,314733,20,0,10,2,69,,314715,20,0,10,1,28,,314704,20,0,10,2,67,,314734,20,0,10,2,28,,314716,20,0,10,1,69,,314705,20,0,10,2,22,,314735,20,0,10,2,73,,314717,20,0,10,1,33,,314690,20,0,10,2,71,,314736,20,0,10,2,28,,314718,20,0,10,1,65,,314691,20,0,10,2
10002,'H50S000I-82-I',602,,314744,20,0,10,1,10,,314781,20,0,10,1,10,,314783,3,0,10,2,3,,314745,20,0,10,1,6,,314784,3,0,10,2,6,,314739,20,0,10,1,16,,314758,20,0,10,2,65,,314775,20,0,10,2,26,,314746,20,0,10,1,65,,314785,20,0,10,1,23,,314759,20,0,10,2,68,,314776,20,0,10,2,28,,314747,20,0,10,1,28,,314760,20,0,10,2,69,,314777,20,0,10,2,29,,314748,20,0,10,1,69,,314761,20,0,10,2,29,,314778,20,0,10,2,69,,314749,20,0,10,1,28,,314762,20,0,10,2,65,,314741,20,0,10,1,23,,314779,20,0,10,2,63,,314750,20,0,10,1,19,,314742,20,0,10,1,13,,314782,3,0,10,1,6,,314740,3,0,10,1,4,,314763,20,0,10,2,62,,314780,20,0,10,2,29,,314751,20,0,10,1,67,,314743,20,0,10,1,30,,314764,20,0,10,2,71,,314752,20,0,10,1,31,,314769,20,0,10,2,70,,314765,20,0,10,2,29,,314753,20,0,10,1,69,,314770,20,0,10,2,29,,314766,20,0,10,2,29,,314754,20,0,10,1,69,,314771,20,0,10,2,29,,314767,20,0,10,2,70,,314755,20,0,10,1,32,,314772,20,0,10,2,71,,314768,20,0,10,2,25,,314756,20,0,10,1,73,,314773,20,0,10,2,73,,314786,20,0,10,1,33,,314757,20,0,10,1,70,,314774,20,0,10,2
10002,'H50S000S-82-S',522,,314837,20,0,10,2,11,,314839,20,0,10,1,18,,314789,20,0,10,1,58,,314842,20,0,10,1,9,,314798,20,0,10,2,13,,314788,20,0,10,1,8,,314844,20,0,10,1,9,,314791,20,0,10,1,10,,314845,20,0,10,1,51,,314787,20,0,10,1,9,,314804,20,0,10,2,7,,314790,20,0,10,1,7,,314814,20,0,10,2,7,,314815,20,0,10,2,17,,314799,20,0,10,2,50,,314816,20,0,10,2,13,,314818,20,0,10,2,14,,314792,20,0,10,1,11,,314819,20,0,10,1,14,,314805,20,0,10,2,53,,314793,20,0,10,1,17,,314810,20,0,10,1,25,,314817,20,0,10,2,65,,314820,20,0,10,1,26,,314794,20,0,10,1,65,,314806,20,0,10,2,26,,314811,20,0,10,1,66,,314821,20,0,10,1,27,,314795,20,0,10,1,22,,314807,20,0,10,2,62,,314823,20,0,10,1,20,,314812,20,0,10,1,19,,314822,20,0,10,1,58,,314800,20,0,10,1,8,,314796,20,0,10,1,7,,314825,20,0,10,1,20,,314808,20,0,10,2,64,,314824,20,0,10,1,30,,314813,20,0,10,1,71,,314797,20,0,10,1,32,,314809,20,0,10,2,71,,314828,20,0,10,1,31,,314826,20,0,10,1,70,,314801,20,0,10,1,27,,314832,20,0,10,1,69,,314829,20,0,10,1,22,,314827,20,0,10,1,21,,314802,20,0,10,1,68,,314833,20,0,10,1,30,,314830,20,0,10,1,73,,314803,20,0,10,1,23,,314834,20,0,10,1,63,,314835,20,0,10,1,17,,314831,20,0,10,1,30,,314840,20,0,10,1,73,,314836,20,0,10,1,71,,314843,20,0,10,1,33,,314841,20,0,10,1,68,,314838,20,0,10,2
10002,'H50S100F-80-F1',602,,314851,20,0,10,1,10,,314888,20,0,10,1,10,,314890,3,0,10,2,3,,314852,20,0,10,1,6,,314891,3,0,10,2,6,,314846,20,0,10,1,16,,314865,20,0,10,2,65,,314882,20,0,10,2,26,,314853,20,0,10,1,65,,314892,20,0,10,1,23,,314866,20,0,10,2,68,,314883,20,0,10,2,28,,314854,20,0,10,1,28,,314867,20,0,10,2,69,,314884,20,0,10,2,29,,314855,20,0,10,1,69,,314868,20,0,10,2,29,,314885,20,0,10,2,69,,314856,20,0,10,1,28,,314869,20,0,10,2,65,,314848,20,0,10,1,23,,314886,20,0,10,2,63,,314857,20,0,10,1,19,,314849,20,0,10,1,13,,314889,3,0,10,1,6,,314847,3,0,10,1,4,,314870,20,0,10,2,62,,314887,20,0,10,2,29,,314858,20,0,10,1,67,,314850,20,0,10,1,30,,314871,20,0,10,2,71,,314859,20,0,10,1,31,,314876,20,0,10,2,70,,314872,20,0,10,2,29,,314860,20,0,10,1,69,,314877,20,0,10,2,29,,314873,20,0,10,2,29,,314861,20,0,10,1,69,,314878,20,0,10,2,29,,314874,20,0,10,2,70,,314862,20,0,10,1,32,,314879,20,0,10,2,71,,314875,20,0,10,2,25,,314863,20,0,10,1,73,,314880,20,0,10,2,73,,314893,20,0,10,1,33,,314864,20,0,10,1,70,,314881,20,0,10,2
10002,'H50S200F-80-F2',602,,314899,20,0,10,1,10,,314936,20,0,10,1,10,,314938,3,0,10,2,3,,314900,20,0,10,1,6,,314939,3,0,10,2,6,,314894,20,0,10,1,16,,314913,20,0,10,2,65,,314930,20,0,10,2,26,,314901,20,0,10,1,65,,314940,20,0,10,1,23,,314914,20,0,10,2,68,,314931,20,0,10,2,28,,314902,20,0,10,1,28,,314915,20,0,10,2,69,,314932,20,0,10,2,29,,314903,20,0,10,1,69,,314916,20,0,10,2,29,,314933,20,0,10,2,69,,314904,20,0,10,1,28,,314917,20,0,10,2,65,,314896,20,0,10,1,23,,314934,20,0,10,2,63,,314905,20,0,10,1,19,,314897,20,0,10,1,13,,314937,3,0,10,1,6,,314895,3,0,10,1,4,,314918,20,0,10,2,62,,314935,20,0,10,2,29,,314906,20,0,10,1,67,,314898,20,0,10,1,30,,314919,20,0,10,2,71,,314907,20,0,10,1,31,,314924,20,0,10,2,70,,314920,20,0,10,2,29,,314908,20,0,10,1,69,,314925,20,0,10,2,29,,314921,20,0,10,2,29,,314909,20,0,10,1,69,,314926,20,0,10,2,29,,314922,20,0,10,2,70,,314910,20,0,10,1,32,,314927,20,0,10,2,71,,314923,20,0,10,2,25,,314911,20,0,10,1,73,,314928,20,0,10,2,73,,314941,20,0,10,1,33,,314912,20,0,10,1,70,,314929,20,0,10,2
10002,'H58S000S-83-S',540,,314942,20,0,10,1,85,,314943,20,0,10,2,122,,314944,20,0,10,2
17502,'H50S000S-82-S',541,,333082,8,0,10,1,15,,333104,8,0,10,2,65,,333077,8,0,10,1,26,,333105,8,0,10,2,59,,333083,8,0,10,2,13,,333096,8,0,10,2,12,,333078,8,0,10,1,12,,333085,8,0,10,2,59,,333084,8,0,10,2,18,,333097,8,0,10,1,24,,333086,8,0,10,2,72,,333098,8,0,10,1,31,,333087,8,0,10,2,72,,333099,8,0,10,1,33,,333088,8,0,10,2,73,,333100,8,0,10,1,33,,333089,8,0,10,2,73,,333101,8,0,10,1,73,,333090,8,0,10,2,33,,333102,8,0,10,1,73,,333091,8,0,10,2,31,,333103,8,0,10,1,71,,333092,8,0,10,2,30,,333093,8,0,10,1,69,,333079,8,0,10,2,30,,333094,8,0,10,1,69,,333080,8,0,10,2,29,,333095,8,0,10,1,68,,333081,8,0,10,2
20202,'H60S000A-80-A',625,,340240,19,0,10,1,23,,340252,19,0,10,2,59,,340257,19,0,10,1,17,,340239,19,0,10,1,18,,340261,19,0,10,2,62,,340229,19,0,10,1,26,,340241,19,0,10,1,71,,340254,19,0,10,1,33,,340258,19,0,10,1,70,,340250,19,0,10,1,29,,340230,19,0,10,1,67,,340242,19,0,10,1,32,,340255,19,0,10,1,73,,340259,19,0,10,1,32,,340251,19,0,10,1,71,,340231,19,0,10,1,24,,340243,19,0,10,1,20,,340237,19,0,10,1,64,,340264,19,0,10,1,28,,340260,19,0,10,1,63,,340236,19,0,10,1,22,,340256,19,0,10,1,22,,340232,19,0,10,1,65,,340244,19,0,10,1,25,,340238,19,0,10,1,67,,340265,19,0,10,1,25,,340247,19,0,10,2,21,,340268,19,0,10,1,62,,340262,19,0,10,2,22,,340233,19,0,10,1,67,,340245,19,0,10,1,31,,340266,19,0,10,1,71,,340248,19,0,10,2,30,,340269,19,0,10,1,69,,340234,19,0,10,1,29,,340246,19,0,10,1,69,,340267,19,0,10,1,28,,340249,19,0,10,2,69,,340270,19,0,10,1,28,,340235,19,0,10,1,28,,340253,19,0,10,2,68,,340263,19,0,10,1
20202,'H60S000I-81-I',625,,340274,19,0,10,1,27,,340275,19,0,10,1,69,,340271,19,0,10,1,31,,340293,19,0,10,1,72,,340286,19,0,10,1,31,,340296,19,0,10,1,72,,340304,19,0,10,1,32,,340306,19,0,10,1,73,,340294,19,0,10,1,74,,340287,19,0,10,1,32,,340297,19,0,10,1,70,,340305,19,0,10,1,31,,340307,19,0,10,1,70,,340295,19,0,10,1,31,,340288,19,0,10,1,70,,340298,19,0,10,1,32,,340276,19,0,10,1,70,,340281,19,0,10,1,33,,340291,19,0,10,1,73,,340289,19,0,10,1,29,,340299,19,0,10,1,72,,340277,19,0,10,1,30,,340282,19,0,10,1,70,,340292,19,0,10,1,33,,340290,19,0,10,1,72,,340300,19,0,10,1,32,,340278,19,0,10,1,68,,340283,19,0,10,1,28,,340272,19,0,10,1,68,,340303,19,0,10,1,28,,340301,19,0,10,1,70,,340279,19,0,10,1,30,,340284,19,0,10,1,70,,340285,19,0,10,1,29,,340273,19,0,10,1,68,,340302,19,0,10,1,28,,340280,19,0,10,1
20202,'H60S000S-83-S',606,,340325,19,0,10,1,31,,340329,19,0,10,1,73,,340315,19,0,10,1,30,,340318,19,0,10,1,72,,340322,19,0,10,1,31,,340308,19,0,10,1,70,,340326,19,0,10,1,30,,340330,19,0,10,1,68,,340316,19,0,10,1,30,,340319,19,0,10,1,61,,340323,19,0,10,1,18,,340314,19,0,10,1,21,,340309,19,0,10,1,63,,340327,19,0,10,1,24,,340331,19,0,10,1,24,,340317,19,0,10,1,57,,340336,19,0,10,1,16,,340320,19,0,10,1,19,,340337,19,0,10,1,64,,340324,19,0,10,1,24,,340310,19,0,10,1,23,,340328,19,0,10,1,59,,340341,19,0,10,2,19,,340332,19,0,10,1,17,,340346,19,0,10,1,56,,340342,19,0,10,2,18,,340321,19,0,10,1,21,,340338,19,0,10,1,66,,340348,19,0,10,1,32,,340311,19,0,10,1,72,,340349,19,0,10,1,30,,340333,19,0,10,1,70,,340343,19,0,10,2,28,,340339,19,0,10,1,63,,340347,19,0,10,1,24,,340312,19,0,10,1,28,,340350,19,0,10,1,70,,340334,19,0,10,1,29,,340344,19,0,10,2,70,,340340,19,0,10,1,32,,340313,19,0,10,1,71,,340351,19,0,10,1,70,,340335,19,0,10,1,30,,340345,19,0,10,2
20202,'H60S100F-80-F1',625,,340357,19,0,10,1,27,,340362,19,0,10,1,69,,340352,19,0,10,1,31,,340376,19,0,10,2,72,,340373,19,0,10,1,31,,340377,19,0,10,2,72,,340380,19,0,10,1,32,,340378,19,0,10,1,73,,340353,19,0,10,1,74,,340358,19,0,10,2,32,,340363,19,0,10,1,70,,340374,19,0,10,1,31,,340379,19,0,10,1,70,,340354,19,0,10,1,31,,340359,19,0,10,2,70,,340364,19,0,10,1,32,,340381,19,0,10,1,70,,340369,19,0,10,2,33,,340375,19,0,10,1,73,,340360,19,0,10,2,29,,340365,19,0,10,1,72,,340382,19,0,10,1,30,,340370,19,0,10,2,70,,340386,19,0,10,1,33,,340361,19,0,10,2,72,,340366,19,0,10,1,32,,340383,19,0,10,1,68,,340371,19,0,10,2,28,,340355,19,0,10,1,68,,340387,19,0,10,2,28,,340367,19,0,10,1,70,,340384,19,0,10,1,30,,340372,19,0,10,2,70,,340356,19,0,10,1,29,,340388,19,0,10,2,68,,340368,19,0,10,1,28,,340385,19,0,10,1
20202,'H60S200F-80-F2',625,,340394,19,0,10,1,27,,340399,19,0,10,1,69,,340389,19,0,10,1,31,,340413,19,0,10,2,72,,340410,19,0,10,1,31,,340414,19,0,10,2,72,,340417,19,0,10,1,32,,340415,19,0,10,1,73,,340390,19,0,10,1,74,,340395,19,0,10,2,32,,340400,19,0,10,1,70,,340411,19,0,10,1,31,,340416,19,0,10,1,70,,340391,19,0,10,1,31,,340396,19,0,10,2,70,,340401,19,0,10,1,32,,340418,19,0,10,1,70,,340406,19,0,10,2,33,,340412,19,0,10,1,73,,340397,19,0,10,2,29,,340402,19,0,10,1,72,,340419,19,0,10,1,30,,340407,19,0,10,2,70,,340423,19,0,10,1,33,,340398,19,0,10,2,72,,340403,19,0,10,1,32,,340420,19,0,10,1,68,,340408,19,0,10,2,28,,340392,19,0,10,1,68,,340424,19,0,10,2,28,,340404,19,0,10,1,70,,340421,19,0,10,1,30,,340409,19,0,10,2,70,,340393,19,0,10,1,29,,340425,19,0,10,2,68,,340405,19,0,10,1,28,,340422,19,0,10,1
22002,'H50S000S-82-S',632,,345005,4,0,10,2,70,,345006,4,0,10,1,831,,345007,4,0,10,2
22002,'H60S000S-83-S',533,,345008,4,0,10,1,69,,345010,4,0,10,2,131,,345015,4,0,10,1,71,,345013,4,0,10,2,30,,345014,4,0,10,2,99,,345012,4,0,10,1,100,,345009,4,0,10,1,100,,345016,4,0,10,1,100,,345011,4,0,10,1,100,,345017,4,0,10,1,100,,345018,4,0,10,1,200,,345020,4,0,10,1,100,,345019,4,0,10,1,99,,345022,4,0,10,1,407,,345021,4,0,10,1
37602,'H60S000A-80-A',2630,,347234,4,0,10,1,85,,347232,4,0,10,1,85,,347235,4,0,10,1,45,,347233,4,0,10,1
37602,'H60S000I-81-I',2544,,347237,4,0,10,1,86,,347240,4,0,10,1,85,,347236,4,0,10,1,85,,347239,4,0,10,1,44,,347238,4,0,10,1
37602,'H60S000S-83-S',2544,,347242,4,0,10,1,85,,347245,4,0,10,1,86,,347241,4,0,10,2,44,,347244,4,0,10,1,85,,347243,4,0,10,1
37602,'H60S100F-80-F1',2544,,347249,4,0,10,1,86,,347247,4,0,10,1,85,,347248,4,0,10,1,85,,347246,4,0,10,1,44,,347250,4,0,10,1
37602,'H60S200F-80-F2',2544,,347254,4,0,10,1,86,,347252,4,0,10,1,85,,347253,4,0,10,1,85,,347251,4,0,10,1,44,,347255,4,0,10,1
37802,'H60S000A-80-A',2651,,347278,45,0,10,1,94,,347276,45,0,10,1,88,,347277,45,0,10,1
37802,'H60S000I-81-I',2650,,347280,45,0,10,1,91,,347281,45,0,10,1,90,,347279,45,0,10,1
37802,'H60S000S-83-S',2650,,347283,45,0,10,1,89,,347282,45,0,10,1,99,,347284,45,0,10,1
37802,'H60S100F-80-F1',2650,,347285,45,0,10,1,91,,347287,45,0,10,1,90,,347286,45,0,10,1
37802,'H60S200F-80-F2',2650,,347288,45,0,10,1,91,,347290,45,0,10,1,90,,347289,45,0,10,1
