19201,'H54S000A-80-A',537,,336864,12,0,5,1,73,,336878,12,0,5,2,33,,336866,12,0,5,1,73,,336865,12,0,5,1,33,,336879,12,0,5,2,73,,336867,12,0,5,1,34,,336898,12,0,5,1,73,,336880,12,0,5,2,72,,336868,12,0,5,1,31,,336899,12,0,5,1,71,,336892,12,0,5,1,31,,336885,12,0,5,2,71,,336872,12,0,5,1,31,,336875,12,0,5,2,71,,336869,12,0,5,1,31,,336900,12,0,5,1,71,,336893,12,0,5,1,31,,336886,12,0,5,2,71,,336873,12,0,5,1,31,,336876,12,0,5,2,71,,336870,12,0,5,1,31,,336901,12,0,5,1,71,,336894,12,0,5,1,31,,336887,12,0,5,2,71,,336874,12,0,5,1,31,,336877,12,0,5,2,71,,336871,12,0,5,1,30,,336902,12,0,5,1,71,,336895,12,0,5,1,31,,336888,12,0,5,2,71,,336881,12,0,5,1,31,,336896,12,0,5,1,71,,336889,12,0,5,2,31,,336882,12,0,5,1,71,,336897,12,0,5,1,31,,336890,12,0,5,2,71,,336883,12,0,5,1,30,,336903,12,0,5,2,71,,336891,12,0,5,2,21,,336884,12,0,5,1
19201,'H54S000I-80-I',540,,336919,12,0,5,1,73,,336921,12,0,5,1,34,,336904,12,0,5,2,73,,336920,12,0,5,1,30,,336922,12,0,5,1,70,,336905,12,0,5,2,30,,336913,12,0,5,1,70,,336923,12,0,5,1,30,,336906,12,0,5,2,70,,336939,12,0,5,1,30,,336931,12,0,5,2,70,,336924,12,0,5,2,30,,336914,12,0,5,1,70,,336910,12,0,5,2,30,,336907,12,0,5,2,72,,336940,12,0,5,1,30,,336932,12,0,5,2,69,,336925,12,0,5,2,30,,336915,12,0,5,1,70,,336911,12,0,5,2,30,,336908,12,0,5,2,70,,336941,12,0,5,1,30,,336933,12,0,5,2,70,,336926,12,0,5,2,30,,336916,12,0,5,1,70,,336912,12,0,5,2,30,,336909,12,0,5,2,69,,336942,12,0,5,1,30,,336934,12,0,5,2,70,,336927,12,0,5,2,30,,336943,12,0,5,1,70,,336935,12,0,5,2,30,,336928,12,0,5,2,70,,336944,12,0,5,1,30,,336936,12,0,5,2,70,,336929,12,0,5,2,30,,336917,12,0,5,1,70,,336937,12,0,5,2,29,,336930,12,0,5,2,70,,336918,12,0,5,1,23,,336938,12,0,5,2
19201,'H54S000S-80-S',542,,336956,12,0,5,2,64,,336958,12,0,5,2,16,,336960,12,0,5,2,17,,336973,12,0,5,2,16,,336974,12,0,5,2,56,,336952,12,0,5,1,19,,336957,12,0,5,2,20,,336959,12,0,5,2,60,,336961,12,0,5,2,23,,336949,12,0,5,1,68,,336953,12,0,5,1,29,,336971,12,0,5,2,28,,336962,12,0,5,2,68,,336950,12,0,5,1,29,,336954,12,0,5,1,69,,336972,12,0,5,2,29,,336963,12,0,5,2,70,,336951,12,0,5,2,30,,336964,12,0,5,1,70,,336988,12,0,5,2,30,,336968,12,0,5,1,70,,336975,12,0,5,2,31,,336965,12,0,5,1,71,,336955,12,0,5,2,30,,336969,12,0,5,1,71,,336976,12,0,5,2,30,,336966,12,0,5,1,70,,336989,12,0,5,1,30,,336970,12,0,5,1,69,,336977,12,0,5,2,24,,336967,12,0,5,1,65,,336978,12,0,5,2,29,,336983,12,0,5,2,70,,336945,12,0,5,1,30,,336979,12,0,5,2,70,,336984,12,0,5,2,30,,336946,12,0,5,1,68,,336980,12,0,5,2,29,,336985,12,0,5,2,70,,336947,12,0,5,1,30,,336981,12,0,5,2,70,,336986,12,0,5,2,30,,336948,12,0,5,1,70,,336982,12,0,5,2,32,,336987,12,0,5,2
19201,'H54S100F-80-F1',540,,337005,12,0,5,1,73,,337007,12,0,5,1,34,,336990,12,0,5,2,73,,337006,12,0,5,1,30,,337008,12,0,5,1,70,,336991,12,0,5,2,30,,336999,12,0,5,1,70,,337009,12,0,5,1,30,,336992,12,0,5,2,70,,337025,12,0,5,1,30,,337017,12,0,5,2,70,,337010,12,0,5,2,30,,337000,12,0,5,1,70,,336996,12,0,5,2,30,,336993,12,0,5,2,72,,337026,12,0,5,1,30,,337018,12,0,5,2,69,,337011,12,0,5,2,30,,337001,12,0,5,1,70,,336997,12,0,5,2,30,,336994,12,0,5,2,70,,337027,12,0,5,1,30,,337019,12,0,5,2,70,,337012,12,0,5,2,30,,337002,12,0,5,1,70,,336998,12,0,5,2,30,,336995,12,0,5,2,69,,337028,12,0,5,1,30,,337020,12,0,5,2,70,,337013,12,0,5,2,30,,337029,12,0,5,1,70,,337021,12,0,5,2,30,,337014,12,0,5,2,70,,337030,12,0,5,1,30,,337022,12,0,5,2,70,,337015,12,0,5,2,30,,337003,12,0,5,1,70,,337023,12,0,5,2,29,,337016,12,0,5,2,70,,337004,12,0,5,1,23,,337024,12,0,5,2
19201,'H54S200F-80-F2',540,,337046,12,0,5,1,73,,337048,12,0,5,1,34,,337031,12,0,5,2,73,,337047,12,0,5,1,30,,337049,12,0,5,1,70,,337032,12,0,5,2,30,,337040,12,0,5,1,70,,337050,12,0,5,1,30,,337033,12,0,5,2,70,,337066,12,0,5,1,30,,337058,12,0,5,2,70,,337051,12,0,5,2,30,,337041,12,0,5,1,70,,337037,12,0,5,2,30,,337034,12,0,5,2,72,,337067,12,0,5,1,30,,337059,12,0,5,2,69,,337052,12,0,5,2,30,,337042,12,0,5,1,70,,337038,12,0,5,2,30,,337035,12,0,5,2,70,,337068,12,0,5,1,30,,337060,12,0,5,2,70,,337053,12,0,5,2,30,,337043,12,0,5,1,70,,337039,12,0,5,2,30,,337036,12,0,5,2,69,,337069,12,0,5,1,30,,337061,12,0,5,2,70,,337054,12,0,5,2,30,,337070,12,0,5,1,70,,337062,12,0,5,2,30,,337055,12,0,5,2,70,,337071,12,0,5,1,30,,337063,12,0,5,2,70,,337056,12,0,5,2,30,,337044,12,0,5,1,70,,337064,12,0,5,2,29,,337057,12,0,5,2,70,,337045,12,0,5,1,23,,337065,12,0,5,2
19201,'H58S000S-83-S',554,,337072,12,0,5,2
46001,'H50S000S-82-S',1541,,349272,29,0,99 30,2,190,,349273,29,0,99 30,2
46001,'H58S000S-83-S',618,,349276,29,0,99 30,2,103,,349274,29,0,99 30,2,28,,349277,29,0,99 30,1,54,,349278,29,0,99 30,1,35,,349280,29,0,99 30,2,71,,349281,29,0,99 30,2,25,,349282,29,0,99 30,1,21,,349275,29,0,99 30,2,69,,349283,29,0,99 30,2,531,,349286,29,0,99 30,1,50,,349288,29,0,99 30,1,12,,349291,29,0,99 30,2,10,,349293,29,0,99 30,2,10,,349296,29,0,99 30,2,10,,349298,29,0,99 30,2,9,,349299,29,0,99 30,2,49,,349300,29,0,99 30,2,8,,349295,29,0,99 30,2,9,,349302,29,0,99 30,1,16,,349284,29,0,99 30,1,9,,349290,29,0,99 30,2,7,,349292,29,0,99 30,1,54,,349279,29,0,99 30,1,13,,349297,29,0,99 30,2,19,,349289,29,0,99 30,2,78,,349287,29,0,99 30,1,20,,349294,29,0,99 30,2,18,,349301,29,0,99 30,2,61,,349285,29,0,99 30,1
46001,'H58S100F-80-F1',618,,349309,29,0,99 30,1,31,,349312,29,0,99 30,2,72,,349305,29,0,99 30,1,24,,349308,29,0,99 30,2,58,,349311,29,0,99 30,2,35,,349313,29,0,99 30,2,71,,349315,29,0,99 30,1,25,,349314,29,0,99 30,2,21,,349310,29,0,99 30,1,69,,349306,29,0,99 30,1,517,,349317,29,0,99 30,1,72,,349319,29,0,99 30,2,26,,349322,29,0,99 30,2,65,,349323,29,0,99 30,2,25,,349303,29,0,99 30,1,25,,349321,29,0,99 30,2,64,,349307,29,0,99 30,2,24,,349316,29,0,99 30,1,65,,349318,29,0,99 30,1,26,,349320,29,0,99 30,2,26,,349324,29,0,99 30,2,58,,349304,29,0,99 30,1
46001,'H58S200F-80-F2',618,,349343,29,0,99 30,1,31,,349335,29,0,99 30,2,72,,349326,29,0,99 30,1,24,,349333,29,0,99 30,2,58,,349334,29,0,99 30,2,35,,349336,29,0,99 30,2,71,,349328,29,0,99 30,1,25,,349337,29,0,99 30,2,21,,349344,29,0,99 30,1,69,,349327,29,0,99 30,1,517,,349338,29,0,99 30,1,72,,349340,29,0,99 30,2,26,,349331,29,0,99 30,2,65,,349345,29,0,99 30,2,25,,349329,29,0,99 30,1,25,,349342,29,0,99 30,2,64,,349325,29,0,99 30,2,24,,349332,29,0,99 30,1,65,,349339,29,0,99 30,1,26,,349341,29,0,99 30,2,26,,349346,29,0,99 30,2,58,,349330,29,0,99 30,1
46001,'H59S000S-80-S',1858,,349347,29,0,99 30,2
46001,'H60S000S-83-S',649,,349348,29,0,99 30,2
