4801,'H54S000S-80-S',1806,,299530,38,0,5,2,7,,299529,38,0,5,2
4801,'H58S000A-80-A',609,,299531,42,0,99 23 3 24,1,27,,299537,38,0,5,2,72,,299539,42,0,99 23 3 24,2,28,,299547,38,0,5,1,72,,299532,42,0,99 23 3 24,1,28,,299577,38,0,5,1,66,,299540,42,0,99 23 3 24,2,21,,299590,38,0,5,1,24,,299548,42,0,99 23 3 24,1,57,,299582,38,0,5,2,23,,299555,42,0,99 23 3 24,1,13,,299533,38,0,5,2,16,,299541,38,0,5,2,59,,299571,42,0,99 23 3 24,1,12,,299561,38,0,5,2,15,,299549,38,0,5,1,17,,299592,42,0,99 23 3 24,2,52,,299583,38,0,5,2,18,,299556,42,0,99 23 3 24,1,12,,299534,38,0,5,2,59,,299542,42,0,99 23 3 24,2,11,,299596,38,0,5,2,17,,299572,42,0,99 23 3 24,1,10,,299562,38,0,5,2,12,,299550,38,0,5,1,55,,299593,42,0,99 23 3 24,2,11,,299584,38,0,5,2,17,,299557,42,0,99 23 3 24,1,9,,299535,38,0,5,2,15,,299601,42,0,99 23 3 24,1,49,,299543,38,0,5,2,16,,299597,42,0,99 23 3 24,2,10,,299603,38,0,5,2,15,,299563,42,0,99 23 3 24,2,9,,299551,38,0,5,1,53,,299567,38,0,5,2,12,,299594,38,0,5,2,15,,299585,42,0,99 23 3 24,2,8,,299558,38,0,5,1,12,,299536,38,0,5,2,56,,299544,42,0,99 23 3 24,2,10,,299598,38,0,5,2,14,,299546,42,0,99 23 3 24,1,9,,299604,38,0,5,2,10,,299552,38,0,5,1,52,,299578,42,0,99 23 3 24,1,6,,299568,38,0,5,2,12,,299595,38,0,5,2,13,,299586,38,0,5,2,13,,299573,38,0,5,1,56,,299559,42,0,99 23 3 24,1,9,,299545,38,0,5,2,13,,299599,38,0,5,2,16,,299605,42,0,99 23 3 24,2,11,,299553,38,0,5,1,58,,299579,42,0,99 23 3 24,1,11,,299580,38,0,5,2,14,,299587,38,0,5,2,18,,299574,42,0,99 23 3 24,1,52,,299560,38,0,5,1,14,,299600,38,0,5,2,18,,299606,42,0,99 23 3 24,2,11,,299554,38,0,5,1,54,,299566,38,0,5,1,17,,299581,42,0,99 23 3 24,2,17,,299588,38,0,5,2,19,,299538,38,0,5,1,64,,299565,42,0,99 23 3 24,1,16,,299607,38,0,5,2,61,,299570,42,0,99 23 3 24,1,17,,299575,38,0,5,2,19,,299589,38,0,5,2,20,,299602,42,0,99 23 3 24,1,54,,299591,38,0,5,1,19,,299564,42,0,99 23 3 24,2,13,,299608,38,0,5,2,65,,299576,42,0,99 23 3 24,2,22,,299569,38,0,5,2
4801,'H58S000I-80-I',606,,299632,38,0,5,1,21,,299609,38,0,5,1,78,,299620,42,0,99 23 3 24,1,28,,299634,38,0,5,2,75,,299633,42,0,99 23 3 24,1,28,,299610,38,0,5,2,73,,299621,42,0,99 23 3 24,1,26,,299635,38,0,5,2,72,,299644,42,0,99 23 3 24,1,17,,299631,38,0,5,2,25,,299611,42,0,99 23 3 24,2,60,,299622,38,0,5,1,25,,299636,42,0,99 23 3 24,2,18,,299657,38,0,5,1,62,,299645,42,0,99 23 3 24,1,14,,299639,38,0,5,2,21,,299612,42,0,99 23 3 24,2,55,,299623,38,0,5,1,22,,299658,42,0,99 23 3 24,2,15,,299637,38,0,5,2,61,,299662,42,0,99 23 3 24,2,15,,299646,38,0,5,1,14,,299640,38,0,5,2,18,,299613,42,0,99 23 3 24,2,52,,299624,38,0,5,1,14,,299670,38,0,5,2,18,,299659,42,0,99 23 3 24,2,12,,299638,38,0,5,2,57,,299663,42,0,99 23 3 24,2,12,,299647,38,0,5,1,18,,299641,42,0,99 23 3 24,2,12,,299614,38,0,5,2,57,,299625,42,0,99 23 3 24,1,8,,299672,38,0,5,2,11,,299671,38,0,5,2,12,,299660,42,0,99 23 3 24,2,7,,299665,38,0,5,2,10,,299674,38,0,5,2,54,,299664,42,0,99 23 3 24,2,7,,299648,38,0,5,1,11,,299616,38,0,5,2,14,,299642,42,0,99 23 3 24,2,8,,299656,38,0,5,1,10,,299675,38,0,5,2,56,,299673,42,0,99 23 3 24,2,10,,299627,38,0,5,1,15,,299661,42,0,99 23 3 24,2,9,,299666,38,0,5,2,13,,299615,38,0,5,2,57,,299649,42,0,99 23 3 24,1,11,,299617,38,0,5,2,13,,299653,38,0,5,2,17,,299626,42,0,99 23 3 24,1,50,,299643,38,0,5,1,13,,299628,38,0,5,1,18,,299619,42,0,99 23 3 24,1,11,,299667,38,0,5,2,57,,299650,38,0,5,1,21,,299618,42,0,99 23 3 24,1,15,,299654,38,0,5,2,65,,299629,38,0,5,1,30,,299668,42,0,99 23 3 24,2,22,,299651,38,0,5,1,72,,299655,42,0,99 23 3 24,2,26,,299630,38,0,5,1,73,,299669,42,0,99 23 3 24,2,29,,299652,38,0,5,1
4801,'H58S000S-83-S',542,,299689,38,0,5,1,60,,299676,38,0,5,1,23,,299679,42,0,99 23 3 24,2,14,,299680,38,0,5,2,61,,299678,38,0,5,2,24,,299710,42,0,99 23 3 24,2,15,,299719,38,0,5,2,61,,299691,42,0,99 23 3 24,1,20,,299725,38,0,5,2,24,,299728,42,0,99 23 3 24,1,60,,299740,38,0,5,2,24,,299745,42,0,99 23 3 24,1,17,,299747,38,0,5,2,65,,299692,42,0,99 23 3 24,1,19,,299707,38,0,5,1,20,,299729,38,0,5,1,62,,299741,42,0,99 23 3 24,2,17,,299711,38,0,5,2,21,,299748,42,0,99 23 3 24,2,54,,299737,38,0,5,1,18,,299693,42,0,99 23 3 24,1,13,,299708,38,0,5,1,16,,299701,42,0,99 23 3 24,2,53,,299696,38,0,5,2,17,,299742,42,0,99 23 3 24,2,13,,299712,38,0,5,2,16,,299681,42,0,99 23 3 24,1,51,,299749,38,0,5,2,14,,299738,38,0,5,1,17,,299694,42,0,99 23 3 24,1,9,,299709,38,0,5,1,12,,299752,42,0,99 23 3 24,1,48,,299702,38,0,5,2,13,,299697,42,0,99 23 3 24,2,8,,299751,38,0,5,2,10,,299743,38,0,5,2,16,,299713,42,0,99 23 3 24,2,10,,299760,38,0,5,2,52,,299682,38,0,5,1,12,,299750,42,0,99 23 3 24,2,7,,299739,38,0,5,1,6,,299684,38,0,5,2,5,,299688,38,0,5,1,5,,299695,38,0,5,1,7,,299766,42,0,99 23 3 24,2,3,,299730,38,0,5,1,5,,299700,38,0,5,2,46,,299754,38,0,5,2,6,,299703,38,0,5,2,6,,299690,38,0,5,1,9,,299720,42,0,99 23 3 24,1,7,,299698,38,0,5,2,8,,299758,38,0,5,2,5,,299744,38,0,5,2,9,,299765,42,0,99 23 3 24,2,45,,299714,38,0,5,2,18,,299761,38,0,5,2,7,,299734,42,0,99 23 3 24,1,7,,299683,38,0,5,1,9,,299685,38,0,5,2,9,,299753,42,0,99 23 3 24,1,5,,299731,38,0,5,1,48,,299767,38,0,5,2,9,,299755,38,0,5,1,11,,299704,42,0,99 23 3 24,2,9,,299721,38,0,5,1,15,,299759,42,0,99 23 3 24,2,9,,299769,38,0,5,2,51,,299715,38,0,5,2,14,,299764,42,0,99 23 3 24,1,9,,299735,38,0,5,1,12,,299746,38,0,5,1,15,,299732,42,0,99 23 3 24,1,49,,299768,38,0,5,2,13,,299756,42,0,99 23 3 24,1,9,,299722,38,0,5,1,16,,299686,42,0,99 23 3 24,2,10,,299699,38,0,5,2,57,,299716,42,0,99 23 3 24,2,12,,299736,38,0,5,1,16,,299705,42,0,99 23 3 24,1,12,,299733,38,0,5,1,55,,299717,38,0,5,1,16,,299677,42,0,99 23 3 24,1,13,,299723,38,0,5,1,17,,299687,38,0,5,2,56,,299726,38,0,5,2,16,,299763,42,0,99 23 3 24,2,11,,299706,38,0,5,1,16,,299718,38,0,5,1,58,,299757,42,0,99 23 3 24,1,13,,299724,38,0,5,1,18,,299762,42,0,99 23 3 24,2,16,,299727,38,0,5,2
4801,'H58S100F-80-F1',606,,299795,38,0,5,2,21,,299770,38,0,5,2,78,,299782,42,0,99 23 3 24,2,28,,299798,38,0,5,1,75,,299802,42,0,99 23 3 24,2,28,,299808,38,0,5,1,73,,299783,42,0,99 23 3 24,2,26,,299799,38,0,5,1,72,,299803,42,0,99 23 3 24,2,17,,299796,38,0,5,2,25,,299809,42,0,99 23 3 24,1,60,,299784,38,0,5,2,25,,299815,42,0,99 23 3 24,1,18,,299800,38,0,5,1,62,,299804,42,0,99 23 3 24,2,14,,299819,38,0,5,2,21,,299772,42,0,99 23 3 24,1,55,,299810,38,0,5,1,22,,299785,42,0,99 23 3 24,2,15,,299816,38,0,5,1,61,,299822,42,0,99 23 3 24,2,15,,299805,38,0,5,2,14,,299820,38,0,5,2,18,,299773,42,0,99 23 3 24,1,52,,299811,38,0,5,1,14,,299776,38,0,5,1,18,,299786,42,0,99 23 3 24,2,12,,299817,38,0,5,1,57,,299823,42,0,99 23 3 24,2,12,,299806,38,0,5,2,18,,299821,42,0,99 23 3 24,2,12,,299774,38,0,5,1,57,,299812,42,0,99 23 3 24,1,8,,299825,38,0,5,1,11,,299777,38,0,5,1,12,,299787,42,0,99 23 3 24,2,7,,299814,38,0,5,1,10,,299830,38,0,5,2,54,,299824,42,0,99 23 3 24,2,7,,299807,38,0,5,2,11,,299833,38,0,5,2,14,,299801,42,0,99 23 3 24,1,8,,299836,38,0,5,1,10,,299775,38,0,5,1,56,,299826,42,0,99 23 3 24,1,10,,299818,38,0,5,1,15,,299788,42,0,99 23 3 24,2,9,,299831,38,0,5,2,13,,299771,38,0,5,1,57,,299778,42,0,99 23 3 24,1,11,,299834,38,0,5,2,13,,299792,38,0,5,2,17,,299813,42,0,99 23 3 24,1,50,,299835,38,0,5,2,13,,299827,38,0,5,1,18,,299832,42,0,99 23 3 24,2,11,,299789,38,0,5,2,57,,299779,38,0,5,1,21,,299797,42,0,99 23 3 24,1,15,,299793,38,0,5,2,65,,299828,38,0,5,1,30,,299790,42,0,99 23 3 24,2,22,,299780,38,0,5,1,72,,299794,42,0,99 23 3 24,2,26,,299829,38,0,5,1,73,,299791,42,0,99 23 3 24,2,29,,299781,38,0,5,1
4801,'H58S200F-80-F2',606,,299859,38,0,5,2,21,,299874,38,0,5,2,78,,299839,42,0,99 23 3 24,2,28,,299861,38,0,5,1,75,,299853,42,0,99 23 3 24,2,28,,299865,38,0,5,1,73,,299840,42,0,99 23 3 24,2,26,,299862,38,0,5,1,72,,299854,42,0,99 23 3 24,2,17,,299860,38,0,5,2,25,,299866,42,0,99 23 3 24,1,60,,299841,38,0,5,2,25,,299881,42,0,99 23 3 24,1,18,,299863,38,0,5,1,62,,299855,42,0,99 23 3 24,2,14,,299884,38,0,5,2,21,,299849,42,0,99 23 3 24,1,55,,299867,38,0,5,1,22,,299842,42,0,99 23 3 24,2,15,,299882,38,0,5,1,61,,299871,42,0,99 23 3 24,2,15,,299856,38,0,5,2,14,,299885,38,0,5,2,18,,299850,42,0,99 23 3 24,1,52,,299868,38,0,5,1,14,,299875,38,0,5,1,18,,299843,42,0,99 23 3 24,2,12,,299883,38,0,5,1,57,,299872,42,0,99 23 3 24,2,12,,299857,38,0,5,2,18,,299886,42,0,99 23 3 24,2,12,,299851,38,0,5,1,57,,299869,42,0,99 23 3 24,1,8,,299887,38,0,5,1,11,,299876,38,0,5,1,12,,299844,42,0,99 23 3 24,2,7,,299837,38,0,5,1,10,,299892,38,0,5,2,54,,299873,42,0,99 23 3 24,2,7,,299858,38,0,5,2,11,,299894,38,0,5,2,14,,299864,42,0,99 23 3 24,1,8,,299838,38,0,5,1,10,,299852,38,0,5,1,56,,299888,42,0,99 23 3 24,1,10,,299900,38,0,5,1,15,,299845,42,0,99 23 3 24,2,9,,299893,38,0,5,2,13,,299901,38,0,5,1,57,,299877,42,0,99 23 3 24,1,11,,299895,38,0,5,2,13,,299896,38,0,5,2,17,,299870,42,0,99 23 3 24,1,50,,299902,38,0,5,2,13,,299889,38,0,5,1,18,,299903,42,0,99 23 3 24,2,11,,299846,38,0,5,2,57,,299878,38,0,5,1,21,,299899,42,0,99 23 3 24,1,15,,299897,38,0,5,2,65,,299890,38,0,5,1,30,,299847,42,0,99 23 3 24,2,22,,299879,38,0,5,1,72,,299898,42,0,99 23 3 24,2,26,,299891,38,0,5,1,73,,299848,42,0,99 23 3 24,2,29,,299880,38,0,5,1
8104,'H54S000A-80-A',715,,310464,6,0,9,2,28,,310475,6,0,9,2,65,,310486,6,0,9,1,25,,310465,6,0,9,2,25,,310476,6,0,9,2,65,,310487,6,0,9,1,25,,310466,6,0,9,2,65,,310477,6,0,9,2,25,,310488,6,0,9,1,65,,310467,6,0,9,2,25,,310478,6,0,9,2,25,,310489,6,0,9,1,65,,310468,6,0,9,2,25,,310479,6,0,9,2,65,,310490,6,0,9,1,25,,310469,6,0,9,2,26,,310480,6,0,9,2,66,,310491,6,0,9,1,25,,310470,6,0,9,2,65,,310481,6,0,9,2,25,,310492,6,0,9,1,66,,310471,6,0,9,2,26,,310482,6,0,9,2,26,,310493,6,0,9,1,66,,310472,6,0,9,2,25,,310483,6,0,9,2,65,,310494,6,0,9,1,25,,310473,6,0,9,2,65,,310484,6,0,9,2,25,,310495,6,0,9,1,25,,310474,6,0,9,2,66,,310485,6,0,9,2
8104,'H54S000I-80-I',714,,310496,6,0,9,1,26,,310517,6,0,9,2,66,,310507,6,0,9,2,27,,310497,6,0,9,1,25,,310518,6,0,9,2,65,,310508,6,0,9,2,25,,310498,6,0,9,1,65,,310519,6,0,9,2,25,,310509,6,0,9,2,66,,310499,6,0,9,1,25,,310520,6,0,9,2,25,,310510,6,0,9,2,65,,310500,6,0,9,1,25,,310521,6,0,9,2,65,,310511,6,0,9,2,25,,310501,6,0,9,1,66,,310522,6,0,9,2,26,,310512,6,0,9,2,25,,310502,6,0,9,1,65,,310523,6,0,9,2,25,,310513,6,0,9,2,65,,310503,6,0,9,1,25,,310524,6,0,9,2,26,,310514,6,0,9,2,66,,310504,6,0,9,1,26,,310525,6,0,9,2,65,,310515,6,0,9,2,25,,310505,6,0,9,1,65,,310526,6,0,9,2,25,,310516,6,0,9,2,25,,310506,6,0,9,1,65,,310527,6,0,9,2
8104,'H54S000S-80-S',656,,310535,6,0,9,2,73,,310528,6,0,9,2,72,,310547,6,0,9,1,28,,310536,6,0,9,2,26,,310529,6,0,9,2,65,,310548,6,0,9,1,25,,310537,6,0,9,2,65,,310530,6,0,9,2,25,,310549,6,0,9,1,65,,310538,6,0,9,2,25,,310531,6,0,9,2,25,,310550,6,0,9,1,65,,310539,6,0,9,2,25,,310532,6,0,9,2,65,,310551,6,0,9,1,25,,310540,6,0,9,2,25,,310533,6,0,9,2,64,,310552,6,0,9,1,25,,310541,6,0,9,2,66,,310534,6,0,9,2,26,,310553,6,0,9,1,66,,310542,6,0,9,2,26,,310558,6,0,9,2,25,,310554,6,0,9,1,64,,310543,6,0,9,2,24,,310559,6,0,9,2,64,,310555,6,0,9,1,24,,310544,6,0,9,2,25,,310560,6,0,9,2,64,,310556,6,0,9,1,26,,310545,6,0,9,2,66,,310561,6,0,9,2,27,,310557,6,0,9,1,67,,310546,6,0,9,2
8104,'H54S100F-80-F1',714,,310562,6,0,9,1,26,,310583,6,0,9,2,66,,310573,6,0,9,2,27,,310563,6,0,9,1,25,,310584,6,0,9,2,65,,310574,6,0,9,2,25,,310564,6,0,9,1,65,,310585,6,0,9,2,25,,310575,6,0,9,2,66,,310565,6,0,9,1,25,,310586,6,0,9,2,25,,310576,6,0,9,2,65,,310566,6,0,9,1,25,,310587,6,0,9,2,65,,310577,6,0,9,2,25,,310567,6,0,9,1,66,,310588,6,0,9,2,26,,310578,6,0,9,2,25,,310568,6,0,9,1,65,,310589,6,0,9,2,25,,310579,6,0,9,2,65,,310569,6,0,9,1,25,,310590,6,0,9,2,26,,310580,6,0,9,2,66,,310570,6,0,9,1,26,,310591,6,0,9,2,65,,310581,6,0,9,2,25,,310571,6,0,9,1,65,,310592,6,0,9,2,25,,310582,6,0,9,2,25,,310572,6,0,9,1,65,,310593,6,0,9,2
8104,'H54S200F-80-F2',714,,310594,6,0,9,1,26,,310615,6,0,9,2,66,,310605,6,0,9,2,27,,310595,6,0,9,1,25,,310616,6,0,9,2,65,,310606,6,0,9,2,25,,310596,6,0,9,1,65,,310617,6,0,9,2,25,,310607,6,0,9,2,66,,310597,6,0,9,1,25,,310618,6,0,9,2,25,,310608,6,0,9,2,65,,310598,6,0,9,1,25,,310619,6,0,9,2,65,,310609,6,0,9,2,25,,310599,6,0,9,1,66,,310620,6,0,9,2,26,,310610,6,0,9,2,25,,310600,6,0,9,1,65,,310621,6,0,9,2,25,,310611,6,0,9,2,65,,310601,6,0,9,1,25,,310622,6,0,9,2,26,,310612,6,0,9,2,66,,310602,6,0,9,1,26,,310623,6,0,9,2,65,,310613,6,0,9,2,25,,310603,6,0,9,1,65,,310624,6,0,9,2,25,,310614,6,0,9,2,25,,310604,6,0,9,1,65,,310625,6,0,9,2
35301,'H54S000A-80-A',2710,,346036,84,0,5,1,49,,346034,84,0,5,2,86,,346035,84,0,5,1,81,,346033,84,0,5,1
35301,'H54S000I-80-I',2626,,346038,84,0,5,1,88,,346040,84,0,5,1,45,,346041,84,0,5,1,85,,346037,84,0,5,2,81,,346039,84,0,5,1
35301,'H54S000S-80-S',2625,,346042,84,0,5,1,87,,346044,84,0,5,1,46,,346045,84,0,5,1,85,,346043,84,0,5,2,80,,346046,84,0,5,2
35301,'H54S100F-80-F1',2626,,346048,84,0,5,1,88,,346050,84,0,5,1,45,,346051,84,0,5,1,85,,346047,84,0,5,2,81,,346049,84,0,5,1
35301,'H54S200F-80-F2',2626,,346053,84,0,5,1,88,,346055,84,0,5,1,45,,346056,84,0,5,1,85,,346052,84,0,5,2,81,,346054,84,0,5,1
44801,'H54S000S-80-S',637,,349152,14,0,99 119 67,1,64,,349145,14,0,99 119 67,2,24,,349139,14,0,99 119 67,2,30,,349146,14,0,99 119 67,2,70,,349141,14,0,99 119 67,1,29,,349140,14,0,99 119 67,2,69,,349155,14,0,99 119 67,1,605,,349142,16,0,99 47,1,30,,349147,16,0,99 47,2,70,,349149,16,0,99 47,2,26,,349143,16,0,99 47,1,65,,349153,16,0,99 47,1,19,,349148,16,0,99 47,2,20,,349150,16,0,99 47,2,59,,349144,16,0,99 47,1,15,,349138,16,0,99 47,2,15,,349154,16,0,99 47,1,68,,349151,16,0,99 47,2,27,,349137,16,0,99 47,2
