12404,'H50S000A-82-A',630,,322229,26,0,9,2,71,,322242,26,0,9,2,30,,322237,26,0,9,1,70,,322230,26,0,9,2,31,,322243,26,0,9,2,71,,322238,26,0,9,1,30,,322231,26,0,9,2,70,,322244,26,0,9,2,32,,322255,26,0,9,2,70,,322248,26,0,9,1,30,,322233,26,0,9,2,70,,322259,26,0,9,1,30,,322262,26,0,9,2,70,,322239,26,0,9,1,30,,322252,26,0,9,1,70,,322245,26,0,9,2,30,,322256,26,0,9,2,70,,322249,26,0,9,1,31,,322234,26,0,9,2,71,,322260,26,0,9,1,31,,322263,26,0,9,2,70,,322240,26,0,9,1,31,,322253,26,0,9,1,68,,322246,26,0,9,2,27,,322257,26,0,9,2,69,,322250,26,0,9,1,29,,322235,26,0,9,2,69,,322261,26,0,9,1,29,,322264,26,0,9,2,29,,322241,26,0,9,1,67,,322254,26,0,9,1,29,,322247,26,0,9,2,70,,322258,26,0,9,2,30,,322251,26,0,9,1,70,,322236,26,0,9,2,28,,322232,26,0,9,2
12404,'H50S000I-82-I',718,,322265,26,0,9,2,30,,322266,26,0,9,1,70,,322290,26,0,9,1,32,,322270,26,0,9,2,71,,322280,26,0,9,1,30,,322274,26,0,9,1,70,,322285,26,0,9,2,32,,322284,26,0,9,2,72,,322267,26,0,9,1,30,,322291,26,0,9,1,68,,322271,26,0,9,2,30,,322281,26,0,9,1,70,,322275,26,0,9,1,30,,322286,26,0,9,2,67,,322294,26,0,9,2,32,,322276,26,0,9,1,70,,322287,26,0,9,2,30,,322295,26,0,9,2,70,,322277,26,0,9,1,31,,322288,26,0,9,2,73,,322268,26,0,9,1,33,,322292,26,0,9,1,70,,322272,26,0,9,2,30,,322282,26,0,9,1,69,,322296,26,0,9,2,31,,322278,26,0,9,1,63,,322289,26,0,9,2,30,,322269,26,0,9,1,70,,322293,26,0,9,1,30,,322273,26,0,9,2,69,,322283,26,0,9,1,30,,322297,26,0,9,2,70,,322279,26,0,9,1,26,,322298,26,0,9,1
12404,'H50S000S-82-S',609,,322327,26,0,9,1,32,,322326,26,0,9,1,69,,322309,26,0,9,1,34,,322299,26,0,9,2,75,,322305,26,0,9,1,30,,322310,26,0,9,1,67,,322311,26,0,9,1,94,,322306,26,0,9,1,30,,322317,26,0,9,2,70,,322312,26,0,9,1,30,,322307,26,0,9,1,70,,322318,26,0,9,2,31,,322313,26,0,9,1,71,,322308,26,0,9,1,31,,322319,26,0,9,2,72,,322314,26,0,9,1,33,,322328,26,0,9,1,76,,322320,26,0,9,2,35,,322315,26,0,9,1,70,,322324,26,0,9,1,29,,322329,26,0,9,1,69,,322321,26,0,9,2,26,,322316,26,0,9,1,69,,322325,26,0,9,1,26,,322330,26,0,9,1,67,,322322,26,0,9,2,29,,322300,26,0,9,1,69,,322331,26,0,9,1,26,,322323,26,0,9,2,70,,322301,26,0,9,1,30,,322332,26,0,9,1,70,,322333,26,0,9,1,30,,322302,26,0,9,1,69,,322304,26,0,9,1,30,,322334,26,0,9,1,70,,322303,26,0,9,1
12404,'H50S100F-80-F1',718,,322335,26,0,9,2,30,,322336,26,0,9,1,70,,322360,26,0,9,1,32,,322340,26,0,9,2,71,,322350,26,0,9,1,30,,322344,26,0,9,1,70,,322355,26,0,9,2,32,,322354,26,0,9,2,72,,322337,26,0,9,1,30,,322361,26,0,9,1,68,,322341,26,0,9,2,30,,322351,26,0,9,1,70,,322345,26,0,9,1,30,,322356,26,0,9,2,67,,322364,26,0,9,2,32,,322346,26,0,9,1,70,,322357,26,0,9,2,30,,322365,26,0,9,2,70,,322347,26,0,9,1,31,,322358,26,0,9,2,73,,322338,26,0,9,1,33,,322362,26,0,9,1,70,,322342,26,0,9,2,30,,322352,26,0,9,1,69,,322366,26,0,9,2,31,,322348,26,0,9,1,63,,322359,26,0,9,2,30,,322339,26,0,9,1,70,,322363,26,0,9,1,30,,322343,26,0,9,2,69,,322353,26,0,9,1,30,,322367,26,0,9,2,70,,322349,26,0,9,1,26,,322368,26,0,9,1
12404,'H50S200F-80-F2',718,,322369,26,0,9,2,30,,322370,26,0,9,1,70,,322394,26,0,9,1,32,,322374,26,0,9,2,71,,322384,26,0,9,1,30,,322378,26,0,9,1,70,,322389,26,0,9,2,32,,322388,26,0,9,2,72,,322371,26,0,9,1,30,,322395,26,0,9,1,68,,322375,26,0,9,2,30,,322385,26,0,9,1,70,,322379,26,0,9,1,30,,322390,26,0,9,2,67,,322398,26,0,9,2,32,,322380,26,0,9,1,70,,322391,26,0,9,2,30,,322399,26,0,9,2,70,,322381,26,0,9,1,31,,322392,26,0,9,2,73,,322372,26,0,9,1,33,,322396,26,0,9,1,70,,322376,26,0,9,2,30,,322386,26,0,9,1,69,,322400,26,0,9,2,31,,322382,26,0,9,1,63,,322393,26,0,9,2,30,,322373,26,0,9,1,70,,322397,26,0,9,1,30,,322377,26,0,9,2,69,,322387,26,0,9,1,30,,322401,26,0,9,2,70,,322383,26,0,9,1,26,,322402,26,0,9,1
12404,'H51S000S-81-S',945,,322403,26,0,9,2
36801,'H57S000A-80-A',2543,,346903,25,0,5,1,84,,346900,25,0,5,2,88,,346902,25,0,5,1,43,,346901,25,0,5,1,84,,346904,25,0,5,1
36801,'H57S000I-80-I',2543,,346905,25,0,5,1,85,,346906,25,0,5,1,86,,346908,25,0,5,1,43,,346909,25,0,5,1,84,,346907,25,0,5,1
36801,'H57S000S-80-S',2542,,346910,25,0,5,1,85,,346913,25,0,5,1,94,,346914,25,0,5,1,36,,346912,25,0,5,1,96,,346911,25,0,5,1
36801,'H57S100F-80-F1',2543,,346915,25,0,5,1,85,,346916,25,0,5,1,86,,346918,25,0,5,1,43,,346919,25,0,5,1,84,,346917,25,0,5,1
36801,'H57S200F-80-F2',2543,,346920,25,0,5,1,85,,346921,25,0,5,1,86,,346923,25,0,5,1,43,,346924,25,0,5,1,84,,346922,25,0,5,1
