11404,'H56S000A-80-A',534,,320359,36,0,9,1,69,,320352,36,0,9,1,29,,320367,36,0,9,1,69,,320360,36,0,9,1,29,,320353,36,0,9,1,29,,320368,36,0,9,1,70,,320361,36,0,9,1,30,,320354,36,0,9,1,71,,320369,36,0,9,1,71,,320362,36,0,9,1,30,,320375,36,0,9,2,71,,320370,36,0,9,1,32,,320363,36,0,9,1,72,,320376,36,0,9,2,32,,320371,36,0,9,1,72,,320364,36,0,9,1,33,,320377,36,0,9,2,72,,320372,36,0,9,1,34,,320365,36,0,9,1,73,,320378,36,0,9,2,33,,320373,36,0,9,1,73,,320366,36,0,9,1,73,,320379,36,0,9,2,31,,320374,36,0,9,1,69,,320351,36,0,9,2,29,,320381,36,0,9,1,70,,320380,36,0,9,2,30,,320358,36,0,9,1,70,,320382,36,0,9,1,30,,320355,36,0,9,1,70,,320387,36,0,9,1,30,,320383,36,0,9,1,70,,320356,36,0,9,1,30,,320388,36,0,9,1,70,,320384,36,0,9,1,30,,320357,36,0,9,1,70,,320389,36,0,9,1,30,,320385,36,0,9,1,71,,320391,36,0,9,1,31,,320390,36,0,9,1,71,,320386,36,0,9,1
11404,'H56S000I-80-I',534,,320425,36,0,9,2,70,,320409,36,0,9,2,29,,320417,36,0,9,1,69,,320426,36,0,9,2,29,,320410,36,0,9,2,69,,320418,36,0,9,1,29,,320427,36,0,9,2,30,,320411,36,0,9,2,71,,320419,36,0,9,1,71,,320428,36,0,9,2,32,,320412,36,0,9,2,71,,320420,36,0,9,1,31,,320429,36,0,9,2,71,,320413,36,0,9,2,32,,320421,36,0,9,1,72,,320401,36,0,9,1,34,,320414,36,0,9,2,74,,320422,36,0,9,1,32,,320402,36,0,9,1,73,,320415,36,0,9,2,33,,320423,36,0,9,1,72,,320403,36,0,9,1,73,,320416,36,0,9,2,33,,320424,36,0,9,1,72,,320404,36,0,9,1,27,,320392,36,0,9,1,69,,320405,36,0,9,2,29,,320397,36,0,9,1,71,,320393,36,0,9,1,30,,320406,36,0,9,2,70,,320398,36,0,9,1,30,,320394,36,0,9,1,69,,320407,36,0,9,2,30,,320399,36,0,9,1,70,,320395,36,0,9,1,30,,320408,36,0,9,2,69,,320400,36,0,9,1,30,,320396,36,0,9,1,70,,320430,36,0,9,2,30,,320431,36,0,9,2
11404,'H56S000S-82-S',525,,320439,36,0,9,1,32,,320438,36,0,9,1,73,,320465,36,0,9,1,71,,320440,36,0,9,1,33,,320432,36,0,9,1,70,,320457,36,0,9,1,30,,320466,36,0,9,1,68,,320441,36,0,9,1,27,,320433,36,0,9,1,30,,320458,36,0,9,1,69,,320467,36,0,9,1,29,,320442,36,0,9,1,68,,320434,36,0,9,1,31,,320459,36,0,9,1,71,,320468,36,0,9,1,31,,320443,36,0,9,1,72,,320450,36,0,9,1,72,,320471,36,0,9,1,33,,320435,36,0,9,1,74,,320460,36,0,9,1,35,,320469,36,0,9,1,74,,320444,36,0,9,1,37,,320451,36,0,9,1,71,,320461,36,0,9,1,31,,320470,36,0,9,2,72,,320445,36,0,9,1,28,,320452,36,0,9,1,71,,320462,36,0,9,1,73,,320446,36,0,9,1,31,,320453,36,0,9,1,71,,320463,36,0,9,1,31,,320447,36,0,9,1,71,,320454,36,0,9,1,29,,320464,36,0,9,1,70,,320448,36,0,9,1,31,,320455,36,0,9,1,71,,320436,36,0,9,1,31,,320449,36,0,9,1,71,,320456,36,0,9,1,30,,320437,36,0,9,1
11404,'H56S100F-80-F1',534,,320505,36,0,9,2,70,,320489,36,0,9,2,29,,320497,36,0,9,1,69,,320506,36,0,9,2,29,,320490,36,0,9,2,69,,320498,36,0,9,1,29,,320507,36,0,9,2,30,,320491,36,0,9,2,71,,320499,36,0,9,1,71,,320508,36,0,9,2,32,,320492,36,0,9,2,71,,320500,36,0,9,1,31,,320509,36,0,9,2,71,,320493,36,0,9,2,32,,320501,36,0,9,1,72,,320481,36,0,9,1,34,,320494,36,0,9,2,74,,320502,36,0,9,1,32,,320482,36,0,9,1,73,,320495,36,0,9,2,33,,320503,36,0,9,1,72,,320483,36,0,9,1,73,,320496,36,0,9,2,33,,320504,36,0,9,1,72,,320484,36,0,9,1,27,,320472,36,0,9,1,69,,320485,36,0,9,2,29,,320477,36,0,9,1,71,,320473,36,0,9,1,30,,320486,36,0,9,2,70,,320478,36,0,9,1,30,,320474,36,0,9,1,69,,320487,36,0,9,2,30,,320479,36,0,9,1,70,,320475,36,0,9,1,30,,320488,36,0,9,2,69,,320480,36,0,9,1,30,,320476,36,0,9,1,70,,320510,36,0,9,2,30,,320511,36,0,9,2
11404,'H56S200F-80-F2',534,,320545,36,0,9,2,70,,320529,36,0,9,2,29,,320537,36,0,9,1,69,,320546,36,0,9,2,29,,320530,36,0,9,2,69,,320538,36,0,9,1,29,,320547,36,0,9,2,30,,320531,36,0,9,2,71,,320539,36,0,9,1,71,,320548,36,0,9,2,32,,320532,36,0,9,2,71,,320540,36,0,9,1,31,,320549,36,0,9,2,71,,320533,36,0,9,2,32,,320541,36,0,9,1,72,,320521,36,0,9,1,34,,320534,36,0,9,2,74,,320542,36,0,9,1,32,,320522,36,0,9,1,73,,320535,36,0,9,2,33,,320543,36,0,9,1,72,,320523,36,0,9,1,73,,320536,36,0,9,2,33,,320544,36,0,9,1,72,,320524,36,0,9,1,27,,320512,36,0,9,1,69,,320525,36,0,9,2,29,,320517,36,0,9,1,71,,320513,36,0,9,1,30,,320526,36,0,9,2,70,,320518,36,0,9,1,30,,320514,36,0,9,1,69,,320527,36,0,9,2,30,,320519,36,0,9,1,70,,320515,36,0,9,1,30,,320528,36,0,9,2,69,,320520,36,0,9,1,30,,320516,36,0,9,1,70,,320550,36,0,9,2,30,,320551,36,0,9,2
12304,'H56S000A-80-A',615,,321866,30,0,9,1,31,,321885,30,0,9,1,71,,321867,30,0,9,1,33,,321886,30,0,9,1,73,,321868,30,0,9,1,33,,321887,30,0,9,1,73,,321869,30,0,9,1,73,,321888,30,0,9,1,33,,321870,30,0,9,1,73,,321889,30,0,9,1,32,,321871,30,0,9,1,72,,321890,30,0,9,1,33,,321872,30,0,9,1,70,,321877,30,0,9,1,28,,321891,30,0,9,1,68,,321873,30,0,9,1,27,,321878,30,0,9,1,68,,321892,30,0,9,1,28,,321874,30,0,9,1,70,,321879,30,0,9,1,30,,321893,30,0,9,1,69,,321875,30,0,9,1,29,,321880,30,0,9,1,69,,321894,30,0,9,1,29,,321876,30,0,9,1,29,,321881,30,0,9,1,71,,321895,30,0,9,1,71,,321882,30,0,9,1,32,,321896,30,0,9,1,71,,321883,30,0,9,1,32,,321897,30,0,9,1,72,,321884,30,0,9,1,32,,321898,30,0,9,1,72,,321901,30,0,9,1,30,,321899,30,0,9,1,72,,321902,30,0,9,1,31,,321900,30,0,9,1
12304,'H56S000I-80-I',612,,321903,30,0,9,1,32,,321921,30,0,9,1,71,,321904,30,0,9,1,32,,321922,30,0,9,1,73,,321905,30,0,9,1,33,,321923,30,0,9,1,73,,321906,30,0,9,1,74,,321924,30,0,9,1,33,,321907,30,0,9,1,74,,321925,30,0,9,1,35,,321908,30,0,9,1,74,,321926,30,0,9,1,36,,321909,30,0,9,1,76,,321927,30,0,9,1,76,,321910,30,0,9,1,36,,321928,30,0,9,1,76,,321911,30,0,9,1,35,,321929,30,0,9,1,75,,321912,30,0,9,1,75,,321930,30,0,9,1,35,,321913,30,0,9,1,73,,321931,30,0,9,1,35,,321914,30,0,9,1,73,,321932,30,0,9,1,34,,321915,30,0,9,1,72,,321933,30,0,9,1,33,,321916,30,0,9,1,72,,321934,30,0,9,1,73,,321917,30,0,9,1,32,,321935,30,0,9,1,72,,321918,30,0,9,1,32,,321936,30,0,9,1,70,,321919,30,0,9,1,32,,321937,30,0,9,1,70,,321920,30,0,9,1
12304,'H56S000S-82-S',557,,321955,30,0,9,1,73,,321948,30,0,9,1,19,,321974,30,0,9,2,60,,321956,30,0,9,1,35,,321949,30,0,9,1,71,,321975,30,0,9,2,31,,321957,30,0,9,1,68,,321950,30,0,9,1,27,,321952,30,0,9,1,68,,321958,30,0,9,1,31,,321951,30,0,9,1,71,,321953,30,0,9,1,30,,321959,30,0,9,1,74,,321971,30,0,9,1,33,,321938,30,0,9,1,72,,321961,30,0,9,1,32,,321962,30,0,9,1,72,,321954,30,0,9,1,33,,321960,30,0,9,1,76,,321972,30,0,9,1,76,,321963,30,0,9,2,33,,321966,30,0,9,2,73,,321973,30,0,9,1,32,,321964,30,0,9,2,70,,321967,30,0,9,2,32,,321941,30,0,9,1,70,,321965,30,0,9,2,29,,321968,30,0,9,2,71,,321942,30,0,9,1,29,,321939,30,0,9,2,71,,321969,30,0,9,2,31,,321943,30,0,9,1,70,,321940,30,0,9,2,30,,321970,30,0,9,2,69,,321944,30,0,9,1,31,,321946,30,0,9,2,72,,321945,30,0,9,1,33,,321947,30,0,9,2
12304,'H56S100F-80-F1',612,,321976,30,0,9,1,32,,321994,30,0,9,1,71,,321977,30,0,9,1,32,,321995,30,0,9,1,73,,321978,30,0,9,1,33,,321996,30,0,9,1,73,,321979,30,0,9,1,74,,321997,30,0,9,1,33,,321980,30,0,9,1,74,,321998,30,0,9,1,35,,321981,30,0,9,1,74,,321999,30,0,9,1,36,,321982,30,0,9,1,76,,322000,30,0,9,1,76,,321983,30,0,9,1,36,,322001,30,0,9,1,76,,321984,30,0,9,1,35,,322002,30,0,9,1,75,,321985,30,0,9,1,75,,322003,30,0,9,1,35,,321986,30,0,9,1,73,,322004,30,0,9,1,35,,321987,30,0,9,1,73,,322005,30,0,9,1,34,,321988,30,0,9,1,72,,322006,30,0,9,1,33,,321989,30,0,9,1,72,,322007,30,0,9,1,73,,321990,30,0,9,1,32,,322008,30,0,9,1,72,,321991,30,0,9,1,32,,322009,30,0,9,1,70,,321992,30,0,9,1,32,,322010,30,0,9,1,70,,321993,30,0,9,1
12304,'H56S200F-80-F2',612,,322011,30,0,9,1,32,,322029,30,0,9,1,71,,322012,30,0,9,1,32,,322030,30,0,9,1,73,,322013,30,0,9,1,33,,322031,30,0,9,1,73,,322014,30,0,9,1,74,,322032,30,0,9,1,33,,322015,30,0,9,1,74,,322033,30,0,9,1,35,,322016,30,0,9,1,74,,322034,30,0,9,1,36,,322017,30,0,9,1,76,,322035,30,0,9,1,76,,322018,30,0,9,1,36,,322036,30,0,9,1,76,,322019,30,0,9,1,35,,322037,30,0,9,1,75,,322020,30,0,9,1,75,,322038,30,0,9,1,35,,322021,30,0,9,1,73,,322039,30,0,9,1,35,,322022,30,0,9,1,73,,322040,30,0,9,1,34,,322023,30,0,9,1,72,,322041,30,0,9,1,33,,322024,30,0,9,1,72,,322042,30,0,9,1,73,,322025,30,0,9,1,32,,322043,30,0,9,1,72,,322026,30,0,9,1,32,,322044,30,0,9,1,70,,322027,30,0,9,1,32,,322045,30,0,9,1,70,,322028,30,0,9,1
19802,'H56S000A-80-A',504,,339268,4,0,10,1,32,,339265,4,0,10,1,72,,339293,4,0,10,2,31,,339285,4,0,10,1,71,,339269,4,0,10,1,29,,339277,4,0,10,2,68,,339300,4,0,10,1,29,,339294,4,0,10,2,69,,339286,4,0,10,1,31,,339270,4,0,10,1,70,,339278,4,0,10,2,30,,339301,4,0,10,1,69,,339295,4,0,10,2,30,,339287,4,0,10,1,70,,339271,4,0,10,1,29,,339279,4,0,10,2,71,,339302,4,0,10,1,29,,339296,4,0,10,2,68,,339288,4,0,10,1,29,,339272,4,0,10,1,70,,339280,4,0,10,2,29,,339303,4,0,10,2,70,,339297,4,0,10,1,31,,339289,4,0,10,1,69,,339273,4,0,10,1,30,,339281,4,0,10,2,71,,339304,4,0,10,2,29,,339298,4,0,10,1,29,,339290,4,0,10,1,69,,339274,4,0,10,1,29,,339282,4,0,10,2,69,,339305,4,0,10,2,30,,339299,4,0,10,1,69,,339291,4,0,10,1,30,,339275,4,0,10,1,71,,339283,4,0,10,2,30,,339306,4,0,10,2,70,,339266,4,0,10,1,29,,339292,4,0,10,1,71,,339276,4,0,10,1,31,,339284,4,0,10,2,73,,339307,4,0,10,2,70,,339267,4,0,10,1
19802,'H56S000I-80-I',506,,339308,4,0,10,1,30,,339326,4,0,10,2,70,,339312,4,0,10,1,30,,339340,4,0,10,1,70,,339318,4,0,10,2,30,,339309,4,0,10,1,70,,339327,4,0,10,2,31,,339313,4,0,10,1,71,,339341,4,0,10,1,33,,339319,4,0,10,2,73,,339342,4,0,10,1,32,,339328,4,0,10,2,73,,339329,4,0,10,1,32,,339334,4,0,10,1,71,,339320,4,0,10,2,31,,339343,4,0,10,1,71,,339314,4,0,10,1,30,,339330,4,0,10,1,70,,339335,4,0,10,1,30,,339321,4,0,10,2,70,,339344,4,0,10,1,30,,339315,4,0,10,1,70,,339331,4,0,10,1,32,,339336,4,0,10,1,72,,339322,4,0,10,2,29,,339345,4,0,10,1,69,,339316,4,0,10,1,30,,339332,4,0,10,1,70,,339337,4,0,10,1,28,,339323,4,0,10,2,68,,339346,4,0,10,1,30,,339317,4,0,10,1,70,,339333,4,0,10,1,30,,339338,4,0,10,1,70,,339324,4,0,10,2,31,,339310,4,0,10,2,70,,339348,4,0,10,1,30,,339347,4,0,10,2,71,,339339,4,0,10,1,33,,339325,4,0,10,2,73,,339311,4,0,10,1
19802,'H56S000S-82-S',538,,339392,4,0,10,2,70,,339359,4,0,10,2,30,,339390,4,0,10,1,21,,339382,4,0,10,2,61,,339378,4,0,10,2,20,,339364,4,0,10,2,15,,339371,4,0,10,1,50,,339377,4,0,10,1,27,,339383,4,0,10,2,70,,339360,4,0,10,2,31,,339374,4,0,10,1,72,,339379,4,0,10,2,29,,339372,4,0,10,1,68,,339384,4,0,10,2,30,,339361,4,0,10,2,69,,339375,4,0,10,1,30,,339380,4,0,10,2,70,,339373,4,0,10,1,29,,339385,4,0,10,2,71,,339362,4,0,10,2,22,,339351,4,0,10,1,22,,339376,4,0,10,1,63,,339381,4,0,10,2,22,,339349,4,0,10,1,24,,339365,4,0,10,1,70,,339355,4,0,10,1,28,,339363,4,0,10,2,67,,339352,4,0,10,1,27,,339369,4,0,10,2,69,,339388,4,0,10,2,29,,339366,4,0,10,1,69,,339356,4,0,10,1,30,,339391,4,0,10,1,70,,339386,4,0,10,2,30,,339370,4,0,10,2,73,,339367,4,0,10,1,33,,339357,4,0,10,1,73,,339353,4,0,10,1,33,,339387,4,0,10,2,71,,339389,4,0,10,2,31,,339368,4,0,10,1,71,,339358,4,0,10,1,31,,339354,4,0,10,1,71,,339350,4,0,10,1
19802,'H56S100F-80-F1',506,,339393,4,0,10,1,30,,339411,4,0,10,2,70,,339397,4,0,10,1,30,,339425,4,0,10,1,70,,339403,4,0,10,2,30,,339394,4,0,10,1,70,,339412,4,0,10,2,31,,339398,4,0,10,1,71,,339426,4,0,10,1,33,,339404,4,0,10,2,73,,339427,4,0,10,1,32,,339413,4,0,10,2,73,,339414,4,0,10,1,32,,339419,4,0,10,1,71,,339405,4,0,10,2,31,,339428,4,0,10,1,71,,339399,4,0,10,1,30,,339415,4,0,10,1,70,,339420,4,0,10,1,30,,339406,4,0,10,2,70,,339429,4,0,10,1,30,,339400,4,0,10,1,70,,339416,4,0,10,1,32,,339421,4,0,10,1,72,,339407,4,0,10,2,29,,339430,4,0,10,1,69,,339401,4,0,10,1,30,,339417,4,0,10,1,70,,339422,4,0,10,1,28,,339408,4,0,10,2,68,,339431,4,0,10,1,30,,339402,4,0,10,1,70,,339418,4,0,10,1,30,,339423,4,0,10,1,70,,339409,4,0,10,2,31,,339395,4,0,10,2,70,,339433,4,0,10,1,30,,339432,4,0,10,2,71,,339424,4,0,10,1,33,,339410,4,0,10,2,73,,339396,4,0,10,1
19802,'H56S200F-80-F2',506,,339434,4,0,10,1,30,,339452,4,0,10,2,70,,339438,4,0,10,1,30,,339466,4,0,10,1,70,,339444,4,0,10,2,30,,339435,4,0,10,1,70,,339453,4,0,10,2,31,,339439,4,0,10,1,71,,339467,4,0,10,1,33,,339445,4,0,10,2,73,,339468,4,0,10,1,32,,339454,4,0,10,2,73,,339455,4,0,10,1,32,,339460,4,0,10,1,71,,339446,4,0,10,2,31,,339469,4,0,10,1,71,,339440,4,0,10,1,30,,339456,4,0,10,1,70,,339461,4,0,10,1,30,,339447,4,0,10,2,70,,339470,4,0,10,1,30,,339441,4,0,10,1,70,,339457,4,0,10,1,32,,339462,4,0,10,1,72,,339448,4,0,10,2,29,,339471,4,0,10,1,69,,339442,4,0,10,1,30,,339458,4,0,10,1,70,,339463,4,0,10,1,28,,339449,4,0,10,2,68,,339472,4,0,10,1,30,,339443,4,0,10,1,70,,339459,4,0,10,1,30,,339464,4,0,10,1,70,,339450,4,0,10,2,31,,339436,4,0,10,2,70,,339474,4,0,10,1,30,,339473,4,0,10,2,71,,339465,4,0,10,1,33,,339451,4,0,10,2,73,,339437,4,0,10,1
