8502,'H59S000A-80-A',523,,310788,44,0,10,1,81,,310795,44,0,10,1,39,,310796,44,0,10,1,81,,310789,44,0,10,1,84,,310807,44,0,10,2,42,,310797,44,0,10,1,81,,310790,44,0,10,1,82,,310808,44,0,10,2,42,,310798,44,0,10,1,81,,310791,44,0,10,1,83,,310809,44,0,10,2,83,,310799,44,0,10,1,43,,310792,44,0,10,1,73,,310810,44,0,10,2,33,,310802,44,0,10,1,75,,310800,44,0,10,1,74,,310793,44,0,10,1,34,,310811,44,0,10,2,72,,310803,44,0,10,1,34,,310801,44,0,10,1,73,,310794,44,0,10,1,32,,310812,44,0,10,2,83,,310804,44,0,10,1,81,,310816,44,0,10,1,43,,310813,44,0,10,2,85,,310805,44,0,10,1,85,,310817,44,0,10,1,84,,310814,44,0,10,2,44,,310806,44,0,10,1,84,,310818,44,0,10,1,85,,310815,44,0,10,2
8502,'H59S000I-81-I',538,,310819,44,0,10,1,83,,310823,44,0,10,2,85,,310830,44,0,10,1,45,,310842,44,0,10,1,84,,310824,44,0,10,2,83,,310831,44,0,10,1,83,,310843,44,0,10,1,42,,310825,44,0,10,2,81,,310832,44,0,10,1,80,,310844,44,0,10,1,41,,310826,44,0,10,2,81,,310833,44,0,10,1,33,,310848,44,0,10,2,72,,310845,44,0,10,1,73,,310827,44,0,10,2,32,,310834,44,0,10,1,72,,310849,44,0,10,2,32,,310846,44,0,10,1,69,,310828,44,0,10,2,32,,310835,44,0,10,1,72,,310850,44,0,10,2,32,,310847,44,0,10,1,72,,310829,44,0,10,2,33,,310836,44,0,10,1,78,,310820,44,0,10,1,79,,310839,44,0,10,1,41,,310837,44,0,10,1,79,,310821,44,0,10,1,83,,310840,44,0,10,1,43,,310838,44,0,10,1,83,,310822,44,0,10,1,83,,310841,44,0,10,1
8502,'H59S000S-80-S',526,,310851,44,0,10,1,75,,310854,44,0,10,2,32,,310864,44,0,10,2,26,,310856,44,0,10,1,63,,310869,44,0,10,2,23,,310871,44,0,10,2,60,,310886,44,0,10,1,17,,310855,44,0,10,2,17,,310888,44,0,10,1,20,,310865,44,0,10,2,66,,310857,44,0,10,1,28,,310870,44,0,10,2,69,,310887,44,0,10,1,28,,310889,44,0,10,1,68,,310866,44,0,10,2,33,,310858,44,0,10,1,73,,310875,44,0,10,2,33,,310872,44,0,10,1,73,,310867,44,0,10,2,70,,310879,44,0,10,2,31,,310859,44,0,10,1,73,,310876,44,0,10,2,32,,310873,44,0,10,1,70,,310868,44,0,10,2,35,,310880,44,0,10,2,75,,310860,44,0,10,1,29,,310877,44,0,10,2,71,,310874,44,0,10,1,31,,310884,44,0,10,1,72,,310881,44,0,10,2,33,,310861,44,0,10,1,73,,310878,44,0,10,2,33,,310885,44,0,10,1,77,,310882,44,0,10,2,83,,310862,44,0,10,1,84,,310852,44,0,10,1,44,,310883,44,0,10,2,72,,310863,44,0,10,1,88,,310853,44,0,10,1
8502,'H59S100F-80-F1',538,,310890,44,0,10,1,83,,310891,44,0,10,2,85,,310898,44,0,10,1,45,,310910,44,0,10,1,84,,310892,44,0,10,2,83,,310899,44,0,10,1,83,,310911,44,0,10,1,42,,310893,44,0,10,2,81,,310900,44,0,10,1,80,,310912,44,0,10,1,41,,310894,44,0,10,2,81,,310901,44,0,10,1,33,,310919,44,0,10,2,72,,310913,44,0,10,1,73,,310895,44,0,10,2,32,,310902,44,0,10,1,72,,310920,44,0,10,2,32,,310914,44,0,10,1,69,,310896,44,0,10,2,32,,310903,44,0,10,1,72,,310921,44,0,10,2,32,,310915,44,0,10,1,72,,310897,44,0,10,2,33,,310904,44,0,10,1,78,,310916,44,0,10,1,79,,310907,44,0,10,1,41,,310905,44,0,10,1,79,,310917,44,0,10,1,83,,310908,44,0,10,1,43,,310906,44,0,10,1,83,,310918,44,0,10,1,83,,310909,44,0,10,1
8502,'H59S200F-80-F2',538,,310922,44,0,10,1,83,,310923,44,0,10,2,85,,310930,44,0,10,1,45,,310942,44,0,10,1,84,,310924,44,0,10,2,83,,310931,44,0,10,1,83,,310943,44,0,10,1,42,,310925,44,0,10,2,81,,310932,44,0,10,1,80,,310944,44,0,10,1,41,,310926,44,0,10,2,81,,310933,44,0,10,1,33,,310951,44,0,10,2,72,,310945,44,0,10,1,73,,310927,44,0,10,2,32,,310934,44,0,10,1,72,,310952,44,0,10,2,32,,310946,44,0,10,1,69,,310928,44,0,10,2,32,,310935,44,0,10,1,72,,310953,44,0,10,2,32,,310947,44,0,10,1,72,,310929,44,0,10,2,33,,310936,44,0,10,1,78,,310948,44,0,10,1,79,,310939,44,0,10,1,41,,310937,44,0,10,1,79,,310949,44,0,10,1,83,,310940,44,0,10,1,43,,310938,44,0,10,1,83,,310950,44,0,10,1,83,,310941,44,0,10,1
36202,'H54S000A-80-A',2626,,346682,93,0,10,2,88,,346684,93,0,10,1,45,,346681,93,0,10,1,85,,346680,93,0,10,1,82,,346683,93,0,10,1
36202,'H54S000I-80-I',2626,,346688,93,0,10,2,85,,346686,93,0,10,1,45,,346687,93,0,10,2,88,,346685,93,0,10,1,85,,346689,93,0,10,2
36202,'H54S000S-80-S',2626,,346691,93,0,10,2,85,,346694,93,0,10,1,45,,346693,93,0,10,1,89,,346690,93,0,10,1,85,,346692,93,0,10,1
36202,'H54S100F-80-F1',2626,,346698,93,0,10,2,85,,346696,93,0,10,1,45,,346697,93,0,10,2,88,,346695,93,0,10,1,85,,346699,93,0,10,2
36202,'H54S200F-80-F2',2626,,346703,93,0,10,2,85,,346701,93,0,10,1,45,,346702,93,0,10,2,88,,346700,93,0,10,1,85,,346704,93,0,10,2
