20801,'H60S000A-80-A',611,,342187,12,0,5,1,32,,342205,12,0,5,2,70,,342196,12,0,5,2,29,,342189,12,0,5,1,72,,342206,12,0,5,2,32,,342197,12,0,5,2,73,,342190,12,0,5,1,33,,342207,12,0,5,2,69,,342215,12,0,5,1,29,,342188,12,0,5,1,68,,342201,12,0,5,2,30,,342182,12,0,5,1,69,,342198,12,0,5,2,30,,342191,12,0,5,1,70,,342208,12,0,5,2,31,,342216,12,0,5,1,70,,342212,12,0,5,1,31,,342202,12,0,5,2,69,,342183,12,0,5,1,30,,342199,12,0,5,2,70,,342192,12,0,5,1,30,,342209,12,0,5,2,70,,342217,12,0,5,1,30,,342213,12,0,5,1,70,,342203,12,0,5,2,29,,342184,12,0,5,1,68,,342200,12,0,5,2,29,,342193,12,0,5,1,68,,342210,12,0,5,2,29,,342185,12,0,5,1,72,,342214,12,0,5,1,32,,342204,12,0,5,2,72,,342186,12,0,5,1,33,,342194,12,0,5,1,70,,342211,12,0,5,2,30,,342218,12,0,5,1,72,,342195,12,0,5,1
20801,'H60S000I-81-I',708,,342227,12,0,5,1,30,,342220,12,0,5,1,70,,342235,12,0,5,1,31,,342233,12,0,5,2,72,,342237,12,0,5,1,31,,342241,12,0,5,2,73,,342228,12,0,5,1,33,,342221,12,0,5,1,73,,342236,12,0,5,1,31,,342234,12,0,5,2,71,,342238,12,0,5,1,30,,342242,12,0,5,2,73,,342229,12,0,5,1,33,,342222,12,0,5,1,68,,342252,12,0,5,2,28,,342247,12,0,5,1,67,,342250,12,0,5,1,28,,342239,12,0,5,1,69,,342243,12,0,5,2,29,,342230,12,0,5,1,69,,342223,12,0,5,1,28,,342253,12,0,5,2,66,,342244,12,0,5,2,31,,342251,12,0,5,1,70,,342224,12,0,5,1,30,,342248,12,0,5,1,72,,342231,12,0,5,1,33,,342240,12,0,5,1,72,,342245,12,0,5,2,30,,342226,12,0,5,1,70,,342225,12,0,5,1,30,,342249,12,0,5,1,70,,342232,12,0,5,1,30,,342219,12,0,5,1,70,,342246,12,0,5,2
20801,'H60S000S-83-S',547,,342258,12,0,5,1,71,,342272,12,0,5,2,31,,342276,12,0,5,2,72,,342266,12,0,5,1,30,,342259,12,0,5,1,68,,342273,12,0,5,2,29,,342277,12,0,5,2,70,,342267,12,0,5,1,30,,342278,12,0,5,2,70,,342254,12,0,5,2,31,,342257,12,0,5,1,70,,342268,12,0,5,1,30,,342279,12,0,5,2,70,,342255,12,0,5,2,30,,342260,12,0,5,1,70,,342269,12,0,5,1,29,,342280,12,0,5,2,69,,342262,12,0,5,1,30,,342261,12,0,5,1,68,,342256,12,0,5,1,27,,342281,12,0,5,2,71,,342284,12,0,5,1,30,,342265,12,0,5,1,70,,342270,12,0,5,1,31,,342263,12,0,5,1,70,,342287,12,0,5,2,31,,342274,12,0,5,2,72,,342283,12,0,5,1,31,,342290,12,0,5,1,70,,342285,12,0,5,1,30,,342271,12,0,5,1,70,,342264,12,0,5,1,31,,342282,12,0,5,1,69,,342275,12,0,5,2,30,,342289,12,0,5,1,68,,342288,12,0,5,2,28,,342286,12,0,5,1,68,,342291,12,0,5,2
20801,'H60S100F-80-F1',708,,342299,12,0,5,2,30,,342292,12,0,5,1,70,,342311,12,0,5,1,31,,342305,12,0,5,1,72,,342313,12,0,5,2,31,,342319,12,0,5,1,73,,342300,12,0,5,2,33,,342293,12,0,5,1,73,,342312,12,0,5,1,31,,342306,12,0,5,1,71,,342314,12,0,5,2,30,,342320,12,0,5,1,73,,342301,12,0,5,2,33,,342294,12,0,5,1,68,,342325,12,0,5,2,28,,342308,12,0,5,1,67,,342317,12,0,5,1,28,,342315,12,0,5,2,69,,342321,12,0,5,1,29,,342302,12,0,5,2,69,,342295,12,0,5,1,28,,342326,12,0,5,2,66,,342322,12,0,5,1,31,,342318,12,0,5,1,70,,342296,12,0,5,1,30,,342309,12,0,5,1,72,,342303,12,0,5,2,33,,342316,12,0,5,2,72,,342323,12,0,5,1,30,,342298,12,0,5,2,70,,342297,12,0,5,1,30,,342310,12,0,5,1,70,,342304,12,0,5,2,30,,342307,12,0,5,1,70,,342324,12,0,5,1
20801,'H60S200F-80-F2',708,,342334,12,0,5,2,30,,342327,12,0,5,1,70,,342346,12,0,5,1,31,,342340,12,0,5,1,72,,342348,12,0,5,2,31,,342354,12,0,5,1,73,,342335,12,0,5,2,33,,342328,12,0,5,1,73,,342347,12,0,5,1,31,,342341,12,0,5,1,71,,342349,12,0,5,2,30,,342355,12,0,5,1,73,,342336,12,0,5,2,33,,342329,12,0,5,1,68,,342360,12,0,5,2,28,,342343,12,0,5,1,67,,342352,12,0,5,1,28,,342350,12,0,5,2,69,,342356,12,0,5,1,29,,342337,12,0,5,2,69,,342330,12,0,5,1,28,,342361,12,0,5,2,66,,342357,12,0,5,1,31,,342353,12,0,5,1,70,,342331,12,0,5,1,30,,342344,12,0,5,1,72,,342338,12,0,5,2,33,,342351,12,0,5,2,72,,342358,12,0,5,1,30,,342333,12,0,5,2,70,,342332,12,0,5,1,30,,342345,12,0,5,1,70,,342339,12,0,5,2,30,,342342,12,0,5,1,70,,342359,12,0,5,1
37601,'H60S000A-80-A',2501,,347209,23,0,5,1,46,,347207,23,0,5,1,85,,347211,23,0,5,1,84,,347208,23,0,5,1,85,,347210,23,0,5,1
37601,'H60S000I-81-I',2501,,347215,23,0,5,1,45,,347212,23,0,5,1,86,,347214,23,0,5,1,83,,347213,23,0,5,1,85,,347216,23,0,5,1
37601,'H60S000S-83-S',2500,,347220,23,0,5,1,45,,347217,23,0,5,2,85,,347219,23,0,5,1,85,,347218,23,0,5,1,44,,347221,23,0,5,1
37601,'H60S100F-80-F1',2501,,347223,23,0,5,1,45,,347225,23,0,5,1,86,,347222,23,0,5,1,83,,347226,23,0,5,1,85,,347224,23,0,5,1
37601,'H60S200F-80-F2',2501,,347228,23,0,5,1,45,,347230,23,0,5,1,86,,347227,23,0,5,1,83,,347231,23,0,5,1,85,,347229,23,0,5,1
