1602,'H50S000A-82-A',613,,289521,23,0,10,2,30,,289546,23,0,10,1,70,,289522,23,0,10,2,30,,289547,23,0,10,1,70,,289523,23,0,10,2,31,,289548,23,0,10,1,72,,289524,23,0,10,2,32,,289549,23,0,10,1,72,,289525,23,0,10,2,31,,289550,23,0,10,1,70,,289526,23,0,10,2,30,,289535,23,0,10,1,71,,289551,23,0,10,1,29,,289527,23,0,10,2,69,,289536,23,0,10,1,31,,289552,23,0,10,1,69,,289528,23,0,10,2,30,,289537,23,0,10,1,69,,289540,23,0,10,1,29,,289529,23,0,10,2,69,,289538,23,0,10,1,30,,289541,23,0,10,1,70,,289530,23,0,10,2,27,,289539,23,0,10,1,71,,289542,23,0,10,1,32,,289531,23,0,10,2,72,,289543,23,0,10,1,32,,289532,23,0,10,2,69,,289544,23,0,10,1,30,,289533,23,0,10,2,69,,289545,23,0,10,1,29,,289534,23,0,10,2
1602,'H50S000I-82-I',616,,289561,23,0,10,2,29,,289572,23,0,10,1,68,,289562,23,0,10,2,30,,289573,23,0,10,1,68,,289563,23,0,10,2,31,,289574,23,0,10,1,70,,289564,23,0,10,2,31,,289575,23,0,10,1,74,,289565,23,0,10,2,32,,289576,23,0,10,1,73,,289566,23,0,10,2,33,,289577,23,0,10,1,74,,289567,23,0,10,2,27,,289553,23,0,10,2,67,,289578,23,0,10,1,27,,289568,23,0,10,2,65,,289554,23,0,10,2,27,,289579,23,0,10,1,67,,289569,23,0,10,2,27,,289555,23,0,10,2,67,,289580,23,0,10,1,27,,289570,23,0,10,2,27,,289556,23,0,10,2,65,,289581,23,0,10,1,27,,289571,23,0,10,2,67,,289557,23,0,10,2,31,,289582,23,0,10,1,71,,289558,23,0,10,2,29,,289583,23,0,10,1,71,,289559,23,0,10,2,31,,289584,23,0,10,1,69,,289560,23,0,10,2,29,,289585,23,0,10,1
1602,'H50S000S-82-S',613,,289595,23,0,10,2,33,,289606,23,0,10,1,75,,289586,23,0,10,2,31,,289596,23,0,10,2,63,,289617,23,0,10,2,23,,289607,23,0,10,1,63,,289587,23,0,10,2,29,,289597,23,0,10,2,73,,289608,23,0,10,1,30,,289588,23,0,10,2,71,,289598,23,0,10,2,31,,289609,23,0,10,1,72,,289589,23,0,10,2,31,,289599,23,0,10,2,70,,289610,23,0,10,1,32,,289590,23,0,10,2,70,,289600,23,0,10,2,30,,289611,23,0,10,1,74,,289591,23,0,10,2,33,,289601,23,0,10,2,74,,289612,23,0,10,1,32,,289592,23,0,10,2,71,,289602,23,0,10,2,32,,289613,23,0,10,1,65,,289593,23,0,10,2,26,,289603,23,0,10,2,65,,289614,23,0,10,1,27,,289594,23,0,10,2,72,,289604,23,0,10,2,32,,289615,23,0,10,1,72,,289605,23,0,10,2,30,,289616,23,0,10,1
1602,'H50S100F-80-F1',616,,289626,23,0,10,2,29,,289637,23,0,10,1,68,,289627,23,0,10,2,30,,289638,23,0,10,1,68,,289628,23,0,10,2,31,,289639,23,0,10,1,70,,289629,23,0,10,2,31,,289640,23,0,10,1,74,,289630,23,0,10,2,32,,289641,23,0,10,1,73,,289631,23,0,10,2,33,,289642,23,0,10,1,74,,289632,23,0,10,2,27,,289618,23,0,10,2,67,,289643,23,0,10,1,27,,289633,23,0,10,2,65,,289619,23,0,10,2,27,,289644,23,0,10,1,67,,289634,23,0,10,2,27,,289620,23,0,10,2,67,,289645,23,0,10,1,27,,289635,23,0,10,2,27,,289621,23,0,10,2,65,,289646,23,0,10,1,27,,289636,23,0,10,2,67,,289622,23,0,10,2,31,,289647,23,0,10,1,71,,289623,23,0,10,2,29,,289648,23,0,10,1,71,,289624,23,0,10,2,31,,289649,23,0,10,1,69,,289625,23,0,10,2,29,,289650,23,0,10,1
1602,'H50S200F-80-F2',616,,289659,23,0,10,2,29,,289670,23,0,10,1,68,,289660,23,0,10,2,30,,289671,23,0,10,1,68,,289661,23,0,10,2,31,,289672,23,0,10,1,70,,289662,23,0,10,2,31,,289673,23,0,10,1,74,,289663,23,0,10,2,32,,289674,23,0,10,1,73,,289664,23,0,10,2,33,,289675,23,0,10,1,74,,289665,23,0,10,2,27,,289651,23,0,10,2,67,,289676,23,0,10,1,27,,289666,23,0,10,2,65,,289652,23,0,10,2,27,,289677,23,0,10,1,67,,289667,23,0,10,2,27,,289653,23,0,10,2,67,,289678,23,0,10,1,27,,289668,23,0,10,2,27,,289654,23,0,10,2,65,,289679,23,0,10,1,27,,289669,23,0,10,2,67,,289655,23,0,10,2,31,,289680,23,0,10,1,71,,289656,23,0,10,2,29,,289681,23,0,10,1,71,,289657,23,0,10,2,31,,289682,23,0,10,1,69,,289658,23,0,10,2,29,,289683,23,0,10,1
12403,'H50S000A-82-A',626,,322050,38,0,8,2,30,,322082,38,0,8,1,70,,322046,38,0,8,2,30,,322060,38,0,8,2,70,,322055,38,0,8,1,31,,322047,38,0,8,2,71,,322061,38,0,8,2,72,,322056,38,0,8,1,30,,322066,38,0,8,1,29,,322062,38,0,8,2,70,,322073,38,0,8,2,71,,322067,38,0,8,1,32,,322051,38,0,8,2,70,,322076,38,0,8,1,30,,322079,38,0,8,2,70,,322057,38,0,8,1,30,,322071,38,0,8,1,70,,322063,38,0,8,2,30,,322074,38,0,8,2,70,,322068,38,0,8,1,30,,322052,38,0,8,2,73,,322077,38,0,8,1,27,,322080,38,0,8,2,69,,322058,38,0,8,1,30,,322072,38,0,8,1,70,,322064,38,0,8,2,29,,322075,38,0,8,2,28,,322069,38,0,8,1,70,,322053,38,0,8,2,30,,322078,38,0,8,1,70,,322081,38,0,8,2,26,,322059,38,0,8,1,70,,322048,38,0,8,1,30,,322065,38,0,8,2,70,,322049,38,0,8,2,30,,322070,38,0,8,1,67,,322054,38,0,8,2
12403,'H50S000I-82-I',707,,322091,38,0,8,1,32,,322104,38,0,8,2,71,,322102,38,0,8,2,30,,322083,38,0,8,1,69,,322110,38,0,8,1,31,,322087,38,0,8,2,70,,322098,38,0,8,1,29,,322092,38,0,8,1,69,,322105,38,0,8,2,34,,322103,38,0,8,2,72,,322084,38,0,8,1,30,,322111,38,0,8,1,70,,322088,38,0,8,2,30,,322099,38,0,8,1,70,,322093,38,0,8,1,30,,322106,38,0,8,2,67,,322114,38,0,8,2,33,,322094,38,0,8,1,70,,322107,38,0,8,2,29,,322115,38,0,8,2,70,,322095,38,0,8,1,31,,322108,38,0,8,2,70,,322085,38,0,8,1,33,,322112,38,0,8,1,70,,322089,38,0,8,2,30,,322100,38,0,8,1,71,,322116,38,0,8,2,29,,322096,38,0,8,1,65,,322109,38,0,8,2,29,,322086,38,0,8,1,70,,322113,38,0,8,1,30,,322090,38,0,8,2,70,,322101,38,0,8,1,26,,322117,38,0,8,2,68,,322097,38,0,8,1,22,,322118,38,0,8,1
12403,'H50S000S-82-S',603,,322147,38,0,8,1,30,,322129,38,0,8,1,69,,322149,38,0,8,1,33,,322148,38,0,8,1,74,,322130,38,0,8,1,31,,322131,38,0,8,1,69,,322119,38,0,8,2,26,,322125,38,0,8,1,68,,322137,38,0,8,2,31,,322132,38,0,8,1,71,,322126,38,0,8,1,30,,322138,38,0,8,2,71,,322133,38,0,8,1,31,,322127,38,0,8,1,70,,322139,38,0,8,2,33,,322134,38,0,8,1,72,,322128,38,0,8,1,32,,322140,38,0,8,2,72,,322135,38,0,8,1,31,,322145,38,0,8,1,69,,322150,38,0,8,1,29,,322141,38,0,8,2,69,,322136,38,0,8,1,29,,322146,38,0,8,1,70,,322151,38,0,8,1,28,,322142,38,0,8,2,71,,322120,38,0,8,1,29,,322152,38,0,8,1,69,,322143,38,0,8,2,30,,322121,38,0,8,1,68,,322153,38,0,8,1,26,,322144,38,0,8,2,69,,322122,38,0,8,1,29,,322154,38,0,8,1,69,,322155,38,0,8,1,29,,322123,38,0,8,1,27,,322124,38,0,8,1,67,,322156,38,0,8,1
12403,'H50S100F-80-F1',707,,322165,38,0,8,1,32,,322178,38,0,8,2,71,,322176,38,0,8,2,30,,322157,38,0,8,1,69,,322184,38,0,8,1,31,,322161,38,0,8,2,70,,322172,38,0,8,1,29,,322166,38,0,8,1,69,,322179,38,0,8,2,34,,322177,38,0,8,2,72,,322158,38,0,8,1,30,,322185,38,0,8,1,70,,322162,38,0,8,2,30,,322173,38,0,8,1,70,,322167,38,0,8,1,30,,322180,38,0,8,2,67,,322188,38,0,8,2,33,,322168,38,0,8,1,70,,322181,38,0,8,2,29,,322189,38,0,8,2,70,,322169,38,0,8,1,31,,322182,38,0,8,2,70,,322159,38,0,8,1,33,,322186,38,0,8,1,70,,322163,38,0,8,2,30,,322174,38,0,8,1,71,,322190,38,0,8,2,29,,322170,38,0,8,1,65,,322183,38,0,8,2,29,,322160,38,0,8,1,70,,322187,38,0,8,1,30,,322164,38,0,8,2,70,,322175,38,0,8,1,26,,322191,38,0,8,2,68,,322171,38,0,8,1,22,,322192,38,0,8,1
12403,'H50S200F-80-F2',707,,322201,38,0,8,1,32,,322214,38,0,8,2,71,,322212,38,0,8,2,30,,322193,38,0,8,1,69,,322220,38,0,8,1,31,,322197,38,0,8,2,70,,322208,38,0,8,1,29,,322202,38,0,8,1,69,,322215,38,0,8,2,34,,322213,38,0,8,2,72,,322194,38,0,8,1,30,,322221,38,0,8,1,70,,322198,38,0,8,2,30,,322209,38,0,8,1,70,,322203,38,0,8,1,30,,322216,38,0,8,2,67,,322224,38,0,8,2,33,,322204,38,0,8,1,70,,322217,38,0,8,2,29,,322225,38,0,8,2,70,,322205,38,0,8,1,31,,322218,38,0,8,2,70,,322195,38,0,8,1,33,,322222,38,0,8,1,70,,322199,38,0,8,2,30,,322210,38,0,8,1,71,,322226,38,0,8,2,29,,322206,38,0,8,1,65,,322219,38,0,8,2,29,,322196,38,0,8,1,70,,322223,38,0,8,1,30,,322200,38,0,8,2,70,,322211,38,0,8,1,26,,322227,38,0,8,2,68,,322207,38,0,8,1,22,,322228,38,0,8,1
36802,'H57S000A-80-A',2645,,346929,72,0,10,1,59,,346927,72,0,10,1,19,,346925,72,0,10,1,30,,346931,72,0,10,1,70,,346926,72,0,10,2,77,,346930,72,0,10,1,40,,346928,72,0,10,1
36802,'H57S000I-80-I',2641,,346935,72,0,10,1,85,,346932,72,0,10,1,82,,346933,72,0,10,1,51,,346934,72,0,10,1,86,,346936,72,0,10,1
36802,'H57S000S-80-S',2640,,346940,72,0,10,1,81,,346938,72,0,10,1,94,,346937,72,0,10,1,96,,346939,72,0,10,1,37,,346941,72,0,10,1
36802,'H57S100F-80-F1',2641,,346945,72,0,10,1,85,,346942,72,0,10,1,82,,346943,72,0,10,1,51,,346944,72,0,10,1,86,,346946,72,0,10,1
36802,'H57S200F-80-F2',2641,,346950,72,0,10,1,85,,346947,72,0,10,1,82,,346948,72,0,10,1,51,,346949,72,0,10,1,86,,346951,72,0,10,1
