12101,'H58S000A-80-A',513,,321010,17,0,5,1,29,,321006,17,0,5,1,70,,321013,17,0,5,1,32,,321011,17,0,5,1,70,,321007,17,0,5,1,31,,321019,17,0,5,1,71,,321014,17,0,5,1,30,,321012,17,0,5,1,69,,321008,17,0,5,1,23,,321020,17,0,5,1,62,,321049,17,0,5,1,21,,321015,17,0,5,1,20,,321033,17,0,5,1,60,,321041,17,0,5,1,17,,321009,17,0,5,1,15,,321021,17,0,5,1,15,,321029,17,0,5,1,56,,321050,17,0,5,1,15,,321025,17,0,5,1,14,,321016,17,0,5,1,14,,321063,17,0,5,1,12,,321034,17,0,5,1,52,,321042,17,0,5,1,12,,321057,17,0,5,1,13,,321022,17,0,5,1,15,,321030,17,0,5,1,55,,321066,17,0,5,1,12,,321051,17,0,5,1,12,,321026,17,0,5,1,13,,321017,17,0,5,1,12,,321064,17,0,5,1,52,,321035,17,0,5,1,13,,321043,17,0,5,1,12,,321058,17,0,5,1,11,,321023,17,0,5,1,11,,321069,17,0,5,1,51,,321031,17,0,5,1,12,,321067,17,0,5,1,12,,321052,17,0,5,1,12,,321027,17,0,5,1,12,,321018,17,0,5,1,52,,321065,17,0,5,1,13,,321036,17,0,5,1,12,,321044,17,0,5,1,12,,321032,17,0,5,1,12,,321059,17,0,5,1,53,,321024,17,0,5,1,14,,321068,17,0,5,1,15,,321053,17,0,5,1,18,,321028,17,0,5,1,61,,321037,17,0,5,1,24,,321045,17,0,5,1,66,,321060,17,0,5,1,29,,321054,17,0,5,1,70,,321038,17,0,5,1,30,,321046,17,0,5,1,70,,321061,17,0,5,1,31,,321055,17,0,5,1,70,,321039,17,0,5,1,29,,321047,17,0,5,1,69,,321062,17,0,5,1,30,,321056,17,0,5,1,73,,321040,17,0,5,1,33,,321048,17,0,5,1
12101,'H58S000I-80-I',513,,321077,17,0,5,1,33,,321070,17,0,5,1,70,,321088,17,0,5,1,30,,321078,17,0,5,1,72,,321071,17,0,5,1,31,,321089,17,0,5,1,70,,321079,17,0,5,1,30,,321095,17,0,5,1,68,,321072,17,0,5,1,23,,321090,17,0,5,1,61,,321113,17,0,5,1,21,,321080,17,0,5,1,19,,321104,17,0,5,1,59,,321096,17,0,5,1,19,,321073,17,0,5,1,18,,321091,17,0,5,1,17,,321117,17,0,5,1,57,,321114,17,0,5,1,17,,321081,17,0,5,1,18,,321105,17,0,5,1,58,,321097,17,0,5,1,16,,321074,17,0,5,1,15,,321092,17,0,5,1,16,,321106,17,0,5,1,60,,321118,17,0,5,1,20,,321082,17,0,5,1,20,,321120,17,0,5,1,59,,321098,17,0,5,1,17,,321075,17,0,5,1,14,,321093,17,0,5,1,15,,321107,17,0,5,1,55,,321115,17,0,5,1,15,,321119,17,0,5,1,17,,321083,17,0,5,1,16,,321121,17,0,5,1,56,,321099,17,0,5,1,16,,321076,17,0,5,1,16,,321094,17,0,5,1,56,,321108,17,0,5,1,14,,321116,17,0,5,1,19,,321084,17,0,5,1,64,,321122,17,0,5,1,28,,321100,17,0,5,1,30,,321109,17,0,5,1,69,,321085,17,0,5,1,30,,321123,17,0,5,1,71,,321101,17,0,5,1,31,,321110,17,0,5,1,69,,321086,17,0,5,1,31,,321124,17,0,5,1,71,,321102,17,0,5,1,71,,321111,17,0,5,1,31,,321087,17,0,5,1,69,,321103,17,0,5,1,32,,321112,17,0,5,1
12101,'H58S000S-83-S',515,,321138,17,0,5,1,22,,321155,17,0,5,1,69,,321132,17,0,5,1,11,,321140,17,0,5,1,10,,321150,17,0,5,1,10,,321166,17,0,5,1,10,,321174,17,0,5,1,8,,321175,17,0,5,1,49,,321139,17,0,5,1,6,,321125,17,0,5,1,7,,321181,17,0,5,1,7,,321156,17,0,5,1,5,,321182,17,0,5,1,6,,321201,17,0,5,1,6,,321183,17,0,5,1,7,,321190,17,0,5,1,8,,321196,17,0,5,1,50,,321133,17,0,5,1,11,,321141,17,0,5,1,10,,321151,17,0,5,1,10,,321202,17,0,5,1,9,,321167,17,0,5,1,10,,321203,17,0,5,1,51,,321176,17,0,5,1,11,,321126,17,0,5,1,11,,321157,17,0,5,1,11,,321184,17,0,5,1,11,,321191,17,0,5,1,51,,321197,17,0,5,1,11,,321134,17,0,5,1,11,,321142,17,0,5,1,12,,321152,17,0,5,1,11,,321168,17,0,5,1,12,,321204,17,0,5,1,51,,321177,17,0,5,1,12,,321127,17,0,5,1,12,,321158,17,0,5,1,12,,321185,17,0,5,1,12,,321192,17,0,5,1,52,,321198,17,0,5,1,13,,321135,17,0,5,1,12,,321143,17,0,5,1,12,,321153,17,0,5,1,12,,321169,17,0,5,1,52,,321178,17,0,5,1,12,,321128,17,0,5,1,12,,321159,17,0,5,1,12,,321186,17,0,5,1,12,,321193,17,0,5,1,52,,321199,17,0,5,1,12,,321136,17,0,5,1,13,,321205,17,0,5,1,12,,321144,17,0,5,1,53,,321154,17,0,5,1,13,,321170,17,0,5,1,12,,321179,17,0,5,1,6,,321129,17,0,5,1,9,,321160,17,0,5,1,9,,321222,17,0,5,1,8,,321187,17,0,5,1,47,,321194,17,0,5,1,7,,321213,17,0,5,1,7,,321200,17,0,5,1,7,,321215,17,0,5,1,7,,321211,17,0,5,1,6,,321216,17,0,5,1,7,,321137,17,0,5,1,7,,321206,17,0,5,1,6,,321225,17,0,5,1,47,,321145,17,0,5,1,7,,321224,17,0,5,1,6,,321220,17,0,5,1,7,,321195,17,0,5,1,7,,321171,17,0,5,1,6,,321180,17,0,5,1,6,,321130,17,0,5,1,9,,321161,17,0,5,1,50,,321223,17,0,5,1,10,,321188,17,0,5,1,12,,321214,17,0,5,1,12,,321212,17,0,5,1,11,,321217,17,0,5,1,52,,321207,17,0,5,1,12,,321146,17,0,5,1,12,,321221,17,0,5,1,12,,321172,17,0,5,1,11,,321131,17,0,5,1,52,,321162,17,0,5,1,11,,321189,17,0,5,1,24,,321218,17,0,5,1,24,,321208,17,0,5,1,64,,321147,17,0,5,1,23,,321173,10,0,5,1,7,,321163,17,0,5,1,70,,321219,17,0,5,1,29,,321209,17,0,5,1,71,,321148,17,0,5,1,32,,321164,17,0,5,1,73,,321210,17,0,5,1,72,,321149,17,0,5,1,32,,321165,17,0,5,1
12101,'H58S100F-80-F1',513,,321233,17,0,5,1,33,,321226,17,0,5,1,70,,321240,17,0,5,1,30,,321234,17,0,5,1,72,,321227,17,0,5,1,31,,321241,17,0,5,1,70,,321235,17,0,5,1,30,,321254,17,0,5,1,68,,321228,17,0,5,1,23,,321242,17,0,5,1,61,,321267,17,0,5,1,21,,321236,17,0,5,1,19,,321263,17,0,5,1,59,,321255,17,0,5,1,19,,321229,17,0,5,1,18,,321243,17,0,5,1,17,,321273,17,0,5,1,57,,321268,17,0,5,1,17,,321237,17,0,5,1,18,,321264,17,0,5,1,58,,321256,17,0,5,1,16,,321230,17,0,5,1,15,,321251,17,0,5,1,16,,321244,17,0,5,1,60,,321274,17,0,5,1,20,,321238,17,0,5,1,20,,321276,17,0,5,1,59,,321257,17,0,5,1,17,,321231,17,0,5,1,14,,321252,17,0,5,1,15,,321245,17,0,5,1,55,,321265,17,0,5,1,15,,321275,17,0,5,1,17,,321239,17,0,5,1,16,,321277,17,0,5,1,56,,321258,17,0,5,1,16,,321232,17,0,5,1,16,,321253,17,0,5,1,56,,321246,17,0,5,1,14,,321266,17,0,5,1,19,,321269,17,0,5,1,64,,321278,17,0,5,1,28,,321259,17,0,5,1,30,,321247,17,0,5,1,69,,321270,17,0,5,1,30,,321279,17,0,5,1,71,,321260,17,0,5,1,31,,321248,17,0,5,1,69,,321271,17,0,5,1,31,,321280,17,0,5,1,71,,321261,17,0,5,1,71,,321249,17,0,5,1,31,,321272,17,0,5,1,69,,321262,17,0,5,1,32,,321250,17,0,5,1
12101,'H58S200F-80-F2',513,,321293,17,0,5,1,33,,321286,17,0,5,1,70,,321300,17,0,5,1,30,,321294,17,0,5,1,72,,321287,17,0,5,1,31,,321301,17,0,5,1,70,,321295,17,0,5,1,30,,321311,17,0,5,1,68,,321288,17,0,5,1,23,,321302,17,0,5,1,61,,321322,17,0,5,1,21,,321296,17,0,5,1,19,,321320,17,0,5,1,59,,321312,17,0,5,1,19,,321289,17,0,5,1,18,,321303,17,0,5,1,17,,321328,17,0,5,1,57,,321323,17,0,5,1,17,,321297,17,0,5,1,18,,321321,17,0,5,1,58,,321313,17,0,5,1,16,,321290,17,0,5,1,15,,321281,17,0,5,1,16,,321304,17,0,5,1,60,,321329,17,0,5,1,20,,321298,17,0,5,1,20,,321331,17,0,5,1,59,,321314,17,0,5,1,17,,321291,17,0,5,1,14,,321282,17,0,5,1,15,,321305,17,0,5,1,55,,321284,17,0,5,1,15,,321330,17,0,5,1,17,,321299,17,0,5,1,16,,321332,17,0,5,1,56,,321315,17,0,5,1,16,,321292,17,0,5,1,16,,321283,17,0,5,1,56,,321306,17,0,5,1,14,,321285,17,0,5,1,19,,321324,17,0,5,1,64,,321333,17,0,5,1,28,,321316,17,0,5,1,30,,321307,17,0,5,1,69,,321325,17,0,5,1,30,,321334,17,0,5,1,71,,321317,17,0,5,1,31,,321308,17,0,5,1,69,,321326,17,0,5,1,31,,321335,17,0,5,1,71,,321318,17,0,5,1,71,,321309,17,0,5,1,31,,321327,17,0,5,1,69,,321319,17,0,5,1,32,,321310,17,0,5,1
17101,'H50S000A-82-A',503,,332284,4,0,5,2,31,,332325,4,0,5,1,71,,332285,4,0,5,2,31,,332305,4,0,5,1,71,,332286,4,0,5,2,31,,332306,4,0,5,1,71,,332287,4,0,5,2,31,,332307,4,0,5,1,70,,332288,4,0,5,2,30,,332308,4,0,5,1,70,,332289,4,0,5,2,30,,332309,4,0,5,1,70,,332290,4,0,5,2,31,,332310,4,0,5,1,71,,332291,4,0,5,2,30,,332311,4,0,5,1,70,,332292,4,0,5,2,31,,332312,4,0,5,1,71,,332293,4,0,5,2,30,,332313,4,0,5,1,70,,332294,4,0,5,2,30,,332314,4,0,5,1,71,,332295,4,0,5,2,31,,332315,4,0,5,1,71,,332296,4,0,5,2,31,,332316,4,0,5,1,70,,332297,4,0,5,2,31,,332317,4,0,5,1,71,,332298,4,0,5,2,31,,332318,4,0,5,1,71,,332299,4,0,5,2,31,,332319,4,0,5,1,71,,332300,4,0,5,2,31,,332320,4,0,5,1,71,,332301,4,0,5,2,31,,332321,4,0,5,1,71,,332302,4,0,5,2,31,,332322,4,0,5,1,71,,332303,4,0,5,2,71,,332323,4,0,5,1,30,,332304,4,0,5,2,72,,332324,4,0,5,1
17101,'H50S000I-82-I',503,,332365,4,0,5,2,30,,332366,4,0,5,1,70,,332327,4,0,5,2,30,,332346,4,0,5,1,68,,332328,4,0,5,2,27,,332326,4,0,5,1,27,,332347,4,0,5,1,68,,332329,4,0,5,2,29,,332348,4,0,5,1,70,,332330,4,0,5,2,31,,332349,4,0,5,1,70,,332331,4,0,5,2,30,,332350,4,0,5,1,70,,332332,4,0,5,2,30,,332351,4,0,5,1,71,,332333,4,0,5,2,31,,332352,4,0,5,1,70,,332334,4,0,5,2,31,,332353,4,0,5,1,71,,332335,4,0,5,2,31,,332354,4,0,5,1,71,,332336,4,0,5,2,71,,332355,4,0,5,1,30,,332337,4,0,5,2,70,,332356,4,0,5,1,30,,332338,4,0,5,2,70,,332357,4,0,5,1,30,,332339,4,0,5,2,70,,332358,4,0,5,1,30,,332340,4,0,5,2,70,,332359,4,0,5,1,29,,332341,4,0,5,2,30,,332360,4,0,5,1,70,,332342,4,0,5,2,30,,332361,4,0,5,1,71,,332343,4,0,5,2,70,,332362,4,0,5,1,31,,332344,4,0,5,2,71,,332363,4,0,5,1,31,,332345,4,0,5,2,71,,332364,4,0,5,1
17101,'H50S000S-82-S',503,,332373,4,0,5,2,29,,332378,4,0,5,1,68,,332381,4,0,5,2,22,,332384,4,0,5,2,17,,332379,4,0,5,1,16,,332382,4,0,5,2,56,,332374,4,0,5,1,17,,332385,4,0,5,2,16,,332380,4,0,5,1,57,,332383,4,0,5,2,19,,332375,4,0,5,1,20,,332411,4,0,5,2,62,,332415,4,0,5,1,22,,332376,4,0,5,1,23,,332412,4,0,5,2,65,,332416,4,0,5,1,27,,332377,4,0,5,1,68,,332413,4,0,5,2,28,,332417,4,0,5,1,71,,332414,4,0,5,2,29,,332418,4,0,5,1,69,,332367,4,0,5,2,30,,332372,4,0,5,1,70,,332368,4,0,5,2,30,,332403,4,0,5,1,68,,332393,4,0,5,2,23,,332369,4,0,5,2,22,,332404,4,0,5,1,59,,332386,4,0,5,1,18,,332394,4,0,5,2,17,,332370,4,0,5,2,17,,332405,4,0,5,1,55,,332387,4,0,5,1,15,,332388,4,0,5,1,14,,332395,4,0,5,2,15,,332371,4,0,5,2,55,,332406,4,0,5,1,20,,332389,4,0,5,1,19,,332396,4,0,5,2,62,,332407,4,0,5,1,26,,332390,4,0,5,1,69,,332397,4,0,5,2,30,,332391,4,0,5,1,70,,332398,4,0,5,2,30,,332392,4,0,5,1,70,,332399,4,0,5,2,30,,332408,4,0,5,1,70,,332400,4,0,5,2,29,,332409,4,0,5,1,69,,332401,4,0,5,2,28,,332410,4,0,5,1,68,,332402,4,0,5,2
17101,'H50S100F-80-F1',503,,332458,4,0,5,2,30,,332459,4,0,5,1,70,,332420,4,0,5,2,30,,332439,4,0,5,1,68,,332421,4,0,5,2,27,,332419,4,0,5,1,27,,332440,4,0,5,1,68,,332422,4,0,5,2,29,,332441,4,0,5,1,70,,332423,4,0,5,2,31,,332442,4,0,5,1,70,,332424,4,0,5,2,30,,332443,4,0,5,1,70,,332425,4,0,5,2,30,,332444,4,0,5,1,71,,332426,4,0,5,2,31,,332445,4,0,5,1,70,,332427,4,0,5,2,31,,332446,4,0,5,1,71,,332428,4,0,5,2,31,,332447,4,0,5,1,71,,332429,4,0,5,2,71,,332448,4,0,5,1,30,,332430,4,0,5,2,70,,332449,4,0,5,1,30,,332431,4,0,5,2,70,,332450,4,0,5,1,30,,332432,4,0,5,2,70,,332451,4,0,5,1,30,,332433,4,0,5,2,70,,332452,4,0,5,1,29,,332434,4,0,5,2,30,,332453,4,0,5,1,70,,332435,4,0,5,2,30,,332454,4,0,5,1,71,,332436,4,0,5,2,70,,332455,4,0,5,1,31,,332437,4,0,5,2,71,,332456,4,0,5,1,31,,332438,4,0,5,2,71,,332457,4,0,5,1
17101,'H50S200F-80-F2',503,,332499,4,0,5,2,30,,332500,4,0,5,1,70,,332461,4,0,5,2,30,,332480,4,0,5,1,68,,332462,4,0,5,2,27,,332460,4,0,5,1,27,,332481,4,0,5,1,68,,332463,4,0,5,2,29,,332482,4,0,5,1,70,,332464,4,0,5,2,31,,332483,4,0,5,1,70,,332465,4,0,5,2,30,,332484,4,0,5,1,70,,332466,4,0,5,2,30,,332485,4,0,5,1,71,,332467,4,0,5,2,31,,332486,4,0,5,1,70,,332468,4,0,5,2,31,,332487,4,0,5,1,71,,332469,4,0,5,2,31,,332488,4,0,5,1,71,,332470,4,0,5,2,71,,332489,4,0,5,1,30,,332471,4,0,5,2,70,,332490,4,0,5,1,30,,332472,4,0,5,2,70,,332491,4,0,5,1,30,,332473,4,0,5,2,70,,332492,4,0,5,1,30,,332474,4,0,5,2,70,,332493,4,0,5,1,29,,332475,4,0,5,2,30,,332494,4,0,5,1,70,,332476,4,0,5,2,30,,332495,4,0,5,1,71,,332477,4,0,5,2,70,,332496,4,0,5,1,31,,332478,4,0,5,2,71,,332497,4,0,5,1,31,,332479,4,0,5,2,71,,332498,4,0,5,1
17701,'H58S000S-83-S',1616,,333407,35,0,5,2
17701,'H60S000A-80-A',557,,333408,35,0,5,1,67,,333421,35,0,5,1,30,,333429,35,0,5,1,71,,333409,35,0,5,1,31,,333422,35,0,5,1,71,,333430,35,0,5,1,29,,333410,35,0,5,1,69,,333423,35,0,5,1,30,,333431,35,0,5,1,69,,333411,35,0,5,1,30,,333424,35,0,5,1,71,,333432,35,0,5,1,30,,333412,35,0,5,1,68,,333425,35,0,5,1,20,,333434,35,0,5,2,57,,333433,35,0,5,1,18,,333437,35,0,5,2,23,,333413,35,0,5,1,63,,333426,35,0,5,1,23,,333435,35,0,5,2,24,,333438,35,0,5,2,64,,333414,35,0,5,1,26,,333427,35,0,5,1,63,,333441,35,0,5,2,23,,333436,35,0,5,2,20,,333415,35,0,5,1,58,,333443,35,0,5,2,20,,333428,35,0,5,1,21,,333442,35,0,5,2,63,,333449,35,0,5,2,23,,333416,35,0,5,1,26,,333444,35,0,5,2,69,,333439,35,0,5,2,30,,333450,35,0,5,2,70,,333417,35,0,5,1,30,,333445,35,0,5,2
17701,'H60S000I-81-I',556,,333451,35,0,5,1,70,,333462,35,0,5,2,30,,333472,35,0,5,2,69,,333452,35,0,5,1,30,,333463,35,0,5,2,70,,333473,35,0,5,2,30,,333453,35,0,5,1,70,,333464,35,0,5,2,30,,333474,35,0,5,2,69,,333454,35,0,5,1,31,,333465,35,0,5,2,69,,333475,35,0,5,2,30,,333455,35,0,5,1,71,,333466,35,0,5,2,31,,333476,35,0,5,2,67,,333456,35,0,5,1,33,,333467,35,0,5,2,70,,333477,35,0,5,2,28,,333457,35,0,5,1,73,,333468,35,0,5,2,31,,333478,35,0,5,2,68,,333458,35,0,5,1,24,,333489,35,0,5,2,62,,333469,35,0,5,2,32,,333479,35,0,5,2,70,,333459,35,0,5,1,29,,333470,35,0,5,2,73,,333480,35,0,5,2,28,,333460,35,0,5,1,67,,333471,35,0,5,2,25,,333481,35,0,5,1,65,,333485,35,0,5,2
17701,'H60S000S-83-S',547,,333494,35,0,5,1,70,,333502,35,0,5,2,30,,333492,35,0,5,2,71,,333491,35,0,5,1,32,,333507,35,0,5,2,72,,333505,35,0,5,1,30,,333506,35,0,5,2,70,,333508,35,0,5,1,31,,333512,35,0,5,2,70,,333503,35,0,5,1,29,,333509,35,0,5,1,70,,333493,35,0,5,1,29,,333513,35,0,5,2,69,,333490,35,0,5,2,29,,333495,35,0,5,1,71,,333516,35,0,5,2,31,,333514,35,0,5,2,66,,333510,35,0,5,1,22,,333496,35,0,5,1,61,,333525,35,0,5,2,21,,333532,35,0,5,2,15,,333515,35,0,5,2,9,,333537,35,0,5,2,9,,333517,35,0,5,1,47,,333540,35,0,5,1,8,,333511,35,0,5,1,14,,333535,35,0,5,2,11,,333541,35,0,5,2,10,,333526,35,0,5,2,9,,333524,35,0,5,1,48,,333533,35,0,5,1,12,,333497,35,0,5,1,12,,333527,35,0,5,2,12,,333504,35,0,5,1,11,,333518,35,0,5,1,11,,333498,35,0,5,1,51,,333536,35,0,5,2,12,,333519,35,0,5,2,16,,333534,35,0,5,1,18,,333538,35,0,5,1,61,,333528,35,0,5,2,24,,333499,35,0,5,1,66,,333520,35,0,5,2,30,,333539,35,0,5,1,68,,333529,35,0,5,2
17701,'H60S100F-80-F1',556,,333542,35,0,5,1,70,,333555,35,0,5,2,30,,333565,35,0,5,2,69,,333543,35,0,5,1,30,,333556,35,0,5,2,70,,333566,35,0,5,2,30,,333544,35,0,5,1,70,,333557,35,0,5,2,30,,333567,35,0,5,2,69,,333545,35,0,5,1,31,,333558,35,0,5,2,69,,333568,35,0,5,2,30,,333546,35,0,5,1,71,,333559,35,0,5,2,31,,333569,35,0,5,2,67,,333547,35,0,5,1,33,,333560,35,0,5,2,70,,333570,35,0,5,2,28,,333548,35,0,5,1,73,,333561,35,0,5,2,31,,333571,35,0,5,2,68,,333549,35,0,5,1,24,,333574,35,0,5,1,62,,333562,35,0,5,2,32,,333572,35,0,5,2,70,,333550,35,0,5,1,29,,333563,35,0,5,2,73,,333573,35,0,5,2,28,,333551,35,0,5,1,67,,333564,35,0,5,2,25,,333579,35,0,5,1,65,,333575,35,0,5,1
17701,'H60S200F-80-F2',556,,333581,35,0,5,1,70,,333594,35,0,5,2,30,,333604,35,0,5,2,69,,333582,35,0,5,1,30,,333595,35,0,5,2,70,,333605,35,0,5,2,30,,333583,35,0,5,1,70,,333596,35,0,5,2,30,,333606,35,0,5,2,69,,333584,35,0,5,1,31,,333597,35,0,5,2,69,,333607,35,0,5,2,30,,333585,35,0,5,1,71,,333598,35,0,5,2,31,,333608,35,0,5,2,67,,333586,35,0,5,1,33,,333599,35,0,5,2,70,,333609,35,0,5,2,28,,333587,35,0,5,1,73,,333600,35,0,5,2,31,,333610,35,0,5,2,68,,333588,35,0,5,1,24,,333613,35,0,5,1,62,,333601,35,0,5,2,32,,333611,35,0,5,2,70,,333589,35,0,5,1,29,,333602,35,0,5,2,73,,333612,35,0,5,2,28,,333590,35,0,5,1,67,,333603,35,0,5,2,25,,333618,35,0,5,1,65,,333614,35,0,5,1
37801,'H60S000A-80-A',2554,,347259,34,0,5,1,89,,347256,34,0,5,1,92,,347257,34,0,5,1,92,,347258,34,0,5,1
37801,'H60S000I-81-I',2552,,347261,34,0,5,1,90,,347263,34,0,5,1,91,,347260,34,0,5,1,93,,347262,34,0,5,1
37801,'H60S000S-83-S',2552,,347266,34,0,5,1,91,,347264,34,0,5,1,96,,347267,34,0,5,1,91,,347265,34,0,5,1
37801,'H60S100F-80-F1',2552,,347268,34,0,5,1,90,,347271,34,0,5,1,91,,347270,34,0,5,1,93,,347269,34,0,5,1
37801,'H60S200F-80-F2',2552,,347272,34,0,5,1,90,,347275,34,0,5,1,91,,347274,34,0,5,1,93,,347273,34,0,5,1
38001,'H50S000A-82-A',2602,,347292,16,0,5,1,48,,347291,16,0,5,1,85,,347295,16,0,5,1,85,,347293,16,0,5,1
38001,'H50S000I-82-I',2516,,347299,16,0,5,1,86,,347297,16,0,5,2,44,,347298,16,0,5,1,84,,347296,16,0,5,1,85,,347300,16,0,5,1
38001,'H50S000S-82-S',2528,,347303,16,0,5,1,84,,347305,16,0,5,1,47,,347301,16,0,5,1,82,,347302,16,0,5,1,88,,347304,16,0,5,1
38001,'H50S100F-80-F1',2516,,347310,16,0,5,1,86,,347308,16,0,5,2,44,,347309,16,0,5,1,84,,347307,16,0,5,1,85,,347311,16,0,5,1
38001,'H50S200F-80-F2',2516,,347315,16,0,5,1,86,,347313,16,0,5,2,44,,347314,16,0,5,1,84,,347312,16,0,5,1,85,,347316,16,0,5,1
