9002,'H56S000A-80-A',636,,311636,43,0,10,1,70,,311692,43,0,10,1,30,,311643,43,0,10,1,74,,311693,43,0,10,1,31,,311637,43,0,10,1,69,,311642,43,0,10,1,35,,311666,43,0,10,1,73,,311657,43,0,10,1,29,,311648,43,0,10,1,70,,311672,43,0,10,1,26,,311667,43,0,10,1,66,,311658,43,0,10,1,24,,311694,43,0,10,1,22,,311649,43,0,10,1,61,,311673,43,0,10,1,22,,311653,43,0,10,1,21,,311679,43,0,10,1,60,,311659,43,0,10,1,18,,311695,43,0,10,1,16,,311650,43,0,10,1,53,,311668,43,0,10,1,14,,311674,43,0,10,1,14,,311654,43,0,10,1,14,,311688,43,0,10,1,54,,311677,43,0,10,2,14,,311680,43,0,10,1,12,,311660,43,0,10,1,11,,311696,43,0,10,1,12,,311651,43,0,10,1,53,,311669,43,0,10,1,12,,311675,43,0,10,1,13,,311655,43,0,10,1,12,,311691,43,0,10,2,10,,311689,43,0,10,1,51,,311678,43,0,10,2,12,,311681,43,0,10,1,12,,311641,43,0,10,2,10,,311661,43,0,10,1,12,,311652,43,0,10,1,11,,311656,43,0,10,1,52,,311670,43,0,10,1,12,,311676,43,0,10,1,12,,311644,43,0,10,1,15,,311690,43,0,10,1,59,,311682,43,0,10,1,21,,311662,43,0,10,1,20,,311686,43,0,10,2,60,,311671,43,0,10,1,18,,311645,43,0,10,1,20,,311684,43,0,10,1,60,,311683,43,0,10,1,20,,311663,43,0,10,1,20,,311687,43,0,10,2,59,,311638,43,0,10,1,21,,311646,43,0,10,1,20,,311685,43,0,10,1,65,,311664,43,0,10,1,32,,311639,43,0,10,1,72,,311647,43,0,10,1,28,,311665,43,0,10,1,73,,311640,43,0,10,1
9002,'H56S000I-80-I',642,,311702,43,0,10,1,68,,311728,43,0,10,1,29,,311706,43,0,10,1,69,,311734,43,0,10,1,36,,311703,43,0,10,1,73,,311707,43,0,10,1,29,,311715,43,0,10,1,72,,311735,43,0,10,1,33,,311736,43,0,10,1,70,,311708,43,0,10,1,31,,311711,43,0,10,2,71,,311723,43,0,10,1,31,,311716,43,0,10,1,69,,311709,43,0,10,1,31,,311712,43,0,10,2,64,,311724,43,0,10,1,25,,311729,43,0,10,2,64,,311717,43,0,10,1,20,,311710,43,0,10,1,20,,311725,43,0,10,1,60,,311713,43,0,10,2,18,,311722,43,0,10,1,21,,311730,43,0,10,2,61,,311718,43,0,10,1,17,,311704,43,0,10,1,18,,311714,43,0,10,2,59,,311726,43,0,10,1,18,,311699,43,0,10,1,19,,311731,43,0,10,2,21,,311719,43,0,10,1,63,,311705,43,0,10,1,28,,311727,43,0,10,1,69,,311700,43,0,10,1,29,,311720,43,0,10,1,67,,311738,43,0,10,1,29,,311737,43,0,10,2,70,,311701,43,0,10,1,30,,311721,43,0,10,1,71,,311732,43,0,10,1,29,,311739,43,0,10,1,72,,311697,43,0,10,1,31,,311733,43,0,10,1,71,,311740,43,0,10,1,31,,311698,43,0,10,1
9002,'H56S000S-82-S',622,,311813,43,0,10,1,24,,311811,43,0,10,1,63,,311756,43,0,10,1,20,,311766,43,0,10,1,18,,311771,43,0,10,1,63,,311772,43,0,10,1,20,,311773,43,0,10,2,20,,311774,43,0,10,1,58,,311743,43,0,10,1,22,,311757,43,0,10,1,27,,311781,43,0,10,1,70,,311814,43,0,10,1,30,,311775,43,0,10,1,70,,311758,43,0,10,1,28,,311782,43,0,10,1,66,,311767,43,0,10,1,27,,311752,43,0,10,1,62,,311776,43,0,10,1,21,,311778,43,0,10,1,18,,311759,43,0,10,1,58,,311783,43,0,10,1,19,,311768,43,0,10,1,16,,311741,43,0,10,1,15,,311784,43,0,10,1,51,,311753,43,0,10,1,10,,311777,43,0,10,1,11,,311786,43,0,10,1,12,,311779,43,0,10,1,13,,311812,43,0,10,2,52,,311760,43,0,10,1,9,,311795,43,0,10,2,10,,311809,43,0,10,1,9,,311769,43,0,10,1,7,,311810,43,0,10,2,7,,311804,43,0,10,1,8,,311792,43,0,10,2,48,,311742,43,0,10,1,7,,311785,43,0,10,1,6,,311796,43,0,10,2,6,,311754,43,0,10,1,5,,311805,43,0,10,1,6,,311801,43,0,10,2,6,,311787,43,0,10,1,6,,311800,43,0,10,2,6,,311802,43,0,10,1,7,,311780,43,0,10,1,47,,311806,43,0,10,2,8,,311815,43,0,10,1,6,,311761,43,0,10,1,7,,311794,43,0,10,2,5,,311808,43,0,10,1,8,,311770,43,0,10,1,6,,311788,43,0,10,1,10,,311750,43,0,10,1,51,,311793,43,0,10,2,12,,311797,43,0,10,1,12,,311755,43,0,10,1,11,,311745,43,0,10,1,11,,311803,43,0,10,1,50,,311744,43,0,10,1,13,,311762,43,0,10,1,15,,311807,43,0,10,2,18,,311789,43,0,10,1,59,,311798,43,0,10,1,19,,311749,43,0,10,2,20,,311746,43,0,10,1,60,,311763,43,0,10,1,18,,311751,43,0,10,2,20,,311790,43,0,10,1,68,,311799,43,0,10,1,29,,311747,43,0,10,1,73,,311764,43,0,10,1,31,,311791,43,0,10,1,68,,311748,43,0,10,1,33,,311765,43,0,10,1
9002,'H56S100F-80-F1',642,,311821,43,0,10,1,68,,311847,43,0,10,1,29,,311825,43,0,10,1,69,,311853,43,0,10,1,36,,311822,43,0,10,1,73,,311826,43,0,10,1,29,,311834,43,0,10,1,72,,311854,43,0,10,1,33,,311855,43,0,10,1,70,,311827,43,0,10,1,31,,311830,43,0,10,2,71,,311842,43,0,10,1,31,,311835,43,0,10,1,69,,311828,43,0,10,1,31,,311831,43,0,10,2,64,,311843,43,0,10,1,25,,311848,43,0,10,2,64,,311836,43,0,10,1,20,,311829,43,0,10,1,20,,311844,43,0,10,1,60,,311832,43,0,10,2,18,,311841,43,0,10,1,21,,311849,43,0,10,2,61,,311837,43,0,10,1,17,,311823,43,0,10,1,18,,311833,43,0,10,2,59,,311845,43,0,10,1,18,,311818,43,0,10,1,19,,311850,43,0,10,2,21,,311838,43,0,10,1,63,,311824,43,0,10,1,28,,311846,43,0,10,1,69,,311819,43,0,10,1,29,,311839,43,0,10,1,67,,311857,43,0,10,1,29,,311856,43,0,10,2,70,,311820,43,0,10,1,30,,311840,43,0,10,1,71,,311851,43,0,10,1,29,,311858,43,0,10,1,72,,311816,43,0,10,1,31,,311852,43,0,10,1,71,,311859,43,0,10,1,31,,311817,43,0,10,1
9002,'H56S200F-80-F2',642,,311865,43,0,10,1,68,,311891,43,0,10,1,29,,311869,43,0,10,1,69,,311897,43,0,10,1,36,,311866,43,0,10,1,73,,311870,43,0,10,1,29,,311878,43,0,10,1,72,,311898,43,0,10,1,33,,311899,43,0,10,1,70,,311871,43,0,10,1,31,,311874,43,0,10,2,71,,311886,43,0,10,1,31,,311879,43,0,10,1,69,,311872,43,0,10,1,31,,311875,43,0,10,2,64,,311887,43,0,10,1,25,,311892,43,0,10,2,64,,311880,43,0,10,1,20,,311873,43,0,10,1,20,,311888,43,0,10,1,60,,311876,43,0,10,2,18,,311885,43,0,10,1,21,,311893,43,0,10,2,61,,311881,43,0,10,1,17,,311867,43,0,10,1,18,,311877,43,0,10,2,59,,311889,43,0,10,1,18,,311862,43,0,10,1,19,,311894,43,0,10,2,21,,311882,43,0,10,1,63,,311868,43,0,10,1,28,,311890,43,0,10,1,69,,311863,43,0,10,1,29,,311883,43,0,10,1,67,,311901,43,0,10,1,29,,311900,43,0,10,2,70,,311864,43,0,10,1,30,,311884,43,0,10,1,71,,311895,43,0,10,1,29,,311902,43,0,10,1,72,,311860,43,0,10,1,31,,311896,43,0,10,1,71,,311903,43,0,10,1,31,,311861,43,0,10,1
19802,'H56S000A-80-A',525,,339268,25,0,10,1,32,,339265,25,0,10,1,72,,339293,25,0,10,2,71,,339285,25,0,10,1,31,,339269,25,0,10,1,69,,339277,25,0,10,2,29,,339300,25,0,10,1,71,,339294,25,0,10,2,30,,339286,25,0,10,1,72,,339270,25,0,10,1,30,,339278,25,0,10,2,70,,339301,25,0,10,1,29,,339295,25,0,10,2,70,,339287,25,0,10,1,30,,339271,25,0,10,1,70,,339279,25,0,10,2,31,,339302,25,0,10,1,70,,339296,25,0,10,2,28,,339288,25,0,10,1,29,,339272,25,0,10,1,70,,339280,25,0,10,2,29,,339303,25,0,10,2,70,,339297,25,0,10,1,31,,339289,25,0,10,1,68,,339273,25,0,10,1,29,,339281,25,0,10,2,69,,339304,25,0,10,2,29,,339298,25,0,10,1,69,,339290,25,0,10,1,29,,339274,25,0,10,1,69,,339282,25,0,10,2,29,,339305,25,0,10,2,69,,339299,25,0,10,1,29,,339291,25,0,10,1,70,,339275,25,0,10,1,31,,339283,25,0,10,2,70,,339306,25,0,10,2,28,,339266,25,0,10,1,69,,339292,25,0,10,1,31,,339276,25,0,10,1,71,,339284,25,0,10,2,33,,339307,25,0,10,2,70,,339267,25,0,10,1
19802,'H56S000I-80-I',527,,339308,25,0,10,1,30,,339326,25,0,10,2,70,,339312,25,0,10,1,30,,339340,25,0,10,1,70,,339318,25,0,10,2,30,,339309,25,0,10,1,70,,339327,25,0,10,2,32,,339313,25,0,10,1,74,,339341,25,0,10,1,73,,339319,25,0,10,2,33,,339342,25,0,10,1,73,,339328,25,0,10,2,33,,339329,25,0,10,1,72,,339334,25,0,10,1,31,,339320,25,0,10,2,71,,339343,25,0,10,1,32,,339314,25,0,10,1,70,,339330,25,0,10,1,30,,339335,25,0,10,1,70,,339321,25,0,10,2,30,,339344,25,0,10,1,70,,339315,25,0,10,1,30,,339331,25,0,10,1,72,,339336,25,0,10,1,31,,339322,25,0,10,2,68,,339345,25,0,10,1,29,,339316,25,0,10,1,70,,339332,25,0,10,1,29,,339337,25,0,10,1,68,,339323,25,0,10,2,28,,339346,25,0,10,1,70,,339317,25,0,10,1,30,,339333,25,0,10,1,69,,339338,25,0,10,1,30,,339324,25,0,10,2,70,,339310,25,0,10,2,30,,339348,25,0,10,1,69,,339347,25,0,10,2,31,,339339,25,0,10,1,73,,339325,25,0,10,2,33,,339311,25,0,10,1
19802,'H56S000S-82-S',602,,339392,25,0,10,2,30,,339359,25,0,10,2,75,,339390,25,0,10,1,22,,339382,25,0,10,2,21,,339378,25,0,10,2,60,,339364,25,0,10,2,15,,339371,25,0,10,1,10,,339377,25,0,10,1,24,,339383,25,0,10,2,69,,339360,25,0,10,2,31,,339374,25,0,10,1,72,,339379,25,0,10,2,69,,339372,25,0,10,1,28,,339384,25,0,10,2,30,,339361,25,0,10,2,70,,339375,25,0,10,1,31,,339380,25,0,10,2,70,,339373,25,0,10,1,30,,339385,25,0,10,2,71,,339362,25,0,10,2,22,,339351,25,0,10,1,63,,339376,25,0,10,1,24,,339381,25,0,10,2,62,,339349,25,0,10,1,22,,339365,25,0,10,1,30,,339355,25,0,10,1,68,,339363,25,0,10,2,27,,339352,25,0,10,1,67,,339369,25,0,10,2,25,,339388,25,0,10,2,69,,339366,25,0,10,1,29,,339356,25,0,10,1,69,,339391,25,0,10,1,30,,339386,25,0,10,2,70,,339370,25,0,10,2,33,,339367,25,0,10,1,73,,339357,25,0,10,1,33,,339353,25,0,10,1,73,,339387,25,0,10,2,30,,339389,25,0,10,2,71,,339368,25,0,10,1,31,,339358,25,0,10,1,70,,339354,25,0,10,1,31,,339350,25,0,10,1
19802,'H56S100F-80-F1',527,,339393,25,0,10,1,30,,339411,25,0,10,2,70,,339397,25,0,10,1,30,,339425,25,0,10,1,70,,339403,25,0,10,2,30,,339394,25,0,10,1,70,,339412,25,0,10,2,32,,339398,25,0,10,1,74,,339426,25,0,10,1,73,,339404,25,0,10,2,33,,339427,25,0,10,1,73,,339413,25,0,10,2,33,,339414,25,0,10,1,72,,339419,25,0,10,1,31,,339405,25,0,10,2,71,,339428,25,0,10,1,32,,339399,25,0,10,1,70,,339415,25,0,10,1,30,,339420,25,0,10,1,70,,339406,25,0,10,2,30,,339429,25,0,10,1,70,,339400,25,0,10,1,30,,339416,25,0,10,1,72,,339421,25,0,10,1,31,,339407,25,0,10,2,68,,339430,25,0,10,1,29,,339401,25,0,10,1,70,,339417,25,0,10,1,29,,339422,25,0,10,1,68,,339408,25,0,10,2,28,,339431,25,0,10,1,70,,339402,25,0,10,1,30,,339418,25,0,10,1,69,,339423,25,0,10,1,30,,339409,25,0,10,2,70,,339395,25,0,10,2,30,,339433,25,0,10,1,69,,339432,25,0,10,2,31,,339424,25,0,10,1,73,,339410,25,0,10,2,33,,339396,25,0,10,1
19802,'H56S200F-80-F2',527,,339434,25,0,10,1,30,,339452,25,0,10,2,70,,339438,25,0,10,1,30,,339466,25,0,10,1,70,,339444,25,0,10,2,30,,339435,25,0,10,1,70,,339453,25,0,10,2,32,,339439,25,0,10,1,74,,339467,25,0,10,1,73,,339445,25,0,10,2,33,,339468,25,0,10,1,73,,339454,25,0,10,2,33,,339455,25,0,10,1,72,,339460,25,0,10,1,31,,339446,25,0,10,2,71,,339469,25,0,10,1,32,,339440,25,0,10,1,70,,339456,25,0,10,1,30,,339461,25,0,10,1,70,,339447,25,0,10,2,30,,339470,25,0,10,1,70,,339441,25,0,10,1,30,,339457,25,0,10,1,72,,339462,25,0,10,1,31,,339448,25,0,10,2,68,,339471,25,0,10,1,29,,339442,25,0,10,1,70,,339458,25,0,10,1,29,,339463,25,0,10,1,68,,339449,25,0,10,2,28,,339472,25,0,10,1,70,,339443,25,0,10,1,30,,339459,25,0,10,1,69,,339464,25,0,10,1,30,,339450,25,0,10,2,70,,339436,25,0,10,2,30,,339474,25,0,10,1,69,,339473,25,0,10,2,31,,339465,25,0,10,1,73,,339451,25,0,10,2,33,,339437,25,0,10,1
