10402,'H56S000A-80-A',603,,316101,29,0,10,1,36,,316114,29,0,10,2,17,,316099,29,0,10,1,74,,316102,29,0,10,1,74,,316115,29,0,10,2,20,,316100,29,0,10,1,77,,316103,29,0,10,1,37,,316116,29,0,10,2,69,,316127,29,0,10,1,32,,316104,29,0,10,1,81,,316117,29,0,10,2,28,,316128,29,0,10,1,75,,316105,29,0,10,1,80,,316118,29,0,10,2,29,,316129,29,0,10,1,77,,316106,29,0,10,1,38,,316119,29,0,10,2,69,,316130,29,0,10,1,37,,316107,29,0,10,1,78,,316120,29,0,10,2,71,,316131,29,0,10,1,32,,316108,29,0,10,1,79,,316121,29,0,10,2,30,,316132,29,0,10,1,71,,316109,29,0,10,1,36,,316122,29,0,10,2,70,,316133,29,0,10,1,30,,316110,29,0,10,1,73,,316123,29,0,10,2,28,,316134,29,0,10,1,69,,316111,29,0,10,1,33,,316124,29,0,10,2,69,,316135,29,0,10,1,26,,316112,29,0,10,1,71,,316125,29,0,10,2,28,,316136,29,0,10,1,69,,316113,29,0,10,1,25,,316126,29,0,10,2,69,,316137,29,0,10,1
10402,'H56S000I-80-I',619,,316150,29,0,10,2,30,,316138,29,0,10,1,78,,316162,29,0,10,1,75,,316151,29,0,10,2,15,,316139,29,0,10,1,38,,316163,29,0,10,1,84,,316152,29,0,10,2,78,,316140,29,0,10,1,15,,316164,29,0,10,1,82,,316153,29,0,10,2,43,,316141,29,0,10,1,80,,316165,29,0,10,1,16,,316154,29,0,10,2,84,,316142,29,0,10,1,81,,316166,29,0,10,1,82,,316155,29,0,10,2,20,,316143,29,0,10,1,81,,316167,29,0,10,1,42,,316156,29,0,10,2,82,,316144,29,0,10,1,15,,316168,29,0,10,1,79,,316157,29,0,10,2,38,,316145,29,0,10,1,56,,316169,29,0,10,1,38,,316158,29,0,10,2,80,,316146,29,0,10,1,73,,316170,29,0,10,1,25,,316159,29,0,10,2,71,,316147,29,0,10,1,32,,316171,29,0,10,1,71,,316160,29,0,10,2,31,,316148,29,0,10,1,72,,316172,29,0,10,1,31,,316161,29,0,10,2,72,,316149,29,0,10,1,36,,316173,29,0,10,1
10402,'H56S000S-82-S',554,,316179,29,0,10,2,70,,316181,29,0,10,2,32,,316209,29,0,10,1,88,,316180,29,0,10,2,84,,316208,29,0,10,1,74,,316197,29,0,10,1,36,,316201,29,0,10,1,75,,316188,29,0,10,1,36,,316198,29,0,10,1,76,,316202,29,0,10,1,75,,316189,29,0,10,1,37,,316199,29,0,10,1,78,,316203,29,0,10,1,36,,316190,29,0,10,1,78,,316200,29,0,10,1,79,,316204,29,0,10,1,37,,316205,29,0,10,2,77,,316206,29,0,10,2,81,,316182,29,0,10,1,40,,316195,29,0,10,1,82,,316207,29,0,10,2,34,,316183,29,0,10,1,76,,316196,29,0,10,1,70,,316174,29,0,10,1,32,,316191,29,0,10,2,73,,316184,29,0,10,1,32,,316175,29,0,10,1,71,,316192,29,0,10,2,31,,316185,29,0,10,1,69,,316176,29,0,10,1,29,,316193,29,0,10,2,69,,316186,29,0,10,1,25,,316177,29,0,10,1,68,,316194,29,0,10,2,26,,316187,29,0,10,1,27,,316178,29,0,10,1
10402,'H56S100F-80-F1',619,,316222,29,0,10,2,30,,316210,29,0,10,1,78,,316234,29,0,10,1,75,,316223,29,0,10,2,15,,316211,29,0,10,1,38,,316235,29,0,10,1,84,,316224,29,0,10,2,78,,316212,29,0,10,1,15,,316236,29,0,10,1,82,,316225,29,0,10,2,43,,316213,29,0,10,1,80,,316237,29,0,10,1,16,,316226,29,0,10,2,84,,316214,29,0,10,1,81,,316238,29,0,10,1,82,,316227,29,0,10,2,20,,316215,29,0,10,1,81,,316239,29,0,10,1,42,,316228,29,0,10,2,82,,316216,29,0,10,1,15,,316240,29,0,10,1,79,,316229,29,0,10,2,38,,316217,29,0,10,1,56,,316241,29,0,10,1,38,,316230,29,0,10,2,80,,316218,29,0,10,1,73,,316242,29,0,10,1,25,,316231,29,0,10,2,71,,316219,29,0,10,1,32,,316243,29,0,10,1,71,,316232,29,0,10,2,31,,316220,29,0,10,1,72,,316244,29,0,10,1,31,,316233,29,0,10,2,72,,316221,29,0,10,1,36,,316245,29,0,10,1
10402,'H56S200F-80-F2',619,,316258,29,0,10,2,30,,316246,29,0,10,1,78,,316270,29,0,10,1,75,,316259,29,0,10,2,15,,316247,29,0,10,1,38,,316271,29,0,10,1,84,,316260,29,0,10,2,78,,316248,29,0,10,1,15,,316272,29,0,10,1,82,,316261,29,0,10,2,43,,316249,29,0,10,1,80,,316273,29,0,10,1,16,,316262,29,0,10,2,84,,316250,29,0,10,1,81,,316274,29,0,10,1,82,,316263,29,0,10,2,20,,316251,29,0,10,1,81,,316275,29,0,10,1,42,,316264,29,0,10,2,82,,316252,29,0,10,1,15,,316276,29,0,10,1,79,,316265,29,0,10,2,38,,316253,29,0,10,1,56,,316277,29,0,10,1,38,,316266,29,0,10,2,80,,316254,29,0,10,1,73,,316278,29,0,10,1,25,,316267,29,0,10,2,71,,316255,29,0,10,1,32,,316279,29,0,10,1,71,,316268,29,0,10,2,31,,316256,29,0,10,1,72,,316280,29,0,10,1,31,,316269,29,0,10,2,72,,316257,29,0,10,1,36,,316281,29,0,10,1
13802,'H56S000A-80-A',624,,325216,33,0,10,1,79,,325226,33,0,10,1,42,,325217,33,0,10,1,83,,325227,33,0,10,1,85,,325218,33,0,10,1,87,,325228,33,0,10,1,47,,325219,33,0,10,1,89,,325229,33,0,10,1,88,,325220,33,0,10,1,92,,325230,33,0,10,1,88,,325221,33,0,10,1,50,,325231,33,0,10,1,89,,325222,33,0,10,1,90,,325232,33,0,10,1,90,,325223,33,0,10,1,86,,325233,33,0,10,1,46,,325224,33,0,10,1,86,,325234,33,0,10,1,87,,325225,33,0,10,1
13802,'H56S000I-80-I',708,,325235,33,0,10,1,38,,325245,33,0,10,1,86,,325236,33,0,10,1,83,,325246,33,0,10,1,44,,325237,33,0,10,1,88,,325247,33,0,10,1,88,,325238,33,0,10,1,83,,325248,33,0,10,1,90,,325239,33,0,10,1,48,,325249,33,0,10,1,88,,325240,33,0,10,1,89,,325250,33,0,10,1,88,,325241,33,0,10,1,87,,325251,33,0,10,1,47,,325242,33,0,10,1,86,,325252,33,0,10,1,86,,325243,33,0,10,1,82,,325253,33,0,10,1,44,,325244,33,0,10,1
13802,'H56S000S-82-S',611,,325257,33,0,10,1,26,,325277,33,0,10,1,79,,325256,33,0,10,1,88,,325258,33,0,10,1,42,,325278,33,0,10,1,72,,325269,33,0,10,1,38,,325259,33,0,10,1,73,,325279,33,0,10,1,76,,325270,33,0,10,1,36,,325260,33,0,10,1,78,,325280,33,0,10,1,35,,325271,33,0,10,1,76,,325261,33,0,10,1,77,,325281,33,0,10,1,38,,325272,33,0,10,1,78,,325262,33,0,10,1,81,,325282,33,0,10,1,39,,325273,33,0,10,1,81,,325263,33,0,10,1,81,,325283,33,0,10,1,36,,325274,33,0,10,1,75,,325264,33,0,10,1,34,,325284,33,0,10,1,70,,325275,33,0,10,1,32,,325265,33,0,10,1,73,,325285,33,0,10,1,30,,325276,33,0,10,1,72,,325266,33,0,10,1,29,,325286,33,0,10,1,69,,325254,33,0,10,1,29,,325267,33,0,10,1,67,,325287,33,0,10,1,28,,325255,33,0,10,1,68,,325268,33,0,10,1,29,,325288,33,0,10,1
13802,'H56S100F-80-F1',708,,325289,33,0,10,1,38,,325299,33,0,10,1,86,,325290,33,0,10,1,83,,325300,33,0,10,1,44,,325291,33,0,10,1,88,,325301,33,0,10,1,88,,325292,33,0,10,1,83,,325302,33,0,10,1,90,,325293,33,0,10,1,48,,325303,33,0,10,1,88,,325294,33,0,10,1,89,,325304,33,0,10,1,88,,325295,33,0,10,1,87,,325305,33,0,10,1,47,,325296,33,0,10,1,86,,325306,33,0,10,1,86,,325297,33,0,10,1,82,,325307,33,0,10,1,44,,325298,33,0,10,1
13802,'H56S200F-80-F2',708,,325308,33,0,10,1,38,,325318,33,0,10,1,86,,325309,33,0,10,1,83,,325319,33,0,10,1,44,,325310,33,0,10,1,88,,325320,33,0,10,1,88,,325311,33,0,10,1,83,,325321,33,0,10,1,90,,325312,33,0,10,1,48,,325322,33,0,10,1,88,,325313,33,0,10,1,89,,325323,33,0,10,1,88,,325314,33,0,10,1,87,,325324,33,0,10,1,47,,325315,33,0,10,1,86,,325325,33,0,10,1,86,,325316,33,0,10,1,82,,325326,33,0,10,1,44,,325317,33,0,10,1
42002,'H56S000S-82-S',1239,,347862,17,0,10,1,74,,347866,17,0,10,2,33,,347870,17,0,10,1,72,,347863,17,0,10,1,32,,347867,17,0,10,2,70,,347871,17,0,10,1,29,,347874,17,0,10,2,70,,347864,17,0,10,1,29,,347868,17,0,10,2,71,,347872,17,0,10,1,30,,347875,17,0,10,2,69,,347865,17,0,10,1,27,,347869,17,0,10,2,68,,347873,17,0,10,1,31,,347876,17,0,10,2
