12303,'H56S000A-80-A',559,,321709,12,0,8,1,73,,321690,12,0,8,1,72,,321710,12,0,8,1,32,,321691,12,0,8,1,73,,321711,12,0,8,1,33,,321692,12,0,8,1,74,,321712,12,0,8,1,33,,321693,12,0,8,1,71,,321713,12,0,8,1,35,,321694,12,0,8,1,72,,321714,12,0,8,1,32,,321695,12,0,8,1,73,,321715,12,0,8,1,73,,321696,12,0,8,1,29,,321701,12,0,8,1,68,,321716,12,0,8,1,28,,321697,12,0,8,1,28,,321702,12,0,8,1,67,,321717,12,0,8,1,28,,321698,12,0,8,1,70,,321703,12,0,8,1,30,,321718,12,0,8,1,69,,321699,12,0,8,1,29,,321704,12,0,8,1,68,,321719,12,0,8,1,29,,321700,12,0,8,1,68,,321705,12,0,8,1,28,,321720,12,0,8,1,71,,321706,12,0,8,1,32,,321721,12,0,8,1,72,,321707,12,0,8,1,33,,321722,12,0,8,1,73,,321708,12,0,8,1,32,,321723,12,0,8,1,72,,321725,12,0,8,1,71,,321724,12,0,8,1
12303,'H56S000I-80-I',559,,321743,12,0,8,1,71,,321726,12,0,8,1,72,,321744,12,0,8,1,32,,321727,12,0,8,1,72,,321745,12,0,8,1,33,,321728,12,0,8,1,73,,321746,12,0,8,1,33,,321729,12,0,8,1,74,,321747,12,0,8,1,35,,321730,12,0,8,1,74,,321748,12,0,8,1,75,,321731,12,0,8,1,35,,321749,12,0,8,1,76,,321732,12,0,8,1,36,,321750,12,0,8,1,76,,321733,12,0,8,1,75,,321751,12,0,8,1,36,,321734,12,0,8,1,75,,321752,12,0,8,1,35,,321735,12,0,8,1,75,,321753,12,0,8,1,35,,321736,12,0,8,1,72,,321754,12,0,8,1,75,,321737,12,0,8,1,32,,321755,12,0,8,1,74,,321738,12,0,8,1,32,,321756,12,0,8,1,73,,321739,12,0,8,1,32,,321757,12,0,8,1,73,,321740,12,0,8,1,32,,321758,12,0,8,1,71,,321741,12,0,8,1,32,,321759,12,0,8,1,70,,321742,12,0,8,1
12303,'H56S000S-82-S',539,,321768,12,0,8,1,74,,321775,12,0,8,1,34,,321769,12,0,8,1,66,,321797,12,0,8,2,21,,321776,12,0,8,1,20,,321792,12,0,8,2,60,,321770,12,0,8,1,31,,321772,12,0,8,1,68,,321777,12,0,8,1,31,,321771,12,0,8,1,71,,321773,12,0,8,1,31,,321778,12,0,8,1,71,,321793,12,0,8,1,32,,321760,12,0,8,1,71,,321780,12,0,8,1,31,,321781,12,0,8,1,71,,321774,12,0,8,1,34,,321779,12,0,8,1,73,,321794,12,0,8,1,72,,321782,12,0,8,2,32,,321786,12,0,8,2,72,,321795,12,0,8,1,34,,321783,12,0,8,2,72,,321787,12,0,8,2,30,,321796,12,0,8,1,71,,321784,12,0,8,2,31,,321788,12,0,8,2,71,,321763,12,0,8,1,27,,321785,12,0,8,2,71,,321789,12,0,8,2,31,,321764,12,0,8,1,70,,321761,12,0,8,2,30,,321790,12,0,8,2,70,,321765,12,0,8,1,30,,321762,12,0,8,2,70,,321791,12,0,8,2,28,,321766,12,0,8,1,70,,321767,12,0,8,2
12303,'H56S100F-80-F1',559,,321815,12,0,8,1,71,,321798,12,0,8,1,72,,321816,12,0,8,1,32,,321799,12,0,8,1,72,,321817,12,0,8,1,33,,321800,12,0,8,1,73,,321818,12,0,8,1,33,,321801,12,0,8,1,74,,321819,12,0,8,1,35,,321802,12,0,8,1,74,,321820,12,0,8,1,75,,321803,12,0,8,1,35,,321821,12,0,8,1,76,,321804,12,0,8,1,36,,321822,12,0,8,1,76,,321805,12,0,8,1,75,,321823,12,0,8,1,36,,321806,12,0,8,1,75,,321824,12,0,8,1,35,,321807,12,0,8,1,75,,321825,12,0,8,1,35,,321808,12,0,8,1,72,,321826,12,0,8,1,75,,321809,12,0,8,1,32,,321827,12,0,8,1,74,,321810,12,0,8,1,32,,321828,12,0,8,1,73,,321811,12,0,8,1,32,,321829,12,0,8,1,73,,321812,12,0,8,1,32,,321830,12,0,8,1,71,,321813,12,0,8,1,32,,321831,12,0,8,1,70,,321814,12,0,8,1
12303,'H56S200F-80-F2',559,,321849,12,0,8,1,71,,321832,12,0,8,1,72,,321850,12,0,8,1,32,,321833,12,0,8,1,72,,321851,12,0,8,1,33,,321834,12,0,8,1,73,,321852,12,0,8,1,33,,321835,12,0,8,1,74,,321853,12,0,8,1,35,,321836,12,0,8,1,74,,321854,12,0,8,1,75,,321837,12,0,8,1,35,,321855,12,0,8,1,76,,321838,12,0,8,1,36,,321856,12,0,8,1,76,,321839,12,0,8,1,75,,321857,12,0,8,1,36,,321840,12,0,8,1,75,,321858,12,0,8,1,35,,321841,12,0,8,1,75,,321859,12,0,8,1,35,,321842,12,0,8,1,72,,321860,12,0,8,1,75,,321843,12,0,8,1,32,,321861,12,0,8,1,74,,321844,12,0,8,1,32,,321862,12,0,8,1,73,,321845,12,0,8,1,32,,321863,12,0,8,1,73,,321846,12,0,8,1,32,,321864,12,0,8,1,71,,321847,12,0,8,1,32,,321865,12,0,8,1,70,,321848,12,0,8,1
19802,'H56S000A-80-A',513,,339268,15,0,10,1,32,,339265,15,0,10,1,72,,339293,15,0,10,2,31,,339285,15,0,10,1,71,,339269,15,0,10,1,29,,339277,15,0,10,2,69,,339300,15,0,10,1,31,,339294,15,0,10,2,69,,339286,15,0,10,1,32,,339270,15,0,10,1,70,,339278,15,0,10,2,30,,339301,15,0,10,1,69,,339295,15,0,10,2,30,,339287,15,0,10,1,70,,339271,15,0,10,1,29,,339279,15,0,10,2,71,,339302,15,0,10,1,30,,339296,15,0,10,2,68,,339288,15,0,10,1,29,,339272,15,0,10,1,70,,339280,15,0,10,2,29,,339303,15,0,10,2,70,,339297,15,0,10,1,31,,339289,15,0,10,1,69,,339273,15,0,10,1,29,,339281,15,0,10,2,70,,339304,15,0,10,2,29,,339298,15,0,10,1,69,,339290,15,0,10,1,29,,339274,15,0,10,1,69,,339282,15,0,10,2,29,,339305,15,0,10,2,70,,339299,15,0,10,1,29,,339291,15,0,10,1,70,,339275,15,0,10,1,31,,339283,15,0,10,2,70,,339306,15,0,10,2,28,,339266,15,0,10,1,69,,339292,15,0,10,1,31,,339276,15,0,10,1,71,,339284,15,0,10,2,33,,339307,15,0,10,2,70,,339267,15,0,10,1
19802,'H56S000I-80-I',516,,339308,15,0,10,1,30,,339326,15,0,10,2,70,,339312,15,0,10,1,30,,339340,15,0,10,1,70,,339318,15,0,10,2,30,,339309,15,0,10,1,70,,339327,15,0,10,2,31,,339313,15,0,10,1,72,,339341,15,0,10,1,33,,339319,15,0,10,2,73,,339342,15,0,10,1,33,,339328,15,0,10,2,73,,339329,15,0,10,1,72,,339334,15,0,10,1,31,,339320,15,0,10,2,71,,339343,15,0,10,1,32,,339314,15,0,10,1,70,,339330,15,0,10,1,30,,339335,15,0,10,1,70,,339321,15,0,10,2,30,,339344,15,0,10,1,70,,339315,15,0,10,1,30,,339331,15,0,10,1,72,,339336,15,0,10,1,32,,339322,15,0,10,2,68,,339345,15,0,10,1,29,,339316,15,0,10,1,70,,339332,15,0,10,1,30,,339337,15,0,10,1,68,,339323,15,0,10,2,28,,339346,15,0,10,1,70,,339317,15,0,10,1,30,,339333,15,0,10,1,69,,339338,15,0,10,1,30,,339324,15,0,10,2,70,,339310,15,0,10,2,30,,339348,15,0,10,1,70,,339347,15,0,10,2,31,,339339,15,0,10,1,73,,339325,15,0,10,2,33,,339311,15,0,10,1
19802,'H56S000S-82-S',549,,339392,15,0,10,2,70,,339359,15,0,10,2,32,,339390,15,0,10,1,62,,339382,15,0,10,2,21,,339378,15,0,10,2,20,,339364,15,0,10,2,55,,339371,15,0,10,1,10,,339377,15,0,10,1,26,,339383,15,0,10,2,69,,339360,15,0,10,2,31,,339374,15,0,10,1,72,,339379,15,0,10,2,29,,339372,15,0,10,1,68,,339384,15,0,10,2,30,,339361,15,0,10,2,70,,339375,15,0,10,1,31,,339380,15,0,10,2,70,,339373,15,0,10,1,29,,339385,15,0,10,2,71,,339362,15,0,10,2,22,,339351,15,0,10,1,22,,339376,15,0,10,1,64,,339381,15,0,10,2,22,,339349,15,0,10,1,63,,339365,15,0,10,1,30,,339355,15,0,10,1,68,,339363,15,0,10,2,27,,339352,15,0,10,1,67,,339369,15,0,10,2,27,,339388,15,0,10,2,29,,339366,15,0,10,1,69,,339356,15,0,10,1,30,,339391,15,0,10,1,70,,339386,15,0,10,2,30,,339370,15,0,10,2,73,,339367,15,0,10,1,73,,339357,15,0,10,1,33,,339353,15,0,10,1,73,,339387,15,0,10,2,30,,339389,15,0,10,2,71,,339368,15,0,10,1,31,,339358,15,0,10,1,71,,339354,15,0,10,1,31,,339350,15,0,10,1
19802,'H56S100F-80-F1',516,,339393,15,0,10,1,30,,339411,15,0,10,2,70,,339397,15,0,10,1,30,,339425,15,0,10,1,70,,339403,15,0,10,2,30,,339394,15,0,10,1,70,,339412,15,0,10,2,31,,339398,15,0,10,1,72,,339426,15,0,10,1,33,,339404,15,0,10,2,73,,339427,15,0,10,1,33,,339413,15,0,10,2,73,,339414,15,0,10,1,72,,339419,15,0,10,1,31,,339405,15,0,10,2,71,,339428,15,0,10,1,32,,339399,15,0,10,1,70,,339415,15,0,10,1,30,,339420,15,0,10,1,70,,339406,15,0,10,2,30,,339429,15,0,10,1,70,,339400,15,0,10,1,30,,339416,15,0,10,1,72,,339421,15,0,10,1,32,,339407,15,0,10,2,68,,339430,15,0,10,1,29,,339401,15,0,10,1,70,,339417,15,0,10,1,30,,339422,15,0,10,1,68,,339408,15,0,10,2,28,,339431,15,0,10,1,70,,339402,15,0,10,1,30,,339418,15,0,10,1,69,,339423,15,0,10,1,30,,339409,15,0,10,2,70,,339395,15,0,10,2,30,,339433,15,0,10,1,70,,339432,15,0,10,2,31,,339424,15,0,10,1,73,,339410,15,0,10,2,33,,339396,15,0,10,1
19802,'H56S200F-80-F2',516,,339434,15,0,10,1,30,,339452,15,0,10,2,70,,339438,15,0,10,1,30,,339466,15,0,10,1,70,,339444,15,0,10,2,30,,339435,15,0,10,1,70,,339453,15,0,10,2,31,,339439,15,0,10,1,72,,339467,15,0,10,1,33,,339445,15,0,10,2,73,,339468,15,0,10,1,33,,339454,15,0,10,2,73,,339455,15,0,10,1,72,,339460,15,0,10,1,31,,339446,15,0,10,2,71,,339469,15,0,10,1,32,,339440,15,0,10,1,70,,339456,15,0,10,1,30,,339461,15,0,10,1,70,,339447,15,0,10,2,30,,339470,15,0,10,1,70,,339441,15,0,10,1,30,,339457,15,0,10,1,72,,339462,15,0,10,1,32,,339448,15,0,10,2,68,,339471,15,0,10,1,29,,339442,15,0,10,1,70,,339458,15,0,10,1,30,,339463,15,0,10,1,68,,339449,15,0,10,2,28,,339472,15,0,10,1,70,,339443,15,0,10,1,30,,339459,15,0,10,1,69,,339464,15,0,10,1,30,,339450,15,0,10,2,70,,339436,15,0,10,2,30,,339474,15,0,10,1,70,,339473,15,0,10,2,31,,339465,15,0,10,1,73,,339451,15,0,10,2,33,,339437,15,0,10,1
