10001,'H50S000A-82-A',507,,314485,5,0,5,1,30,,314501,5,0,5,2,71,,314458,5,0,5,1,33,,314486,5,0,5,1,73,,314490,5,0,5,2,27,,314459,5,0,5,1,67,,314487,5,0,5,1,27,,314471,5,0,5,2,70,,314491,5,0,5,2,29,,314488,5,0,5,1,67,,314472,5,0,5,2,30,,314460,5,0,5,1,70,,314489,5,0,5,1,30,,314473,5,0,5,2,70,,314492,5,0,5,2,30,,314461,5,0,5,1,70,,314474,5,0,5,2,28,,314464,5,0,5,2,27,,314493,5,0,5,2,64,,314462,5,0,5,1,21,,314475,5,0,5,2,59,,314477,5,0,5,1,14,,314494,5,0,5,1,2,,314465,5,0,5,2,18,,314455,5,0,5,2,19,,314463,5,0,5,1,57,,314478,5,0,5,1,15,,314476,5,0,5,2,15,,314466,5,0,5,2,14,,314495,5,0,5,1,64,,314456,5,0,5,2,28,,314479,5,0,5,1,68,,314467,5,0,5,2,28,,314496,5,0,5,1,70,,314480,5,0,5,1,29,,314468,5,0,5,2,69,,314497,5,0,5,2,28,,314481,5,0,5,1,68,,314469,5,0,5,2,27,,314498,5,0,5,2,73,,314482,5,0,5,1,33,,314470,5,0,5,2,73,,314499,5,0,5,2,24,,314483,5,0,5,1,69,,314457,5,0,5,2,34,,314500,5,0,5,2,78,,314484,5,0,5,1
10001,'H50S000I-82-I',618,,314535,5,0,5,2,28,,314505,5,0,5,1,68,,314518,5,0,5,2,33,,314536,5,0,5,2,73,,314506,5,0,5,1,33,,314519,5,0,5,2,68,,314537,5,0,5,2,28,,314507,5,0,5,1,68,,314520,5,0,5,2,31,,314538,5,0,5,2,71,,314508,5,0,5,1,30,,314521,5,0,5,2,73,,314539,5,0,5,2,33,,314509,5,0,5,1,72,,314522,5,0,5,2,31,,314540,5,0,5,2,69,,314510,5,0,5,1,27,,314503,5,0,5,1,59,,314542,5,0,5,1,3,,314502,5,0,5,1,10,,314523,5,0,5,2,13,,314541,5,0,5,2,16,,314511,5,0,5,1,56,,314529,5,0,5,2,18,,314504,5,0,5,1,22,,314524,5,0,5,2,59,,314543,5,0,5,2,20,,314512,5,0,5,1,24,,314530,5,0,5,2,70,,314525,5,0,5,2,30,,314513,5,0,5,1,70,,314531,5,0,5,2,30,,314526,5,0,5,2,70,,314514,5,0,5,1,30,,314532,5,0,5,2,70,,314527,5,0,5,2,30,,314515,5,0,5,1,70,,314533,5,0,5,2,30,,314544,5,0,5,1,60,,314528,5,0,5,2,26,,314516,5,0,5,1,70,,314534,5,0,5,2,33,,314545,5,0,5,1,75,,314517,5,0,5,1
10001,'H50S000S-82-S',509,,314595,5,0,5,1,33,,314547,5,0,5,1,73,,314546,5,0,5,1,30,,314554,5,0,5,2,69,,314548,5,0,5,1,29,,314559,5,0,5,2,99,,314568,5,0,5,2,68,,314569,5,0,5,1,27,,314549,5,0,5,1,73,,314564,5,0,5,1,33,,314570,5,0,5,1,66,,314550,5,0,5,1,30,,314560,5,0,5,2,70,,314565,5,0,5,1,30,,314571,5,0,5,1,68,,314551,5,0,5,1,24,,314561,5,0,5,2,19,,314573,5,0,5,1,57,,314566,5,0,5,1,11,,314572,5,0,5,1,16,,314555,5,0,5,1,15,,314552,5,0,5,1,54,,314575,5,0,5,1,9,,314562,5,0,5,2,11,,314590,5,0,5,1,11,,314574,5,0,5,1,11,,314579,5,0,5,1,11,,314578,5,0,5,2,51,,314567,5,0,5,1,15,,314576,5,0,5,1,15,,314553,5,0,5,1,17,,314556,5,0,5,1,60,,314563,5,0,5,2,15,,314584,5,0,5,1,22,,314580,5,0,5,1,68,,314577,5,0,5,1,29,,314557,5,0,5,1,69,,314585,5,0,5,1,29,,314581,5,0,5,1,69,,314558,5,0,5,1,29,,314586,5,0,5,1,69,,314582,5,0,5,1,28,,314591,5,0,5,1,68,,314587,5,0,5,1,22,,314588,5,0,5,1,17,,314583,5,0,5,1,55,,314596,5,0,5,1,15,,314592,5,0,5,1,19,,314593,5,0,5,1,74,,314589,5,0,5,1,33,,314597,5,0,5,1,72,,314594,5,0,5,1
10001,'H50S100F-80-F1',618,,314631,5,0,5,2,28,,314601,5,0,5,1,68,,314614,5,0,5,2,33,,314632,5,0,5,2,73,,314602,5,0,5,1,33,,314615,5,0,5,2,68,,314633,5,0,5,2,28,,314603,5,0,5,1,68,,314616,5,0,5,2,31,,314634,5,0,5,2,71,,314604,5,0,5,1,30,,314617,5,0,5,2,73,,314635,5,0,5,2,33,,314605,5,0,5,1,72,,314618,5,0,5,2,31,,314636,5,0,5,2,69,,314606,5,0,5,1,27,,314599,5,0,5,1,59,,314638,5,0,5,1,3,,314598,5,0,5,1,10,,314619,5,0,5,2,13,,314637,5,0,5,2,16,,314607,5,0,5,1,56,,314625,5,0,5,2,18,,314600,5,0,5,1,22,,314620,5,0,5,2,59,,314639,5,0,5,2,20,,314608,5,0,5,1,24,,314626,5,0,5,2,70,,314621,5,0,5,2,30,,314609,5,0,5,1,70,,314627,5,0,5,2,30,,314622,5,0,5,2,70,,314610,5,0,5,1,30,,314628,5,0,5,2,70,,314623,5,0,5,2,30,,314611,5,0,5,1,70,,314629,5,0,5,2,30,,314640,5,0,5,1,60,,314624,5,0,5,2,26,,314612,5,0,5,1,70,,314630,5,0,5,2,33,,314641,5,0,5,1,75,,314613,5,0,5,1
10001,'H50S200F-80-F2',618,,314675,5,0,5,2,28,,314645,5,0,5,1,68,,314658,5,0,5,2,33,,314676,5,0,5,2,73,,314646,5,0,5,1,33,,314659,5,0,5,2,68,,314677,5,0,5,2,28,,314647,5,0,5,1,68,,314660,5,0,5,2,31,,314678,5,0,5,2,71,,314648,5,0,5,1,30,,314661,5,0,5,2,73,,314679,5,0,5,2,33,,314649,5,0,5,1,72,,314662,5,0,5,2,31,,314680,5,0,5,2,69,,314650,5,0,5,1,27,,314643,5,0,5,1,59,,314682,5,0,5,1,3,,314642,5,0,5,1,10,,314663,5,0,5,2,13,,314681,5,0,5,2,16,,314651,5,0,5,1,56,,314669,5,0,5,2,18,,314644,5,0,5,1,22,,314664,5,0,5,2,59,,314683,5,0,5,2,20,,314652,5,0,5,1,24,,314670,5,0,5,2,70,,314665,5,0,5,2,30,,314653,5,0,5,1,70,,314671,5,0,5,2,30,,314666,5,0,5,2,70,,314654,5,0,5,1,30,,314672,5,0,5,2,70,,314667,5,0,5,2,30,,314655,5,0,5,1,70,,314673,5,0,5,2,30,,314684,5,0,5,1,60,,314668,5,0,5,2,26,,314656,5,0,5,1,70,,314674,5,0,5,2,33,,314685,5,0,5,1,75,,314657,5,0,5,1
10001,'H58S000S-83-S',812,,314686,5,0,5,2
19604,'H50S000S-82-S',635,,338442,17,0,9,2
19604,'H56S000S-82-S',617,,338443,17,0,9,1,6,,338445,17,0,9,1,20,,338444,17,0,9,1,14,,338446,17,0,9,1
19604,'H60S000S-83-S',547,,338447,17,0,9,1,55,,338455,17,0,9,1,7,,338456,17,0,9,1,20,,338465,17,0,9,2,20,,338468,17,0,9,2,54,,338473,17,0,9,2,6,,338475,17,0,9,1,8,,338464,17,0,9,2,6,,338483,17,0,9,2,6,,338450,17,0,9,1,5,,338467,17,0,9,2,6,,338474,17,0,9,2,7,,338470,17,0,9,1,8,,338482,17,0,9,2,48,,338463,17,0,9,2,8,,338457,17,0,9,1,9,,338489,17,0,9,2,9,,338466,17,0,9,2,10,,338485,17,0,9,1,11,,338469,17,0,9,2,51,,338481,17,0,9,2,8,,338476,17,0,9,1,11,,338484,17,0,9,2,12,,338451,17,0,9,1,12,,338471,17,0,9,1,60,,338458,17,0,9,1,25,,338486,17,0,9,1,29,,338477,17,0,9,1,68,,338452,17,0,9,1,28,,338459,17,0,9,1,68,,338487,17,0,9,1,29,,338478,17,0,9,1,66,,338453,17,0,9,1,22,,338448,17,0,9,1,20,,338460,17,0,9,1,59,,338472,17,0,9,1,20,,338488,17,0,9,1,20,,338479,17,0,9,1,60,,338454,17,0,9,1,21,,338449,17,0,9,1,62,,338461,17,0,9,1,30,,338491,17,0,9,1,70,,338480,17,0,9,1,31,,338494,17,0,9,2,69,,338462,17,0,9,1,28,,338492,17,0,9,1,23,,338493,17,0,9,1,64,,338490,17,0,9,1
19604,'H60S100F-80-F1',602,,338496,17,0,9,1,31,,338503,17,0,9,2,71,,338495,17,0,9,1,32,,338511,17,0,9,2,74,,338497,17,0,9,1,31,,338504,17,0,9,2,71,,338507,17,0,9,1,26,,338512,17,0,9,2,65,,338498,17,0,9,1,25,,338513,17,0,9,2,29,,338505,17,0,9,2,69,,338508,17,0,9,1,28,,338499,17,0,9,1,68,,338514,17,0,9,2,29,,338506,17,0,9,2,68,,338509,17,0,9,1,29,,338500,17,0,9,1,67,,338515,17,0,9,2,23,,338519,17,0,9,1,65,,338518,17,0,9,1,26,,338510,17,0,9,1,71,,338501,17,0,9,1,32,,338516,17,0,9,2,69,,338520,17,0,9,1,31,,338522,17,0,9,1,68,,338523,17,0,9,1,26,,338517,17,0,9,1,26,,338502,17,0,9,1,64,,338521,17,0,9,1
19604,'H60S200F-80-F2',602,,338525,17,0,9,1,31,,338532,17,0,9,2,71,,338524,17,0,9,1,32,,338540,17,0,9,2,74,,338526,17,0,9,1,31,,338533,17,0,9,2,71,,338536,17,0,9,1,26,,338541,17,0,9,2,65,,338527,17,0,9,1,25,,338542,17,0,9,2,29,,338534,17,0,9,2,69,,338537,17,0,9,1,28,,338528,17,0,9,1,68,,338543,17,0,9,2,29,,338535,17,0,9,2,68,,338538,17,0,9,1,29,,338529,17,0,9,1,67,,338544,17,0,9,2,23,,338548,17,0,9,1,65,,338547,17,0,9,1,26,,338539,17,0,9,1,71,,338530,17,0,9,1,32,,338545,17,0,9,2,69,,338549,17,0,9,1,31,,338551,17,0,9,1,68,,338552,17,0,9,1,26,,338546,17,0,9,1,26,,338531,17,0,9,1,64,,338550,17,0,9,1
