12502,'H59S000A-80-A',539,,322627,26,0,10,2,76,,322616,26,0,10,1,31,,322640,26,0,10,1,71,,322628,26,0,10,2,32,,322617,26,0,10,1,72,,322641,26,0,10,1,34,,322629,26,0,10,2,75,,322618,26,0,10,1,71,,322642,26,0,10,1,31,,322634,26,0,10,1,69,,322630,26,0,10,2,30,,322619,26,0,10,1,71,,322643,26,0,10,1,30,,322635,26,0,10,1,23,,322631,26,0,10,2,71,,322620,26,0,10,1,29,,322656,26,0,10,2,61,,322644,26,0,10,1,26,,322636,26,0,10,1,64,,322632,26,0,10,2,30,,322621,26,0,10,1,73,,322645,26,0,10,1,29,,322637,26,0,10,1,69,,322633,26,0,10,2,29,,322622,26,0,10,1,67,,322646,26,0,10,1,29,,322638,26,0,10,1,24,,322614,26,0,10,2,59,,322648,26,0,10,1,25,,322623,26,0,10,1,67,,322615,26,0,10,2,27,,322639,26,0,10,1,68,,322649,26,0,10,1,29,,322624,26,0,10,1,72,,322653,26,0,10,2,32,,322650,26,0,10,1,68,,322625,26,0,10,1,28,,322654,26,0,10,2,70,,322651,26,0,10,1,32,,322626,26,0,10,1,67,,322655,26,0,10,2,23,,322652,26,0,10,1,19,,322647,26,0,10,1
12502,'H59S000I-81-I',538,,322673,26,0,10,1,73,,322661,26,0,10,1,32,,322685,26,0,10,1,71,,322674,26,0,10,1,32,,322662,26,0,10,1,72,,322686,26,0,10,1,34,,322675,26,0,10,1,73,,322663,26,0,10,1,32,,322687,26,0,10,1,69,,322688,26,0,10,1,27,,322676,26,0,10,1,68,,322664,26,0,10,1,28,,322657,26,0,10,2,70,,322689,26,0,10,1,29,,322677,26,0,10,1,68,,322665,26,0,10,1,32,,322658,26,0,10,2,62,,322691,26,0,10,1,25,,322690,26,0,10,1,65,,322678,26,0,10,1,25,,322666,26,0,10,1,28,,322659,26,0,10,2,69,,322692,26,0,10,1,31,,322679,26,0,10,1,71,,322667,26,0,10,1,28,,322660,26,0,10,2,67,,322693,26,0,10,1,31,,322680,26,0,10,1,72,,322668,26,0,10,1,32,,322694,26,0,10,1,70,,322681,26,0,10,1,30,,322669,26,0,10,1,70,,322695,26,0,10,1,30,,322682,26,0,10,1,69,,322670,26,0,10,1,29,,322696,26,0,10,1,70,,322683,26,0,10,1,29,,322671,26,0,10,1,68,,322697,26,0,10,1,30,,322684,26,0,10,1,70,,322672,26,0,10,1
12502,'H59S000S-80-S',541,,322699,26,0,10,1,69,,322706,26,0,10,1,35,,322716,26,0,10,1,67,,322705,26,0,10,2,27,,322700,26,0,10,1,61,,322707,26,0,10,1,20,,322732,26,0,10,2,21,,322717,26,0,10,1,62,,322726,26,0,10,1,19,,322742,26,0,10,1,23,,322701,26,0,10,1,65,,322708,26,0,10,1,32,,322718,26,0,10,1,72,,322727,26,0,10,1,32,,322702,26,0,10,1,72,,322709,26,0,10,1,29,,322719,26,0,10,1,70,,322728,26,0,10,1,30,,322703,26,0,10,1,69,,322710,26,0,10,1,32,,322720,26,0,10,1,70,,322729,26,0,10,1,31,,322704,26,0,10,1,70,,322711,26,0,10,1,32,,322721,26,0,10,1,69,,322733,26,0,10,1,31,,322738,26,0,10,1,73,,322712,26,0,10,1,31,,322722,26,0,10,1,70,,322734,26,0,10,1,28,,322739,26,0,10,1,67,,322713,26,0,10,1,31,,322723,26,0,10,1,71,,322735,26,0,10,1,30,,322740,26,0,10,1,70,,322714,26,0,10,1,30,,322724,26,0,10,1,69,,322736,26,0,10,1,31,,322741,26,0,10,1,69,,322715,26,0,10,1,30,,322725,26,0,10,1,70,,322737,26,0,10,1
12502,'H59S100F-80-F1',538,,322757,26,0,10,1,73,,322745,26,0,10,1,32,,322783,26,0,10,1,71,,322758,26,0,10,1,32,,322746,26,0,10,1,72,,322784,26,0,10,1,34,,322759,26,0,10,1,73,,322747,26,0,10,1,32,,322785,26,0,10,1,69,,322769,26,0,10,1,27,,322760,26,0,10,1,68,,322748,26,0,10,1,28,,322779,26,0,10,2,70,,322770,26,0,10,1,29,,322761,26,0,10,1,68,,322749,26,0,10,1,32,,322780,26,0,10,2,62,,322772,26,0,10,1,25,,322771,26,0,10,1,65,,322762,26,0,10,1,25,,322750,26,0,10,1,28,,322781,26,0,10,2,69,,322773,26,0,10,1,31,,322763,26,0,10,1,71,,322751,26,0,10,1,28,,322782,26,0,10,2,67,,322774,26,0,10,1,31,,322764,26,0,10,1,72,,322752,26,0,10,1,32,,322775,26,0,10,1,70,,322765,26,0,10,1,30,,322753,26,0,10,1,70,,322776,26,0,10,1,30,,322766,26,0,10,1,69,,322754,26,0,10,1,29,,322777,26,0,10,1,70,,322767,26,0,10,1,29,,322755,26,0,10,1,68,,322778,26,0,10,1,30,,322768,26,0,10,1,70,,322756,26,0,10,1
12502,'H59S200F-80-F2',538,,322798,26,0,10,1,73,,322786,26,0,10,1,32,,322824,26,0,10,1,71,,322799,26,0,10,1,32,,322787,26,0,10,1,72,,322825,26,0,10,1,34,,322800,26,0,10,1,73,,322788,26,0,10,1,32,,322826,26,0,10,1,69,,322810,26,0,10,1,27,,322801,26,0,10,1,68,,322789,26,0,10,1,28,,322820,26,0,10,2,70,,322811,26,0,10,1,29,,322802,26,0,10,1,68,,322790,26,0,10,1,32,,322821,26,0,10,2,62,,322813,26,0,10,1,25,,322812,26,0,10,1,65,,322803,26,0,10,1,25,,322791,26,0,10,1,28,,322822,26,0,10,2,69,,322814,26,0,10,1,31,,322804,26,0,10,1,71,,322792,26,0,10,1,28,,322823,26,0,10,2,67,,322815,26,0,10,1,31,,322805,26,0,10,1,72,,322793,26,0,10,1,32,,322816,26,0,10,1,70,,322806,26,0,10,1,30,,322794,26,0,10,1,70,,322817,26,0,10,1,30,,322807,26,0,10,1,69,,322795,26,0,10,1,29,,322818,26,0,10,1,70,,322808,26,0,10,1,29,,322796,26,0,10,1,68,,322819,26,0,10,1,30,,322809,26,0,10,1,70,,322797,26,0,10,1
36002,'H56S000A-80-A',2533,,346517,6,0,10,1,85,,346513,6,0,10,2,85,,346514,6,0,10,1,45,,346515,6,0,10,1,85,,346516,6,0,10,1
36002,'H56S000I-80-I',2532,,346520,6,0,10,1,85,,346518,6,0,10,1,85,,346522,6,0,10,2,45,,346519,6,0,10,1,85,,346521,6,0,10,2
36002,'H56S000S-82-S',2533,,346523,6,0,10,1,85,,346526,6,0,10,1,84,,346524,6,0,10,1,45,,346527,6,0,10,1,85,,346525,6,0,10,2
36002,'H56S100F-80-F1',2532,,346530,6,0,10,1,85,,346528,6,0,10,1,85,,346532,6,0,10,2,45,,346529,6,0,10,1,85,,346531,6,0,10,2
36002,'H56S200F-80-F2',2532,,346535,6,0,10,1,85,,346533,6,0,10,1,85,,346537,6,0,10,2,45,,346534,6,0,10,1,85,,346536,6,0,10,2
