6802,'H60S000A-80-A',500,,306984,18,0,10,1,29,,306985,18,0,10,1,28,,307010,18,0,10,2,70,,306998,18,0,10,2,30,,306986,18,0,10,1,70,,307011,18,0,10,2,30,,306999,18,0,10,2,72,,306987,18,0,10,1,30,,307012,18,0,10,2,72,,307000,18,0,10,2,71,,306988,18,0,10,1,32,,307013,18,0,10,2,73,,307001,18,0,10,2,33,,306989,18,0,10,1,70,,307014,18,0,10,2,33,,307002,18,0,10,2,71,,306990,18,0,10,1,29,,307015,18,0,10,2,72,,307003,18,0,10,2,31,,306991,18,0,10,1,69,,307016,18,0,10,2,32,,307004,18,0,10,2,71,,306992,18,0,10,1,29,,307017,18,0,10,2,72,,307005,18,0,10,2,31,,306993,18,0,10,1,69,,307018,18,0,10,2,30,,307006,18,0,10,2,71,,306994,18,0,10,1,29,,307019,18,0,10,2,70,,307007,18,0,10,2,27,,306995,18,0,10,1,69,,307020,18,0,10,2,29,,307008,18,0,10,2,67,,306996,18,0,10,1,28,,307021,18,0,10,2,70,,307009,18,0,10,2,32,,306997,18,0,10,1,73,,307022,18,0,10,2,31,,307024,18,0,10,1,70,,307023,18,0,10,1,30,,307025,18,0,10,1
6802,'H60S000I-81-I',501,,307027,18,0,10,1,36,,307040,18,0,10,1,76,,307041,18,0,10,2,34,,307028,18,0,10,1,73,,307054,18,0,10,2,33,,307042,18,0,10,2,74,,307029,18,0,10,1,32,,307055,18,0,10,2,73,,307043,18,0,10,2,73,,307030,18,0,10,1,31,,307056,18,0,10,2,69,,307044,18,0,10,2,28,,307031,18,0,10,1,70,,307057,18,0,10,2,32,,307045,18,0,10,2,70,,307032,18,0,10,1,30,,307058,18,0,10,2,70,,307046,18,0,10,2,30,,307033,18,0,10,1,70,,307059,18,0,10,2,30,,307047,18,0,10,2,70,,307034,18,0,10,1,30,,307060,18,0,10,2,71,,307048,18,0,10,2,30,,307035,18,0,10,1,69,,307061,18,0,10,2,29,,307049,18,0,10,2,70,,307036,18,0,10,1,30,,307062,18,0,10,2,70,,307050,18,0,10,2,27,,307037,18,0,10,1,28,,307063,18,0,10,2,70,,307051,18,0,10,2,27,,307038,18,0,10,1,67,,307064,18,0,10,2,30,,307052,18,0,10,2,67,,307039,18,0,10,1,28,,307065,18,0,10,2,75,,307053,18,0,10,2,35,,307026,18,0,10,1,75,,307066,18,0,10,1
6802,'H60S000S-83-S',458,,307072,18,0,10,1,77,,307077,18,0,10,1,77,,307075,18,0,10,1,34,,307083,18,0,10,1,74,,307085,18,0,10,2,34,,307076,18,0,10,1,75,,307084,18,0,10,1,74,,307086,18,0,10,2,30,,307078,18,0,96 97,1,70,,307087,18,0,96 97,1,30,,307067,18,0,96 97,1,69,,307079,18,0,96 97,1,29,,307088,18,0,96 97,1,72,,307068,18,0,96 97,1,32,,307080,18,0,96 97,1,72,,307089,18,0,96 97,1,24,,307069,18,0,96 97,1,20,,307081,18,0,10,1,55,,307073,18,0,96 97,2,13,,307090,18,0,10,1,12,,307094,18,0,96 97,2,13,,307096,18,0,10,2,13,,307070,18,0,96 97,1,53,,307092,18,0,10,2,12,,307074,18,0,96 97,2,12,,307082,18,0,10,1,11,,307095,18,0,96 97,2,12,,307105,18,0,10,1,52,,307091,18,0,96 97,1,10,,307118,18,0,10,1,9,,307098,18,0,96 97,2,8,,307071,18,0,10,1,9,,307097,18,0,96 97,2,10,,307111,18,0,10,2,53,,307093,18,0,96 97,2,14,,307100,18,0,10,1,14,,307120,18,0,96 97,2,14,,307099,18,0,10,1,54,,307119,18,0,96 97,1,12,,307106,18,0,10,1,19,,307112,18,0,96 97,2,22,,307113,18,0,10,1,68,,307101,18,0,10,1,32,,307107,18,0,10,1,73,,307114,18,0,10,1,70,,307102,18,0,10,1,32,,307108,18,0,10,1,73,,307115,18,0,10,1,32,,307103,18,0,10,1,73,,307109,18,0,10,1,33,,307116,18,0,10,1,73,,307104,18,0,10,1,30,,307110,18,0,10,1,70,,307117,18,0,10,1
6802,'H60S100F-80-F1',501,,307121,18,0,10,1,36,,307135,18,0,10,1,76,,307136,18,0,10,2,34,,307122,18,0,10,1,73,,307149,18,0,10,1,33,,307137,18,0,10,2,74,,307123,18,0,10,1,32,,307150,18,0,10,1,73,,307138,18,0,10,2,73,,307124,18,0,10,1,31,,307151,18,0,10,1,69,,307139,18,0,10,2,28,,307125,18,0,10,1,70,,307152,18,0,10,1,32,,307140,18,0,10,2,70,,307126,18,0,10,1,30,,307153,18,0,10,1,70,,307141,18,0,10,2,30,,307127,18,0,10,1,70,,307154,18,0,10,1,30,,307142,18,0,10,2,70,,307128,18,0,10,1,30,,307155,18,0,10,1,71,,307143,18,0,10,2,30,,307129,18,0,10,1,69,,307156,18,0,10,1,29,,307144,18,0,10,2,70,,307130,18,0,10,1,30,,307157,18,0,10,1,70,,307145,18,0,10,2,27,,307131,18,0,10,1,28,,307158,18,0,10,1,70,,307146,18,0,10,2,27,,307132,18,0,10,1,67,,307159,18,0,10,1,30,,307147,18,0,10,2,67,,307133,18,0,10,1,28,,307160,18,0,10,1,75,,307148,18,0,10,2,35,,307134,18,0,10,2,75,,307161,18,0,10,1
6802,'H60S200F-80-F2',501,,307162,18,0,10,1,36,,307176,18,0,10,1,76,,307177,18,0,10,2,34,,307163,18,0,10,1,73,,307190,18,0,10,1,33,,307178,18,0,10,2,74,,307164,18,0,10,1,32,,307191,18,0,10,1,73,,307179,18,0,10,2,73,,307165,18,0,10,1,31,,307192,18,0,10,1,69,,307180,18,0,10,2,28,,307166,18,0,10,1,70,,307193,18,0,10,1,32,,307181,18,0,10,2,70,,307167,18,0,10,1,30,,307194,18,0,10,1,70,,307182,18,0,10,2,30,,307168,18,0,10,1,70,,307195,18,0,10,1,30,,307183,18,0,10,2,70,,307169,18,0,10,1,30,,307196,18,0,10,1,71,,307184,18,0,10,2,30,,307170,18,0,10,1,69,,307197,18,0,10,1,29,,307185,18,0,10,2,70,,307171,18,0,10,1,30,,307198,18,0,10,1,70,,307186,18,0,10,2,27,,307172,18,0,10,1,28,,307199,18,0,10,1,70,,307187,18,0,10,2,27,,307173,18,0,10,1,67,,307200,18,0,10,1,30,,307188,18,0,10,2,67,,307174,18,0,10,1,28,,307201,18,0,10,1,75,,307189,18,0,10,2,35,,307175,18,0,10,2,75,,307202,18,0,10,1
37602,'H60S000A-80-A',2700,,347234,32,0,10,1,45,,347232,32,0,10,1,85,,347235,32,0,10,1,85,,347233,32,0,10,1
37602,'H60S000I-81-I',2617,,347237,32,0,10,1,86,,347240,32,0,10,1,44,,347236,32,0,10,1,85,,347239,32,0,10,1,84,,347238,32,0,10,1
37602,'H60S000S-83-S',2616,,347242,32,0,10,1,85,,347245,32,0,10,1,46,,347241,32,0,10,2,84,,347244,32,0,10,1,85,,347243,32,0,10,1
37602,'H60S100F-80-F1',2617,,347249,32,0,10,1,86,,347247,32,0,10,1,44,,347248,32,0,10,1,85,,347246,32,0,10,1,84,,347250,32,0,10,1
37602,'H60S200F-80-F2',2617,,347254,32,0,10,1,86,,347252,32,0,10,1,44,,347253,32,0,10,1,85,,347251,32,0,10,1,84,,347255,32,0,10,1
47002,'H50S000A-82-A',605,,350157,14,0,10,1,30,,350174,14,0,10,2,70,,350182,14,0,10,1,30,,350166,14,0,10,2,70,,350158,14,0,10,1,30,,350175,14,0,10,2,70,,350183,14,0,10,1,31,,350167,14,0,10,2,71,,350159,14,0,10,1,30,,350176,14,0,10,2,70,,350184,14,0,10,1,30,,350168,14,0,10,2,70,,350160,14,0,10,1,31,,350177,14,0,10,2,71,,350185,14,0,10,1,30,,350169,14,0,10,2,71,,350161,14,0,10,1,31,,350178,14,0,10,2,71,,350186,14,0,10,1,32,,350170,14,0,10,2,72,,350162,14,0,10,1,32,,350179,14,0,10,2,71,,350187,14,0,10,1,30,,350171,14,0,10,2,71,,350163,14,0,10,1,29,,350180,14,0,10,2,67,,350188,14,0,10,1,29,,350172,14,0,10,2,68,,350164,14,0,10,1,29,,350181,14,0,10,2,68,,350189,14,0,10,1,28,,350173,14,0,10,2,68,,350165,14,0,10,1
47002,'H50S000I-82-I',604,,350214,14,0,10,1,30,,350198,14,0,10,2,70,,350206,14,0,10,1,31,,350190,14,0,10,2,70,,350215,14,0,10,1,30,,350199,14,0,10,2,70,,350207,14,0,10,1,30,,350191,14,0,10,2,70,,350216,14,0,10,1,30,,350200,14,0,10,2,71,,350208,14,0,10,1,30,,350192,14,0,10,2,70,,350217,14,0,10,1,30,,350201,14,0,10,2,69,,350209,14,0,10,1,30,,350193,14,0,10,2,71,,350218,14,0,10,1,30,,350202,14,0,10,2,71,,350210,14,0,10,1,31,,350194,14,0,10,2,70,,350219,14,0,10,1,30,,350203,14,0,10,2,71,,350211,14,0,10,1,31,,350195,14,0,10,2,71,,350220,14,0,10,1,30,,350204,14,0,10,2,69,,350212,14,0,10,1,29,,350196,14,0,10,2,70,,350221,14,0,10,1,30,,350205,14,0,10,2,67,,350213,14,0,10,1,29,,350197,14,0,10,2,69,,350222,14,0,10,1
47002,'H50S000S-82-S',534,,350237,14,0,10,2,69,,350226,14,0,10,1,30,,350228,14,0,10,2,70,,350263,14,0,10,2,20,,350265,14,0,10,1,19,,350238,14,0,10,2,59,,350227,14,0,10,1,18,,350255,14,0,10,1,20,,350229,14,0,10,2,62,,350248,14,0,10,1,24,,350224,14,0,10,1,25,,350239,14,0,10,2,67,,350256,14,0,10,1,28,,350230,14,0,10,2,68,,350249,14,0,10,1,28,,350240,14,0,10,2,69,,350257,14,0,10,1,30,,350231,14,0,10,2,70,,350250,14,0,10,1,26,,350241,14,0,10,2,18,,350264,14,0,10,2,58,,350258,14,0,10,1,18,,350266,14,0,10,1,19,,350232,14,0,10,2,58,,350251,14,0,10,1,16,,350223,14,0,10,1,16,,350242,14,0,10,2,12,,350225,14,0,10,1,52,,350246,14,0,10,2,11,,350259,14,0,10,1,11,,350247,14,0,10,2,11,,350267,14,0,10,1,20,,350233,14,0,10,2,65,,350252,14,0,10,1,13,,350268,14,0,10,1,12,,350243,14,0,10,2,73,,350260,14,0,10,1,36,,350234,14,0,10,2,67,,350253,14,0,10,1,21,,350244,14,0,10,2,70,,350261,14,0,10,1,30,,350235,14,0,10,2,68,,350254,14,0,10,1,30,,350245,14,0,10,2,70,,350262,14,0,10,1,28,,350236,14,0,10,2
47002,'H50S100F-80-F1',604,,350293,14,0,10,1,30,,350277,14,0,10,2,70,,350285,14,0,10,1,31,,350269,14,0,10,2,70,,350294,14,0,10,1,30,,350278,14,0,10,2,70,,350286,14,0,10,1,30,,350270,14,0,10,2,70,,350295,14,0,10,1,30,,350279,14,0,10,2,71,,350287,14,0,10,1,30,,350271,14,0,10,2,70,,350296,14,0,10,1,30,,350280,14,0,10,2,69,,350288,14,0,10,1,30,,350272,14,0,10,2,71,,350297,14,0,10,1,30,,350281,14,0,10,2,71,,350289,14,0,10,1,31,,350273,14,0,10,2,70,,350298,14,0,10,1,30,,350282,14,0,10,2,71,,350290,14,0,10,1,31,,350274,14,0,10,2,71,,350299,14,0,10,1,30,,350283,14,0,10,2,69,,350291,14,0,10,1,29,,350275,14,0,10,2,70,,350300,14,0,10,1,30,,350284,14,0,10,2,67,,350292,14,0,10,1,29,,350276,14,0,10,2,69,,350301,14,0,10,1
47002,'H50S200F-80-F2',604,,350326,14,0,10,1,30,,350310,14,0,10,2,70,,350318,14,0,10,1,31,,350302,14,0,10,2,70,,350327,14,0,10,1,30,,350311,14,0,10,2,70,,350319,14,0,10,1,30,,350303,14,0,10,2,70,,350328,14,0,10,1,30,,350312,14,0,10,2,71,,350320,14,0,10,1,30,,350304,14,0,10,2,70,,350329,14,0,10,1,30,,350313,14,0,10,2,69,,350321,14,0,10,1,30,,350305,14,0,10,2,71,,350330,14,0,10,1,30,,350314,14,0,10,2,71,,350322,14,0,10,1,31,,350306,14,0,10,2,70,,350331,14,0,10,1,30,,350315,14,0,10,2,71,,350323,14,0,10,1,31,,350307,14,0,10,2,71,,350332,14,0,10,1,30,,350316,14,0,10,2,69,,350324,14,0,10,1,29,,350308,14,0,10,2,70,,350333,14,0,10,1,30,,350317,14,0,10,2,67,,350325,14,0,10,1,29,,350309,14,0,10,2,69,,350334,14,0,10,1
47002,'H60S000S-83-S',1646,,350339,14,0,10,2,62,,350335,14,0,10,2,49,,350340,14,0,10,2,51,,350337,14,0,10,1,22,,350336,14,0,10,1,11,,350338,14,0,10,2,69,,350341,14,0,10,2
