20001,'H56S000S-82-S',756,,339475,26,0,5,1
20001,'H60S000A-80-A',627,,339476,26,0,5,1,30,,339487,26,0,5,2,69,,339497,26,0,5,2,29,,339477,26,0,5,1,73,,339488,26,0,5,2,72,,339498,26,0,5,2,30,,339478,26,0,5,1,29,,339489,26,0,5,2,69,,339499,26,0,5,2,30,,339479,26,0,5,1,68,,339490,26,0,5,2,29,,339500,26,0,5,2,70,,339480,26,0,5,1,30,,339491,26,0,5,2,70,,339501,26,0,5,2,31,,339481,26,0,5,1,71,,339492,26,0,5,2,29,,339502,26,0,5,2,70,,339482,26,0,5,1,30,,339493,26,0,5,2,70,,339503,26,0,5,2,29,,339483,26,0,5,1,69,,339494,26,0,5,2,30,,339504,26,0,5,2,71,,339484,26,0,5,1,32,,339495,26,0,5,1,71,,339505,26,0,5,2,28,,339485,26,0,5,1,70,,339496,26,0,5,1,30,,339506,26,0,5,2,70,,339486,26,0,5,1
20001,'H60S000I-81-I',759,,339525,26,0,5,1,70,,339507,26,0,5,1,30,,339516,26,0,5,2,69,,339526,26,0,5,1,29,,339508,26,0,5,1,69,,339517,26,0,5,2,30,,339527,26,0,5,1,71,,339509,26,0,5,1,29,,339518,26,0,5,2,70,,339528,26,0,5,1,30,,339510,26,0,5,1,70,,339519,26,0,5,2,30,,339529,26,0,5,1,70,,339511,26,0,5,1,29,,339520,26,0,5,2,70,,339530,26,0,5,1,30,,339512,26,0,5,1,69,,339521,26,0,5,2,29,,339531,26,0,5,1,71,,339513,26,0,5,1,32,,339522,26,0,5,2,71,,339532,26,0,5,1,32,,339514,26,0,5,1,69,,339523,26,0,5,2,30,,339533,26,0,5,1,69,,339515,26,0,5,1,29,,339524,26,0,5,2,70,,339534,26,0,5,1
20001,'H60S000S-83-S',615,,339543,26,0,5,1,20,,339541,26,0,5,1,24,,339555,26,0,5,2,61,,339562,26,0,5,2,21,,339544,26,0,5,1,69,,339535,26,0,5,2,12,,339542,26,0,5,1,14,,339556,26,0,5,2,14,,339554,26,0,5,1,55,,339563,26,0,5,2,17,,339545,26,0,5,1,20,,339536,26,0,5,2,61,,339557,26,0,5,2,29,,339564,26,0,5,2,70,,339546,26,0,5,1,30,,339558,26,0,5,2,71,,339565,26,0,5,2,31,,339547,26,0,5,1,71,,339559,26,0,5,2,30,,339566,26,0,5,2,70,,339548,26,0,5,1,28,,339560,26,0,5,2,72,,339567,26,0,5,2,31,,339549,26,0,5,1,73,,339561,26,0,5,2,30,,339568,26,0,5,2,64,,339570,26,0,5,1,19,,339550,26,0,5,1,23,,339537,26,0,5,1,63,,339569,26,0,5,2,24,,339571,26,0,5,1,24,,339551,26,0,5,1,68,,339538,26,0,5,1,31,,339572,26,0,5,1,70,,339552,26,0,5,1,29,,339539,26,0,5,1,69,,339573,26,0,5,1,29,,339553,26,0,5,1,72,,339540,26,0,5,1
20001,'H60S100F-80-F1',759,,339592,26,0,5,1,70,,339574,26,0,5,1,30,,339583,26,0,5,1,69,,339593,26,0,5,1,29,,339575,26,0,5,1,69,,339584,26,0,5,1,30,,339594,26,0,5,1,71,,339576,26,0,5,1,29,,339585,26,0,5,1,70,,339595,26,0,5,1,30,,339577,26,0,5,1,70,,339586,26,0,5,1,30,,339596,26,0,5,1,70,,339578,26,0,5,1,29,,339587,26,0,5,1,70,,339597,26,0,5,1,30,,339579,26,0,5,1,69,,339588,26,0,5,1,29,,339598,26,0,5,1,71,,339580,26,0,5,1,32,,339589,26,0,5,1,71,,339599,26,0,5,1,32,,339581,26,0,5,1,69,,339590,26,0,5,1,30,,339600,26,0,5,1,69,,339582,26,0,5,1,29,,339591,26,0,5,1,70,,339601,26,0,5,1
20001,'H60S200F-80-F2',759,,339620,26,0,5,1,70,,339602,26,0,5,1,30,,339611,26,0,5,1,69,,339621,26,0,5,1,29,,339603,26,0,5,1,69,,339612,26,0,5,1,30,,339622,26,0,5,1,71,,339604,26,0,5,1,29,,339613,26,0,5,1,70,,339623,26,0,5,1,30,,339605,26,0,5,1,70,,339614,26,0,5,1,30,,339624,26,0,5,1,70,,339606,26,0,5,1,29,,339615,26,0,5,1,70,,339625,26,0,5,1,30,,339607,26,0,5,1,69,,339616,26,0,5,1,29,,339626,26,0,5,1,71,,339608,26,0,5,1,32,,339617,26,0,5,1,71,,339627,26,0,5,1,32,,339609,26,0,5,1,69,,339618,26,0,5,1,30,,339628,26,0,5,1,69,,339610,26,0,5,1,29,,339619,26,0,5,1,70,,339629,26,0,5,1
21102,'H56S000A-80-A',629,,343377,22,0,10,1,28,,343405,22,0,10,2,68,,343384,22,0,10,1,28,,343391,22,0,10,2,69,,343409,22,0,10,1,29,,343394,22,0,10,1,69,,343406,22,0,10,2,29,,343385,22,0,10,1,73,,343392,22,0,10,2,30,,343410,22,0,10,1,69,,343395,22,0,10,1,29,,343407,22,0,10,2,70,,343386,22,0,10,1,31,,343393,22,0,10,2,71,,343411,22,0,10,1,31,,343396,22,0,10,1,70,,343408,22,0,10,2,32,,343387,22,0,10,1,68,,343412,22,0,10,2,33,,343401,22,0,10,1,71,,343397,22,0,10,1,30,,343399,22,0,10,2,70,,343388,22,0,10,1,30,,343403,22,0,10,2,68,,343402,22,0,10,1,30,,343398,22,0,10,1,67,,343400,22,0,10,2,29,,343389,22,0,10,1,70,,343404,22,0,10,2,29,,343381,22,0,10,2,69,,343379,22,0,10,1,30,,343413,22,0,10,2,71,,343390,22,0,10,1,31,,343382,22,0,10,2,70,,343380,22,0,10,1,30,,343383,22,0,10,2,69,,343378,22,0,10,2
21102,'H56S000I-80-I',628,,343421,22,0,10,1,28,,343425,22,0,10,2,69,,343418,22,0,10,1,26,,343432,22,0,10,1,68,,343424,22,0,10,1,30,,343422,22,0,10,1,69,,343426,22,0,10,2,30,,343433,22,0,10,1,71,,343441,22,0,10,2,29,,343423,22,0,10,1,69,,343427,22,0,10,2,33,,343434,22,0,10,1,72,,343442,22,0,10,2,32,,343445,22,0,10,1,72,,343428,22,0,10,2,30,,343438,22,0,10,1,70,,343435,22,0,10,1,30,,343443,22,0,10,2,70,,343446,22,0,10,1,30,,343429,22,0,10,2,70,,343439,22,0,10,1,30,,343436,22,0,10,1,70,,343444,22,0,10,2,29,,343447,22,0,10,1,68,,343430,22,0,10,2,27,,343440,22,0,10,1,68,,343437,22,0,10,1,30,,343450,22,0,10,1,71,,343414,22,0,10,1,30,,343431,22,0,10,2,70,,343416,22,0,10,1,32,,343419,22,0,10,1,70,,343448,22,0,10,1,30,,343415,22,0,10,1,69,,343417,22,0,10,1,30,,343420,22,0,10,1,69,,343449,22,0,10,2
21102,'H56S000S-82-S',620,,343452,22,0,10,1,19,,343474,22,0,10,2,17,,343501,22,0,99 137,2,57,,343457,22,0,10,1,17,,343482,22,0,99 137,2,15,,343468,22,0,10,2,57,,343522,22,0,99 137,1,14,,343514,22,0,10,1,14,,343481,22,0,99 137,2,15,,343453,22,0,10,1,55,,343475,22,0,99 137,2,16,,343521,22,0,10,2,15,,343502,22,0,99 137,2,14,,343458,22,0,10,1,55,,343467,22,0,10,1,16,,343469,22,0,10,2,17,,343486,22,0,10,2,18,,343483,22,0,10,1,59,,343454,22,0,10,1,20,,343476,22,0,10,2,20,,343515,22,0,10,2,60,,343503,22,0,10,2,20,,343509,22,0,10,1,20,,343470,22,0,10,2,60,,343487,22,0,10,2,23,,343484,22,0,10,1,20,,343477,22,0,10,2,60,,343506,22,0,10,1,17,,343504,22,0,10,2,16,,343510,22,0,10,1,55,,343471,22,0,10,2,18,,343490,22,0,10,2,16,,343488,22,0,10,2,16,,343485,22,0,10,1,52,,343492,22,0,10,2,11,,343478,22,0,10,2,11,,343516,22,0,10,2,11,,343507,22,0,10,1,9,,343496,22,0,99 137,2,10,,343462,22,0,10,1,51,,343505,22,0,10,2,9,,343511,22,0,99 137,1,10,,343497,22,0,10,2,8,,343472,22,0,10,2,11,,343465,22,0,99 137,1,10,,343491,22,0,10,2,49,,343494,22,0,10,1,9,,343489,22,0,99 137,2,9,,343499,22,0,10,1,9,,343519,22,0,10,2,9,,343493,22,0,99 137,2,7,,343520,22,0,10,2,7,,343479,22,0,10,2,51,,343508,22,0,99 137,1,8,,343460,22,0,10,1,9,,343463,22,0,10,1,15,,343459,22,0,10,1,14,,343498,22,0,10,2,56,,343473,22,0,10,2,14,,343495,22,0,10,1,16,,343500,22,0,10,1,14,,343455,22,0,10,1,56,,343480,22,0,10,2,14,,343517,22,0,10,2,15,,343464,22,0,10,1,15,,343518,22,0,10,2,65,,343466,22,0,10,2,29,,343523,22,0,10,2,70,,343456,22,0,10,1,30,,343461,22,0,10,1,69,,343512,22,0,10,1,30,,343451,22,0,10,2,70,,343513,22,0,10,1
21102,'H56S100F-80-F1',628,,343531,22,0,10,1,28,,343535,22,0,10,2,69,,343528,22,0,10,1,26,,343542,22,0,10,1,68,,343534,22,0,10,1,30,,343532,22,0,10,1,69,,343536,22,0,10,2,30,,343543,22,0,10,1,71,,343551,22,0,10,2,29,,343533,22,0,10,1,69,,343537,22,0,10,2,33,,343544,22,0,10,1,72,,343552,22,0,10,2,32,,343555,22,0,10,1,72,,343538,22,0,10,2,30,,343548,22,0,10,1,70,,343545,22,0,10,1,30,,343553,22,0,10,2,70,,343556,22,0,10,1,30,,343539,22,0,10,2,70,,343549,22,0,10,1,30,,343546,22,0,10,1,70,,343554,22,0,10,2,29,,343557,22,0,10,1,68,,343540,22,0,10,2,27,,343550,22,0,10,1,68,,343547,22,0,10,1,30,,343560,22,0,10,1,71,,343524,22,0,10,1,30,,343541,22,0,10,2,70,,343526,22,0,10,1,32,,343529,22,0,10,1,70,,343558,22,0,10,1,30,,343525,22,0,10,1,69,,343527,22,0,10,1,30,,343530,22,0,10,1,69,,343559,22,0,10,2
21102,'H56S200F-80-F2',628,,343568,22,0,10,1,28,,343572,22,0,10,2,69,,343565,22,0,10,1,26,,343579,22,0,10,1,68,,343571,22,0,10,1,30,,343569,22,0,10,1,69,,343573,22,0,10,2,30,,343580,22,0,10,1,71,,343588,22,0,10,2,29,,343570,22,0,10,1,69,,343574,22,0,10,2,33,,343581,22,0,10,1,72,,343589,22,0,10,2,32,,343592,22,0,10,1,72,,343575,22,0,10,2,30,,343585,22,0,10,1,70,,343582,22,0,10,1,30,,343590,22,0,10,2,70,,343593,22,0,10,1,30,,343576,22,0,10,2,70,,343586,22,0,10,1,30,,343583,22,0,10,1,70,,343591,22,0,10,2,29,,343594,22,0,10,1,68,,343577,22,0,10,2,27,,343587,22,0,10,1,68,,343584,22,0,10,1,30,,343597,22,0,10,1,71,,343561,22,0,10,1,30,,343578,22,0,10,2,70,,343563,22,0,10,1,32,,343566,22,0,10,1,70,,343595,22,0,10,1,30,,343562,22,0,10,1,69,,343564,22,0,10,1,30,,343567,22,0,10,1,69,,343596,22,0,10,2
22104,'H60S000A-80-A',836,,345153,22,0,9,2,70,,345164,22,0,9,1,29,,345154,22,0,9,2,71,,345165,22,0,9,1,31,,345155,22,0,9,2,69,,345166,22,0,9,1,30,,345156,22,0,9,2,71,,345167,22,0,9,1,30,,345157,22,0,9,2,71,,345168,22,0,9,1,30,,345158,22,0,9,2,71,,345169,22,0,9,1,30,,345159,22,0,9,2,71,,345170,22,0,9,1,30,,345160,22,0,9,2,71,,345171,22,0,9,1,30,,345161,22,0,9,2,71,,345172,22,0,9,1,30,,345162,22,0,9,2,70,,345173,22,0,9,1,28,,345163,22,0,9,2,68,,345174,22,0,9,1
22104,'H60S000I-81-I',809,,345175,22,0,9,1,33,,345186,22,0,9,1,69,,345176,22,0,9,1,33,,345187,22,0,9,1,73,,345177,22,0,9,1,33,,345188,22,0,9,1,73,,345178,22,0,9,1,32,,345189,22,0,9,1,73,,345179,22,0,9,1,31,,345190,22,0,9,1,70,,345180,22,0,9,1,71,,345191,22,0,9,1,33,,345181,22,0,9,1,72,,345192,22,0,9,1,30,,345182,22,0,9,1,72,,345193,22,0,9,1,31,,345183,22,0,9,1,70,,345194,22,0,9,1,32,,345184,22,0,9,1,70,,345195,22,0,9,1,30,,345185,22,0,9,1,70,,345196,22,0,9,1
22104,'H60S000S-83-S',622,,345209,22,0,9,1,14,,345215,22,0,9,2,16,,345197,22,0,9,1,55,,345212,22,0,9,1,15,,345200,22,0,9,2,15,,345216,22,0,9,2,17,,345198,22,0,9,1,56,,345213,22,0,9,1,16,,345201,22,0,9,2,22,,345217,22,0,9,2,55,,345199,22,0,9,1,16,,345202,22,0,9,1,16,,345214,22,0,9,2,17,,345218,22,0,9,2,70,,345203,22,0,9,1,32,,345219,22,0,9,2,70,,345204,22,0,9,1,33,,345220,22,0,9,2,71,,345205,22,0,9,1,72,,345221,22,0,9,2,30,,345206,22,0,9,1,72,,345222,22,0,9,2,30,,345207,22,0,9,1,72,,345223,22,0,9,2,25,,345208,22,0,9,1,26,,345234,22,0,9,1,62,,345237,22,0,9,1,15,,345224,22,0,9,2,16,,345235,22,0,9,1,53,,345210,22,0,9,2,17,,345229,22,0,9,1,12,,345225,22,0,9,1,11,,345238,22,0,9,1,16,,345236,22,0,9,1,54,,345211,22,0,9,2,13,,345230,22,0,9,1,19,,345226,22,0,9,1,58,,345239,22,0,9,2,23,,345231,22,0,9,1,31,,345227,22,0,9,1,73,,345232,22,0,9,1,72,,345228,22,0,9,1,31,,345233,22,0,9,1
22104,'H60S100F-80-F1',809,,345240,22,0,9,1,33,,345251,22,0,9,2,69,,345241,22,0,9,1,33,,345252,22,0,9,2,73,,345242,22,0,9,1,33,,345253,22,0,9,2,73,,345243,22,0,9,1,32,,345254,22,0,9,2,73,,345244,22,0,9,1,31,,345255,22,0,9,2,70,,345245,22,0,9,1,71,,345256,22,0,9,2,33,,345246,22,0,9,1,72,,345257,22,0,9,2,30,,345247,22,0,9,1,72,,345258,22,0,9,2,31,,345248,22,0,9,1,70,,345259,22,0,9,2,32,,345249,22,0,9,1,70,,345260,22,0,9,2,30,,345250,22,0,9,1,70,,345261,22,0,9,2
22104,'H60S200F-80-F2',809,,345262,22,0,9,1,33,,345273,22,0,9,2,69,,345263,22,0,9,1,33,,345274,22,0,9,2,73,,345264,22,0,9,1,33,,345275,22,0,9,2,73,,345265,22,0,9,1,32,,345276,22,0,9,2,73,,345266,22,0,9,1,31,,345277,22,0,9,2,70,,345267,22,0,9,1,71,,345278,22,0,9,2,33,,345268,22,0,9,1,72,,345279,22,0,9,2,30,,345269,22,0,9,1,72,,345280,22,0,9,2,31,,345270,22,0,9,1,70,,345281,22,0,9,2,32,,345271,22,0,9,1,70,,345282,22,0,9,2,30,,345272,22,0,9,1,70,,345283,22,0,9,2
41101,'H56S000A-80-A',611,,347447,26,0,5,2,30,,347448,26,0,5,1,69,,347428,26,0,5,1,30,,347411,26,0,5,2,71,,347421,26,0,5,2,32,,347449,26,0,5,1,71,,347429,26,0,5,1,30,,347433,26,0,5,1,68,,347422,26,0,5,2,30,,347439,26,0,5,1,70,,347430,26,0,5,1,27,,347434,26,0,5,1,71,,347423,26,0,5,2,31,,347440,26,0,5,1,70,,347431,26,0,5,1,30,,347435,26,0,5,1,71,,347424,26,0,5,2,30,,347441,26,0,5,1,70,,347432,26,0,5,1,30,,347436,26,0,5,1,70,,347425,26,0,5,2,29,,347442,26,0,5,1,69,,347419,26,0,5,2,30,,347437,26,0,5,1,69,,347426,26,0,5,2,31,,347443,26,0,5,1,72,,347420,26,0,5,2,29,,347438,26,0,5,1,69,,347427,26,0,5,2,31,,347444,26,0,5,1,71,,347416,26,0,5,1,29,,347412,26,0,5,1,69,,347414,26,0,5,2,31,,347445,26,0,5,1,71,,347417,26,0,5,2,31,,347413,26,0,5,1,71,,347415,26,0,5,2,22,,347446,26,0,5,1,70,,347418,26,0,5,2
41101,'H56S000I-80-I',641,,347483,26,0,5,1,73,,347456,26,0,5,2,30,,347450,26,0,5,1,70,,347465,26,0,5,2,30,,347484,26,0,5,1,69,,347457,26,0,5,2,29,,347477,26,0,5,1,69,,347466,26,0,5,2,31,,347472,26,0,5,1,71,,347458,26,0,5,2,30,,347478,26,0,5,1,69,,347467,26,0,5,2,29,,347473,26,0,5,1,71,,347459,26,0,5,2,30,,347479,26,0,5,1,69,,347468,26,0,5,2,30,,347474,26,0,5,1,70,,347460,26,0,5,2,30,,347480,26,0,5,1,69,,347469,26,0,5,2,29,,347475,26,0,5,1,70,,347461,26,0,5,2,32,,347481,26,0,5,1,71,,347470,26,0,5,2,33,,347476,26,0,5,1,68,,347462,26,0,5,2,30,,347482,26,0,5,1,69,,347471,26,0,5,2,30,,347455,26,0,5,1,69,,347463,26,0,5,2,29,,347453,26,0,5,1,70,,347485,26,0,5,2,30,,347451,26,0,5,1,70,,347464,26,0,5,2,31,,347454,26,0,5,1,71,,347486,26,0,5,2,30,,347452,26,0,5,1
41101,'H56S000S-82-S',516,,347490,26,0,5,1,100,,347492,26,0,5,2,41,,347488,26,0,5,2,59,,347491,26,0,5,1,22,,347493,26,0,5,2,62,,347522,26,0,5,2,19,,347525,26,0,5,2,19,,347531,26,0,5,2,20,,347521,26,0,5,1,60,,347541,26,0,5,1,14,,347499,26,0,5,1,14,,347511,26,0,5,1,55,,347494,26,0,5,2,15,,347523,26,0,5,2,14,,347526,26,0,5,2,14,,347532,26,0,5,2,15,,347543,26,0,5,1,57,,347516,26,0,5,1,20,,347500,26,0,5,1,20,,347512,26,0,5,1,60,,347495,26,0,5,2,24,,347527,26,0,5,2,60,,347533,26,0,5,2,20,,347517,26,0,5,1,21,,347501,26,0,5,1,62,,347513,26,0,5,1,21,,347496,26,0,5,2,21,,347524,26,0,5,2,57,,347528,26,0,5,2,17,,347534,26,0,5,2,14,,347518,26,0,5,1,13,,347502,26,0,5,1,54,,347542,26,0,5,2,15,,347514,26,0,5,1,16,,347497,26,0,5,2,15,,347536,26,0,5,2,12,,347506,26,0,5,1,49,,347537,26,0,5,2,10,,347538,26,0,5,2,10,,347529,26,0,5,2,14,,347535,26,0,5,2,59,,347519,26,0,5,1,19,,347503,26,0,5,1,20,,347515,26,0,5,1,61,,347498,26,0,5,2,22,,347507,26,0,5,1,22,,347530,26,0,5,2,66,,347520,26,0,5,1,30,,347504,26,0,5,1,70,,347539,26,0,5,2,29,,347508,26,0,5,1,70,,347489,26,0,5,1,30,,347505,26,0,5,1,70,,347540,26,0,5,2,30,,347509,26,0,5,1,69,,347510,26,0,5,2,24,,347487,26,0,5,1
41101,'H56S100F-80-F1',641,,347577,26,0,5,1,73,,347550,26,0,5,2,30,,347544,26,0,5,1,70,,347559,26,0,5,2,30,,347578,26,0,5,1,69,,347551,26,0,5,2,29,,347571,26,0,5,1,69,,347560,26,0,5,2,31,,347566,26,0,5,1,71,,347552,26,0,5,2,30,,347572,26,0,5,1,69,,347561,26,0,5,2,29,,347567,26,0,5,1,71,,347553,26,0,5,2,30,,347573,26,0,5,1,69,,347562,26,0,5,2,30,,347568,26,0,5,1,70,,347554,26,0,5,2,30,,347574,26,0,5,1,69,,347563,26,0,5,2,29,,347569,26,0,5,1,70,,347555,26,0,5,2,32,,347575,26,0,5,1,71,,347564,26,0,5,2,33,,347570,26,0,5,1,68,,347556,26,0,5,2,30,,347576,26,0,5,1,69,,347565,26,0,5,2,30,,347549,26,0,5,1,69,,347557,26,0,5,2,29,,347547,26,0,5,1,70,,347579,26,0,5,2,30,,347545,26,0,5,1,70,,347558,26,0,5,2,31,,347548,26,0,5,1,71,,347580,26,0,5,2,30,,347546,26,0,5,1
41101,'H56S200F-80-F2',641,,347614,26,0,5,1,73,,347587,26,0,5,2,30,,347581,26,0,5,1,70,,347596,26,0,5,2,30,,347615,26,0,5,1,69,,347588,26,0,5,2,29,,347608,26,0,5,1,69,,347597,26,0,5,2,31,,347603,26,0,5,1,71,,347589,26,0,5,2,30,,347609,26,0,5,1,69,,347598,26,0,5,2,29,,347604,26,0,5,1,71,,347590,26,0,5,2,30,,347610,26,0,5,1,69,,347599,26,0,5,2,30,,347605,26,0,5,1,70,,347591,26,0,5,2,30,,347611,26,0,5,1,69,,347600,26,0,5,2,29,,347606,26,0,5,1,70,,347592,26,0,5,2,32,,347612,26,0,5,1,71,,347601,26,0,5,2,33,,347607,26,0,5,1,68,,347593,26,0,5,2,30,,347613,26,0,5,1,69,,347602,26,0,5,2,30,,347586,26,0,5,1,69,,347594,26,0,5,2,29,,347584,26,0,5,1,70,,347616,26,0,5,2,30,,347582,26,0,5,1,70,,347595,26,0,5,2,31,,347585,26,0,5,1,71,,347617,26,0,5,2,30,,347583,26,0,5,1
41101,'H60S000S-83-S',548,,347618,26,0,5,2,89,,347619,26,0,5,1
