19604,'H50S000S-82-S',618,,338442,1,0,9,2
19604,'H56S000S-82-S',600,,338443,1,0,9,1,6,,338445,1,0,9,1,19,,338444,1,0,9,1,14,,338446,1,0,9,1
19604,'H60S000S-83-S',530,,338447,1,0,9,1,15,,338455,1,0,9,1,7,,338456,1,0,9,1,60,,338465,1,0,9,2,19,,338468,1,0,9,2,14,,338473,1,0,9,2,6,,338475,1,0,9,1,8,,338464,1,0,9,2,46,,338483,1,0,9,2,6,,338450,1,0,9,1,5,,338467,1,0,9,2,6,,338474,1,0,9,2,6,,338470,1,0,9,1,8,,338482,1,0,9,2,8,,338463,1,0,9,2,8,,338457,1,0,9,1,50,,338489,1,0,9,2,10,,338466,1,0,9,2,10,,338485,1,0,9,1,11,,338469,1,0,9,2,11,,338481,1,0,9,2,8,,338476,1,0,9,1,51,,338484,1,0,9,2,12,,338451,1,0,9,1,12,,338471,1,0,9,1,20,,338458,1,0,9,1,66,,338486,1,0,9,1,29,,338477,1,0,9,1,68,,338452,1,0,9,1,28,,338459,1,0,9,1,68,,338487,1,0,9,1,28,,338478,1,0,9,1,66,,338453,1,0,9,1,21,,338448,1,0,9,1,20,,338460,1,0,9,1,59,,338472,1,0,9,1,20,,338488,1,0,9,1,20,,338479,1,0,9,1,60,,338454,1,0,9,1,21,,338449,1,0,9,1,22,,338461,1,0,9,1,70,,338491,1,0,9,1,31,,338480,1,0,9,1,71,,338494,1,0,9,2,30,,338462,1,0,9,1,68,,338492,1,0,9,1,23,,338493,1,0,9,1,64,,338490,1,0,9,1
19604,'H60S100F-80-F1',545,,338496,1,0,9,1,71,,338503,1,0,9,2,30,,338495,1,0,9,1,72,,338511,1,0,9,2,33,,338497,1,0,9,1,73,,338504,1,0,9,2,31,,338507,1,0,9,1,66,,338512,1,0,9,2,25,,338498,1,0,9,1,66,,338513,1,0,9,2,29,,338505,1,0,9,2,69,,338508,1,0,9,1,28,,338499,1,0,9,1,68,,338514,1,0,9,2,28,,338506,1,0,9,2,68,,338509,1,0,9,1,28,,338500,1,0,9,1,27,,338515,1,0,9,2,63,,338519,1,0,9,1,25,,338518,1,0,9,1,66,,338510,1,0,9,1,31,,338501,1,0,9,1,72,,338516,1,0,9,2,30,,338520,1,0,9,1,71,,338522,1,0,9,1,29,,338523,1,0,9,1,66,,338517,1,0,9,1,26,,338502,1,0,9,1,64,,338521,1,0,9,1
19604,'H60S200F-80-F2',545,,338525,1,0,9,1,71,,338532,1,0,9,2,30,,338524,1,0,9,1,72,,338540,1,0,9,2,33,,338526,1,0,9,1,73,,338533,1,0,9,2,31,,338536,1,0,9,1,66,,338541,1,0,9,2,25,,338527,1,0,9,1,66,,338542,1,0,9,2,29,,338534,1,0,9,2,69,,338537,1,0,9,1,28,,338528,1,0,9,1,68,,338543,1,0,9,2,28,,338535,1,0,9,2,68,,338538,1,0,9,1,28,,338529,1,0,9,1,27,,338544,1,0,9,2,63,,338548,1,0,9,1,25,,338547,1,0,9,1,66,,338539,1,0,9,1,31,,338530,1,0,9,1,72,,338545,1,0,9,2,30,,338549,1,0,9,1,71,,338551,1,0,9,1,29,,338552,1,0,9,1,66,,338546,1,0,9,1,26,,338531,1,0,9,1,64,,338550,1,0,9,1
38002,'H50S000A-82-A',2650,,347320,67,0,10,1,86,,347319,67,0,10,1,83,,347318,67,0,10,1,85,,347317,67,0,10,1
38002,'H50S000I-82-I',2630,,347321,67,0,10,1,82,,347327,67,0,10,1,90,,347324,67,0,10,2,50,,347326,67,0,10,1,59,,347323,67,0,10,2,21,,347322,67,0,10,1,6,,347325,67,0,10,2
38002,'H50S000S-82-S',2631,,347328,67,0,10,1,86,,347332,67,0,10,1,85,,347330,67,0,10,1,100,,347331,67,0,10,1,15,,347333,67,0,10,1,8,,347329,67,0,10,1
38002,'H50S100F-80-F1',2630,,347334,67,0,10,1,82,,347340,67,0,10,1,90,,347337,67,0,10,2,50,,347339,67,0,10,1,59,,347336,67,0,10,2,21,,347335,67,0,10,1,6,,347338,67,0,10,2
38002,'H50S200F-80-F2',2630,,347341,67,0,10,1,82,,347347,67,0,10,1,90,,347344,67,0,10,2,50,,347346,67,0,10,1,59,,347343,67,0,10,2,21,,347342,67,0,10,1,6,,347345,67,0,10,2
38002,'H54S000I-80-I',2926,,347348,67,0,10,1
38002,'H54S000S-80-S',2932,,347350,67,0,10,1,14,,347349,67,0,10,1
38002,'H54S100F-80-F1',2926,,347351,67,0,10,1
38002,'H54S200F-80-F2',2926,,347352,67,0,10,1
