4901,'H54S000S-80-S',1738,,300275,59,0,5,2,9,,300274,59,0,5,2,68,,300273,59,0,5,2,17,,300276,59,0,5,2
4901,'H57S000S-80-S',1613,,300277,59,0,5,1,130,,300279,59,0,5,1,61,,300278,59,0,5,1,16,,300280,59,0,5,2
4901,'H58S000A-80-A',632,,300281,59,0,5,2,69,,300307,59,0,5,1,29,,300289,59,0,5,1,70,,300304,59,0,5,1,28,,300311,59,0,5,2,30,,300282,59,0,5,2,70,,300308,59,0,5,1,72,,300290,59,0,5,1,32,,300305,59,0,5,1,71,,300313,59,0,5,2,30,,300283,59,0,5,2,70,,300309,59,0,5,1,26,,300291,59,0,5,1,25,,300322,59,0,5,2,62,,300306,59,0,5,1,25,,300314,59,0,5,2,64,,300284,59,0,5,2,24,,300287,59,0,5,1,23,,300292,59,0,5,1,61,,300331,59,0,5,1,21,,300323,59,0,5,2,20,,300336,59,0,5,2,60,,300315,59,0,5,2,18,,300285,59,0,5,2,15,,300302,59,0,5,2,9,,300344,59,0,5,2,50,,300334,59,0,5,1,11,,300288,59,0,5,1,11,,300293,59,0,5,1,10,,300330,59,0,5,2,10,,300332,59,0,5,1,10,,300326,59,0,5,1,49,,300324,59,0,5,2,10,,300343,59,0,5,1,10,,300337,59,0,5,2,9,,300338,59,0,5,2,8,,300300,59,0,5,1,9,,300316,59,0,5,2,48,,300318,59,0,5,1,8,,300303,59,0,5,2,10,,300342,59,0,5,2,10,,300335,59,0,5,1,12,,300301,59,0,5,2,12,,300294,59,0,5,1,54,,300333,59,0,5,1,14,,300327,59,0,5,2,14,,300325,59,0,5,2,15,,300339,59,0,5,2,59,,300312,59,0,5,1,19,,300319,59,0,5,1,20,,300297,59,0,5,1,60,,300310,59,0,5,1,20,,300295,59,0,5,1,23,,300328,59,0,5,2,56,,300317,59,0,5,1,16,,300340,59,0,5,2,22,,300320,59,0,5,1,57,,300286,59,0,5,2,17,,300298,59,0,5,1,21,,300296,59,0,5,1,63,,300329,59,0,5,2,28,,300341,59,0,5,2,27,,300321,59,0,5,1,71,,300299,59,0,5,1
4901,'H58S000I-80-I',629,,300345,59,0,5,2,71,,300346,59,0,5,1,28,,300356,59,0,5,2,28,,300367,59,0,5,2,68,,300369,59,0,5,1,34,,300360,59,0,5,2,71,,300347,59,0,5,1,29,,300374,59,0,5,1,70,,300357,59,0,5,1,30,,300377,59,0,5,2,71,,300361,59,0,5,2,72,,300348,59,0,5,1,32,,300375,59,0,5,1,70,,300358,59,0,5,1,30,,300378,59,0,5,2,71,,300362,59,0,5,2,30,,300349,59,0,5,1,66,,300370,59,0,5,1,23,,300391,59,0,5,2,21,,300359,59,0,5,1,58,,300379,59,0,5,2,15,,300393,59,0,5,2,16,,300382,59,0,5,1,14,,300363,59,0,5,2,54,,300350,59,0,5,1,14,,300368,59,0,5,1,12,,300371,59,0,5,1,13,,300390,59,0,5,1,12,,300387,59,0,5,2,52,,300364,59,0,5,2,12,,300352,59,0,5,2,15,,300380,59,0,5,2,15,,300381,59,0,5,2,54,,300383,59,0,5,1,14,,300376,59,0,5,1,15,,300351,59,0,5,1,13,,300392,59,0,5,1,60,,300372,59,0,5,1,20,,300365,59,0,5,2,19,,300355,59,0,5,1,59,,300394,59,0,5,2,20,,300384,59,0,5,1,22,,300373,59,0,5,1,62,,300388,59,0,5,2,22,,300397,59,0,5,2,19,,300366,59,0,5,2,59,,300353,59,0,5,1,13,,300395,59,0,5,2,24,,300385,59,0,5,1,65,,300389,59,0,5,2,30,,300398,59,0,5,2,69,,300354,59,0,5,1,28,,300396,59,0,5,2,24,,300386,59,0,5,1
4901,'H58S000S-83-S',624,,300402,59,0,5,2,17,,300404,59,0,5,2,63,,300416,59,0,5,2,26,,300412,59,0,5,1,22,,300418,59,0,5,1,49,,300420,59,0,5,2,9,,300426,59,0,5,2,23,,300433,59,0,5,2,19,,300403,59,0,5,2,59,,300405,59,0,5,2,27,,300443,59,0,5,2,65,,300413,59,0,5,1,32,,300421,59,0,5,2,66,,300434,59,0,5,2,29,,300437,59,0,5,1,72,,300441,59,0,5,1,28,,300399,59,0,5,1,19,,300414,59,0,5,1,58,,300422,59,0,5,2,16,,300406,59,0,5,1,16,,300435,59,0,5,2,17,,300424,59,0,5,1,56,,300438,59,0,5,1,16,,300428,59,0,5,2,16,,300430,59,0,5,1,14,,300400,59,0,5,1,54,,300451,59,0,5,2,14,,300415,59,0,5,1,17,,300410,59,0,5,2,12,,300423,59,0,5,2,50,,300407,59,0,5,1,17,,300459,59,0,5,2,9,,300468,59,0,5,2,7,,300425,59,0,5,1,8,,300477,59,0,5,1,9,,300455,59,0,5,2,47,,300439,59,0,5,1,8,,300453,59,0,5,2,6,,300429,59,0,5,2,7,,300409,59,0,5,2,6,,300431,59,0,5,1,4,,300473,59,0,5,2,17,,300401,59,0,5,1,5,,300452,59,0,5,2,4,,300447,59,0,5,1,49,,300469,59,0,5,2,18,,300479,59,0,5,2,13,,300408,59,0,5,1,6,,300444,59,0,5,1,5,,300467,59,0,5,2,6,,300481,59,0,5,2,47,,300446,59,0,5,2,6,,300462,59,0,5,2,6,,300478,59,0,5,1,7,,300456,59,0,5,2,9,,300458,59,0,5,2,8,,300454,59,0,5,2,10,,300442,59,0,5,1,52,,300474,59,0,5,2,12,,300445,59,0,5,2,12,,300448,59,0,5,1,13,,300480,59,0,5,2,13,,300463,59,0,5,2,52,,300464,59,0,5,2,13,,300482,59,0,5,1,14,,300417,59,0,5,1,13,,300457,59,0,5,2,13,,300436,59,0,5,2,54,,300475,59,0,5,2,16,,300471,59,0,5,2,15,,300449,59,0,5,1,17,,300460,59,0,5,1,59,,300465,59,0,5,2,22,,300470,59,0,5,2,67,,300476,59,0,5,2,28,,300411,59,0,5,2,24,,300472,59,0,5,1,60,,300461,59,0,5,1,20,,300466,59,0,5,2,18,,300450,59,0,5,1,54,,300427,59,0,5,1
4901,'H58S100F-80-F1',631,,300486,59,0,5,2,69,,300503,59,0,5,1,26,,300506,59,0,5,1,29,,300508,59,0,5,2,68,,300521,59,0,5,2,33,,300487,59,0,5,2,70,,300504,59,0,5,1,32,,300491,59,0,5,2,72,,300499,59,0,5,1,70,,300522,59,0,5,2,30,,300488,59,0,5,2,29,,300527,59,0,5,1,67,,300492,59,0,5,2,25,,300509,59,0,5,2,62,,300483,59,0,5,1,26,,300523,59,0,5,2,64,,300489,59,0,5,2,27,,300529,59,0,5,2,23,,300493,59,0,5,2,61,,300515,59,0,5,1,20,,300510,59,0,5,2,20,,300484,59,0,5,1,58,,300524,59,0,5,2,18,,300490,59,0,5,2,15,,300539,59,0,5,1,9,,300512,59,0,5,1,50,,300530,59,0,5,2,11,,300541,59,0,5,2,11,,300494,59,0,5,2,11,,300534,59,0,5,1,10,,300516,59,0,5,1,10,,300498,59,0,5,1,50,,300542,59,0,5,2,10,,300507,59,0,5,1,10,,300485,59,0,5,1,9,,300535,59,0,5,1,9,,300526,59,0,5,2,9,,300525,59,0,5,2,48,,300500,59,0,5,1,9,,300540,59,0,5,1,10,,300511,59,0,5,2,9,,300531,59,0,5,2,9,,300513,59,0,5,2,12,,300495,59,0,5,2,54,,300517,59,0,5,1,14,,300518,59,0,5,2,14,,300543,59,0,5,2,15,,300536,59,0,5,1,59,,300514,59,0,5,1,19,,300501,59,0,5,1,20,,300532,59,0,5,2,59,,300505,59,0,5,1,20,,300496,59,0,5,2,23,,300519,59,0,5,2,56,,300528,59,0,5,1,16,,300537,59,0,5,1,21,,300502,59,0,5,1,16,,300544,59,0,5,2,57,,300533,59,0,5,2,21,,300497,59,0,5,2,67,,300520,59,0,5,2,29,,300538,59,0,5,1,26,,300545,59,0,5,2
4901,'H58S200F-80-F2',631,,300552,59,0,5,2,69,,300583,59,0,5,1,26,,300546,59,0,5,1,29,,300586,59,0,5,2,68,,300557,59,0,5,2,33,,300553,59,0,5,2,70,,300584,59,0,5,1,32,,300576,59,0,5,2,72,,300562,59,0,5,1,70,,300558,59,0,5,2,30,,300554,59,0,5,2,29,,300602,59,0,5,1,67,,300577,59,0,5,2,25,,300587,59,0,5,2,62,,300573,59,0,5,1,26,,300559,59,0,5,2,64,,300555,59,0,5,2,27,,300566,59,0,5,2,23,,300578,59,0,5,2,61,,300589,59,0,5,1,20,,300588,59,0,5,2,20,,300574,59,0,5,1,58,,300560,59,0,5,2,18,,300556,59,0,5,2,15,,300571,59,0,5,1,9,,300598,59,0,5,1,50,,300567,59,0,5,2,11,,300606,59,0,5,2,11,,300579,59,0,5,2,11,,300599,59,0,5,1,10,,300590,59,0,5,1,10,,300596,59,0,5,1,50,,300604,59,0,5,2,10,,300597,59,0,5,1,10,,300575,59,0,5,1,9,,300592,59,0,5,1,9,,300551,59,0,5,2,9,,300561,59,0,5,2,48,,300563,59,0,5,1,9,,300572,59,0,5,1,10,,300601,59,0,5,2,9,,300568,59,0,5,2,9,,300550,59,0,5,2,12,,300580,59,0,5,2,54,,300591,59,0,5,1,14,,300547,59,0,5,2,14,,300600,59,0,5,2,15,,300593,59,0,5,1,59,,300605,59,0,5,1,19,,300564,59,0,5,1,20,,300569,59,0,5,2,59,,300585,59,0,5,1,20,,300581,59,0,5,2,23,,300548,59,0,5,2,56,,300603,59,0,5,1,16,,300594,59,0,5,1,21,,300565,59,0,5,1,16,,300607,59,0,5,2,57,,300570,59,0,5,2,21,,300582,59,0,5,2,67,,300549,59,0,5,2,29,,300595,59,0,5,1,26,,300608,59,0,5,2
4902,'H58S000S-83-S',434,,300726,9,0,10,2,20,,300732,9,0,10,1,70,,300738,9,0,10,2,15,,300744,9,0,10,1,1105,,300781,3,0,10,2,86,,300789,3,0,10,2,114,,300792,3,0,10,2
18301,'H54S000A-80-A',1035,,334743,11,0,5,1,102,,334744,11,0,5,1,100,,334745,11,0,5,1,100,,334746,11,0,5,1,100,,334747,11,0,5,1,101,,334748,11,0,5,1,103,,334749,11,0,5,1,104,,334750,11,0,5,1,104,,334751,11,0,5,1,107,,334752,11,0,5,1
18301,'H54S000I-80-I',1037,,334753,11,0,5,1,110,,334754,11,0,5,1,110,,334755,11,0,5,1,148,,334756,11,0,5,1,112,,334757,11,0,5,1,110,,334758,11,0,5,1,110,,334761,11,0,5,1,110,,334759,11,0,5,1,109,,334760,11,0,5,1
18301,'H54S000S-80-S',604,,334764,11,0,5,1,102,,334765,11,0,5,1,103,,334766,11,0,5,1,105,,334767,11,0,5,1,104,,334768,11,0,5,1,106,,334769,11,0,5,1,106,,334770,11,0,5,1,105,,334771,11,0,5,1,105,,334772,11,0,5,1,106,,334773,11,0,5,1,109,,334774,11,0,5,1,149,,334775,11,0,5,1,109,,334776,11,0,5,1,110,,334777,11,0,5,1,110,,334763,11,0,5,1,111,,334762,11,0,5,2
18301,'H54S100F-80-F1',1037,,334778,11,0,5,1,110,,334779,11,0,5,1,110,,334780,11,0,5,1,148,,334781,11,0,5,1,112,,334782,11,0,5,1,110,,334783,11,0,5,1,110,,334786,11,0,5,1,110,,334784,11,0,5,1,109,,334785,11,0,5,1
18301,'H54S200F-80-F2',1037,,334787,11,0,5,1,110,,334788,11,0,5,1,110,,334789,11,0,5,1,148,,334790,11,0,5,1,112,,334791,11,0,5,1,110,,334792,11,0,5,1,110,,334795,11,0,5,1,110,,334793,11,0,5,1,109,,334794,11,0,5,1
