8501,'H54S000S-80-S',1902,,310626,13,0,5,1
8501,'H59S000A-80-A',556,,310627,13,0,5,1,82,,310644,13,0,5,2,83,,310633,13,0,5,1,82,,310628,13,0,5,1,43,,310645,13,0,5,2,82,,310634,13,0,5,1,81,,310629,13,0,5,1,42,,310646,13,0,5,2,82,,310635,13,0,5,1,82,,310630,13,0,5,1,32,,310647,13,0,5,2,74,,310638,13,0,5,1,34,,310636,13,0,5,1,73,,310631,13,0,5,1,73,,310648,13,0,5,2,33,,310639,13,0,5,1,74,,310637,13,0,5,1,34,,310632,13,0,5,1,72,,310649,13,0,5,2,43,,310640,13,0,5,1,83,,310654,13,0,5,1,82,,310650,13,0,5,2,82,,310641,13,0,5,1,42,,310655,13,0,5,1,83,,310651,13,0,5,2,83,,310642,13,0,5,1,44,,310656,13,0,5,1,84,,310652,13,0,5,2,84,,310643,13,0,5,1,82,,310657,13,0,5,1,45,,310653,13,0,5,2
8501,'H59S000I-81-I',543,,310668,13,0,5,1,82,,310681,13,0,5,1,83,,310662,13,0,5,2,42,,310669,13,0,5,1,82,,310682,13,0,5,1,82,,310663,13,0,5,2,43,,310670,13,0,5,1,81,,310683,13,0,5,1,81,,310664,13,0,5,2,81,,310671,13,0,5,1,41,,310684,13,0,5,1,81,,310665,13,0,5,2,81,,310672,13,0,5,1,33,,310687,13,0,5,2,72,,310685,13,0,5,1,33,,310666,13,0,5,2,72,,310673,13,0,5,1,33,,310688,13,0,5,2,73,,310686,13,0,5,1,34,,310667,13,0,5,2,74,,310674,13,0,5,1,77,,310658,13,0,5,1,42,,310678,13,0,5,1,82,,310675,13,0,5,1,81,,310659,13,0,5,1,41,,310679,13,0,5,1,82,,310676,13,0,5,1,81,,310660,13,0,5,1,43,,310680,13,0,5,1,84,,310677,13,0,5,1,82,,310661,13,0,5,1
8501,'H59S000S-80-S',514,,310693,13,0,5,1,29,,310706,13,0,5,2,69,,310723,13,0,5,1,32,,310692,13,0,5,2,71,,310701,13,0,5,2,33,,310694,13,0,5,1,71,,310707,13,0,5,2,30,,310724,13,0,5,1,72,,310725,13,0,5,1,29,,310702,13,0,5,2,71,,310695,13,0,5,1,31,,310711,13,0,5,2,72,,310708,13,0,5,1,33,,310703,13,0,5,2,73,,310696,13,0,5,1,73,,310712,13,0,5,2,27,,310720,13,0,5,2,25,,310709,13,0,5,1,67,,310704,13,0,5,2,28,,310715,13,0,5,2,74,,310697,13,0,5,1,33,,310713,13,0,5,2,70,,310710,13,0,5,1,27,,310705,13,0,5,2,61,,310721,13,0,5,1,26,,310716,13,0,5,2,65,,310698,13,0,5,1,28,,310714,13,0,5,2,96,,310722,13,0,5,1,72,,310717,13,0,5,2,44,,310699,13,0,5,1,84,,310690,13,0,5,1,83,,310718,13,0,5,2,44,,310700,13,0,5,1,89,,310691,13,0,5,1,88,,310719,13,0,5,2,89,,310689,13,0,5,1
8501,'H59S100F-80-F1',543,,310732,13,0,5,1,82,,310745,13,0,5,1,83,,310726,13,0,5,2,42,,310733,13,0,5,1,82,,310746,13,0,5,1,82,,310727,13,0,5,2,43,,310734,13,0,5,1,81,,310747,13,0,5,1,81,,310728,13,0,5,2,81,,310735,13,0,5,1,41,,310748,13,0,5,1,81,,310729,13,0,5,2,81,,310736,13,0,5,1,33,,310755,13,0,5,2,72,,310749,13,0,5,1,33,,310730,13,0,5,2,72,,310737,13,0,5,1,33,,310756,13,0,5,2,73,,310750,13,0,5,1,34,,310731,13,0,5,2,74,,310738,13,0,5,1,77,,310751,13,0,5,1,42,,310742,13,0,5,1,82,,310739,13,0,5,1,81,,310752,13,0,5,1,41,,310743,13,0,5,1,82,,310740,13,0,5,1,81,,310753,13,0,5,1,43,,310744,13,0,5,1,84,,310741,13,0,5,1,82,,310754,13,0,5,1
8501,'H59S200F-80-F2',543,,310763,13,0,5,1,82,,310776,13,0,5,1,83,,310757,13,0,5,2,42,,310764,13,0,5,1,82,,310777,13,0,5,1,82,,310758,13,0,5,2,43,,310765,13,0,5,1,81,,310778,13,0,5,1,81,,310759,13,0,5,2,81,,310766,13,0,5,1,41,,310779,13,0,5,1,81,,310760,13,0,5,2,81,,310767,13,0,5,1,33,,310786,13,0,5,2,72,,310780,13,0,5,1,33,,310761,13,0,5,2,72,,310768,13,0,5,1,33,,310787,13,0,5,2,73,,310781,13,0,5,1,34,,310762,13,0,5,2,74,,310769,13,0,5,1,77,,310782,13,0,5,1,42,,310773,13,0,5,1,82,,310770,13,0,5,1,81,,310783,13,0,5,1,41,,310774,13,0,5,1,82,,310771,13,0,5,1,81,,310784,13,0,5,1,43,,310775,13,0,5,1,84,,310772,13,0,5,1,82,,310785,13,0,5,1
36201,'H54S000A-80-A',2632,,346656,12,0,5,1,85,,346657,12,0,5,2,85,,346659,12,0,5,1,45,,346658,12,0,5,2
36201,'H54S000I-80-I',2547,,346662,12,0,5,2,85,,346660,12,0,5,1,84,,346664,12,0,5,2,85,,346661,12,0,5,1,45,,346663,12,0,5,2
36201,'H54S000S-80-S',2547,,346667,12,0,5,1,85,,346666,12,0,5,1,85,,346665,12,0,5,1,85,,346669,12,0,5,1,45,,346668,12,0,5,1
36201,'H54S100F-80-F1',2547,,346672,12,0,5,2,85,,346670,12,0,5,1,84,,346674,12,0,5,2,85,,346671,12,0,5,1,45,,346673,12,0,5,2
36201,'H54S200F-80-F2',2547,,346677,12,0,5,2,85,,346675,12,0,5,1,84,,346679,12,0,5,2,85,,346676,12,0,5,1,45,,346678,12,0,5,2
