2803,'H54S000A-80-A',505,,293099,9,0,8,1,22,,293125,9,0,8,2,22,,293123,9,0,8,1,71,,293132,9,0,8,1,31,,293126,9,0,8,2,71,,293124,9,0,8,1,31,,293133,9,0,8,1,71,,293127,9,0,8,2,31,,293106,9,0,8,1,71,,293134,9,0,8,1,31,,293128,9,0,8,2,71,,293107,9,0,8,1,31,,293115,9,0,8,2,71,,293100,9,0,8,1,71,,293138,9,0,8,1,31,,293135,9,0,8,1,71,,293129,9,0,8,2,31,,293108,9,0,8,1,71,,293116,9,0,8,2,31,,293101,9,0,8,1,71,,293139,9,0,8,1,31,,293136,9,0,8,1,71,,293130,9,0,8,2,31,,293109,9,0,8,1,71,,293117,9,0,8,2,31,,293102,9,0,8,1,71,,293140,9,0,8,1,31,,293137,9,0,8,1,71,,293131,9,0,8,2,31,,293110,9,0,8,1,71,,293118,9,0,8,2,31,,293103,9,0,8,1,71,,293111,9,0,8,1,31,,293119,9,0,8,2,71,,293104,9,0,8,1,31,,293112,9,0,8,1,71,,293141,9,0,8,2,31,,293120,9,0,8,2,71,,293113,9,0,8,1,31,,293105,9,0,8,1,71,,293121,9,0,8,2,31,,293114,9,0,8,1,67,,293122,9,0,8,2
2803,'H54S000I-80-I',504,,293142,9,0,8,2,24,,293167,9,0,8,2,25,,293156,9,0,8,1,66,,293174,9,0,8,2,28,,293168,9,0,8,2,70,,293157,9,0,8,1,30,,293175,9,0,8,2,70,,293169,9,0,8,2,30,,293180,9,0,8,1,70,,293176,9,0,8,2,30,,293170,9,0,8,2,70,,293158,9,0,8,1,30,,293150,9,0,8,2,70,,293143,9,0,8,2,30,,293181,9,0,8,1,70,,293177,9,0,8,2,30,,293171,9,0,8,2,70,,293159,9,0,8,1,30,,293151,9,0,8,2,70,,293144,9,0,8,2,30,,293182,9,0,8,1,70,,293178,9,0,8,2,30,,293172,9,0,8,2,70,,293160,9,0,8,1,30,,293152,9,0,8,2,70,,293145,9,0,8,2,30,,293183,9,0,8,1,70,,293179,9,0,8,2,30,,293173,9,0,8,2,70,,293161,9,0,8,1,30,,293153,9,0,8,2,70,,293146,9,0,8,2,30,,293162,9,0,8,1,70,,293154,9,0,8,2,30,,293147,9,0,8,2,70,,293163,9,0,8,1,30,,293155,9,0,8,2,70,,293148,9,0,8,1,29,,293164,9,0,8,2,69,,293184,9,0,8,1,32,,293149,9,0,8,1,71,,293165,9,0,8,2,31,,293166,9,0,8,1
2803,'H54S000S-80-S',506,,293231,9,0,8,2,30,,293228,9,0,8,1,16,,293187,9,0,8,2,56,,293232,9,0,8,2,12,,293206,9,0,8,2,23,,293191,9,0,8,1,12,,293189,9,0,8,1,58,,293230,9,0,8,2,10,,293210,9,0,8,2,9,,293188,9,0,8,2,7,,293227,9,0,8,2,3,,293233,9,0,8,2,11,,293207,9,0,8,2,48,,293234,9,0,8,2,9,,293201,9,0,8,1,17,,293190,9,0,8,1,23,,293211,9,0,8,2,70,,293208,9,0,8,2,30,,293202,9,0,8,1,69,,293212,9,0,8,2,31,,293209,9,0,8,2,70,,293203,9,0,8,1,31,,293192,9,0,8,1,71,,293213,9,0,8,1,28,,293204,9,0,8,1,68,,293193,9,0,8,1,28,,293214,9,0,8,1,68,,293205,9,0,8,1,29,,293194,9,0,8,1,72,,293215,9,0,8,1,33,,293221,9,0,8,2,72,,293195,9,0,8,1,30,,293216,9,0,8,1,70,,293217,9,0,8,2,29,,293196,9,0,8,1,70,,293223,9,0,8,2,31,,293218,9,0,8,2,70,,293197,9,0,8,1,30,,293235,9,0,8,2,71,,293219,9,0,8,2,31,,293198,9,0,8,1,70,,293236,9,0,8,2,29,,293220,9,0,8,2,71,,293199,9,0,8,1,30,,293224,9,0,8,1,70,,293239,9,0,8,1,29,,293200,9,0,8,1,70,,293225,9,0,8,1,30,,293240,9,0,8,1,70,,293229,9,0,8,1,30,,293186,9,0,8,1
2803,'H54S100F-80-F1',504,,293241,9,0,8,2,24,,293266,9,0,8,2,25,,293255,9,0,8,1,66,,293273,9,0,8,2,28,,293267,9,0,8,2,70,,293256,9,0,8,1,30,,293274,9,0,8,2,70,,293268,9,0,8,2,30,,293279,9,0,8,1,70,,293275,9,0,8,2,30,,293269,9,0,8,2,70,,293257,9,0,8,1,30,,293249,9,0,8,2,70,,293242,9,0,8,2,30,,293280,9,0,8,1,70,,293276,9,0,8,2,30,,293270,9,0,8,2,70,,293258,9,0,8,1,30,,293250,9,0,8,2,70,,293243,9,0,8,2,30,,293281,9,0,8,1,70,,293277,9,0,8,2,30,,293271,9,0,8,2,70,,293259,9,0,8,1,30,,293251,9,0,8,2,70,,293244,9,0,8,2,30,,293282,9,0,8,1,70,,293278,9,0,8,2,30,,293272,9,0,8,2,70,,293260,9,0,8,1,30,,293252,9,0,8,2,70,,293245,9,0,8,2,30,,293261,9,0,8,1,70,,293253,9,0,8,2,30,,293246,9,0,8,2,70,,293262,9,0,8,1,30,,293254,9,0,8,2,70,,293247,9,0,8,1,29,,293263,9,0,8,2,69,,293283,9,0,8,1,32,,293248,9,0,8,1,71,,293264,9,0,8,2,31,,293265,9,0,8,1
2803,'H54S200F-80-F2',504,,293284,9,0,8,2,24,,293309,9,0,8,2,25,,293298,9,0,8,1,66,,293316,9,0,8,2,28,,293310,9,0,8,2,70,,293299,9,0,8,1,30,,293317,9,0,8,2,70,,293311,9,0,8,2,30,,293322,9,0,8,1,70,,293318,9,0,8,2,30,,293312,9,0,8,2,70,,293300,9,0,8,1,30,,293292,9,0,8,2,70,,293285,9,0,8,2,30,,293323,9,0,8,1,70,,293319,9,0,8,2,30,,293313,9,0,8,2,70,,293301,9,0,8,1,30,,293293,9,0,8,2,70,,293286,9,0,8,2,30,,293324,9,0,8,1,70,,293320,9,0,8,2,30,,293314,9,0,8,2,70,,293302,9,0,8,1,30,,293294,9,0,8,2,70,,293287,9,0,8,2,30,,293325,9,0,8,1,70,,293321,9,0,8,2,30,,293315,9,0,8,2,70,,293303,9,0,8,1,30,,293295,9,0,8,2,70,,293288,9,0,8,2,30,,293304,9,0,8,1,70,,293296,9,0,8,2,30,,293289,9,0,8,2,70,,293305,9,0,8,1,30,,293297,9,0,8,2,70,,293290,9,0,8,1,29,,293306,9,0,8,2,69,,293326,9,0,8,1,32,,293291,9,0,8,1,71,,293307,9,0,8,2,31,,293308,9,0,8,1
2803,'H57S000S-80-S',632,,293327,9,0,8,1,72,,293328,9,0,8,1
8501,'H54S000S-80-S',1916,,310626,30,0,5,1
8501,'H59S000A-80-A',608,,310627,30,0,5,1,42,,310644,30,0,5,2,84,,310633,30,0,5,1,82,,310628,30,0,5,1,43,,310645,30,0,5,2,82,,310634,30,0,5,1,81,,310629,30,0,5,1,82,,310646,30,0,5,2,42,,310635,30,0,5,1,83,,310630,30,0,5,1,72,,310647,30,0,5,2,34,,310638,30,0,5,1,74,,310636,30,0,5,1,33,,310631,30,0,5,1,73,,310648,30,0,5,2,33,,310639,30,0,5,1,74,,310637,30,0,5,1,34,,310632,30,0,5,1,72,,310649,30,0,5,2,83,,310640,30,0,5,1,42,,310654,30,0,5,1,82,,310650,30,0,5,2,81,,310641,30,0,5,1,42,,310655,30,0,5,1,83,,310651,30,0,5,2,83,,310642,30,0,5,1,84,,310656,30,0,5,1,44,,310652,30,0,5,2,82,,310643,30,0,5,1,82,,310657,30,0,5,1,85,,310653,30,0,5,2
8501,'H59S000I-81-I',553,,310668,30,0,5,1,82,,310681,30,0,5,1,83,,310662,30,0,5,2,82,,310669,30,0,5,1,42,,310682,30,0,5,1,82,,310663,30,0,5,2,84,,310670,30,0,5,1,41,,310683,30,0,5,1,81,,310664,30,0,5,2,81,,310671,30,0,5,1,42,,310684,30,0,5,1,82,,310665,30,0,5,2,81,,310672,30,0,5,1,33,,310687,30,0,5,2,72,,310685,30,0,5,1,33,,310666,30,0,5,2,72,,310673,30,0,5,1,33,,310688,30,0,5,2,73,,310686,30,0,5,1,74,,310667,30,0,5,2,33,,310674,30,0,5,1,76,,310658,30,0,5,1,42,,310678,30,0,5,1,82,,310675,30,0,5,1,80,,310659,30,0,5,1,81,,310679,30,0,5,1,42,,310676,30,0,5,1,81,,310660,30,0,5,1,83,,310680,30,0,5,1,44,,310677,30,0,5,1,82,,310661,30,0,5,1
8501,'H59S000S-80-S',527,,310693,30,0,5,1,29,,310706,30,0,5,2,70,,310723,30,0,5,1,32,,310692,30,0,5,2,73,,310701,30,0,5,2,73,,310694,30,0,5,1,31,,310707,30,0,5,2,70,,310724,30,0,5,1,30,,310725,30,0,5,1,68,,310702,30,0,5,2,31,,310695,30,0,5,1,71,,310711,30,0,5,2,33,,310708,30,0,5,1,73,,310703,30,0,5,2,33,,310696,30,0,5,1,74,,310712,30,0,5,2,27,,310720,30,0,5,2,66,,310709,30,0,5,1,27,,310704,30,0,5,2,68,,310715,30,0,5,2,35,,310697,30,0,5,1,73,,310713,30,0,5,2,30,,310710,30,0,5,1,66,,310705,30,0,5,2,21,,310721,30,0,5,1,26,,310716,30,0,5,2,63,,310698,30,0,5,1,28,,310714,30,0,5,2,95,,310722,30,0,5,1,72,,310717,30,0,5,2,44,,310699,30,0,5,1,84,,310690,30,0,5,1,83,,310718,30,0,5,2,82,,310700,30,0,5,1,49,,310691,30,0,5,1,87,,310719,30,0,5,2,89,,310689,30,0,5,1
8501,'H59S100F-80-F1',553,,310732,30,0,5,1,82,,310745,30,0,5,1,83,,310726,30,0,5,2,82,,310733,30,0,5,1,42,,310746,30,0,5,1,82,,310727,30,0,5,2,84,,310734,30,0,5,1,41,,310747,30,0,5,1,81,,310728,30,0,5,2,81,,310735,30,0,5,1,42,,310748,30,0,5,1,82,,310729,30,0,5,2,81,,310736,30,0,5,1,33,,310755,30,0,5,2,72,,310749,30,0,5,1,33,,310730,30,0,5,2,72,,310737,30,0,5,1,33,,310756,30,0,5,2,73,,310750,30,0,5,1,74,,310731,30,0,5,2,33,,310738,30,0,5,1,76,,310751,30,0,5,1,42,,310742,30,0,5,1,82,,310739,30,0,5,1,80,,310752,30,0,5,1,81,,310743,30,0,5,1,42,,310740,30,0,5,1,81,,310753,30,0,5,1,83,,310744,30,0,5,1,44,,310741,30,0,5,1,82,,310754,30,0,5,1
8501,'H59S200F-80-F2',553,,310763,30,0,5,1,82,,310776,30,0,5,1,83,,310757,30,0,5,2,82,,310764,30,0,5,1,42,,310777,30,0,5,1,82,,310758,30,0,5,2,84,,310765,30,0,5,1,41,,310778,30,0,5,1,81,,310759,30,0,5,2,81,,310766,30,0,5,1,42,,310779,30,0,5,1,82,,310760,30,0,5,2,81,,310767,30,0,5,1,33,,310786,30,0,5,2,72,,310780,30,0,5,1,33,,310761,30,0,5,2,72,,310768,30,0,5,1,33,,310787,30,0,5,2,73,,310781,30,0,5,1,74,,310762,30,0,5,2,33,,310769,30,0,5,1,76,,310782,30,0,5,1,42,,310773,30,0,5,1,82,,310770,30,0,5,1,80,,310783,30,0,5,1,81,,310774,30,0,5,1,42,,310771,30,0,5,1,81,,310784,30,0,5,1,83,,310775,30,0,5,1,44,,310772,30,0,5,1,82,,310785,30,0,5,1
18902,'H54S000A-80-A',507,,336554,49,0,10,1,28,,336571,49,0,10,1,70,,336590,49,0,10,1,28,,336555,49,0,10,1,71,,336572,49,0,10,1,27,,336591,49,0,10,1,26,,336556,49,0,10,1,66,,336573,49,0,10,1,21,,336541,49,0,10,1,61,,336592,49,0,10,1,21,,336561,49,0,10,1,20,,336566,49,0,10,1,58,,336542,49,0,10,1,17,,336562,49,0,10,1,17,,336593,49,0,10,1,15,,336565,49,0,10,1,56,,336567,49,0,10,1,18,,336574,49,0,10,1,20,,336543,49,0,10,1,60,,336579,49,0,10,1,21,,336550,49,0,10,2,20,,336568,49,0,10,1,59,,336575,49,0,10,1,19,,336545,49,0,10,1,18,,336580,49,0,10,1,58,,336551,49,0,10,2,19,,336569,49,0,10,1,19,,336576,49,0,10,1,18,,336546,49,0,10,1,58,,336581,49,0,10,1,18,,336552,49,0,10,2,17,,336570,49,0,10,1,59,,336577,49,0,10,1,25,,336547,49,0,10,1,69,,336553,49,0,10,2,30,,336578,49,0,10,1,70,,336582,49,0,10,1,25,,336585,49,0,10,1,23,,336544,49,0,10,2,65,,336564,49,0,10,1,27,,336557,49,0,10,1,67,,336586,49,0,10,1,28,,336583,49,0,10,1,70,,336558,49,0,10,1,31,,336587,49,0,10,1,70,,336584,49,0,10,1,29,,336559,49,0,10,1,70,,336548,49,0,10,2,29,,336588,49,0,10,1,68,,336560,49,0,10,1,30,,336549,49,0,10,2,68,,336563,49,0,10,2,28,,336589,49,0,10,1
18902,'H54S000I-80-I',506,,336596,49,0,10,1,29,,336602,49,0,10,2,72,,336614,49,0,10,1,29,,336597,49,0,10,1,69,,336603,49,0,10,2,29,,336615,49,0,10,1,69,,336598,49,0,10,1,29,,336604,49,0,10,2,70,,336616,49,0,10,1,30,,336599,49,0,10,1,69,,336605,49,0,10,2,29,,336617,49,0,10,1,29,,336600,49,0,10,1,70,,336618,49,0,10,1,19,,336606,49,0,10,2,59,,336628,49,0,10,2,19,,336607,49,0,10,1,20,,336601,49,0,10,1,61,,336619,49,0,10,1,20,,336595,49,0,10,2,18,,336629,49,0,10,2,59,,336630,49,0,10,1,21,,336594,49,0,10,2,22,,336620,49,0,10,1,65,,336608,49,0,10,2,31,,336631,49,0,10,1,72,,336621,49,0,10,1,31,,336609,49,0,10,2,70,,336632,49,0,10,1,31,,336622,49,0,10,1,70,,336610,49,0,10,2,31,,336633,49,0,10,1,72,,336623,49,0,10,1,30,,336611,49,0,10,2,68,,336634,49,0,10,1,29,,336624,49,0,10,1,69,,336612,49,0,10,2,29,,336635,49,0,10,1,70,,336625,49,0,10,1,30,,336613,49,0,10,2,70,,336636,49,0,10,1,30,,336626,49,0,10,1,66,,336638,49,0,10,2,30,,336637,49,0,10,1,65,,336627,49,0,10,1
18902,'H54S000S-80-S',511,,336649,49,0,10,1,15,,336642,49,0,10,2,15,,336658,49,0,10,2,16,,336639,49,0,10,1,56,,336643,49,0,10,1,15,,336650,49,0,10,1,10,,336660,49,0,10,2,8,,336678,49,0,10,2,9,,336644,49,0,10,1,47,,336651,10,0,10,1,4,,336659,49,0,10,2,4,,336662,49,0,10,2,3,,336646,10,0,10,2,3,,336647,49,0,10,2,5,,336679,10,0,10,2,6,,336677,49,0,10,2,6,,336669,49,0,10,2,5,,336640,49,0,10,1,4,,336652,10,0,10,1,4,,336676,49,0,10,2,6,,336645,49,0,10,2,6,,336680,49,0,10,2,47,,336681,49,0,10,2,5,,336670,10,0,10,2,2,,336661,49,0,10,2,5,,336682,49,0,10,2,8,,336683,49,0,10,2,12,,336684,49,0,10,2,13,,336663,49,0,10,2,56,,336664,49,0,10,2,20,,336653,49,0,10,1,22,,336671,49,0,10,2,62,,336685,49,0,10,2,18,,336641,49,0,10,2,17,,336665,49,0,10,2,57,,336654,49,0,10,1,18,,336686,49,0,10,2,18,,336672,49,0,10,2,18,,336666,49,0,10,2,59,,336689,49,0,10,1,19,,336655,49,0,10,1,21,,336687,49,0,10,2,60,,336673,49,0,10,2,19,,336667,49,0,10,2,18,,336690,49,0,10,1,58,,336656,49,0,10,1,19,,336688,49,0,10,2,19,,336674,49,0,10,2,58,,336668,49,0,10,2,22,,336691,49,0,10,1,21,,336657,49,0,10,1,62,,336692,49,0,10,2,23,,336675,49,0,10,2,66,,336705,49,0,10,1,30,,336648,49,0,10,1,70,,336693,49,0,10,2,28,,336698,49,0,10,2,24,,336704,49,0,10,2,68,,336699,49,0,10,1,29,,336706,49,0,10,1,66,,336694,49,0,10,2,30,,336700,49,0,10,1,69,,336708,49,0,10,1,29,,336695,49,0,10,2,70,,336701,49,0,10,1,30,,336709,49,0,10,1,71,,336696,49,0,10,2,31,,336702,49,0,10,1,68,,336707,49,0,10,1,29,,336697,49,0,10,2,64,,336703,49,0,10,1
18902,'H54S100F-80-F1',506,,336712,49,0,10,1,29,,336718,49,0,10,2,72,,336730,49,0,10,1,29,,336713,49,0,10,1,69,,336719,49,0,10,2,29,,336731,49,0,10,1,69,,336714,49,0,10,1,29,,336720,49,0,10,2,70,,336732,49,0,10,1,30,,336715,49,0,10,1,69,,336721,49,0,10,2,29,,336733,49,0,10,1,29,,336716,49,0,10,1,70,,336734,49,0,10,1,19,,336722,49,0,10,2,59,,336744,49,0,10,2,19,,336723,49,0,10,1,20,,336717,49,0,10,1,61,,336735,49,0,10,1,20,,336711,49,0,10,2,18,,336745,49,0,10,2,59,,336746,49,0,10,1,21,,336710,49,0,10,2,22,,336736,49,0,10,1,65,,336724,49,0,10,2,31,,336747,49,0,10,1,72,,336737,49,0,10,1,31,,336725,49,0,10,2,70,,336748,49,0,10,1,31,,336738,49,0,10,1,70,,336726,49,0,10,2,31,,336749,49,0,10,1,72,,336739,49,0,10,1,30,,336727,49,0,10,2,68,,336750,49,0,10,1,29,,336740,49,0,10,1,69,,336728,49,0,10,2,29,,336751,49,0,10,1,70,,336741,49,0,10,1,30,,336729,49,0,10,2,70,,336752,49,0,10,1,30,,336742,49,0,10,1,66,,336754,49,0,10,2,30,,336753,49,0,10,1,65,,336743,49,0,10,1
18902,'H54S200F-80-F2',506,,336757,49,0,10,1,29,,336763,49,0,10,2,72,,336775,49,0,10,1,29,,336758,49,0,10,1,69,,336764,49,0,10,2,29,,336776,49,0,10,1,69,,336759,49,0,10,1,29,,336765,49,0,10,2,70,,336777,49,0,10,1,30,,336760,49,0,10,1,69,,336766,49,0,10,2,29,,336778,49,0,10,1,29,,336761,49,0,10,1,70,,336779,49,0,10,1,19,,336767,49,0,10,2,59,,336789,49,0,10,2,19,,336768,49,0,10,1,20,,336762,49,0,10,1,61,,336780,49,0,10,1,20,,336756,49,0,10,2,18,,336790,49,0,10,2,59,,336791,49,0,10,1,21,,336755,49,0,10,2,22,,336781,49,0,10,1,65,,336769,49,0,10,2,31,,336792,49,0,10,1,72,,336782,49,0,10,1,31,,336770,49,0,10,2,70,,336793,49,0,10,1,31,,336783,49,0,10,1,70,,336771,49,0,10,2,31,,336794,49,0,10,1,72,,336784,49,0,10,1,30,,336772,49,0,10,2,68,,336795,49,0,10,1,29,,336785,49,0,10,1,69,,336773,49,0,10,2,29,,336796,49,0,10,1,70,,336786,49,0,10,1,30,,336774,49,0,10,2,70,,336797,49,0,10,1,30,,336787,49,0,10,1,66,,336799,49,0,10,2,30,,336798,49,0,10,1,65,,336788,49,0,10,1
36201,'H54S000A-80-A',2645,,346656,29,0,5,1,85,,346657,29,0,5,2,85,,346659,29,0,5,1,85,,346658,29,0,5,2
36201,'H54S000I-80-I',2559,,346662,29,0,5,2,85,,346660,29,0,5,1,84,,346664,29,0,5,2,85,,346661,29,0,5,1,45,,346663,29,0,5,2
36201,'H54S000S-80-S',2558,,346667,29,0,5,1,85,,346666,29,0,5,1,85,,346665,29,0,5,1,85,,346669,29,0,5,1,45,,346668,29,0,5,1
36201,'H54S100F-80-F1',2559,,346672,29,0,5,2,85,,346670,29,0,5,1,84,,346674,29,0,5,2,85,,346671,29,0,5,1,45,,346673,29,0,5,2
36201,'H54S200F-80-F2',2559,,346677,29,0,5,2,85,,346675,29,0,5,1,84,,346679,29,0,5,2,85,,346676,29,0,5,1,45,,346678,29,0,5,2
