16503,'H50S000A-82-A',607,,330105,10,0,8,1,29,,330118,10,0,8,1,22,,330128,10,0,8,1,61,,330106,10,0,8,1,20,,330119,10,0,8,1,20,,330129,10,0,8,1,57,,330136,10,0,8,1,16,,330107,10,0,8,1,17,,330120,10,0,8,1,58,,330130,10,0,8,1,18,,330137,10,0,8,1,17,,330108,10,0,8,1,17,,330121,10,0,8,1,55,,330145,10,0,8,1,11,,330131,10,0,8,1,10,,330157,10,0,8,1,10,,330138,10,0,8,1,10,,330164,10,0,8,1,50,,330109,10,0,8,1,9,,330122,10,0,8,1,10,,330170,10,0,8,1,9,,330146,10,0,8,1,11,,330132,10,0,8,1,10,,330158,10,0,8,1,50,,330139,10,0,8,1,10,,330165,10,0,8,1,8,,330110,10,0,8,1,8,,330123,10,0,8,1,7,,330182,10,0,8,1,7,,330171,10,0,8,1,7,,330147,10,0,8,1,7,,330190,10,0,8,1,47,,330133,10,0,8,1,8,,330193,10,0,8,1,8,,330159,10,0,8,1,8,,330140,10,0,8,1,8,,330166,10,0,8,1,7,,330111,10,0,8,1,7,,330124,10,0,8,1,7,,330183,10,0,8,1,48,,330172,10,0,8,1,8,,330148,10,0,8,1,9,,330204,10,0,8,1,8,,330134,10,0,8,1,8,,330194,10,0,8,1,7,,330160,10,0,8,1,7,,330141,10,0,8,1,47,,330167,10,0,8,1,7,,330112,10,0,8,1,7,,330125,10,0,8,1,7,,330184,10,0,8,1,7,,330191,10,0,8,1,7,,330149,10,0,8,1,7,,330173,10,0,8,1,6,,330205,10,0,8,1,6,,330135,10,0,8,1,47,,330208,10,0,8,1,8,,330195,10,0,8,1,8,,330142,10,0,8,1,7,,330168,10,0,8,1,7,,330209,10,0,8,1,6,,330113,10,0,8,1,6,,330126,10,0,8,1,6,,330185,10,0,8,1,6,,330192,10,0,8,1,46,,330150,10,0,8,1,7,,330174,10,0,8,1,7,,330206,10,0,8,1,7,,330161,10,0,8,1,7,,330216,10,0,8,1,6,,330196,10,0,8,1,6,,330143,10,0,8,1,6,,330169,10,0,8,1,6,,330210,10,0,8,1,6,,330114,10,0,8,1,47,,330127,10,0,8,1,7,,330186,10,0,8,1,7,,330151,10,0,8,1,8,,330175,10,0,8,1,8,,330207,10,0,8,1,9,,330162,10,0,8,1,9,,330197,10,0,8,1,48,,330144,10,0,8,1,9,,330211,10,0,8,1,8,,330115,10,0,8,1,8,,330187,10,0,8,1,12,,330152,10,0,8,1,12,,330176,10,0,8,1,51,,330163,10,0,8,1,12,,330198,10,0,8,1,13,,330212,10,0,8,1,13,,330188,10,0,8,1,11,,330116,10,0,8,1,51,,330153,10,0,8,1,11,,330177,10,0,8,1,12,,330199,10,0,8,1,11,,330189,10,0,8,1,11,,330213,10,0,8,1,12,,330154,10,0,8,1,52,,330117,10,0,8,1,12,,330200,10,0,8,1,15,,330178,10,0,8,1,17,,330155,10,0,8,1,57,,330214,10,0,8,1,17,,330179,10,0,8,1,17,,330201,10,0,8,1,57,,330156,10,0,8,1,17,,330180,10,0,8,1,17,,330215,10,0,8,1,17,,330202,10,0,8,1,70,,330181,10,0,8,1,30,,330203,10,0,8,1
16503,'H50S000I-82-I',611,,330217,10,0,8,1,28,,330234,10,0,8,1,20,,330243,10,0,8,1,61,,330218,10,0,8,1,27,,330235,10,0,8,1,67,,330244,10,0,8,1,28,,330219,10,0,8,1,64,,330236,10,0,8,1,17,,330252,10,0,8,1,14,,330245,10,0,8,1,16,,330220,10,0,8,1,53,,330274,10,0,8,1,13,,330263,10,0,8,1,13,,330237,10,0,8,1,13,,330253,10,0,8,1,12,,330281,10,0,8,1,52,,330221,10,0,8,1,11,,330275,10,0,8,1,10,,330288,10,0,8,1,9,,330264,10,0,8,1,8,,330238,10,0,8,1,5,,330246,10,0,8,1,50,,330254,10,0,8,1,10,,330282,10,0,8,1,9,,330222,10,0,8,1,9,,330294,10,0,8,1,9,,330276,10,0,8,1,9,,330289,10,0,8,1,10,,330265,10,0,8,1,50,,330247,10,0,8,1,8,,330239,10,0,8,1,8,,330255,10,0,8,1,8,,330283,10,0,8,1,8,,330223,10,0,8,1,8,,330295,10,0,8,1,8,,330300,10,0,8,1,47,,330277,10,0,8,1,7,,330290,10,0,8,1,7,,330266,10,0,8,1,9,,330248,10,0,8,1,8,,330240,10,0,8,1,8,,330256,10,0,8,1,8,,330284,10,0,8,1,8,,330224,10,0,8,1,47,,330296,10,0,8,1,7,,330301,10,0,8,1,7,,330278,10,0,8,1,7,,330291,10,0,8,1,7,,330267,10,0,8,1,7,,330303,10,0,8,1,7,,330249,10,0,8,1,7,,330241,10,0,8,1,47,,330257,10,0,8,1,7,,330285,10,0,8,1,8,,330225,10,0,8,1,9,,330297,10,0,8,1,10,,330279,10,0,8,1,10,,330292,10,0,8,1,10,,330268,10,0,8,1,48,,330250,10,0,8,1,8,,330242,10,0,8,1,6,,330258,10,0,8,1,8,,330286,10,0,8,1,7,,330226,10,0,8,1,7,,330302,10,0,8,1,7,,330298,10,0,8,1,7,,330280,10,0,8,1,48,,330304,10,0,8,1,7,,330293,10,0,8,1,8,,330269,10,0,8,1,8,,330251,10,0,8,1,8,,330259,10,0,8,1,9,,330287,10,0,8,1,10,,330227,10,0,8,1,50,,330299,10,0,8,1,11,,330305,10,0,8,1,17,,330270,10,0,8,1,17,,330260,10,0,8,1,57,,330228,10,0,8,1,19,,330306,10,0,8,1,19,,330271,10,0,8,1,17,,330229,10,0,8,1,58,,330261,10,0,8,1,18,,330307,10,0,8,1,18,,330230,10,0,8,1,57,,330272,10,0,8,1,17,,330262,10,0,8,1,19,,330231,10,0,8,1,60,,330308,10,0,8,1,21,,330273,10,0,8,1,24,,330232,10,0,8,1,69,,330309,10,0,8,1,29,,330233,10,0,8,1,70,,330310,10,0,8,1
16503,'H50S000S-82-S',535,,330311,10,0,8,1,20,,330320,10,0,8,1,60,,330329,10,0,8,1,12,,330341,10,0,8,1,14,,330312,10,0,8,1,12,,330355,10,0,8,1,51,,330321,10,0,8,1,9,,330363,10,0,8,1,10,,330330,10,0,8,1,9,,330375,10,0,8,1,8,,330342,10,0,8,1,6,,330392,10,0,8,1,6,,330383,10,0,8,1,6,,330391,10,0,8,1,45,,330313,10,0,8,1,6,,330356,10,0,8,1,6,,330393,10,0,8,1,5,,330396,10,0,8,1,5,,330322,10,0,8,1,6,,330394,10,0,8,1,6,,330364,10,0,8,1,6,,330395,10,0,8,1,7,,330331,10,0,8,1,9,,330376,10,0,8,1,49,,330343,10,0,8,1,10,,330384,10,0,8,1,9,,330314,10,0,8,1,8,,330357,10,0,8,1,10,,330397,10,0,8,1,12,,330323,10,0,8,1,52,,330332,10,0,8,1,10,,330377,10,0,8,1,10,,330344,10,0,8,1,11,,330385,10,0,8,1,11,,330315,10,0,8,1,51,,330358,10,0,8,1,11,,330365,10,0,8,1,10,,330324,10,0,8,1,10,,330333,10,0,8,1,11,,330378,10,0,8,1,10,,330345,10,0,8,1,51,,330386,10,0,8,1,10,,330398,10,0,8,1,10,,330316,10,0,8,1,11,,330366,10,0,8,1,9,,330408,10,0,8,1,8,,330325,10,0,8,1,48,,330334,10,0,8,1,8,,330379,10,0,8,1,8,,330346,10,0,8,1,9,,330414,10,0,8,1,9,,330387,10,0,8,1,9,,330359,10,0,8,1,8,,330317,10,0,8,1,48,,330367,10,0,8,1,8,,330409,10,0,8,1,8,,330326,10,0,8,1,8,,330335,10,0,8,1,8,,330380,10,0,8,1,8,,330347,10,0,8,1,8,,330399,10,0,8,1,6,,330415,10,0,8,1,46,,330388,10,0,8,1,7,,330360,10,0,8,1,6,,330418,10,0,8,1,7,,330318,10,0,8,1,6,,330368,10,0,8,1,7,,330410,10,0,8,1,7,,330327,10,0,8,1,6,,330423,10,0,8,1,6,,330336,10,0,8,1,6,,330381,10,0,8,1,46,,330348,10,0,8,1,4,,330435,10,0,8,1,4,,330400,10,0,8,1,4,,330437,10,0,8,1,4,,330438,10,0,8,1,4,,330416,10,0,8,1,4,,330428,10,0,8,1,5,,330389,10,0,8,1,5,,330436,10,0,8,1,5,,330361,10,0,8,1,6,,330419,10,0,8,1,5,,330319,10,0,8,1,46,,330369,10,0,8,1,5,,330440,10,0,8,1,5,,330411,10,0,8,1,5,,330328,10,0,8,1,6,,330424,10,0,8,1,6,,330337,10,0,8,1,6,,330382,10,0,8,1,5,,330349,10,0,8,1,5,,330417,10,0,8,1,6,,330401,10,0,8,1,6,,330439,10,0,8,1,46,,330429,10,0,8,1,6,,330390,10,0,8,1,5,,330370,10,0,8,1,6,,330362,10,0,8,1,6,,330420,10,0,8,1,9,,330441,10,0,8,1,8,,330412,10,0,8,1,8,,330425,10,0,8,1,9,,330338,10,0,8,1,49,,330350,10,0,8,1,10,,330402,10,0,8,1,10,,330430,10,0,8,1,10,,330371,10,0,8,1,9,,330421,10,0,8,1,9,,330442,10,0,8,1,49,,330413,10,0,8,1,9,,330339,10,0,8,1,8,,330426,10,0,8,1,9,,330351,10,0,8,1,9,,330403,10,0,8,1,8,,330422,10,0,8,1,8,,330431,10,0,8,1,49,,330372,10,0,8,1,10,,330443,10,0,8,1,9,,330427,10,0,8,1,8,,330340,10,0,8,1,7,,330404,10,0,8,1,11,,330352,10,0,8,1,52,,330373,10,0,8,1,12,,330432,10,0,8,1,15,,330444,10,0,8,1,15,,330353,10,0,8,1,15,,330405,10,0,8,1,55,,330374,10,0,8,1,17,,330433,10,0,8,1,19,,330354,10,0,8,1,63,,330406,10,0,8,1,32,,330434,10,0,8,1,70,,330407,10,0,8,1
16503,'H50S100F-80-F1',611,,330445,10,0,8,1,28,,330462,10,0,8,1,20,,330471,10,0,8,1,61,,330446,10,0,8,1,27,,330463,10,0,8,1,67,,330472,10,0,8,1,28,,330447,10,0,8,1,64,,330464,10,0,8,1,17,,330480,10,0,8,1,14,,330473,10,0,8,1,16,,330448,10,0,8,1,53,,330502,10,0,8,1,13,,330491,10,0,8,1,13,,330465,10,0,8,1,13,,330481,10,0,8,1,12,,330509,10,0,8,1,52,,330449,10,0,8,1,11,,330503,10,0,8,1,10,,330516,10,0,8,1,9,,330492,10,0,8,1,8,,330466,10,0,8,1,5,,330474,10,0,8,1,50,,330482,10,0,8,1,10,,330510,10,0,8,1,9,,330450,10,0,8,1,9,,330522,10,0,8,1,9,,330504,10,0,8,1,9,,330517,10,0,8,1,10,,330493,10,0,8,1,50,,330475,10,0,8,1,8,,330467,10,0,8,1,8,,330483,10,0,8,1,8,,330511,10,0,8,1,8,,330451,10,0,8,1,8,,330523,10,0,8,1,8,,330528,10,0,8,1,47,,330505,10,0,8,1,7,,330518,10,0,8,1,7,,330494,10,0,8,1,9,,330476,10,0,8,1,8,,330468,10,0,8,1,8,,330484,10,0,8,1,8,,330512,10,0,8,1,8,,330452,10,0,8,1,47,,330524,10,0,8,1,7,,330529,10,0,8,1,7,,330506,10,0,8,1,7,,330519,10,0,8,1,7,,330495,10,0,8,1,7,,330531,10,0,8,1,7,,330477,10,0,8,1,7,,330469,10,0,8,1,47,,330485,10,0,8,1,7,,330513,10,0,8,1,8,,330453,10,0,8,1,9,,330525,10,0,8,1,10,,330507,10,0,8,1,10,,330520,10,0,8,1,10,,330496,10,0,8,1,48,,330478,10,0,8,1,8,,330470,10,0,8,1,6,,330486,10,0,8,1,8,,330514,10,0,8,1,7,,330454,10,0,8,1,7,,330530,10,0,8,1,7,,330526,10,0,8,1,7,,330508,10,0,8,1,48,,330532,10,0,8,1,7,,330521,10,0,8,1,8,,330497,10,0,8,1,8,,330479,10,0,8,1,8,,330487,10,0,8,1,9,,330515,10,0,8,1,10,,330455,10,0,8,1,50,,330527,10,0,8,1,11,,330533,10,0,8,1,17,,330498,10,0,8,1,17,,330488,10,0,8,1,57,,330456,10,0,8,1,19,,330534,10,0,8,1,19,,330499,10,0,8,1,17,,330457,10,0,8,1,58,,330489,10,0,8,1,18,,330535,10,0,8,1,18,,330458,10,0,8,1,57,,330500,10,0,8,1,17,,330490,10,0,8,1,19,,330459,10,0,8,1,60,,330536,10,0,8,1,21,,330501,10,0,8,1,24,,330460,10,0,8,1,69,,330537,10,0,8,1,29,,330461,10,0,8,1,70,,330538,10,0,8,1
16503,'H50S200F-80-F2',611,,330539,10,0,8,1,28,,330556,10,0,8,1,20,,330565,10,0,8,1,61,,330540,10,0,8,1,27,,330557,10,0,8,1,67,,330566,10,0,8,1,28,,330541,10,0,8,1,64,,330558,10,0,8,1,17,,330574,10,0,8,1,14,,330567,10,0,8,1,16,,330542,10,0,8,1,53,,330596,10,0,8,1,13,,330585,10,0,8,1,13,,330559,10,0,8,1,13,,330575,10,0,8,1,12,,330603,10,0,8,1,52,,330543,10,0,8,1,11,,330597,10,0,8,1,10,,330610,10,0,8,1,9,,330586,10,0,8,1,8,,330560,10,0,8,1,5,,330568,10,0,8,1,50,,330576,10,0,8,1,10,,330604,10,0,8,1,9,,330544,10,0,8,1,9,,330616,10,0,8,1,9,,330598,10,0,8,1,9,,330611,10,0,8,1,10,,330587,10,0,8,1,50,,330569,10,0,8,1,8,,330561,10,0,8,1,8,,330577,10,0,8,1,8,,330605,10,0,8,1,8,,330545,10,0,8,1,8,,330617,10,0,8,1,8,,330622,10,0,8,1,47,,330599,10,0,8,1,7,,330612,10,0,8,1,7,,330588,10,0,8,1,9,,330570,10,0,8,1,8,,330562,10,0,8,1,8,,330578,10,0,8,1,8,,330606,10,0,8,1,8,,330546,10,0,8,1,47,,330618,10,0,8,1,7,,330623,10,0,8,1,7,,330600,10,0,8,1,7,,330613,10,0,8,1,7,,330589,10,0,8,1,7,,330625,10,0,8,1,7,,330571,10,0,8,1,7,,330563,10,0,8,1,47,,330579,10,0,8,1,7,,330607,10,0,8,1,8,,330547,10,0,8,1,9,,330619,10,0,8,1,10,,330601,10,0,8,1,10,,330614,10,0,8,1,10,,330590,10,0,8,1,48,,330572,10,0,8,1,8,,330564,10,0,8,1,6,,330580,10,0,8,1,8,,330608,10,0,8,1,7,,330548,10,0,8,1,7,,330624,10,0,8,1,7,,330620,10,0,8,1,7,,330602,10,0,8,1,48,,330626,10,0,8,1,7,,330615,10,0,8,1,8,,330591,10,0,8,1,8,,330573,10,0,8,1,8,,330581,10,0,8,1,9,,330609,10,0,8,1,10,,330549,10,0,8,1,50,,330621,10,0,8,1,11,,330627,10,0,8,1,17,,330592,10,0,8,1,17,,330582,10,0,8,1,57,,330550,10,0,8,1,19,,330628,10,0,8,1,19,,330593,10,0,8,1,17,,330551,10,0,8,1,58,,330583,10,0,8,1,18,,330629,10,0,8,1,18,,330552,10,0,8,1,57,,330594,10,0,8,1,17,,330584,10,0,8,1,19,,330553,10,0,8,1,60,,330630,10,0,8,1,21,,330595,10,0,8,1,24,,330554,10,0,8,1,69,,330631,10,0,8,1,29,,330555,10,0,8,1,70,,330632,10,0,8,1
16603,'H50S000A-82-A',833,,331141,10,0,8,1,71,,331155,10,0,8,2,32,,331142,10,0,8,1,72,,331156,10,0,8,2,31,,331143,10,0,8,1,72,,331157,10,0,8,2,33,,331144,10,0,8,1,72,,331158,10,0,8,2,30,,331139,10,0,8,2,71,,331145,10,0,8,1,29,,331159,10,0,8,2,69,,331163,10,0,8,1,30,,331146,10,0,8,1,69,,331160,10,0,8,2,29,,331164,10,0,8,1,69,,331147,10,0,8,1,29,,331161,10,0,8,2,69,,331165,10,0,8,1,29,,331148,10,0,8,1,69,,331162,10,0,8,2,29,,331166,10,0,8,1,73,,331149,10,0,8,1,33,,331167,10,0,8,1,73,,331150,10,0,8,1,33,,331168,10,0,8,1,76,,331151,10,0,8,1,77,,331169,10,0,8,1,37,,331152,10,0,8,1,77,,331170,10,0,8,1,38,,331153,10,0,8,1,80,,331140,10,0,8,2,80,,331154,10,0,8,1
16603,'H50S000I-82-I',905,,331171,10,0,8,2,33,,331189,10,0,8,1,71,,331172,10,0,8,2,31,,331190,10,0,8,1,71,,331173,10,0,8,2,32,,331191,10,0,8,1,73,,331174,10,0,8,2,33,,331192,10,0,8,1,73,,331175,10,0,8,2,30,,331185,10,0,8,1,68,,331193,10,0,8,1,28,,331176,10,0,8,2,68,,331186,10,0,8,1,28,,331194,10,0,8,1,68,,331177,10,0,8,2,28,,331187,10,0,8,1,68,,331195,10,0,8,1,28,,331178,10,0,8,2,69,,331188,10,0,8,1,30,,331196,10,0,8,1,72,,331179,10,0,8,2,32,,331197,10,0,8,1,72,,331180,10,0,8,2,32,,331198,10,0,8,1,74,,331181,10,0,8,2,36,,331199,10,0,8,1,77,,331182,10,0,8,2,77,,331200,10,0,8,1,37,,331183,10,0,8,2,77,,331201,10,0,8,1,84,,331184,10,0,8,2
16603,'H50S000S-82-S',626,,331228,10,0,8,1,27,,331206,10,0,8,2,69,,331218,10,0,8,2,32,,331229,10,0,8,1,73,,331207,10,0,8,2,73,,331219,10,0,8,1,27,,331230,10,0,8,1,30,,331208,10,0,8,2,70,,331220,10,0,8,1,29,,331231,10,0,8,1,70,,331209,10,0,8,2,30,,331221,10,0,8,1,70,,331232,10,0,8,1,30,,331210,10,0,8,2,70,,331222,10,0,8,1,30,,331233,10,0,8,1,70,,331211,10,0,8,2,30,,331223,10,0,8,1,71,,331234,10,0,8,1,31,,331212,12,0,8,2,69,,331224,12,0,8,1,29,,331235,12,0,8,1,69,,331213,12,0,8,2,29,,331225,12,0,8,1,68,,331236,12,0,8,1,29,,331214,10,0,8,2,70,,331226,10,0,8,1,30,,331237,10,0,8,1,70,,331215,10,0,8,2,31,,331227,10,0,8,1,71,,331238,10,0,8,1,31,,331216,10,0,8,2,70,,331203,10,0,8,1,29,,331239,10,0,8,1,69,,331217,10,0,8,2,29,,331204,10,0,8,1,74,,331202,10,0,8,1,75,,331205,10,0,8,1
16603,'H50S100F-80-F1',905,,331240,10,0,8,2,33,,331258,10,0,8,1,71,,331241,10,0,8,2,31,,331259,10,0,8,1,71,,331242,10,0,8,2,32,,331260,10,0,8,1,73,,331243,10,0,8,2,33,,331261,10,0,8,1,73,,331244,10,0,8,2,30,,331254,10,0,8,1,68,,331262,10,0,8,1,28,,331245,10,0,8,2,68,,331255,10,0,8,1,28,,331263,10,0,8,1,68,,331246,10,0,8,2,28,,331256,10,0,8,1,68,,331264,10,0,8,1,28,,331247,10,0,8,2,69,,331257,10,0,8,1,30,,331265,10,0,8,1,72,,331248,10,0,8,2,32,,331266,10,0,8,1,72,,331249,10,0,8,2,32,,331267,10,0,8,1,74,,331250,10,0,8,2,36,,331268,10,0,8,1,77,,331251,10,0,8,2,77,,331269,10,0,8,1,37,,331252,10,0,8,2,77,,331270,10,0,8,1,84,,331253,10,0,8,2
16603,'H50S200F-80-F2',905,,331271,10,0,8,2,33,,331289,10,0,8,1,71,,331272,10,0,8,2,31,,331290,10,0,8,1,71,,331273,10,0,8,2,32,,331291,10,0,8,1,73,,331274,10,0,8,2,33,,331292,10,0,8,1,73,,331275,10,0,8,2,30,,331285,10,0,8,1,68,,331293,10,0,8,1,28,,331276,10,0,8,2,68,,331286,10,0,8,1,28,,331294,10,0,8,1,68,,331277,10,0,8,2,28,,331287,10,0,8,1,68,,331295,10,0,8,1,28,,331278,10,0,8,2,69,,331288,10,0,8,1,30,,331296,10,0,8,1,72,,331279,10,0,8,2,32,,331297,10,0,8,1,72,,331280,10,0,8,2,32,,331298,10,0,8,1,74,,331281,10,0,8,2,36,,331299,10,0,8,1,77,,331282,10,0,8,2,77,,331300,10,0,8,1,37,,331283,10,0,8,2,77,,331301,10,0,8,1,84,,331284,10,0,8,2
36903,'H50S000A-82-A',2541,,346958,14,0,8,2,70,,346961,14,0,8,1,17,,346952,14,0,8,1,12,,346953,14,0,8,1,11,,346956,14,0,8,1,50,,346959,14,0,8,2,11,,346962,14,0,8,1,13,,346964,14,0,8,2,16,,346954,14,0,8,1,17,,346957,14,0,8,1,54,,346960,14,0,8,2,13,,346963,14,0,8,1,14,,346955,14,0,8,1
36903,'H50S000I-82-I',2542,,346969,14,0,8,1,85,,346967,14,0,8,2,78,,346966,14,0,8,2,24,,346970,14,0,8,1,25,,346968,14,0,8,2,84,,346965,14,0,8,2
36903,'H50S000S-82-S',2542,,346974,14,0,8,1,12,,346971,14,0,8,1,66,,346977,14,0,8,1,22,,346975,14,0,8,1,79,,346972,14,0,8,1,80,,346976,14,0,8,1,37,,346973,14,0,8,1
36903,'H50S000S-82-SV',2606,,346978,14,0,8,2,23,,346979,14,0,8,2,72,,346981,14,0,8,2,40,,346980,14,0,8,2
36903,'H50S100F-80-F1',2542,,346986,14,0,8,1,85,,346984,14,0,8,2,78,,346983,14,0,8,2,24,,346987,14,0,8,1,25,,346985,14,0,8,2,84,,346982,14,0,8,2
36903,'H50S200F-80-F2',2542,,346992,14,0,8,1,85,,346990,14,0,8,2,78,,346989,14,0,8,2,24,,346993,14,0,8,1,25,,346991,14,0,8,2,84,,346988,14,0,8,2
