23002,'H60S000A-80-A',544,,345756,38,0,10,1,70,,345782,38,0,10,2,31,,345769,38,0,10,1,72,,345757,38,0,10,1,31,,345783,38,0,10,2,71,,345770,38,0,10,1,31,,345758,38,0,10,1,72,,345784,38,0,10,2,31,,345771,38,0,10,1,71,,345759,38,0,10,1,33,,345785,38,0,10,2,73,,345772,38,0,10,1,71,,345760,38,0,10,1,33,,345786,38,0,10,2,73,,345773,38,0,10,1,31,,345761,38,0,10,1,73,,345787,38,0,10,2,33,,345774,38,0,10,1,73,,345762,38,0,10,1,33,,345788,38,0,10,2,73,,345775,38,0,10,1,33,,345763,38,0,10,1,73,,345789,38,0,10,2,72,,345776,38,0,10,1,33,,345764,38,0,10,1,72,,345790,38,0,10,2,32,,345777,38,0,10,1,72,,345765,38,0,10,1,30,,345791,38,0,10,2,72,,345778,38,0,10,1,32,,345766,38,0,10,1,70,,345792,38,0,10,2,32,,345779,38,0,10,1,72,,345767,38,0,10,1,30,,345793,38,0,10,2,71,,345780,38,0,10,1,31,,345768,38,0,10,1,71,,345794,38,0,10,2,31,,345781,38,0,10,1
23002,'H60S000I-81-I',542,,345795,38,0,10,1,70,,345821,38,0,10,2,31,,345808,38,0,10,1,72,,345796,38,0,10,1,31,,345822,38,0,10,2,71,,345809,38,0,10,1,31,,345797,38,0,10,1,71,,345823,38,0,10,2,31,,345810,38,0,10,1,72,,345798,38,0,10,1,30,,345824,38,0,10,2,72,,345811,38,0,10,1,30,,345799,38,0,10,1,70,,345825,38,0,10,2,32,,345812,38,0,10,1,70,,345800,38,0,10,1,30,,345826,38,0,10,2,72,,345813,38,0,10,1,30,,345801,38,0,10,1,72,,345827,38,0,10,2,73,,345814,38,0,10,1,30,,345802,38,0,10,1,72,,345828,38,0,10,2,33,,345815,38,0,10,1,70,,345803,38,0,10,1,31,,345829,38,0,10,2,71,,345816,38,0,10,1,29,,345804,38,0,10,1,70,,345830,38,0,10,2,31,,345817,38,0,10,1,69,,345805,38,0,10,1,30,,345831,38,0,10,2,70,,345818,38,0,10,1,30,,345806,38,0,10,1,70,,345832,38,0,10,2,32,,345819,38,0,10,1,73,,345807,38,0,10,1,33,,345833,38,0,10,2,73,,345820,38,0,10,1
23002,'H60S000S-83-S',541,,345834,38,0,10,2,67,,345850,38,0,10,1,26,,345860,41,0,99 94,1,15,,345848,38,0,10,2,52,,345841,38,0,10,2,15,,345868,41,0,99 94,1,9,,345881,38,0,10,2,13,,345879,41,0,99 94,2,12,,345835,38,0,10,2,56,,345880,41,0,99 94,2,14,,345861,38,0,10,1,17,,345849,41,0,99 94,2,16,,345842,38,0,10,2,60,,345869,41,0,99 94,1,28,,345836,38,0,10,2,69,,345862,38,0,10,1,30,,345843,38,0,10,2,67,,345870,38,0,10,1,30,,345837,38,0,10,2,70,,345863,38,0,10,1,30,,345844,38,0,10,2,70,,345871,38,0,10,1,30,,345838,38,0,10,2,70,,345864,38,0,10,1,32,,345845,38,0,10,2,74,,345872,38,0,10,1,25,,345839,38,0,10,2,66,,345865,38,0,10,1,23,,345846,38,0,10,2,21,,345882,38,0,10,1,56,,345873,38,0,10,1,15,,345884,38,0,10,2,18,,345840,38,0,10,2,14,,345866,38,0,10,1,54,,345851,38,0,10,1,15,,345847,38,0,10,2,16,,345883,38,0,10,1,17,,345874,38,0,10,1,60,,345856,38,0,10,1,23,,345867,38,0,10,1,23,,345852,38,0,10,1,71,,345875,38,0,10,1,73,,345857,38,0,10,1,33,,345853,38,0,10,1,71,,345876,38,0,10,1,32,,345858,38,0,10,1,72,,345854,38,0,10,1,33,,345877,38,0,10,1,73,,345859,38,0,10,1,33,,345855,38,0,10,1,73,,345878,38,0,10,1
23002,'H60S100F-80-F1',542,,345885,38,0,10,1,70,,345909,38,0,10,2,31,,345896,38,0,10,1,72,,345886,38,0,10,1,31,,345910,38,0,10,2,71,,345897,38,0,10,1,31,,345887,38,0,10,1,71,,345911,38,0,10,2,31,,345898,38,0,10,1,72,,345888,38,0,10,1,30,,345912,38,0,10,2,72,,345899,38,0,10,1,30,,345889,38,0,10,1,70,,345913,38,0,10,2,32,,345900,38,0,10,1,70,,345890,38,0,10,1,30,,345914,38,0,10,2,72,,345901,38,0,10,1,30,,345891,38,0,10,1,72,,345915,38,0,10,2,73,,345902,38,0,10,1,30,,345892,38,0,10,1,72,,345916,38,0,10,2,33,,345903,38,0,10,1,70,,345893,38,0,10,1,31,,345917,38,0,10,2,71,,345904,38,0,10,1,29,,345894,38,0,10,1,70,,345918,38,0,10,2,31,,345905,38,0,10,1,69,,345895,38,0,10,1,30,,345919,38,0,10,2,70,,345906,38,0,10,1,30,,345922,38,0,10,1,70,,345920,38,0,10,2,32,,345907,38,0,10,1,73,,345923,38,0,10,1,33,,345921,38,0,10,2,73,,345908,38,0,10,1
23002,'H60S200F-80-F2',542,,345924,38,0,10,1,70,,345948,38,0,10,2,31,,345935,38,0,10,1,72,,345925,38,0,10,1,31,,345949,38,0,10,2,71,,345936,38,0,10,1,31,,345926,38,0,10,1,71,,345950,38,0,10,2,31,,345937,38,0,10,1,72,,345927,38,0,10,1,30,,345951,38,0,10,2,72,,345938,38,0,10,1,30,,345928,38,0,10,1,70,,345952,38,0,10,2,32,,345939,38,0,10,1,70,,345929,38,0,10,1,30,,345953,38,0,10,2,72,,345940,38,0,10,1,30,,345930,38,0,10,1,72,,345954,38,0,10,2,73,,345941,38,0,10,1,30,,345931,38,0,10,1,72,,345955,38,0,10,2,33,,345942,38,0,10,1,70,,345932,38,0,10,1,31,,345956,38,0,10,2,71,,345943,38,0,10,1,29,,345933,38,0,10,1,70,,345957,38,0,10,2,31,,345944,38,0,10,1,69,,345934,38,0,10,1,30,,345958,38,0,10,2,70,,345945,38,0,10,1,30,,345961,38,0,10,1,70,,345959,38,0,10,2,32,,345946,38,0,10,1,73,,345962,38,0,10,1,33,,345960,38,0,10,2,73,,345947,38,0,10,1
37602,'H60S000A-80-A',2657,,347234,29,0,10,1,85,,347232,29,0,10,1,85,,347235,29,0,10,1,85,,347233,29,0,10,1
37602,'H60S000I-81-I',2614,,347237,29,0,10,1,86,,347240,29,0,10,1,44,,347236,29,0,10,1,85,,347239,29,0,10,1,84,,347238,29,0,10,1
37602,'H60S000S-83-S',2613,,347242,29,0,10,1,45,,347245,29,0,10,1,86,,347241,29,0,10,2,84,,347244,29,0,10,1,85,,347243,29,0,10,1
37602,'H60S100F-80-F1',2614,,347249,29,0,10,1,86,,347247,29,0,10,1,44,,347248,29,0,10,1,85,,347246,29,0,10,1,84,,347250,29,0,10,1
37602,'H60S200F-80-F2',2614,,347254,29,0,10,1,86,,347252,29,0,10,1,44,,347253,29,0,10,1,85,,347251,29,0,10,1,84,,347255,29,0,10,1
38201,'H60S000A-80-A',2609,,347353,25,0,5,1,45,,347355,25,0,5,1,85,,347354,25,0,5,1,85,,347356,25,0,5,1
38201,'H60S000I-81-I',2609,,347357,25,0,5,1,45,,347360,25,0,5,1,85,,347359,25,0,5,1,85,,347358,25,0,5,1
38201,'H60S000S-83-S',2605,,347362,25,0,5,1,48,,347363,25,0,5,1,85,,347361,25,0,5,2,85,,347364,25,0,5,1
38201,'H60S100F-80-F1',2609,,347366,25,0,5,2,45,,347368,25,0,5,1,85,,347367,25,0,5,1,85,,347365,25,0,5,1
38201,'H60S200F-80-F2',2609,,347370,25,0,5,2,45,,347372,25,0,5,1,85,,347371,25,0,5,1,85,,347369,25,0,5,1
47002,'H50S000A-82-A',602,,350157,11,0,10,1,30,,350174,11,0,10,2,70,,350182,11,0,10,1,30,,350166,11,0,10,2,70,,350158,11,0,10,1,30,,350175,11,0,10,2,70,,350183,11,0,10,1,30,,350167,11,0,10,2,71,,350159,11,0,10,1,30,,350176,11,0,10,2,70,,350184,11,0,10,1,30,,350168,11,0,10,2,70,,350160,11,0,10,1,31,,350177,11,0,10,2,71,,350185,11,0,10,1,30,,350169,11,0,10,2,71,,350161,11,0,10,1,31,,350178,11,0,10,2,71,,350186,11,0,10,1,32,,350170,11,0,10,2,72,,350162,11,0,10,1,32,,350179,11,0,10,2,71,,350187,11,0,10,1,30,,350171,11,0,10,2,71,,350163,11,0,10,1,29,,350180,11,0,10,2,67,,350188,11,0,10,1,29,,350172,11,0,10,2,69,,350164,11,0,10,1,29,,350181,11,0,10,2,68,,350189,11,0,10,1,28,,350173,11,0,10,2,68,,350165,11,0,10,1
47002,'H50S000I-82-I',601,,350214,11,0,10,1,30,,350198,11,0,10,2,70,,350206,11,0,10,1,31,,350190,11,0,10,2,70,,350215,11,0,10,1,30,,350199,11,0,10,2,70,,350207,11,0,10,1,30,,350191,11,0,10,2,70,,350216,11,0,10,1,30,,350200,11,0,10,2,71,,350208,11,0,10,1,30,,350192,11,0,10,2,70,,350217,11,0,10,1,30,,350201,11,0,10,2,69,,350209,11,0,10,1,30,,350193,11,0,10,2,71,,350218,11,0,10,1,30,,350202,11,0,10,2,71,,350210,11,0,10,1,30,,350194,11,0,10,2,70,,350219,11,0,10,1,30,,350203,11,0,10,2,71,,350211,11,0,10,1,31,,350195,11,0,10,2,71,,350220,11,0,10,1,30,,350204,11,0,10,2,70,,350212,11,0,10,1,29,,350196,11,0,10,2,70,,350221,11,0,10,1,30,,350205,11,0,10,2,67,,350213,11,0,10,1,29,,350197,11,0,10,2,69,,350222,11,0,10,1
47002,'H50S000S-82-S',531,,350237,11,0,10,2,69,,350226,11,0,10,1,30,,350228,11,0,10,2,70,,350263,11,0,10,2,20,,350265,11,0,10,1,19,,350238,11,0,10,2,19,,350227,11,0,10,1,58,,350255,11,0,10,1,20,,350229,11,0,10,2,22,,350248,11,0,10,1,64,,350224,11,0,10,1,25,,350239,11,0,10,2,67,,350256,11,0,10,1,28,,350230,11,0,10,2,68,,350249,11,0,10,1,28,,350240,11,0,10,2,69,,350257,11,0,10,1,30,,350231,11,0,10,2,70,,350250,11,0,10,1,26,,350241,11,0,10,2,18,,350264,11,0,10,2,58,,350258,11,0,10,1,18,,350266,11,0,10,1,19,,350232,11,0,10,2,58,,350251,11,0,10,1,16,,350223,11,0,10,1,16,,350242,11,0,10,2,12,,350225,11,0,10,1,52,,350246,11,0,10,2,11,,350259,11,0,10,1,11,,350247,11,0,10,2,11,,350267,11,0,10,1,20,,350233,11,0,10,2,65,,350252,11,0,10,1,13,,350268,11,0,10,1,12,,350243,11,0,10,2,73,,350260,11,0,10,1,36,,350234,11,0,10,2,67,,350253,11,0,10,1,21,,350244,11,0,10,2,70,,350261,11,0,10,1,30,,350235,11,0,10,2,68,,350254,11,0,10,1,30,,350245,11,0,10,2,70,,350262,11,0,10,1,28,,350236,11,0,10,2
47002,'H50S100F-80-F1',601,,350293,11,0,10,1,30,,350277,11,0,10,2,70,,350285,11,0,10,1,31,,350269,11,0,10,2,70,,350294,11,0,10,1,30,,350278,11,0,10,2,70,,350286,11,0,10,1,30,,350270,11,0,10,2,70,,350295,11,0,10,1,30,,350279,11,0,10,2,71,,350287,11,0,10,1,30,,350271,11,0,10,2,70,,350296,11,0,10,1,30,,350280,11,0,10,2,69,,350288,11,0,10,1,30,,350272,11,0,10,2,71,,350297,11,0,10,1,30,,350281,11,0,10,2,71,,350289,11,0,10,1,30,,350273,11,0,10,2,70,,350298,11,0,10,1,30,,350282,11,0,10,2,71,,350290,11,0,10,1,31,,350274,11,0,10,2,71,,350299,11,0,10,1,30,,350283,11,0,10,2,70,,350291,11,0,10,1,29,,350275,11,0,10,2,70,,350300,11,0,10,1,30,,350284,11,0,10,2,67,,350292,11,0,10,1,29,,350276,11,0,10,2,69,,350301,11,0,10,1
47002,'H50S200F-80-F2',601,,350326,11,0,10,1,30,,350310,11,0,10,2,70,,350318,11,0,10,1,31,,350302,11,0,10,2,70,,350327,11,0,10,1,30,,350311,11,0,10,2,70,,350319,11,0,10,1,30,,350303,11,0,10,2,70,,350328,11,0,10,1,30,,350312,11,0,10,2,71,,350320,11,0,10,1,30,,350304,11,0,10,2,70,,350329,11,0,10,1,30,,350313,11,0,10,2,69,,350321,11,0,10,1,30,,350305,11,0,10,2,71,,350330,11,0,10,1,30,,350314,11,0,10,2,71,,350322,11,0,10,1,30,,350306,11,0,10,2,70,,350331,11,0,10,1,30,,350315,11,0,10,2,71,,350323,11,0,10,1,31,,350307,11,0,10,2,71,,350332,11,0,10,1,30,,350316,11,0,10,2,70,,350324,11,0,10,1,29,,350308,11,0,10,2,70,,350333,11,0,10,1,30,,350317,11,0,10,2,67,,350325,11,0,10,1,29,,350309,11,0,10,2,69,,350334,11,0,10,1
47002,'H60S000S-83-S',1643,,350339,11,0,10,2,62,,350335,11,0,10,2,49,,350340,11,0,10,2,51,,350337,11,0,10,1,22,,350336,11,0,10,1,11,,350338,11,0,10,2,69,,350341,11,0,10,2
