2503,'H51S000S-81-S',731,,292233,21,0,8,2
2503,'H57S000S-80-S',740,,292235,21,0,8,1,10,,292244,21,0,8,1,7,,292234,21,0,8,1,58,,292251,21,0,8,2,16,,292243,21,0,8,2,16,,292236,21,0,8,1,58,,292245,21,0,8,1,22,,292252,21,0,8,2,23,,292237,21,0,8,1,67,,292246,21,0,8,1,30,,292238,21,0,8,1,70,,292247,21,0,8,1,29,,292239,21,0,8,1,71,,292248,21,0,8,1,29,,292240,21,0,8,1,71,,292249,21,0,8,1,29,,292241,21,0,8,1,71,,292250,21,0,8,1,31,,292242,21,0,8,1,70,,292253,21,0,8,2,30,,292254,21,0,8,2,71,,292261,21,0,8,1,31,,292260,21,0,8,1,71,,292255,21,0,8,1,30,,292262,21,0,8,1,70,,292256,21,0,8,1,29,,292263,21,0,8,1,71,,292257,21,0,8,1,30,,292264,21,0,8,1,67,,292258,21,0,8,1,26,,292265,21,0,8,1,66,,292259,21,0,8,1,26,,292266,21,0,8,1
19702,'H51S000A-80-A',554,,338805,36,0,10,2,72,,338813,36,0,10,1,33,,338806,36,0,10,2,69,,338821,36,0,10,1,29,,338814,36,0,10,1,68,,338807,36,0,10,2,30,,338822,36,0,10,1,68,,338815,36,0,10,1,28,,338808,36,0,10,2,63,,338823,36,0,10,1,25,,338828,36,0,10,2,63,,338816,36,0,10,1,23,,338809,36,0,10,2,22,,338824,36,0,10,1,56,,338833,36,0,10,2,16,,338829,36,0,10,2,16,,338834,36,0,10,1,15,,338810,36,0,10,2,55,,338836,36,0,10,2,16,,338825,36,0,10,1,16,,338839,36,0,10,2,18,,338830,36,0,10,2,58,,338837,36,0,10,2,19,,338811,36,0,10,2,19,,338826,36,0,10,1,59,,338831,36,0,10,2,19,,338840,36,0,10,2,19,,338838,36,0,10,2,59,,338812,36,0,10,2,20,,338827,36,0,10,1,23,,338832,36,0,10,2,64,,338841,36,0,10,2,24,,338847,36,0,10,1,68,,338835,36,0,10,2,28,,338842,36,0,10,2,25,,338848,36,0,10,1,66,,338817,36,0,10,1,27,,338843,36,0,10,2,64,,338849,36,0,10,1,26,,338818,36,0,10,1,66,,338844,36,0,10,2,27,,338850,36,0,10,1,66,,338819,36,0,10,1,28,,338845,36,0,10,2,28,,338851,36,0,10,1,69,,338820,36,0,10,1,33,,338846,36,0,10,2,68,,338853,36,0,10,2,76,,338852,36,0,10,1,34,,338854,36,0,10,2
19702,'H51S000I-80-I',554,,338865,36,0,10,1,72,,338855,36,0,10,1,32,,338866,36,0,10,1,72,,338856,36,0,10,1,75,,338867,36,0,10,1,32,,338857,36,0,10,1,72,,338868,36,0,10,2,32,,338874,36,0,10,2,62,,338877,36,0,10,1,22,,338858,36,0,10,1,27,,338869,36,0,10,2,67,,338875,36,0,10,2,27,,338859,36,0,10,1,68,,338870,36,0,10,2,26,,338878,36,0,10,2,62,,338876,36,0,10,2,22,,338860,36,0,10,1,22,,338871,36,0,10,2,60,,338885,36,0,10,2,20,,338879,36,0,10,2,28,,338861,36,0,10,1,68,,338872,36,0,10,2,28,,338880,36,0,10,2,68,,338862,36,0,10,1,30,,338873,36,0,10,2,68,,338881,36,0,10,2,28,,338863,36,0,10,1,66,,338890,36,0,10,1,28,,338882,36,0,10,2,68,,338886,36,0,10,2,26,,338891,36,0,10,1,69,,338883,36,0,10,2,29,,338887,36,0,10,2,29,,338892,36,0,10,1,70,,338884,36,0,10,2,72,,338888,36,0,10,2,32,,338893,36,0,10,1,73,,338895,36,0,10,2,29,,338889,36,0,10,2,71,,338894,36,0,10,1,31,,338896,36,0,10,2,71,,338864,36,0,10,1
19702,'H51S000S-81-S',522,,338897,36,0,10,2,26,,338901,36,0,10,1,59,,338900,36,0,10,1,13,,338905,36,0,10,2,15,,338898,36,0,10,2,67,,338914,36,0,10,2,9,,338915,36,0,10,2,9,,338902,36,0,10,1,6,,338919,36,0,10,2,8,,338926,36,0,10,2,6,,338933,36,0,10,2,6,,338906,36,0,10,2,9,,338913,36,0,10,2,4,,338950,17,0,10,2,46,,338935,36,0,10,2,4,,338917,36,0,10,2,5,,338899,36,0,10,2,3,,338942,36,0,10,2,4,,338943,36,0,10,2,5,,338918,36,0,10,2,5,,338936,36,0,10,2,6,,338907,36,0,10,2,6,,338932,36,0,10,2,10,,338916,36,0,10,2,48,,338903,36,0,10,1,12,,338949,36,0,10,1,10,,338920,36,0,10,2,10,,338934,36,0,10,2,9,,338951,36,0,10,2,11,,338927,36,0,10,1,53,,338944,36,0,10,2,17,,338937,36,0,10,2,19,,338904,36,0,10,1,60,,338921,36,0,10,2,20,,338945,36,0,10,2,20,,338928,36,0,10,1,60,,338938,36,0,10,2,20,,338952,36,0,10,1,20,,338922,36,0,10,2,60,,338946,36,0,10,2,20,,338939,36,0,10,2,20,,338929,36,0,10,1,61,,338953,36,0,10,1,20,,338923,36,0,10,2,22,,338940,36,0,10,2,60,,338947,36,0,10,2,24,,338930,36,0,10,1,20,,338954,36,0,10,1,60,,338924,36,0,10,2,20,,338941,36,0,10,2,22,,338948,36,0,10,2,60,,338931,36,0,10,1,20,,338955,36,0,10,1,20,,338925,36,0,10,2,60,,338964,36,0,10,2,22,,338908,36,0,10,1,67,,338956,36,0,10,1,28,,338960,36,0,10,2,26,,338909,36,0,10,1,68,,338957,36,0,10,1,30,,338961,36,0,10,2,70,,338910,36,0,10,1,30,,338958,36,0,10,1,70,,338962,36,0,10,2,30,,338911,36,0,10,1,69,,338959,36,0,10,1,20,,338966,36,0,10,2,17,,338965,36,0,10,1,75,,338912,36,0,10,1,74,,338963,36,0,10,2
19702,'H51S100F-80-F1',554,,338968,36,0,10,1,72,,338982,36,0,10,1,32,,338969,36,0,10,1,72,,338983,36,0,10,1,75,,338970,36,0,10,1,32,,338984,36,0,10,1,72,,338976,36,0,10,2,32,,338972,36,0,10,2,62,,338971,36,0,10,1,22,,338985,36,0,10,1,27,,338977,36,0,10,2,67,,338973,36,0,10,2,27,,338986,36,0,10,1,68,,338978,36,0,10,2,26,,338991,36,0,10,2,62,,338974,36,0,10,2,22,,338987,36,0,10,1,22,,338979,36,0,10,2,60,,338975,36,0,10,2,20,,338992,36,0,10,2,28,,338988,36,0,10,1,68,,338980,36,0,10,2,28,,338993,36,0,10,2,68,,338989,36,0,10,1,30,,338981,36,0,10,2,68,,338994,36,0,10,2,28,,338990,36,0,10,1,66,,339002,36,0,10,1,28,,338995,36,0,10,2,68,,338998,36,0,10,2,26,,339003,36,0,10,1,69,,338996,36,0,10,2,29,,338999,36,0,10,2,29,,339004,36,0,10,1,70,,338997,36,0,10,2,72,,339000,36,0,10,2,32,,339005,36,0,10,1,73,,339007,36,0,10,2,29,,339001,36,0,10,2,71,,339006,36,0,10,1,31,,339008,36,0,10,2,71,,338967,36,0,10,1
19702,'H51S200F-80-F2',554,,339010,36,0,10,1,72,,339024,36,0,10,1,32,,339011,36,0,10,1,72,,339025,36,0,10,1,75,,339012,36,0,10,1,32,,339026,36,0,10,1,72,,339018,36,0,10,2,32,,339014,36,0,10,2,62,,339013,36,0,10,1,22,,339027,36,0,10,1,27,,339019,36,0,10,2,67,,339015,36,0,10,2,27,,339028,36,0,10,1,68,,339020,36,0,10,2,26,,339033,36,0,10,2,62,,339016,36,0,10,2,22,,339029,36,0,10,1,22,,339021,36,0,10,2,60,,339017,36,0,10,2,20,,339034,36,0,10,2,28,,339030,36,0,10,1,68,,339022,36,0,10,2,28,,339035,36,0,10,2,68,,339031,36,0,10,1,30,,339023,36,0,10,2,68,,339036,36,0,10,2,28,,339032,36,0,10,1,66,,339044,36,0,10,1,28,,339037,36,0,10,2,68,,339040,36,0,10,2,26,,339045,36,0,10,1,69,,339038,36,0,10,2,29,,339041,36,0,10,2,29,,339046,36,0,10,1,70,,339039,36,0,10,2,72,,339042,36,0,10,2,32,,339047,36,0,10,1,73,,339049,36,0,10,2,29,,339043,36,0,10,2,71,,339048,36,0,10,1,31,,339050,36,0,10,2,71,,339009,36,0,10,1
19702,'H57S000S-80-S',651,,339051,36,0,10,1
19702,'H59S000S-80-S',751,,339052,36,0,10,2,6,,339053,36,0,10,1
37002,'H51S000A-80-A',2612,,347054,42,0,10,1,43,,347053,42,0,10,2,83,,347051,42,0,10,1,84,,347052,42,0,10,2,85,,347055,42,0,10,1
37002,'H51S000I-80-I',2523,,347060,42,0,10,1,85,,347056,42,0,10,1,45,,347058,42,0,10,2,85,,347061,42,0,10,1,85,,347057,42,0,10,1,89,,347059,42,0,10,2
37002,'H51S000S-81-S',2523,,347064,42,0,10,1,85,,347062,42,0,10,1,45,,347066,42,0,10,2,85,,347065,42,0,10,1,85,,347063,42,0,10,1,88,,347067,42,0,10,2
37002,'H51S100F-80-F1',2523,,347072,42,0,10,1,85,,347068,42,0,10,1,45,,347070,42,0,10,2,85,,347073,42,0,10,1,85,,347069,42,0,10,1,89,,347071,42,0,10,2
37002,'H51S200F-80-F2',2523,,347078,42,0,10,1,85,,347074,42,0,10,1,45,,347076,42,0,10,2,85,,347079,42,0,10,1,85,,347075,42,0,10,1,89,,347077,42,0,10,2
