18901,'H54S000A-80-A',545,,336280,46,0,5,1,69,,336298,46,0,5,1,29,,336320,46,0,5,1,69,,336281,46,0,5,1,30,,336299,46,0,5,1,72,,336321,46,0,5,1,35,,336291,46,0,5,1,72,,336268,46,0,5,1,31,,336322,46,0,5,1,71,,336292,46,0,5,1,29,,336269,46,0,5,1,71,,336305,46,0,5,1,29,,336293,46,0,5,1,69,,336300,46,0,5,1,28,,336306,46,0,5,1,67,,336277,46,0,5,2,19,,336294,46,0,5,1,19,,336301,46,0,5,1,58,,336272,46,0,5,1,18,,336307,46,0,5,1,18,,336278,46,0,5,2,58,,336295,46,0,5,1,20,,336302,46,0,5,1,20,,336273,46,0,5,1,57,,336308,46,0,5,1,16,,336279,46,0,5,2,16,,336296,46,0,5,1,15,,336303,46,0,5,1,54,,336323,46,0,5,1,14,,336309,46,0,5,1,16,,336314,46,0,5,1,15,,336297,46,0,5,1,54,,336270,46,0,5,2,15,,336304,46,0,5,1,13,,336289,46,0,5,1,14,,336310,46,0,5,1,56,,336282,46,0,5,1,17,,336315,46,0,5,1,17,,336271,46,0,5,2,17,,336311,46,0,5,1,58,,336290,46,0,5,1,19,,336283,46,0,5,1,25,,336316,46,0,5,1,66,,336312,46,0,5,1,26,,336284,46,0,5,1,65,,336274,46,0,5,2,24,,336317,46,0,5,1,24,,336313,46,0,5,1,63,,336285,46,0,5,1,23,,336275,46,0,5,2,63,,336287,46,0,5,2,23,,336318,46,0,5,1,21,,336286,46,0,5,1,65,,336276,46,0,5,2,29,,336288,46,0,5,2,70,,336319,46,0,5,1
18901,'H54S000I-80-I',542,,336329,46,0,5,1,69,,336334,46,0,5,2,32,,336344,46,0,5,1,69,,336330,46,0,5,1,29,,336335,46,0,5,2,69,,336345,46,0,5,1,29,,336331,46,0,5,1,71,,336336,46,0,5,2,33,,336346,46,0,5,1,70,,336332,46,0,5,1,30,,336337,46,0,5,2,71,,336359,46,0,5,2,34,,336333,46,0,5,1,72,,336349,46,0,5,1,30,,336360,46,0,5,2,69,,336361,46,0,5,1,30,,336350,46,0,5,1,69,,336338,46,0,5,2,25,,336362,46,0,5,1,63,,336324,46,0,5,2,23,,336351,46,0,5,1,22,,336339,46,0,5,2,59,,336325,46,0,5,2,18,,336363,46,0,5,1,16,,336347,46,0,5,1,56,,336352,46,0,5,1,17,,336348,46,0,5,2,15,,336340,46,0,5,2,16,,336328,46,0,5,1,55,,336364,46,0,5,1,14,,336327,46,0,5,1,13,,336353,46,0,5,1,17,,336326,46,0,5,1,59,,336341,46,0,5,2,24,,336365,46,0,5,1,29,,336354,46,0,5,1,71,,336342,46,0,5,2,70,,336366,46,0,5,1,30,,336355,46,0,5,1,70,,336343,46,0,5,2,30,,336367,46,0,5,1,70,,336356,46,0,5,1,26,,336370,46,0,5,2,28,,336368,46,0,5,1,68,,336357,46,0,5,1,26,,336371,46,0,5,2,69,,336369,46,0,5,1,32,,336358,46,0,5,1
18901,'H54S000S-80-S',544,,336385,46,0,5,1,72,,336394,46,0,5,2,31,,336372,46,0,5,1,74,,336395,46,0,5,2,35,,336396,46,0,5,2,71,,336386,46,0,5,1,26,,336402,46,0,5,2,69,,336408,46,0,5,2,26,,336397,46,0,5,2,68,,336387,46,0,5,1,30,,336403,46,0,5,2,70,,336373,46,0,5,2,27,,336388,46,0,5,1,62,,336409,46,0,5,2,20,,336404,46,0,5,2,20,,336398,46,0,5,2,59,,336412,46,0,5,1,18,,336389,46,0,5,1,19,,336410,46,0,5,2,59,,336405,46,0,5,2,19,,336399,46,0,5,2,19,,336413,46,0,5,1,19,,336390,46,0,5,1,58,,336411,46,0,5,2,9,,336380,46,0,5,2,14,,336406,46,0,5,2,12,,336400,46,0,5,2,51,,336435,46,0,5,1,11,,336414,46,0,5,1,19,,336375,46,0,5,2,9,,336383,46,0,5,1,12,,336431,46,0,5,2,54,,336415,46,0,5,2,6,,336424,46,0,5,1,7,,336407,46,0,5,2,6,,336392,46,0,5,1,4,,336434,46,0,5,2,7,,336422,46,0,5,2,7,,336436,46,0,5,1,8,,336382,46,0,5,2,7,,336401,46,0,5,2,48,,336432,46,0,5,2,7,,336384,46,0,5,1,7,,336377,46,0,5,1,9,,336425,46,0,5,1,9,,336393,46,0,5,1,11,,336379,46,0,5,2,51,,336437,46,0,5,1,12,,336423,46,0,5,2,14,,336417,46,0,5,2,16,,336433,46,0,5,2,59,,336426,46,0,5,1,19,,336440,46,0,5,1,19,,336438,46,0,5,1,18,,336418,46,0,5,2,57,,336381,46,0,5,2,19,,336427,46,0,5,1,20,,336441,46,0,5,1,60,,336374,46,0,5,2,20,,336419,46,0,5,2,24,,336428,46,0,5,1,65,,336442,46,0,5,1,23,,336378,46,0,5,1,61,,336420,46,0,5,2,23,,336429,46,0,5,1,21,,336439,46,0,5,1,71,,336421,46,0,5,2,30,,336430,46,0,5,1
18901,'H54S100F-80-F1',542,,336448,46,0,5,1,69,,336453,46,0,5,2,32,,336463,46,0,5,1,69,,336449,46,0,5,1,29,,336454,46,0,5,2,69,,336464,46,0,5,1,29,,336450,46,0,5,1,71,,336455,46,0,5,2,33,,336465,46,0,5,1,70,,336451,46,0,5,1,30,,336456,46,0,5,2,71,,336478,46,0,5,2,34,,336452,46,0,5,1,72,,336468,46,0,5,1,30,,336479,46,0,5,2,69,,336480,46,0,5,1,30,,336469,46,0,5,1,69,,336457,46,0,5,2,25,,336481,46,0,5,1,63,,336443,46,0,5,2,23,,336470,46,0,5,1,22,,336458,46,0,5,2,59,,336444,46,0,5,2,18,,336482,46,0,5,1,16,,336466,46,0,5,1,56,,336471,46,0,5,1,17,,336467,46,0,5,2,15,,336459,46,0,5,2,16,,336447,46,0,5,1,55,,336483,46,0,5,1,14,,336446,46,0,5,1,13,,336472,46,0,5,1,17,,336445,46,0,5,1,59,,336460,46,0,5,2,24,,336484,46,0,5,1,29,,336473,46,0,5,1,71,,336461,46,0,5,2,70,,336485,46,0,5,1,30,,336474,46,0,5,1,70,,336462,46,0,5,2,30,,336486,46,0,5,1,70,,336475,46,0,5,1,26,,336489,46,0,5,2,28,,336487,46,0,5,1,68,,336476,46,0,5,1,26,,336490,46,0,5,2,69,,336488,46,0,5,1,32,,336477,46,0,5,1
18901,'H54S200F-80-F2',542,,336496,46,0,5,1,69,,336501,46,0,5,2,32,,336511,46,0,5,1,69,,336497,46,0,5,1,29,,336502,46,0,5,2,69,,336512,46,0,5,1,29,,336498,46,0,5,1,71,,336503,46,0,5,2,33,,336513,46,0,5,1,70,,336499,46,0,5,1,30,,336504,46,0,5,2,71,,336526,46,0,5,2,34,,336500,46,0,5,1,72,,336516,46,0,5,1,30,,336527,46,0,5,2,69,,336528,46,0,5,1,30,,336517,46,0,5,1,69,,336505,46,0,5,2,25,,336529,46,0,5,1,63,,336491,46,0,5,2,23,,336518,46,0,5,1,22,,336506,46,0,5,2,59,,336492,46,0,5,2,18,,336530,46,0,5,1,16,,336514,46,0,5,1,56,,336519,46,0,5,1,17,,336515,46,0,5,2,15,,336507,46,0,5,2,16,,336495,46,0,5,1,55,,336531,46,0,5,1,14,,336494,46,0,5,1,13,,336520,46,0,5,1,17,,336493,46,0,5,1,59,,336508,46,0,5,2,24,,336532,46,0,5,1,29,,336521,46,0,5,1,71,,336509,46,0,5,2,70,,336533,46,0,5,1,30,,336522,46,0,5,1,70,,336510,46,0,5,2,30,,336534,46,0,5,1,70,,336523,46,0,5,1,26,,336537,46,0,5,2,28,,336535,46,0,5,1,68,,336524,46,0,5,1,26,,336538,46,0,5,2,69,,336536,46,0,5,1,32,,336525,46,0,5,1
18901,'H59S000S-80-S',1622,,336539,46,0,5,2,78,,336540,46,0,5,2
36201,'H54S000A-80-A',2718,,346656,99,0,5,1,85,,346657,99,0,5,2,45,,346659,99,0,5,1,85,,346658,99,0,5,2
36201,'H54S000I-80-I',2634,,346662,99,0,5,2,84,,346660,99,0,5,1,84,,346664,99,0,5,2,45,,346661,99,0,5,1,85,,346663,99,0,5,2
36201,'H54S000S-80-S',2633,,346667,99,0,5,1,85,,346666,99,0,5,1,85,,346665,99,0,5,1,44,,346669,99,0,5,1,85,,346668,99,0,5,1
36201,'H54S100F-80-F1',2634,,346672,99,0,5,2,84,,346670,99,0,5,1,84,,346674,99,0,5,2,45,,346671,99,0,5,1,85,,346673,99,0,5,2
36201,'H54S200F-80-F2',2634,,346677,99,0,5,2,84,,346675,99,0,5,1,84,,346679,99,0,5,2,45,,346676,99,0,5,1,85,,346678,99,0,5,2
48701,'H54S000S-80-S',1530,,350433,26,0,99 125,2,73,,350427,26,0,99 125,2,32,,350438,26,0,99 125,2,18,,350435,26,0,99 125,1,53,,350434,26,0,99 125,2,14,,350440,26,0,99 125,2,17,,350423,26,0,99 125,1,17,,350426,26,0,99 125,1,55,,350424,26,0,99 125,2,22,,350436,26,0,99 125,1,69,,350428,26,0,99 125,2,28,,350425,26,0,99 125,2,26,,350437,26,0,99 125,1
