12304,'H56S000A-80-A',606,,321866,19,0,9,1,31,,321885,19,0,9,1,71,,321867,19,0,9,1,32,,321886,19,0,9,1,73,,321868,19,0,9,1,33,,321887,19,0,9,1,73,,321869,19,0,9,1,33,,321888,19,0,9,1,73,,321870,19,0,9,1,33,,321889,19,0,9,1,72,,321871,19,0,9,1,72,,321890,19,0,9,1,32,,321872,19,0,9,1,70,,321877,19,0,9,1,28,,321891,19,0,9,1,68,,321873,19,0,9,1,27,,321878,19,0,9,1,28,,321892,19,0,9,1,68,,321874,19,0,9,1,30,,321879,19,0,9,1,70,,321893,19,0,9,1,29,,321875,19,0,9,1,69,,321880,19,0,9,1,29,,321894,19,0,9,1,69,,321876,19,0,9,1,30,,321881,19,0,9,1,71,,321895,19,0,9,1,31,,321882,19,0,9,1,72,,321896,19,0,9,1,32,,321883,19,0,9,1,72,,321897,19,0,9,1,32,,321884,19,0,9,1,72,,321898,19,0,9,1,72,,321901,19,0,9,1,30,,321899,19,0,9,1,72,,321902,19,0,9,1,31,,321900,19,0,9,1
12304,'H56S000I-80-I',603,,321903,19,0,9,1,32,,321921,19,0,9,1,71,,321904,19,0,9,1,32,,321922,19,0,9,1,73,,321905,19,0,9,1,33,,321923,19,0,9,1,73,,321906,19,0,9,1,34,,321924,19,0,9,1,73,,321907,19,0,9,1,34,,321925,19,0,9,1,75,,321908,19,0,9,1,74,,321926,19,0,9,1,35,,321909,19,0,9,1,76,,321927,19,0,9,1,36,,321910,19,0,9,1,76,,321928,19,0,9,1,76,,321911,19,0,9,1,35,,321929,19,0,9,1,75,,321912,19,0,9,1,35,,321930,19,0,9,1,75,,321913,19,0,9,1,74,,321931,19,0,9,1,35,,321914,19,0,9,1,73,,321932,19,0,9,1,34,,321915,19,0,9,1,72,,321933,19,0,9,1,33,,321916,19,0,9,1,72,,321934,19,0,9,1,33,,321917,19,0,9,1,72,,321935,19,0,9,1,32,,321918,19,0,9,1,72,,321936,19,0,9,1,30,,321919,19,0,9,1,72,,321937,19,0,9,1,70,,321920,19,0,9,1
12304,'H56S000S-82-S',546,,321955,19,0,9,1,73,,321948,19,0,9,1,19,,321974,19,0,9,2,20,,321956,19,0,9,1,75,,321949,19,0,9,1,71,,321975,19,0,9,2,31,,321957,19,0,9,1,68,,321950,19,0,9,1,27,,321952,19,0,9,1,28,,321958,19,0,9,1,71,,321951,19,0,9,1,71,,321953,19,0,9,1,30,,321959,19,0,9,1,74,,321971,19,0,9,1,33,,321938,19,0,9,1,72,,321961,19,0,9,1,32,,321962,19,0,9,1,72,,321954,19,0,9,1,33,,321960,19,0,9,1,74,,321972,19,0,9,1,36,,321963,19,0,9,2,73,,321966,19,0,9,2,73,,321973,19,0,9,1,33,,321964,19,0,9,2,70,,321967,19,0,9,2,32,,321941,19,0,9,1,70,,321965,19,0,9,2,30,,321968,19,0,9,2,71,,321942,19,0,9,1,31,,321939,19,0,9,2,71,,321969,19,0,9,2,31,,321943,19,0,9,1,70,,321940,19,0,9,2,30,,321970,19,0,9,2,70,,321944,19,0,9,1,31,,321946,19,0,9,2,72,,321945,19,0,9,1,33,,321947,19,0,9,2
12304,'H56S100F-80-F1',603,,321976,19,0,9,1,32,,321994,19,0,9,1,71,,321977,19,0,9,1,32,,321995,19,0,9,1,73,,321978,19,0,9,1,33,,321996,19,0,9,1,73,,321979,19,0,9,1,34,,321997,19,0,9,1,73,,321980,19,0,9,1,34,,321998,19,0,9,1,75,,321981,19,0,9,1,74,,321999,19,0,9,1,35,,321982,19,0,9,1,76,,322000,19,0,9,1,36,,321983,19,0,9,1,76,,322001,19,0,9,1,76,,321984,19,0,9,1,35,,322002,19,0,9,1,75,,321985,19,0,9,1,35,,322003,19,0,9,1,75,,321986,19,0,9,1,74,,322004,19,0,9,1,35,,321987,19,0,9,1,73,,322005,19,0,9,1,34,,321988,19,0,9,1,72,,322006,19,0,9,1,33,,321989,19,0,9,1,72,,322007,19,0,9,1,33,,321990,19,0,9,1,72,,322008,19,0,9,1,32,,321991,19,0,9,1,72,,322009,19,0,9,1,30,,321992,19,0,9,1,72,,322010,19,0,9,1,70,,321993,19,0,9,1
12304,'H56S200F-80-F2',603,,322011,19,0,9,1,32,,322029,19,0,9,1,71,,322012,19,0,9,1,32,,322030,19,0,9,1,73,,322013,19,0,9,1,33,,322031,19,0,9,1,73,,322014,19,0,9,1,34,,322032,19,0,9,1,73,,322015,19,0,9,1,34,,322033,19,0,9,1,75,,322016,19,0,9,1,74,,322034,19,0,9,1,35,,322017,19,0,9,1,76,,322035,19,0,9,1,36,,322018,19,0,9,1,76,,322036,19,0,9,1,76,,322019,19,0,9,1,35,,322037,19,0,9,1,75,,322020,19,0,9,1,35,,322038,19,0,9,1,75,,322021,19,0,9,1,74,,322039,19,0,9,1,35,,322022,19,0,9,1,73,,322040,19,0,9,1,34,,322023,19,0,9,1,72,,322041,19,0,9,1,33,,322024,19,0,9,1,72,,322042,19,0,9,1,33,,322025,19,0,9,1,72,,322043,19,0,9,1,32,,322026,19,0,9,1,72,,322044,19,0,9,1,30,,322027,19,0,9,1,72,,322045,19,0,9,1,70,,322028,19,0,9,1
35002,'H56S000A-80-A',2614,,345988,80,0,10,1,41,,345997,80,0,10,1,67,,346000,80,0,10,1,17,,346002,80,0,10,2,11,,345995,80,0,10,1,50,,345994,80,0,10,2,10,,345992,80,0,10,1,10,,345993,80,0,10,1,10,,345989,80,0,10,1,10,,345990,80,0,10,2,11,,345999,80,0,10,2,50,,345996,80,0,10,1,10,,345998,80,0,10,1,10,,345991,80,0,10,1,14,,346001,80,0,10,1
35002,'H56S000I-80-I',2605,,346008,80,0,10,1,28,,346003,80,0,10,1,26,,346005,80,0,10,1,67,,346010,80,0,10,2,27,,346007,80,0,10,1,66,,346009,80,0,10,1,26,,346004,80,0,10,2,66,,346006,80,0,10,1
35002,'H56S000S-82-S',2609,,346012,80,0,10,1,45,,346016,80,0,10,2,94,,346015,80,0,10,1,84,,346013,80,0,10,1,69,,346014,80,0,10,1,15,,346011,80,0,10,1
35002,'H56S100F-80-F1',2605,,346022,80,0,10,1,28,,346017,80,0,10,1,26,,346019,80,0,10,1,67,,346024,80,0,10,2,27,,346021,80,0,10,1,66,,346023,80,0,10,1,26,,346018,80,0,10,2,66,,346020,80,0,10,1
35002,'H56S200F-80-F2',2605,,346030,80,0,10,1,28,,346025,80,0,10,1,26,,346027,80,0,10,1,67,,346032,80,0,10,2,27,,346029,80,0,10,1,66,,346031,80,0,10,1,26,,346026,80,0,10,2,66,,346028,80,0,10,1
