4504,'H57S000S-80-S',741,,298908,22,0,9,1,202,,298909,22,0,9,1,586,,298910,22,0,9,1,85,,298913,22,0,9,1,22,,298912,22,0,9,1,107,,298911,22,0,9,1
4504,'H58S000A-80-A',515,,298914,22,0,9,1,29,,298925,22,0,9,1,70,,298935,22,0,9,2,33,,298915,22,0,9,1,70,,298926,22,0,9,1,32,,298936,22,0,9,2,70,,298916,22,0,9,1,32,,298927,22,0,9,1,70,,298937,22,0,9,2,33,,298917,22,0,9,1,70,,298941,22,0,9,2,28,,298928,22,0,9,1,69,,298938,22,0,9,2,31,,298918,22,0,9,1,70,,298942,22,0,9,2,21,,298929,22,0,9,1,61,,298950,22,0,9,2,21,,298939,22,0,9,2,21,,298953,22,0,9,1,60,,298919,22,0,9,1,21,,298943,22,0,9,2,28,,298930,22,0,9,1,70,,298951,22,0,9,2,30,,298954,22,0,9,1,73,,298944,22,0,9,2,30,,298940,22,0,9,1,69,,298952,22,0,9,2,28,,298920,22,0,9,1,68,,298955,22,0,9,1,29,,298945,22,0,9,2,69,,298931,22,0,9,1,29,,298921,22,0,9,1,64,,298956,22,0,9,1,30,,298946,22,0,9,2,71,,298932,22,0,9,1,30,,298922,22,0,9,1,72,,298947,22,0,9,2,32,,298933,22,0,9,1,70,,298923,22,0,9,1,30,,298948,22,0,9,1,71,,298934,22,0,9,1,29,,298924,22,0,9,1,70,,298949,22,0,9,1
4504,'H58S000I-80-I',522,,298961,22,0,9,1,28,,298973,22,0,9,2,69,,298984,22,0,9,2,28,,298962,22,0,9,1,71,,298974,22,0,9,2,29,,298985,22,0,9,2,70,,298963,22,0,9,1,31,,298975,22,0,9,2,72,,298986,22,0,9,2,32,,298964,22,0,9,1,73,,298976,22,0,9,2,30,,298957,22,0,9,1,71,,298987,22,0,9,2,30,,298965,22,0,9,1,70,,298977,22,0,9,2,29,,298958,22,0,9,1,71,,298988,22,0,9,2,30,,298966,22,0,9,1,70,,298994,22,0,9,1,30,,298959,22,0,9,1,69,,298989,22,0,9,2,29,,298967,22,0,9,1,71,,298995,22,0,9,1,31,,298960,22,0,9,1,72,,298978,22,0,9,2,73,,298968,22,0,9,1,32,,298980,22,0,9,2,72,,298990,22,0,9,1,32,,298979,22,0,9,2,69,,298969,22,0,9,1,31,,298981,22,0,9,2,73,,298991,22,0,9,1,31,,298970,22,0,9,1,70,,298982,22,0,9,2,28,,298992,22,0,9,1,70,,298971,22,0,9,1,31,,298983,22,0,9,2,70,,298993,22,0,9,1,24,,298972,22,0,9,1
4504,'H58S000S-83-S',507,,299006,22,0,9,2,25,,299015,22,0,9,2,70,,299025,22,0,9,2,28,,299009,22,0,9,1,25,,299007,22,0,9,2,53,,299016,22,0,9,2,13,,299018,22,0,9,1,10,,299030,22,0,9,2,17,,299026,22,0,9,2,7,,299033,22,0,9,2,46,,298996,22,0,9,1,34,,299010,22,0,9,1,72,,299008,22,0,9,2,12,,299019,22,0,9,1,12,,299003,22,0,9,2,72,,299027,22,0,9,2,22,,298997,22,0,9,1,25,,299011,22,0,9,1,68,,299020,22,0,9,1,25,,299004,22,0,9,2,66,,299028,22,0,9,2,26,,298998,22,0,9,1,66,,299012,22,0,9,1,25,,299021,22,0,9,1,24,,299005,22,0,9,2,64,,299029,22,0,9,2,26,,298999,22,0,9,1,65,,299013,22,0,9,1,47,,299022,22,0,9,1,104,,299000,22,0,9,1,63,,299014,22,0,9,1,91,,299023,22,0,9,1,32,,299036,22,0,9,2,70,,299001,22,0,9,1,32,,299017,22,0,9,2,68,,299024,22,0,9,1,30,,299037,22,0,9,2,71,,299002,22,0,9,1,31,,299040,22,0,9,2,68,,299034,22,0,9,1,32,,299038,22,0,9,2,72,,299031,22,0,9,1,30,,299035,22,0,9,1,69,,299039,22,0,9,2,33,,299032,22,0,9,1
4504,'H58S100F-80-F1',522,,299041,22,0,9,2,28,,299053,22,0,9,1,69,,299064,22,0,9,2,28,,299042,22,0,9,2,71,,299054,22,0,9,1,29,,299065,22,0,9,2,70,,299043,22,0,9,2,31,,299055,22,0,9,1,72,,299066,22,0,9,2,32,,299044,22,0,9,2,73,,299056,22,0,9,1,30,,299045,22,0,9,1,71,,299067,22,0,9,2,30,,299049,22,0,9,1,70,,299057,22,0,9,1,29,,299046,22,0,9,1,71,,299068,22,0,9,2,30,,299050,22,0,9,1,70,,299058,22,0,9,1,30,,299047,22,0,9,1,69,,299069,22,0,9,2,29,,299051,22,0,9,1,71,,299059,22,0,9,1,31,,299048,22,0,9,1,72,,299070,22,0,9,2,73,,299052,22,0,9,1,32,,299076,22,0,9,2,72,,299060,22,0,9,1,32,,299071,22,0,9,2,69,,299075,22,0,9,1,31,,299077,22,0,9,2,73,,299061,22,0,9,1,31,,299072,22,0,9,2,70,,299078,22,0,9,2,28,,299062,22,0,9,1,70,,299073,22,0,9,2,31,,299079,22,0,9,2,70,,299063,22,0,9,1,24,,299074,22,0,9,2
4504,'H58S200F-80-F2',522,,299080,22,0,9,2,28,,299084,22,0,9,1,69,,299095,22,0,9,2,28,,299081,22,0,9,2,71,,299085,22,0,9,1,29,,299096,22,0,9,2,70,,299082,22,0,9,2,31,,299086,22,0,9,1,72,,299097,22,0,9,2,32,,299083,22,0,9,2,73,,299087,22,0,9,1,30,,299110,22,0,9,1,71,,299098,22,0,9,2,30,,299114,22,0,9,1,70,,299088,22,0,9,1,29,,299111,22,0,9,1,71,,299099,22,0,9,2,30,,299115,22,0,9,1,70,,299089,22,0,9,1,30,,299112,22,0,9,1,69,,299100,22,0,9,2,29,,299116,22,0,9,1,71,,299090,22,0,9,1,31,,299113,22,0,9,1,72,,299101,22,0,9,2,73,,299117,22,0,9,1,32,,299106,22,0,9,2,72,,299091,22,0,9,1,32,,299102,22,0,9,2,69,,299118,22,0,9,1,31,,299107,22,0,9,2,73,,299092,22,0,9,1,31,,299103,22,0,9,2,70,,299108,22,0,9,2,28,,299093,22,0,9,1,70,,299104,22,0,9,2,31,,299109,22,0,9,2,70,,299094,22,0,9,1,24,,299105,22,0,9,2
4504,'H59S000S-80-S',807,,299123,22,0,9,2,8,,299119,22,0,9,2,10,,299122,22,0,9,2,20,,299120,22,0,9,2,11,,299121,22,0,9,2
35904,'H57S000A-80-A',2547,,346454,22,0,9,1,76,,346458,22,0,9,2,34,,346457,22,0,9,1,74,,346455,22,0,9,1,75,,346459,22,0,9,2,35,,346456,22,0,9,1
35904,'H57S000I-80-I',2512,,346460,22,0,9,1,35,,346464,22,0,9,1,75,,346461,22,0,9,1,35,,346465,22,0,9,1,75,,346462,22,0,9,1,75,,346466,22,0,9,1,35,,346463,22,0,9,1
35904,'H57S000S-80-S',2512,,346468,22,0,9,1,34,,346471,22,0,9,1,78,,346469,22,0,9,1,34,,346467,22,0,9,1,73,,346472,22,0,9,1,78,,346470,22,0,9,1,33,,346473,22,0,9,1
35904,'H57S100F-80-F1',2512,,346474,22,0,9,1,35,,346478,22,0,9,1,75,,346475,22,0,9,1,35,,346479,22,0,9,1,75,,346476,22,0,9,1,75,,346480,22,0,9,1,35,,346477,22,0,9,1
35904,'H57S200F-80-F2',2512,,346481,22,0,9,1,35,,346485,22,0,9,1,75,,346482,22,0,9,1,35,,346486,22,0,9,1,75,,346483,22,0,9,1,75,,346487,22,0,9,1,35,,346484,22,0,9,1
