19701,'H50S000S-82-S',1640,,338553,28,0,5,2
19701,'H51S000A-80-A',517,,338554,28,0,5,1,29,,338563,28,0,5,1,72,,338555,28,0,5,2,34,,338564,28,0,5,1,74,,338556,28,0,5,2,29,,338572,28,0,5,1,69,,338565,28,0,5,1,31,,338557,28,0,5,2,69,,338573,28,0,99 51,1,30,,338566,28,0,99 51,1,70,,338558,28,0,99 51,2,30,,338574,28,0,99 51,1,72,,338578,28,0,99 51,2,31,,338559,28,0,99 51,2,70,,338575,28,0,99 51,1,32,,338579,28,0,99 51,2,69,,338560,28,0,99 51,2,28,,338576,28,0,99 51,1,68,,338586,28,0,99 51,2,25,,338584,28,0,99 51,2,60,,338561,28,0,99 51,2,20,,338577,28,0,99 51,1,20,,338580,28,0,99 51,2,58,,338587,28,0,99 51,2,17,,338585,28,0,99 51,2,16,,338594,28,0,99 51,1,14,,338562,28,0,5,2,56,,338582,28,0,5,2,15,,338581,28,0,5,2,15,,338589,28,0,5,2,15,,338588,28,0,5,2,55,,338595,28,0,5,1,17,,338567,28,0,5,1,18,,338583,28,0,5,2,60,,338590,28,0,5,2,24,,338596,28,0,5,1,25,,338568,28,0,5,1,66,,338591,28,0,5,2,26,,338597,28,0,5,1,64,,338569,28,0,5,1,26,,338592,28,0,5,2,66,,338598,28,0,5,1,26,,338570,28,0,5,1,28,,338593,28,0,5,2,68,,338601,28,0,5,2,29,,338599,28,0,5,1,71,,338571,28,0,5,1,32,,338602,28,0,5,2,72,,338600,28,0,5,1,73,,338603,28,0,5,2
19701,'H51S000I-80-I',515,,338616,28,0,5,1,30,,338604,28,0,5,1,73,,338617,28,0,5,1,32,,338605,28,0,5,1,73,,338618,28,0,5,1,32,,338606,28,0,5,1,69,,338619,28,0,5,2,31,,338626,28,0,5,2,70,,338607,28,0,99 51,1,30,,338620,28,0,99 51,2,70,,338627,28,0,99 51,2,30,,338608,28,0,99 51,1,69,,338621,28,0,99 51,2,31,,338628,28,0,99 51,2,70,,338609,28,0,99 51,1,30,,338622,28,0,99 51,2,72,,338629,28,0,99 51,2,74,,338610,28,0,99 51,1,30,,338623,28,0,99 51,2,28,,338630,28,0,99 51,2,68,,338611,28,0,99 51,1,30,,338624,28,0,99 51,2,68,,338631,28,0,99 51,2,26,,338612,28,0,99 51,1,59,,338640,28,0,5,1,20,,338625,28,0,5,2,19,,338632,28,0,5,2,60,,338636,28,0,5,2,19,,338613,28,0,5,1,20,,338641,28,0,5,1,63,,338633,28,0,5,2,26,,338637,28,0,5,2,68,,338642,28,0,5,1,28,,338634,28,0,5,2,68,,338638,28,0,5,2,27,,338643,28,0,5,1,28,,338635,28,0,5,2,68,,338645,28,0,5,2,32,,338639,28,0,5,2,72,,338644,28,0,5,1,31,,338646,28,0,5,2,71,,338614,28,0,5,1,71,,338647,28,0,5,2,29,,338615,28,0,5,1
19701,'H51S000S-81-S',515,,338650,28,0,5,1,32,,338648,28,0,5,2,72,,338651,28,0,5,1,31,,338655,28,0,5,2,62,,338649,28,0,5,2,15,,338677,28,0,99 51,2,10,,338663,28,0,99 51,2,10,,338664,28,0,99 51,2,53,,338652,28,0,99 51,1,14,,338665,28,0,99 51,2,21,,338687,28,0,99 51,2,71,,338678,28,0,99 51,2,30,,338653,28,0,99 51,1,69,,338666,28,0,99 51,2,30,,338672,28,0,99 51,1,70,,338679,28,0,99 51,2,32,,338667,28,0,99 51,2,67,,338682,28,0,99 51,2,27,,338673,28,0,99 51,1,27,,338689,28,0,99 51,1,67,,338668,28,0,99 51,2,27,,338683,28,0,99 51,2,66,,338674,28,0,99 51,1,24,,338690,28,0,99 51,1,17,,338669,28,0,99 51,2,64,,338680,28,0,99 51,2,11,,338702,28,0,99 51,2,9,,338684,28,0,99 51,2,8,,338707,28,0,99 51,2,49,,338654,28,0,5,2,9,,338675,28,0,5,1,9,,338709,28,0,5,2,8,,338691,28,0,5,1,6,,338705,28,0,5,2,16,,338670,28,0,5,2,58,,338681,28,0,5,2,7,,338703,28,0,5,2,15,,338685,28,0,5,2,8,,338657,28,0,5,1,15,,338676,28,0,5,1,7,,338686,28,0,5,2,47,,338708,28,0,5,2,6,,338692,28,0,5,1,7,,338711,28,0,5,2,7,,338671,28,0,5,2,8,,338710,28,0,5,2,7,,338697,28,0,5,2,8,,338704,28,0,5,2,9,,338688,28,0,5,2,50,,338658,28,0,5,1,30,,338693,28,0,5,1,63,,338698,28,0,5,2,25,,338659,28,0,5,1,30,,338694,28,0,5,1,70,,338699,28,0,5,2,30,,338660,28,0,5,1,70,,338695,28,0,5,1,30,,338700,28,0,5,2,68,,338661,28,0,5,1,30,,338696,28,0,5,1,62,,338701,28,0,5,2,22,,338706,28,0,5,1,67,,338662,28,0,5,1,28,,338656,28,0,5,1
19701,'H51S100F-80-F1',515,,338714,28,0,5,1,30,,338727,28,0,5,1,73,,338715,28,0,5,1,32,,338728,28,0,5,1,73,,338716,28,0,5,1,32,,338729,28,0,5,1,69,,338720,28,0,5,2,31,,338717,28,0,5,2,70,,338730,28,0,99 51,1,30,,338721,28,0,99 51,2,70,,338718,28,0,99 51,2,30,,338731,28,0,99 51,1,69,,338722,28,0,99 51,2,31,,338719,28,0,99 51,2,70,,338732,28,0,99 51,1,30,,338723,28,0,99 51,2,72,,338737,28,0,99 51,2,74,,338733,28,0,99 51,1,30,,338724,28,0,99 51,2,28,,338738,28,0,99 51,2,68,,338734,28,0,99 51,1,30,,338725,28,0,99 51,2,68,,338739,28,0,99 51,2,26,,338735,28,0,99 51,1,59,,338748,28,0,5,1,20,,338726,28,0,5,2,19,,338740,28,0,5,2,60,,338744,28,0,5,2,19,,338736,28,0,5,1,20,,338749,28,0,5,1,63,,338741,28,0,5,2,26,,338745,28,0,5,2,68,,338750,28,0,5,1,28,,338742,28,0,5,2,68,,338746,28,0,5,2,27,,338751,28,0,5,1,28,,338743,28,0,5,2,68,,338753,28,0,5,2,32,,338747,28,0,5,2,72,,338752,28,0,5,1,31,,338754,28,0,5,2,71,,338712,28,0,5,1,71,,338755,28,0,5,2,29,,338713,28,0,5,1
19701,'H51S200F-80-F2',515,,338758,28,0,5,1,30,,338771,28,0,5,1,73,,338759,28,0,5,1,32,,338772,28,0,5,1,73,,338760,28,0,5,1,32,,338773,28,0,5,1,69,,338764,28,0,5,2,31,,338761,28,0,5,2,70,,338774,28,0,99 51,1,30,,338765,28,0,99 51,2,70,,338762,28,0,99 51,2,30,,338775,28,0,99 51,1,69,,338766,28,0,99 51,2,31,,338763,28,0,99 51,2,70,,338776,28,0,99 51,1,30,,338767,28,0,99 51,2,72,,338781,28,0,99 51,2,74,,338777,28,0,99 51,1,30,,338768,28,0,99 51,2,28,,338782,28,0,99 51,2,68,,338778,28,0,99 51,1,30,,338769,28,0,99 51,2,68,,338783,28,0,99 51,2,26,,338779,28,0,99 51,1,59,,338792,28,0,5,1,20,,338770,28,0,5,2,19,,338784,28,0,5,2,60,,338788,28,0,5,2,19,,338780,28,0,5,1,20,,338793,28,0,5,1,63,,338785,28,0,5,2,26,,338789,28,0,5,2,68,,338794,28,0,5,1,28,,338786,28,0,5,2,68,,338790,28,0,5,2,27,,338795,28,0,5,1,28,,338787,28,0,5,2,68,,338797,28,0,5,2,32,,338791,28,0,5,2,72,,338796,28,0,5,1,31,,338798,28,0,5,2,71,,338756,28,0,5,1,71,,338799,28,0,5,2,29,,338757,28,0,5,1
19701,'H54S000S-80-S',1510,,338800,28,0,99 51,1
19701,'H57S000S-80-S',1922,,338801,28,0,5,1
19701,'H59S000S-80-S',1657,,338803,28,0,5,1,63,,338802,28,0,5,2,24,,338804,28,0,5,2
37001,'H51S000A-80-A',2606,,347028,62,0,5,2,45,,347026,62,0,5,1,85,,347027,62,0,5,2,85,,347029,62,0,5,1,83,,347030,62,0,5,2
37001,'H51S000I-80-I',2603,,347032,62,0,5,2,45,,347034,62,0,5,1,85,,347031,62,0,5,1,85,,347033,62,0,5,2,85,,347035,62,0,5,1
37001,'H51S000S-81-S',2604,,347039,62,0,5,2,45,,347037,62,0,5,1,83,,347036,62,0,5,1,85,,347040,62,0,5,2,86,,347038,62,0,5,1
37001,'H51S100F-80-F1',2603,,347042,62,0,5,2,45,,347044,62,0,5,1,85,,347041,62,0,5,1,85,,347043,62,0,5,2,85,,347045,62,0,5,1
37001,'H51S200F-80-F2',2603,,347047,62,0,5,2,45,,347049,62,0,5,1,85,,347046,62,0,5,1,85,,347048,62,0,5,2,85,,347050,62,0,5,1
