14402,'H51S000A-80-A',515,,327420,8,0,10,2,20,,327444,8,0,10,1,22,,327421,8,0,10,2,62,,327445,8,0,10,1,23,,327422,8,0,10,2,62,,327446,8,0,10,1,22,,327423,8,0,10,2,21,,327447,8,0,10,1,61,,327424,8,0,10,2,21,,327448,8,0,10,1,21,,327425,8,0,10,2,61,,327449,8,0,10,1,21,,327426,8,0,10,2,22,,327450,8,0,10,1,63,,327427,8,0,10,2,22,,327451,8,0,10,1,64,,327428,8,0,10,2,24,,327452,8,0,10,1,26,,327429,8,0,10,2,67,,327453,8,0,10,1,27,,327430,8,0,10,2,67,,327454,8,0,10,1,27,,327431,8,0,10,2,68,,327455,8,0,10,1,27,,327432,8,0,10,2,66,,327456,8,0,10,1,27,,327433,8,0,10,2,27,,327457,8,0,10,1,67,,327434,8,0,10,2,26,,327458,8,0,10,1,66,,327435,8,0,10,2,26,,327459,8,0,10,1,66,,327436,8,0,10,2,26,,327460,8,0,10,1,26,,327437,8,0,10,2,66,,327461,8,0,10,1,26,,327438,8,0,10,2,66,,327462,8,0,10,1,26,,327439,8,0,10,2,66,,327463,8,0,10,1,24,,327440,8,0,10,2,23,,327464,8,0,10,1,62,,327441,8,0,10,2,22,,327465,8,0,10,1,62,,327442,8,0,10,2,22,,327469,8,0,10,2,21,,327466,8,0,10,1,62,,327471,8,0,10,2,21,,327443,8,0,10,2,22,,327470,8,0,10,2,61,,327467,8,0,10,1,22,,327472,8,0,10,2,22,,327468,8,0,10,1
14402,'H51S000I-80-I',516,,327473,8,0,10,2,21,,327499,8,0,10,1,21,,327474,8,0,10,2,62,,327500,8,0,10,1,23,,327475,8,0,10,2,63,,327501,8,0,10,1,22,,327476,8,0,10,2,22,,327502,8,0,10,1,62,,327477,8,0,10,2,22,,327503,8,0,10,1,22,,327478,8,0,10,2,62,,327504,8,0,10,1,20,,327479,8,0,10,2,20,,327505,8,0,10,1,61,,327480,8,0,10,2,22,,327506,8,0,10,1,62,,327481,8,0,10,2,22,,327507,8,0,10,1,22,,327482,8,0,10,2,63,,327508,8,0,10,1,23,,327483,8,0,10,2,26,,327509,8,0,10,1,68,,327484,8,0,10,2,28,,327510,8,0,10,1,68,,327485,8,0,10,2,28,,327511,8,0,10,1,68,,327486,8,0,10,2,28,,327512,8,0,10,1,68,,327487,8,0,10,2,28,,327513,8,0,10,1,68,,327488,8,0,10,2,28,,327514,8,0,10,1,68,,327489,8,0,10,2,27,,327515,8,0,10,1,66,,327490,8,0,10,2,26,,327516,8,0,10,1,26,,327491,8,0,10,2,66,,327517,8,0,10,1,26,,327492,8,0,10,2,64,,327518,8,0,10,1,22,,327493,8,0,10,2,22,,327519,8,0,10,1,62,,327494,8,0,10,2,22,,327520,8,0,10,1,22,,327495,8,0,10,2,62,,327521,8,0,10,1,22,,327496,8,0,10,2,62,,327522,8,0,10,1,22,,327497,8,0,10,2,21,,327523,8,0,10,1,63,,327498,8,0,10,2
14402,'H51S000S-81-S',521,,327524,8,0,10,1,33,,327545,8,0,10,2,70,,327525,8,0,10,1,29,,327546,8,0,10,2,71,,327526,8,0,10,1,30,,327547,8,0,10,2,70,,327527,8,0,10,1,30,,327548,8,0,10,2,70,,327528,8,0,10,1,30,,327549,8,0,10,2,69,,327529,8,0,10,1,30,,327550,8,0,10,2,70,,327530,8,0,10,1,30,,327551,8,0,10,2,70,,327531,8,0,10,1,30,,327552,8,0,10,2,68,,327532,8,0,10,1,28,,327553,8,0,10,2,68,,327533,8,0,10,1,28,,327554,8,0,10,2,68,,327534,8,0,10,1,29,,327555,8,0,10,2,68,,327535,8,0,10,1,28,,327556,8,0,10,2,70,,327536,8,0,10,1,30,,327557,8,0,10,2,70,,327537,8,0,10,1,30,,327558,8,0,10,2,70,,327538,8,0,10,1,29,,327559,8,0,10,2,70,,327539,8,0,10,1,30,,327560,8,0,10,2,70,,327540,8,0,10,1,30,,327561,8,0,10,2,70,,327541,8,0,10,1,30,,327562,8,0,10,2,70,,327542,8,0,10,1,30,,327563,8,0,10,2,70,,327543,8,0,10,1,32,,327564,8,0,10,2,73,,327544,8,0,10,1
14402,'H51S100F-80-F1',516,,327566,8,0,10,2,21,,327592,8,0,10,1,21,,327567,8,0,10,2,62,,327593,8,0,10,1,23,,327568,8,0,10,2,63,,327594,8,0,10,1,22,,327569,8,0,10,2,22,,327595,8,0,10,1,62,,327570,8,0,10,2,22,,327596,8,0,10,1,22,,327571,8,0,10,2,62,,327597,8,0,10,1,20,,327572,8,0,10,2,20,,327598,8,0,10,1,61,,327573,8,0,10,2,22,,327599,8,0,10,1,62,,327574,8,0,10,2,22,,327600,8,0,10,1,22,,327575,8,0,10,2,63,,327601,8,0,10,1,23,,327576,8,0,10,2,26,,327602,8,0,10,1,68,,327577,8,0,10,2,28,,327603,8,0,10,1,68,,327578,8,0,10,2,28,,327604,8,0,10,1,68,,327579,8,0,10,2,28,,327605,8,0,10,1,68,,327580,8,0,10,2,28,,327606,8,0,10,1,68,,327581,8,0,10,2,28,,327607,8,0,10,1,68,,327582,8,0,10,2,27,,327608,8,0,10,1,66,,327583,8,0,10,2,26,,327609,8,0,10,1,26,,327584,8,0,10,2,66,,327610,8,0,10,1,26,,327585,8,0,10,2,64,,327611,8,0,10,1,22,,327586,8,0,10,2,22,,327612,8,0,10,1,62,,327587,8,0,10,2,22,,327613,8,0,10,1,22,,327588,8,0,10,2,62,,327614,8,0,10,1,22,,327589,8,0,10,2,62,,327615,8,0,10,1,22,,327590,8,0,10,2,21,,327565,8,0,10,1,63,,327591,8,0,10,2
14402,'H51S200F-80-F2',516,,327617,8,0,10,2,21,,327643,8,0,10,1,21,,327618,8,0,10,2,62,,327644,8,0,10,1,23,,327619,8,0,10,2,63,,327645,8,0,10,1,22,,327620,8,0,10,2,22,,327646,8,0,10,1,62,,327621,8,0,10,2,22,,327647,8,0,10,1,22,,327622,8,0,10,2,62,,327648,8,0,10,1,20,,327623,8,0,10,2,20,,327649,8,0,10,1,61,,327624,8,0,10,2,22,,327650,8,0,10,1,62,,327625,8,0,10,2,22,,327651,8,0,10,1,22,,327626,8,0,10,2,63,,327652,8,0,10,1,23,,327627,8,0,10,2,26,,327653,8,0,10,1,68,,327628,8,0,10,2,28,,327654,8,0,10,1,68,,327629,8,0,10,2,28,,327655,8,0,10,1,68,,327630,8,0,10,2,28,,327656,8,0,10,1,68,,327631,8,0,10,2,28,,327657,8,0,10,1,68,,327632,8,0,10,2,28,,327658,8,0,10,1,68,,327633,8,0,10,2,27,,327659,8,0,10,1,66,,327634,8,0,10,2,26,,327660,8,0,10,1,26,,327635,8,0,10,2,66,,327661,8,0,10,1,26,,327636,8,0,10,2,64,,327662,8,0,10,1,22,,327637,8,0,10,2,22,,327663,8,0,10,1,62,,327638,8,0,10,2,22,,327664,8,0,10,1,22,,327639,8,0,10,2,62,,327665,8,0,10,1,22,,327640,8,0,10,2,62,,327666,8,0,10,1,22,,327641,8,0,10,2,21,,327616,8,0,10,1,63,,327642,8,0,10,2
36002,'H56S000A-80-A',2547,,346517,19,0,10,1,85,,346513,19,0,10,2,85,,346514,19,0,10,1,85,,346515,19,0,10,1,45,,346516,19,0,10,1
36002,'H56S000I-80-I',2546,,346520,19,0,10,1,85,,346518,19,0,10,1,85,,346522,19,0,10,2,85,,346519,19,0,10,1,44,,346521,19,0,10,2
36002,'H56S000S-82-S',2545,,346523,19,0,10,1,85,,346526,19,0,10,1,84,,346524,19,0,10,1,44,,346527,19,0,10,1,85,,346525,19,0,10,2
36002,'H56S100F-80-F1',2546,,346530,19,0,10,1,85,,346528,19,0,10,1,85,,346532,19,0,10,2,85,,346529,19,0,10,1,44,,346531,19,0,10,2
36002,'H56S200F-80-F2',2546,,346535,19,0,10,1,85,,346533,19,0,10,1,85,,346537,19,0,10,2,85,,346534,19,0,10,1,44,,346536,19,0,10,2
