4504,'H57S000S-80-S',726,,298908,8,0,9,1,205,,298909,8,0,9,1,584,,298910,8,0,9,1,85,,298913,8,0,9,1,22,,298912,8,0,9,1,107,,298911,8,0,9,1
4504,'H58S000A-80-A',506,,298914,8,0,9,1,29,,298925,8,0,9,1,70,,298935,8,0,9,2,33,,298915,8,0,9,1,70,,298926,8,0,9,1,30,,298936,8,0,9,2,70,,298916,8,0,9,1,31,,298927,8,0,9,1,70,,298937,8,0,9,2,33,,298917,8,0,9,1,69,,298941,8,0,9,2,28,,298928,8,0,9,1,69,,298938,8,0,9,2,31,,298918,8,0,9,1,70,,298942,8,0,9,2,21,,298929,8,0,9,1,21,,298950,8,0,9,2,61,,298939,8,0,9,2,21,,298953,8,0,9,1,20,,298919,8,0,9,1,61,,298943,8,0,9,2,28,,298930,8,0,9,1,70,,298951,8,0,9,2,30,,298954,8,0,9,1,73,,298944,8,0,9,2,30,,298940,8,0,9,1,69,,298952,8,0,9,2,30,,298920,8,0,9,1,69,,298955,8,0,9,1,30,,298945,8,0,9,2,69,,298931,8,0,9,1,29,,298921,8,0,9,1,65,,298956,8,0,9,1,30,,298946,8,0,9,2,71,,298932,8,0,9,1,30,,298922,8,0,9,1,72,,298947,8,0,9,2,32,,298933,8,0,9,1,70,,298923,8,0,9,1,30,,298948,8,0,9,1,71,,298934,8,0,9,1,29,,298924,8,0,9,1,70,,298949,8,0,9,1
4504,'H58S000I-80-I',514,,298961,8,0,9,1,28,,298973,8,0,9,2,69,,298984,8,0,9,2,28,,298962,8,0,9,1,70,,298974,8,0,9,2,29,,298985,8,0,9,2,70,,298963,8,0,9,1,30,,298975,8,0,9,2,70,,298986,8,0,9,2,32,,298964,8,0,9,1,73,,298976,8,0,9,2,30,,298957,8,0,9,1,69,,298987,8,0,9,2,30,,298965,8,0,9,1,70,,298977,8,0,9,2,29,,298958,8,0,9,1,71,,298988,8,0,9,2,30,,298966,8,0,9,1,70,,298994,8,0,9,1,30,,298959,8,0,9,1,71,,298989,8,0,9,2,29,,298967,8,0,9,1,71,,298995,8,0,9,1,31,,298960,8,0,9,1,72,,298978,8,0,9,2,33,,298968,8,0,9,1,72,,298980,8,0,9,2,32,,298990,8,0,9,1,72,,298979,8,0,9,2,31,,298969,8,0,9,1,71,,298981,8,0,9,2,73,,298991,8,0,9,1,31,,298970,8,0,9,1,70,,298982,8,0,9,2,30,,298992,8,0,9,1,70,,298971,8,0,9,1,31,,298983,8,0,9,2,70,,298993,8,0,9,1,24,,298972,8,0,9,1
4504,'H58S000S-83-S',456,,299006,8,0,9,2,65,,299015,8,0,9,2,28,,299025,8,0,9,2,68,,299009,8,0,9,1,25,,299007,8,0,9,2,12,,299016,8,0,9,2,52,,299018,8,0,9,1,10,,299030,8,0,9,2,17,,299026,8,0,9,2,7,,299033,8,0,9,2,6,,298996,8,0,9,1,76,,299010,8,0,9,1,33,,299008,8,0,9,2,52,,299019,8,0,9,1,12,,299003,8,0,9,2,32,,299027,8,0,9,2,62,,298997,8,0,9,1,25,,299011,8,0,9,1,66,,299020,8,0,9,1,25,,299004,8,0,9,2,26,,299028,8,0,9,2,66,,298998,8,0,9,1,26,,299012,8,0,9,1,65,,299021,8,0,9,1,24,,299005,8,0,9,2,64,,299029,8,0,9,2,26,,298999,8,0,9,1,25,,299013,8,0,9,1,87,,299022,8,0,9,1,104,,299000,8,0,9,1,63,,299014,8,0,9,1,52,,299023,8,0,9,1,72,,299036,8,0,9,2,71,,299001,8,0,9,1,32,,299017,8,0,9,2,69,,299024,8,0,9,1,30,,299037,8,0,9,2,71,,299002,8,0,9,1,31,,299040,8,0,9,2,68,,299034,8,0,9,1,32,,299038,8,0,9,2,73,,299031,8,0,9,1,30,,299035,8,0,9,1,69,,299039,8,0,9,2,33,,299032,8,0,9,1
4504,'H58S100F-80-F1',514,,299041,8,0,9,2,28,,299053,8,0,9,1,69,,299064,8,0,9,2,28,,299042,8,0,9,2,70,,299054,8,0,9,1,29,,299065,8,0,9,2,70,,299043,8,0,9,2,30,,299055,8,0,9,1,70,,299066,8,0,9,2,32,,299044,8,0,9,2,73,,299056,8,0,9,1,30,,299045,8,0,9,1,69,,299067,8,0,9,2,30,,299049,8,0,9,1,70,,299057,8,0,9,1,29,,299046,8,0,9,1,71,,299068,8,0,9,2,30,,299050,8,0,9,1,70,,299058,8,0,9,1,30,,299047,8,0,9,1,71,,299069,8,0,9,2,29,,299051,8,0,9,1,71,,299059,8,0,9,1,31,,299048,8,0,9,1,72,,299070,8,0,9,2,33,,299052,8,0,9,1,72,,299076,8,0,9,2,32,,299060,8,0,9,1,72,,299071,8,0,9,2,31,,299075,8,0,9,1,71,,299077,8,0,9,2,73,,299061,8,0,9,1,31,,299072,8,0,9,2,70,,299078,8,0,9,2,30,,299062,8,0,9,1,70,,299073,8,0,9,2,31,,299079,8,0,9,2,70,,299063,8,0,9,1,24,,299074,8,0,9,2
4504,'H58S200F-80-F2',514,,299080,8,0,9,2,28,,299084,8,0,9,1,69,,299095,8,0,9,2,28,,299081,8,0,9,2,70,,299085,8,0,9,1,29,,299096,8,0,9,2,70,,299082,8,0,9,2,30,,299086,8,0,9,1,70,,299097,8,0,9,2,32,,299083,8,0,9,2,73,,299087,8,0,9,1,30,,299110,8,0,9,1,69,,299098,8,0,9,2,30,,299114,8,0,9,1,70,,299088,8,0,9,1,29,,299111,8,0,9,1,71,,299099,8,0,9,2,30,,299115,8,0,9,1,70,,299089,8,0,9,1,30,,299112,8,0,9,1,71,,299100,8,0,9,2,29,,299116,8,0,9,1,71,,299090,8,0,9,1,31,,299113,8,0,9,1,72,,299101,8,0,9,2,33,,299117,8,0,9,1,72,,299106,8,0,9,2,32,,299091,8,0,9,1,72,,299102,8,0,9,2,31,,299118,8,0,9,1,71,,299107,8,0,9,2,73,,299092,8,0,9,1,31,,299103,8,0,9,2,70,,299108,8,0,9,2,30,,299093,8,0,9,1,70,,299104,8,0,9,2,31,,299109,8,0,9,2,70,,299094,8,0,9,1,24,,299105,8,0,9,2
4504,'H59S000S-80-S',752,,299123,8,0,9,2,48,,299119,8,0,9,2,10,,299122,8,0,9,2,22,,299120,8,0,9,2,11,,299121,8,0,9,2
35904,'H57S000A-80-A',2539,,346454,8,0,9,1,77,,346458,8,0,9,2,34,,346457,8,0,9,1,74,,346455,8,0,9,1,35,,346459,8,0,9,2,75,,346456,8,0,9,1
35904,'H57S000I-80-I',2504,,346460,8,0,9,1,35,,346464,8,0,9,1,75,,346461,8,0,9,1,35,,346465,8,0,9,1,75,,346462,8,0,9,1,35,,346466,8,0,9,1,75,,346463,8,0,9,1
35904,'H57S000S-80-S',2504,,346468,8,0,9,1,34,,346471,8,0,9,1,78,,346469,8,0,9,1,34,,346467,8,0,9,1,73,,346472,8,0,9,1,78,,346470,8,0,9,1,33,,346473,8,0,9,1
35904,'H57S100F-80-F1',2504,,346474,8,0,9,1,35,,346478,8,0,9,1,75,,346475,8,0,9,1,35,,346479,8,0,9,1,75,,346476,8,0,9,1,35,,346480,8,0,9,1,75,,346477,8,0,9,1
35904,'H57S200F-80-F2',2504,,346481,8,0,9,1,35,,346485,8,0,9,1,75,,346482,8,0,9,1,35,,346486,8,0,9,1,75,,346483,8,0,9,1,35,,346487,8,0,9,1,75,,346484,8,0,9,1
