4102,'H58S000S-83-S',608,,297644,42,0,10,1,22,,297639,42,0,10,1,21,,297638,42,0,10,1,63,,297640,42,0,10,2,30,,297654,42,0,10,1,65,,297663,42,0,10,2,24,,297645,42,0,10,1,21,,297651,42,0,10,1,59,,297660,42,0,10,2,20,,297665,42,0,10,2,23,,297641,42,0,10,2,69,,297655,42,0,10,1,30,,297646,42,0,10,1,68,,297642,42,0,10,1,29,,297666,42,0,10,2,69,,297652,42,0,10,1,26,,297656,42,0,10,1,67,,297647,42,0,10,1,33,,297643,42,0,10,1,73,,297667,42,0,10,2,31,,297653,42,0,10,1,72,,297657,42,0,10,1,29,,297672,17,0,10,2,4,,297648,42,0,10,1,67,,297661,42,0,10,2,31,,297668,42,0,10,2,71,,297649,42,0,10,1,26,,297670,42,0,10,1,68,,297658,42,0,10,1,28,,297673,42,0,10,2,65,,297662,42,0,10,2,22,,297669,42,0,10,2,22,,297650,42,0,10,1,60,,297671,42,0,10,1,26,,297659,42,0,10,1,69,,297674,42,0,10,2,30,,297664,42,0,10,1
4102,'H58S100F-80-F1',653,,297678,42,0,10,1,74,,297677,42,0,10,2,32,,297680,42,0,10,2,71,,297682,42,0,10,1,29,,297683,42,0,10,1,66,,297684,42,0,10,2,24,,297679,42,0,10,1,573,,297675,42,0,10,1,30,,297685,42,0,10,2,68,,297687,42,0,10,1,31,,297690,42,0,10,2,70,,297691,42,0,10,2,28,,297681,42,0,10,2,67,,297676,42,0,10,1,29,,297686,42,0,10,2,69,,297688,42,0,10,1,22,,297689,42,0,10,2
4102,'H58S200F-80-F2',653,,297692,42,0,10,1,74,,297706,42,0,10,2,32,,297694,42,0,10,2,71,,297703,42,0,10,1,29,,297695,42,0,10,1,66,,297696,42,0,10,2,24,,297693,42,0,10,1,573,,297707,42,0,10,1,30,,297697,42,0,10,2,68,,297699,42,0,10,1,31,,297701,42,0,10,2,70,,297702,42,0,10,2,28,,297704,42,0,10,2,67,,297708,42,0,10,1,29,,297698,42,0,10,2,69,,297700,42,0,10,1,22,,297705,42,0,10,2
4503,'H51S000S-81-S',1735,,298689,36,0,8,1
4503,'H57S000S-80-S',1547,,298691,36,0,8,1,76,,298695,36,0,8,1,24,,298697,36,0,8,2,12,,298690,36,0,8,1,52,,298693,36,0,8,2,36,,298696,36,0,8,1,64,,298692,36,0,8,1,12,,298694,36,0,8,1
4503,'H58S000A-80-A',618,,298698,36,0,8,1,31,,298710,36,0,8,1,70,,298721,36,0,8,2,31,,298699,36,0,8,1,71,,298711,36,0,8,1,30,,298722,36,0,8,2,72,,298700,36,0,8,1,34,,298712,36,0,8,1,76,,298723,36,0,8,2,74,,298701,36,0,8,1,34,,298727,36,0,8,2,68,,298713,36,0,8,1,32,,298724,36,0,8,2,73,,298702,36,0,8,1,31,,298728,36,0,8,2,64,,298714,36,0,8,1,24,,298736,36,0,8,2,24,,298725,36,0,8,2,60,,298739,36,0,8,1,18,,298703,36,0,8,1,18,,298729,36,0,8,2,59,,298726,36,0,8,1,19,,298715,36,0,8,1,20,,298737,36,0,8,2,63,,298704,36,0,8,1,26,,298740,36,0,8,1,65,,298730,36,0,8,2,25,,298716,36,0,8,1,26,,298738,36,0,8,2,66,,298705,36,0,8,1,25,,298741,36,0,8,1,67,,298731,36,0,8,2,23,,298717,36,0,8,1,66,,298706,36,0,8,1,25,,298742,36,0,8,1,24,,298732,36,0,8,2,70,,298718,36,0,8,1,30,,298707,36,0,8,1,70,,298733,36,0,8,2,31,,298719,36,0,8,1,69,,298708,36,0,8,1,28,,298734,36,0,8,1,69,,298720,36,0,8,1,29,,298709,36,0,8,1,69,,298735,36,0,8,2
4503,'H58S000I-80-I',618,,298746,36,0,8,1,31,,298758,36,0,8,2,69,,298771,36,0,8,2,29,,298747,36,0,8,1,73,,298759,36,0,8,2,30,,298772,36,0,8,2,71,,298748,36,0,8,1,34,,298760,36,0,8,2,75,,298773,36,0,8,2,73,,298749,36,0,8,1,31,,298761,36,0,8,2,75,,298743,36,0,8,1,33,,298774,36,0,8,2,71,,298750,36,0,8,1,32,,298762,36,0,8,2,72,,298744,36,0,8,1,32,,298775,36,0,8,2,72,,298751,36,0,8,1,32,,298781,36,0,8,1,73,,298745,36,0,8,1,24,,298763,36,0,8,2,65,,298752,36,0,8,1,25,,298766,36,0,8,2,67,,298776,36,0,8,1,30,,298765,36,0,8,2,68,,298764,36,0,8,2,31,,298753,36,0,8,1,70,,298767,36,0,8,2,31,,298777,36,0,8,1,71,,298754,36,0,8,1,31,,298768,36,0,8,2,73,,298778,36,0,8,1,31,,298755,36,0,8,1,70,,298769,36,0,8,2,30,,298779,36,0,8,1,66,,298756,36,0,8,1,28,,298770,36,0,8,2,71,,298780,36,0,8,1,32,,298757,36,0,8,1
4503,'H58S000S-83-S',607,,298792,36,0,8,2,30,,298800,36,0,8,2,72,,298810,36,0,8,2,34,,298794,36,0,8,1,79,,298793,36,0,8,2,20,,298803,36,0,8,1,70,,298811,36,0,8,2,27,,298782,36,0,8,1,69,,298795,36,0,8,1,27,,298804,36,0,8,1,65,,298789,36,0,8,2,24,,298812,36,0,8,2,24,,298783,36,0,8,1,66,,298796,36,0,8,1,25,,298805,36,0,8,1,64,,298790,36,0,8,2,28,,298813,36,0,8,2,28,,298784,36,0,8,1,68,,298797,36,0,8,1,29,,298806,36,0,8,1,60,,298791,36,0,8,2,95,,298785,36,0,8,1,24,,298798,36,0,8,1,88,,298807,36,0,8,1,36,,298819,36,0,8,2,75,,298786,36,0,8,1,10,,298799,36,0,8,1,57,,298801,36,0,8,2,26,,298808,36,0,8,1,30,,298820,36,0,8,2,70,,298787,36,0,8,1,29,,298802,36,0,8,2,68,,298809,36,0,8,1,29,,298821,36,0,8,2,69,,298788,36,0,8,1,30,,298824,36,0,8,2,66,,298815,36,0,8,1,30,,298822,36,0,8,2,70,,298814,36,0,8,1,26,,298816,36,0,8,1,67,,298817,36,0,8,1,16,,298823,36,0,8,2,16,,298818,36,0,8,1
4503,'H58S100F-80-F1',618,,298825,36,0,8,2,31,,298835,36,0,8,1,69,,298847,36,0,8,2,29,,298826,36,0,8,2,73,,298836,36,0,8,1,30,,298848,36,0,8,2,71,,298827,36,0,8,2,34,,298837,36,0,8,1,75,,298849,36,0,8,2,73,,298828,36,0,8,2,31,,298838,36,0,8,1,75,,298829,36,0,8,1,33,,298850,36,0,8,2,71,,298832,36,0,8,1,32,,298839,36,0,8,1,72,,298830,36,0,8,1,32,,298851,36,0,8,2,72,,298833,36,0,8,1,32,,298840,36,0,8,1,73,,298831,36,0,8,1,24,,298852,36,0,8,2,65,,298834,36,0,8,1,25,,298859,36,0,8,1,67,,298841,36,0,8,1,30,,298846,36,0,8,2,68,,298853,36,0,8,2,31,,298858,36,0,8,1,70,,298860,36,0,8,2,31,,298842,36,0,8,1,71,,298854,36,0,8,2,31,,298861,36,0,8,2,73,,298843,36,0,8,1,31,,298855,36,0,8,2,70,,298862,36,0,8,2,30,,298844,36,0,8,1,66,,298856,36,0,8,2,28,,298863,36,0,8,2,71,,298845,36,0,8,1,32,,298857,36,0,8,2
4503,'H58S200F-80-F2',618,,298865,36,0,8,2,31,,298869,36,0,8,1,69,,298880,36,0,8,2,29,,298866,36,0,8,2,73,,298870,36,0,8,1,30,,298881,36,0,8,2,71,,298867,36,0,8,2,34,,298871,36,0,8,1,75,,298882,36,0,8,2,73,,298868,36,0,8,2,31,,298872,36,0,8,1,75,,298895,36,0,8,1,33,,298883,36,0,8,2,71,,298898,36,0,8,1,32,,298873,36,0,8,1,72,,298896,36,0,8,1,32,,298884,36,0,8,2,72,,298899,36,0,8,1,32,,298874,36,0,8,1,73,,298897,36,0,8,1,24,,298885,36,0,8,2,65,,298900,36,0,8,1,25,,298864,36,0,8,1,67,,298875,36,0,8,1,30,,298902,36,0,8,2,68,,298886,36,0,8,2,31,,298901,36,0,8,1,70,,298891,36,0,8,2,31,,298876,36,0,8,1,71,,298887,36,0,8,2,31,,298892,36,0,8,2,73,,298877,36,0,8,1,31,,298888,36,0,8,2,70,,298893,36,0,8,2,30,,298878,36,0,8,1,66,,298889,36,0,8,2,28,,298894,36,0,8,2,71,,298879,36,0,8,1,32,,298890,36,0,8,2
4503,'H59S000S-80-S',729,,298903,36,0,8,2,28,,298904,36,0,8,2,52,,298905,36,0,8,2,726,,298906,36,0,8,2,24,,298907,36,0,8,2
35903,'H57S000A-80-A',2640,,346419,36,0,8,1,60,,346420,36,0,8,1,20,,346424,36,0,8,2,26,,346423,36,0,8,1,74,,346421,36,0,8,1,36,,346425,36,0,8,2,75,,346422,36,0,8,1
35903,'H57S000I-80-I',2601,,346426,36,0,8,1,35,,346430,36,0,8,1,75,,346427,36,0,8,1,35,,346431,36,0,8,1,75,,346428,36,0,8,1,36,,346432,36,0,8,1,76,,346429,36,0,8,1
35903,'H57S000S-80-S',2603,,346434,36,0,8,1,34,,346437,36,0,8,1,78,,346435,36,0,8,1,32,,346433,36,0,8,1,75,,346438,36,0,8,1,35,,346436,36,0,8,1,76,,346439,36,0,8,1
35903,'H57S100F-80-F1',2601,,346440,36,0,8,1,35,,346444,36,0,8,1,75,,346441,36,0,8,1,35,,346445,36,0,8,1,75,,346442,36,0,8,1,36,,346446,36,0,8,1,76,,346443,36,0,8,1
35903,'H57S200F-80-F2',2601,,346447,36,0,8,1,35,,346451,36,0,8,1,75,,346448,36,0,8,1,35,,346452,36,0,8,1,75,,346449,36,0,8,1,36,,346453,36,0,8,1,76,,346450,36,0,8,1
