5503,'H50S000S-82-S',553,,302644,32,0,8,1,787,,302645,32,0,8,2
5503,'H57S000S-80-S',1451,,302646,32,0,8,1
5503,'H58S000A-80-A',526,,302649,32,0,8,2,28,,302666,32,0,8,1,70,,302662,32,0,8,1,30,,302670,32,0,8,1,70,,302652,32,0,8,1,33,,302687,32,0,8,1,70,,302674,32,0,8,2,73,,302682,32,0,8,1,33,,302653,32,0,8,1,71,,302688,32,0,8,1,34,,302675,32,0,8,2,71,,302683,32,0,8,1,22,,302703,32,0,8,1,14,,302654,32,0,8,1,14,,302706,32,0,8,1,53,,302693,32,0,8,1,16,,302689,32,0,8,1,14,,302709,32,0,8,2,13,,302696,32,0,8,1,53,,302658,32,0,8,1,11,,302717,32,0,8,2,10,,302684,32,0,8,1,11,,302677,32,0,8,1,9,,302720,32,0,8,2,9,,302704,32,0,8,1,48,,302726,32,0,8,1,9,,302655,32,0,8,1,8,,302707,32,0,8,1,9,,302694,32,0,8,1,8,,302733,32,0,8,2,8,,302667,32,0,8,1,8,,302690,32,0,8,1,48,,302710,32,0,8,2,9,,302713,32,0,8,1,8,,302735,32,0,8,2,8,,302697,32,0,8,1,8,,302659,32,0,8,1,9,,302718,32,0,8,2,9,,302685,32,0,8,1,49,,302678,32,0,8,1,7,,302708,32,0,8,1,7,,302721,32,0,8,2,7,,302705,32,0,8,1,8,,302727,32,0,8,1,10,,302656,32,0,8,1,8,,302695,32,0,8,1,7,,302663,32,0,8,1,47,,302734,32,0,8,2,7,,302668,32,0,8,1,7,,302691,32,0,8,1,8,,302701,32,0,8,1,6,,302711,32,0,8,2,6,,302686,32,0,8,1,5,,302714,32,0,8,1,6,,302698,32,0,8,1,5,,302676,32,0,8,1,46,,302660,32,0,8,1,6,,302719,32,0,8,2,5,,302736,32,0,8,1,8,,302679,32,0,8,1,8,,302680,32,0,8,1,9,,302722,32,0,8,2,8,,302723,32,0,8,1,8,,302728,32,0,8,1,49,,302672,32,0,8,1,10,,302657,32,0,8,1,10,,302664,32,0,8,1,8,,302699,32,0,8,1,8,,302692,32,0,8,1,8,,302712,32,0,8,2,9,,302665,32,0,8,1,50,,302715,32,0,8,1,9,,302661,32,0,8,1,8,,302737,32,0,8,1,10,,302729,32,0,8,1,11,,302681,32,0,8,1,12,,302724,32,0,8,1,52,,302673,32,0,8,1,12,,302671,32,0,8,2,12,,302650,32,0,8,1,12,,302700,32,0,8,1,13,,302738,32,0,8,1,53,,302716,32,0,8,1,12,,302731,32,0,8,1,14,,302730,32,0,8,1,14,,302647,32,0,8,2,54,,302725,32,0,8,1,13,,302669,32,0,8,1,14,,302651,32,0,8,1,14,,302702,32,0,8,2,58,,302739,32,0,8,1,21,,302732,32,0,8,1,26,,302648,32,0,8,2
5503,'H58S000I-80-I',527,,302741,32,0,8,1,32,,302753,32,0,8,1,72,,302745,32,0,8,1,73,,302765,32,0,8,2,30,,302767,32,0,8,1,69,,302754,32,0,8,1,27,,302746,32,0,8,1,29,,302760,32,0,8,1,70,,302768,32,0,8,1,30,,302755,32,0,8,1,70,,302780,32,0,8,1,22,,302747,32,0,8,1,64,,302761,32,0,8,1,23,,302769,32,0,8,1,18,,302773,32,0,8,1,60,,302756,32,0,8,1,17,,302787,32,0,8,1,16,,302781,32,0,8,1,54,,302742,32,0,8,2,13,,302748,32,0,8,1,13,,302762,32,0,8,1,12,,302790,32,0,8,1,10,,302785,32,0,8,2,50,,302770,32,0,8,1,10,,302792,32,0,8,1,10,,302774,32,0,8,1,10,,302757,32,0,8,1,10,,302798,32,0,8,1,10,,302788,32,0,8,1,50,,302784,32,0,8,1,10,,302782,32,0,8,1,10,,302743,32,0,8,2,10,,302749,32,0,8,1,9,,302771,32,0,8,1,8,,302763,32,0,8,1,8,,302800,32,0,8,2,48,,302791,32,0,8,1,9,,302775,32,0,8,1,8,,302786,32,0,8,2,8,,302793,32,0,8,1,7,,302801,32,0,8,2,8,,302758,32,0,8,1,8,,302766,32,0,8,2,48,,302799,32,0,8,1,8,,302744,32,0,8,2,8,,302789,32,0,8,1,7,,302805,32,0,8,1,7,,302783,32,0,8,1,10,,302809,32,0,8,2,10,,302750,32,0,8,1,8,,302772,32,0,8,1,49,,302764,32,0,8,1,11,,302740,32,0,8,1,9,,302776,32,0,8,1,9,,302752,32,0,8,1,10,,302794,32,0,8,1,13,,302797,32,0,8,2,51,,302759,32,0,8,1,13,,302802,32,0,8,2,19,,302806,32,0,8,1,61,,302751,32,0,8,1,23,,302777,32,0,8,1,24,,302795,32,0,8,1,68,,302803,32,0,8,2,30,,302807,32,0,8,1,69,,302778,32,0,8,1,30,,302796,32,0,8,1,70,,302804,32,0,8,2,27,,302808,32,0,8,1,69,,302779,32,0,8,1
5503,'H58S000S-83-S',531,,302816,32,0,8,1,90,,302817,32,0,8,1,30,,302834,32,0,8,1,82,,302815,32,0,8,1,15,,302842,32,0,8,1,54,,302823,32,0,8,1,13,,302851,32,0,8,1,17,,302833,32,0,8,2,12,,302818,32,0,8,1,13,,302811,32,0,8,1,54,,302841,32,0,8,1,15,,302835,32,0,8,1,17,,302843,32,0,8,1,60,,302847,32,0,8,1,20,,302824,32,0,8,1,20,,302852,32,0,8,1,59,,302819,32,0,8,1,19,,302812,32,0,8,1,21,,302836,32,0,8,1,60,,302844,32,0,8,1,19,,302848,32,0,8,1,20,,302825,32,0,8,1,18,,302856,32,0,8,1,55,,302853,32,0,8,1,13,,302820,32,0,8,1,26,,302813,32,0,8,1,53,,302837,32,0,8,1,13,,302860,32,0,8,2,11,,302845,32,0,8,1,11,,302861,32,0,8,1,61,,302849,32,0,8,1,11,,302826,32,0,8,1,10,,302863,32,0,8,1,10,,302857,32,0,8,1,10,,302864,32,0,8,1,10,,302840,32,0,8,2,49,,302821,32,0,8,1,9,,302873,32,0,8,2,9,,302814,32,0,8,1,10,,302877,32,0,8,2,10,,302838,32,0,8,1,10,,302885,32,0,8,2,51,,302846,32,0,8,1,10,,302876,32,0,8,2,10,,302878,32,0,8,1,10,,302862,32,0,8,1,8,,302850,32,0,8,1,8,,302884,32,0,8,1,5,,302827,32,0,8,1,7,,302868,32,0,8,1,48,,302858,32,0,8,1,8,,302810,32,0,8,1,8,,302865,32,0,8,1,7,,302875,32,0,8,2,9,,302822,32,0,8,1,9,,302882,32,0,8,2,9,,302859,32,0,8,1,48,,302874,32,0,8,2,9,,302886,32,0,8,1,10,,302831,32,0,8,1,12,,302870,32,0,8,2,11,,302879,32,0,8,1,54,,302839,32,0,8,1,14,,302828,32,0,8,1,13,,302869,32,0,8,2,14,,302866,32,0,8,1,14,,302883,32,0,8,2,59,,302871,32,0,8,1,20,,302832,32,0,8,1,20,,302880,32,0,8,1,62,,302854,32,0,8,1,19,,302829,32,0,8,1,19,,302867,32,0,8,1,59,,302830,32,0,8,2,14,,302872,32,0,8,1,23,,302881,32,0,8,1,65,,302855,32,0,8,1
5503,'H58S100F-80-F1',527,,302887,32,0,8,1,32,,302901,32,0,8,1,72,,302897,32,0,8,1,73,,302910,32,0,8,1,30,,302888,32,0,8,1,69,,302902,32,0,8,1,27,,302914,32,0,8,1,29,,302911,32,0,8,1,70,,302889,32,0,8,1,30,,302903,32,0,8,1,70,,302912,32,0,8,1,22,,302915,32,0,8,1,64,,302923,32,0,8,1,23,,302890,32,0,8,1,18,,302927,32,0,8,2,60,,302904,32,0,8,1,17,,302929,32,0,8,1,16,,302913,32,0,8,1,54,,302895,32,0,8,1,13,,302916,32,0,8,1,13,,302924,32,0,8,1,12,,302931,32,0,8,1,10,,302900,32,0,8,1,50,,302891,32,0,8,1,10,,302933,32,0,8,1,10,,302928,32,0,8,2,10,,302905,32,0,8,1,10,,302939,32,0,8,1,10,,302930,32,0,8,1,50,,302920,32,0,8,1,10,,302893,32,0,8,1,10,,302896,32,0,8,1,10,,302917,32,0,8,1,9,,302941,32,0,8,2,8,,302925,32,0,8,1,8,,302942,32,0,8,1,48,,302932,32,0,8,1,9,,302943,32,0,8,1,8,,302892,32,0,8,1,8,,302934,32,0,8,1,7,,302948,32,0,8,2,8,,302906,32,0,8,1,8,,302949,32,0,8,2,48,,302940,32,0,8,1,8,,302951,32,0,8,2,8,,302921,32,0,8,1,7,,302952,32,0,8,1,7,,302894,32,0,8,1,10,,302956,32,0,8,2,10,,302918,32,0,8,1,8,,302938,32,0,8,2,49,,302926,32,0,8,1,11,,302898,32,0,8,1,9,,302944,32,0,8,1,9,,302922,32,0,8,1,10,,302935,32,0,8,1,13,,302899,32,0,8,1,51,,302950,32,0,8,2,13,,302907,32,0,8,1,19,,302953,32,0,8,1,61,,302919,32,0,8,1,23,,302945,32,0,8,1,24,,302936,32,0,8,1,68,,302908,32,0,8,1,30,,302954,32,0,8,1,69,,302946,32,0,8,1,30,,302937,32,0,8,1,70,,302909,32,0,8,1,27,,302955,32,0,8,1,69,,302947,32,0,8,1
5503,'H58S200F-80-F2',527,,302992,32,0,8,1,32,,302998,32,0,8,1,72,,303023,32,0,8,1,73,,303004,32,0,8,1,30,,302993,32,0,8,1,69,,302999,32,0,8,1,27,,303008,32,0,8,1,29,,303005,32,0,8,1,70,,302994,32,0,8,1,30,,303000,32,0,8,1,70,,303006,32,0,8,1,22,,303009,32,0,8,1,64,,303014,32,0,8,1,23,,302995,32,0,8,1,18,,302957,32,0,8,2,60,,303001,32,0,8,1,17,,302959,32,0,8,1,16,,303007,32,0,8,1,54,,302974,32,0,8,1,13,,303010,32,0,8,1,13,,303015,32,0,8,1,12,,303018,32,0,8,1,10,,303024,32,0,8,1,50,,302996,32,0,8,1,10,,302978,32,0,8,1,10,,302958,32,0,8,2,10,,303002,32,0,8,1,10,,302976,32,0,8,1,10,,302960,32,0,8,1,50,,302966,32,0,8,1,10,,302972,32,0,8,1,10,,302975,32,0,8,1,10,,303011,32,0,8,1,9,,303025,32,0,8,2,8,,303016,32,0,8,1,8,,302970,32,0,8,1,48,,303019,32,0,8,1,9,,302983,32,0,8,1,8,,302997,32,0,8,1,8,,302979,32,0,8,1,7,,303022,32,0,8,2,8,,303003,32,0,8,1,8,,303020,32,0,8,2,48,,302977,32,0,8,1,8,,302971,32,0,8,2,8,,302967,32,0,8,1,7,,302988,32,0,8,1,7,,302973,32,0,8,1,10,,302961,32,0,8,2,10,,303012,32,0,8,1,8,,303026,32,0,8,2,49,,303017,32,0,8,1,11,,302962,32,0,8,1,9,,302984,32,0,8,1,9,,302968,32,0,8,1,10,,302980,32,0,8,1,13,,302969,32,0,8,1,51,,303021,32,0,8,2,13,,302963,32,0,8,1,19,,302989,32,0,8,1,61,,303013,32,0,8,1,23,,302985,32,0,8,1,24,,302981,32,0,8,1,68,,302964,32,0,8,1,30,,302990,32,0,8,1,69,,302986,32,0,8,1,30,,302982,32,0,8,1,70,,302965,32,0,8,1,27,,302991,32,0,8,1,69,,302987,32,0,8,1
5503,'H60S000S-83-S',724,,303027,32,0,8,1
36303,'H51S000A-80-A',2505,,346717,34,0,8,1,25,,346705,34,0,8,2,22,,346710,34,0,8,1,57,,346706,34,0,8,1,9,,346708,34,0,8,1,9,,346713,34,0,8,1,9,,346714,34,0,8,1,9,,346721,34,0,8,2,10,,346720,34,0,8,2,50,,346718,34,0,8,1,9,,346709,34,0,8,1,9,,346711,34,0,8,1,9,,346719,34,0,8,1,8,,346716,34,0,8,1,10,,346707,34,0,8,1,52,,346715,34,0,8,1,20,,346722,34,0,8,2,24,,346712,34,0,8,1,67,,346723,34,0,8,2
36303,'H51S000I-80-I',2437,,346727,34,0,8,2,87,,346724,34,0,8,1,85,,346728,34,0,8,2,44,,346725,34,0,8,1,85,,346729,34,0,8,2,85,,346726,34,0,8,1,85,,346730,34,0,8,2
36303,'H51S000S-81-S',2438,,346734,34,0,8,2,87,,346731,34,0,8,1,86,,346735,34,0,8,2,43,,346732,34,0,8,1,84,,346736,34,0,8,2,83,,346733,34,0,8,1,86,,346737,34,0,8,2
36303,'H51S000S-81-SV',2639,,346738,34,0,8,2,69,,346739,34,0,8,2,14,,346740,34,0,8,2
36303,'H51S100F-80-F1',2437,,346744,34,0,8,2,87,,346743,34,0,8,1,85,,346745,34,0,8,2,44,,346741,34,0,8,1,85,,346746,34,0,8,2,85,,346742,34,0,8,1,85,,346747,34,0,8,2
36303,'H51S200F-80-F2',2437,,346751,34,0,8,2,87,,346750,34,0,8,1,85,,346752,34,0,8,2,44,,346748,34,0,8,1,85,,346753,34,0,8,2,85,,346749,34,0,8,1,85,,346754,34,0,8,2
