8003,'H50S000A-82-A',537,,309718,25,0,8,2,73,,309679,25,0,8,2,30,,309670,25,0,8,1,70,,309719,25,0,8,2,30,,309680,25,0,8,2,70,,309671,25,0,8,1,30,,309720,25,0,8,2,71,,309681,25,0,8,2,33,,309672,25,0,8,1,70,,309721,25,0,8,2,30,,309682,25,0,8,2,70,,309729,25,0,8,1,28,,309686,25,0,8,1,63,,309667,25,0,8,2,20,,309683,25,0,8,2,20,,309673,25,0,8,1,59,,309693,25,0,8,2,20,,309687,25,0,8,1,20,,309700,25,0,8,2,60,,309684,25,0,8,2,16,,309708,25,0,8,1,16,,309674,25,0,8,1,18,,309694,25,0,8,2,53,,309688,25,0,8,1,12,,309668,25,0,8,1,12,,309701,25,0,8,2,10,,309685,25,0,8,2,9,,309706,25,0,8,2,51,,309709,25,0,8,1,11,,309675,25,0,8,1,11,,309712,25,0,8,2,11,,309695,25,0,8,2,12,,309689,25,0,8,1,12,,309691,25,0,8,2,50,,309669,25,0,8,1,10,,309702,25,0,8,2,10,,309707,25,0,8,2,9,,309710,25,0,8,1,11,,309676,25,0,8,1,11,,309713,25,0,8,2,52,,309696,25,0,8,2,11,,309690,25,0,8,1,11,,309726,25,0,8,2,11,,309692,25,0,8,2,11,,309703,25,0,8,2,51,,309728,25,0,8,2,11,,309711,25,0,8,1,11,,309677,25,0,8,1,18,,309697,25,0,8,2,60,,309727,25,0,8,2,22,,309704,25,0,8,2,20,,309722,25,0,8,1,58,,309678,25,0,8,1,18,,309698,25,0,8,2,20,,309714,25,0,8,1,60,,309705,25,0,8,2,20,,309723,25,0,8,1,26,,309699,25,0,8,2,69,,309715,25,0,8,1,29,,309724,25,0,8,1,70,,309730,25,0,8,1,28,,309716,25,0,8,1,70,,309725,25,0,8,1,29,,309731,25,0,8,1,69,,309717,25,0,8,1
8003,'H50S000I-82-I',535,,309732,25,0,8,2,71,,309764,25,0,8,2,32,,309791,25,0,8,1,70,,309733,25,0,8,2,29,,309765,25,0,8,2,70,,309777,25,0,8,1,31,,309734,25,0,8,2,69,,309766,25,0,8,2,32,,309778,25,0,8,1,69,,309735,25,0,8,2,26,,309793,25,0,8,1,15,,309767,25,0,8,2,59,,309779,25,0,8,1,29,,309792,25,0,8,1,22,,309736,25,0,8,2,61,,309768,25,0,8,2,23,,309780,25,0,8,1,61,,309741,25,0,8,1,22,,309745,25,0,8,1,18,,309737,25,0,8,2,56,,309769,25,0,8,2,15,,309748,25,0,8,1,14,,309781,25,0,8,1,14,,309742,25,0,8,1,13,,309751,25,0,8,1,53,,309746,25,0,8,1,12,,309738,25,0,8,2,12,,309754,25,0,8,2,12,,309770,25,0,8,2,12,,309749,25,0,8,1,53,,309782,25,0,8,1,13,,309743,25,0,8,1,14,,309752,25,0,8,1,13,,309747,25,0,8,1,9,,309762,25,0,8,1,50,,309739,25,0,8,2,10,,309790,25,0,8,2,11,,309755,25,0,8,2,11,,309750,25,0,8,1,10,,309783,25,0,8,1,51,,309744,25,0,8,1,11,,309771,25,0,8,1,10,,309753,25,0,8,1,10,,309763,25,0,8,1,9,,309785,25,0,8,2,11,,309740,25,0,8,2,55,,309756,25,0,8,2,16,,309784,25,0,8,1,20,,309772,25,0,8,1,68,,309786,25,0,8,2,29,,309757,25,0,8,2,69,,309773,25,0,8,1,29,,309787,25,0,8,2,67,,309758,25,0,8,2,28,,309774,25,0,8,1,68,,309788,25,0,8,2,27,,309759,25,0,8,2,28,,309775,25,0,8,1,68,,309789,25,0,8,2,26,,309760,25,0,8,2,67,,309776,25,0,8,1,26,,309761,25,0,8,2
8003,'H50S000S-82-S',535,,309801,25,0,8,1,65,,309856,25,0,8,1,25,,309804,25,0,8,2,25,,309802,25,0,8,1,67,,309857,25,0,8,1,22,,309815,25,0,8,1,64,,309805,25,0,8,2,24,,309803,25,0,8,1,21,,309859,25,0,8,2,63,,309820,25,0,8,2,22,,309821,25,0,8,1,23,,309806,25,0,8,2,63,,309841,25,0,8,2,22,,309816,25,0,8,1,61,,309811,25,0,8,1,22,,309822,25,0,8,1,25,,309860,25,0,8,2,62,,309842,25,0,8,2,22,,309848,25,0,8,2,22,,309812,25,0,8,1,58,,309807,25,0,8,2,17,,309823,25,0,8,1,16,,309817,25,0,8,1,57,,309843,25,0,8,2,17,,309849,25,0,8,2,17,,309813,25,0,8,1,18,,309808,25,0,8,2,57,,309824,25,0,8,1,12,,309829,25,0,8,1,12,,309818,25,0,8,1,12,,309844,25,0,8,2,9,,309833,14,0,8,2,43,,309861,25,0,8,2,11,,309850,25,0,8,2,8,,309831,25,0,8,2,7,,309814,25,0,8,1,11,,309853,25,0,8,1,9,,309809,25,0,8,2,59,,309825,25,0,8,1,7,,309830,25,0,8,1,20,,309819,25,0,8,1,10,,309845,25,0,8,2,6,,309834,25,0,8,2,10,,309851,25,0,8,2,48,,309832,25,0,8,2,6,,309835,25,0,8,1,10,,309858,25,0,8,2,10,,309854,25,0,8,1,11,,309810,25,0,8,2,12,,309826,25,0,8,1,69,,309846,25,0,8,2,18,,309852,25,0,8,2,11,,309836,25,0,8,1,58,,309855,25,0,8,1,16,,309827,25,0,8,1,19,,309797,25,0,8,2,60,,309847,25,0,8,2,20,,309837,25,0,8,1,20,,309794,25,0,8,1,60,,309828,25,0,8,1,22,,309798,25,0,8,2,25,,309838,25,0,8,1,69,,309795,25,0,8,1,29,,309799,25,0,8,2,69,,309839,25,0,8,1,27,,309796,25,0,8,1,65,,309800,25,0,8,2,28,,309840,25,0,8,1
8003,'H50S100F-80-F1',535,,309862,25,0,8,2,71,,309894,25,0,8,2,32,,309921,25,0,8,1,70,,309863,25,0,8,2,29,,309895,25,0,8,2,70,,309907,25,0,8,1,31,,309864,25,0,8,2,69,,309896,25,0,8,2,32,,309908,25,0,8,1,69,,309865,25,0,8,2,26,,309923,25,0,8,1,15,,309897,25,0,8,2,59,,309909,25,0,8,1,29,,309922,25,0,8,1,22,,309866,25,0,8,2,61,,309898,25,0,8,2,23,,309910,25,0,8,1,61,,309871,25,0,8,1,22,,309875,25,0,8,1,18,,309867,25,0,8,2,56,,309899,25,0,8,2,15,,309878,25,0,8,1,14,,309911,25,0,8,1,14,,309872,25,0,8,1,13,,309881,25,0,8,1,53,,309876,25,0,8,1,12,,309868,25,0,8,2,12,,309884,25,0,8,2,12,,309900,25,0,8,2,12,,309879,25,0,8,1,53,,309912,25,0,8,1,13,,309873,25,0,8,1,14,,309882,25,0,8,1,13,,309877,25,0,8,1,9,,309892,25,0,8,1,50,,309869,25,0,8,2,10,,309920,25,0,8,2,11,,309885,25,0,8,2,11,,309880,25,0,8,1,10,,309913,25,0,8,1,51,,309874,25,0,8,1,11,,309901,25,0,8,1,10,,309883,25,0,8,1,10,,309893,25,0,8,1,9,,309915,25,0,8,2,11,,309870,25,0,8,2,55,,309886,25,0,8,2,16,,309914,25,0,8,1,20,,309902,25,0,8,1,68,,309916,25,0,8,2,29,,309887,25,0,8,2,69,,309903,25,0,8,1,29,,309917,25,0,8,2,67,,309888,25,0,8,2,28,,309904,25,0,8,1,68,,309918,25,0,8,2,27,,309889,25,0,8,2,28,,309905,25,0,8,1,68,,309919,25,0,8,2,26,,309890,25,0,8,2,67,,309906,25,0,8,1,26,,309891,25,0,8,2
8003,'H50S200F-80-F2',535,,309924,25,0,8,2,71,,309956,25,0,8,2,32,,309983,25,0,8,1,70,,309925,25,0,8,2,29,,309957,25,0,8,2,70,,309969,25,0,8,1,31,,309926,25,0,8,2,69,,309958,25,0,8,2,32,,309970,25,0,8,1,69,,309927,25,0,8,2,26,,309985,25,0,8,1,15,,309959,25,0,8,2,59,,309971,25,0,8,1,29,,309984,25,0,8,1,22,,309928,25,0,8,2,61,,309960,25,0,8,2,23,,309972,25,0,8,1,61,,309933,25,0,8,1,22,,309937,25,0,8,1,18,,309929,25,0,8,2,56,,309961,25,0,8,2,15,,309940,25,0,8,1,14,,309973,25,0,8,1,14,,309934,25,0,8,1,13,,309943,25,0,8,1,53,,309938,25,0,8,1,12,,309930,25,0,8,2,12,,309946,25,0,8,2,12,,309962,25,0,8,2,12,,309941,25,0,8,1,53,,309974,25,0,8,1,13,,309935,25,0,8,1,14,,309944,25,0,8,1,13,,309939,25,0,8,1,9,,309954,25,0,8,1,50,,309931,25,0,8,2,10,,309982,25,0,8,2,11,,309947,25,0,8,2,11,,309942,25,0,8,1,10,,309975,25,0,8,1,51,,309936,25,0,8,1,11,,309963,25,0,8,1,10,,309945,25,0,8,1,10,,309955,25,0,8,1,9,,309977,25,0,8,2,11,,309932,25,0,8,2,55,,309948,25,0,8,2,16,,309976,25,0,8,1,20,,309964,25,0,8,1,68,,309978,25,0,8,2,29,,309949,25,0,8,2,69,,309965,25,0,8,1,29,,309979,25,0,8,2,67,,309950,25,0,8,2,28,,309966,25,0,8,1,68,,309980,25,0,8,2,27,,309951,25,0,8,2,28,,309967,25,0,8,1,68,,309981,25,0,8,2,26,,309952,25,0,8,2,67,,309968,25,0,8,1,26,,309953,25,0,8,2
8003,'H51S000S-81-S',1724,,309986,25,0,8,1,182,,309987,25,0,8,1
8003,'H58S000S-83-S',1658,,309988,25,0,8,2
19302,'H50S000S-82-S',806,,337586,48,0,10,2,12,,337585,48,0,10,2,230,,337584,48,0,10,2
19302,'H58S000A-80-A',540,,337591,48,0,10,2,69,,337612,48,0,10,1,30,,337605,48,0,10,1,68,,337592,48,0,10,2,31,,337613,48,0,10,1,71,,337606,48,0,10,1,31,,337593,48,0,10,2,73,,337614,48,0,10,1,23,,337629,48,0,10,2,22,,337587,48,0,10,2,61,,337607,48,0,10,1,19,,337594,48,0,10,2,19,,337634,48,0,10,2,58,,337615,48,0,10,1,17,,337630,48,0,10,2,17,,337639,48,0,10,2,55,,337588,48,0,10,2,15,,337608,48,0,10,1,16,,337624,48,0,10,2,15,,337595,48,0,10,2,53,,337635,48,0,10,2,13,,337616,48,0,10,1,12,,337631,48,0,10,2,12,,337598,48,0,10,1,12,,337640,48,0,10,2,54,,337589,48,0,10,2,12,,337609,48,0,10,1,13,,337647,48,0,10,2,13,,337625,48,0,10,2,13,,337596,48,0,10,2,53,,337636,48,0,10,2,13,,337617,48,0,10,1,12,,337632,48,0,10,2,13,,337599,48,0,10,1,53,,337641,48,0,10,2,12,,337590,48,0,10,2,12,,337610,48,0,10,1,12,,337648,48,0,10,2,12,,337626,48,0,10,2,52,,337597,48,0,10,2,13,,337637,48,0,10,2,13,,337618,48,0,10,1,13,,337633,48,0,10,2,14,,337600,48,0,10,1,57,,337642,48,0,10,2,20,,337611,48,0,10,1,18,,337627,48,0,10,2,61,,337638,48,0,10,2,19,,337619,48,0,10,1,19,,337601,48,0,10,1,68,,337643,48,0,10,2,30,,337628,48,0,10,2,70,,337620,48,0,10,1,32,,337602,48,0,10,1,71,,337644,48,0,10,2,31,,337621,48,0,10,1,72,,337603,48,0,10,1,28,,337645,48,0,10,2,69,,337622,48,0,10,1,31,,337604,48,0,10,1,69,,337646,48,0,10,2,25,,337623,48,0,10,1
19302,'H58S000I-80-I',602,,337649,48,0,10,1,33,,337667,48,0,10,2,70,,337662,48,0,10,2,30,,337650,48,0,10,1,71,,337668,48,0,10,2,30,,337663,48,0,10,2,71,,337679,48,0,10,1,32,,337651,48,0,10,1,69,,337669,48,0,10,2,23,,337664,48,0,10,2,23,,337680,48,0,10,1,63,,337673,48,0,10,2,21,,337652,48,0,10,1,21,,337670,48,0,10,2,59,,337665,48,0,10,2,18,,337689,48,0,10,1,18,,337681,48,0,10,1,58,,337674,48,0,10,2,17,,337653,48,0,10,1,18,,337692,48,0,10,2,54,,337671,48,0,10,2,16,,337666,48,0,10,2,15,,337690,48,0,10,1,14,,337682,48,0,10,1,55,,337656,48,0,10,2,15,,337675,48,0,10,2,15,,337654,48,0,10,1,17,,337693,48,0,10,2,56,,337672,48,0,10,2,18,,337691,48,0,10,1,18,,337683,48,0,10,1,60,,337657,48,0,10,2,22,,337655,48,0,10,1,22,,337694,48,0,10,2,62,,337676,48,0,10,1,26,,337684,48,0,10,1,27,,337678,48,0,10,2,72,,337695,48,0,10,2,69,,337677,48,0,10,1,25,,337685,48,0,10,1,32,,337658,48,0,10,2,72,,337696,48,0,10,2,71,,337686,48,0,10,1,31,,337659,48,0,10,2,69,,337697,48,0,10,2,29,,337687,48,0,10,1,30,,337660,48,0,10,2,67,,337698,48,0,10,2,29,,337688,48,0,10,1,67,,337661,48,0,10,2
19302,'H58S000S-83-S',532,,337699,48,0,10,2,71,,337712,48,0,10,1,25,,337724,48,0,10,2,24,,337729,48,0,10,1,60,,337722,48,0,10,2,10,,337730,48,0,10,2,10,,337700,48,0,10,2,12,,337732,48,0,10,2,13,,337713,48,0,10,1,67,,337725,48,0,10,2,8,,337740,48,0,10,2,10,,337707,48,0,10,2,11,,337738,48,0,10,2,50,,337734,48,0,10,1,10,,337723,48,0,10,2,11,,337731,48,0,10,2,9,,337701,48,0,10,2,9,,337750,48,0,10,2,12,,337733,48,0,10,2,51,,337714,48,0,10,1,15,,337749,48,0,10,2,14,,337741,48,0,10,2,68,,337735,48,0,10,1,14,,337708,48,0,10,2,15,,337702,48,0,10,2,17,,337746,48,0,10,2,57,,337715,48,0,10,1,19,,337726,48,0,10,2,19,,337742,48,0,10,2,57,,337736,48,0,10,1,16,,337709,48,0,10,2,16,,337703,48,0,10,2,17,,337747,48,0,10,2,57,,337716,48,0,10,1,17,,337727,48,0,10,2,18,,337743,48,0,10,2,11,,337711,48,0,10,1,52,,337737,48,0,10,1,12,,337710,48,0,10,2,9,,337755,48,0,10,2,14,,337704,48,0,10,2,10,,337754,48,0,10,2,56,,337748,48,0,10,2,18,,337717,48,0,10,1,11,,337763,48,0,10,2,11,,337728,48,0,10,2,14,,337744,48,0,10,2,55,,337761,48,0,10,2,14,,337759,48,0,10,1,15,,337756,48,0,10,2,16,,337705,48,0,10,2,57,,337762,48,0,10,2,24,,337718,48,0,10,1,68,,337745,48,0,10,2,25,,337739,48,0,10,1,68,,337706,48,0,10,2,28,,337719,48,0,10,1,29,,337760,48,0,10,1,70,,337751,48,0,10,1,30,,337757,48,0,10,2,69,,337720,48,0,10,1,29,,337764,48,0,10,2,65,,337752,48,0,10,1,29,,337758,48,0,10,2,70,,337721,48,0,10,1,30,,337765,48,0,10,2,73,,337753,48,0,10,1
19302,'H58S100F-80-F1',602,,337772,48,0,10,1,33,,337788,48,0,10,2,70,,337782,48,0,10,2,30,,337773,48,0,10,1,71,,337789,48,0,10,2,30,,337783,48,0,10,2,71,,337800,48,0,10,1,32,,337774,48,0,10,1,69,,337790,48,0,10,2,23,,337784,48,0,10,2,23,,337801,48,0,10,1,63,,337779,48,0,10,2,21,,337775,48,0,10,1,21,,337791,48,0,10,2,59,,337766,48,0,10,2,18,,337785,48,0,10,2,18,,337802,48,0,10,1,58,,337780,48,0,10,2,17,,337776,48,0,10,1,18,,337804,48,0,10,2,54,,337792,48,0,10,2,16,,337767,48,0,10,2,15,,337786,48,0,10,2,14,,337803,48,0,10,1,55,,337811,48,0,10,2,15,,337781,48,0,10,2,15,,337777,48,0,10,1,17,,337805,48,0,10,2,56,,337793,48,0,10,2,18,,337787,48,0,10,2,18,,337794,48,0,10,1,60,,337812,48,0,10,2,22,,337778,48,0,10,1,22,,337806,48,0,10,2,62,,337814,48,0,10,2,26,,337795,48,0,10,1,27,,337813,48,0,10,2,72,,337807,48,0,10,2,69,,337815,48,0,10,2,25,,337796,48,0,10,1,32,,337768,48,0,10,1,72,,337808,48,0,10,2,71,,337797,48,0,10,1,31,,337769,48,0,10,1,69,,337809,48,0,10,2,29,,337798,48,0,10,1,30,,337770,48,0,10,1,67,,337810,48,0,10,2,29,,337799,48,0,10,1,67,,337771,48,0,10,1
19302,'H58S200F-80-F2',602,,337822,48,0,10,1,33,,337835,48,0,10,2,70,,337829,48,0,10,2,30,,337823,48,0,10,1,71,,337836,48,0,10,2,30,,337830,48,0,10,2,71,,337848,48,0,10,1,32,,337824,48,0,10,1,69,,337837,48,0,10,2,23,,337831,48,0,10,2,23,,337849,48,0,10,1,63,,337855,48,0,10,2,21,,337825,48,0,10,1,21,,337838,48,0,10,2,59,,337820,48,0,10,2,18,,337832,48,0,10,2,18,,337850,48,0,10,1,58,,337856,48,0,10,2,17,,337826,48,0,10,1,18,,337841,48,0,10,2,54,,337839,48,0,10,2,16,,337821,48,0,10,2,15,,337833,48,0,10,2,14,,337851,48,0,10,1,55,,337852,48,0,10,2,15,,337857,48,0,10,2,15,,337827,48,0,10,1,17,,337842,48,0,10,2,56,,337840,48,0,10,2,18,,337834,48,0,10,2,18,,337858,48,0,10,1,60,,337853,48,0,10,2,22,,337828,48,0,10,1,22,,337843,48,0,10,2,62,,337864,48,0,10,2,26,,337859,48,0,10,1,27,,337854,48,0,10,2,72,,337844,48,0,10,2,69,,337865,48,0,10,2,25,,337860,48,0,10,1,32,,337816,48,0,10,1,72,,337845,48,0,10,2,71,,337861,48,0,10,1,31,,337817,48,0,10,1,69,,337846,48,0,10,2,29,,337862,48,0,10,1,30,,337818,48,0,10,1,67,,337847,48,0,10,2,29,,337863,48,0,10,1,67,,337819,48,0,10,1
48003,'H50S000S-82-S',1542,,350379,34,0,8,2,64,,350380,34,0,8,1,27,,350381,34,0,8,2,20,,350382,34,0,8,2,66,,350374,34,0,8,1,35,,350383,34,0,8,2,62,,350376,34,0,8,1,20,,350375,34,0,8,2,12,,350373,34,0,8,1,65,,350378,34,0,8,2,20,,350372,34,0,8,1,72,,350377,34,0,8,1
48003,'H57S000S-80-S',1738,,350384,34,0,8,1
