20001,'H56S000S-82-S',737,,339475,1,0,5,1
20001,'H60S000A-80-A',611,,339476,1,0,5,1,30,,339487,1,0,5,2,69,,339497,1,0,5,2,29,,339477,1,0,5,1,73,,339488,1,0,5,2,32,,339498,1,0,5,2,70,,339478,1,0,5,1,29,,339489,1,0,5,2,69,,339499,1,0,5,2,30,,339479,1,0,5,1,68,,339490,1,0,5,2,29,,339500,1,0,5,2,70,,339480,1,0,5,1,30,,339491,1,0,5,2,70,,339501,1,0,5,2,31,,339481,1,0,5,1,71,,339492,1,0,5,2,29,,339502,1,0,5,2,70,,339482,1,0,5,1,30,,339493,1,0,5,2,70,,339503,1,0,5,2,29,,339483,1,0,5,1,69,,339494,1,0,5,2,30,,339504,1,0,5,2,71,,339484,1,0,5,1,32,,339495,1,0,5,1,71,,339505,1,0,5,2,28,,339485,1,0,5,1,70,,339496,1,0,5,1,30,,339506,1,0,5,2,70,,339486,1,0,5,1
20001,'H60S000I-81-I',743,,339525,1,0,5,1,70,,339507,1,0,5,1,30,,339516,1,0,5,2,69,,339526,1,0,5,1,29,,339508,1,0,5,1,69,,339517,1,0,5,2,30,,339527,1,0,5,1,71,,339509,1,0,5,1,29,,339518,1,0,5,2,70,,339528,1,0,5,1,30,,339510,1,0,5,1,70,,339519,1,0,5,2,30,,339529,1,0,5,1,70,,339511,1,0,5,1,29,,339520,1,0,5,2,70,,339530,1,0,5,1,30,,339512,1,0,5,1,69,,339521,1,0,5,2,29,,339531,1,0,5,1,71,,339513,1,0,5,1,32,,339522,1,0,5,2,71,,339532,1,0,5,1,32,,339514,1,0,5,1,69,,339523,1,0,5,2,30,,339533,1,0,5,1,69,,339515,1,0,5,1,29,,339524,1,0,5,2,70,,339534,1,0,5,1
20001,'H60S000S-83-S',558,,339543,1,0,5,1,60,,339541,1,0,5,1,24,,339555,1,0,5,2,61,,339562,1,0,5,2,19,,339544,1,0,5,1,29,,339535,1,0,5,2,54,,339542,1,0,5,1,14,,339556,1,0,5,2,14,,339554,1,0,5,1,15,,339563,1,0,5,2,57,,339545,1,0,5,1,20,,339536,1,0,5,2,22,,339557,1,0,5,2,69,,339564,1,0,5,2,30,,339546,1,0,5,1,70,,339558,1,0,5,2,31,,339565,1,0,5,2,71,,339547,1,0,5,1,31,,339559,1,0,5,2,70,,339566,1,0,5,2,30,,339548,1,0,5,1,68,,339560,1,0,5,2,30,,339567,1,0,5,2,71,,339549,1,0,5,1,31,,339561,1,0,5,2,72,,339568,1,0,5,2,24,,339570,1,0,5,1,61,,339550,1,0,5,1,23,,339537,1,0,5,1,23,,339569,1,0,5,2,64,,339571,1,0,5,1,24,,339551,1,0,5,1,68,,339538,1,0,5,1,31,,339572,1,0,5,1,70,,339552,1,0,5,1,29,,339539,1,0,5,1,69,,339573,1,0,5,1,29,,339553,1,0,5,1,72,,339540,1,0,5,1
20001,'H60S100F-80-F1',743,,339592,1,0,5,1,70,,339574,1,0,5,1,30,,339583,1,0,5,1,69,,339593,1,0,5,1,29,,339575,1,0,5,1,69,,339584,1,0,5,1,30,,339594,1,0,5,1,71,,339576,1,0,5,1,29,,339585,1,0,5,1,70,,339595,1,0,5,1,30,,339577,1,0,5,1,70,,339586,1,0,5,1,30,,339596,1,0,5,1,70,,339578,1,0,5,1,29,,339587,1,0,5,1,70,,339597,1,0,5,1,30,,339579,1,0,5,1,69,,339588,1,0,5,1,29,,339598,1,0,5,1,71,,339580,1,0,5,1,32,,339589,1,0,5,1,71,,339599,1,0,5,1,32,,339581,1,0,5,1,69,,339590,1,0,5,1,30,,339600,1,0,5,1,69,,339582,1,0,5,1,29,,339591,1,0,5,1,70,,339601,1,0,5,1
20001,'H60S200F-80-F2',743,,339620,1,0,5,1,70,,339602,1,0,5,1,30,,339611,1,0,5,1,69,,339621,1,0,5,1,29,,339603,1,0,5,1,69,,339612,1,0,5,1,30,,339622,1,0,5,1,71,,339604,1,0,5,1,29,,339613,1,0,5,1,70,,339623,1,0,5,1,30,,339605,1,0,5,1,70,,339614,1,0,5,1,30,,339624,1,0,5,1,70,,339606,1,0,5,1,29,,339615,1,0,5,1,70,,339625,1,0,5,1,30,,339607,1,0,5,1,69,,339616,1,0,5,1,29,,339626,1,0,5,1,71,,339608,1,0,5,1,32,,339617,1,0,5,1,71,,339627,1,0,5,1,32,,339609,1,0,5,1,69,,339618,1,0,5,1,30,,339628,1,0,5,1,69,,339610,1,0,5,1,29,,339619,1,0,5,1,70,,339629,1,0,5,1
20002,'H60S000A-80-A',706,,339650,46,4,,2,28,,339630,46,4,,1,68,,339640,46,4,,2,29,,339651,46,4,,2,70,,339631,46,4,,1,29,,339641,46,4,,2,28,,339652,46,4,,2,70,,339632,46,4,,1,31,,339642,46,4,,2,69,,339653,46,4,,2,31,,339633,46,4,,1,69,,339643,46,4,,2,73,,339654,46,4,,2,30,,339634,46,4,,1,70,,339644,46,4,,2,31,,339655,46,4,,2,70,,339635,46,4,,1,31,,339645,46,4,,2,71,,339656,46,4,,2,31,,339636,46,4,,1,69,,339646,46,4,,2,30,,339657,46,4,,2,71,,339637,46,4,,1,30,,339647,46,4,,1,67,,339658,46,4,,2,29,,339638,46,4,,1,28,,339648,46,4,,1,70,,339659,46,4,,2,71,,339639,46,4,,1,29,,339649,46,4,,1,29,,339660,46,4,,2
20002,'H60S000I-81-I',733,,339680,46,4,,1,69,,339661,46,4,,1,28,,339671,46,4,,2,70,,339681,46,4,,1,30,,339662,46,4,,1,28,,339672,46,4,,2,69,,339682,46,4,,1,31,,339663,46,4,,1,70,,339673,46,4,,2,30,,339683,46,4,,1,71,,339664,46,4,,1,72,,339674,46,4,,2,32,,339684,46,4,,1,71,,339665,46,4,,1,30,,339675,46,4,,2,70,,339685,46,4,,1,30,,339666,46,4,,1,70,,339676,46,4,,2,29,,339686,46,4,,1,71,,339667,46,4,,1,30,,339677,46,4,,2,69,,339687,46,4,,1,29,,339668,46,4,,1,27,,339678,46,4,,2,69,,339688,46,4,,1,30,,339669,46,4,,1,73,,339679,46,4,,2,70,,339689,46,4,,1,30,,339670,46,4,,1
20002,'H60S000S-83-S',614,,339695,46,4,,1,22,,339707,46,4,,2,21,,339714,46,4,,2,61,,339697,46,4,,1,25,,339696,46,4,,1,65,,339708,46,4,,2,21,,339715,46,4,,2,26,,339698,46,4,,1,65,,339690,46,4,,2,23,,339709,46,4,,2,67,,339716,46,4,,2,27,,339699,46,4,,1,69,,339710,46,4,,2,31,,339717,46,4,,2,69,,339700,46,4,,1,31,,339711,46,4,,2,70,,339718,46,4,,2,31,,339701,46,4,,1,73,,339712,46,4,,2,30,,339719,46,4,,2,72,,339702,46,4,,1,32,,339713,46,4,,2,71,,339720,46,4,,2,20,,339727,46,4,,1,16,,339703,46,4,,1,55,,339726,46,4,,2,15,,339691,46,4,,1,13,,339722,46,4,,1,13,,339721,46,4,,2,52,,339725,46,4,,2,12,,339728,46,4,,1,15,,339704,46,4,,1,15,,339724,46,4,,1,16,,339692,46,4,,1,57,,339723,46,4,,1,20,,339729,46,4,,1,24,,339705,46,4,,1,68,,339693,46,4,,1,31,,339730,46,4,,1,70,,339706,46,4,,1,30,,339694,46,4,,1,70,,339731,46,4,,1
20002,'H60S100F-80-F1',733,,339751,46,4,,1,69,,339732,46,4,,1,28,,339742,46,4,,1,70,,339752,46,4,,1,30,,339733,46,4,,1,28,,339743,46,4,,1,69,,339753,46,4,,1,31,,339734,46,4,,1,70,,339744,46,4,,1,30,,339754,46,4,,1,71,,339735,46,4,,1,72,,339745,46,4,,1,32,,339755,46,4,,1,71,,339736,46,4,,1,30,,339746,46,4,,1,70,,339756,46,4,,1,30,,339737,46,4,,1,70,,339747,46,4,,1,29,,339757,46,4,,1,71,,339738,46,4,,1,30,,339748,46,4,,1,69,,339758,46,4,,1,29,,339739,46,4,,1,27,,339749,46,4,,1,69,,339759,46,4,,1,30,,339740,46,4,,1,73,,339750,46,4,,1,70,,339760,46,4,,1,30,,339741,46,4,,1
20002,'H60S200F-80-F2',733,,339780,46,4,,1,69,,339761,46,4,,1,28,,339771,46,4,,1,70,,339781,46,4,,1,30,,339762,46,4,,1,28,,339772,46,4,,1,69,,339782,46,4,,1,31,,339763,46,4,,1,70,,339773,46,4,,1,30,,339783,46,4,,1,71,,339764,46,4,,1,72,,339774,46,4,,1,32,,339784,46,4,,1,71,,339765,46,4,,1,30,,339775,46,4,,1,70,,339785,46,4,,1,30,,339766,46,4,,1,70,,339776,46,4,,1,29,,339786,46,4,,1,71,,339767,46,4,,1,30,,339777,46,4,,1,69,,339787,46,4,,1,29,,339768,46,4,,1,27,,339778,46,4,,1,69,,339788,46,4,,1,30,,339769,46,4,,1,73,,339779,46,4,,1,70,,339789,46,4,,1,30,,339770,46,4,,1
