20002,'H60S000A-80-A',639,,339650,5,0,10,2,68,,339630,5,0,10,1,28,,339640,5,0,10,2,69,,339651,5,0,10,2,29,,339631,5,0,10,1,69,,339641,5,0,10,2,28,,339652,5,0,10,2,70,,339632,5,0,10,1,31,,339642,5,0,10,2,28,,339653,5,0,10,2,70,,339633,5,0,10,1,29,,339643,5,0,10,2,73,,339654,5,0,10,2,70,,339634,5,0,10,1,30,,339644,5,0,10,2,70,,339655,5,0,10,2,30,,339635,5,0,10,1,71,,339645,5,0,10,2,31,,339656,5,0,10,2,71,,339636,5,0,10,1,29,,339646,5,0,10,2,70,,339657,5,0,10,2,31,,339637,5,0,10,1,71,,339647,5,0,10,1,28,,339658,5,0,10,2,70,,339638,5,0,10,1,28,,339648,5,0,10,1,70,,339659,5,0,10,2,31,,339639,5,0,10,1,69,,339649,5,0,10,1,29,,339660,5,0,10,2
20002,'H60S000I-81-I',704,,339680,5,0,10,1,29,,339661,5,0,10,1,26,,339671,5,0,10,2,70,,339681,5,0,10,1,30,,339662,5,0,10,1,68,,339672,5,0,10,2,29,,339682,5,0,10,1,71,,339663,5,0,10,1,30,,339673,5,0,10,2,70,,339683,5,0,10,1,31,,339664,5,0,10,1,72,,339674,5,0,10,2,72,,339684,5,0,10,1,31,,339665,5,0,10,1,70,,339675,5,0,10,2,30,,339685,5,0,10,1,70,,339666,5,0,10,1,30,,339676,5,0,10,2,69,,339686,5,0,10,1,31,,339667,5,0,10,1,70,,339677,5,0,10,2,30,,339687,5,0,10,1,69,,339668,5,0,10,1,28,,339678,5,0,10,2,29,,339688,5,0,10,1,70,,339669,5,0,10,1,73,,339679,5,0,10,2,30,,339689,5,0,10,1,70,,339670,5,0,10,1
20002,'H60S000S-83-S',544,,339695,5,0,10,1,62,,339707,5,0,10,2,20,,339714,5,0,10,2,21,,339697,5,0,10,1,62,,339696,5,0,10,1,24,,339708,5,0,10,2,21,,339715,5,0,10,2,66,,339698,5,0,10,1,27,,339690,5,0,10,2,64,,339709,5,0,10,2,27,,339716,5,0,10,2,68,,339699,5,0,10,1,29,,339710,5,0,10,2,71,,339717,5,0,10,2,29,,339700,5,0,10,1,71,,339711,5,0,10,2,30,,339718,5,0,10,2,71,,339701,5,0,10,1,32,,339712,5,0,10,2,70,,339719,5,0,10,2,32,,339702,5,0,10,1,69,,339713,5,0,10,2,30,,339720,5,0,10,2,60,,339727,5,0,10,1,17,,339703,5,0,10,1,16,,339726,5,0,10,2,15,,339691,5,0,10,1,54,,339722,5,0,10,1,13,,339721,5,0,10,2,13,,339725,5,0,10,2,12,,339728,5,0,10,1,15,,339704,5,0,10,1,56,,339724,5,0,10,1,16,,339692,5,0,10,1,17,,339723,5,0,10,1,60,,339729,5,0,10,1,24,,339705,5,0,10,1,28,,339693,5,0,10,1,71,,339730,5,0,10,1,30,,339706,5,0,10,1,70,,339694,5,0,10,1,30,,339731,5,0,10,1
20002,'H60S100F-80-F1',704,,339751,5,0,10,1,29,,339732,5,0,10,1,26,,339742,5,0,10,1,70,,339752,5,0,10,1,30,,339733,5,0,10,1,68,,339743,5,0,10,1,29,,339753,5,0,10,1,71,,339734,5,0,10,1,30,,339744,5,0,10,1,70,,339754,5,0,10,1,31,,339735,5,0,10,1,72,,339745,5,0,10,1,72,,339755,5,0,10,1,31,,339736,5,0,10,1,70,,339746,5,0,10,1,30,,339756,5,0,10,1,70,,339737,5,0,10,1,30,,339747,5,0,10,1,69,,339757,5,0,10,1,31,,339738,5,0,10,1,70,,339748,5,0,10,1,30,,339758,5,0,10,1,69,,339739,5,0,10,1,28,,339749,5,0,10,1,29,,339759,5,0,10,1,70,,339740,5,0,10,1,73,,339750,5,0,10,1,30,,339760,5,0,10,1,70,,339741,5,0,10,1
20002,'H60S200F-80-F2',704,,339780,5,0,10,1,29,,339761,5,0,10,1,26,,339771,5,0,10,1,70,,339781,5,0,10,1,30,,339762,5,0,10,1,68,,339772,5,0,10,1,29,,339782,5,0,10,1,71,,339763,5,0,10,1,30,,339773,5,0,10,1,70,,339783,5,0,10,1,31,,339764,5,0,10,1,72,,339774,5,0,10,1,72,,339784,5,0,10,1,31,,339765,5,0,10,1,70,,339775,5,0,10,1,30,,339785,5,0,10,1,70,,339766,5,0,10,1,30,,339776,5,0,10,1,69,,339786,5,0,10,1,31,,339767,5,0,10,1,70,,339777,5,0,10,1,30,,339787,5,0,10,1,69,,339768,5,0,10,1,28,,339778,5,0,10,1,29,,339788,5,0,10,1,70,,339769,5,0,10,1,73,,339779,5,0,10,1,30,,339789,5,0,10,1,70,,339770,5,0,10,1
23001,'H60S000A-80-A',537,,345561,21,0,5,1,71,,345548,21,0,5,1,31,,345574,21,0,5,2,71,,345562,21,0,5,1,31,,345549,21,0,5,1,71,,345575,21,0,5,2,31,,345563,21,0,5,1,71,,345550,21,0,5,1,32,,345576,21,0,5,2,73,,345564,21,0,5,1,31,,345551,21,0,5,1,73,,345577,21,0,5,2,33,,345565,21,0,5,1,71,,345552,21,0,5,1,73,,345578,21,0,5,2,33,,345566,21,0,5,1,72,,345553,21,0,5,1,33,,345579,21,0,5,2,72,,345567,21,0,5,1,33,,345554,21,0,5,1,73,,345580,21,0,5,2,33,,345568,21,0,5,1,73,,345555,21,0,5,1,33,,345581,21,0,5,2,73,,345569,21,0,5,1,73,,345556,21,0,5,1,31,,345582,21,0,5,2,72,,345570,21,0,5,1,32,,345557,21,0,5,1,70,,345583,21,0,5,2,32,,345571,21,0,5,1,72,,345558,21,0,5,1,28,,345584,21,0,5,2,72,,345572,21,0,5,1,32,,345559,21,0,5,1,70,,345585,21,0,5,2,31,,345573,21,0,5,1,71,,345560,21,0,5,1,32,,345586,21,0,5,2
23001,'H60S000I-81-I',537,,345600,21,0,5,1,72,,345587,21,0,5,1,31,,345613,21,0,5,2,71,,345601,21,0,5,1,31,,345588,21,0,5,1,71,,345614,21,0,5,2,31,,345602,21,0,5,1,71,,345589,21,0,5,1,29,,345615,21,0,5,2,72,,345603,21,0,5,1,30,,345590,21,0,5,1,70,,345616,21,0,5,2,32,,345604,21,0,5,1,70,,345591,21,0,5,1,30,,345617,21,0,5,2,72,,345605,21,0,5,1,30,,345592,21,0,5,1,70,,345618,21,0,5,2,32,,345606,21,0,5,1,70,,345593,21,0,5,1,32,,345619,21,0,5,2,73,,345607,21,0,5,1,30,,345594,21,0,5,1,72,,345620,21,0,5,2,73,,345608,21,0,5,1,30,,345595,21,0,5,1,71,,345621,21,0,5,2,31,,345609,21,0,5,1,69,,345596,21,0,5,1,30,,345622,21,0,5,2,71,,345610,21,0,5,1,30,,345597,21,0,5,1,70,,345623,21,0,5,2,30,,345611,21,0,5,1,70,,345598,21,0,5,1,33,,345624,21,0,5,2,73,,345612,21,0,5,1,33,,345599,21,0,5,1,73,,345625,21,0,5,2
23001,'H60S000S-83-S',537,,345633,21,0,5,2,70,,345653,21,0,5,1,16,,345626,21,0,5,2,17,,345643,21,0,5,1,62,,345654,21,0,5,1,16,,345641,21,0,5,2,16,,345634,21,0,5,2,16,,345661,21,0,5,1,57,,345671,21,0,5,2,16,,345627,21,0,5,2,15,,345672,21,0,5,2,14,,345655,21,0,5,1,56,,345642,21,0,5,2,16,,345635,21,0,5,2,28,,345662,21,0,5,1,70,,345628,21,0,5,2,30,,345656,21,0,5,1,70,,345636,21,0,5,2,30,,345663,21,0,5,1,70,,345629,21,0,5,2,30,,345657,21,0,5,1,71,,345637,21,0,5,2,30,,345664,21,0,5,1,67,,345630,21,0,5,2,26,,345658,21,0,5,1,65,,345638,21,0,5,2,31,,345665,21,0,99 94,1,58,,345674,21,0,5,2,15,,345631,21,0,99 94,2,19,,345659,21,0,5,1,17,,345676,21,0,99 94,1,51,,345639,21,0,5,2,10,,345677,21,0,99 94,2,9,,345673,21,0,5,1,12,,345666,21,0,99 94,1,18,,345675,21,0,5,2,59,,345632,21,0,99 94,2,14,,345660,21,0,5,1,14,,345644,21,0,99 94,1,18,,345640,21,0,5,2,64,,345667,21,0,5,1,33,,345649,21,0,5,1,73,,345645,21,0,5,1,31,,345668,21,0,5,1,73,,345650,21,0,5,1,72,,345646,21,0,5,1,32,,345669,21,0,5,1,72,,345651,21,0,5,1,32,,345647,21,0,5,1,73,,345670,21,0,5,1,33,,345652,21,0,5,1,73,,345648,21,0,5,1
23001,'H60S100F-80-F1',537,,345689,21,0,5,1,72,,345678,21,0,5,1,31,,345702,21,0,5,2,71,,345690,21,0,5,1,31,,345679,21,0,5,1,71,,345703,21,0,5,2,31,,345691,21,0,5,1,71,,345680,21,0,5,1,29,,345704,21,0,5,2,72,,345692,21,0,5,1,30,,345681,21,0,5,1,70,,345705,21,0,5,2,32,,345693,21,0,5,1,70,,345682,21,0,5,1,30,,345706,21,0,5,2,72,,345694,21,0,5,1,30,,345683,21,0,5,1,70,,345707,21,0,5,2,32,,345695,21,0,5,1,70,,345684,21,0,5,1,32,,345708,21,0,5,2,73,,345696,21,0,5,1,30,,345685,21,0,5,1,72,,345709,21,0,5,2,73,,345697,21,0,5,1,30,,345686,21,0,5,1,71,,345710,21,0,5,2,31,,345698,21,0,5,1,69,,345687,21,0,5,1,30,,345711,21,0,5,2,71,,345699,21,0,5,1,30,,345688,21,0,5,1,70,,345712,21,0,5,2,30,,345700,21,0,5,1,70,,345715,21,0,5,1,33,,345713,21,0,5,2,73,,345701,21,0,5,1,33,,345716,21,0,5,1,73,,345714,21,0,5,2
23001,'H60S200F-80-F2',537,,345728,21,0,5,1,72,,345717,21,0,5,1,31,,345741,21,0,5,2,71,,345729,21,0,5,1,31,,345718,21,0,5,1,71,,345742,21,0,5,2,31,,345730,21,0,5,1,71,,345719,21,0,5,1,29,,345743,21,0,5,2,72,,345731,21,0,5,1,30,,345720,21,0,5,1,70,,345744,21,0,5,2,32,,345732,21,0,5,1,70,,345721,21,0,5,1,30,,345745,21,0,5,2,72,,345733,21,0,5,1,30,,345722,21,0,5,1,70,,345746,21,0,5,2,32,,345734,21,0,5,1,70,,345723,21,0,5,1,32,,345747,21,0,5,2,73,,345735,21,0,5,1,30,,345724,21,0,5,1,72,,345748,21,0,5,2,73,,345736,21,0,5,1,30,,345725,21,0,5,1,71,,345749,21,0,5,2,31,,345737,21,0,5,1,69,,345726,21,0,5,1,30,,345750,21,0,5,2,71,,345738,21,0,5,1,30,,345727,21,0,5,1,70,,345751,21,0,5,2,30,,345739,21,0,5,1,70,,345754,21,0,5,1,33,,345752,21,0,5,2,73,,345740,21,0,5,1,33,,345755,21,0,5,1,73,,345753,21,0,5,2
38202,'H60S000A-80-A',2637,,347374,86,0,10,1,85,,347376,86,0,10,1,85,,347373,86,0,10,1,45,,347375,86,0,10,1
38202,'H60S000I-81-I',2638,,347379,86,0,10,1,84,,347378,86,0,10,1,84,,347377,86,0,10,1,45,,347380,86,0,10,1
38202,'H60S000S-83-S',2639,,347381,86,0,10,2,84,,347384,86,0,10,1,84,,347382,86,0,10,1,45,,347383,86,0,10,1
38202,'H60S100F-80-F1',2638,,347387,86,0,10,1,84,,347385,86,0,10,1,84,,347386,86,0,10,2,45,,347388,86,0,10,1
38202,'H60S200F-80-F2',2638,,347391,86,0,10,1,84,,347389,86,0,10,1,84,,347390,86,0,10,2,45,,347392,86,0,10,1
