3303,'H54S000A-80-A',557,,294797,46,0,8,1,69,,294794,46,0,8,1,31,,294807,46,0,8,1,69,,294789,42,0,8,1,29,,294798,42,0,8,1,69,,294795,42,0,8,1,25,,294813,42,0,8,1,62,,294808,42,0,8,1,20,,294790,42,0,8,1,22,,294803,42,0,8,1,62,,294799,42,0,8,1,20,,294796,42,0,8,1,16,,294818,42,0,8,1,53,,294814,42,0,8,1,13,,294859,42,0,8,1,13,,294809,42,0,8,1,14,,294791,42,0,8,1,12,,294830,42,0,8,1,55,,294833,42,0,8,1,15,,294804,42,0,8,1,15,,294800,42,0,8,1,16,,294836,42,0,8,1,56,,294819,42,0,8,1,13,,294828,42,0,8,1,13,,294815,42,0,8,1,13,,294810,42,0,8,1,52,,294825,42,0,8,1,11,,294792,42,0,8,1,11,,294843,42,0,8,2,12,,294834,42,0,8,1,12,,294805,42,0,8,1,52,,294839,42,0,8,2,10,,294801,42,0,8,1,9,,294837,42,0,8,1,10,,294850,42,0,8,1,9,,294820,42,0,8,1,10,,294829,42,0,8,1,50,,294856,42,0,8,1,9,,294816,42,0,8,1,10,,294811,42,0,8,1,10,,294826,42,0,8,1,10,,294793,42,0,8,1,10,,294844,42,0,8,2,10,,294835,42,0,8,1,50,,294806,42,0,8,1,10,,294840,42,0,8,2,10,,294802,42,0,8,1,7,,294852,42,0,8,2,6,,294838,42,0,8,1,9,,294851,42,0,8,1,8,,294853,42,0,8,2,47,,294821,42,0,8,1,10,,294857,42,0,8,1,9,,294817,42,0,8,1,11,,294812,42,0,8,1,14,,294827,42,0,8,1,54,,294845,42,0,8,2,15,,294846,42,0,8,1,15,,294841,42,0,8,2,16,,294863,46,0,8,1,63,,294822,46,0,8,1,22,,294831,46,0,8,1,24,,294860,46,0,8,1,63,,294847,46,0,8,1,16,,294858,46,0,8,1,16,,294842,46,0,8,2,58,,294823,46,0,8,1,21,,294832,46,0,8,1,23,,294861,46,0,8,1,63,,294787,46,0,8,1,21,,294848,46,0,8,1,61,,294854,46,0,8,2,21,,294824,46,0,8,1,25,,294862,46,0,8,1,69,,294788,46,0,8,1,27,,294849,46,0,8,1,69,,294855,46,0,8,2
3303,'H54S000I-80-I',603,,294872,46,0,8,1,32,,294878,46,0,8,1,68,,294896,46,0,8,1,28,,294868,42,0,8,1,70,,294873,42,0,8,1,32,,294879,42,0,8,1,72,,294897,42,0,8,1,27,,294869,42,0,8,1,22,,294892,42,0,8,1,62,,294874,42,0,8,1,24,,294880,42,0,8,1,18,,294904,42,0,8,1,57,,294898,42,0,8,1,17,,294909,42,0,8,2,18,,294870,42,0,8,1,59,,294893,42,0,8,1,18,,294913,42,0,8,1,18,,294875,42,0,8,1,57,,294881,42,0,8,1,17,,294905,42,0,8,1,14,,294902,42,0,8,1,14,,294899,42,0,8,1,55,,294910,42,0,8,2,16,,294871,42,0,8,1,14,,294894,42,0,8,1,15,,294914,42,0,8,1,54,,294916,42,0,8,1,15,,294876,42,0,8,1,13,,294918,42,0,8,2,13,,294882,42,0,8,1,12,,294906,42,0,8,1,52,,294903,42,0,8,1,13,,294927,42,0,8,1,12,,294900,42,0,8,1,11,,294911,42,0,8,2,10,,294895,42,0,8,1,51,,294915,42,0,8,1,11,,294920,42,0,8,2,11,,294917,42,0,8,1,12,,294877,42,0,8,1,12,,294919,42,0,8,2,52,,294883,42,0,8,1,13,,294907,42,0,8,1,12,,294925,42,0,8,1,13,,294865,42,0,8,2,13,,294901,42,0,8,1,55,,294912,42,0,8,2,16,,294888,42,0,8,1,16,,294864,46,0,8,1,16,,294924,46,0,8,1,58,,294884,46,0,8,1,20,,294908,46,0,8,1,23,,294866,46,0,8,2,65,,294889,46,0,8,1,21,,294926,46,0,8,1,60,,294867,46,0,8,2,21,,294885,46,0,8,1,28,,294922,46,0,8,1,64,,294890,46,0,8,1,29,,294928,46,0,8,2,69,,294886,46,0,8,1,29,,294923,46,0,8,1,70,,294891,46,0,8,1,30,,294921,46,0,8,2,70,,294887,46,0,8,1
3303,'H54S000S-80-S',549,,294939,46,0,8,1,67,,294930,46,0,8,1,15,,294937,46,0,8,1,17,,294938,46,0,8,2,56,,294949,46,0,8,1,6,,294950,42,0,8,2,8,,295013,42,0,8,1,11,,294951,42,0,8,1,13,,294957,42,0,8,1,14,,294959,42,0,8,1,53,,294940,42,0,8,1,25,,294956,42,0,8,1,11,,294973,42,0,8,1,59,,294977,42,0,8,1,19,,294935,42,0,8,1,18,,294945,42,0,8,1,18,,294952,42,0,8,1,60,,294960,42,0,8,1,19,,294941,42,0,8,1,19,,294981,42,0,8,1,59,,294974,42,0,8,1,18,,294978,42,0,8,1,16,,294936,42,0,8,1,54,,294946,42,0,8,1,13,,294970,42,0,8,2,12,,294953,42,0,8,1,13,,294961,42,0,8,1,13,,294958,42,0,8,2,53,,294942,42,0,8,1,12,,294982,42,0,8,1,12,,294933,42,0,8,2,10,,294987,42,0,8,1,10,,294975,42,0,8,1,49,,294979,42,0,8,1,10,,294985,42,0,8,1,9,,294966,42,0,8,2,9,,294968,42,0,8,1,10,,294947,42,0,8,1,10,,294971,42,0,8,2,10,,294954,42,0,8,1,51,,294962,42,0,8,1,13,,294989,42,0,8,2,12,,294943,42,0,8,1,12,,294993,42,0,8,2,8,,294983,42,0,8,1,48,,294934,42,0,8,2,9,,294988,42,0,8,1,15,,294976,42,0,8,1,6,,294980,42,0,8,1,14,,294986,42,0,8,1,7,,294931,42,0,8,1,47,,294967,42,0,8,2,6,,294969,42,0,8,1,6,,295007,42,0,8,1,11,,294948,42,0,8,1,5,,294972,42,0,8,2,6,,294955,42,0,8,1,6,,295009,42,0,8,1,7,,294929,42,0,8,1,6,,295008,42,0,8,2,47,,294963,42,0,8,1,7,,294990,42,0,8,2,7,,294944,42,0,8,1,9,,294994,42,0,8,2,8,,294984,42,0,8,1,9,,295015,42,0,8,1,8,,294991,42,0,8,1,9,,294996,42,0,8,2,48,,294997,42,0,8,1,9,,294998,42,0,8,2,10,,294932,42,0,8,1,14,,295005,42,0,8,1,10,,295017,46,0,8,2,54,,295010,46,0,8,1,15,,295002,46,0,8,1,19,,294964,46,0,8,1,20,,294995,46,0,8,2,59,,294992,46,0,8,1,17,,294999,46,0,8,2,17,,295006,46,0,8,1,55,,295014,46,0,8,2,15,,295003,46,0,8,1,19,,295018,46,0,8,1,61,,294965,46,0,8,1,22,,295000,46,0,8,1,28,,295011,46,0,8,1,67,,295004,46,0,8,1,27,,295019,46,0,8,1,69,,295001,46,0,8,1,26,,295016,46,0,8,1,71,,295012,46,0,8,1
3303,'H54S100F-80-F1',603,,295028,46,0,8,1,32,,295034,46,0,8,1,68,,295052,46,0,8,1,28,,295024,42,0,8,1,70,,295029,42,0,8,1,32,,295035,42,0,8,1,72,,295053,42,0,8,1,27,,295025,42,0,8,1,22,,295048,42,0,8,1,62,,295030,42,0,8,1,24,,295036,42,0,8,1,18,,295060,42,0,8,1,57,,295054,42,0,8,1,17,,295065,42,0,8,2,18,,295026,42,0,8,1,59,,295049,42,0,8,1,18,,295069,42,0,8,1,18,,295031,42,0,8,1,57,,295037,42,0,8,1,17,,295061,42,0,8,1,14,,295058,42,0,8,1,14,,295055,42,0,8,1,55,,295066,42,0,8,2,16,,295027,42,0,8,1,14,,295050,42,0,8,1,15,,295070,42,0,8,1,54,,295072,42,0,8,1,15,,295032,42,0,8,1,13,,295074,42,0,8,2,13,,295038,42,0,8,1,12,,295062,42,0,8,1,52,,295059,42,0,8,1,13,,295083,42,0,8,1,12,,295056,42,0,8,1,11,,295067,42,0,8,2,10,,295051,42,0,8,1,51,,295071,42,0,8,1,11,,295076,42,0,8,2,11,,295073,42,0,8,1,12,,295033,42,0,8,1,12,,295075,42,0,8,2,52,,295039,42,0,8,1,13,,295063,42,0,8,1,12,,295081,42,0,8,1,13,,295021,42,0,8,2,13,,295057,42,0,8,1,55,,295068,42,0,8,2,16,,295044,42,0,8,1,16,,295020,46,0,8,1,16,,295080,46,0,8,1,58,,295040,46,0,8,1,20,,295064,46,0,8,1,23,,295022,46,0,8,2,65,,295045,46,0,8,1,21,,295082,46,0,8,1,60,,295023,46,0,8,2,21,,295041,46,0,8,1,28,,295078,46,0,8,1,64,,295046,46,0,8,1,29,,295084,46,0,8,2,69,,295042,46,0,8,1,29,,295079,46,0,8,1,70,,295047,46,0,8,1,30,,295077,46,0,8,2,70,,295043,46,0,8,1
3303,'H54S200F-80-F2',603,,295093,46,0,8,1,32,,295099,46,0,8,1,68,,295117,46,0,8,1,28,,295089,42,0,8,1,70,,295094,42,0,8,1,32,,295100,42,0,8,1,72,,295118,42,0,8,1,27,,295090,42,0,8,1,22,,295113,42,0,8,1,62,,295095,42,0,8,1,24,,295101,42,0,8,1,18,,295125,42,0,8,1,57,,295119,42,0,8,1,17,,295130,42,0,8,2,18,,295091,42,0,8,1,59,,295114,42,0,8,1,18,,295134,42,0,8,1,18,,295096,42,0,8,1,57,,295102,42,0,8,1,17,,295126,42,0,8,1,14,,295123,42,0,8,1,14,,295120,42,0,8,1,55,,295131,42,0,8,2,16,,295092,42,0,8,1,14,,295115,42,0,8,1,15,,295135,42,0,8,1,54,,295137,42,0,8,1,15,,295097,42,0,8,1,13,,295139,42,0,8,2,13,,295103,42,0,8,1,12,,295127,42,0,8,1,52,,295124,42,0,8,1,13,,295148,42,0,8,1,12,,295121,42,0,8,1,11,,295132,42,0,8,2,10,,295116,42,0,8,1,51,,295136,42,0,8,1,11,,295141,42,0,8,2,11,,295138,42,0,8,1,12,,295098,42,0,8,1,12,,295140,42,0,8,2,52,,295104,42,0,8,1,13,,295128,42,0,8,1,12,,295146,42,0,8,1,13,,295086,42,0,8,2,13,,295122,42,0,8,1,55,,295133,42,0,8,2,16,,295109,42,0,8,1,16,,295085,46,0,8,1,16,,295145,46,0,8,1,58,,295105,46,0,8,1,20,,295129,46,0,8,1,23,,295087,46,0,8,2,65,,295110,46,0,8,1,21,,295147,46,0,8,1,60,,295088,46,0,8,2,21,,295106,46,0,8,1,28,,295143,46,0,8,1,64,,295111,46,0,8,1,29,,295149,46,0,8,2,69,,295107,46,0,8,1,29,,295144,46,0,8,1,70,,295112,46,0,8,1,30,,295142,46,0,8,2,70,,295108,46,0,8,1
3303,'H57S000S-80-S',822,,295150,42,0,8,1,818,,295151,42,0,8,1
3303,'H59S000S-80-S',1620,,295152,42,0,8,2,99,,295153,42,0,8,1
4301,'H58S000A-80-A',628,,297722,26,0,5,2,72,,297709,26,0,5,1,33,,297715,26,0,5,2,74,,297723,26,0,5,1,35,,297730,26,0,5,2,75,,297736,26,0,5,1,30,,297710,26,0,5,1,70,,297716,26,0,5,2,30,,297724,26,0,5,1,74,,297731,26,0,5,2,33,,297737,26,0,5,1,73,,297711,26,0,5,1,73,,297717,26,0,5,2,33,,297725,26,0,5,1,73,,297732,26,0,5,2,30,,297738,26,0,5,1,69,,297712,26,0,5,1,30,,297718,26,0,5,2,70,,297726,26,0,5,1,30,,297733,26,0,5,2,68,,297739,26,0,5,1,29,,297713,26,0,5,1,27,,297719,26,0,5,2,69,,297727,26,0,5,1,29,,297734,26,0,5,2,70,,297740,26,0,5,1,32,,297714,26,0,5,1,70,,297720,26,0,5,2,29,,297728,26,0,5,1,70,,297735,26,0,5,2,30,,297742,26,0,5,1,70,,297741,26,0,5,2,94,,297729,26,0,5,1,93,,297743,26,0,5,1,96,,297721,26,0,5,1,94,,297744,26,0,5,1
4301,'H58S000I-80-I',703,,297761,26,0,5,2,33,,297751,26,0,5,1,72,,297760,26,0,5,2,33,,297768,26,0,5,1,75,,297762,26,0,5,2,33,,297752,26,0,5,1,72,,297759,26,0,5,1,32,,297773,26,0,5,1,72,,297769,26,0,5,1,32,,297763,26,0,5,2,71,,297753,26,0,5,1,31,,297746,26,0,5,1,70,,297774,26,0,5,1,30,,297770,26,0,5,1,69,,297764,26,0,5,2,30,,297754,26,0,5,1,71,,297747,26,0,5,1,30,,297775,26,0,5,1,70,,297771,26,0,5,1,27,,297765,26,0,5,2,69,,297755,26,0,5,1,28,,297748,26,0,5,1,68,,297776,26,0,5,1,28,,297772,26,0,5,1,70,,297766,26,0,5,2,31,,297756,26,0,5,1,71,,297749,26,0,5,1,31,,297777,26,0,5,1,71,,297779,26,0,5,2,29,,297745,26,0,5,2,70,,297757,26,0,5,1,93,,297767,26,0,5,1,92,,297750,26,0,5,1,93,,297758,26,0,5,1,53,,297778,26,0,5,2
4301,'H58S000S-83-S',558,,297794,26,0,5,2,62,,297800,26,0,5,1,29,,297787,26,0,5,1,73,,297796,26,0,5,1,34,,297781,26,0,5,1,71,,297795,26,0,5,2,10,,297803,26,0,5,2,10,,297807,26,0,5,1,66,,297801,26,0,5,1,29,,297788,26,0,5,1,69,,297797,26,0,5,1,28,,297782,26,0,5,1,68,,297804,26,0,5,2,30,,297802,26,0,5,1,70,,297808,26,0,5,2,30,,297789,26,0,5,1,70,,297798,26,0,5,1,30,,297783,26,0,5,1,71,,297805,26,0,5,2,30,,297806,26,0,5,1,68,,297809,26,0,5,2,30,,297790,26,0,5,1,69,,297799,26,0,5,1,29,,297784,26,0,5,1,73,,297786,26,0,5,1,31,,297810,26,0,5,2,69,,297792,26,0,5,2,31,,297791,26,0,5,1,69,,297812,26,0,5,2,31,,297785,26,0,5,1,72,,297811,26,0,5,2,32,,297793,26,0,5,2,68,,297816,26,0,5,1,30,,297813,26,0,5,2,79,,297815,26,0,5,1,84,,297817,26,0,5,1,52,,297814,26,0,5,2,99,,297818,26,0,5,1,100,,297780,26,0,5,1
4301,'H58S100F-80-F1',555,,297825,26,0,5,1,62,,297820,26,0,5,1,29,,297823,26,0,5,2,70,,297827,26,0,5,2,33,,297835,26,0,5,1,71,,297819,26,0,5,2,20,,297831,26,0,5,2,70,,297841,26,0,5,1,30,,297821,26,0,5,1,69,,297828,26,0,5,2,28,,297836,26,0,5,1,68,,297832,26,0,5,2,30,,297842,26,0,5,1,70,,297840,26,0,5,1,30,,297822,26,0,5,1,71,,297829,26,0,5,2,30,,297837,26,0,5,1,71,,297833,26,0,5,2,29,,297843,26,0,5,1,68,,297848,26,0,5,1,29,,297850,26,0,5,2,69,,297830,26,0,5,2,29,,297838,26,0,5,1,71,,297834,26,0,5,2,32,,297849,26,0,5,1,69,,297851,26,0,5,2,32,,297826,26,0,5,2,70,,297839,26,0,5,1,33,,297852,26,0,5,2,72,,297824,26,0,5,1,32,,297855,26,0,5,1,70,,297844,26,0,5,1,30,,297854,26,0,5,2,78,,297853,26,0,5,2,86,,297856,26,0,5,1,51,,297845,26,0,5,1,100,,297847,26,0,5,1,96,,297846,26,0,5,1
4301,'H58S200F-80-F2',555,,297879,26,0,5,1,62,,297884,26,0,5,1,29,,297859,26,0,5,2,70,,297860,26,0,5,2,33,,297868,26,0,5,1,71,,297880,26,0,5,2,20,,297864,26,0,5,2,70,,297892,26,0,5,1,30,,297881,26,0,5,1,69,,297861,26,0,5,2,28,,297869,26,0,5,1,68,,297865,26,0,5,2,30,,297893,26,0,5,1,70,,297885,26,0,5,1,30,,297882,26,0,5,1,71,,297862,26,0,5,2,30,,297870,26,0,5,1,71,,297866,26,0,5,2,29,,297894,26,0,5,1,68,,297873,26,0,5,1,29,,297875,26,0,5,2,69,,297863,26,0,5,2,29,,297871,26,0,5,1,71,,297867,26,0,5,2,32,,297874,26,0,5,1,69,,297876,26,0,5,2,32,,297891,26,0,5,2,70,,297872,26,0,5,1,33,,297857,26,0,5,2,72,,297886,26,0,5,1,32,,297877,26,0,5,1,70,,297887,26,0,5,1,30,,297883,26,0,5,2,78,,297858,26,0,5,2,86,,297878,26,0,5,1,51,,297888,26,0,5,1,100,,297890,26,0,5,1,96,,297889,26,0,5,1
