9501,'H51S000A-80-A',550,,313149,29,0,5,1,74,,313161,29,0,5,2,29,,313169,29,0,5,1,69,,313150,29,0,5,1,28,,313162,29,0,5,2,69,,313170,29,0,5,1,32,,313151,29,0,5,1,70,,313163,29,0,5,2,31,,313171,29,0,5,1,70,,313152,29,0,5,1,30,,313164,29,0,5,2,75,,313172,29,0,5,1,31,,313153,29,0,5,1,70,,313165,29,0,5,2,24,,313175,29,0,5,1,63,,313173,29,0,5,1,20,,313185,29,0,5,2,21,,313154,29,0,5,1,60,,313166,29,0,5,2,20,,313176,29,0,5,1,22,,313174,29,0,5,1,62,,313186,29,0,5,2,20,,313155,29,0,5,1,60,,313167,29,0,5,2,20,,313177,29,0,5,1,20,,313168,29,0,5,1,19,,313188,29,0,5,2,60,,313187,29,0,5,2,20,,313156,29,0,5,1,72,,313178,29,0,5,1,32,,313146,29,0,5,2,70,,313157,29,0,5,1,28,,313179,29,0,5,1,69,,313147,29,0,5,2,30,,313158,29,0,5,1,70,,313180,29,0,5,1,30,,313148,29,0,5,2,69,,313159,29,0,5,1,28,,313181,29,0,5,1,67,,313189,29,0,5,2,29,,313160,29,0,5,1,68,,313182,29,0,5,1,28,,313190,29,0,5,2,74,,313183,29,0,5,1,31,,313191,29,0,5,2,74,,313184,29,0,5,1
9501,'H51S000I-80-I',550,,313192,29,0,5,1,68,,313193,29,0,5,2,35,,313207,29,0,5,1,70,,313227,29,0,5,1,30,,313194,29,0,5,2,70,,313208,29,0,5,1,30,,313228,29,0,5,1,70,,313195,29,0,5,2,34,,313209,29,0,5,1,70,,313229,29,0,5,1,30,,313196,29,0,5,2,70,,313210,29,0,5,1,32,,313230,29,0,5,1,72,,313197,29,0,5,2,70,,313211,29,0,5,1,26,,313218,29,0,5,1,26,,313231,29,0,5,2,65,,313198,29,0,5,2,23,,313212,29,0,5,1,64,,313219,29,0,5,1,24,,313232,29,0,5,2,24,,313199,29,0,5,2,63,,313213,29,0,5,1,24,,313220,29,0,5,1,63,,313233,29,0,5,2,23,,313200,29,0,5,2,25,,313214,29,0,5,1,70,,313221,29,0,5,1,30,,313201,29,0,5,2,69,,313215,29,0,5,1,29,,313222,29,0,5,1,69,,313202,29,0,5,2,29,,313216,29,0,5,1,69,,313223,29,0,5,1,30,,313203,29,0,5,2,72,,313217,29,0,5,1,34,,313224,29,0,5,1,74,,313204,29,0,5,2,33,,313225,29,0,5,1,72,,313205,29,0,5,2,71,,313226,29,0,5,1,31,,313206,29,0,5,2
9501,'H51S000S-81-S',600,,313234,29,0,5,1,24,,313247,29,0,5,1,29,,313242,29,0,5,2,147,,313248,29,0,5,1,33,,313249,29,0,5,2,72,,313259,29,0,5,1,32,,313243,29,0,5,1,72,,313250,29,0,5,2,32,,313260,29,0,5,1,72,,313244,29,0,5,1,33,,313251,29,0,5,2,71,,313261,29,0,5,1,32,,313245,29,0,5,1,73,,313252,29,0,5,2,34,,313262,29,0,5,1,67,,313270,29,0,5,1,25,,313246,29,0,5,1,67,,313253,29,0,5,2,27,,313235,29,0,5,1,69,,313263,29,0,5,1,29,,313271,29,0,5,2,68,,313254,29,0,5,2,28,,313236,29,0,5,1,66,,313264,29,0,5,1,26,,313272,29,0,5,2,26,,313255,29,0,5,2,69,,313237,29,0,5,1,28,,313265,29,0,5,1,67,,313256,29,0,5,2,30,,313238,29,0,5,1,70,,313266,29,0,5,1,31,,313257,29,0,5,2,72,,313239,29,0,5,1,32,,313267,29,0,5,1,72,,313258,29,0,5,2,32,,313240,29,0,5,1,72,,313268,29,0,5,1,74,,313241,29,0,5,1,32,,313269,29,0,5,1
9501,'H51S100F-80-F1',550,,313273,29,0,5,1,68,,313274,29,0,5,2,35,,313288,29,0,5,1,70,,313308,29,0,5,1,30,,313275,29,0,5,2,70,,313289,29,0,5,1,30,,313309,29,0,5,1,70,,313276,29,0,5,2,34,,313290,29,0,5,1,70,,313310,29,0,5,1,30,,313277,29,0,5,2,70,,313291,29,0,5,1,32,,313311,29,0,5,1,72,,313278,29,0,5,2,70,,313292,29,0,5,1,26,,313299,29,0,5,1,26,,313312,29,0,5,2,65,,313279,29,0,5,2,23,,313293,29,0,5,1,64,,313300,29,0,5,1,24,,313313,29,0,5,2,24,,313280,29,0,5,2,63,,313294,29,0,5,1,24,,313301,29,0,5,1,63,,313314,29,0,5,2,23,,313281,29,0,5,2,25,,313295,29,0,5,1,70,,313302,29,0,5,1,30,,313282,29,0,5,2,69,,313296,29,0,5,1,29,,313303,29,0,5,1,69,,313283,29,0,5,2,29,,313297,29,0,5,1,69,,313304,29,0,5,1,30,,313284,29,0,5,2,72,,313298,29,0,5,1,34,,313305,29,0,5,1,74,,313285,29,0,5,2,33,,313306,29,0,5,1,72,,313286,29,0,5,2,71,,313307,29,0,5,1,31,,313287,29,0,5,2
9501,'H51S200F-80-F2',550,,313315,29,0,5,1,68,,313316,29,0,5,2,35,,313330,29,0,5,1,70,,313350,29,0,5,1,30,,313317,29,0,5,2,70,,313331,29,0,5,1,30,,313351,29,0,5,1,70,,313318,29,0,5,2,34,,313332,29,0,5,1,70,,313352,29,0,5,1,30,,313319,29,0,5,2,70,,313333,29,0,5,1,32,,313353,29,0,5,1,72,,313320,29,0,5,2,70,,313334,29,0,5,1,26,,313341,29,0,5,1,26,,313354,29,0,5,2,65,,313321,29,0,5,2,23,,313335,29,0,5,1,64,,313342,29,0,5,1,24,,313355,29,0,5,2,24,,313322,29,0,5,2,63,,313336,29,0,5,1,24,,313343,29,0,5,1,63,,313356,29,0,5,2,23,,313323,29,0,5,2,25,,313337,29,0,5,1,70,,313344,29,0,5,1,30,,313324,29,0,5,2,69,,313338,29,0,5,1,29,,313345,29,0,5,1,69,,313325,29,0,5,2,29,,313339,29,0,5,1,69,,313346,29,0,5,1,30,,313326,29,0,5,2,72,,313340,29,0,5,1,34,,313347,29,0,5,1,74,,313327,29,0,5,2,33,,313348,29,0,5,1,72,,313328,29,0,5,2,71,,313349,29,0,5,1,31,,313329,29,0,5,2
9501,'H58S000S-83-S',728,,313357,29,0,5,2
14101,'H50S000S-82-S',1706,,326233,16,0,5,1
14101,'H51S000S-81-S',518,,326234,16,0,5,1,112,,326236,16,0,5,1,85,,326238,16,0,5,2,1094,,326235,16,0,5,2,22,,326241,16,0,5,2
14101,'H54S000A-80-A',457,,326250,16,0,5,1,67,,326258,16,0,5,1,27,,326242,16,0,5,1,68,,326266,16,0,5,1,27,,326251,16,0,5,1,68,,326259,16,0,5,1,27,,326243,16,0,5,1,67,,326272,16,0,5,1,15,,326333,16,0,5,1,14,,326252,16,0,5,1,14,,326267,16,0,5,1,54,,326260,16,0,5,1,12,,326281,16,0,5,1,14,,326244,16,0,5,1,12,,326319,16,0,5,1,13,,326286,16,0,5,2,55,,326273,16,0,5,1,12,,326334,16,0,5,1,12,,326253,16,0,5,1,12,,326268,16,0,5,1,11,,326288,16,0,5,1,51,,326261,16,0,5,1,10,,326282,16,0,5,1,10,,326245,16,0,5,1,11,,326320,16,0,5,1,11,,326303,16,0,5,1,49,,326287,16,0,5,2,8,,326293,16,0,5,2,9,,326274,16,0,5,1,8,,326335,16,0,5,1,8,,326296,16,0,5,1,9,,326254,16,0,5,1,10,,326269,16,0,5,1,48,,326289,16,0,5,1,7,,326306,16,0,5,2,7,,326262,16,0,5,1,9,,326283,16,0,5,1,9,,326246,16,0,5,1,9,,326277,16,0,5,1,8,,326321,16,0,5,1,8,,326304,16,0,5,1,48,,326311,16,0,5,1,8,,326330,16,0,5,1,9,,326294,16,0,5,2,9,,326275,16,0,5,1,9,,326297,16,0,5,1,9,,326322,16,0,5,1,7,,326255,16,0,5,1,48,,326270,16,0,5,1,8,,326290,16,0,5,1,8,,326307,16,0,5,2,8,,326263,16,0,5,1,7,,326327,16,0,5,1,8,,326284,16,0,5,1,8,,326247,16,0,5,1,8,,326278,16,0,5,1,48,,326305,16,0,5,1,8,,326312,16,0,5,1,8,,326331,16,0,5,1,8,,326295,16,0,5,2,8,,326276,16,0,5,1,9,,326298,16,0,5,1,8,,326323,16,0,5,1,47,,326256,16,0,5,1,7,,326271,16,0,5,1,7,,326291,16,0,5,1,8,,326308,16,0,5,2,8,,326264,16,0,5,1,9,,326328,16,0,5,1,8,,326285,16,0,5,1,9,,326248,16,0,5,1,49,,326279,16,0,5,1,9,,326314,16,0,5,2,8,,326313,16,0,5,1,9,,326332,16,0,5,1,9,,326299,16,0,5,1,9,,326324,16,0,5,1,49,,326257,16,0,5,1,9,,326292,16,0,5,1,10,,326309,16,0,5,2,11,,326265,16,0,5,1,11,,326329,16,0,5,1,14,,326249,16,0,5,1,55,,326280,16,0,5,1,21,,326300,16,0,5,1,24,,326325,16,0,5,1,66,,326310,16,0,5,2,27,,326336,16,0,5,1,68,,326301,16,0,5,1,26,,326326,16,0,5,1,63,,326315,16,0,5,1,25,,326317,16,0,5,2,28,,326302,16,0,5,1,63,,326337,16,0,5,1,27,,326316,16,0,5,1,67,,326318,16,0,5,2
14101,'H54S000I-80-I',457,,326403,16,0,5,1,73,,326352,16,0,5,1,75,,326411,16,0,5,2,32,,326404,16,0,5,1,73,,326353,16,0,5,1,30,,326373,16,0,5,1,68,,326412,16,0,5,2,19,,326405,16,0,5,1,18,,326368,16,0,5,1,59,,326354,16,0,5,1,20,,326338,16,0,5,2,21,,326395,16,0,5,1,56,,326413,16,0,5,2,14,,326362,16,0,5,1,14,,326406,16,0,5,1,14,,326369,16,0,5,1,14,,326374,16,0,5,1,54,,326355,16,0,5,1,12,,326339,16,0,5,2,11,,326385,16,0,5,1,10,,326396,16,0,5,1,10,,326343,16,0,5,1,50,,326414,16,0,5,1,10,,326391,16,0,5,1,11,,326382,16,0,5,1,12,,326363,16,0,5,1,11,,326370,16,0,5,1,10,,326375,16,0,5,1,49,,326399,16,0,5,1,9,,326356,16,0,5,1,9,,326340,16,0,5,2,9,,326386,16,0,5,1,9,,326397,16,0,5,1,9,,326344,16,0,5,1,48,,326349,16,0,5,2,9,,326415,16,0,5,1,8,,326392,16,0,5,1,10,,326407,16,0,5,1,9,,326383,16,0,5,1,10,,326364,16,0,5,1,10,,326371,16,0,5,1,50,,326376,16,0,5,1,9,,326400,16,0,5,1,9,,326357,16,0,5,1,10,,326387,16,0,5,1,10,,326398,16,0,5,1,10,,326345,16,0,5,1,50,,326350,16,0,5,2,12,,326393,16,0,5,1,11,,326408,16,0,5,1,9,,326384,16,0,5,1,9,,326365,16,0,5,1,8,,326341,16,0,5,2,48,,326372,16,0,5,1,8,,326377,16,0,5,1,10,,326401,16,0,5,1,12,,326358,16,0,5,1,12,,326388,16,0,5,1,12,,326346,16,0,5,1,51,,326351,16,0,5,2,12,,326394,16,0,5,1,13,,326409,16,0,5,1,14,,326366,16,0,5,1,14,,326342,16,0,5,2,55,,326378,16,0,5,1,15,,326402,16,0,5,1,15,,326359,16,0,5,1,60,,326347,16,0,5,1,20,,326410,16,0,5,1,21,,326367,16,0,5,1,64,,326379,16,0,5,1,26,,326360,16,0,5,1,66,,326348,16,0,5,1,26,,326389,16,0,5,1,26,,326380,16,0,5,1,66,,326361,16,0,5,1,30,,326416,16,0,5,2,68,,326390,16,0,5,1,30,,326381,16,0,5,1
14101,'H54S000S-80-S',457,,326436,16,0,5,1,76,,326426,16,0,5,1,24,,326429,16,0,5,1,51,,326419,16,0,5,1,12,,326425,16,0,5,1,21,,326464,16,0,5,1,5,,326437,16,0,5,1,9,,326445,16,0,5,1,52,,326452,16,0,5,1,19,,326427,16,0,5,1,6,,326458,16,0,5,2,11,,326459,16,0,5,1,9,,326430,16,0,5,1,49,,326420,16,0,5,1,9,,326478,16,0,5,1,9,,326487,16,0,5,1,9,,326465,16,0,5,2,10,,326466,16,0,5,1,11,,326438,16,0,5,1,51,,326446,16,0,5,1,9,,326453,16,0,5,1,8,,326497,16,0,5,1,8,,326428,16,0,5,1,8,,326472,16,0,5,1,9,,326460,16,0,5,1,10,,326431,16,0,5,1,50,,326421,16,0,5,1,10,,326479,16,0,5,1,11,,326488,16,0,5,1,11,,326467,16,0,5,1,11,,326439,16,0,5,1,10,,326447,16,0,5,1,50,,326454,16,0,5,1,10,,326498,16,0,5,1,12,,326473,16,0,5,1,11,,326461,16,0,5,1,11,,326432,16,0,5,1,10,,326422,16,0,5,1,49,,326480,16,0,5,1,9,,326506,16,0,5,1,9,,326489,16,0,5,1,9,,326468,16,0,5,1,8,,326440,16,0,5,1,9,,326448,16,0,5,1,49,,326455,16,0,5,1,10,,326499,16,0,5,1,8,,326510,16,0,5,2,8,,326493,16,0,5,1,7,,326474,16,0,5,1,7,,326462,16,0,5,1,9,,326433,16,0,5,1,9,,326423,16,0,5,1,49,,326481,16,0,5,1,9,,326507,16,0,5,1,9,,326490,16,0,5,1,9,,326469,16,0,5,1,9,,326441,16,0,5,1,9,,326449,16,0,5,1,57,,326456,16,0,5,1,7,,326500,16,0,5,1,8,,326511,16,0,5,2,9,,326494,16,0,5,1,8,,326512,16,0,5,1,7,,326475,16,0,5,1,5,,326463,16,0,5,1,5,,326528,16,0,5,2,45,,326434,16,0,5,1,5,,326424,16,0,5,1,5,,326417,16,0,5,2,5,,326482,16,0,5,1,16,,326508,16,0,5,1,6,,326491,16,0,5,1,5,,326518,16,0,5,1,10,,326470,16,0,5,1,45,,326442,16,0,5,1,13,,326450,16,0,5,1,5,,326523,16,0,5,1,5,,326525,16,0,5,2,4,,326527,16,0,5,1,4,,326457,16,0,5,1,6,,326501,16,0,5,1,6,,326418,16,0,5,1,6,,326516,16,0,5,1,6,,326495,16,0,5,1,46,,326513,16,0,5,1,14,,326476,16,0,5,1,7,,326435,16,0,5,1,16,,326483,16,0,5,1,16,,326509,16,0,5,1,47,,326519,16,0,5,1,8,,326443,16,0,5,1,9,,326451,16,0,5,1,10,,326524,16,0,5,1,10,,326502,16,0,5,1,11,,326517,16,0,5,1,51,,326514,16,0,5,1,12,,326477,16,0,5,1,21,,326484,16,0,5,1,21,,326520,16,0,5,1,60,,326444,16,0,5,1,21,,326503,16,0,5,1,66,,326515,16,0,5,1,27,,326485,16,0,5,1,26,,326521,16,0,5,1,67,,326504,16,0,5,1,28,,326526,16,0,5,2,69,,326486,16,0,5,1,29,,326522,16,0,5,1,67,,326505,16,0,5,1
14101,'H54S100F-80-F1',457,,326594,16,0,5,1,73,,326543,16,0,5,1,75,,326602,16,0,5,2,32,,326595,16,0,5,1,73,,326544,16,0,5,1,30,,326564,16,0,5,1,68,,326603,16,0,5,2,19,,326596,16,0,5,1,18,,326559,16,0,5,1,59,,326545,16,0,5,1,20,,326529,16,0,5,2,21,,326586,16,0,5,1,56,,326604,16,0,5,2,14,,326553,16,0,5,1,14,,326597,16,0,5,1,14,,326560,16,0,5,1,14,,326565,16,0,5,1,54,,326546,16,0,5,1,12,,326530,16,0,5,2,11,,326576,16,0,5,1,10,,326587,16,0,5,1,10,,326534,16,0,5,1,50,,326605,16,0,5,1,10,,326582,16,0,5,1,11,,326573,16,0,5,1,12,,326554,16,0,5,1,11,,326561,16,0,5,1,10,,326566,16,0,5,1,49,,326590,16,0,5,1,9,,326547,16,0,5,1,9,,326531,16,0,5,2,9,,326577,16,0,5,1,9,,326588,16,0,5,1,9,,326535,16,0,5,1,48,,326540,16,0,5,2,9,,326606,16,0,5,1,8,,326583,16,0,5,1,10,,326598,16,0,5,1,9,,326574,16,0,5,1,10,,326555,16,0,5,1,10,,326562,16,0,5,1,50,,326567,16,0,5,1,9,,326591,16,0,5,1,9,,326548,16,0,5,1,10,,326578,16,0,5,1,10,,326589,16,0,5,1,10,,326536,16,0,5,1,50,,326541,16,0,5,2,12,,326584,16,0,5,1,11,,326599,16,0,5,1,9,,326575,16,0,5,1,9,,326556,16,0,5,1,8,,326532,16,0,5,2,48,,326563,16,0,5,1,8,,326568,16,0,5,1,10,,326592,16,0,5,1,12,,326549,16,0,5,1,12,,326579,16,0,5,1,12,,326537,16,0,5,1,51,,326542,16,0,5,2,12,,326585,16,0,5,1,13,,326600,16,0,5,1,14,,326557,16,0,5,1,14,,326533,16,0,5,2,55,,326569,16,0,5,1,15,,326593,16,0,5,1,15,,326550,16,0,5,1,60,,326538,16,0,5,1,20,,326601,16,0,5,1,21,,326558,16,0,5,1,64,,326570,16,0,5,1,26,,326551,16,0,5,1,66,,326539,16,0,5,1,26,,326580,16,0,5,1,26,,326571,16,0,5,1,66,,326552,16,0,5,1,30,,326607,16,0,5,2,68,,326581,16,0,5,1,30,,326572,16,0,5,1
14101,'H54S200F-80-F2',457,,326673,16,0,5,1,73,,326622,16,0,5,1,75,,326681,16,0,5,2,32,,326674,16,0,5,1,73,,326623,16,0,5,1,30,,326643,16,0,5,1,68,,326682,16,0,5,2,19,,326675,16,0,5,1,18,,326638,16,0,5,1,59,,326624,16,0,5,1,20,,326608,16,0,5,2,21,,326665,16,0,5,1,56,,326683,16,0,5,2,14,,326632,16,0,5,1,14,,326676,16,0,5,1,14,,326639,16,0,5,1,14,,326644,16,0,5,1,54,,326625,16,0,5,1,12,,326609,16,0,5,2,11,,326655,16,0,5,1,10,,326666,16,0,5,1,10,,326613,16,0,5,1,50,,326684,16,0,5,1,10,,326661,16,0,5,1,11,,326652,16,0,5,1,12,,326633,16,0,5,1,11,,326640,16,0,5,1,10,,326645,16,0,5,1,49,,326669,16,0,5,1,9,,326626,16,0,5,1,9,,326610,16,0,5,2,9,,326656,16,0,5,1,9,,326667,16,0,5,1,9,,326614,16,0,5,1,48,,326619,16,0,5,2,9,,326685,16,0,5,1,8,,326662,16,0,5,1,10,,326677,16,0,5,1,9,,326653,16,0,5,1,10,,326634,16,0,5,1,10,,326641,16,0,5,1,50,,326646,16,0,5,1,9,,326670,16,0,5,1,9,,326627,16,0,5,1,10,,326657,16,0,5,1,10,,326668,16,0,5,1,10,,326615,16,0,5,1,50,,326620,16,0,5,2,12,,326663,16,0,5,1,11,,326678,16,0,5,1,9,,326654,16,0,5,1,9,,326635,16,0,5,1,8,,326611,16,0,5,2,48,,326642,16,0,5,1,8,,326647,16,0,5,1,10,,326671,16,0,5,1,12,,326628,16,0,5,1,12,,326658,16,0,5,1,12,,326616,16,0,5,1,51,,326621,16,0,5,2,12,,326664,16,0,5,1,13,,326679,16,0,5,1,14,,326636,16,0,5,1,14,,326612,16,0,5,2,55,,326648,16,0,5,1,15,,326672,16,0,5,1,15,,326629,16,0,5,1,60,,326617,16,0,5,1,20,,326680,16,0,5,1,21,,326637,16,0,5,1,64,,326649,16,0,5,1,26,,326630,16,0,5,1,66,,326618,16,0,5,1,26,,326659,16,0,5,1,26,,326650,16,0,5,1,66,,326631,16,0,5,1,30,,326686,16,0,5,2,68,,326660,16,0,5,1,30,,326651,16,0,5,1
14101,'H57S000S-80-S',546,,326688,16,0,5,1,113,,326687,16,0,5,1,843,,326690,16,0,5,1,127,,326689,16,0,5,1,81,,326691,16,0,5,1
14101,'H59S000S-80-S',1624,,326692,16,0,5,1,27,,326694,16,0,5,2,196,,326693,16,0,5,1
37201,'H54S000A-80-A',2549,,347150,58,0,5,2,88,,347154,58,0,5,1,86,,347152,58,0,5,1,90,,347155,58,0,5,1,44,,347151,58,0,5,1
37201,'H54S000I-80-I',2553,,347158,58,0,5,1,88,,347156,58,0,5,1,85,,347157,58,0,5,1,85,,347161,58,0,5,1,46,,347160,58,0,5,2
37201,'H54S000S-80-S',2553,,347164,58,0,5,1,74,,347167,58,0,5,2,77,,347165,58,0,5,1,40,,347166,58,0,5,2,80,,347162,58,0,5,1,81,,347163,58,0,5,1
37201,'H54S100F-80-F1',2553,,347171,58,0,5,1,88,,347169,58,0,5,1,85,,347170,58,0,5,1,85,,347174,58,0,5,1,46,,347173,58,0,5,2
37201,'H54S200F-80-F2',2553,,347177,58,0,5,1,88,,347175,58,0,5,1,85,,347176,58,0,5,1,85,,347180,58,0,5,1,46,,347179,58,0,5,2
