8004,'H50S000A-82-A',540,,309993,28,0,9,1,72,,310040,28,0,9,2,36,,310003,28,0,9,2,72,,309994,28,0,9,1,32,,310041,28,0,9,2,72,,310004,28,0,9,2,33,,309995,28,0,9,1,66,,310042,28,0,9,2,19,,310044,28,0,9,1,58,,310005,28,0,9,2,15,,310049,28,0,9,1,15,,309996,28,0,9,1,16,,310009,28,0,9,1,56,,310043,28,0,9,2,15,,309989,28,0,9,2,15,,310006,28,0,9,2,14,,309997,28,0,9,1,54,,310050,28,0,9,1,16,,310016,28,0,9,2,16,,310010,28,0,9,1,15,,310023,28,0,9,2,55,,309990,28,0,9,2,14,,310007,28,0,9,2,15,,310031,28,0,9,1,13,,309998,28,0,9,1,12,,310017,28,0,9,2,51,,310014,28,0,9,2,10,,310011,28,0,9,1,12,,309991,28,0,9,1,12,,310024,28,0,9,2,13,,310008,28,0,9,2,50,,310029,28,0,9,2,11,,310032,28,0,9,1,11,,309999,28,0,9,1,11,,310035,28,0,9,2,11,,310018,28,0,9,2,11,,310012,28,0,9,1,53,,309992,28,0,9,1,14,,310025,28,0,9,2,14,,310030,28,0,9,2,11,,310033,28,0,9,1,51,,310000,28,0,9,1,11,,310036,28,0,9,2,11,,310019,28,0,9,2,12,,310013,28,0,9,1,16,,310015,28,0,9,2,57,,310026,28,0,9,2,16,,310034,28,0,9,1,17,,310001,28,0,9,1,58,,310020,28,0,9,2,21,,310048,28,0,9,2,22,,310027,28,0,9,2,71,,310002,28,0,9,1,28,,310021,28,0,9,2,70,,310028,28,0,9,2,28,,310045,28,0,9,1,68,,310022,28,0,9,2,29,,310037,28,0,9,1,70,,310046,28,0,9,1,29,,310051,28,0,9,1,71,,310038,28,0,9,1,27,,310047,28,0,9,1,71,,310052,28,0,9,1,31,,310039,28,0,9,1
8004,'H50S000I-82-I',541,,310107,28,0,9,1,70,,310054,28,0,9,2,32,,310083,28,0,9,2,71,,310094,28,0,9,1,30,,310055,28,0,9,2,71,,310084,28,0,9,2,33,,310095,28,0,9,1,71,,310056,28,0,9,2,27,,310110,28,0,9,1,59,,310085,28,0,9,2,20,,310096,28,0,9,1,21,,310108,28,0,9,1,60,,310057,28,0,9,2,16,,310111,28,0,9,1,12,,310086,28,0,9,2,12,,310053,28,0,9,2,11,,310097,28,0,9,1,54,,310062,28,0,9,1,14,,310109,28,0,9,1,13,,310066,28,0,9,1,15,,310058,28,0,9,2,55,,310087,28,0,9,2,15,,310069,28,0,9,1,15,,310098,28,0,9,1,14,,310063,28,0,9,1,54,,310072,28,0,9,1,13,,310067,28,0,9,1,13,,310059,28,0,9,2,12,,310075,28,0,9,2,12,,310088,28,0,9,2,53,,310070,28,0,9,1,13,,310099,28,0,9,1,13,,310064,28,0,9,1,14,,310073,28,0,9,1,53,,310068,28,0,9,1,14,,310060,28,0,9,2,14,,310076,28,0,9,2,14,,310071,28,0,9,1,56,,310100,28,0,9,1,15,,310065,28,0,9,1,16,,310074,28,0,9,1,15,,310082,28,0,9,1,55,,310061,28,0,9,2,18,,310077,28,0,9,2,19,,310101,28,0,9,1,62,,310089,28,0,9,1,28,,310102,28,0,9,2,29,,310078,28,0,9,2,70,,310090,28,0,9,1,27,,310103,28,0,9,2,69,,310079,28,0,9,2,29,,310091,28,0,9,1,66,,310104,28,0,9,2,27,,310080,28,0,9,2,69,,310092,28,0,9,1,29,,310105,28,0,9,2,69,,310081,28,0,9,2,30,,310093,28,0,9,1,71,,310106,28,0,9,2
8004,'H50S000S-82-S',544,,310121,28,0,9,2,67,,310118,28,0,9,1,25,,310171,28,0,9,1,66,,310122,28,0,9,2,24,,310177,28,0,9,2,14,,310119,28,0,9,1,15,,310173,28,0,9,2,50,,310172,28,0,9,1,12,,310138,28,0,9,2,12,,310133,28,0,9,1,15,,310141,28,0,9,1,14,,310123,28,0,9,2,61,,310120,28,0,9,1,8,,310157,28,0,9,2,11,,310174,28,0,9,2,12,,310134,28,0,9,1,52,,310139,28,0,9,2,11,,310129,28,0,9,1,15,,310142,28,0,9,1,16,,310124,28,0,9,2,14,,310175,28,0,9,2,53,,310158,28,0,9,2,13,,310140,28,0,9,2,13,,310164,28,0,9,2,13,,310130,28,0,9,1,54,,310125,28,0,9,2,16,,310143,28,0,9,1,17,,310176,28,0,9,2,16,,310135,28,0,9,1,57,,310159,28,0,9,2,17,,310165,28,0,9,2,17,,310131,28,0,9,1,58,,310126,28,0,9,2,17,,310144,28,0,9,1,16,,310136,28,0,9,1,19,,310160,28,0,9,2,58,,310166,28,0,9,2,18,,310132,28,0,9,1,18,,310127,28,0,9,2,56,,310145,28,0,9,1,12,,310149,28,0,9,1,12,,310137,28,0,9,1,12,,310161,28,0,9,2,12,,310151,28,0,9,2,51,,310167,28,0,9,2,12,,310150,28,0,9,2,14,,310169,28,0,9,1,15,,310128,28,0,9,2,57,,310146,28,0,9,1,33,,310162,28,0,9,2,13,,310168,28,0,9,2,55,,310152,28,0,9,1,17,,310170,28,0,9,1,23,,310147,28,0,9,1,69,,310163,28,0,9,2,29,,310153,28,0,9,1,69,,310148,28,0,9,1,30,,310115,28,0,9,2,70,,310154,28,0,9,1,30,,310112,28,0,9,1,69,,310116,28,0,9,2,27,,310155,28,0,9,1,69,,310113,28,0,9,1,28,,310117,28,0,9,2,24,,310156,28,0,9,1,68,,310114,28,0,9,1
8004,'H50S100F-80-F1',541,,310232,28,0,9,1,70,,310179,28,0,9,2,32,,310208,28,0,9,2,71,,310219,28,0,9,1,30,,310180,28,0,9,2,71,,310209,28,0,9,2,33,,310220,28,0,9,1,71,,310181,28,0,9,2,27,,310235,28,0,9,1,59,,310210,28,0,9,2,20,,310221,28,0,9,1,21,,310233,28,0,9,1,60,,310182,28,0,9,2,16,,310236,28,0,9,1,12,,310211,28,0,9,2,12,,310178,28,0,9,2,11,,310222,28,0,9,1,54,,310187,28,0,9,1,14,,310234,28,0,9,1,13,,310191,28,0,9,1,15,,310183,28,0,9,2,55,,310212,28,0,9,2,15,,310194,28,0,9,1,15,,310223,28,0,9,1,14,,310188,28,0,9,1,54,,310197,28,0,9,1,13,,310192,28,0,9,1,13,,310184,28,0,9,2,12,,310200,28,0,9,2,12,,310213,28,0,9,2,53,,310195,28,0,9,1,13,,310224,28,0,9,1,13,,310189,28,0,9,1,14,,310198,28,0,9,1,53,,310193,28,0,9,1,14,,310185,28,0,9,2,14,,310201,28,0,9,2,14,,310196,28,0,9,1,56,,310225,28,0,9,1,15,,310190,28,0,9,1,16,,310199,28,0,9,1,15,,310207,28,0,9,1,55,,310186,28,0,9,2,18,,310202,28,0,9,2,19,,310226,28,0,9,1,62,,310214,28,0,9,1,28,,310227,28,0,9,2,29,,310203,28,0,9,2,70,,310215,28,0,9,1,27,,310228,28,0,9,2,69,,310204,28,0,9,2,29,,310216,28,0,9,1,66,,310229,28,0,9,2,27,,310205,28,0,9,2,69,,310217,28,0,9,1,29,,310230,28,0,9,2,69,,310206,28,0,9,2,30,,310218,28,0,9,1,71,,310231,28,0,9,2
8004,'H50S200F-80-F2',541,,310291,28,0,9,1,70,,310238,28,0,9,2,32,,310267,28,0,9,2,71,,310278,28,0,9,1,30,,310239,28,0,9,2,71,,310268,28,0,9,2,33,,310279,28,0,9,1,71,,310240,28,0,9,2,27,,310294,28,0,9,1,59,,310269,28,0,9,2,20,,310280,28,0,9,1,21,,310292,28,0,9,1,60,,310241,28,0,9,2,16,,310295,28,0,9,1,12,,310270,28,0,9,2,12,,310237,28,0,9,2,11,,310281,28,0,9,1,54,,310246,28,0,9,1,14,,310293,28,0,9,1,13,,310250,28,0,9,1,15,,310242,28,0,9,2,55,,310271,28,0,9,2,15,,310253,28,0,9,1,15,,310282,28,0,9,1,14,,310247,28,0,9,1,54,,310256,28,0,9,1,13,,310251,28,0,9,1,13,,310243,28,0,9,2,12,,310259,28,0,9,2,12,,310272,28,0,9,2,53,,310254,28,0,9,1,13,,310283,28,0,9,1,13,,310248,28,0,9,1,14,,310257,28,0,9,1,53,,310252,28,0,9,1,14,,310244,28,0,9,2,14,,310260,28,0,9,2,14,,310255,28,0,9,1,56,,310284,28,0,9,1,15,,310249,28,0,9,1,16,,310258,28,0,9,1,15,,310266,28,0,9,1,55,,310245,28,0,9,2,18,,310261,28,0,9,2,19,,310285,28,0,9,1,62,,310273,28,0,9,1,28,,310286,28,0,9,2,29,,310262,28,0,9,2,70,,310274,28,0,9,1,27,,310287,28,0,9,2,69,,310263,28,0,9,2,29,,310275,28,0,9,1,66,,310288,28,0,9,2,27,,310264,28,0,9,2,69,,310276,28,0,9,1,29,,310289,28,0,9,2,69,,310265,28,0,9,2,30,,310277,28,0,9,1,71,,310290,28,0,9,2
8004,'H51S000S-81-S',835,,310297,28,0,9,2,72,,310296,28,0,9,1,911,,310298,28,0,9,1
8004,'H58S000S-83-S',713,,310299,28,0,9,1
12904,'H51S000A-80-A',648,,323764,37,0,9,2,70,,323782,37,0,9,1,30,,323770,37,0,9,1,73,,323765,37,0,9,2,32,,323783,37,0,9,1,70,,323771,37,0,9,1,30,,323766,37,0,9,2,72,,323784,37,0,9,1,32,,323772,37,0,9,1,72,,323767,37,0,9,2,75,,323785,37,0,9,1,32,,323773,37,0,9,1,72,,323768,37,0,9,2,28,,323797,37,0,9,2,23,,323786,37,0,9,1,63,,323774,37,0,9,1,25,,323798,37,0,9,1,62,,323769,37,0,9,2,20,,323793,37,0,9,1,23,,323787,37,0,9,1,68,,323775,37,0,9,1,28,,323799,37,0,9,1,68,,323794,37,0,9,1,28,,323788,37,0,9,1,68,,323776,37,0,9,1,28,,323800,37,0,9,1,68,,323795,37,0,9,1,23,,323789,37,0,9,1,27,,323777,37,0,9,1,65,,323801,33,0,105,1,24,,323796,33,0,105,1,65,,323790,33,0,105,1,29,,323778,33,0,105,1,70,,323802,33,0,105,1,32,,323791,33,0,105,1,76,,323779,33,0,105,1,83,,323803,33,0,105,1,40,,323780,33,0,105,1,80,,323792,33,0,105,1,80,,323781,33,0,105,1
12904,'H51S000I-80-I',635,,323817,37,0,9,2,85,,323809,37,0,9,1,82,,323818,37,0,9,2,40,,323810,37,0,9,1,75,,323804,37,0,9,1,34,,323819,37,0,9,2,73,,323811,37,0,9,1,33,,323805,37,0,9,1,73,,323820,37,0,9,2,74,,323812,37,0,9,1,32,,323806,37,0,9,1,64,,323822,37,0,9,1,23,,323821,37,0,9,2,22,,323813,37,0,9,1,63,,323830,37,0,9,2,26,,323807,37,0,9,1,66,,323823,37,0,9,1,24,,323814,37,0,9,1,25,,323831,37,0,9,2,66,,323808,37,0,9,1,27,,323824,37,0,9,1,71,,323815,37,0,9,1,30,,323832,37,0,9,2,71,,323825,37,0,9,1,30,,323816,37,0,9,1,69,,323833,37,0,9,2,27,,323826,37,0,9,1,68,,323838,33,0,105,2,40,,323834,33,0,105,2,80,,323827,33,0,105,1,80,,323839,33,0,105,2,37,,323835,33,0,105,2,78,,323828,33,0,105,1,79,,323836,33,0,105,2,41,,323829,33,0,105,1,79,,323837,33,0,105,2
12904,'H51S000S-81-S',635,,323840,37,0,9,1,72,,323850,37,0,9,2,40,,323857,37,0,9,2,67,,323862,37,0,9,2,6,,323863,37,0,9,2,4,,323864,37,0,9,1,5,,323868,37,0,9,2,4,,323869,37,0,9,2,4,,323870,37,0,9,2,9,,323856,37,0,9,2,6,,323841,37,0,9,1,64,,323851,37,0,9,2,9,,323852,37,0,9,1,29,,323858,37,0,9,2,80,,323865,37,0,9,1,67,,323842,37,0,9,1,28,,323853,37,0,9,1,28,,323859,37,0,9,2,67,,323866,37,0,9,1,26,,323871,37,0,9,1,66,,323843,37,0,9,1,25,,323854,37,0,9,1,65,,323860,37,0,9,2,26,,323867,37,0,9,1,23,,323872,37,0,9,1,62,,323844,37,0,9,1,25,,323855,37,0,9,1,64,,323877,37,0,9,1,24,,323861,37,0,9,2,21,,323881,37,0,9,2,65,,323883,37,0,9,2,25,,323845,37,0,9,1,65,,323873,37,0,9,1,24,,323878,37,0,9,1,25,,323882,37,0,9,2,62,,323884,37,0,9,2,23,,323846,37,0,105,1,69,,323874,37,0,105,1,25,,323879,33,0,105,1,68,,323885,33,0,105,2,30,,323847,33,0,105,1,70,,323875,33,0,105,1,27,,323880,33,0,105,1,30,,323886,33,0,105,2,69,,323848,33,0,105,1,76,,323876,33,0,105,1,41,,323887,33,0,105,2,85,,323849,33,0,105,1
12904,'H51S100F-80-F1',635,,323896,37,0,9,2,85,,323888,37,0,9,1,82,,323897,37,0,9,2,40,,323889,37,0,9,1,75,,323909,37,0,9,1,34,,323898,37,0,9,2,73,,323890,37,0,9,1,33,,323910,37,0,9,1,73,,323899,37,0,9,2,74,,323891,37,0,9,1,32,,323911,37,0,9,1,64,,323914,37,0,9,1,23,,323900,37,0,9,2,22,,323892,37,0,9,1,63,,323901,37,0,9,2,26,,323912,37,0,9,1,66,,323915,37,0,9,1,24,,323893,37,0,9,1,25,,323902,37,0,9,2,66,,323913,37,0,9,1,27,,323916,37,0,9,1,71,,323894,37,0,9,1,30,,323903,37,0,9,2,71,,323917,37,0,9,1,30,,323895,37,0,9,1,69,,323904,37,0,9,2,27,,323918,37,0,9,1,68,,323922,33,0,105,2,40,,323905,33,0,105,2,80,,323919,33,0,105,1,80,,323923,33,0,105,2,37,,323906,33,0,105,2,78,,323920,33,0,105,1,79,,323907,33,0,105,2,41,,323921,33,0,105,1,79,,323908,33,0,105,2
12904,'H51S200F-80-F2',635,,323932,37,0,9,2,85,,323924,37,0,9,1,82,,323933,37,0,9,2,40,,323925,37,0,9,1,75,,323945,37,0,9,1,34,,323934,37,0,9,2,73,,323926,37,0,9,1,33,,323946,37,0,9,1,73,,323935,37,0,9,2,74,,323927,37,0,9,1,32,,323947,37,0,9,1,64,,323950,37,0,9,1,23,,323936,37,0,9,2,22,,323928,37,0,9,1,63,,323937,37,0,9,2,26,,323948,37,0,9,1,66,,323951,37,0,9,1,24,,323929,37,0,9,1,25,,323938,37,0,9,2,66,,323949,37,0,9,1,27,,323952,37,0,9,1,71,,323930,37,0,9,1,30,,323939,37,0,9,2,71,,323953,37,0,9,1,30,,323931,37,0,9,1,69,,323940,37,0,9,2,27,,323954,37,0,9,1,68,,323958,33,0,105,2,40,,323941,33,0,105,2,80,,323955,33,0,105,1,80,,323959,33,0,105,2,37,,323942,33,0,105,2,78,,323956,33,0,105,1,79,,323943,33,0,105,2,41,,323957,33,0,105,1,79,,323944,33,0,105,2
12904,'H57S000S-80-S',759,,323961,37,0,9,1,82,,323962,37,0,9,2,16,,323963,37,0,9,2,80,,323960,37,0,9,1
12904,'H59S000S-80-S',732,,323965,37,0,9,1,76,,323966,37,0,9,2,99,,323967,37,0,9,2,105,,323964,37,0,9,2
36504,'H58S000A-80-A',2604,,346870,57,0,9,1,34,,346872,57,0,9,1,73,,346875,57,0,9,1,36,,346869,57,0,9,1,71,,346874,57,0,9,1,32,,346871,57,0,9,1,72,,346873,57,0,9,1
36504,'H58S000I-80-I',2601,,346876,57,0,9,1,40,,346878,57,0,9,1,80,,346880,57,0,9,1,80,,346877,57,0,9,1,41,,346879,57,0,9,1,80,,346881,57,0,9,1
36504,'H58S000S-83-S',2600,,346884,57,0,9,1,41,,346886,57,0,9,1,80,,346882,57,0,9,1,80,,346883,57,0,9,1,42,,346885,57,0,9,1,80,,346887,57,0,9,1
36504,'H58S100F-80-F1',2601,,346890,57,0,9,1,40,,346888,57,0,9,1,80,,346892,57,0,9,1,80,,346891,57,0,9,1,41,,346889,57,0,9,1,80,,346893,57,0,9,1
36504,'H58S200F-80-F2',2601,,346894,57,0,9,1,40,,346896,57,0,9,1,80,,346898,57,0,9,1,80,,346895,57,0,9,1,41,,346897,57,0,9,1,80,,346899,57,0,9,1
48004,'H50S000S-82-S',634,,350387,20,0,9,1,21,,350386,28,0,9,2,67,,350388,28,0,9,1,16,,350390,20,0,9,1,13,,350392,28,0,9,2,56,,350393,20,0,9,2,16,,350395,28,0,9,2,18,,350394,20,0,9,2,10,,350396,28,0,9,1,50,,350385,20,0,9,1,9,,350391,28,0,9,2,22,,350397,28,0,9,1,72,,350389,28,0,9,2
