12703,'H50S000A-82-A',720,,322848,26,0,8,2,32,,322827,26,0,8,2,73,,322849,26,0,8,2,33,,322828,26,0,8,2,73,,322850,26,0,8,2,28,,322835,26,0,8,2,68,,322829,26,0,8,2,28,,322851,26,0,8,2,68,,322836,26,0,8,2,29,,322830,26,0,8,2,69,,322852,26,0,8,2,30,,322837,26,0,8,2,70,,322831,26,0,8,2,30,,322853,26,0,8,2,70,,322838,26,0,8,2,30,,322832,26,0,8,2,70,,322854,26,0,8,2,32,,322839,26,0,8,2,70,,322833,26,0,8,2,30,,322855,26,0,8,2,70,,322840,26,0,8,2,30,,322834,26,0,8,2,68,,322856,26,0,8,2,31,,322841,26,0,8,2,71,,322857,26,0,8,2,29,,322842,26,0,8,2,70,,322858,26,0,8,2,29,,322843,26,0,8,2,70,,322859,26,0,8,2,30,,322844,26,0,8,2,70,,322860,26,0,8,2,30,,322845,26,0,8,2,70,,322861,26,0,8,2,30,,322846,26,0,8,2,69,,322862,26,0,8,2,29,,322847,26,0,8,2,69,,322863,26,0,8,2
12703,'H50S000I-82-I',719,,322889,26,0,8,2,32,,322864,26,0,8,2,70,,322897,26,0,8,2,30,,322890,26,0,8,2,70,,322865,26,0,8,2,30,,322898,26,0,8,2,70,,322891,26,0,8,2,30,,322866,26,0,8,2,70,,322899,26,0,8,2,30,,322892,26,0,8,2,70,,322867,26,0,8,2,30,,322900,26,0,8,2,70,,322893,26,0,8,2,30,,322868,26,0,8,2,70,,322879,26,0,8,2,30,,322894,26,0,8,2,70,,322869,26,0,8,2,31,,322880,26,0,8,2,69,,322895,26,0,8,2,29,,322870,26,0,8,2,69,,322881,26,0,8,2,31,,322896,26,0,8,2,71,,322871,26,0,8,2,32,,322882,26,0,8,2,71,,322872,26,0,8,2,29,,322883,26,0,8,2,70,,322873,26,0,8,2,29,,322884,26,0,8,2,70,,322874,26,0,8,2,29,,322885,26,0,8,2,70,,322875,26,0,8,2,29,,322886,26,0,8,2,70,,322876,26,0,8,2,30,,322887,26,0,8,2,69,,322877,26,0,8,2,29,,322888,26,0,8,2,70,,322878,26,0,8,2
12703,'H50S000S-82-S',558,,322902,26,0,8,2,65,,322905,26,0,8,2,22,,322911,26,0,8,2,62,,322918,26,0,8,2,22,,322903,26,0,8,2,21,,322906,26,0,8,2,60,,322912,26,0,8,2,20,,322919,26,0,8,2,20,,322904,26,0,8,2,60,,322907,26,0,8,2,22,,322913,26,0,8,2,21,,322920,26,0,8,2,68,,322908,26,0,8,2,30,,322914,26,0,8,2,70,,322921,26,0,8,2,30,,322909,26,0,8,2,70,,322915,26,0,8,2,30,,322922,26,0,8,2,70,,322910,26,0,8,2,30,,322916,26,0,8,2,69,,322901,26,0,8,2,29,,322942,26,0,8,2,70,,322917,26,0,8,2,35,,322931,26,0,8,2,66,,322923,26,0,8,2,23,,322940,26,0,8,2,60,,322943,26,0,8,2,20,,322932,26,0,8,2,20,,322924,26,0,8,2,58,,322941,26,0,8,2,20,,322944,26,0,8,2,23,,322933,26,0,8,2,64,,322925,26,0,8,2,23,,322945,26,0,8,2,23,,322934,26,0,8,2,64,,322926,26,0,8,2,31,,322935,26,0,8,2,70,,322927,26,0,8,2,31,,322936,26,0,8,2,70,,322928,26,0,8,2,31,,322937,26,0,8,2,70,,322929,26,0,8,2,31,,322938,26,0,8,2,70,,322930,26,0,8,2,29,,322939,26,0,8,2
12703,'H50S100F-80-F1',719,,322971,26,0,8,2,32,,322946,26,0,8,2,70,,322979,26,0,8,2,30,,322972,26,0,8,2,70,,322947,26,0,8,2,30,,322980,26,0,8,2,70,,322973,26,0,8,2,30,,322948,26,0,8,2,70,,322981,26,0,8,2,30,,322974,26,0,8,2,70,,322949,26,0,8,2,30,,322982,26,0,8,2,70,,322975,26,0,8,2,30,,322950,26,0,8,2,70,,322961,26,0,8,2,30,,322976,26,0,8,2,70,,322951,26,0,8,2,31,,322962,26,0,8,2,69,,322977,26,0,8,2,29,,322952,26,0,8,2,69,,322963,26,0,8,2,31,,322978,26,0,8,2,71,,322953,26,0,8,2,32,,322964,26,0,8,2,71,,322954,26,0,8,2,29,,322965,26,0,8,2,70,,322955,26,0,8,2,29,,322966,26,0,8,2,70,,322956,26,0,8,2,29,,322967,26,0,8,2,70,,322957,26,0,8,2,29,,322968,26,0,8,2,70,,322958,26,0,8,2,30,,322969,26,0,8,2,69,,322959,26,0,8,2,29,,322970,26,0,8,2,70,,322960,26,0,8,2
12703,'H50S200F-80-F2',719,,323008,26,0,8,2,32,,322983,26,0,8,2,70,,323016,26,0,8,2,30,,323009,26,0,8,2,70,,322984,26,0,8,2,30,,323017,26,0,8,2,70,,323010,26,0,8,2,30,,322985,26,0,8,2,70,,323018,26,0,8,2,30,,323011,26,0,8,2,70,,322986,26,0,8,2,30,,323019,26,0,8,2,70,,323012,26,0,8,2,30,,322987,26,0,8,2,70,,322998,26,0,8,2,30,,323013,26,0,8,2,70,,322988,26,0,8,2,31,,322999,26,0,8,2,69,,323014,26,0,8,2,29,,322989,26,0,8,2,69,,323000,26,0,8,2,31,,323015,26,0,8,2,71,,322990,26,0,8,2,32,,323001,26,0,8,2,71,,322991,26,0,8,2,29,,323002,26,0,8,2,70,,322992,26,0,8,2,29,,323003,26,0,8,2,70,,322993,26,0,8,2,29,,323004,26,0,8,2,70,,322994,26,0,8,2,29,,323005,26,0,8,2,70,,322995,26,0,8,2,30,,323006,26,0,8,2,69,,322996,26,0,8,2,29,,323007,26,0,8,2,70,,322997,26,0,8,2
21501,'H60S000A-80-A',514,,344148,41,0,5,1,23,,344149,41,0,5,2,67,,344154,41,0,5,2,33,,344162,41,0,5,2,74,,344172,41,0,5,1,33,,344155,41,0,5,2,72,,344163,41,0,5,2,33,,344157,41,0,5,1,66,,344150,41,0,5,1,25,,344180,41,0,5,1,64,,344164,41,0,5,2,23,,344189,41,0,5,1,26,,344158,41,0,5,1,68,,344186,41,0,5,2,31,,344165,41,0,5,2,72,,344190,41,0,5,1,30,,344159,41,0,5,1,70,,344187,41,0,5,2,30,,344166,41,0,5,2,71,,344191,41,0,5,1,28,,344160,41,0,5,1,67,,344188,41,0,5,2,26,,344167,41,0,5,2,60,,344156,41,0,5,1,19,,344173,41,0,5,1,19,,344161,41,0,5,1,58,,344175,41,0,5,1,20,,344170,41,0,5,1,20,,344168,41,0,5,2,58,,344181,41,0,5,1,17,,344169,41,0,5,2,18,,344174,41,0,5,1,21,,344176,41,0,5,1,65,,344171,41,0,5,1,33,,344182,41,0,5,1,73,,344177,41,0,5,1,73,,344151,41,0,5,1,33,,344183,41,0,5,1,73,,344178,41,0,5,1,33,,344152,41,0,5,1,72,,344184,41,0,5,1,30,,344179,41,0,5,1,71,,344153,41,0,5,1,33,,344185,41,0,5,1
21501,'H60S000I-81-I',514,,344192,41,0,5,1,25,,344202,41,0,5,1,65,,344206,41,0,5,1,25,,344207,41,0,5,1,30,,344193,41,0,5,1,71,,344203,41,0,5,1,73,,344208,41,0,5,1,30,,344194,41,0,5,1,72,,344204,41,0,5,1,32,,344209,41,0,5,1,74,,344195,41,0,5,1,33,,344205,41,0,5,1,73,,344210,41,0,5,1,33,,344196,41,0,5,1,71,,344221,41,0,5,2,26,,344218,41,0,5,1,66,,344211,41,0,5,2,27,,344197,41,0,5,1,69,,344222,41,0,5,2,26,,344225,41,0,5,1,66,,344212,41,0,5,2,30,,344198,41,0,5,1,71,,344223,41,0,5,2,30,,344226,41,0,5,1,70,,344213,41,0,5,2,30,,344199,41,0,5,1,70,,344224,41,0,5,2,29,,344227,41,0,5,1,73,,344214,41,0,5,2,33,,344200,41,0,5,1,72,,344228,41,0,5,1,30,,344215,41,0,5,2,73,,344201,41,0,5,1,32,,344229,41,0,5,1,70,,344216,41,0,5,2,26,,344231,41,0,5,1,63,,344219,41,0,5,1,21,,344230,41,0,5,1,24,,344217,41,0,5,2,66,,344232,41,0,5,1,40,,344220,41,0,5,1
21501,'H60S000S-83-S',512,,344233,41,0,5,1,25,,344239,41,0,5,2,65,,344254,41,0,5,1,26,,344260,41,0,5,2,28,,344263,41,0,5,1,68,,344259,41,0,5,2,26,,344262,41,0,5,2,66,,344251,41,0,5,1,30,,344266,41,0,5,1,68,,344264,41,0,5,2,24,,344234,41,0,5,1,68,,344240,41,0,5,1,27,,344256,41,0,5,1,70,,344267,41,0,5,1,30,,344235,41,0,5,1,71,,344241,41,0,5,1,28,,344257,41,0,5,1,26,,344268,41,0,5,1,65,,344272,41,0,5,1,23,,344236,41,0,5,1,58,,344242,41,0,5,1,16,,344274,41,0,5,2,17,,344258,41,0,5,1,18,,344270,41,0,5,1,54,,344269,41,0,5,1,12,,344273,41,0,5,1,12,,344265,41,0,5,1,14,,344237,41,0,5,1,11,,344261,41,0,5,1,53,,344243,41,0,5,1,16,,344250,41,0,5,2,18,,344246,41,0,5,2,58,,344271,41,0,5,1,15,,344255,16,0,5,1,2,,344276,41,0,5,1,18,,344275,41,0,5,1,21,,344238,41,0,5,1,62,,344244,41,0,5,1,27,,344247,41,0,5,2,67,,344277,41,0,5,1,28,,344283,41,0,5,1,69,,344245,41,0,5,1,30,,344248,41,0,5,2,71,,344284,41,0,5,2,31,,344281,41,0,5,1,69,,344252,41,0,5,1,32,,344249,41,0,5,2,71,,344279,41,0,5,1,23,,344253,16,0,5,1,4,,344282,41,0,5,1,70,,344278,41,0,5,2,45,,344280,41,0,5,1
21501,'H60S100F-80-F1',514,,344285,41,0,5,1,25,,344296,41,0,5,2,65,,344300,41,0,5,1,25,,344301,41,0,5,1,30,,344286,41,0,5,1,71,,344297,41,0,5,2,73,,344302,41,0,5,1,30,,344287,41,0,5,1,72,,344298,41,0,5,2,32,,344303,41,0,5,1,74,,344288,41,0,5,1,33,,344299,41,0,5,2,73,,344304,41,0,5,1,33,,344289,41,0,5,1,71,,344319,41,0,5,2,26,,344318,41,0,5,1,66,,344311,41,0,5,2,27,,344290,41,0,5,1,69,,344320,41,0,5,2,26,,344305,41,0,5,1,66,,344312,41,0,5,2,30,,344291,41,0,5,1,71,,344321,41,0,5,2,30,,344306,41,0,5,1,70,,344313,41,0,5,2,30,,344292,41,0,5,1,70,,344322,41,0,5,2,29,,344307,41,0,5,1,73,,344314,41,0,5,2,33,,344293,41,0,5,1,72,,344308,41,0,5,1,30,,344315,41,0,5,2,73,,344294,41,0,5,1,32,,344309,41,0,5,1,70,,344316,41,0,5,2,26,,344324,41,0,5,1,63,,344295,41,0,5,1,21,,344310,41,0,5,1,24,,344317,41,0,5,2,66,,344325,41,0,5,1,40,,344323,41,0,5,1
21501,'H60S200F-80-F2',514,,344326,41,0,5,1,25,,344337,41,0,5,2,65,,344341,41,0,5,1,25,,344342,41,0,5,1,30,,344327,41,0,5,1,71,,344338,41,0,5,2,73,,344343,41,0,5,1,30,,344328,41,0,5,1,72,,344339,41,0,5,2,32,,344344,41,0,5,1,74,,344329,41,0,5,1,33,,344340,41,0,5,2,73,,344345,41,0,5,1,33,,344330,41,0,5,1,71,,344360,41,0,5,2,26,,344359,41,0,5,1,66,,344352,41,0,5,2,27,,344331,41,0,5,1,69,,344361,41,0,5,2,26,,344346,41,0,5,1,66,,344353,41,0,5,2,30,,344332,41,0,5,1,71,,344362,41,0,5,2,30,,344347,41,0,5,1,70,,344354,41,0,5,2,30,,344333,41,0,5,1,70,,344363,41,0,5,2,29,,344348,41,0,5,1,73,,344355,41,0,5,2,33,,344334,41,0,5,1,72,,344349,41,0,5,1,30,,344356,41,0,5,2,73,,344335,41,0,5,1,32,,344350,41,0,5,1,70,,344357,41,0,5,2,26,,344365,41,0,5,1,63,,344336,41,0,5,1,21,,344351,41,0,5,1,24,,344358,41,0,5,2,66,,344366,41,0,5,1,40,,344364,41,0,5,1
