6802,'H60S000A-80-A',457,,306984,13,0,10,1,69,,306985,13,0,10,1,28,,307010,13,0,10,2,70,,306998,13,0,10,2,30,,306986,13,0,10,1,70,,307011,13,0,10,2,30,,306999,13,0,10,2,72,,306987,13,0,10,1,30,,307012,13,0,10,2,71,,307000,13,0,10,2,31,,306988,13,0,10,1,72,,307013,13,0,10,2,73,,307001,13,0,10,2,33,,306989,13,0,10,1,70,,307014,13,0,10,2,33,,307002,13,0,10,2,71,,306990,13,0,10,1,29,,307015,13,0,10,2,72,,307003,13,0,10,2,31,,306991,13,0,10,1,69,,307016,13,0,10,2,32,,307004,13,0,10,2,71,,306992,13,0,10,1,29,,307017,13,0,10,2,72,,307005,13,0,10,2,31,,306993,13,0,10,1,69,,307018,13,0,10,2,30,,307006,13,0,10,2,71,,306994,13,0,10,1,29,,307019,13,0,10,2,70,,307007,13,0,10,2,27,,306995,13,0,10,1,69,,307020,13,0,10,2,30,,307008,13,0,10,2,67,,306996,13,0,10,1,28,,307021,13,0,10,2,70,,307009,13,0,10,2,32,,306997,13,0,10,1,73,,307022,13,0,10,2,31,,307024,13,0,10,1,70,,307023,13,0,10,1,30,,307025,13,0,10,1
6802,'H60S000I-81-I',458,,307027,13,0,10,1,76,,307040,13,0,10,1,76,,307041,13,0,10,2,34,,307028,13,0,10,1,73,,307054,13,0,10,2,33,,307042,13,0,10,2,74,,307029,13,0,10,1,32,,307055,13,0,10,2,73,,307043,13,0,10,2,73,,307030,13,0,10,1,31,,307056,13,0,10,2,69,,307044,13,0,10,2,28,,307031,13,0,10,1,70,,307057,13,0,10,2,31,,307045,13,0,10,2,70,,307032,13,0,10,1,30,,307058,13,0,10,2,70,,307046,13,0,10,2,30,,307033,13,0,10,1,70,,307059,13,0,10,2,30,,307047,13,0,10,2,70,,307034,13,0,10,1,30,,307060,13,0,10,2,71,,307048,13,0,10,2,30,,307035,13,0,10,1,69,,307061,13,0,10,2,30,,307049,13,0,10,2,70,,307036,13,0,10,1,30,,307062,13,0,10,2,70,,307050,13,0,10,2,27,,307037,13,0,10,1,28,,307063,13,0,10,2,70,,307051,13,0,10,2,27,,307038,13,0,10,1,67,,307064,13,0,10,2,30,,307052,13,0,10,2,67,,307039,13,0,10,1,28,,307065,13,0,10,2,75,,307053,13,0,10,2,35,,307026,13,0,10,1,75,,307066,13,0,10,1
6802,'H60S000S-83-S',455,,307072,13,0,10,1,77,,307077,13,0,10,1,77,,307075,13,0,10,1,34,,307083,13,0,10,1,74,,307085,13,0,10,2,34,,307076,13,0,10,1,75,,307084,13,0,10,1,74,,307086,13,0,10,2,30,,307078,13,0,96 97,1,70,,307087,13,0,96 97,1,30,,307067,13,0,96 97,1,29,,307079,13,0,96 97,1,69,,307088,13,0,96 97,1,72,,307068,13,0,96 97,1,32,,307080,13,0,96 97,1,72,,307089,13,0,96 97,1,24,,307069,13,0,96 97,1,20,,307081,13,0,10,1,55,,307073,13,0,96 97,2,13,,307090,13,0,10,1,12,,307094,13,0,96 97,2,13,,307096,13,0,10,2,13,,307070,13,0,96 97,1,53,,307092,13,0,10,2,12,,307074,13,0,96 97,2,12,,307082,13,0,10,1,11,,307095,13,0,96 97,2,12,,307105,13,0,10,1,52,,307091,13,0,96 97,1,10,,307118,13,0,10,1,9,,307098,13,0,96 97,2,8,,307071,13,0,10,1,9,,307097,13,0,96 97,2,10,,307111,13,0,10,2,53,,307093,13,0,96 97,2,14,,307100,13,0,10,1,14,,307120,13,0,96 97,2,14,,307099,13,0,10,1,54,,307119,13,0,96 97,1,12,,307106,13,0,10,1,19,,307112,13,0,96 97,2,22,,307113,13,0,10,1,68,,307101,13,0,10,1,32,,307107,13,0,10,1,73,,307114,13,0,10,1,30,,307102,13,0,10,1,72,,307108,13,0,10,1,73,,307115,13,0,10,1,32,,307103,13,0,10,1,73,,307109,13,0,10,1,33,,307116,13,0,10,1,73,,307104,13,0,10,1,30,,307110,13,0,10,1,70,,307117,13,0,10,1
6802,'H60S100F-80-F1',458,,307121,13,0,10,1,76,,307135,13,0,10,1,76,,307136,13,0,10,2,34,,307122,13,0,10,1,73,,307149,13,0,10,1,33,,307137,13,0,10,2,74,,307123,13,0,10,1,32,,307150,13,0,10,1,73,,307138,13,0,10,2,73,,307124,13,0,10,1,31,,307151,13,0,10,1,69,,307139,13,0,10,2,28,,307125,13,0,10,1,70,,307152,13,0,10,1,31,,307140,13,0,10,2,70,,307126,13,0,10,1,30,,307153,13,0,10,1,70,,307141,13,0,10,2,30,,307127,13,0,10,1,70,,307154,13,0,10,1,30,,307142,13,0,10,2,70,,307128,13,0,10,1,30,,307155,13,0,10,1,71,,307143,13,0,10,2,30,,307129,13,0,10,1,69,,307156,13,0,10,1,30,,307144,13,0,10,2,70,,307130,13,0,10,1,30,,307157,13,0,10,1,70,,307145,13,0,10,2,27,,307131,13,0,10,1,28,,307158,13,0,10,1,70,,307146,13,0,10,2,27,,307132,13,0,10,1,67,,307159,13,0,10,1,30,,307147,13,0,10,2,67,,307133,13,0,10,1,28,,307160,13,0,10,1,75,,307148,13,0,10,2,35,,307134,13,0,10,2,75,,307161,13,0,10,1
6802,'H60S200F-80-F2',458,,307162,13,0,10,1,76,,307176,13,0,10,1,76,,307177,13,0,10,2,34,,307163,13,0,10,1,73,,307190,13,0,10,1,33,,307178,13,0,10,2,74,,307164,13,0,10,1,32,,307191,13,0,10,1,73,,307179,13,0,10,2,73,,307165,13,0,10,1,31,,307192,13,0,10,1,69,,307180,13,0,10,2,28,,307166,13,0,10,1,70,,307193,13,0,10,1,31,,307181,13,0,10,2,70,,307167,13,0,10,1,30,,307194,13,0,10,1,70,,307182,13,0,10,2,30,,307168,13,0,10,1,70,,307195,13,0,10,1,30,,307183,13,0,10,2,70,,307169,13,0,10,1,30,,307196,13,0,10,1,71,,307184,13,0,10,2,30,,307170,13,0,10,1,69,,307197,13,0,10,1,30,,307185,13,0,10,2,70,,307171,13,0,10,1,30,,307198,13,0,10,1,70,,307186,13,0,10,2,27,,307172,13,0,10,1,28,,307199,13,0,10,1,70,,307187,13,0,10,2,27,,307173,13,0,10,1,67,,307200,13,0,10,1,30,,307188,13,0,10,2,67,,307174,13,0,10,1,28,,307201,13,0,10,1,75,,307189,13,0,10,2,35,,307175,13,0,10,2,75,,307202,13,0,10,1
38202,'H60S000A-80-A',2627,,347374,73,0,10,1,85,,347376,73,0,10,1,45,,347373,73,0,10,1,85,,347375,73,0,10,1
38202,'H60S000I-81-I',2628,,347379,73,0,10,1,84,,347378,73,0,10,1,44,,347377,73,0,10,1,85,,347380,73,0,10,1
38202,'H60S000S-83-S',2628,,347381,73,0,10,2,85,,347384,73,0,10,1,44,,347382,73,0,10,1,85,,347383,73,0,10,1
38202,'H60S100F-80-F1',2628,,347387,73,0,10,1,84,,347385,73,0,10,1,44,,347386,73,0,10,2,85,,347388,73,0,10,1
38202,'H60S200F-80-F2',2628,,347391,73,0,10,1,84,,347389,73,0,10,1,44,,347390,73,0,10,2,85,,347392,73,0,10,1
46802,'H50S000S-82-S',1502,,349671,19,0,10,1
46802,'H60S000A-80-A',706,,349686,19,0,10,2,31,,349672,19,0,10,1,71,,349679,19,0,10,2,32,,349693,19,0,10,1,70,,349687,19,0,10,2,33,,349673,19,0,10,1,73,,349680,19,0,10,2,31,,349694,19,0,10,1,70,,349688,19,0,10,2,32,,349674,19,0,10,1,73,,349681,19,0,10,2,32,,349695,19,0,10,1,71,,349689,19,0,10,2,31,,349675,19,0,10,1,73,,349682,19,0,10,2,72,,349696,19,0,10,1,33,,349690,19,0,10,2,73,,349676,19,0,10,1,32,,349683,19,0,10,2,71,,349697,19,0,10,1,32,,349691,19,0,10,2,73,,349677,19,0,10,1,32,,349684,19,0,10,2,70,,349698,19,0,10,1,32,,349692,19,0,10,2,73,,349678,19,0,10,1,31,,349685,19,0,10,2,68,,349699,19,0,10,1
46802,'H60S000I-81-I',710,,349714,19,0,10,2,30,,349700,19,0,10,1,70,,349707,19,0,10,2,30,,349721,19,0,10,1,73,,349715,19,0,10,2,31,,349701,19,0,10,1,72,,349708,19,0,10,2,30,,349722,19,0,10,1,73,,349716,19,0,10,2,31,,349702,19,0,10,1,72,,349709,19,0,10,2,31,,349723,19,0,10,1,72,,349717,19,0,10,2,32,,349703,19,0,10,1,72,,349710,19,0,10,2,71,,349724,19,0,10,1,33,,349718,19,0,10,2,73,,349704,19,0,10,1,33,,349711,19,0,10,2,71,,349725,19,0,10,1,31,,349719,19,0,10,2,73,,349705,19,0,10,1,31,,349712,19,0,10,2,72,,349726,19,0,10,1,30,,349720,19,0,10,2,73,,349706,19,0,10,1,32,,349713,19,0,10,2,71,,349727,19,0,10,1
46802,'H60S000S-83-S',639,,349731,19,0,10,1,13,,349728,19,0,10,1,52,,349742,19,0,10,1,12,,349729,19,0,10,2,13,,349735,19,0,10,2,14,,349736,19,0,10,1,13,,349741,19,0,10,2,52,,349754,19,0,10,2,12,,349730,19,0,10,1,12,,349751,19,0,10,2,17,,349732,19,0,10,1,61,,349743,19,0,10,1,21,,349750,19,0,10,1,22,,349737,19,0,10,1,66,,349755,19,0,10,2,30,,349733,19,0,10,1,71,,349744,19,0,10,1,31,,349738,19,0,10,1,70,,349756,19,0,10,2,30,,349734,19,0,10,1,67,,349745,19,0,10,1,31,,349739,19,0,10,1,79,,349757,19,0,10,2,106,,349746,19,0,10,1,69,,349759,19,0,10,2,30,,349740,19,0,10,1,69,,349758,19,0,10,2,26,,349763,19,0,10,2,29,,349747,19,0,10,1,72,,349764,19,0,10,1,28,,349760,19,0,10,2,66,,349752,19,0,10,1,31,,349748,19,0,10,1,72,,349765,19,0,10,1,31,,349761,19,0,10,2,70,,349753,19,0,10,1,30,,349749,19,0,10,1,69,,349766,19,0,10,1,31,,349762,19,0,10,2
46802,'H60S100F-80-F1',710,,349781,19,0,10,1,30,,349767,19,0,10,2,70,,349774,19,0,10,1,30,,349788,19,0,10,2,73,,349782,19,0,10,1,31,,349768,19,0,10,2,72,,349775,19,0,10,1,30,,349789,19,0,10,2,73,,349783,19,0,10,1,31,,349769,19,0,10,2,72,,349776,19,0,10,1,31,,349790,19,0,10,2,72,,349784,19,0,10,1,32,,349770,19,0,10,2,72,,349777,19,0,10,1,71,,349791,19,0,10,2,33,,349785,19,0,10,1,73,,349771,19,0,10,2,33,,349778,19,0,10,1,71,,349792,19,0,10,2,31,,349786,19,0,10,1,73,,349772,19,0,10,2,31,,349779,19,0,10,1,72,,349793,19,0,10,2,30,,349787,19,0,10,1,73,,349773,19,0,10,2,32,,349780,19,0,10,1,71,,349794,19,0,10,2
46802,'H60S200F-80-F2',710,,349809,19,0,10,1,30,,349795,19,0,10,2,70,,349802,19,0,10,1,30,,349816,19,0,10,2,73,,349810,19,0,10,1,31,,349796,19,0,10,2,72,,349803,19,0,10,1,30,,349817,19,0,10,2,73,,349811,19,0,10,1,31,,349797,19,0,10,2,72,,349804,19,0,10,1,31,,349818,19,0,10,2,72,,349812,19,0,10,1,32,,349798,19,0,10,2,72,,349805,19,0,10,1,71,,349819,19,0,10,2,33,,349813,19,0,10,1,73,,349799,19,0,10,2,33,,349806,19,0,10,1,71,,349820,19,0,10,2,31,,349814,19,0,10,1,73,,349800,19,0,10,2,31,,349807,19,0,10,1,72,,349821,19,0,10,2,30,,349815,19,0,10,1,73,,349801,19,0,10,2,32,,349808,19,0,10,1,71,,349822,19,0,10,2
47502,'H60S000S-83-S',715,,350358,24,0,10,1,21,,350359,24,0,10,2,70,,350361,24,0,10,2,30,,350362,24,0,10,2,70,,350364,24,0,10,1,642,,350365,24,0,10,1,71,,350369,24,0,10,2,31,,350367,24,0,10,2,70,,350368,24,0,10,1,19,,350370,24,0,10,2,19,,350366,24,0,10,1,58,,350363,24,0,10,1,18,,350371,24,0,10,1,20,,350360,24,0,10,1
