17904,'H50S000S-82-S',746,,334081,12,0,9,1,978,,334082,12,0,9,2
17904,'H51S000A-80-A',610,,334088,12,0,9,1,29,,334105,12,0,9,2,69,,334089,12,0,9,1,32,,334106,12,0,9,2,71,,334090,12,0,9,1,32,,334107,12,0,9,2,73,,334091,12,0,9,1,33,,334108,12,0,9,2,64,,334116,12,0,9,2,24,,334092,12,0,9,1,64,,334109,12,0,9,2,25,,334117,12,0,9,2,24,,334093,12,0,9,1,57,,334083,12,0,9,2,16,,334110,12,0,9,2,17,,334122,12,0,9,2,17,,334118,12,0,9,2,56,,334094,12,0,9,1,17,,334084,12,0,9,2,16,,334111,12,0,9,2,57,,334123,12,0,9,2,17,,334119,12,0,9,2,17,,334095,12,0,9,1,16,,334085,12,0,9,2,56,,334112,12,0,9,2,15,,334133,12,0,9,1,15,,334124,12,0,9,2,15,,334120,12,0,9,2,54,,334096,12,0,9,1,14,,334086,12,0,9,2,14,,334113,12,0,9,2,14,,334134,12,0,9,1,54,,334125,12,0,9,2,14,,334121,12,0,9,2,14,,334097,12,0,9,1,13,,334087,12,0,9,2,14,,334114,12,0,9,2,54,,334135,12,0,9,1,13,,334126,12,0,9,2,22,,334098,12,0,9,1,69,,334115,12,0,9,2,30,,334127,12,0,9,2,71,,334099,12,0,9,1,31,,334128,12,0,9,2,70,,334100,12,0,9,1,28,,334129,12,0,9,2,69,,334101,12,0,9,1,28,,334130,12,0,9,2,68,,334102,12,0,9,1,28,,334131,12,0,9,2,68,,334103,12,0,9,1,27,,334132,12,0,9,2,68,,334104,12,0,9,1
17904,'H51S000I-80-I',706,,334136,12,0,9,1,30,,334140,12,0,9,1,70,,334137,12,0,9,1,31,,334141,12,0,9,1,70,,334138,12,0,9,1,32,,334142,12,0,9,1,71,,334139,12,0,9,1,30,,334152,12,0,9,2,71,,334143,12,0,9,1,29,,334157,12,0,9,2,65,,334153,12,0,9,2,26,,334144,12,0,9,1,26,,334148,12,0,9,1,66,,334154,12,0,9,2,22,,334166,12,0,9,2,60,,334145,12,0,9,1,17,,334149,12,0,9,1,18,,334177,12,0,9,2,16,,334155,12,0,9,2,56,,334167,12,0,9,2,16,,334146,12,0,9,1,16,,334150,12,0,9,1,56,,334178,12,0,9,2,16,,334156,12,0,9,2,15,,334168,12,0,9,2,13,,334158,12,0,9,1,14,,334147,12,0,9,1,54,,334151,12,0,9,1,16,,334179,12,0,9,2,20,,334169,12,0,9,2,66,,334159,12,0,9,1,29,,334180,12,0,9,2,69,,334170,12,0,9,2,30,,334160,12,0,9,1,70,,334171,12,0,9,2,30,,334161,12,0,9,1,70,,334172,12,0,9,2,30,,334162,12,0,9,1,70,,334173,12,0,9,2,29,,334163,12,0,9,1,70,,334174,12,0,9,2,30,,334164,12,0,9,1,70,,334175,12,0,9,2,29,,334165,12,0,9,1,68,,334176,12,0,9,2
17904,'H51S000S-81-S',519,,334181,12,0,9,1,30,,334182,12,0,9,2,62,,334186,12,0,9,2,32,,334189,12,0,9,1,62,,334183,12,0,9,2,16,,334187,12,0,9,2,14,,334206,12,0,9,2,21,,334190,12,0,9,1,51,,334188,12,0,9,2,9,,334208,12,0,9,2,17,,334184,12,0,9,2,21,,334207,12,0,9,2,60,,334191,12,0,9,1,20,,334209,12,0,9,2,22,,334185,12,0,9,2,61,,334194,12,0,9,1,26,,334192,12,0,9,1,65,,334210,12,0,9,2,24,,334195,12,0,9,1,24,,334215,12,0,9,2,58,,334193,12,0,9,1,18,,334211,12,0,9,2,19,,334196,12,0,9,1,60,,334227,12,0,9,2,20,,334216,12,0,9,2,20,,334212,12,0,9,2,61,,334197,12,0,9,1,21,,334228,12,0,9,2,21,,334217,12,0,9,2,61,,334213,12,0,9,2,23,,334198,12,0,9,1,62,,334229,12,0,9,2,16,,334233,12,0,9,2,16,,334218,12,0,9,2,12,,334214,12,0,9,2,12,,334234,12,0,9,2,54,,334199,12,0,9,1,32,,334230,12,0,9,2,68,,334219,12,0,9,2,27,,334200,12,0,9,1,68,,334231,12,0,9,2,26,,334220,12,0,9,2,28,,334221,12,0,9,1,71,,334201,12,0,9,1,28,,334232,12,0,9,2,68,,334222,12,0,9,1,29,,334202,12,0,9,1,69,,334223,12,0,9,1,28,,334203,12,0,9,1,69,,334224,12,0,9,1,29,,334204,12,0,9,1,68,,334225,12,0,9,1,28,,334205,12,0,9,1,68,,334226,12,0,9,1
17904,'H51S100F-80-F1',706,,334235,12,0,9,1,30,,334255,12,0,9,1,70,,334236,12,0,9,1,31,,334256,12,0,9,1,70,,334237,12,0,9,1,32,,334257,12,0,9,1,71,,334238,12,0,9,1,30,,334267,12,0,9,2,71,,334258,12,0,9,1,29,,334239,12,0,9,2,65,,334268,12,0,9,2,26,,334259,12,0,9,1,26,,334263,12,0,9,1,66,,334269,12,0,9,2,22,,334240,12,0,9,2,60,,334260,12,0,9,1,17,,334264,12,0,9,1,18,,334251,12,0,9,2,16,,334270,12,0,9,2,56,,334241,12,0,9,2,16,,334261,12,0,9,1,16,,334265,12,0,9,1,56,,334252,12,0,9,2,16,,334271,12,0,9,2,15,,334242,12,0,9,2,13,,334272,12,0,9,1,14,,334262,12,0,9,1,54,,334266,12,0,9,1,16,,334253,12,0,9,2,20,,334243,12,0,9,2,66,,334273,12,0,9,1,29,,334254,12,0,9,2,69,,334244,12,0,9,2,30,,334274,12,0,9,1,70,,334245,12,0,9,2,30,,334275,12,0,9,1,70,,334246,12,0,9,2,30,,334276,12,0,9,1,70,,334247,12,0,9,2,29,,334277,12,0,9,1,70,,334248,12,0,9,2,30,,334278,12,0,9,1,70,,334249,12,0,9,2,29,,334279,12,0,9,1,68,,334250,12,0,9,2
17904,'H51S200F-80-F2',706,,334280,12,0,9,1,30,,334300,12,0,9,1,70,,334281,12,0,9,1,31,,334301,12,0,9,1,70,,334282,12,0,9,1,32,,334302,12,0,9,1,71,,334283,12,0,9,1,30,,334312,12,0,9,2,71,,334303,12,0,9,1,29,,334284,12,0,9,2,65,,334313,12,0,9,2,26,,334304,12,0,9,1,26,,334308,12,0,9,1,66,,334314,12,0,9,2,22,,334285,12,0,9,2,60,,334305,12,0,9,1,17,,334309,12,0,9,1,18,,334296,12,0,9,2,16,,334315,12,0,9,2,56,,334286,12,0,9,2,16,,334306,12,0,9,1,16,,334310,12,0,9,1,56,,334297,12,0,9,2,16,,334316,12,0,9,2,15,,334287,12,0,9,2,13,,334317,12,0,9,1,14,,334307,12,0,9,1,54,,334311,12,0,9,1,16,,334298,12,0,9,2,20,,334288,12,0,9,2,66,,334318,12,0,9,1,29,,334299,12,0,9,2,69,,334289,12,0,9,2,30,,334319,12,0,9,1,70,,334290,12,0,9,2,30,,334320,12,0,9,1,70,,334291,12,0,9,2,30,,334321,12,0,9,1,70,,334292,12,0,9,2,29,,334322,12,0,9,1,70,,334293,12,0,9,2,30,,334323,12,0,9,1,70,,334294,12,0,9,2,29,,334324,12,0,9,1,68,,334295,12,0,9,2
36504,'H58S000A-80-A',2536,,346870,23,0,9,1,75,,346872,23,0,9,1,33,,346875,23,0,9,1,76,,346869,23,0,9,1,33,,346874,23,0,9,1,72,,346871,23,0,9,1,32,,346873,23,0,9,1
36504,'H58S000I-80-I',2536,,346876,23,0,9,1,80,,346878,23,0,9,1,40,,346880,23,0,9,1,80,,346877,23,0,9,1,80,,346879,23,0,9,1,40,,346881,23,0,9,1
36504,'H58S000S-83-S',2535,,346884,23,0,9,1,81,,346886,23,0,9,1,40,,346882,23,0,9,1,80,,346883,23,0,9,1,80,,346885,23,0,9,1,40,,346887,23,0,9,1
36504,'H58S100F-80-F1',2536,,346890,23,0,9,1,80,,346888,23,0,9,1,40,,346892,23,0,9,1,80,,346891,23,0,9,1,80,,346889,23,0,9,1,40,,346893,23,0,9,1
36504,'H58S200F-80-F2',2536,,346894,23,0,9,1,80,,346896,23,0,9,1,40,,346898,23,0,9,1,80,,346895,23,0,9,1,80,,346897,23,0,9,1,40,,346899,23,0,9,1
