9202,'H50S000S-82-S',1628,,312102,4,0,10,1,198,,312103,4,0,10,1
9202,'H51S000A-80-A',547,,312117,4,0,10,1,73,,312104,4,0,10,1,33,,312129,4,0,10,1,73,,312118,4,0,10,1,32,,312105,4,0,10,1,72,,312130,4,0,10,1,70,,312119,4,0,10,1,30,,312106,4,0,10,1,70,,312131,4,0,10,1,31,,312120,4,0,10,1,71,,312107,4,0,10,1,32,,312132,4,0,10,1,72,,312121,4,0,10,1,33,,312108,4,0,10,1,74,,312133,4,0,10,1,35,,312122,4,0,10,1,73,,312109,4,0,10,1,32,,312142,4,0,10,2,70,,312134,4,0,10,1,33,,312123,4,0,10,1,73,,312110,4,0,10,1,74,,312135,4,0,10,1,33,,312124,4,0,10,1,73,,312111,4,0,10,1,32,,312136,4,0,10,1,72,,312125,4,0,10,1,32,,312112,4,0,10,1,72,,312137,4,0,10,1,30,,312126,4,0,10,1,70,,312113,4,0,10,1,30,,312138,4,0,10,1,70,,312127,4,0,10,1,30,,312114,4,0,10,1,70,,312139,4,0,10,1,30,,312128,4,0,10,1,70,,312115,4,0,10,1,30,,312140,4,0,10,1,73,,312116,4,0,10,1,33,,312141,4,0,10,1
9202,'H51S000I-80-I',514,,312143,4,0,10,1,33,,312147,4,0,10,2,73,,312163,4,0,10,2,32,,312158,4,0,10,1,70,,312148,4,0,10,2,30,,312164,4,0,10,2,70,,312159,4,0,10,1,30,,312149,4,0,10,2,70,,312165,4,0,10,2,30,,312160,4,0,10,1,71,,312150,4,0,10,2,32,,312166,4,0,10,2,72,,312161,4,0,10,1,32,,312151,4,0,10,2,72,,312167,4,0,10,2,73,,312162,4,0,10,1,33,,312152,4,0,10,2,74,,312168,4,0,10,2,33,,312175,4,0,10,1,73,,312153,4,0,10,2,34,,312169,4,0,10,2,73,,312176,4,0,10,1,32,,312154,4,0,10,2,72,,312170,4,0,10,2,72,,312177,4,0,10,1,32,,312155,4,0,10,2,72,,312171,4,0,10,2,32,,312178,4,0,10,1,72,,312156,4,0,10,2,32,,312172,4,0,10,2,72,,312179,4,0,10,1,32,,312157,4,0,10,2,72,,312173,4,0,10,2,32,,312180,4,0,10,1,72,,312144,4,0,10,1,31,,312174,4,0,10,2,72,,312181,4,0,10,1,31,,312145,4,0,10,1,70,,312182,4,0,10,1,30,,312146,4,0,10,1
9202,'H51S000S-81-S',509,,312183,4,0,10,1,23,,312190,4,0,10,2,18,,312196,4,0,10,1,58,,312207,4,0,10,1,17,,312184,4,0,10,1,15,,312209,4,0,10,2,15,,312191,4,0,10,2,55,,312215,4,0,10,1,15,,312197,4,0,10,1,15,,312223,4,0,10,2,15,,312208,4,0,10,1,55,,312185,4,0,10,1,16,,312192,4,0,10,2,16,,312210,4,0,10,2,60,,312216,4,0,10,1,28,,312198,4,0,10,1,28,,312186,4,0,10,1,68,,312211,4,0,10,2,28,,312217,4,0,10,1,68,,312199,4,0,10,1,28,,312187,4,0,10,1,69,,312212,4,0,10,2,28,,312218,4,0,10,1,68,,312200,4,0,10,1,28,,312188,4,0,10,1,68,,312213,4,0,10,2,27,,312219,4,0,10,1,64,,312232,4,0,10,2,16,,312201,4,0,10,1,16,,312225,4,0,10,1,16,,312189,4,0,10,1,56,,312214,4,0,10,2,44,,312220,4,0,10,1,63,,312233,4,0,10,2,23,,312226,4,0,10,1,64,,312202,4,0,10,1,53,,312193,4,0,10,2,70,,312227,4,0,10,1,29,,312203,4,0,10,1,70,,312194,4,0,10,2,30,,312228,4,0,10,1,70,,312204,4,0,10,1,30,,312195,4,0,10,2,70,,312229,4,0,10,1,30,,312205,4,0,10,1,70,,312221,4,0,10,1,30,,312230,4,0,10,1,69,,312206,4,0,10,1,30,,312222,4,0,10,1,70,,312231,4,0,10,1,32,,312224,4,0,10,1
9202,'H51S100F-80-F1',514,,312234,4,0,10,1,33,,312235,4,0,10,2,73,,312246,4,0,10,2,32,,312258,4,0,10,1,70,,312236,4,0,10,2,30,,312247,4,0,10,2,70,,312259,4,0,10,1,30,,312237,4,0,10,2,70,,312248,4,0,10,2,30,,312260,4,0,10,1,71,,312238,4,0,10,2,32,,312249,4,0,10,2,72,,312261,4,0,10,1,32,,312239,4,0,10,2,72,,312250,4,0,10,2,73,,312262,4,0,10,1,33,,312240,4,0,10,2,74,,312251,4,0,10,2,33,,312263,4,0,10,1,73,,312241,4,0,10,2,34,,312252,4,0,10,2,73,,312264,4,0,10,1,32,,312242,4,0,10,2,72,,312253,4,0,10,2,72,,312265,4,0,10,1,32,,312243,4,0,10,2,72,,312254,4,0,10,2,32,,312266,4,0,10,1,72,,312244,4,0,10,2,32,,312255,4,0,10,2,72,,312267,4,0,10,1,32,,312245,4,0,10,2,72,,312256,4,0,10,2,32,,312268,4,0,10,1,72,,312271,4,0,10,1,31,,312257,4,0,10,2,72,,312269,4,0,10,1,31,,312272,4,0,10,1,70,,312270,4,0,10,1,30,,312273,4,0,10,1
9202,'H51S200F-80-F2',514,,312274,4,0,10,1,33,,312275,4,0,10,2,73,,312286,4,0,10,2,32,,312298,4,0,10,1,70,,312276,4,0,10,2,30,,312287,4,0,10,2,70,,312299,4,0,10,1,30,,312277,4,0,10,2,70,,312288,4,0,10,2,30,,312300,4,0,10,1,71,,312278,4,0,10,2,32,,312289,4,0,10,2,72,,312301,4,0,10,1,32,,312279,4,0,10,2,72,,312290,4,0,10,2,73,,312302,4,0,10,1,33,,312280,4,0,10,2,74,,312291,4,0,10,2,33,,312303,4,0,10,1,73,,312281,4,0,10,2,34,,312292,4,0,10,2,73,,312304,4,0,10,1,32,,312282,4,0,10,2,72,,312293,4,0,10,2,72,,312305,4,0,10,1,32,,312283,4,0,10,2,72,,312294,4,0,10,2,32,,312306,4,0,10,1,72,,312284,4,0,10,2,32,,312295,4,0,10,2,72,,312307,4,0,10,1,32,,312285,4,0,10,2,72,,312296,4,0,10,2,32,,312308,4,0,10,1,72,,312311,4,0,10,1,31,,312297,4,0,10,2,72,,312309,4,0,10,1,31,,312312,4,0,10,1,70,,312310,4,0,10,1,30,,312313,4,0,10,1
9302,'H50S000A-82-A',525,,312522,23,0,10,1,28,,312553,23,0,10,2,70,,312523,23,0,10,1,30,,312554,23,0,10,2,71,,312524,23,0,10,1,31,,312514,23,0,10,1,73,,312525,23,0,10,1,30,,312515,23,0,10,1,71,,312526,23,0,10,1,30,,312516,23,0,10,1,72,,312527,23,0,10,1,72,,312517,23,0,10,1,31,,312528,23,0,10,1,71,,312518,23,0,10,1,33,,312529,23,0,10,1,73,,312519,23,0,10,1,33,,312530,23,0,10,1,73,,312520,23,0,10,1,33,,312531,23,0,10,1,72,,312521,23,0,10,1,26,,312532,23,0,10,1,73,,312543,23,0,10,2,33,,312533,23,0,10,1,70,,312544,23,0,10,2,31,,312534,23,0,10,1,69,,312545,23,0,10,2,30,,312535,23,0,10,1,69,,312546,23,0,10,2,30,,312536,23,0,10,1,70,,312547,23,0,10,2,28,,312537,23,0,10,1,67,,312548,23,0,10,2,29,,312538,23,0,10,1,70,,312549,23,0,10,2,30,,312539,23,0,10,1,70,,312550,23,0,10,2,29,,312540,23,0,10,1,70,,312551,23,0,10,2,30,,312541,23,0,10,1,70,,312552,23,0,10,2,32,,312542,23,0,10,1
9302,'H50S000I-82-I',521,,312556,23,0,10,1,29,,312555,23,0,10,2,70,,312557,23,0,10,1,31,,312577,23,0,10,2,70,,312558,23,0,10,1,30,,312578,23,0,10,2,70,,312559,23,0,10,1,33,,312579,23,0,10,2,70,,312560,23,0,10,1,30,,312580,23,0,10,2,71,,312561,23,0,10,1,30,,312581,23,0,10,2,70,,312562,23,0,10,1,30,,312582,23,0,10,2,70,,312563,23,0,10,1,30,,312583,23,0,10,2,70,,312564,23,0,10,1,32,,312584,23,0,10,2,70,,312565,23,0,10,1,30,,312585,23,0,10,2,70,,312566,23,0,10,1,30,,312586,23,0,10,2,72,,312567,23,0,10,1,29,,312587,23,0,10,2,70,,312568,23,0,10,1,29,,312588,23,0,10,2,70,,312569,23,0,10,1,29,,312589,23,0,10,2,69,,312570,23,0,10,1,30,,312590,23,0,10,2,70,,312571,23,0,10,1,30,,312591,23,0,10,2,70,,312572,23,0,10,1,29,,312592,23,0,10,2,70,,312573,23,0,10,1,28,,312593,23,0,10,2,70,,312574,23,0,10,1,29,,312594,23,0,10,2,70,,312575,23,0,10,1,29,,312595,23,0,10,2,70,,312576,23,0,10,1,29,,312596,23,0,10,2
9302,'H50S000S-82-S',523,,312597,23,0,10,2,31,,312621,23,0,10,1,72,,312598,23,0,10,2,33,,312622,23,0,10,1,75,,312599,23,0,10,2,70,,312623,23,0,10,1,30,,312600,23,0,10,2,70,,312624,23,0,10,1,31,,312601,23,0,10,2,69,,312625,23,0,10,1,30,,312602,23,0,10,2,69,,312626,23,0,10,1,31,,312603,23,0,10,2,70,,312627,23,0,10,1,31,,312604,23,0,10,2,71,,312628,23,0,10,1,31,,312605,23,0,10,2,75,,312629,23,0,10,1,32,,312606,23,0,10,2,73,,312630,23,0,10,1,33,,312607,23,0,10,2,74,,312610,23,0,10,2,34,,312608,23,0,10,1,72,,312612,23,0,10,1,29,,312611,23,0,10,2,72,,312609,23,0,10,1,28,,312613,23,0,10,1,69,,312631,23,0,10,2,28,,312614,23,0,10,1,68,,312632,23,0,10,2,30,,312615,23,0,10,1,70,,312633,23,0,10,2,30,,312616,23,0,10,1,70,,312634,23,0,10,2,27,,312617,23,0,10,1,69,,312635,23,0,10,2,29,,312618,23,0,10,1,69,,312636,23,0,10,2,28,,312619,23,0,10,1,72,,312637,23,0,10,2,31,,312620,23,0,10,1
9302,'H50S100F-80-F1',521,,312639,23,0,10,1,29,,312638,23,0,10,2,70,,312640,23,0,10,1,31,,312660,23,0,10,2,70,,312641,23,0,10,1,30,,312661,23,0,10,2,70,,312642,23,0,10,1,33,,312662,23,0,10,2,70,,312643,23,0,10,1,30,,312663,23,0,10,2,71,,312644,23,0,10,1,30,,312664,23,0,10,2,70,,312645,23,0,10,1,30,,312665,23,0,10,2,70,,312646,23,0,10,1,30,,312666,23,0,10,2,70,,312647,23,0,10,1,32,,312667,23,0,10,2,70,,312648,23,0,10,1,30,,312668,23,0,10,2,70,,312649,23,0,10,1,30,,312669,23,0,10,2,72,,312650,23,0,10,1,29,,312670,23,0,10,2,70,,312651,23,0,10,1,29,,312671,23,0,10,2,70,,312652,23,0,10,1,29,,312672,23,0,10,2,69,,312653,23,0,10,1,30,,312673,23,0,10,2,70,,312654,23,0,10,1,30,,312674,23,0,10,2,70,,312655,23,0,10,1,29,,312675,23,0,10,2,70,,312656,23,0,10,1,28,,312676,23,0,10,2,70,,312657,23,0,10,1,29,,312677,23,0,10,2,70,,312658,23,0,10,1,29,,312678,23,0,10,2,70,,312659,23,0,10,1,29,,312679,23,0,10,2
9302,'H50S200F-80-F2',521,,312681,23,0,10,1,29,,312680,23,0,10,2,70,,312682,23,0,10,1,31,,312702,23,0,10,2,70,,312683,23,0,10,1,30,,312703,23,0,10,2,70,,312684,23,0,10,1,33,,312704,23,0,10,2,70,,312685,23,0,10,1,30,,312705,23,0,10,2,71,,312686,23,0,10,1,30,,312706,23,0,10,2,70,,312687,23,0,10,1,30,,312707,23,0,10,2,70,,312688,23,0,10,1,30,,312708,23,0,10,2,70,,312689,23,0,10,1,32,,312709,23,0,10,2,70,,312690,23,0,10,1,30,,312710,23,0,10,2,70,,312691,23,0,10,1,30,,312711,23,0,10,2,72,,312692,23,0,10,1,29,,312712,23,0,10,2,70,,312693,23,0,10,1,29,,312713,23,0,10,2,70,,312694,23,0,10,1,29,,312714,23,0,10,2,69,,312695,23,0,10,1,30,,312715,23,0,10,2,70,,312696,23,0,10,1,30,,312716,23,0,10,2,70,,312697,23,0,10,1,29,,312717,23,0,10,2,70,,312698,23,0,10,1,28,,312718,23,0,10,2,70,,312699,23,0,10,1,29,,312719,23,0,10,2,70,,312700,23,0,10,1,29,,312720,23,0,10,2,70,,312701,23,0,10,1,29,,312721,23,0,10,2
37202,'H54S000A-80-A',2626,,347183,78,0,10,1,90,,347182,78,0,10,1,84,,347184,78,0,10,1,44,,347185,78,0,10,1,90,,347181,78,0,10,2
37202,'H54S000I-80-I',2629,,347189,78,0,10,1,85,,347188,78,0,10,2,87,,347187,78,0,10,1,50,,347186,78,0,10,1,90,,347190,78,0,10,1
37202,'H54S000S-80-S',2606,,347194,78,0,10,2,39,,347193,78,0,10,2,78,,347191,78,0,10,1,84,,347196,78,0,10,2,46,,347192,78,0,10,1,89,,347195,78,0,10,2
37202,'H54S100F-80-F1',2629,,347200,78,0,10,1,85,,347199,78,0,10,2,87,,347198,78,0,10,1,50,,347197,78,0,10,1,90,,347201,78,0,10,1
37202,'H54S200F-80-F2',2629,,347205,78,0,10,1,85,,347204,78,0,10,2,87,,347203,78,0,10,1,50,,347202,78,0,10,1,90,,347206,78,0,10,1
