5504,'H58S000A-80-A',511,,303040,12,0,9,1,31,,303045,12,0,9,1,73,,303030,12,0,9,1,31,,303057,12,0,9,1,71,,303047,12,0,9,2,29,,303053,12,0,9,1,67,,303031,12,0,9,1,29,,303058,12,0,9,1,70,,303048,12,0,9,2,30,,303054,12,0,9,1,71,,303032,12,0,9,1,19,,303063,12,0,9,1,20,,303059,12,0,9,1,60,,303066,12,0,9,1,20,,303036,12,0,9,1,19,,303055,12,0,9,1,51,,303049,12,0,9,1,12,,303071,12,0,9,1,14,,303033,12,0,9,1,13,,303073,12,0,9,1,11,,303064,12,0,9,1,50,,303042,12,0,9,1,11,,303060,12,0,9,1,10,,303074,12,0,9,2,10,,303077,12,0,9,1,11,,303067,12,0,9,1,10,,303037,12,0,9,1,50,,303081,12,0,9,2,10,,303056,12,0,9,1,10,,303050,12,0,9,1,9,,303083,12,0,9,2,10,,303072,12,0,9,1,10,,303087,12,0,9,1,50,,303034,12,0,9,1,10,,303065,12,0,9,1,10,,303092,12,0,9,2,10,,303043,12,0,9,1,9,,303061,12,0,9,1,11,,303075,12,0,9,2,50,,303078,12,0,9,1,10,,303068,12,0,9,1,10,,303038,12,0,9,1,10,,303082,12,0,9,2,11,,303051,12,0,9,1,15,,303084,12,0,9,2,54,,303088,12,0,9,1,15,,303035,12,0,9,1,16,,303041,12,0,9,1,15,,303062,12,0,9,1,54,,303076,12,0,9,2,15,,303079,12,0,9,1,12,,303039,12,0,9,1,15,,303093,12,0,9,1,55,,303052,12,0,9,1,15,,303085,12,0,9,1,16,,303046,12,0,9,1,69,,303069,12,0,9,1,30,,303080,12,0,9,1,70,,303089,12,0,9,1,28,,303086,12,0,9,1,67,,303029,12,0,9,1,27,,303094,12,0,9,1,27,,303090,12,0,9,1,69,,303028,12,0,9,2,31,,303044,12,0,9,1,71,,303070,12,0,9,2,29,,303091,12,0,9,1
5504,'H58S000I-80-I',511,,303097,12,0,9,1,27,,303115,12,0,9,2,70,,303116,12,0,9,1,30,,303104,12,0,9,1,70,,303098,12,0,9,1,34,,303110,12,0,9,1,71,,303117,12,0,9,1,31,,303105,12,0,9,1,71,,303099,12,0,9,1,31,,303111,12,0,9,1,67,,303118,12,0,9,1,30,,303106,12,0,9,1,70,,303125,12,0,9,1,15,,303095,12,0,9,2,15,,303100,12,0,9,1,15,,303112,12,0,9,1,55,,303129,12,0,9,2,15,,303119,12,0,9,1,15,,303120,12,0,9,1,15,,303107,12,0,9,1,55,,303131,12,0,9,1,12,,303128,12,0,9,1,12,,303126,12,0,9,1,11,,303096,12,0,9,2,11,,303101,12,0,9,1,54,,303113,12,0,9,1,15,,303133,12,0,9,1,15,,303130,12,0,9,2,14,,303134,12,0,9,1,55,,303108,12,0,9,1,15,,303139,12,0,9,1,16,,303132,12,0,9,1,15,,303127,12,0,9,1,55,,303102,12,0,9,1,20,,303114,12,0,9,1,21,,303121,12,0,9,1,61,,303135,12,0,9,1,23,,303109,12,0,9,1,67,,303143,12,0,9,1,28,,303103,12,0,9,1,70,,303122,12,0,9,1,27,,303136,12,0,9,1,70,,303140,12,0,9,2,30,,303144,12,0,9,1,71,,303123,12,0,9,1,30,,303137,12,0,9,1,71,,303141,12,0,9,2,31,,303145,12,0,9,1,71,,303124,12,0,9,1,33,,303138,12,0,9,1,68,,303142,12,0,9,2,27,,303146,12,0,9,1
5504,'H58S000S-83-S',514,,303151,12,0,9,1,104,,303174,12,0,9,1,31,,303165,12,0,9,2,53,,303152,12,0,9,1,12,,303147,12,0,9,1,13,,303172,12,0,9,1,12,,303173,12,0,9,2,10,,303167,12,0,9,1,52,,303177,12,0,9,1,12,,303171,12,0,9,2,11,,303181,12,0,9,1,11,,303175,12,0,9,1,11,,303157,12,0,9,1,12,,303176,12,0,9,2,51,,303185,12,0,9,1,11,,303166,12,0,9,2,9,,303153,12,0,9,1,12,,303148,12,0,9,1,61,,303168,12,0,9,1,22,,303178,12,0,9,1,19,,303182,12,0,9,1,60,,303158,12,0,9,1,20,,303186,12,0,9,1,21,,303154,12,0,9,1,60,,303149,12,0,9,1,23,,303169,12,0,9,1,22,,303179,12,0,9,1,62,,303183,12,0,9,1,21,,303159,12,0,9,1,21,,303188,12,0,9,1,61,,303155,12,0,9,1,20,,303150,12,0,9,1,19,,303170,12,0,9,1,62,,303180,12,0,9,1,19,,303191,12,0,9,1,16,,303184,12,0,9,1,55,,303160,12,0,9,1,15,,303189,12,0,9,1,15,,303192,12,0,9,1,16,,303156,12,0,9,1,65,,303190,12,0,9,1,27,,303163,12,0,9,1,67,,303198,12,0,9,1,25,,303161,12,0,9,1,68,,303193,12,0,9,1,26,,303202,12,0,9,2,29,,303164,12,0,9,1,69,,303199,12,0,9,1,29,,303162,12,0,9,1,70,,303194,12,0,9,1,31,,303196,12,0,9,1,70,,303200,12,0,9,1,32,,303187,12,0,9,1,72,,303195,12,0,9,1,70,,303197,12,0,9,1,30,,303201,12,0,9,1
5504,'H58S100F-80-F1',511,,303212,12,0,9,1,27,,303222,12,0,9,1,70,,303203,12,0,9,1,30,,303214,12,0,9,1,70,,303225,12,0,9,1,34,,303223,12,0,9,1,71,,303204,12,0,9,1,31,,303215,12,0,9,1,71,,303226,12,0,9,1,31,,303233,12,0,9,1,67,,303205,12,0,9,1,30,,303216,12,0,9,1,70,,303224,12,0,9,1,15,,303210,12,0,9,1,15,,303227,12,0,9,1,15,,303234,12,0,9,1,55,,303213,12,0,9,1,15,,303206,12,0,9,1,15,,303237,12,0,9,2,15,,303217,12,0,9,1,55,,303238,12,0,9,1,12,,303231,12,0,9,1,12,,303208,12,0,9,1,11,,303211,12,0,9,1,11,,303228,12,0,9,1,54,,303235,12,0,9,1,15,,303239,12,0,9,1,15,,303207,12,0,9,1,14,,303240,12,0,9,1,55,,303218,12,0,9,1,15,,303245,12,0,9,1,16,,303232,12,0,9,1,15,,303209,12,0,9,1,55,,303229,12,0,9,1,20,,303236,12,0,9,1,21,,303246,12,0,9,1,61,,303241,12,0,9,1,23,,303250,12,0,9,2,67,,303251,12,0,9,1,28,,303230,12,0,9,1,70,,303247,12,0,9,1,27,,303242,12,0,9,1,70,,303219,12,0,9,1,30,,303252,12,0,9,1,71,,303248,12,0,9,1,30,,303243,12,0,9,1,71,,303220,12,0,9,1,31,,303253,12,0,9,1,71,,303249,12,0,9,1,33,,303244,12,0,9,1,68,,303221,12,0,9,1,27,,303254,12,0,9,1
5504,'H58S200F-80-F2',511,,303305,12,0,9,1,27,,303290,12,0,9,1,70,,303280,12,0,9,1,30,,303285,12,0,9,1,70,,303293,12,0,9,1,34,,303291,12,0,9,1,71,,303281,12,0,9,1,31,,303286,12,0,9,1,71,,303294,12,0,9,1,31,,303299,12,0,9,1,67,,303282,12,0,9,1,30,,303287,12,0,9,1,70,,303292,12,0,9,1,15,,303264,12,0,9,1,15,,303295,12,0,9,1,15,,303300,12,0,9,1,55,,303306,12,0,9,1,15,,303283,12,0,9,1,15,,303255,12,0,9,2,15,,303288,12,0,9,1,55,,303256,12,0,9,1,12,,303260,12,0,9,1,12,,303262,12,0,9,1,11,,303265,12,0,9,1,11,,303296,12,0,9,1,54,,303301,12,0,9,1,15,,303303,12,0,9,1,15,,303284,12,0,9,1,14,,303267,12,0,9,1,55,,303289,12,0,9,1,15,,303266,12,0,9,1,16,,303261,12,0,9,1,15,,303263,12,0,9,1,55,,303297,12,0,9,1,20,,303302,12,0,9,1,21,,303272,12,0,9,1,61,,303268,12,0,9,1,23,,303304,12,0,9,2,67,,303276,12,0,9,1,28,,303298,12,0,9,1,70,,303273,12,0,9,1,27,,303269,12,0,9,1,70,,303257,12,0,9,1,30,,303277,12,0,9,1,71,,303274,12,0,9,1,30,,303270,12,0,9,1,71,,303258,12,0,9,1,31,,303278,12,0,9,1,71,,303275,12,0,9,1,33,,303271,12,0,9,1,68,,303259,12,0,9,1,27,,303279,12,0,9,1
5504,'H60S000S-83-S',546,,303307,12,0,9,1
36304,'H51S000A-80-A',2556,,346756,12,0,9,1,84,,346755,12,0,9,1,83,,346758,12,0,9,2,84,,346757,12,0,9,1,45,,346759,12,0,9,2
36304,'H51S000I-80-I',2506,,346763,12,0,9,2,50,,346760,12,0,9,1,85,,346764,12,0,9,2,86,,346761,12,0,9,1,79,,346765,12,0,9,2,45,,346762,12,0,9,1
36304,'H51S000S-81-S',2513,,346769,12,0,9,2,45,,346766,12,0,9,1,86,,346770,12,0,9,2,83,,346768,12,0,9,1,84,,346771,12,0,9,2,40,,346767,12,0,9,1
36304,'H51S100F-80-F1',2506,,346775,12,0,9,2,50,,346774,12,0,9,1,85,,346776,12,0,9,2,86,,346772,12,0,9,1,79,,346777,12,0,9,2,45,,346773,12,0,9,1
36304,'H51S200F-80-F2',2506,,346781,12,0,9,2,50,,346780,12,0,9,1,85,,346782,12,0,9,2,86,,346778,12,0,9,1,79,,346783,12,0,9,2,45,,346779,12,0,9,1
