2002,'H58S000A-80-A',819,,291026,8,0,10,2,21,,291048,8,0,10,2,60,,291036,8,0,10,1,20,,291027,8,0,10,2,20,,291049,8,0,10,2,60,,291037,8,0,10,1,20,,291028,8,0,10,2,21,,291050,8,0,10,2,64,,291038,8,0,10,1,24,,291029,8,0,10,2,25,,291053,8,0,10,1,63,,291039,8,0,10,1,21,,291030,8,0,10,2,20,,291054,8,0,10,1,59,,291040,8,0,10,1,20,,291031,8,0,10,2,20,,291055,8,0,10,1,60,,291047,8,0,10,2,20,,291041,8,0,10,1,22,,291032,8,0,10,2,63,,291056,8,0,10,1,24,,291042,8,0,10,1,63,,291033,8,0,10,2,22,,291057,8,0,10,1,20,,291043,8,0,10,1,60,,291034,8,0,10,2,20,,291058,8,0,10,1,20,,291044,8,0,10,1,62,,291035,8,0,10,2,22,,291059,8,0,10,1,24,,291045,8,0,10,1,70,,291060,8,0,10,1,30,,291046,8,0,10,1,68,,291061,8,0,10,1,31,,291051,8,0,10,2,72,,291062,9,0,10,1,70,,291052,9,0,10,2,29,,291063,9,0,10,1
2002,'H58S000I-80-I',819,,291064,8,0,10,1,21,,291078,8,0,10,2,61,,291088,8,0,10,1,23,,291065,8,0,10,1,22,,291079,8,0,10,2,61,,291089,8,0,10,1,21,,291066,8,0,10,1,22,,291080,8,0,10,2,61,,291090,8,0,10,1,20,,291067,8,0,10,1,21,,291081,8,0,10,2,61,,291091,8,0,10,1,22,,291068,8,0,10,1,22,,291082,8,0,10,2,62,,291092,8,0,10,1,21,,291069,8,0,10,1,61,,291083,8,0,10,2,21,,291093,8,0,10,1,21,,291070,8,0,10,1,62,,291084,8,0,10,2,22,,291094,8,0,10,1,21,,291071,8,0,10,1,61,,291085,8,0,10,2,21,,291095,8,0,10,1,21,,291072,8,0,10,1,61,,291086,8,0,10,2,22,,291096,8,0,10,1,22,,291073,8,0,10,1,62,,291087,8,0,10,2,21,,291097,8,0,10,1,61,,291074,8,0,10,1,30,,291098,8,0,10,1,70,,291075,8,0,10,1,30,,291099,8,0,10,1,70,,291076,8,0,10,1,31,,291100,9,0,10,1,70,,291077,9,0,10,1,29,,291101,9,0,10,1
2002,'H58S000S-83-S',519,,291102,8,0,10,1,25,,291125,8,0,10,1,68,,291103,8,0,10,1,24,,291107,8,0,10,2,23,,291126,8,0,10,1,64,,291131,8,0,10,2,23,,291104,8,0,10,1,64,,291108,8,0,10,2,21,,291127,8,0,10,1,22,,291132,8,0,10,2,61,,291105,8,0,10,1,21,,291109,8,0,10,2,21,,291128,8,0,10,1,61,,291115,8,0,10,1,20,,291106,8,0,10,1,20,,291110,8,0,10,2,60,,291129,8,0,10,1,22,,291116,8,0,10,1,63,,291133,8,0,10,1,23,,291111,8,0,10,2,23,,291130,8,0,10,1,62,,291117,8,0,10,1,20,,291134,8,0,10,1,22,,291112,8,0,10,2,62,,291118,8,0,10,1,22,,291135,8,0,10,1,21,,291113,8,0,10,2,61,,291119,8,0,10,1,22,,291136,8,0,10,1,63,,291114,8,0,10,2,23,,291120,8,0,10,1,23,,291137,8,0,10,1,63,,291148,8,0,10,2,22,,291121,8,0,10,1,22,,291138,8,0,10,1,62,,291144,8,0,10,2,22,,291122,8,0,10,1,62,,291139,8,0,10,1,22,,291145,8,0,10,2,22,,291123,8,0,10,1,60,,291140,8,0,10,1,19,,291146,8,0,10,2,17,,291124,8,0,10,1,60,,291143,8,0,10,2,14,,291141,9,0,10,1,23,,291147,9,0,10,2,71,,291142,9,0,10,1
2002,'H58S100F-80-F1',819,,291149,8,0,10,2,21,,291163,8,0,10,1,61,,291173,8,0,10,1,23,,291150,8,0,10,2,22,,291164,8,0,10,1,61,,291174,8,0,10,1,21,,291151,8,0,10,2,22,,291165,8,0,10,1,61,,291175,8,0,10,1,20,,291152,8,0,10,2,21,,291166,8,0,10,1,61,,291176,8,0,10,1,22,,291153,8,0,10,2,22,,291167,8,0,10,1,62,,291177,8,0,10,1,21,,291154,8,0,10,2,61,,291168,8,0,10,1,21,,291178,8,0,10,1,21,,291155,8,0,10,2,62,,291169,8,0,10,1,22,,291179,8,0,10,1,21,,291156,8,0,10,2,61,,291170,8,0,10,1,21,,291180,8,0,10,1,21,,291157,8,0,10,2,61,,291171,8,0,10,1,22,,291181,8,0,10,1,22,,291158,8,0,10,2,62,,291172,8,0,10,1,21,,291182,8,0,10,1,61,,291159,8,0,10,2,30,,291183,8,0,10,1,70,,291160,8,0,10,2,30,,291184,8,0,10,1,70,,291161,8,0,10,2,31,,291185,9,0,10,1,70,,291162,9,0,10,2,29,,291186,9,0,10,1
2002,'H58S200F-80-F2',819,,291187,8,0,10,2,21,,291201,8,0,10,1,61,,291211,8,0,10,1,23,,291188,8,0,10,2,22,,291202,8,0,10,1,61,,291212,8,0,10,1,21,,291189,8,0,10,2,22,,291203,8,0,10,1,61,,291213,8,0,10,1,20,,291190,8,0,10,2,21,,291204,8,0,10,1,61,,291214,8,0,10,1,22,,291191,8,0,10,2,22,,291205,8,0,10,1,62,,291215,8,0,10,1,21,,291192,8,0,10,2,61,,291206,8,0,10,1,21,,291216,8,0,10,1,21,,291193,8,0,10,2,62,,291207,8,0,10,1,22,,291217,8,0,10,1,21,,291194,8,0,10,2,61,,291208,8,0,10,1,21,,291218,8,0,10,1,21,,291195,8,0,10,2,61,,291209,8,0,10,1,22,,291219,8,0,10,1,22,,291196,8,0,10,2,62,,291210,8,0,10,1,21,,291220,8,0,10,1,61,,291197,8,0,10,2,30,,291221,8,0,10,1,70,,291198,8,0,10,2,30,,291222,8,0,10,1,70,,291199,8,0,10,2,31,,291223,9,0,10,1,70,,291200,9,0,10,2,29,,291224,9,0,10,1
19202,'H51S000S-81-S',1650,,337073,46,0,10,2
19202,'H54S000A-80-A',515,,337074,46,0,10,1,33,,337088,46,0,10,2,73,,337076,46,0,10,1,36,,337075,46,0,10,1,72,,337089,46,0,10,2,71,,337077,46,0,10,1,31,,337107,46,0,10,1,71,,337090,46,0,10,2,31,,337078,46,0,10,1,72,,337108,46,0,10,1,34,,337101,46,0,10,1,71,,337094,46,0,10,2,31,,337082,46,0,10,1,72,,337085,46,0,10,2,33,,337079,46,0,10,1,71,,337109,46,0,10,1,31,,337102,46,0,10,1,71,,337095,46,0,10,2,31,,337083,46,0,10,1,71,,337086,46,0,10,2,31,,337080,46,0,10,1,69,,337110,46,0,10,1,29,,337103,46,0,10,1,71,,337096,46,0,10,2,31,,337084,46,0,10,1,69,,337087,46,0,10,2,31,,337081,46,0,10,1,70,,337111,46,0,10,1,30,,337104,46,0,10,1,70,,337097,46,0,10,2,31,,337112,46,0,10,1,70,,337105,46,0,10,1,31,,337098,46,0,10,2,71,,337091,46,0,10,1,31,,337106,46,0,10,1,71,,337099,46,0,10,2,31,,337092,46,0,10,1,72,,337113,46,0,10,2,72,,337100,46,0,10,2,32,,337093,46,0,10,1
19202,'H54S000I-80-I',514,,337129,46,0,10,1,33,,337131,46,0,10,1,74,,337114,46,0,10,2,33,,337130,46,0,10,1,70,,337132,46,0,10,1,30,,337115,46,0,10,2,70,,337123,46,0,10,1,32,,337133,46,0,10,1,71,,337116,46,0,10,2,30,,337149,46,0,10,1,70,,337141,46,0,10,2,30,,337134,46,0,10,2,70,,337124,46,0,10,1,30,,337120,46,0,10,2,73,,337117,46,0,10,2,71,,337150,46,0,10,1,30,,337142,46,0,10,2,70,,337135,46,0,10,2,30,,337125,46,0,10,1,70,,337121,46,0,10,2,28,,337118,46,0,10,2,30,,337151,46,0,10,1,70,,337143,46,0,10,2,30,,337136,46,0,10,2,70,,337126,46,0,10,1,30,,337122,46,0,10,2,68,,337119,46,0,10,2,28,,337152,46,0,10,1,69,,337144,46,0,10,2,30,,337137,46,0,10,2,71,,337153,46,0,10,1,30,,337145,46,0,10,2,70,,337138,46,0,10,2,29,,337154,46,0,10,1,69,,337146,46,0,10,2,30,,337139,46,0,10,2,70,,337127,46,0,10,1,30,,337147,46,0,10,2,70,,337140,46,0,10,2,27,,337128,46,0,10,1,65,,337148,46,0,10,2
19202,'H54S000S-80-S',518,,337168,46,0,10,2,24,,337170,46,0,10,2,64,,337185,46,0,10,2,25,,337186,46,0,10,2,18,,337162,46,0,10,1,57,,337169,46,0,10,2,20,,337171,46,0,10,2,21,,337172,46,0,10,2,60,,337159,46,0,10,1,10,,337166,34,0,10,1,5,,337187,46,0,10,2,16,,337163,46,0,10,1,69,,337183,46,0,10,2,27,,337173,46,0,10,2,66,,337160,46,0,10,1,30,,337164,46,0,10,1,70,,337184,46,0,10,2,30,,337174,46,0,10,2,70,,337161,46,0,10,2,30,,337175,46,0,10,1,70,,337202,46,0,10,2,29,,337179,46,0,10,1,71,,337188,46,0,10,2,30,,337176,46,0,10,1,70,,337165,46,0,10,2,30,,337180,46,0,10,1,22,,337189,46,0,10,2,59,,337182,46,0,10,2,19,,337177,46,0,10,1,79,,337167,46,0,10,2,18,,337181,46,0,10,1,17,,337196,46,0,10,2,57,,337190,46,0,10,2,24,,337178,46,0,10,1,28,,337191,46,0,10,2,69,,337197,46,0,10,2,31,,337155,46,0,10,1,70,,337192,46,0,10,2,28,,337198,46,0,10,2,69,,337156,46,0,10,1,30,,337193,46,0,10,2,70,,337199,46,0,10,2,31,,337157,46,0,10,1,70,,337194,46,0,10,2,29,,337200,46,0,10,2,70,,337158,46,0,10,1,28,,337195,46,0,10,2,67,,337201,46,0,10,2
19202,'H54S100F-80-F1',514,,337218,46,0,10,1,33,,337220,46,0,10,1,74,,337203,46,0,10,2,33,,337219,46,0,10,1,70,,337221,46,0,10,1,30,,337204,46,0,10,2,70,,337212,46,0,10,1,32,,337222,46,0,10,1,71,,337205,46,0,10,2,30,,337238,46,0,10,1,70,,337230,46,0,10,2,30,,337223,46,0,10,2,70,,337213,46,0,10,1,30,,337209,46,0,10,2,73,,337206,46,0,10,2,71,,337239,46,0,10,1,30,,337231,46,0,10,2,70,,337224,46,0,10,2,30,,337214,46,0,10,1,70,,337210,46,0,10,2,28,,337207,46,0,10,2,30,,337240,46,0,10,1,70,,337232,46,0,10,2,30,,337225,46,0,10,2,70,,337215,46,0,10,1,30,,337211,46,0,10,2,68,,337208,46,0,10,2,28,,337241,46,0,10,1,69,,337233,46,0,10,2,30,,337226,46,0,10,2,71,,337242,46,0,10,1,30,,337234,46,0,10,2,70,,337227,46,0,10,2,29,,337243,46,0,10,1,69,,337235,46,0,10,2,30,,337228,46,0,10,2,70,,337216,46,0,10,1,30,,337236,46,0,10,2,70,,337229,46,0,10,2,27,,337217,46,0,10,1,65,,337237,46,0,10,2
19202,'H54S200F-80-F2',514,,337259,46,0,10,1,33,,337261,46,0,10,1,74,,337244,46,0,10,2,33,,337260,46,0,10,1,70,,337262,46,0,10,1,30,,337245,46,0,10,2,70,,337253,46,0,10,1,32,,337263,46,0,10,1,71,,337246,46,0,10,2,30,,337279,46,0,10,1,70,,337271,46,0,10,2,30,,337264,46,0,10,2,70,,337254,46,0,10,1,30,,337250,46,0,10,2,73,,337247,46,0,10,2,71,,337280,46,0,10,1,30,,337272,46,0,10,2,70,,337265,46,0,10,2,30,,337255,46,0,10,1,70,,337251,46,0,10,2,28,,337248,46,0,10,2,30,,337281,46,0,10,1,70,,337273,46,0,10,2,30,,337266,46,0,10,2,70,,337256,46,0,10,1,30,,337252,46,0,10,2,68,,337249,46,0,10,2,28,,337282,46,0,10,1,69,,337274,46,0,10,2,30,,337267,46,0,10,2,71,,337283,46,0,10,1,30,,337275,46,0,10,2,70,,337268,46,0,10,2,29,,337284,46,0,10,1,69,,337276,46,0,10,2,30,,337269,46,0,10,2,70,,337257,46,0,10,1,30,,337277,46,0,10,2,70,,337270,46,0,10,2,27,,337258,46,0,10,1,65,,337278,46,0,10,2
19202,'H57S000S-80-S',832,,337285,34,0,10,1
19202,'H58S000S-83-S',805,,337286,34,0,10,2
