20302,'H60S000A-80-A',621,,340618,8,0,10,2,29,,340612,8,0,10,1,70,,340622,8,0,10,2,29,,340605,8,0,10,1,70,,340610,8,0,10,1,30,,340623,8,0,10,2,70,,340606,8,0,10,1,30,,340611,8,0,10,1,71,,340624,8,0,10,2,31,,340607,8,0,10,1,71,,340619,8,0,10,2,30,,340613,8,0,10,1,70,,340629,8,0,10,2,30,,340636,8,0,10,1,70,,340633,8,0,10,1,30,,340625,8,0,10,2,70,,340608,8,0,10,1,30,,340620,8,0,10,2,70,,340614,8,0,10,1,30,,340630,8,0,10,2,70,,340637,8,0,10,1,30,,340634,8,0,10,1,70,,340626,8,0,10,2,30,,340609,8,0,10,1,70,,340621,8,0,10,2,30,,340615,8,0,10,1,70,,340631,8,0,10,2,30,,340638,8,0,10,1,71,,340635,8,0,10,1,32,,340627,8,0,10,2,73,,340639,8,0,10,1,73,,340616,8,0,10,1,27,,340632,8,0,10,2,29,,340640,8,0,10,1,70,,340617,8,0,10,1,29,,340628,8,0,10,2
20302,'H60S000I-81-I',718,,340655,8,0,10,1,29,,340653,8,0,10,2,72,,340657,8,0,10,1,32,,340662,8,0,10,2,70,,340648,8,0,10,1,33,,340642,8,0,10,1,72,,340656,8,0,10,1,30,,340654,8,0,10,2,72,,340658,8,0,10,1,72,,340663,8,0,10,2,33,,340649,8,0,10,1,73,,340643,8,0,10,1,25,,340673,8,0,10,2,26,,340667,8,0,10,1,66,,340671,8,0,10,1,28,,340659,8,0,10,1,69,,340664,8,0,10,2,30,,340650,8,0,10,1,70,,340644,8,0,10,1,30,,340674,8,0,10,2,69,,340668,8,0,10,1,31,,340672,8,0,10,1,68,,340660,8,0,10,1,31,,340669,8,0,10,1,72,,340651,8,0,10,1,32,,340661,8,0,10,1,73,,340665,8,0,10,2,32,,340646,8,0,10,1,68,,340645,8,0,10,1,29,,340670,8,0,10,1,71,,340652,8,0,10,1,32,,340641,8,0,10,1,72,,340666,8,0,10,2,70,,340647,8,0,10,1
20302,'H60S000S-83-S',611,,340686,8,0,10,1,33,,340681,8,0,10,2,75,,340679,8,0,10,1,29,,340687,8,0,10,1,69,,340675,8,0,10,1,30,,340695,8,0,10,2,67,,340697,8,0,10,1,31,,340690,8,0,10,1,73,,340701,8,0,10,1,33,,340698,8,0,10,1,72,,340691,8,0,10,1,33,,340702,8,0,10,1,71,,340699,8,0,10,1,30,,340692,8,0,10,1,73,,340678,8,0,10,1,71,,340700,8,0,10,1,30,,340693,8,0,10,1,70,,340676,8,0,10,2,35,,340685,8,0,10,1,73,,340688,8,0,10,1,30,,340682,8,0,10,1,64,,340706,8,0,10,2,21,,340680,8,0,10,1,17,,340703,8,0,10,1,60,,340677,8,0,10,1,25,,340696,8,0,10,2,27,,340710,8,0,10,1,70,,340704,8,0,10,1,31,,340689,8,0,10,1,70,,340683,8,0,10,1,31,,340707,8,0,10,2,71,,340694,8,0,10,2,30,,340709,8,0,10,1,69,,340708,8,0,10,2,29,,340705,8,0,10,1,68,,340711,8,0,10,2,29,,340684,8,0,10,1
20302,'H60S100F-80-F1',718,,340730,8,0,10,1,29,,340723,8,0,10,1,72,,340732,8,0,10,2,32,,340739,8,0,10,1,70,,340718,8,0,10,2,33,,340712,8,0,10,1,72,,340731,8,0,10,1,30,,340724,8,0,10,1,72,,340733,8,0,10,2,72,,340740,8,0,10,1,33,,340719,8,0,10,2,73,,340713,8,0,10,1,25,,340744,8,0,10,2,26,,340726,8,0,10,1,66,,340737,8,0,10,1,28,,340734,8,0,10,2,69,,340741,8,0,10,1,30,,340720,8,0,10,2,70,,340714,8,0,10,1,30,,340745,8,0,10,2,69,,340727,8,0,10,1,31,,340738,8,0,10,1,68,,340735,8,0,10,2,31,,340728,8,0,10,1,72,,340721,8,0,10,2,32,,340736,8,0,10,2,73,,340742,8,0,10,1,32,,340716,8,0,10,2,68,,340715,8,0,10,1,29,,340729,8,0,10,1,71,,340722,8,0,10,2,32,,340725,8,0,10,1,72,,340743,8,0,10,1,70,,340717,8,0,10,2
20302,'H60S200F-80-F2',718,,340764,8,0,10,1,29,,340757,8,0,10,1,72,,340766,8,0,10,2,32,,340773,8,0,10,1,70,,340752,8,0,10,2,33,,340746,8,0,10,1,72,,340765,8,0,10,1,30,,340758,8,0,10,1,72,,340767,8,0,10,2,72,,340774,8,0,10,1,33,,340753,8,0,10,2,73,,340747,8,0,10,1,25,,340778,8,0,10,2,26,,340760,8,0,10,1,66,,340771,8,0,10,1,28,,340768,8,0,10,2,69,,340775,8,0,10,1,30,,340754,8,0,10,2,70,,340748,8,0,10,1,30,,340779,8,0,10,2,69,,340761,8,0,10,1,31,,340772,8,0,10,1,68,,340769,8,0,10,2,31,,340762,8,0,10,1,72,,340755,8,0,10,2,32,,340770,8,0,10,2,73,,340776,8,0,10,1,32,,340750,8,0,10,2,68,,340749,8,0,10,1,29,,340763,8,0,10,1,71,,340756,8,0,10,2,32,,340759,8,0,10,1,72,,340777,8,0,10,1,70,,340751,8,0,10,2
20401,'H60S000A-80-A',614,,340780,37,0,5,1,34,,340792,37,0,5,1,72,,340804,37,0,5,1,31,,340781,37,0,5,1,71,,340793,37,0,5,1,31,,340805,37,0,5,1,72,,340782,37,0,5,1,31,,340794,37,0,5,1,72,,340806,37,0,5,1,72,,340783,37,0,5,1,32,,340795,37,0,5,1,72,,340807,37,0,5,1,33,,340784,37,0,5,1,73,,340796,37,0,5,1,33,,340808,37,0,5,1,73,,340785,37,0,5,1,32,,340797,37,0,5,1,75,,340809,37,0,5,1,31,,340786,37,0,5,1,72,,340798,37,0,5,1,33,,340810,37,0,5,1,73,,340787,37,0,5,1,73,,340799,37,0,5,1,31,,340811,37,0,5,1,73,,340788,37,0,5,1,29,,340800,37,0,5,1,70,,340812,37,0,5,1,30,,340789,37,0,5,1,70,,340801,37,0,5,1,30,,340813,37,0,5,1,70,,340790,37,0,5,1,30,,340802,37,0,5,1,70,,340814,37,0,5,1,29,,340791,37,0,5,1,69,,340803,37,0,5,1,29,,340815,37,0,5,1
20401,'H60S000I-81-I',750,,340818,37,0,5,1,73,,340839,37,0,5,1,31,,340828,37,0,5,1,72,,340819,37,0,5,1,32,,340840,37,0,5,1,72,,340829,37,0,5,1,72,,340820,37,0,5,1,31,,340841,37,0,5,1,70,,340830,37,0,5,1,31,,340821,37,0,5,1,71,,340842,37,0,5,1,30,,340831,37,0,5,1,70,,340822,37,0,5,1,32,,340843,37,0,5,1,70,,340832,37,0,5,1,30,,340823,37,0,5,1,70,,340844,37,0,5,1,29,,340833,37,0,5,1,70,,340824,37,0,5,1,29,,340845,37,0,5,1,71,,340834,37,0,5,1,31,,340825,37,0,5,1,70,,340846,37,0,5,1,29,,340835,37,0,5,1,70,,340826,37,0,5,1,30,,340847,37,0,5,1,72,,340836,37,0,5,1,33,,340827,37,0,5,1,71,,340848,37,0,5,1,33,,340837,37,0,5,1,71,,340816,37,0,5,1,31,,340849,37,0,5,1,69,,340838,37,0,5,1,30,,340817,37,0,5,1
20401,'H60S000S-83-S',623,,340873,37,0,5,1,33,,340850,37,0,5,1,73,,340867,37,0,5,1,71,,340874,37,0,5,1,30,,340851,37,0,5,1,72,,340868,37,0,5,1,29,,340857,37,0,5,1,71,,340852,37,0,5,1,32,,340869,37,0,5,1,73,,340858,37,0,5,1,33,,340853,37,0,5,1,73,,340870,37,0,5,1,33,,340859,37,0,5,1,73,,340854,37,0,5,1,33,,340871,37,0,5,1,72,,340860,37,0,5,1,32,,340855,37,0,5,1,71,,340872,37,0,5,1,31,,340861,37,0,5,1,72,,340856,37,0,5,1,72,,340875,37,0,5,1,32,,340862,37,0,5,1,70,,340881,37,0,5,1,30,,340876,37,0,5,1,73,,340863,37,0,5,1,32,,340882,37,0,5,1,71,,340877,37,0,5,1,32,,340864,37,0,5,1,71,,340883,37,0,5,1,31,,340878,37,0,5,1,71,,340865,37,0,5,1,31,,340884,37,0,5,1,71,,340879,37,0,5,1,30,,340866,37,0,5,1,67,,340885,37,0,5,1,29,,340880,37,0,5,1
20401,'H60S100F-80-F1',750,,340888,37,0,5,1,73,,340911,37,0,5,1,31,,340900,37,0,5,1,72,,340889,37,0,5,1,32,,340912,37,0,5,1,72,,340901,37,0,5,1,72,,340890,37,0,5,1,31,,340913,37,0,5,1,70,,340902,37,0,5,1,31,,340891,37,0,5,1,71,,340914,37,0,5,1,30,,340903,37,0,5,1,70,,340892,37,0,5,1,32,,340915,37,0,5,1,70,,340904,37,0,5,1,30,,340893,37,0,5,1,70,,340916,37,0,5,1,29,,340905,37,0,5,1,70,,340894,37,0,5,1,29,,340917,37,0,5,1,71,,340906,37,0,5,1,31,,340895,37,0,5,1,70,,340918,37,0,5,1,29,,340907,37,0,5,1,70,,340896,37,0,5,1,30,,340919,37,0,5,1,72,,340908,37,0,5,1,33,,340897,37,0,5,1,71,,340886,37,0,5,1,33,,340909,37,0,5,1,71,,340898,37,0,5,1,31,,340887,37,0,5,1,69,,340910,37,0,5,1,30,,340899,37,0,5,1
20401,'H60S200F-80-F2',750,,340922,37,0,5,1,73,,340945,37,0,5,1,31,,340934,37,0,5,1,72,,340923,37,0,5,1,32,,340946,37,0,5,1,72,,340935,37,0,5,1,72,,340924,37,0,5,1,31,,340947,37,0,5,1,70,,340936,37,0,5,1,31,,340925,37,0,5,1,71,,340948,37,0,5,1,30,,340937,37,0,5,1,70,,340926,37,0,5,1,32,,340949,37,0,5,1,70,,340938,37,0,5,1,30,,340927,37,0,5,1,70,,340950,37,0,5,1,29,,340939,37,0,5,1,70,,340928,37,0,5,1,29,,340951,37,0,5,1,71,,340940,37,0,5,1,31,,340929,37,0,5,1,70,,340952,37,0,5,1,29,,340941,37,0,5,1,70,,340930,37,0,5,1,30,,340953,37,0,5,1,72,,340942,37,0,5,1,33,,340931,37,0,5,1,71,,340920,37,0,5,1,33,,340943,37,0,5,1,71,,340932,37,0,5,1,31,,340921,37,0,5,1,69,,340944,37,0,5,1,30,,340933,37,0,5,1
