16102,'H50S000S-82-S',849,,328914,18,0,10,2,62,,328915,18,0,10,1
16102,'H51S000A-80-A',541,,328916,18,0,10,1,63,,328943,18,0,10,1,26,,328944,18,0,10,1,28,,328930,18,0,10,2,68,,328917,18,0,10,1,30,,328945,18,0,10,1,70,,328931,18,0,10,2,18,,328953,18,0,10,1,57,,328918,18,0,10,1,17,,328964,18,0,10,2,15,,328970,18,0,10,2,15,,328946,18,0,10,1,58,,328932,18,0,10,2,18,,328954,18,0,10,1,18,,328919,18,0,10,1,15,,328971,18,0,10,2,55,,328965,18,0,10,2,15,,328947,18,0,10,1,15,,328933,18,0,10,2,14,,328975,18,0,10,2,54,,328955,18,0,10,1,14,,328978,18,0,10,2,15,,328920,18,0,10,1,14,,328972,18,0,10,2,54,,328966,18,0,10,2,14,,328948,18,0,10,1,14,,328934,18,0,10,2,14,,328976,18,0,10,2,54,,328956,18,0,10,1,11,,328980,18,0,10,2,10,,328921,18,0,10,1,11,,328973,18,0,10,2,13,,328967,18,0,10,2,54,,328949,18,0,10,1,14,,328935,18,0,10,2,13,,328977,18,0,10,2,13,,328957,18,0,10,1,11,,328981,18,0,10,2,50,,328922,18,0,10,1,10,,328974,18,0,10,2,10,,328982,18,0,10,2,10,,328968,18,0,10,2,10,,328950,18,0,10,1,10,,328936,18,0,10,2,50,,328951,18,0,10,1,9,,328929,18,0,10,2,9,,328958,18,0,10,1,13,,328979,18,0,10,2,14,,328923,18,0,10,1,54,,328983,18,0,10,2,14,,328969,18,0,10,2,15,,328937,18,0,10,2,15,,328952,18,0,10,1,56,,328959,18,0,10,1,21,,328924,18,0,10,1,22,,328984,18,0,10,2,64,,328938,18,0,10,2,29,,328960,18,0,10,1,70,,328925,18,0,10,1,30,,328939,18,0,10,2,70,,328961,18,0,10,1,30,,328926,18,0,10,1,70,,328940,18,0,10,2,29,,328962,18,0,10,1,68,,328927,18,0,10,1,28,,328941,18,0,10,2,70,,328963,18,0,10,1,30,,328928,18,0,10,1,70,,328942,18,0,10,2
16102,'H51S000I-80-I',537,,328998,18,0,10,1,68,,329000,18,0,10,2,28,,328985,18,0,10,1,68,,328999,18,0,10,1,26,,329001,18,0,10,2,27,,328986,18,0,10,1,65,,329018,18,0,10,1,25,,329011,18,0,10,2,64,,329002,18,0,10,2,23,,328987,18,0,10,1,23,,329019,18,0,10,1,60,,329012,18,0,10,2,17,,329029,18,0,10,2,16,,329003,18,0,10,2,55,,328988,18,0,10,1,15,,329007,18,0,10,1,15,,329020,18,0,10,1,15,,329013,18,0,10,2,57,,329030,18,0,10,2,16,,329004,18,0,10,2,16,,328989,18,0,10,1,15,,329008,18,0,10,1,55,,329021,18,0,10,1,15,,329014,18,0,10,2,14,,329026,18,0,10,2,14,,329031,18,0,10,2,54,,329005,18,0,10,2,14,,328990,18,0,10,1,14,,329009,18,0,10,1,14,,329039,18,0,10,2,55,,329022,18,0,10,1,14,,329015,18,0,10,2,12,,329027,18,0,10,2,10,,329032,18,0,10,2,10,,329006,18,0,10,2,10,,328991,18,0,10,1,50,,329045,18,0,10,1,11,,329010,18,0,10,1,10,,329040,18,0,10,2,10,,329048,18,0,10,2,10,,329023,18,0,10,1,10,,329016,18,0,10,2,51,,329028,18,0,10,2,12,,329033,18,0,10,2,16,,328992,18,0,10,1,15,,329046,18,0,10,1,56,,329041,18,0,10,2,16,,329024,18,0,10,1,16,,329017,18,0,10,2,15,,329034,18,0,10,2,55,,328993,18,0,10,1,16,,329047,18,0,10,1,17,,329042,18,0,10,2,60,,329025,18,0,10,1,27,,329035,18,0,10,2,30,,328994,18,0,10,1,69,,329043,18,0,10,2,29,,329036,18,0,10,2,69,,328995,18,0,10,1,27,,329044,18,0,10,2,68,,329037,18,0,10,2,28,,329049,18,0,10,2,67,,328996,18,0,10,1,26,,329038,18,0,10,2,63,,329050,18,0,10,2,26,,328997,18,0,10,1
16102,'H51S000S-81-S',532,,329059,18,0,10,1,24,,329077,18,0,10,2,65,,329051,18,0,10,1,12,,329099,18,0,10,2,12,,329069,18,0,10,2,12,,329103,18,0,10,1,53,,329119,18,0,10,2,11,,329060,18,0,10,1,7,,329120,18,0,10,2,7,,329071,18,0,10,2,9,,329078,18,0,10,2,9,,329091,18,0,10,2,6,,329121,18,0,10,2,46,,329052,18,0,10,1,5,,329084,18,0,10,2,5,,329101,18,0,10,2,4,,329100,18,0,10,2,4,,329102,18,0,10,2,5,,329092,18,0,10,2,7,,329070,18,0,10,2,7,,329053,18,0,10,1,15,,329104,18,0,10,1,47,,329113,18,0,10,2,15,,329061,18,0,10,1,9,,329072,18,0,10,2,10,,329079,18,0,10,2,12,,329122,18,0,10,2,52,,329085,18,0,10,2,12,,329093,18,0,10,2,12,,329054,18,0,10,1,10,,329105,18,0,10,1,11,,329114,18,0,10,2,11,,329062,18,0,10,1,51,,329073,18,0,10,2,11,,329080,18,0,10,2,11,,329123,18,0,10,2,11,,329086,18,0,10,2,11,,329094,18,0,10,2,52,,329055,18,0,10,1,12,,329106,18,0,10,1,12,,329115,18,0,10,2,11,,329063,18,0,10,1,12,,329074,18,0,10,2,52,,329081,18,0,10,2,12,,329124,18,0,10,2,12,,329087,18,0,10,2,10,,329095,18,0,10,2,10,,329056,18,0,10,1,10,,329107,18,0,10,1,50,,329116,18,0,10,2,11,,329064,18,0,10,1,10,,329127,18,0,10,2,10,,329075,18,0,10,2,10,,329082,18,0,10,2,7,,329133,18,0,10,2,47,,329125,18,0,10,2,7,,329088,18,0,10,2,7,,329138,18,0,10,2,7,,329096,18,0,10,2,9,,329057,18,0,10,1,8,,329152,18,0,10,2,7,,329108,18,0,10,1,8,,329130,18,0,10,2,46,,329155,18,0,10,2,6,,329117,18,0,10,2,6,,329065,18,0,10,1,10,,329128,18,0,10,2,5,,329146,18,0,10,2,4,,329076,18,0,10,2,4,,329156,18,0,10,2,5,,329137,18,0,10,2,5,,329083,18,0,10,2,5,,329134,18,0,10,2,50,,329126,18,0,10,2,5,,329089,18,0,10,2,6,,329139,18,0,10,2,6,,329140,18,0,10,1,6,,329097,18,0,10,2,7,,329058,18,0,10,1,8,,329153,18,0,10,2,9,,329109,18,0,10,1,8,,329131,18,0,10,2,49,,329118,18,0,10,2,10,,329066,18,0,10,1,10,,329129,18,0,10,2,8,,329147,18,0,10,2,10,,329135,18,0,10,2,11,,329090,18,0,10,2,50,,329141,18,0,10,1,11,,329098,18,0,10,2,11,,329154,18,0,10,2,11,,329110,18,0,10,1,12,,329132,18,0,10,2,52,,329067,18,0,10,1,12,,329148,18,0,10,2,17,,329136,18,0,10,2,19,,329142,18,0,10,1,64,,329111,18,0,10,1,24,,329068,18,0,10,1,64,,329149,18,0,10,2,24,,329143,18,0,10,1,24,,329112,18,0,10,1,68,,329157,18,0,10,2,29,,329150,18,0,10,2,69,,329144,18,0,10,1,27,,329158,18,0,10,2,66,,329151,18,0,10,2,25,,329145,18,0,10,1
16102,'H51S100F-80-F1',537,,329159,18,0,10,1,68,,329176,18,0,10,2,28,,329163,18,0,10,1,68,,329160,18,0,10,1,26,,329177,18,0,10,2,27,,329164,18,0,10,1,65,,329213,18,0,10,1,25,,329196,18,0,10,2,64,,329178,18,0,10,2,23,,329165,18,0,10,1,23,,329214,18,0,10,1,60,,329197,18,0,10,2,17,,329186,18,0,10,2,16,,329179,18,0,10,2,55,,329166,18,0,10,1,15,,329209,18,0,10,1,15,,329215,18,0,10,1,15,,329198,18,0,10,2,57,,329187,18,0,10,2,16,,329180,18,0,10,2,16,,329167,18,0,10,1,15,,329210,18,0,10,1,55,,329216,18,0,10,1,15,,329199,18,0,10,2,14,,329183,18,0,10,2,14,,329188,18,0,10,2,54,,329181,18,0,10,2,14,,329168,18,0,10,1,14,,329211,18,0,10,1,14,,329203,18,0,10,2,55,,329217,18,0,10,1,14,,329200,18,0,10,2,12,,329184,18,0,10,2,10,,329189,18,0,10,2,10,,329182,18,0,10,2,10,,329169,18,0,10,1,50,,329222,18,0,10,1,11,,329212,18,0,10,1,10,,329204,18,0,10,2,10,,329221,18,0,10,2,10,,329218,18,0,10,1,10,,329201,18,0,10,2,51,,329185,18,0,10,2,12,,329190,18,0,10,2,16,,329170,18,0,10,1,15,,329223,18,0,10,1,56,,329205,18,0,10,2,16,,329219,18,0,10,1,16,,329202,18,0,10,2,15,,329191,18,0,10,2,55,,329171,18,0,10,1,16,,329224,18,0,10,1,17,,329206,18,0,10,2,60,,329220,18,0,10,1,27,,329192,18,0,10,2,30,,329172,18,0,10,1,69,,329207,18,0,10,2,29,,329193,18,0,10,2,69,,329173,18,0,10,1,27,,329208,18,0,10,2,68,,329194,18,0,10,2,28,,329161,18,0,10,2,67,,329174,18,0,10,1,26,,329195,18,0,10,2,63,,329162,18,0,10,2,26,,329175,18,0,10,1
16102,'H51S200F-80-F2',537,,329225,18,0,10,1,68,,329242,18,0,10,2,28,,329229,18,0,10,1,68,,329226,18,0,10,1,26,,329243,18,0,10,2,27,,329230,18,0,10,1,65,,329279,18,0,10,1,25,,329262,18,0,10,2,64,,329244,18,0,10,2,23,,329231,18,0,10,1,23,,329280,18,0,10,1,60,,329263,18,0,10,2,17,,329252,18,0,10,2,16,,329245,18,0,10,2,55,,329232,18,0,10,1,15,,329275,18,0,10,1,15,,329281,18,0,10,1,15,,329264,18,0,10,2,57,,329253,18,0,10,2,16,,329246,18,0,10,2,16,,329233,18,0,10,1,15,,329276,18,0,10,1,55,,329282,18,0,10,1,15,,329265,18,0,10,2,14,,329249,18,0,10,2,14,,329254,18,0,10,2,54,,329247,18,0,10,2,14,,329234,18,0,10,1,14,,329277,18,0,10,1,14,,329269,18,0,10,2,55,,329283,18,0,10,1,14,,329266,18,0,10,2,12,,329250,18,0,10,2,10,,329255,18,0,10,2,10,,329248,18,0,10,2,10,,329235,18,0,10,1,50,,329288,18,0,10,1,11,,329278,18,0,10,1,10,,329270,18,0,10,2,10,,329287,18,0,10,2,10,,329284,18,0,10,1,10,,329267,18,0,10,2,51,,329251,18,0,10,2,12,,329256,18,0,10,2,16,,329236,18,0,10,1,15,,329289,18,0,10,1,56,,329271,18,0,10,2,16,,329285,18,0,10,1,16,,329268,18,0,10,2,15,,329257,18,0,10,2,55,,329237,18,0,10,1,16,,329290,18,0,10,1,17,,329272,18,0,10,2,60,,329286,18,0,10,1,27,,329258,18,0,10,2,30,,329238,18,0,10,1,69,,329273,18,0,10,2,29,,329259,18,0,10,2,69,,329239,18,0,10,1,27,,329274,18,0,10,2,68,,329260,18,0,10,2,28,,329227,18,0,10,2,67,,329240,18,0,10,1,26,,329261,18,0,10,2,63,,329228,18,0,10,2,26,,329241,18,0,10,1
16102,'H57S000S-80-S',1619,,329291,18,0,10,1
16102,'H59S000S-80-S',1657,,329292,18,0,10,2
37002,'H51S000A-80-A',2630,,347054,61,0,10,1,83,,347053,61,0,10,2,43,,347051,61,0,10,1,84,,347052,61,0,10,2,85,,347055,61,0,10,1
37002,'H51S000I-80-I',2539,,347060,61,0,10,1,85,,347056,61,0,10,1,85,,347058,61,0,10,2,45,,347061,61,0,10,1,86,,347057,61,0,10,1,89,,347059,61,0,10,2
37002,'H51S000S-81-S',2539,,347064,61,0,10,1,85,,347062,61,0,10,1,85,,347066,61,0,10,2,45,,347065,61,0,10,1,87,,347063,61,0,10,1,89,,347067,61,0,10,2
37002,'H51S100F-80-F1',2539,,347072,61,0,10,1,85,,347068,61,0,10,1,85,,347070,61,0,10,2,45,,347073,61,0,10,1,86,,347069,61,0,10,1,89,,347071,61,0,10,2
37002,'H51S200F-80-F2',2539,,347078,61,0,10,1,85,,347074,61,0,10,1,85,,347076,61,0,10,2,45,,347079,61,0,10,1,86,,347075,61,0,10,1,89,,347077,61,0,10,2
