43903,'H58S000A-80-A',900,,348008,23,4,,1,30,,347983,23,4,,1,70,,348003,23,4,,1,30,,348035,23,4,,1,20,,348040,23,4,,1,80,,348049,23,4,,1,70,,348045,23,4,,1,30,,347998,23,4,,1,20,,348066,23,4,,1,61,,348062,23,4,,1,30,,348020,23,4,,1,69,,348046,23,4,,1,30,,348005,23,4,,1,73,,348015,23,4,,1,29,,348021,23,4,,1,67,,348051,23,4,,1,31,,348042,23,4,,1,73,,348032,23,4,,1,30,,348064,23,4,,1,63,,348052,23,4,,1,32,,347995,23,4,,1,65,,348033,23,4,,1,37,,348029,23,4,,1,70,,348075,23,4,,1,32,,347996,23,4,,1,67,,348034,23,4,,1
43903,'H58S000I-80-I',859,,348092,23,4,,1,70,,348076,23,4,,1,71,,348141,23,4,,1,30,,348118,23,4,,1,20,,348135,23,4,,1,80,,348143,23,4,,1,70,,348130,23,4,,1,31,,348119,23,4,,1,20,,348111,23,4,,1,61,,348152,23,4,,1,31,,348144,23,4,,1,70,,348089,23,4,,1,28,,348106,23,4,,1,73,,348153,23,4,,1,29,,348145,23,4,,1,68,,348116,23,4,,1,30,,348149,23,4,,1,73,,348138,23,4,,1,28,,348146,23,4,,1,67,,348087,23,4,,1,31,,348102,23,4,,1,68,,348139,23,4,,1,27,,348158,23,4,,1,75,,348128,23,4,,1,29,,348103,23,4,,1,71,,348140,23,4,,1
43903,'H58S000S-83-S',713,,348170,23,4,,1,38,,348180,23,4,,1,62,,348195,23,4,,1,25,,348211,23,4,,1,73,,348171,23,4,,1,36,,348181,23,4,,1,70,,348186,23,4,,1,31,,348213,23,4,,1,70,,348227,23,4,,1,30,,348250,23,4,,1,69,,348175,23,4,,1,30,,348187,23,4,,1,70,,348255,23,4,,1,30,,348236,23,4,,1,71,,348219,23,4,,1,32,,348198,23,4,,1,61,,348224,23,4,,1,23,,348256,23,4,,1,69,,348183,23,4,,1,5,,348275,23,4,,1,12,,348247,23,4,,1,23,,348292,23,4,,1,16,,348199,23,4,,1,59,,348273,23,4,,1,19,,348280,23,4,,1,8,,348313,23,4,,1,11,,348295,23,4,,1,58,,348300,23,4,,1,24,,348272,23,4,,1,8,,348260,23,4,,1,62,,348264,23,4,,1,26,,348305,23,4,,1,16,,348190,23,4,,1,67,,348288,23,4,,1,29,,348261,23,4,,1,70,,348284,23,4,,1,23,,348312,23,4,,1,12,,348191,23,4,,1,59,,348297,23,4,,1,18,,348232,23,4,,1,18,,348302,23,4,,1,73,,348285,23,4,,1,23,,348307,23,4,,1,69,,348233,23,4,,1,31,,348290,23,4,,1,70,,348286,23,4,,1,30,,348308,23,4,,1,70,,348193,23,4,,1
43903,'H58S100F-80-F1',859,,348331,23,4,,1,70,,348315,23,4,,1,71,,348380,23,4,,1,30,,348357,23,4,,1,20,,348374,23,4,,1,80,,348382,23,4,,1,70,,348369,23,4,,1,31,,348358,23,4,,1,20,,348350,23,4,,1,61,,348391,23,4,,1,31,,348383,23,4,,1,70,,348328,23,4,,1,28,,348345,23,4,,1,73,,348392,23,4,,1,29,,348384,23,4,,1,68,,348355,23,4,,1,30,,348388,23,4,,1,73,,348377,23,4,,1,28,,348385,23,4,,1,67,,348326,23,4,,1,31,,348341,23,4,,1,68,,348378,23,4,,1,27,,348397,23,4,,1,75,,348367,23,4,,1,29,,348342,23,4,,1,71,,348379,23,4,,1
43903,'H58S200F-80-F2',859,,348423,23,4,,1,70,,348407,23,4,,1,71,,348472,23,4,,1,30,,348449,23,4,,1,20,,348460,23,4,,1,80,,348474,23,4,,1,70,,348467,23,4,,1,31,,348450,23,4,,1,20,,348436,23,4,,1,61,,348483,23,4,,1,31,,348475,23,4,,1,70,,348414,23,4,,1,28,,348431,23,4,,1,73,,348484,23,4,,1,29,,348476,23,4,,1,68,,348447,23,4,,1,30,,348480,23,4,,1,73,,348463,23,4,,1,28,,348477,23,4,,1,67,,348421,23,4,,1,31,,348443,23,4,,1,68,,348464,23,4,,1,27,,348489,23,4,,1,75,,348459,23,4,,1,29,,348444,23,4,,1,71,,348465,23,4,,1
43904,'H58S000A-80-A',752,,348499,1,0,121,1,71,,348519,1,0,121,1,26,,348548,1,0,121,1,66,,348523,1,0,121,1,15,,348564,1,0,121,1,72,,348500,1,0,121,1,31,,348520,1,0,121,1,70,,348555,1,0,121,1,28,,348579,1,0,121,1,72,,348565,1,0,121,1,26,,348560,1,0,121,1,74,,348585,1,0,121,1,33,,348580,1,0,121,1,66,,348532,1,0,121,1,29,,348561,1,0,121,1,71,,348522,1,0,121,1,22,,348529,1,0,121,1,30,,348533,1,0,121,1,72,,348567,1,0,121,1,27,,348558,1,0,121,1,69,,348546,1,0,121,1,17,,348573,1,0,121,1,66,,348582,1,0,121,1,30,,348568,1,0,121,1,70,,348512,1,0,121,1,28,,348547,1,0,121,1,71,,348541,1,0,121,1,31,,348594,1,0,121,1
43904,'H58S000I-80-I',752,,348595,1,0,121,1,76,,348626,1,0,121,1,20,,348641,1,0,121,1,69,,348615,1,0,121,1,15,,348667,1,0,121,1,71,,348596,1,0,121,1,29,,348671,1,0,121,1,69,,348660,1,0,121,1,32,,348676,1,0,121,1,70,,348668,1,0,121,1,32,,348611,1,0,121,1,70,,348634,1,0,121,1,29,,348677,1,0,121,1,70,,348669,1,0,121,1,30,,348612,1,0,121,1,68,,348629,1,0,121,1,27,,348678,1,0,121,1,30,,348670,1,0,121,1,72,,348639,1,0,121,1,70,,348674,1,0,121,1,25,,348663,1,0,121,1,17,,348686,1,0,121,1,59,,348657,1,0,121,1,29,,348607,1,0,121,1,70,,348625,1,0,121,1,30,,348664,1,0,121,1,71,,348684,1,0,121,1,31,,348652,1,0,121,1
43904,'H58S000S-83-S',558,,348704,1,0,121,1,61,,348723,1,0,121,1,25,,348741,1,0,121,1,62,,348759,1,0,121,1,8,,348763,1,0,121,1,12,,348694,1,0,121,1,9,,348735,1,0,121,1,13,,348747,1,0,121,1,54,,348707,1,0,121,1,19,,348724,1,0,121,1,19,,348787,1,0,121,1,17,,348740,1,0,121,1,61,,348695,1,0,121,1,31,,348780,1,0,121,1,73,,348708,1,0,121,1,25,,348714,1,0,121,1,68,,348743,1,0,121,1,31,,348765,1,0,121,1,67,,348793,1,0,121,1,31,,348701,1,0,121,1,65,,348715,1,0,121,1,34,,348800,1,0,121,1,65,,348775,1,0,121,1,32,,348750,1,0,121,1,68,,348727,1,0,121,1,30,,348755,1,0,121,1,73,,348711,1,0,121,1,25,,348814,1,0,121,1,67,,348825,1,0,121,1,33,,348836,1,0,121,1,70,,348826,1,0,121,1,30,,348829,1,0,121,1,70,,348805,1,0,121,1,36,,348833,1,0,121,1,64,,348718,1,0,121,1,30,,348823,1,0,121,1,70,,348806,1,0,121,1,30,,348819,1,0,121,1,70,,348719,1,0,121,1,30,,348769,1,0,121,1,70,,348831,1,0,121,1,30,,348820,1,0,121,1,70,,348835,1,0,121,1
43904,'H58S100F-80-F1',752,,348838,1,0,121,1,76,,348869,1,0,121,1,20,,348884,1,0,121,1,69,,348858,1,0,121,1,15,,348910,1,0,121,1,71,,348839,1,0,121,1,29,,348914,1,0,121,1,69,,348903,1,0,121,1,32,,348919,1,0,121,1,70,,348911,1,0,121,1,32,,348854,1,0,121,1,70,,348877,1,0,121,1,29,,348920,1,0,121,1,70,,348912,1,0,121,1,30,,348855,1,0,121,1,68,,348872,1,0,121,1,27,,348921,1,0,121,1,30,,348913,1,0,121,1,72,,348882,1,0,121,1,70,,348917,1,0,121,1,25,,348906,1,0,121,1,17,,348929,1,0,121,1,59,,348900,1,0,121,1,29,,348850,1,0,121,1,70,,348868,1,0,121,1,30,,348907,1,0,121,1,71,,348927,1,0,121,1,31,,348895,1,0,121,1
43904,'H58S200F-80-F2',752,,348932,1,0,121,1,76,,348958,1,0,121,1,20,,348978,1,0,121,1,69,,348952,1,0,121,1,15,,349004,1,0,121,1,71,,348933,1,0,121,1,29,,349008,1,0,121,1,69,,348991,1,0,121,1,32,,349013,1,0,121,1,70,,349005,1,0,121,1,32,,348943,1,0,121,1,70,,348966,1,0,121,1,29,,349014,1,0,121,1,70,,349006,1,0,121,1,30,,348944,1,0,121,1,68,,348961,1,0,121,1,27,,349015,1,0,121,1,30,,349007,1,0,121,1,72,,348976,1,0,121,1,70,,349011,1,0,121,1,25,,348994,1,0,121,1,17,,349024,1,0,121,1,59,,349000,1,0,121,1,29,,348951,1,0,121,1,70,,348972,1,0,121,1,30,,348995,1,0,121,1,71,,349021,1,0,121,1,31,,348989,1,0,121,1
