18501,'H57S000S-80-S',1516,,334849,4,0,5,1,24,,334850,4,0,5,1
18501,'H59S000A-80-A',558,,334861,4,0,5,1,66,,334881,4,0,5,1,31,,334871,4,0,5,1,70,,334875,4,0,5,2,30,,334862,4,0,5,1,70,,334872,4,0,5,1,30,,334876,4,0,5,2,70,,334863,4,0,5,1,32,,334873,4,0,5,1,70,,334877,4,0,5,2,32,,334864,4,0,5,1,72,,334874,4,0,5,1,73,,334878,4,0,5,2,32,,334885,4,0,5,1,73,,334888,4,0,5,2,32,,334882,4,0,5,1,71,,334879,4,0,5,2,31,,334886,4,0,5,1,70,,334889,4,0,5,2,30,,334883,4,0,5,1,70,,334880,4,0,5,2,30,,334887,4,0,5,1,70,,334865,4,0,5,1,30,,334884,4,0,5,1,70,,334866,4,0,5,1,31,,334851,4,0,5,1,72,,334856,4,0,5,1,32,,334867,4,0,5,1,70,,334852,4,0,5,1,30,,334857,4,0,5,1,69,,334868,4,0,5,1,31,,334853,4,0,5,1,70,,334858,4,0,5,1,30,,334869,4,0,5,1,69,,334854,4,0,5,1,29,,334859,4,0,5,1,70,,334870,4,0,5,1,28,,334855,4,0,5,1,68,,334860,4,0,5,1
18501,'H59S000I-81-I',558,,334890,4,0,5,2,71,,334902,4,0,5,1,30,,334914,4,0,5,2,73,,334891,4,0,5,2,73,,334903,4,0,5,1,31,,334915,4,0,5,2,71,,334892,4,0,5,2,31,,334904,4,0,5,1,73,,334916,4,0,5,2,33,,334893,4,0,5,2,73,,334905,4,0,5,1,31,,334917,4,0,5,2,73,,334894,4,0,5,2,33,,334906,4,0,5,1,73,,334918,4,0,5,2,73,,334921,4,0,5,1,32,,334895,4,0,5,2,73,,334907,4,0,5,1,32,,334919,4,0,5,2,71,,334922,4,0,5,1,29,,334896,4,0,5,2,69,,334908,4,0,5,1,29,,334920,4,0,5,2,69,,334923,4,0,5,1,30,,334897,4,0,5,2,71,,334909,4,0,5,1,30,,334924,4,0,5,1,69,,334898,4,0,5,2,30,,334910,4,0,5,1,69,,334925,4,0,5,1,30,,334899,4,0,5,2,69,,334911,4,0,5,1,28,,334926,4,0,5,1,27,,334900,4,0,5,2,68,,334912,4,0,5,1,28,,334927,4,0,5,1,67,,334901,4,0,5,2,28,,334913,4,0,5,1,67,,334928,4,0,5,1
18501,'H59S000S-80-S',603,,334930,4,0,5,1,33,,334950,4,0,5,2,65,,334960,4,0,5,1,19,,334929,4,0,5,2,20,,334957,4,0,5,1,70,,334934,4,0,5,1,33,,334953,4,0,5,1,73,,334932,4,0,5,1,31,,334967,4,0,5,1,72,,334935,4,0,5,1,30,,334954,4,0,5,1,70,,334951,4,0,5,1,29,,334968,4,0,5,1,69,,334936,4,0,5,1,27,,334955,4,0,5,1,67,,334952,4,0,5,1,28,,334969,4,0,5,1,68,,334937,4,0,5,1,29,,334956,4,0,5,1,64,,334933,4,0,5,1,103,,334938,4,0,5,1,22,,334944,4,0,5,1,21,,334931,4,0,5,1,60,,334961,4,0,5,1,28,,334958,4,0,5,2,69,,334939,4,0,5,1,28,,334945,4,0,5,1,27,,334962,4,0,5,1,66,,334959,4,0,5,2,26,,334940,4,0,5,1,70,,334946,4,0,5,1,30,,334963,4,0,5,1,71,,334941,4,0,5,1,30,,334947,4,0,5,1,70,,334964,4,0,5,1,28,,334942,4,0,5,1,68,,334948,4,0,5,1,29,,334965,4,0,5,1,69,,334943,4,0,5,1,30,,334949,4,0,5,1,70,,334966,4,0,5,1
18501,'H59S100F-80-F1',558,,334970,4,0,5,2,71,,334982,4,0,5,1,30,,334994,4,0,5,2,73,,334971,4,0,5,2,73,,334983,4,0,5,1,31,,334995,4,0,5,2,71,,334972,4,0,5,2,31,,334984,4,0,5,1,73,,334996,4,0,5,2,33,,334973,4,0,5,2,73,,334985,4,0,5,1,31,,334997,4,0,5,2,73,,334974,4,0,5,2,33,,334986,4,0,5,1,73,,334998,4,0,5,2,73,,335001,4,0,5,1,32,,334975,4,0,5,2,73,,334987,4,0,5,1,32,,334999,4,0,5,2,71,,335002,4,0,5,1,29,,334976,4,0,5,2,69,,334988,4,0,5,1,29,,335000,4,0,5,2,69,,335003,4,0,5,1,30,,334977,4,0,5,2,71,,334989,4,0,5,1,30,,335004,4,0,5,1,69,,334978,4,0,5,2,30,,334990,4,0,5,1,69,,335005,4,0,5,1,30,,334979,4,0,5,2,69,,334991,4,0,5,1,28,,335006,4,0,5,1,27,,334980,4,0,5,2,68,,334992,4,0,5,1,28,,335007,4,0,5,1,67,,334981,4,0,5,2,28,,334993,4,0,5,1,67,,335008,4,0,5,1
18501,'H59S200F-80-F2',558,,335009,4,0,5,2,71,,335021,4,0,5,1,30,,335033,4,0,5,2,73,,335010,4,0,5,2,73,,335022,4,0,5,1,31,,335034,4,0,5,2,71,,335011,4,0,5,2,31,,335023,4,0,5,1,73,,335035,4,0,5,2,33,,335012,4,0,5,2,73,,335024,4,0,5,1,31,,335036,4,0,5,2,73,,335013,4,0,5,2,33,,335025,4,0,5,1,73,,335037,4,0,5,2,73,,335040,4,0,5,1,32,,335014,4,0,5,2,73,,335026,4,0,5,1,32,,335038,4,0,5,2,71,,335041,4,0,5,1,29,,335015,4,0,5,2,69,,335027,4,0,5,1,29,,335039,4,0,5,2,69,,335042,4,0,5,1,30,,335016,4,0,5,2,71,,335028,4,0,5,1,30,,335043,4,0,5,1,69,,335017,4,0,5,2,30,,335029,4,0,5,1,69,,335044,4,0,5,1,30,,335018,4,0,5,2,69,,335030,4,0,5,1,28,,335045,4,0,5,1,27,,335019,4,0,5,2,68,,335031,4,0,5,1,28,,335046,4,0,5,1,67,,335020,4,0,5,2,28,,335032,4,0,5,1,67,,335047,4,0,5,1
36401,'H54S000A-80-A',2607,,346786,25,0,5,1,48,,346788,25,0,5,1,71,,346789,25,0,5,2,10,,346784,25,0,5,1,85,,346785,25,0,5,2,83,,346787,25,0,5,1
36401,'H54S000I-80-I',2601,,346793,25,0,5,1,45,,346795,25,0,5,1,71,,346790,25,0,5,1,31,,346792,25,0,5,2,71,,346791,25,0,5,1,81,,346794,25,0,5,1
36401,'H54S000S-80-S',2601,,346796,25,0,5,1,44,,346798,25,0,5,1,85,,346800,25,0,5,1,85,,346799,25,0,5,2,44,,346797,25,0,5,1
36401,'H54S100F-80-F1',2601,,346804,25,0,5,1,45,,346806,25,0,5,1,71,,346801,25,0,5,1,31,,346803,25,0,5,2,71,,346802,25,0,5,1,81,,346805,25,0,5,1
36401,'H54S200F-80-F2',2601,,346810,25,0,5,1,45,,346812,25,0,5,1,71,,346807,25,0,5,1,31,,346809,25,0,5,2,71,,346808,25,0,5,1,81,,346811,25,0,5,1
