2601,'H54S000A-80-A',533,,292299,4,0,5,1,70,,292327,4,0,5,2,30,,292300,4,0,5,1,70,,292328,4,0,5,2,31,,292301,4,0,5,1,70,,292329,4,0,5,2,30,,292302,4,0,5,1,70,,292330,4,0,5,2,31,,292303,4,0,5,1,70,,292331,4,0,5,2,30,,292304,4,0,5,1,70,,292332,4,0,5,2,30,,292305,4,0,5,1,70,,292316,4,0,5,1,30,,292306,4,0,5,1,70,,292317,4,0,5,1,30,,292307,4,0,5,1,70,,292318,4,0,5,1,30,,292308,4,0,5,1,71,,292319,4,0,5,1,30,,292309,4,0,5,1,70,,292320,4,0,5,1,30,,292310,4,0,5,1,70,,292321,4,0,5,1,31,,292311,4,0,5,1,71,,292322,4,0,5,1,29,,292312,4,0,5,1,70,,292323,4,0,5,1,30,,292313,4,0,5,1,70,,292324,4,0,5,1,30,,292314,4,0,5,1,71,,292325,4,0,5,1,30,,292315,4,0,5,1,71,,292326,4,0,5,1
2601,'H54S000I-80-I',532,,292333,4,0,5,2,27,,292340,4,0,5,1,67,,292334,4,0,5,2,28,,292341,4,0,5,1,68,,292335,4,0,5,2,29,,292342,4,0,5,1,71,,292336,4,0,5,2,30,,292343,4,0,5,1,70,,292337,4,0,5,2,30,,292344,4,0,5,1,70,,292338,4,0,5,2,30,,292345,4,0,5,1,72,,292339,4,0,5,2,31,,292346,4,0,5,1,71,,292357,4,0,5,1,30,,292347,4,0,5,1,69,,292358,4,0,5,1,29,,292348,4,0,5,1,69,,292359,4,0,5,1,30,,292349,4,0,5,1,70,,292360,4,0,5,1,30,,292350,4,0,5,1,69,,292361,4,0,5,1,29,,292351,4,0,5,1,69,,292362,4,0,5,1,29,,292352,4,0,5,1,69,,292363,4,0,5,1,29,,292353,4,0,5,1,68,,292364,4,0,5,1,29,,292354,4,0,5,1,69,,292365,4,0,5,1,29,,292355,4,0,5,1,69,,292366,4,0,5,1,29,,292356,4,0,5,1,69,,292367,4,0,5,2
2601,'H54S000S-80-S',534,,292368,4,0,5,2,66,,292371,4,0,5,1,26,,292369,4,0,5,2,29,,292372,4,0,5,1,69,,292370,4,0,5,2,29,,292381,4,0,5,1,70,,292373,4,0,5,1,31,,292382,4,0,5,1,70,,292374,4,0,5,1,30,,292383,4,0,5,1,69,,292375,4,0,5,1,30,,292384,4,0,5,1,70,,292376,4,0,5,1,27,,292404,4,0,5,1,68,,292385,4,0,5,1,28,,292377,4,0,5,1,68,,292403,4,0,5,2,27,,292386,4,0,5,1,67,,292378,4,0,5,1,29,,292387,4,0,5,2,73,,292379,4,0,5,1,30,,292388,4,0,5,2,64,,292390,4,0,5,2,16,,292380,4,0,5,1,15,,292392,4,0,5,1,17,,292389,4,0,5,2,65,,292391,4,0,5,2,33,,292393,4,0,5,1,72,,292398,4,0,5,2,31,,292394,4,0,5,1,68,,292399,4,0,5,2,28,,292395,4,0,5,1,67,,292400,4,0,5,2,27,,292396,4,0,5,1,69,,292401,4,0,5,2,29,,292397,4,0,5,1,69,,292402,4,0,5,2
2601,'H54S100F-80-F1',532,,292405,4,0,5,2,27,,292412,4,0,5,1,67,,292406,4,0,5,2,28,,292413,4,0,5,1,68,,292407,4,0,5,2,29,,292414,4,0,5,1,71,,292408,4,0,5,2,30,,292415,4,0,5,1,70,,292409,4,0,5,2,30,,292416,4,0,5,1,70,,292410,4,0,5,2,30,,292417,4,0,5,1,72,,292411,4,0,5,2,31,,292418,4,0,5,1,71,,292429,4,0,5,1,30,,292419,4,0,5,1,69,,292430,4,0,5,1,29,,292420,4,0,5,1,69,,292431,4,0,5,1,30,,292421,4,0,5,1,70,,292432,4,0,5,1,30,,292422,4,0,5,1,69,,292433,4,0,5,1,29,,292423,4,0,5,1,69,,292434,4,0,5,1,29,,292424,4,0,5,1,69,,292435,4,0,5,1,29,,292425,4,0,5,1,68,,292436,4,0,5,1,29,,292426,4,0,5,1,69,,292437,4,0,5,1,29,,292427,4,0,5,1,69,,292438,4,0,5,1,29,,292428,4,0,5,1,69,,292439,4,0,5,2
2601,'H54S200F-80-F2',532,,292440,4,0,5,2,27,,292447,4,0,5,1,67,,292441,4,0,5,2,28,,292448,4,0,5,1,68,,292442,4,0,5,2,29,,292449,4,0,5,1,71,,292443,4,0,5,2,30,,292450,4,0,5,1,70,,292444,4,0,5,2,30,,292451,4,0,5,1,70,,292445,4,0,5,2,30,,292452,4,0,5,1,72,,292446,4,0,5,2,31,,292453,4,0,5,1,71,,292464,4,0,5,1,30,,292454,4,0,5,1,69,,292465,4,0,5,1,29,,292455,4,0,5,1,69,,292466,4,0,5,1,30,,292456,4,0,5,1,70,,292467,4,0,5,1,30,,292457,4,0,5,1,69,,292468,4,0,5,1,29,,292458,4,0,5,1,69,,292469,4,0,5,1,29,,292459,4,0,5,1,69,,292470,4,0,5,1,29,,292460,4,0,5,1,68,,292471,4,0,5,1,29,,292461,4,0,5,1,69,,292472,4,0,5,1,29,,292462,4,0,5,1,69,,292473,4,0,5,1,29,,292463,4,0,5,1,69,,292474,4,0,5,2
2803,'H54S000A-80-A',509,,293099,14,0,8,1,22,,293125,14,0,8,2,22,,293123,14,0,8,1,71,,293132,14,0,8,1,31,,293126,14,0,8,2,71,,293124,14,0,8,1,31,,293133,14,0,8,1,71,,293127,14,0,8,2,31,,293106,14,0,8,1,71,,293134,14,0,8,1,71,,293128,14,0,8,2,31,,293107,14,0,8,1,71,,293115,14,0,8,2,31,,293100,14,0,8,1,71,,293138,14,0,8,1,31,,293135,14,0,8,1,71,,293129,14,0,8,2,31,,293108,14,0,8,1,71,,293116,14,0,8,2,31,,293101,14,0,8,1,71,,293139,14,0,8,1,31,,293136,14,0,8,1,71,,293130,14,0,8,2,31,,293109,14,0,8,1,71,,293117,14,0,8,2,31,,293102,14,0,8,1,71,,293140,14,0,8,1,31,,293137,14,0,8,1,71,,293131,14,0,8,2,31,,293110,14,0,8,1,71,,293118,14,0,8,2,31,,293103,14,0,8,1,71,,293111,14,0,8,1,31,,293119,14,0,8,2,71,,293104,14,0,8,1,31,,293112,14,0,8,1,71,,293141,14,0,8,2,31,,293120,14,0,8,2,71,,293113,14,0,8,1,71,,293105,14,0,8,1,31,,293121,14,0,8,2,71,,293114,14,0,8,1,27,,293122,14,0,8,2
2803,'H54S000I-80-I',508,,293142,14,0,8,2,24,,293167,14,0,8,2,25,,293156,14,0,8,1,66,,293174,14,0,8,2,28,,293168,14,0,8,2,70,,293157,14,0,8,1,30,,293175,14,0,8,2,70,,293169,14,0,8,2,30,,293180,14,0,8,1,70,,293176,14,0,8,2,30,,293170,14,0,8,2,70,,293158,14,0,8,1,30,,293150,14,0,8,2,70,,293143,14,0,8,2,30,,293181,14,0,8,1,70,,293177,14,0,8,2,30,,293171,14,0,8,2,70,,293159,14,0,8,1,30,,293151,14,0,8,2,70,,293144,14,0,8,2,30,,293182,14,0,8,1,70,,293178,14,0,8,2,30,,293172,14,0,8,2,70,,293160,14,0,8,1,30,,293152,14,0,8,2,70,,293145,14,0,8,2,30,,293183,14,0,8,1,70,,293179,14,0,8,2,30,,293173,14,0,8,2,70,,293161,14,0,8,1,30,,293153,14,0,8,2,70,,293146,14,0,8,2,30,,293162,14,0,8,1,70,,293154,14,0,8,2,30,,293147,14,0,8,2,69,,293163,14,0,8,1,30,,293155,14,0,8,2,70,,293148,14,0,8,1,29,,293164,14,0,8,2,69,,293184,14,0,8,1,32,,293149,14,0,8,1,70,,293165,14,0,8,2,31,,293166,14,0,8,1
2803,'H54S000S-80-S',510,,293231,14,0,8,2,30,,293228,14,0,8,1,16,,293187,14,0,8,2,56,,293232,14,0,8,2,12,,293206,14,0,8,2,23,,293191,14,0,8,1,12,,293189,14,0,8,1,58,,293230,14,0,8,2,10,,293210,14,0,8,2,9,,293188,14,0,8,2,7,,293227,14,4,,2,3,,293233,14,0,8,2,11,,293207,14,0,8,2,48,,293234,14,4,,2,9,,293201,14,0,8,1,17,,293190,14,0,8,1,23,,293211,14,0,8,2,70,,293208,14,0,8,2,30,,293202,14,0,8,1,69,,293212,14,0,8,2,31,,293209,14,0,8,2,70,,293203,14,0,8,1,31,,293192,14,0,8,1,71,,293213,14,0,8,1,28,,293204,14,0,8,1,69,,293193,14,0,8,1,28,,293214,14,0,8,1,68,,293205,14,0,8,1,29,,293194,14,0,8,1,72,,293215,14,0,8,1,33,,293221,14,0,8,2,72,,293195,14,0,8,1,20,,293222,1,0,8,2,10,,293216,14,0,8,1,56,,293226,1,0,8,2,14,,293217,14,0,8,2,14,,293237,1,0,8,2,14,,293196,14,0,8,1,58,,293238,1,0,8,2,12,,293223,14,0,8,2,16,,293185,1,0,8,1,15,,293218,14,0,8,2,70,,293197,14,0,8,1,30,,293235,14,0,8,2,71,,293219,14,0,8,2,31,,293198,14,0,8,1,70,,293236,14,0,8,2,29,,293220,14,0,8,2,71,,293199,14,0,8,1,30,,293224,14,0,8,1,70,,293239,14,0,8,1,29,,293200,14,0,8,1,70,,293225,14,0,8,1,30,,293240,14,0,8,1,70,,293229,14,0,8,1,29,,293186,14,0,8,1
2803,'H54S100F-80-F1',508,,293241,14,0,8,2,24,,293266,14,0,8,2,25,,293255,14,0,8,1,66,,293273,14,0,8,2,28,,293267,14,0,8,2,70,,293256,14,0,8,1,30,,293274,14,0,8,2,70,,293268,14,0,8,2,30,,293279,14,0,8,1,70,,293275,14,0,8,2,30,,293269,14,0,8,2,70,,293257,14,0,8,1,30,,293249,14,0,8,2,70,,293242,14,0,8,2,30,,293280,14,0,8,1,70,,293276,14,0,8,2,30,,293270,14,0,8,2,70,,293258,14,0,8,1,30,,293250,14,0,8,2,70,,293243,14,0,8,2,30,,293281,14,0,8,1,70,,293277,14,0,8,2,30,,293271,14,0,8,2,70,,293259,14,0,8,1,30,,293251,14,0,8,2,70,,293244,14,0,8,2,30,,293282,14,0,8,1,70,,293278,14,0,8,2,30,,293272,14,0,8,2,70,,293260,14,0,8,1,30,,293252,14,0,8,2,70,,293245,14,0,8,2,30,,293261,14,0,8,1,70,,293253,14,0,8,2,30,,293246,14,0,8,2,69,,293262,14,0,8,1,30,,293254,14,0,8,2,70,,293247,14,0,8,1,29,,293263,14,0,8,2,69,,293283,14,0,8,1,32,,293248,14,0,8,1,70,,293264,14,0,8,2,31,,293265,14,0,8,1
2803,'H54S200F-80-F2',508,,293284,14,0,8,2,24,,293309,14,0,8,2,25,,293298,14,0,8,1,66,,293316,14,0,8,2,28,,293310,14,0,8,2,70,,293299,14,0,8,1,30,,293317,14,0,8,2,70,,293311,14,0,8,2,30,,293322,14,0,8,1,70,,293318,14,0,8,2,30,,293312,14,0,8,2,70,,293300,14,0,8,1,30,,293292,14,0,8,2,70,,293285,14,0,8,2,30,,293323,14,0,8,1,70,,293319,14,0,8,2,30,,293313,14,0,8,2,70,,293301,14,0,8,1,30,,293293,14,0,8,2,70,,293286,14,0,8,2,30,,293324,14,0,8,1,70,,293320,14,0,8,2,30,,293314,14,0,8,2,70,,293302,14,0,8,1,30,,293294,14,0,8,2,70,,293287,14,0,8,2,30,,293325,14,0,8,1,70,,293321,14,0,8,2,30,,293315,14,0,8,2,70,,293303,14,0,8,1,30,,293295,14,0,8,2,70,,293288,14,0,8,2,30,,293304,14,0,8,1,70,,293296,14,0,8,2,30,,293289,14,0,8,2,69,,293305,14,0,8,1,30,,293297,14,0,8,2,70,,293290,14,0,8,1,29,,293306,14,0,8,2,69,,293326,14,0,8,1,32,,293291,14,0,8,1,70,,293307,14,0,8,2,31,,293308,14,0,8,1
2803,'H57S000S-80-S',636,,293327,14,0,8,1,72,,293328,14,0,8,1
36201,'H54S000A-80-A',2648,,346656,34,0,5,1,85,,346657,34,0,5,2,85,,346659,34,0,5,1,85,,346658,34,0,5,2
36201,'H54S000I-80-I',2602,,346662,34,0,5,2,45,,346660,34,0,5,1,84,,346664,34,0,5,2,85,,346661,34,0,5,1,85,,346663,34,0,5,2
36201,'H54S000S-80-S',2601,,346667,34,0,5,1,45,,346666,34,0,5,1,85,,346665,34,0,5,1,85,,346669,34,0,5,1,85,,346668,34,0,5,1
36201,'H54S100F-80-F1',2602,,346672,34,0,5,2,45,,346670,34,0,5,1,84,,346674,34,0,5,2,85,,346671,34,0,5,1,85,,346673,34,0,5,2
36201,'H54S200F-80-F2',2602,,346677,34,0,5,2,45,,346675,34,0,5,1,84,,346679,34,0,5,2,85,,346676,34,0,5,1,85,,346678,34,0,5,2
