9501,'H51S000A-80-A',546,,313149,22,0,5,1,74,,313161,22,0,5,2,29,,313169,22,0,5,1,69,,313150,22,0,5,1,28,,313162,22,0,5,2,69,,313170,22,0,5,1,32,,313151,22,0,5,1,70,,313163,22,0,5,2,31,,313171,22,0,5,1,70,,313152,22,0,5,1,30,,313164,22,0,5,2,75,,313172,22,0,5,1,31,,313153,22,0,5,1,70,,313165,22,0,5,2,24,,313175,22,0,5,1,63,,313173,22,0,5,1,20,,313185,22,0,5,2,20,,313154,22,0,5,1,60,,313166,22,0,5,2,20,,313176,22,0,5,1,22,,313174,22,0,5,1,62,,313186,22,0,5,2,20,,313155,22,0,5,1,20,,313167,22,0,5,2,60,,313177,22,0,5,1,20,,313168,22,0,5,1,20,,313188,22,0,5,2,60,,313187,22,0,5,2,20,,313156,22,0,5,1,72,,313178,22,0,5,1,32,,313146,22,0,5,2,69,,313157,22,0,5,1,28,,313179,22,0,5,1,69,,313147,22,0,5,2,30,,313158,22,0,5,1,70,,313180,22,0,5,1,30,,313148,22,0,5,2,69,,313159,22,0,5,1,29,,313181,22,0,5,1,67,,313189,22,0,5,2,29,,313160,22,0,5,1,28,,313182,22,0,5,1,68,,313190,22,0,5,2,34,,313183,22,0,5,1,71,,313191,22,0,5,2,74,,313184,22,0,5,1
9501,'H51S000I-80-I',546,,313192,22,0,5,1,68,,313193,22,0,5,2,35,,313207,22,0,5,1,70,,313227,22,0,5,1,30,,313194,22,0,5,2,70,,313208,22,0,5,1,30,,313228,22,0,5,1,70,,313195,22,0,5,2,33,,313209,22,0,5,1,70,,313229,22,0,5,1,30,,313196,22,0,5,2,70,,313210,22,0,5,1,31,,313230,22,0,5,1,72,,313197,22,0,5,2,30,,313211,22,0,5,1,66,,313218,22,0,5,1,26,,313231,22,0,5,2,65,,313198,22,0,5,2,24,,313212,22,0,5,1,64,,313219,22,0,5,1,24,,313232,22,0,5,2,24,,313199,22,0,5,2,63,,313213,22,0,5,1,24,,313220,22,0,5,1,23,,313233,22,0,5,2,63,,313200,22,0,5,2,25,,313214,22,0,5,1,70,,313221,22,0,5,1,30,,313201,22,0,5,2,69,,313215,22,0,5,1,29,,313222,22,0,5,1,69,,313202,22,0,5,2,29,,313216,22,0,5,1,69,,313223,22,0,5,1,30,,313203,22,0,5,2,72,,313217,22,0,5,1,34,,313224,22,0,5,1,74,,313204,22,0,5,2,33,,313225,22,0,5,1,73,,313205,22,0,5,2,31,,313226,22,0,5,1,71,,313206,22,0,5,2
9501,'H51S000S-81-S',555,,313234,22,0,5,1,64,,313247,22,0,5,1,29,,313242,22,0,5,2,107,,313248,22,0,5,1,73,,313249,22,0,5,2,72,,313259,22,0,5,1,32,,313243,22,0,5,1,72,,313250,22,0,5,2,32,,313260,22,0,5,1,72,,313244,22,0,5,1,33,,313251,22,0,5,2,71,,313261,22,0,5,1,32,,313245,22,0,5,1,73,,313252,22,0,5,2,33,,313262,22,0,5,1,67,,313270,22,0,5,1,25,,313246,22,0,5,1,67,,313253,22,0,5,2,27,,313235,22,0,5,1,69,,313263,22,0,5,1,29,,313271,22,0,5,2,68,,313254,22,0,5,2,28,,313236,22,0,5,1,27,,313264,22,0,5,1,66,,313272,22,0,5,2,26,,313255,22,0,5,2,69,,313237,22,0,5,1,28,,313265,22,0,5,1,68,,313256,22,0,5,2,30,,313238,22,0,5,1,70,,313266,22,0,5,1,31,,313257,22,0,5,2,72,,313239,22,0,5,1,32,,313267,22,0,5,1,72,,313258,22,0,5,2,32,,313240,22,0,5,1,72,,313268,22,0,5,1,34,,313241,22,0,5,1,72,,313269,22,0,5,1
9501,'H51S100F-80-F1',546,,313273,22,0,5,1,68,,313274,22,0,5,2,35,,313288,22,0,5,1,70,,313308,22,0,5,1,30,,313275,22,0,5,2,70,,313289,22,0,5,1,30,,313309,22,0,5,1,70,,313276,22,0,5,2,33,,313290,22,0,5,1,70,,313310,22,0,5,1,30,,313277,22,0,5,2,70,,313291,22,0,5,1,31,,313311,22,0,5,1,72,,313278,22,0,5,2,30,,313292,22,0,5,1,66,,313299,22,0,5,1,26,,313312,22,0,5,2,65,,313279,22,0,5,2,24,,313293,22,0,5,1,64,,313300,22,0,5,1,24,,313313,22,0,5,2,24,,313280,22,0,5,2,63,,313294,22,0,5,1,24,,313301,22,0,5,1,23,,313314,22,0,5,2,63,,313281,22,0,5,2,25,,313295,22,0,5,1,70,,313302,22,0,5,1,30,,313282,22,0,5,2,69,,313296,22,0,5,1,29,,313303,22,0,5,1,69,,313283,22,0,5,2,29,,313297,22,0,5,1,69,,313304,22,0,5,1,30,,313284,22,0,5,2,72,,313298,22,0,5,1,34,,313305,22,0,5,1,74,,313285,22,0,5,2,33,,313306,22,0,5,1,73,,313286,22,0,5,2,31,,313307,22,0,5,1,71,,313287,22,0,5,2
9501,'H51S200F-80-F2',546,,313315,22,0,5,1,68,,313316,22,0,5,2,35,,313330,22,0,5,1,70,,313350,22,0,5,1,30,,313317,22,0,5,2,70,,313331,22,0,5,1,30,,313351,22,0,5,1,70,,313318,22,0,5,2,33,,313332,22,0,5,1,70,,313352,22,0,5,1,30,,313319,22,0,5,2,70,,313333,22,0,5,1,31,,313353,22,0,5,1,72,,313320,22,0,5,2,30,,313334,22,0,5,1,66,,313341,22,0,5,1,26,,313354,22,0,5,2,65,,313321,22,0,5,2,24,,313335,22,0,5,1,64,,313342,22,0,5,1,24,,313355,22,0,5,2,24,,313322,22,0,5,2,63,,313336,22,0,5,1,24,,313343,22,0,5,1,23,,313356,22,0,5,2,63,,313323,22,0,5,2,25,,313337,22,0,5,1,70,,313344,22,0,5,1,30,,313324,22,0,5,2,69,,313338,22,0,5,1,29,,313345,22,0,5,1,69,,313325,22,0,5,2,29,,313339,22,0,5,1,69,,313346,22,0,5,1,30,,313326,22,0,5,2,72,,313340,22,0,5,1,34,,313347,22,0,5,1,74,,313327,22,0,5,2,33,,313348,22,0,5,1,73,,313328,22,0,5,2,31,,313349,22,0,5,1,71,,313329,22,0,5,2
9501,'H58S000S-83-S',723,,313357,22,0,5,2
14101,'H50S000S-82-S',1700,,326233,9,0,5,1
14101,'H51S000S-81-S',515,,326234,9,0,5,1,110,,326236,9,0,5,1,84,,326238,9,0,5,2,1095,,326235,9,0,5,2,22,,326241,9,0,5,2
14101,'H54S000A-80-A',454,,326250,9,0,5,1,67,,326258,9,0,5,1,27,,326242,9,0,5,1,67,,326266,9,0,5,1,27,,326251,9,0,5,1,68,,326259,9,0,5,1,27,,326243,9,0,5,1,67,,326272,9,0,5,1,15,,326333,9,0,5,1,14,,326252,9,0,5,1,14,,326267,9,0,5,1,53,,326260,9,0,5,1,12,,326281,9,0,5,1,14,,326244,9,0,5,1,12,,326319,9,0,5,1,13,,326286,9,0,5,2,54,,326273,9,0,5,1,12,,326334,9,0,5,1,12,,326253,9,0,5,1,12,,326268,9,0,5,1,11,,326288,9,0,5,1,51,,326261,9,0,5,1,10,,326282,9,0,5,1,10,,326245,9,0,5,1,11,,326320,9,0,5,1,11,,326303,9,0,5,1,9,,326287,9,0,5,2,48,,326293,9,0,5,2,9,,326274,9,0,5,1,8,,326335,9,0,5,1,8,,326296,9,0,5,1,9,,326254,9,0,5,1,10,,326269,9,0,5,1,8,,326289,9,0,5,1,47,,326306,9,0,5,2,7,,326262,9,0,5,1,9,,326283,9,0,5,1,9,,326246,9,0,5,1,9,,326277,9,0,5,1,8,,326321,9,0,5,1,8,,326304,9,0,5,1,8,,326311,9,0,5,1,48,,326330,9,0,5,1,9,,326294,9,0,5,2,9,,326275,9,0,5,1,9,,326297,9,0,5,1,9,,326322,9,0,5,1,7,,326255,9,0,5,1,8,,326270,9,0,5,1,48,,326290,9,0,5,1,8,,326307,9,0,5,2,8,,326263,9,0,5,1,7,,326327,9,0,5,1,8,,326284,9,0,5,1,8,,326247,9,0,5,1,8,,326278,9,0,5,1,48,,326305,9,0,5,1,8,,326312,9,0,5,1,8,,326331,9,0,5,1,8,,326295,9,0,5,2,8,,326276,9,0,5,1,9,,326298,9,0,5,1,8,,326323,9,0,5,1,7,,326256,9,0,5,1,47,,326271,9,0,5,1,7,,326291,9,0,5,1,8,,326308,9,0,5,2,8,,326264,9,0,5,1,9,,326328,9,0,5,1,8,,326285,9,0,5,1,9,,326248,9,0,5,1,49,,326279,9,0,5,1,9,,326314,9,0,5,2,8,,326313,9,0,5,1,9,,326332,9,0,5,1,9,,326299,9,0,5,1,9,,326324,9,0,5,1,9,,326257,9,0,5,1,49,,326292,9,0,5,1,10,,326309,9,0,5,2,11,,326265,9,0,5,1,11,,326329,9,0,5,1,14,,326249,9,0,5,1,55,,326280,9,0,5,1,21,,326300,9,0,5,1,24,,326325,9,0,5,1,66,,326310,9,0,5,2,27,,326336,9,0,5,1,68,,326301,9,0,5,1,26,,326326,9,0,5,1,64,,326315,9,0,5,1,25,,326317,9,0,5,2,28,,326302,9,0,5,1,65,,326337,9,0,5,1,27,,326316,9,0,5,1,67,,326318,9,0,5,2
14101,'H54S000I-80-I',454,,326403,9,0,5,1,73,,326352,9,0,5,1,73,,326411,9,0,5,2,32,,326404,9,0,5,1,73,,326353,9,0,5,1,30,,326373,9,0,5,1,68,,326412,9,0,5,2,19,,326405,9,0,5,1,18,,326368,9,0,5,1,18,,326354,9,0,5,1,60,,326338,9,0,5,2,21,,326395,9,0,5,1,16,,326413,9,0,5,2,54,,326362,9,0,5,1,14,,326406,9,0,5,1,14,,326369,9,0,5,1,14,,326374,9,0,5,1,54,,326355,9,0,5,1,12,,326339,9,0,5,2,11,,326385,9,0,5,1,10,,326396,9,0,5,1,10,,326343,9,0,5,1,10,,326414,9,0,5,1,50,,326391,9,0,5,1,11,,326382,9,0,5,1,12,,326363,9,0,5,1,11,,326370,9,0,5,1,10,,326375,9,0,5,1,49,,326399,9,0,5,1,9,,326356,9,0,5,1,9,,326340,9,0,5,2,9,,326386,9,0,5,1,9,,326397,9,0,5,1,9,,326344,9,0,5,1,8,,326349,9,0,5,2,49,,326415,9,0,5,1,8,,326392,9,0,5,1,10,,326407,9,0,5,1,9,,326383,9,0,5,1,10,,326364,9,0,5,1,10,,326371,9,0,5,1,50,,326376,9,0,5,1,9,,326400,9,0,5,1,9,,326357,9,0,5,1,10,,326387,9,0,5,1,10,,326398,9,0,5,1,10,,326345,9,0,5,1,10,,326350,9,0,5,2,52,,326393,9,0,5,1,11,,326408,9,0,5,1,9,,326384,9,0,5,1,9,,326365,9,0,5,1,8,,326341,9,0,5,2,8,,326372,9,0,5,1,48,,326377,9,0,5,1,10,,326401,9,0,5,1,12,,326358,9,0,5,1,12,,326388,9,0,5,1,12,,326346,9,0,5,1,51,,326351,9,0,5,2,12,,326394,9,0,5,1,13,,326409,9,0,5,1,14,,326366,9,0,5,1,15,,326342,9,0,5,2,55,,326378,9,0,5,1,15,,326402,9,0,5,1,15,,326359,9,0,5,1,20,,326347,9,0,5,1,60,,326410,9,0,5,1,21,,326367,9,0,5,1,64,,326379,9,0,5,1,26,,326360,9,0,5,1,26,,326348,9,0,5,1,66,,326389,9,0,5,1,26,,326380,9,0,5,1,66,,326361,9,0,5,1,30,,326416,9,0,5,2,69,,326390,9,0,5,1,30,,326381,9,0,5,1
14101,'H54S000S-80-S',454,,326436,9,0,5,1,75,,326426,9,0,5,1,24,,326429,9,0,5,1,51,,326419,9,0,5,1,11,,326425,9,0,5,1,21,,326464,9,0,5,1,5,,326437,9,0,5,1,8,,326445,9,0,5,1,52,,326452,9,0,5,1,19,,326427,9,0,5,1,6,,326458,9,0,5,2,11,,326459,9,0,5,1,9,,326430,9,0,5,1,9,,326420,9,0,5,1,49,,326478,9,0,5,1,9,,326487,9,0,5,1,9,,326465,9,0,5,2,10,,326466,9,0,5,1,11,,326438,9,0,5,1,11,,326446,9,0,5,1,49,,326453,9,0,5,1,8,,326497,9,0,5,1,8,,326428,9,0,5,1,8,,326472,9,0,5,1,9,,326460,9,0,5,1,10,,326431,9,0,5,1,10,,326421,9,0,5,1,50,,326479,9,0,5,1,11,,326488,9,0,5,1,11,,326467,9,0,5,1,11,,326439,9,0,5,1,10,,326447,9,0,5,1,10,,326454,9,0,5,1,50,,326498,9,0,5,1,12,,326473,9,0,5,1,11,,326461,9,0,5,1,11,,326432,9,0,5,1,10,,326422,9,0,5,1,49,,326480,9,0,5,1,9,,326506,9,0,5,1,9,,326489,9,0,5,1,9,,326468,9,0,5,1,8,,326440,9,0,5,1,9,,326448,9,0,5,1,9,,326455,9,0,5,1,50,,326499,9,0,5,1,8,,326510,9,0,5,2,8,,326493,9,0,5,1,7,,326474,9,0,5,1,7,,326462,9,0,5,1,9,,326433,9,0,5,1,9,,326423,9,0,5,1,49,,326481,9,0,5,1,9,,326507,9,0,5,1,9,,326490,9,0,5,1,9,,326469,9,0,5,1,9,,326441,9,0,5,1,9,,326449,9,0,5,1,57,,326456,9,0,5,1,7,,326500,9,0,5,1,8,,326511,9,0,5,2,8,,326494,9,0,5,1,8,,326512,9,0,5,1,7,,326475,9,0,5,1,5,,326463,9,0,5,1,5,,326528,9,0,5,2,5,,326434,9,0,5,1,45,,326424,9,0,5,1,5,,326417,9,0,5,2,5,,326482,9,0,5,1,16,,326508,9,0,5,1,6,,326491,9,0,5,1,5,,326518,9,0,5,1,10,,326470,9,0,5,1,6,,326442,9,0,5,1,53,,326450,9,0,5,1,5,,326523,9,0,5,1,5,,326525,9,0,5,2,4,,326527,9,0,5,1,4,,326457,9,0,5,1,6,,326501,9,0,5,1,6,,326418,9,0,5,1,7,,326516,9,0,5,1,6,,326495,9,0,5,1,6,,326513,9,0,5,1,54,,326476,9,0,5,1,7,,326435,9,0,5,1,16,,326483,9,0,5,1,16,,326509,9,0,5,1,7,,326519,9,0,5,1,48,,326443,9,0,5,1,9,,326451,9,0,5,1,10,,326524,9,0,5,1,10,,326502,9,0,5,1,11,,326517,9,0,5,1,11,,326514,9,0,5,1,52,,326477,9,0,5,1,21,,326484,9,0,5,1,21,,326520,9,0,5,1,60,,326444,9,0,5,1,21,,326503,9,0,5,1,26,,326515,9,0,5,1,67,,326485,9,0,5,1,26,,326521,9,0,5,1,67,,326504,9,0,5,1,28,,326526,9,0,5,2,69,,326486,9,0,5,1,31,,326522,9,0,5,1,67,,326505,9,0,5,1
14101,'H54S100F-80-F1',454,,326594,9,0,5,1,73,,326543,9,0,5,1,73,,326602,9,0,5,2,32,,326595,9,0,5,1,73,,326544,9,0,5,1,30,,326564,9,0,5,1,68,,326603,9,0,5,2,19,,326596,9,0,5,1,18,,326559,9,0,5,1,18,,326545,9,0,5,1,60,,326529,9,0,5,2,21,,326586,9,0,5,1,16,,326604,9,0,5,2,54,,326553,9,0,5,1,14,,326597,9,0,5,1,14,,326560,9,0,5,1,14,,326565,9,0,5,1,54,,326546,9,0,5,1,12,,326530,9,0,5,2,11,,326576,9,0,5,1,10,,326587,9,0,5,1,10,,326534,9,0,5,1,10,,326605,9,0,5,1,50,,326582,9,0,5,1,11,,326573,9,0,5,1,12,,326554,9,0,5,1,11,,326561,9,0,5,1,10,,326566,9,0,5,1,49,,326590,9,0,5,1,9,,326547,9,0,5,1,9,,326531,9,0,5,2,9,,326577,9,0,5,1,9,,326588,9,0,5,1,9,,326535,9,0,5,1,8,,326540,9,0,5,2,49,,326606,9,0,5,1,8,,326583,9,0,5,1,10,,326598,9,0,5,1,9,,326574,9,0,5,1,10,,326555,9,0,5,1,10,,326562,9,0,5,1,50,,326567,9,0,5,1,9,,326591,9,0,5,1,9,,326548,9,0,5,1,10,,326578,9,0,5,1,10,,326589,9,0,5,1,10,,326536,9,0,5,1,10,,326541,9,0,5,2,52,,326584,9,0,5,1,11,,326599,9,0,5,1,9,,326575,9,0,5,1,9,,326556,9,0,5,1,8,,326532,9,0,5,2,8,,326563,9,0,5,1,48,,326568,9,0,5,1,10,,326592,9,0,5,1,12,,326549,9,0,5,1,12,,326579,9,0,5,1,12,,326537,9,0,5,1,51,,326542,9,0,5,2,12,,326585,9,0,5,1,13,,326600,9,0,5,1,14,,326557,9,0,5,1,15,,326533,9,0,5,2,55,,326569,9,0,5,1,15,,326593,9,0,5,1,15,,326550,9,0,5,1,20,,326538,9,0,5,1,60,,326601,9,0,5,1,21,,326558,9,0,5,1,64,,326570,9,0,5,1,26,,326551,9,0,5,1,26,,326539,9,0,5,1,66,,326580,9,0,5,1,26,,326571,9,0,5,1,66,,326552,9,0,5,1,30,,326607,9,0,5,2,69,,326581,9,0,5,1,30,,326572,9,0,5,1
14101,'H54S200F-80-F2',454,,326673,9,0,5,1,73,,326622,9,0,5,1,73,,326681,9,0,5,2,32,,326674,9,0,5,1,73,,326623,9,0,5,1,30,,326643,9,0,5,1,68,,326682,9,0,5,2,19,,326675,9,0,5,1,18,,326638,9,0,5,1,18,,326624,9,0,5,1,60,,326608,9,0,5,2,21,,326665,9,0,5,1,16,,326683,9,0,5,2,54,,326632,9,0,5,1,14,,326676,9,0,5,1,14,,326639,9,0,5,1,14,,326644,9,0,5,1,54,,326625,9,0,5,1,12,,326609,9,0,5,2,11,,326655,9,0,5,1,10,,326666,9,0,5,1,10,,326613,9,0,5,1,10,,326684,9,0,5,1,50,,326661,9,0,5,1,11,,326652,9,0,5,1,12,,326633,9,0,5,1,11,,326640,9,0,5,1,10,,326645,9,0,5,1,49,,326669,9,0,5,1,9,,326626,9,0,5,1,9,,326610,9,0,5,2,9,,326656,9,0,5,1,9,,326667,9,0,5,1,9,,326614,9,0,5,1,8,,326619,9,0,5,2,49,,326685,9,0,5,1,8,,326662,9,0,5,1,10,,326677,9,0,5,1,9,,326653,9,0,5,1,10,,326634,9,0,5,1,10,,326641,9,0,5,1,50,,326646,9,0,5,1,9,,326670,9,0,5,1,9,,326627,9,0,5,1,10,,326657,9,0,5,1,10,,326668,9,0,5,1,10,,326615,9,0,5,1,10,,326620,9,0,5,2,52,,326663,9,0,5,1,11,,326678,9,0,5,1,9,,326654,9,0,5,1,9,,326635,9,0,5,1,8,,326611,9,0,5,2,8,,326642,9,0,5,1,48,,326647,9,0,5,1,10,,326671,9,0,5,1,12,,326628,9,0,5,1,12,,326658,9,0,5,1,12,,326616,9,0,5,1,51,,326621,9,0,5,2,12,,326664,9,0,5,1,13,,326679,9,0,5,1,14,,326636,9,0,5,1,15,,326612,9,0,5,2,55,,326648,9,0,5,1,15,,326672,9,0,5,1,15,,326629,9,0,5,1,20,,326617,9,0,5,1,60,,326680,9,0,5,1,21,,326637,9,0,5,1,64,,326649,9,0,5,1,26,,326630,9,0,5,1,26,,326618,9,0,5,1,66,,326659,9,0,5,1,26,,326650,9,0,5,1,66,,326631,9,0,5,1,30,,326686,9,0,5,2,69,,326660,9,0,5,1,30,,326651,9,0,5,1
14101,'H57S000S-80-S',542,,326688,9,0,5,1,111,,326687,9,0,5,1,803,,326690,9,0,5,1,166,,326689,9,0,5,1,82,,326691,9,0,5,1
14101,'H59S000S-80-S',1617,,326692,9,0,5,1,27,,326694,9,0,5,2,198,,326693,9,0,5,1
18801,'H50S000S-82-S',1550,,336238,9,0,99 49,2
18801,'H51S000S-81-S',1510,,336239,9,0,99 49,2
18801,'H54S000S-80-S',554,,336245,9,0,99 48,2,73,,336240,9,0,99 48,1,77,,336248,9,0,99 48,2,35,,336246,9,0,99 48,2,74,,336241,9,0,99 48,1,31,,336249,9,0,99 48,2,80,,336247,9,0,99 48,2,705,,336250,9,0,99 49,1,77,,336251,9,0,99 49,2,34,,336243,9,0,99 49,2,76,,336242,9,0,99 49,1,35,,336244,9,0,99 49,2
37201,'H54S000A-80-A',2546,,347150,51,0,5,2,88,,347154,51,0,5,1,85,,347152,51,0,5,1,90,,347155,51,0,5,1,44,,347151,51,0,5,1
37201,'H54S000I-80-I',2550,,347158,51,0,5,1,88,,347156,51,0,5,1,85,,347157,51,0,5,1,85,,347161,51,0,5,1,46,,347160,51,0,5,2
37201,'H54S000S-80-S',2550,,347164,51,0,5,1,74,,347167,51,0,5,2,77,,347165,51,0,5,1,40,,347166,51,0,5,2,80,,347162,51,0,5,1,81,,347163,51,0,5,1
37201,'H54S100F-80-F1',2550,,347171,51,0,5,1,88,,347169,51,0,5,1,85,,347170,51,0,5,1,85,,347174,51,0,5,1,46,,347173,51,0,5,2
37201,'H54S200F-80-F2',2550,,347177,51,0,5,1,88,,347175,51,0,5,1,85,,347176,51,0,5,1,85,,347180,51,0,5,1,46,,347179,51,0,5,2
