2002,'H58S000A-80-A',827,,291026,20,0,10,2,21,,291048,20,0,10,2,60,,291036,20,0,10,1,20,,291027,20,0,10,2,20,,291049,20,0,10,2,61,,291037,20,0,10,1,20,,291028,20,0,10,2,21,,291050,20,0,10,2,64,,291038,20,0,10,1,24,,291029,20,0,10,2,65,,291053,20,0,10,1,23,,291039,20,0,10,1,21,,291030,20,0,10,2,60,,291054,20,0,10,1,19,,291040,20,0,10,1,20,,291031,20,0,10,2,60,,291055,20,0,10,1,20,,291047,20,0,10,2,20,,291041,20,0,10,1,62,,291032,20,0,10,2,23,,291056,20,0,10,1,24,,291042,20,0,10,1,63,,291033,20,0,10,2,22,,291057,20,0,10,1,60,,291043,20,0,10,1,20,,291034,20,0,10,2,20,,291058,20,0,10,1,60,,291044,20,0,10,1,22,,291035,20,0,10,2,21,,291059,20,0,10,1,64,,291045,20,0,10,1,30,,291060,20,0,10,1,70,,291046,20,0,10,1,28,,291061,20,0,10,1,71,,291051,20,0,10,2,32,,291062,21,0,10,1,70,,291052,21,0,10,2,29,,291063,21,0,10,1
2002,'H58S000I-80-I',827,,291064,20,0,10,1,21,,291078,20,0,10,2,61,,291088,20,0,10,1,23,,291065,20,0,10,1,22,,291079,20,0,10,2,61,,291089,20,0,10,1,21,,291066,20,0,10,1,23,,291080,20,0,10,2,61,,291090,20,0,10,1,20,,291067,20,0,10,1,61,,291081,20,0,10,2,21,,291091,20,0,10,1,22,,291068,20,0,10,1,62,,291082,20,0,10,2,22,,291092,20,0,10,1,21,,291069,20,0,10,1,61,,291083,20,0,10,2,21,,291093,20,0,10,1,21,,291070,20,0,10,1,62,,291084,20,0,10,2,22,,291094,20,0,10,1,21,,291071,20,0,10,1,61,,291085,20,0,10,2,21,,291095,20,0,10,1,61,,291072,20,0,10,1,21,,291086,20,0,10,2,22,,291096,20,0,10,1,62,,291073,20,0,10,1,21,,291087,20,0,10,2,21,,291097,20,0,10,1,61,,291074,20,0,10,1,30,,291098,20,0,10,1,70,,291075,20,0,10,1,30,,291099,20,0,10,1,70,,291076,20,0,10,1,31,,291100,21,0,10,1,70,,291077,21,0,10,1,29,,291101,21,0,10,1
2002,'H58S000S-83-S',528,,291102,20,0,10,1,27,,291125,20,0,10,1,68,,291103,20,0,10,1,24,,291107,20,0,10,2,63,,291126,20,0,10,1,24,,291131,20,0,10,2,23,,291104,20,0,10,1,64,,291108,20,0,10,2,21,,291127,20,0,10,1,62,,291132,20,0,10,2,21,,291105,20,0,10,1,21,,291109,20,0,10,2,61,,291128,20,0,10,1,21,,291115,20,0,10,1,20,,291106,20,0,10,1,60,,291110,20,0,10,2,20,,291129,20,0,10,1,22,,291116,20,0,10,1,63,,291133,20,0,10,1,23,,291111,20,0,10,2,23,,291130,20,0,10,1,62,,291117,20,0,10,1,20,,291134,20,0,10,1,62,,291112,20,0,10,2,22,,291118,20,0,10,1,22,,291135,20,0,10,1,61,,291113,20,0,10,2,21,,291119,20,0,10,1,22,,291136,20,0,10,1,63,,291114,20,0,10,2,23,,291120,20,0,10,1,63,,291137,20,0,10,1,23,,291148,20,0,10,2,22,,291121,20,0,10,1,62,,291138,20,0,10,1,22,,291144,20,0,10,2,21,,291122,20,0,10,1,62,,291139,20,0,10,1,22,,291145,20,0,10,2,22,,291123,20,0,10,1,60,,291140,20,0,10,1,19,,291146,20,0,10,2,17,,291124,20,0,10,1,60,,291143,20,0,10,2,14,,291141,21,0,10,1,23,,291147,21,0,10,2,71,,291142,21,0,10,1
2002,'H58S100F-80-F1',827,,291149,20,0,10,2,21,,291163,20,0,10,1,61,,291173,20,0,10,1,23,,291150,20,0,10,2,22,,291164,20,0,10,1,61,,291174,20,0,10,1,21,,291151,20,0,10,2,23,,291165,20,0,10,1,61,,291175,20,0,10,1,20,,291152,20,0,10,2,61,,291166,20,0,10,1,21,,291176,20,0,10,1,22,,291153,20,0,10,2,62,,291167,20,0,10,1,22,,291177,20,0,10,1,21,,291154,20,0,10,2,61,,291168,20,0,10,1,21,,291178,20,0,10,1,21,,291155,20,0,10,2,62,,291169,20,0,10,1,22,,291179,20,0,10,1,21,,291156,20,0,10,2,61,,291170,20,0,10,1,21,,291180,20,0,10,1,61,,291157,20,0,10,2,21,,291171,20,0,10,1,22,,291181,20,0,10,1,62,,291158,20,0,10,2,21,,291172,20,0,10,1,21,,291182,20,0,10,1,61,,291159,20,0,10,2,30,,291183,20,0,10,1,70,,291160,20,0,10,2,30,,291184,20,0,10,1,70,,291161,20,0,10,2,31,,291185,21,0,10,1,70,,291162,21,0,10,2,29,,291186,21,0,10,1
2002,'H58S200F-80-F2',827,,291187,20,0,10,2,21,,291201,20,0,10,1,61,,291211,20,0,10,1,23,,291188,20,0,10,2,22,,291202,20,0,10,1,61,,291212,20,0,10,1,21,,291189,20,0,10,2,23,,291203,20,0,10,1,61,,291213,20,0,10,1,20,,291190,20,0,10,2,61,,291204,20,0,10,1,21,,291214,20,0,10,1,22,,291191,20,0,10,2,62,,291205,20,0,10,1,22,,291215,20,0,10,1,21,,291192,20,0,10,2,61,,291206,20,0,10,1,21,,291216,20,0,10,1,21,,291193,20,0,10,2,62,,291207,20,0,10,1,22,,291217,20,0,10,1,21,,291194,20,0,10,2,61,,291208,20,0,10,1,21,,291218,20,0,10,1,61,,291195,20,0,10,2,21,,291209,20,0,10,1,22,,291219,20,0,10,1,62,,291196,20,0,10,2,21,,291210,20,0,10,1,21,,291220,20,0,10,1,61,,291197,20,0,10,2,30,,291221,20,0,10,1,70,,291198,20,0,10,2,30,,291222,20,0,10,1,70,,291199,20,0,10,2,31,,291223,21,0,10,1,70,,291200,21,0,10,2,29,,291224,21,0,10,1
5402,'H50S000S-82-S',553,,302435,27,0,10,2,186,,302436,27,0,10,2
5402,'H58S000A-80-A',614,,302451,27,0,10,1,30,,302465,27,0,10,2,71,,302438,27,0,10,1,29,,302464,27,0,10,1,70,,302452,27,0,10,1,30,,302466,27,0,10,2,72,,302439,27,0,10,1,31,,302448,27,0,10,2,70,,302453,27,0,10,1,29,,302467,27,0,10,2,69,,302440,27,0,10,1,30,,302457,27,0,10,2,71,,302454,27,0,10,1,31,,302471,27,0,10,1,70,,302441,27,0,10,1,31,,302473,27,0,10,1,72,,302455,27,0,10,1,32,,302472,27,0,10,1,71,,302458,27,0,10,1,32,,302474,27,0,10,1,72,,302456,27,0,10,1,32,,302449,27,0,10,2,69,,302442,27,0,10,1,30,,302475,27,0,10,1,70,,302477,27,0,10,2,30,,302450,27,0,10,2,70,,302443,27,0,10,1,30,,302476,27,0,10,1,69,,302437,27,0,10,2,28,,302447,27,0,10,1,67,,302444,27,0,10,1,28,,302468,27,0,10,2,70,,302459,27,0,10,1,30,,302462,27,0,10,1,70,,302445,27,0,10,1,30,,302469,27,0,10,2,70,,302460,27,0,10,1,30,,302463,27,0,10,1,70,,302446,27,0,10,1,30,,302470,27,0,10,2,70,,302461,27,0,10,1
5402,'H58S000I-80-I',744,,302498,27,0,10,2,70,,302483,27,0,10,1,30,,302488,27,0,10,1,70,,302508,27,0,10,2,31,,302499,27,0,10,2,70,,302484,27,0,10,1,28,,302489,27,0,10,1,68,,302509,27,0,10,2,30,,302500,27,0,10,2,68,,302485,27,0,10,1,28,,302490,27,0,10,1,68,,302510,27,0,10,2,28,,302501,27,0,10,2,68,,302486,27,0,10,1,28,,302491,27,0,10,1,28,,302511,27,0,10,2,70,,302502,27,0,10,2,30,,302487,27,0,10,1,70,,302492,27,0,10,1,29,,302512,27,0,10,2,70,,302503,27,0,10,2,33,,302513,27,0,10,1,73,,302493,27,0,10,1,73,,302479,27,0,10,2,33,,302504,27,0,10,2,73,,302494,27,0,10,1,33,,302480,27,0,10,2,73,,302505,27,0,10,2,33,,302495,27,0,10,1,71,,302481,27,0,10,2,30,,302514,27,0,10,2,70,,302506,27,0,10,2,29,,302496,27,0,10,1,70,,302482,27,0,10,2,30,,302497,27,0,10,1,70,,302507,27,0,10,2,30,,302478,27,0,10,1
5402,'H58S000S-83-S',618,,302531,27,0,10,2,12,,302567,10,0,10,2,14,,302516,27,0,10,1,62,,302524,10,0,10,1,7,,302530,27,0,10,2,12,,302534,10,0,10,1,22,,302568,10,0,10,2,8,,302532,27,0,10,2,50,,302546,27,0,10,2,12,,302540,10,0,10,2,6,,302517,27,0,10,1,9,,302544,10,0,10,2,5,,302547,27,0,10,2,6,,302569,10,0,10,2,6,,302525,27,0,10,1,54,,302548,27,0,10,2,8,,302545,10,0,10,2,7,,302535,27,0,10,1,6,,302539,10,0,10,1,9,,302533,27,0,10,2,21,,302521,27,0,10,1,64,,302518,27,0,10,1,25,,302526,27,0,10,1,65,,302536,27,0,10,1,26,,302522,27,0,10,1,25,,302519,27,0,10,1,69,,302527,27,0,10,1,30,,302537,27,0,10,1,69,,302523,27,0,10,1,25,,302520,27,0,10,1,65,,302528,27,0,10,1,26,,302538,27,0,10,1,66,,302549,27,0,10,2,28,,302555,27,0,10,2,65,,302560,27,0,10,2,24,,302529,27,0,10,1,22,,302554,27,0,10,2,61,,302562,27,0,10,1,26,,302556,27,0,10,2,69,,302561,27,0,10,2,28,,302550,27,0,10,1,70,,302563,27,0,10,1,28,,302557,27,0,10,1,71,,302541,27,0,10,2,32,,302551,27,0,10,1,71,,302564,27,0,10,1,31,,302558,27,0,10,1,70,,302542,27,0,10,2,30,,302552,27,0,10,1,70,,302565,27,0,10,1,30,,302559,27,0,10,1,70,,302543,27,0,10,2,32,,302553,27,0,10,1,73,,302566,27,0,10,1,33,,302515,27,0,10,1
5402,'H58S100F-80-F1',744,,302585,27,0,10,1,70,,302578,27,0,10,2,30,,302584,27,0,10,2,70,,302595,27,0,10,1,31,,302586,27,0,10,1,70,,302579,27,0,10,2,28,,302570,27,0,10,1,68,,302596,27,0,10,1,30,,302587,27,0,10,1,68,,302580,27,0,10,2,28,,302571,27,0,10,1,68,,302597,27,0,10,1,28,,302588,27,0,10,1,68,,302581,27,0,10,2,28,,302572,27,0,10,1,28,,302598,27,0,10,1,70,,302589,27,0,10,1,30,,302582,27,0,10,2,70,,302573,27,0,10,1,29,,302599,27,0,10,1,70,,302590,27,0,10,1,33,,302583,27,0,10,2,73,,302574,27,0,10,1,73,,302601,27,0,10,2,33,,302591,27,0,10,1,73,,302575,27,0,10,1,33,,302602,27,0,10,2,73,,302592,27,0,10,1,33,,302605,27,0,10,2,71,,302603,27,0,10,2,30,,302576,27,0,10,1,70,,302593,27,0,10,1,29,,302606,27,0,10,2,70,,302604,27,0,10,2,30,,302577,27,0,10,1,70,,302594,27,0,10,1,30,,302600,27,0,10,1
5402,'H58S200F-80-F2',744,,302615,27,0,10,1,70,,302608,27,0,10,2,30,,302614,27,0,10,2,70,,302625,27,0,10,1,31,,302616,27,0,10,1,70,,302609,27,0,10,2,28,,302634,27,0,10,1,68,,302626,27,0,10,1,30,,302617,27,0,10,1,68,,302610,27,0,10,2,28,,302635,27,0,10,1,68,,302627,27,0,10,1,28,,302618,27,0,10,1,68,,302611,27,0,10,2,28,,302636,27,0,10,1,28,,302628,27,0,10,1,70,,302619,27,0,10,1,30,,302612,27,0,10,2,70,,302637,27,0,10,1,29,,302629,27,0,10,1,70,,302620,27,0,10,1,33,,302613,27,0,10,2,73,,302638,27,0,10,1,73,,302630,27,0,10,2,33,,302621,27,0,10,1,73,,302639,27,0,10,1,33,,302631,27,0,10,2,73,,302622,27,0,10,1,33,,302642,27,0,10,2,71,,302632,27,0,10,2,30,,302640,27,0,10,1,70,,302623,27,0,10,1,29,,302643,27,0,10,2,70,,302633,27,0,10,2,30,,302641,27,0,10,1,70,,302624,27,0,10,1,30,,302607,27,0,10,1
14002,'H58S000A-80-A',535,,326029,55,0,10,2,71,,326039,55,0,10,1,30,,326037,55,0,10,1,71,,326053,55,0,10,1,30,,326030,55,0,10,2,70,,326040,55,0,10,1,30,,326038,55,0,10,1,70,,326054,55,0,10,1,34,,326031,55,0,10,2,70,,326041,55,0,10,1,29,,326022,55,0,10,1,69,,326055,55,0,10,1,27,,326032,55,0,10,2,20,,326043,55,0,10,2,60,,326042,55,0,10,1,21,,326023,55,0,10,1,21,,326060,55,0,10,2,61,,326056,55,0,10,1,22,,326033,55,0,10,2,63,,326052,55,0,10,2,19,,326044,55,0,10,2,18,,326024,55,0,10,1,18,,326066,55,0,10,2,58,,326061,55,0,10,2,21,,326036,55,0,10,1,21,,326057,55,0,10,1,62,,326034,55,0,10,2,25,,326045,55,0,10,2,65,,326025,55,0,10,1,25,,326062,55,0,10,2,65,,326058,55,0,10,1,30,,326035,55,0,10,2,70,,326046,55,0,10,2,29,,326026,55,0,10,1,71,,326063,55,0,10,2,34,,326059,55,0,10,1,73,,326047,55,0,10,2,36,,326027,55,0,10,1,76,,326064,55,0,10,1,35,,326050,55,0,10,1,75,,326048,55,0,10,2,29,,326028,55,0,10,1,71,,326065,55,0,10,2,73,,326051,55,0,10,1,33,,326049,55,0,10,2
14002,'H58S000I-80-I',641,,326067,55,0,10,1,71,,326077,55,0,10,2,33,,326087,55,0,10,1,71,,326095,55,0,10,2,34,,326068,55,0,10,1,71,,326078,55,0,10,2,31,,326088,55,0,10,1,71,,326096,55,0,10,2,30,,326069,55,0,10,1,71,,326079,55,0,10,2,31,,326089,55,0,10,1,71,,326097,55,0,10,2,33,,326070,55,0,10,1,70,,326080,55,0,10,2,30,,326090,55,0,10,1,70,,326098,55,0,10,2,71,,326071,55,0,10,1,30,,326081,55,0,10,2,71,,326091,55,0,10,1,29,,326099,55,0,10,2,70,,326072,55,0,10,1,29,,326082,55,0,10,2,25,,326102,55,0,10,2,64,,326092,55,0,10,1,27,,326100,55,0,10,2,66,,326073,55,0,10,1,27,,326083,55,0,10,2,67,,326103,55,0,10,2,27,,326093,55,0,10,1,69,,326074,55,0,10,1,29,,326084,55,0,10,2,29,,326104,55,0,10,2,67,,326094,55,0,10,1,28,,326075,55,0,10,1,73,,326085,55,0,10,2,73,,326105,55,0,10,2,33,,326101,55,0,10,1,71,,326076,55,0,10,1,32,,326086,55,0,10,2
14002,'H58S000S-83-S',536,,326115,55,0,10,1,17,,326118,55,0,10,2,57,,326126,55,0,10,2,15,,326106,55,0,10,1,25,,326108,55,0,10,1,72,,326129,55,0,10,1,27,,326119,55,0,10,2,65,,326131,55,0,10,1,23,,326107,55,0,10,1,22,,326109,55,0,10,1,60,,326138,55,0,10,2,20,,326130,55,0,10,1,20,,326120,55,0,10,2,63,,326132,55,0,10,1,20,,326145,55,0,10,2,65,,326110,55,0,10,1,30,,326139,55,0,10,2,70,,326121,55,0,10,2,30,,326133,55,0,10,1,70,,326146,55,0,10,2,27,,326111,55,0,10,1,72,,326140,55,0,10,2,30,,326122,55,0,10,2,70,,326134,55,0,10,1,29,,326147,55,0,10,2,66,,326112,55,0,10,1,18,,326149,55,0,10,1,22,,326141,55,0,10,2,60,,326123,55,0,10,2,21,,326152,55,0,10,2,20,,326135,55,0,10,1,61,,326148,55,0,10,2,18,,326113,55,0,10,1,18,,326150,55,0,10,1,18,,326142,55,0,10,2,57,,326124,55,0,10,2,17,,326153,55,0,10,2,70,,326136,55,0,10,1,30,,326114,55,0,10,1,28,,326151,55,0,10,1,68,,326125,55,0,10,2,26,,326154,55,0,10,2,70,,326137,55,0,10,1,30,,326116,55,0,10,1,71,,326143,55,0,10,2,28,,326128,55,0,10,1,74,,326127,55,0,10,2,76,,326117,55,0,10,1,35,,326144,55,0,10,2
14002,'H58S100F-80-F1',641,,326155,55,0,10,2,71,,326173,55,0,10,1,33,,326165,55,0,10,1,71,,326183,55,0,10,1,34,,326156,55,0,10,2,71,,326174,55,0,10,1,31,,326166,55,0,10,1,71,,326184,55,0,10,1,30,,326157,55,0,10,2,71,,326175,55,0,10,1,31,,326167,55,0,10,1,71,,326185,55,0,10,1,33,,326158,55,0,10,2,70,,326176,55,0,10,1,30,,326168,55,0,10,1,70,,326186,55,0,10,1,71,,326159,55,0,10,2,30,,326177,55,0,10,1,71,,326169,55,0,10,1,29,,326187,55,0,10,1,70,,326160,55,0,10,2,29,,326178,55,0,10,1,25,,326190,55,0,10,2,64,,326170,55,0,10,1,27,,326188,55,0,10,1,66,,326161,55,0,10,2,27,,326179,55,0,10,1,67,,326191,55,0,10,2,27,,326171,55,0,10,1,69,,326162,55,0,10,2,29,,326180,55,0,10,1,29,,326192,55,0,10,2,67,,326172,55,0,10,1,28,,326163,55,0,10,2,73,,326181,55,0,10,1,73,,326193,55,0,10,2,33,,326189,55,0,10,1,71,,326164,55,0,10,2,32,,326182,55,0,10,1
14002,'H58S200F-80-F2',641,,326223,55,0,10,2,71,,326203,55,0,10,1,33,,326195,55,0,10,1,71,,326213,55,0,10,1,34,,326224,55,0,10,2,71,,326204,55,0,10,1,31,,326196,55,0,10,1,71,,326214,55,0,10,1,30,,326225,55,0,10,2,71,,326205,55,0,10,1,31,,326197,55,0,10,1,71,,326215,55,0,10,1,33,,326226,55,0,10,2,70,,326206,55,0,10,1,30,,326198,55,0,10,1,70,,326216,55,0,10,1,71,,326227,55,0,10,2,30,,326207,55,0,10,1,71,,326199,55,0,10,1,29,,326217,55,0,10,1,70,,326228,55,0,10,2,29,,326208,55,0,10,1,25,,326219,55,0,10,2,64,,326200,55,0,10,1,27,,326218,55,0,10,1,66,,326229,55,0,10,2,27,,326209,55,0,10,1,67,,326220,55,0,10,2,27,,326201,55,0,10,1,69,,326230,55,0,10,2,29,,326210,55,0,10,1,29,,326221,55,0,10,2,67,,326202,55,0,10,1,28,,326231,55,0,10,2,73,,326211,55,0,10,1,73,,326222,55,0,10,2,33,,326194,55,0,10,1,71,,326232,55,0,10,2,32,,326212,55,0,10,1
