10601,'H56S000A-80-A',507,,317223,5,0,5,1,23,,317186,5,0,5,1,19,,317236,5,0,5,1,59,,317163,5,0,5,1,19,,317211,5,0,5,1,19,,317237,5,0,5,1,60,,317164,5,0,5,1,19,,317167,5,0,5,2,19,,317238,5,0,5,1,58,,317165,5,0,5,1,14,,317203,5,0,5,1,14,,317168,5,0,5,2,13,,317224,5,0,5,1,13,,317166,5,0,5,1,53,,317227,5,0,5,1,13,,317204,5,0,5,1,12,,317169,5,0,5,2,13,,317225,5,0,5,1,53,,317187,5,0,5,1,13,,317228,5,0,5,1,12,,317205,5,0,5,1,12,,317220,5,0,5,1,13,,317226,5,0,5,1,53,,317188,5,0,5,1,12,,317180,5,0,5,1,11,,317206,5,0,5,1,12,,317212,5,0,5,1,12,,317221,5,0,5,1,50,,317181,5,0,5,1,11,,317189,5,0,5,1,11,,317233,5,0,5,1,10,,317207,5,0,5,1,11,,317213,5,0,5,1,7,,317170,5,0,5,1,7,,317222,5,0,5,1,47,,317182,5,0,5,1,10,,317190,5,0,5,1,11,,317234,5,0,5,1,11,,317208,5,0,5,1,11,,317214,5,0,5,1,9,,317171,5,0,5,1,50,,317183,5,0,5,1,8,,317177,5,0,5,2,8,,317191,5,0,5,1,8,,317235,5,0,5,1,9,,317209,5,0,5,1,10,,317215,5,0,5,1,9,,317172,5,0,5,1,50,,317184,5,0,5,1,10,,317178,5,0,5,2,11,,317192,5,0,5,1,12,,317210,5,0,5,1,9,,317216,5,0,5,1,9,,317173,5,0,5,1,50,,317185,5,0,5,1,12,,317179,5,0,5,2,13,,317194,5,0,5,1,13,,317230,5,0,5,1,54,,317174,5,0,5,1,16,,317193,5,0,5,1,16,,317195,5,0,5,1,17,,317231,5,0,5,1,57,,317219,5,0,5,1,16,,317229,5,0,5,2,20,,317175,5,0,5,1,60,,317232,5,0,5,1,22,,317196,5,0,5,1,25,,317239,5,0,5,1,70,,317217,5,0,5,1,3,,317197,5,0,5,1,28,,317176,5,0,5,1,71,,317198,5,0,5,1,24,,317240,5,0,5,1,8,,317218,5,0,5,1,71,,317199,5,0,5,1,32,,317241,5,0,5,1,72,,317200,5,0,5,1,71,,317242,5,0,5,1,29,,317201,5,0,5,1,28,,317243,5,0,5,1,68,,317202,5,0,5,1
10601,'H56S000I-80-I',507,,317303,5,0,5,1,31,,317278,5,0,5,1,71,,317257,5,0,5,1,31,,317279,5,0,5,1,71,,317258,5,0,5,1,27,,317280,5,0,5,1,16,,317307,5,0,5,1,56,,317259,5,0,5,1,15,,317244,5,0,5,2,16,,317281,5,0,5,1,15,,317245,5,0,5,1,55,,317260,5,0,5,1,12,,317312,5,0,5,2,11,,317313,5,0,5,1,11,,317282,5,0,5,1,13,,317249,5,0,5,2,54,,317289,5,0,5,2,14,,317261,5,0,5,1,15,,317250,5,0,5,2,14,,317283,5,0,5,1,54,,317290,5,0,5,2,16,,317262,5,0,5,1,16,,317284,5,0,5,1,12,,317251,5,0,5,2,52,,317291,5,0,5,2,11,,317296,5,0,5,2,12,,317263,5,0,5,1,12,,317285,5,0,5,1,11,,317292,5,0,5,2,52,,317252,5,0,5,2,12,,317297,5,0,5,2,10,,317267,5,0,5,1,10,,317264,5,0,5,1,12,,317286,5,0,5,1,12,,317293,5,0,5,2,52,,317253,5,0,5,2,11,,317298,5,0,5,2,11,,317268,5,0,5,1,11,,317265,5,0,5,1,12,,317287,5,0,5,1,52,,317294,5,0,5,2,12,,317254,5,0,5,2,11,,317299,5,0,5,2,11,,317269,5,0,5,1,11,,317266,5,0,5,1,52,,317288,5,0,5,1,13,,317295,5,0,5,2,4,,317255,5,0,5,2,10,,317300,5,0,5,2,15,,317270,5,0,5,1,56,,317301,5,0,5,2,18,,317256,5,0,5,2,13,,317308,5,0,5,1,21,,317271,5,0,5,1,61,,317302,5,0,5,2,22,,317309,5,0,5,1,62,,317272,5,0,5,1,27,,317246,5,0,5,1,29,,317273,5,0,5,1,68,,317247,5,0,5,1,28,,317310,5,0,5,2,68,,317248,5,0,5,1,30,,317274,5,0,5,1,70,,317311,5,0,5,2,29,,317275,5,0,5,1,68,,317304,5,0,5,1,28,,317276,5,0,5,1,67,,317305,5,0,5,1,27,,317277,5,0,5,1,67,,317306,5,0,5,1
10601,'H56S000S-82-S',502,,317329,5,0,5,1,6,,317403,5,0,5,2,14,,317386,5,0,5,1,13,,317328,5,0,5,1,13,,317330,5,0,5,1,52,,317322,5,0,5,1,10,,317387,5,0,5,1,9,,317323,5,0,5,1,9,,317399,5,0,5,2,10,,317331,5,0,5,1,6,,317389,5,0,5,2,5,,317317,5,0,5,1,5,,317384,5,0,5,2,5,,317396,5,0,5,1,45,,317400,5,0,5,2,5,,317388,5,0,5,1,5,,317397,5,0,5,2,6,,317346,5,0,5,2,6,,317321,5,0,5,2,5,,317398,5,0,5,2,5,,317332,5,0,5,1,5,,317348,5,0,5,1,5,,317326,5,0,5,1,7,,317324,5,0,5,1,6,,317401,5,0,5,2,46,,317318,5,0,5,1,6,,317333,5,0,5,1,7,,317381,5,0,5,1,10,,317347,5,0,5,2,9,,317390,5,0,5,2,8,,317349,5,0,5,1,9,,317325,5,0,5,1,52,,317315,5,0,5,2,11,,317319,5,0,5,1,11,,317314,5,0,5,1,11,,317382,5,0,5,1,11,,317350,5,0,5,1,51,,317316,5,0,5,2,11,,317340,5,0,5,2,11,,317320,5,0,5,1,12,,317383,5,0,5,1,11,,317334,5,0,5,2,11,,317351,5,0,5,1,53,,317341,5,0,5,2,14,,317363,5,0,5,1,14,,317335,5,0,5,2,12,,317352,5,0,5,1,51,,317391,5,0,5,1,11,,317342,5,0,5,2,13,,317364,5,0,5,1,14,,317336,5,0,5,2,14,,317353,5,0,5,1,53,,317392,5,0,5,1,12,,317343,5,0,5,2,11,,317365,5,0,5,1,10,,317337,5,0,5,2,12,,317354,5,0,5,1,52,,317393,5,0,5,1,12,,317344,5,0,5,2,12,,317366,5,0,5,1,10,,317338,5,0,5,2,12,,317355,5,0,5,1,55,,317394,5,0,5,1,15,,317345,5,0,5,2,17,,317339,5,0,5,2,12,,317368,5,0,5,2,9,,317356,5,0,5,1,49,,317395,5,0,5,1,13,,317375,5,0,5,2,14,,317380,5,0,5,2,13,,317367,5,0,5,2,55,,317369,5,0,5,2,14,,317357,5,0,5,1,16,,317376,5,0,5,2,22,,317377,5,0,5,2,62,,317402,5,0,5,2,23,,317378,5,0,5,2,66,,317358,5,0,5,1,28,,317379,5,0,5,2,69,,317359,5,0,5,1,30,,317370,5,0,5,1,70,,317360,5,0,5,1,31,,317371,5,0,5,1,71,,317361,5,0,5,1,30,,317372,5,0,5,1,71,,317362,5,0,5,1,33,,317373,5,0,5,1,71,,317385,5,0,5,2,31,,317374,5,0,5,1,72,,317327,5,0,5,1
10601,'H56S100F-80-F1',507,,317463,5,0,5,1,31,,317438,5,0,5,1,71,,317417,5,0,5,1,31,,317439,5,0,5,1,71,,317418,5,0,5,1,27,,317440,5,0,5,1,16,,317467,5,0,5,1,56,,317419,5,0,5,1,15,,317404,5,0,5,2,16,,317441,5,0,5,1,15,,317405,5,0,5,1,55,,317420,5,0,5,1,12,,317472,5,0,5,2,11,,317473,5,0,5,1,11,,317442,5,0,5,1,13,,317409,5,0,5,2,54,,317449,5,0,5,2,14,,317421,5,0,5,1,15,,317410,5,0,5,2,14,,317443,5,0,5,1,54,,317450,5,0,5,2,16,,317422,5,0,5,1,16,,317444,5,0,5,1,12,,317411,5,0,5,2,52,,317451,5,0,5,2,11,,317456,5,0,5,2,12,,317423,5,0,5,1,12,,317445,5,0,5,1,11,,317452,5,0,5,2,52,,317412,5,0,5,2,12,,317457,5,0,5,2,10,,317427,5,0,5,1,10,,317424,5,0,5,1,12,,317446,5,0,5,1,12,,317453,5,0,5,2,52,,317413,5,0,5,2,11,,317458,5,0,5,2,11,,317428,5,0,5,1,11,,317425,5,0,5,1,12,,317447,5,0,5,1,52,,317454,5,0,5,2,12,,317414,5,0,5,2,11,,317459,5,0,5,2,11,,317429,5,0,5,1,11,,317426,5,0,5,1,52,,317448,5,0,5,1,13,,317455,5,0,5,2,4,,317415,5,0,5,2,10,,317460,5,0,5,2,15,,317430,5,0,5,1,56,,317461,5,0,5,2,18,,317416,5,0,5,2,13,,317468,5,0,5,1,21,,317431,5,0,5,1,61,,317462,5,0,5,2,22,,317469,5,0,5,1,62,,317432,5,0,5,1,27,,317406,5,0,5,1,29,,317433,5,0,5,1,68,,317407,5,0,5,1,28,,317470,5,0,5,2,68,,317408,5,0,5,1,30,,317434,5,0,5,1,70,,317471,5,0,5,2,29,,317435,5,0,5,1,68,,317464,5,0,5,1,28,,317436,5,0,5,1,67,,317465,5,0,5,1,27,,317437,5,0,5,1,67,,317466,5,0,5,1
10601,'H56S200F-80-F2',507,,317533,5,0,5,1,31,,317508,5,0,5,1,71,,317487,5,0,5,1,31,,317509,5,0,5,1,71,,317488,5,0,5,1,27,,317510,5,0,5,1,16,,317537,5,0,5,1,56,,317489,5,0,5,1,15,,317474,5,0,5,2,16,,317511,5,0,5,1,15,,317475,5,0,5,1,55,,317490,5,0,5,1,12,,317542,5,0,5,2,11,,317543,5,0,5,1,11,,317512,5,0,5,1,13,,317479,5,0,5,2,54,,317519,5,0,5,2,14,,317491,5,0,5,1,15,,317480,5,0,5,2,14,,317513,5,0,5,1,54,,317520,5,0,5,2,16,,317492,5,0,5,1,16,,317514,5,0,5,1,12,,317481,5,0,5,2,52,,317521,5,0,5,2,11,,317526,5,0,5,2,12,,317493,5,0,5,1,12,,317515,5,0,5,1,11,,317522,5,0,5,2,52,,317482,5,0,5,2,12,,317527,5,0,5,2,10,,317497,5,0,5,1,10,,317494,5,0,5,1,12,,317516,5,0,5,1,12,,317523,5,0,5,2,52,,317483,5,0,5,2,11,,317528,5,0,5,2,11,,317498,5,0,5,1,11,,317495,5,0,5,1,12,,317517,5,0,5,1,52,,317524,5,0,5,2,12,,317484,5,0,5,2,11,,317529,5,0,5,2,11,,317499,5,0,5,1,11,,317496,5,0,5,1,52,,317518,5,0,5,1,13,,317525,5,0,5,2,4,,317485,5,0,5,2,10,,317530,5,0,5,2,15,,317500,5,0,5,1,56,,317531,5,0,5,2,18,,317486,5,0,5,2,13,,317538,5,0,5,1,21,,317501,5,0,5,1,61,,317532,5,0,5,2,22,,317539,5,0,5,1,62,,317502,5,0,5,1,27,,317476,5,0,5,1,29,,317503,5,0,5,1,68,,317477,5,0,5,1,28,,317540,5,0,5,2,68,,317478,5,0,5,1,30,,317504,5,0,5,1,70,,317541,5,0,5,2,29,,317505,5,0,5,1,68,,317534,5,0,5,1,28,,317506,5,0,5,1,67,,317535,5,0,5,1,27,,317507,5,0,5,1,67,,317536,5,0,5,1
11001,'H56S000A-80-A',509,,318786,33,0,5,1,30,,318791,33,0,5,1,71,,318796,33,0,5,1,28,,318823,33,0,5,1,69,,318787,33,0,5,1,30,,318792,33,0,5,1,71,,318797,33,0,5,1,31,,318824,33,0,5,1,71,,318788,33,0,5,1,32,,318793,33,0,5,1,74,,318798,33,0,5,1,34,,318825,33,0,5,1,71,,318789,33,0,5,1,32,,318794,33,0,5,1,72,,318785,33,0,5,1,32,,318795,33,0,5,1,66,,318799,33,0,5,1,26,,318804,33,0,5,1,66,,318810,33,0,5,1,29,,318818,33,0,5,1,70,,318815,33,0,5,1,28,,318800,33,0,5,1,70,,318805,33,0,5,1,29,,318811,33,0,5,1,69,,318819,33,0,5,1,29,,318816,33,0,5,1,66,,318801,33,0,5,1,26,,318806,33,0,5,1,27,,318812,33,0,5,1,67,,318820,33,0,5,1,27,,318817,33,0,5,1,70,,318802,33,0,5,1,27,,318807,33,0,5,1,71,,318813,33,0,5,1,32,,318821,33,0,5,1,69,,318803,33,0,5,1,27,,318808,33,0,5,1,70,,318814,33,0,5,1,28,,318784,33,0,5,1,67,,318826,33,0,5,1,25,,318809,33,0,5,1,68,,318822,33,0,5,1,28,,318790,33,0,5,1
11001,'H56S000I-80-I',540,,318830,33,0,5,1,69,,318861,33,0,5,1,29,,318864,33,0,5,1,70,,318837,33,0,5,1,30,,318831,33,0,5,1,69,,318862,33,0,5,1,34,,318865,33,0,5,1,69,,318838,33,0,5,1,32,,318832,33,0,5,1,76,,318863,33,0,5,1,32,,318866,33,0,5,1,72,,318839,33,0,5,1,30,,318833,33,0,5,1,71,,318836,33,0,5,1,31,,318867,33,0,5,1,71,,318835,33,0,5,1,26,,318852,33,0,5,1,65,,318858,33,0,5,1,26,,318855,33,0,5,1,67,,318840,33,0,5,1,31,,318845,33,0,5,1,70,,318853,33,0,5,1,28,,318859,33,0,5,1,67,,318856,33,0,5,1,28,,318841,33,0,5,1,69,,318846,33,0,5,1,28,,318854,33,0,5,1,25,,318860,33,0,5,1,68,,318857,33,0,5,1,29,,318842,33,0,5,1,69,,318847,33,0,5,1,29,,318834,33,0,5,1,70,,318827,33,0,5,1,30,,318843,33,0,5,1,70,,318848,33,0,5,1,28,,318850,33,0,5,1,69,,318828,33,0,5,1,29,,318844,33,0,5,1,68,,318849,33,0,5,1,26,,318851,33,0,5,1,67,,318829,33,0,5,1
11001,'H56S000S-82-S',447,,318868,33,0,5,1,75,,318877,33,0,5,1,27,,318905,33,0,5,1,72,,318894,33,0,5,1,31,,318869,33,0,5,1,62,,318906,33,0,5,1,18,,318878,33,0,5,1,19,,318886,33,0,5,1,55,,318900,33,0,5,1,26,,318887,33,0,5,1,71,,318895,33,0,5,1,28,,318870,33,0,5,1,70,,318879,33,0,5,1,32,,318901,33,0,5,1,72,,318888,33,0,5,1,33,,318896,33,0,5,1,73,,318871,33,0,5,1,33,,318880,33,0,5,1,74,,318902,33,0,5,1,28,,318889,33,0,5,1,68,,318897,33,0,5,1,28,,318872,33,0,5,1,68,,318881,33,0,5,1,23,,318893,33,0,5,1,20,,318899,33,0,5,1,72,,318890,33,0,5,1,31,,318898,33,0,5,1,72,,318873,33,0,5,1,31,,318882,33,0,5,1,69,,318907,33,0,5,1,29,,318891,33,0,5,1,68,,318903,33,0,5,1,27,,318874,33,0,5,1,68,,318883,33,0,5,1,27,,318908,33,0,5,1,66,,318892,33,0,5,1,27,,318904,33,0,5,1,65,,318875,33,0,5,1,28,,318884,33,0,5,1,69,,318909,33,0,5,1,30,,318911,33,0,5,1,72,,318876,33,0,5,1,32,,318885,33,0,5,1,64,,318910,33,0,5,1
11001,'H56S100F-80-F1',540,,318915,33,0,5,1,69,,318946,33,0,5,1,29,,318949,33,0,5,1,70,,318922,33,0,5,1,30,,318916,33,0,5,1,69,,318947,33,0,5,1,34,,318950,33,0,5,1,69,,318923,33,0,5,1,32,,318917,33,0,5,1,76,,318948,33,0,5,1,32,,318951,33,0,5,1,72,,318924,33,0,5,1,30,,318918,33,0,5,1,71,,318921,33,0,5,1,31,,318952,33,0,5,1,71,,318920,33,0,5,1,26,,318937,33,0,5,1,65,,318943,33,0,5,1,26,,318940,33,0,5,1,67,,318925,33,0,5,1,31,,318930,33,0,5,1,70,,318938,33,0,5,1,28,,318944,33,0,5,1,67,,318941,33,0,5,1,28,,318926,33,0,5,1,69,,318931,33,0,5,1,28,,318939,33,0,5,1,25,,318945,33,0,5,1,68,,318942,33,0,5,1,29,,318927,33,0,5,1,69,,318932,33,0,5,1,29,,318919,33,0,5,1,70,,318912,33,0,5,1,30,,318928,33,0,5,1,70,,318933,33,0,5,1,28,,318935,33,0,5,1,69,,318913,33,0,5,1,29,,318929,33,0,5,1,68,,318934,33,0,5,1,26,,318936,33,0,5,1,67,,318914,33,0,5,1
11001,'H56S200F-80-F2',540,,318956,33,0,5,1,69,,318987,33,0,5,1,29,,318990,33,0,5,1,70,,318963,33,0,5,1,30,,318957,33,0,5,1,69,,318988,33,0,5,1,34,,318991,33,0,5,1,69,,318964,33,0,5,1,32,,318958,33,0,5,1,76,,318989,33,0,5,1,32,,318992,33,0,5,1,72,,318965,33,0,5,1,30,,318959,33,0,5,1,71,,318962,33,0,5,1,31,,318993,33,0,5,1,71,,318961,33,0,5,1,26,,318978,33,0,5,1,65,,318984,33,0,5,1,26,,318981,33,0,5,1,67,,318966,33,0,5,1,31,,318971,33,0,5,1,70,,318979,33,0,5,1,28,,318985,33,0,5,1,67,,318982,33,0,5,1,28,,318967,33,0,5,1,69,,318972,33,0,5,1,28,,318980,33,0,5,1,25,,318986,33,0,5,1,68,,318983,33,0,5,1,29,,318968,33,0,5,1,69,,318973,33,0,5,1,29,,318960,33,0,5,1,70,,318953,33,0,5,1,30,,318969,33,0,5,1,70,,318974,33,0,5,1,28,,318976,33,0,5,1,69,,318954,33,0,5,1,29,,318970,33,0,5,1,68,,318975,33,0,5,1,26,,318977,33,0,5,1,67,,318955,33,0,5,1
35001,'H56S000A-80-A',2458,,345964,3,0,5,1,94,,345966,3,0,5,1,94,,345963,3,0,5,1,83,,345965,3,0,5,1,84,,345967,3,0,5,2
35001,'H56S000I-80-I',2458,,345971,3,0,5,1,89,,345970,3,0,5,2,87,,345969,3,0,5,1,84,,345968,3,0,5,1,87,,345972,3,0,5,2
35001,'H56S000S-82-S',2458,,345976,3,0,5,2,87,,345975,3,0,5,1,88,,345973,3,0,5,2,85,,345974,3,0,5,1,88,,345977,3,0,5,1
35001,'H56S100F-80-F1',2458,,345981,3,0,5,1,89,,345980,3,0,5,2,87,,345979,3,0,5,1,84,,345978,3,0,5,1,87,,345982,3,0,5,2
35001,'H56S200F-80-F2',2458,,345986,3,0,5,1,89,,345985,3,0,5,2,87,,345984,3,0,5,1,84,,345983,3,0,5,1,87,,345987,3,0,5,2
