19603,'H56S000S-82-S',548,,338282,5,0,8,1
19603,'H58S000S-83-S',1539,,338283,5,0,8,2
19603,'H60S000S-83-S',608,,338304,5,0,8,2,25,,338307,5,0,8,1,24,,338294,5,0,8,1,61,,338305,5,0,8,2,19,,338306,5,0,8,2,20,,338310,5,0,8,1,60,,338287,5,0,8,1,18,,338308,5,0,8,1,22,,338295,5,0,8,1,66,,338317,5,0,8,1,29,,338311,5,0,8,1,68,,338288,5,0,8,1,28,,338296,5,0,8,1,67,,338318,5,0,8,1,27,,338312,5,0,8,1,67,,338289,5,0,8,1,30,,338297,5,0,8,1,69,,338319,5,0,8,1,30,,338313,5,0,8,1,63,,338290,5,0,8,1,15,,338323,5,0,8,1,8,,338284,5,0,8,1,8,,338325,5,0,8,2,8,,338326,5,0,8,1,6,,338298,5,0,8,1,5,,338327,5,0,8,2,5,,338329,5,0,8,2,46,,338309,5,0,8,1,6,,338332,5,0,8,2,5,,338334,5,0,8,1,6,,338340,5,0,8,2,6,,338320,5,0,8,1,7,,338346,5,0,8,2,14,,338314,5,0,8,1,5,,338347,5,0,8,2,5,,338348,5,0,8,2,46,,338291,5,0,8,1,8,,338345,5,0,8,2,7,,338342,5,0,8,2,6,,338330,5,0,8,2,6,,338285,5,0,8,1,10,,338286,5,0,8,1,10,,338299,5,0,8,1,10,,338328,5,0,8,2,50,,338303,5,0,8,1,10,,338335,5,0,8,1,9,,338292,5,0,8,1,10,,338351,5,0,8,2,10,,338315,5,0,8,1,52,,338321,5,0,8,1,18,,338343,5,0,8,2,26,,338300,5,0,8,1,66,,338336,5,0,8,1,25,,338339,5,0,8,1,68,,338322,5,0,8,1,30,,338337,5,0,8,1,70,,338331,5,0,8,1,30,,338301,5,0,8,1,70,,338333,5,0,8,1,29,,338293,5,0,8,1,22,,338302,5,0,8,1,55,,338316,5,0,8,1
19603,'H60S100F-80-F1',548,,338354,5,0,8,1,60,,338365,5,0,8,1,24,,338370,5,0,8,2,25,,338356,5,0,8,1,64,,338366,5,0,8,2,21,,338378,5,0,8,1,63,,338355,5,0,8,1,26,,338377,5,0,8,2,25,,338357,5,0,8,1,66,,338380,5,0,8,2,29,,338367,5,0,8,2,69,,338371,5,0,8,1,28,,338358,5,0,8,1,68,,338381,5,0,8,2,27,,338368,5,0,8,2,67,,338372,5,0,8,1,28,,338359,5,0,8,1,67,,338382,5,0,8,2,30,,338369,5,0,8,2,68,,338373,5,0,8,1,32,,338360,5,0,8,1,73,,338383,5,0,8,2,33,,338389,5,0,8,1,69,,338387,5,0,8,1,19,,338374,5,0,8,1,72,,338361,5,0,8,1,29,,338384,5,0,8,2,28,,338390,5,0,8,1,68,,338392,5,0,8,1,27,,338396,5,0,8,1,70,,338385,5,0,8,1,28,,338352,5,0,8,1,73,,338391,5,0,8,1,33,,338376,5,0,8,1,73,,338363,5,0,8,1,71,,338379,5,0,8,1,31,,338353,5,0,8,1,22,,338364,5,0,8,1,55,,338375,5,0,8,1
19603,'H60S200F-80-F2',548,,338399,5,0,8,1,60,,338410,5,0,8,1,24,,338415,5,0,8,2,25,,338401,5,0,8,1,64,,338411,5,0,8,2,21,,338423,5,0,8,1,63,,338400,5,0,8,1,26,,338422,5,0,8,2,25,,338402,5,0,8,1,66,,338425,5,0,8,2,29,,338412,5,0,8,2,69,,338416,5,0,8,1,28,,338403,5,0,8,1,68,,338426,5,0,8,2,27,,338413,5,0,8,2,67,,338417,5,0,8,1,28,,338404,5,0,8,1,67,,338427,5,0,8,2,30,,338414,5,0,8,2,68,,338418,5,0,8,1,32,,338405,5,0,8,1,73,,338428,5,0,8,2,33,,338434,5,0,8,1,69,,338432,5,0,8,1,19,,338419,5,0,8,1,72,,338406,5,0,8,1,29,,338429,5,0,8,2,28,,338435,5,0,8,1,68,,338437,5,0,8,1,27,,338441,5,0,8,1,70,,338430,5,0,8,1,28,,338397,5,0,8,1,73,,338436,5,0,8,1,33,,338421,5,0,8,1,73,,338408,5,0,8,1,71,,338424,5,0,8,1,31,,338398,5,0,8,1,22,,338409,5,0,8,1,55,,338420,5,0,8,1
35602,'H56S000A-80-A',2609,,346236,80,0,10,2,18,,346225,80,0,10,1,14,,346232,80,0,10,1,14,,346226,80,0,10,1,54,,346227,80,0,10,2,12,,346231,80,0,10,1,12,,346224,80,0,10,1,13,,346238,80,0,10,1,13,,346230,80,0,10,1,53,,346228,80,0,10,1,13,,346229,80,0,10,1,13,,346234,80,0,10,2,13,,346233,80,0,10,2,53,,346237,80,0,10,2,13,,346235,80,0,10,1
35602,'H56S000I-80-I',2606,,346239,80,0,10,1,48,,346242,80,0,10,1,85,,346241,80,0,10,1,88,,346240,80,0,10,1,81,,346243,80,0,10,2
35602,'H56S000S-82-S',2600,,346244,80,0,10,1,46,,346249,80,0,10,2,85,,346248,80,0,10,1,27,,346246,80,0,10,2,65,,346245,80,0,10,1,25,,346247,80,0,10,2,65,,346250,80,0,10,1
35602,'H56S100F-80-F1',2606,,346251,80,0,10,1,48,,346254,80,0,10,1,85,,346253,80,0,10,1,88,,346252,80,0,10,1,81,,346255,80,0,10,2
35602,'H56S200F-80-F2',2606,,346256,80,0,10,1,48,,346259,80,0,10,1,85,,346258,80,0,10,1,88,,346257,80,0,10,1,81,,346260,80,0,10,2
49602,'H50S000S-82-S',1610,,350794,13,0,10,1
49602,'H56S000A-80-A',723,,350830,13,0,10,2,26,,350797,13,0,10,1,68,,350795,13,0,10,1,28,,350831,13,0,10,2,70,,350798,13,0,10,1,32,,350835,13,0,10,1,72,,350832,13,0,10,2,32,,350812,13,0,10,2,71,,350836,13,0,10,1,30,,350833,13,0,10,2,69,,350813,13,0,10,2,31,,350837,13,0,10,1,70,,350834,13,0,10,2,27,,350814,13,0,10,2,65,,350838,13,0,10,1,23,,350821,13,0,10,2,20,,350799,13,0,10,2,60,,350815,13,0,10,2,19,,350839,13,0,10,1,20,,350822,13,0,10,2,58,,350800,13,0,10,2,16,,350804,13,0,10,1,16,,350816,13,0,10,2,54,,350840,13,0,10,1,17,,350823,13,0,10,2,17,,350801,13,0,10,2,14,,350807,13,0,10,1,54,,350805,13,0,10,1,14,,350817,13,0,10,2,15,,350829,13,0,10,2,16,,350824,13,0,10,2,58,,350808,13,0,10,1,21,,350796,13,0,10,2,21,,350818,13,0,10,2,62,,350825,13,0,10,2,23,,350809,13,0,10,1,22,,350806,13,0,10,1,64,,350819,13,0,10,2,25,,350826,13,0,10,2,67,,350810,13,0,10,1,24,,350802,13,0,10,1,24,,350820,13,0,10,2,63,,350827,13,0,10,2,27,,350811,13,0,10,1,72,,350803,13,0,10,2,33,,350828,13,0,10,2
49602,'H56S000I-80-I',723,,350853,13,0,10,2,28,,350871,13,0,10,1,68,,350857,13,0,10,1,28,,350854,13,0,10,2,71,,350872,13,0,10,1,31,,350865,13,0,10,1,71,,350847,13,0,10,1,32,,350873,13,0,10,1,71,,350866,13,0,10,1,31,,350848,13,0,10,1,70,,350874,13,0,10,1,30,,350867,13,0,10,1,70,,350880,13,0,10,2,29,,350875,13,0,10,1,67,,350868,13,0,10,1,21,,350881,13,0,10,2,59,,350860,13,0,10,2,19,,350876,13,0,10,1,19,,350869,13,0,10,1,19,,350882,13,0,10,2,61,,350861,13,0,10,2,19,,350877,13,0,10,1,18,,350870,13,0,10,1,58,,350883,13,0,10,2,15,,350841,13,0,10,1,15,,350862,13,0,10,2,16,,350843,13,0,10,1,55,,350878,13,0,10,1,15,,350884,13,0,10,2,15,,350842,13,0,10,1,60,,350863,13,0,10,2,22,,350855,13,0,10,2,21,,350885,13,0,10,2,61,,350858,13,0,10,1,22,,350864,13,0,10,2,22,,350844,13,0,10,1,62,,350851,13,0,10,1,22,,350879,13,0,10,1,21,,350859,13,0,10,1,63,,350845,13,0,10,1,23,,350849,13,0,10,2,71,,350856,13,0,10,2,33,,350846,13,0,10,1,73,,350850,13,0,10,2,33,,350852,13,0,10,1
49602,'H56S000S-82-S',556,,350911,13,0,10,1,73,,350932,13,0,10,1,23,,350913,13,0,10,1,63,,350912,13,0,10,1,13,,350915,13,0,10,2,12,,350956,13,0,10,2,10,,350933,13,0,10,1,53,,350916,13,0,10,2,14,,350914,13,0,10,1,14,,350917,13,0,10,2,16,,350898,13,0,10,2,58,,350940,13,0,10,1,20,,350934,13,0,10,1,18,,350900,13,0,10,1,61,,350918,13,0,10,2,20,,350941,13,0,10,1,20,,350935,13,0,10,1,59,,350901,13,0,10,1,19,,350919,13,0,10,2,19,,350942,13,0,10,1,61,,350936,13,0,10,1,20,,350902,13,0,10,1,21,,350920,13,0,10,2,59,,350943,13,0,10,1,20,,350947,13,0,10,1,20,,350937,13,0,10,1,61,,350921,13,0,10,2,21,,350944,13,0,10,1,22,,350948,13,0,10,1,63,,350938,13,0,10,1,25,,350922,13,0,10,2,12,,350909,13,0,10,2,12,,350945,13,0,10,1,62,,350927,13,0,10,2,9,,350949,13,0,10,1,10,,350951,13,0,10,2,9,,350939,13,0,10,1,10,,350928,13,0,10,2,50,,350890,13,0,10,1,9,,350923,13,0,10,2,10,,350930,13,0,10,2,9,,350946,13,0,10,1,10,,350910,13,0,10,2,11,,350891,13,0,10,1,48,,350950,13,0,10,1,12,,350952,13,0,10,2,11,,350929,13,0,10,2,10,,350907,13,0,10,2,9,,350924,13,0,10,2,9,,350897,13,0,10,1,47,,350931,13,0,10,2,8,,350899,13,0,10,2,11,,350892,13,0,10,1,11,,350889,13,0,10,1,11,,350953,13,0,10,2,15,,350903,13,0,10,1,54,,350908,13,0,10,2,14,,350925,13,0,10,2,17,,350893,13,0,10,1,59,,350954,13,0,10,2,15,,350906,13,0,10,1,14,,350904,13,0,10,1,15,,350926,13,0,10,2,62,,350894,13,0,10,1,24,,350886,13,0,10,1,68,,350905,13,0,10,1,30,,350895,13,0,10,1,70,,350887,13,0,10,1,31,,350955,13,0,10,2,73,,350896,13,0,10,1,31,,350888,13,0,10,1
49602,'H56S100F-80-F1',723,,350969,13,0,10,2,28,,350987,13,0,10,1,68,,350973,13,0,10,1,28,,350970,13,0,10,2,71,,350988,13,0,10,1,31,,350981,13,0,10,1,71,,350963,13,0,10,1,32,,350989,13,0,10,1,71,,350982,13,0,10,1,31,,350964,13,0,10,1,70,,350990,13,0,10,1,30,,350983,13,0,10,1,70,,350996,13,0,10,2,29,,350991,13,0,10,1,67,,350984,13,0,10,1,21,,350997,13,0,10,2,59,,350976,13,0,10,2,19,,350992,13,0,10,1,19,,350985,13,0,10,1,19,,350998,13,0,10,2,61,,350977,13,0,10,2,19,,350993,13,0,10,1,18,,350986,13,0,10,1,58,,350999,13,0,10,2,15,,350957,13,0,10,1,15,,350978,13,0,10,2,16,,350959,13,0,10,1,55,,350994,13,0,10,1,15,,351000,13,0,10,2,15,,350958,13,0,10,1,60,,350979,13,0,10,2,22,,350971,13,0,10,2,21,,351001,13,0,10,2,61,,350974,13,0,10,1,22,,350980,13,0,10,2,22,,350960,13,0,10,1,62,,350967,13,0,10,1,22,,350995,13,0,10,1,21,,350975,13,0,10,1,63,,350961,13,0,10,1,23,,350965,13,0,10,2,71,,350972,13,0,10,2,33,,350962,13,0,10,1,73,,350966,13,0,10,2,33,,350968,13,0,10,1
49602,'H56S200F-80-F2',723,,351014,13,0,10,2,28,,351032,13,0,10,1,68,,351018,13,0,10,1,28,,351015,13,0,10,2,71,,351033,13,0,10,1,31,,351026,13,0,10,1,71,,351008,13,0,10,1,32,,351034,13,0,10,1,71,,351027,13,0,10,1,31,,351009,13,0,10,1,70,,351035,13,0,10,1,30,,351028,13,0,10,1,70,,351041,13,0,10,2,29,,351036,13,0,10,1,67,,351029,13,0,10,1,21,,351042,13,0,10,2,59,,351021,13,0,10,2,19,,351037,13,0,10,1,19,,351030,13,0,10,1,19,,351043,13,0,10,2,61,,351022,13,0,10,2,19,,351038,13,0,10,1,18,,351031,13,0,10,1,58,,351044,13,0,10,2,15,,351002,13,0,10,1,15,,351023,13,0,10,2,16,,351004,13,0,10,1,55,,351039,13,0,10,1,15,,351045,13,0,10,2,15,,351003,13,0,10,1,60,,351024,13,0,10,2,22,,351016,13,0,10,2,21,,351046,13,0,10,2,61,,351019,13,0,10,1,22,,351025,13,0,10,2,22,,351005,13,0,10,1,62,,351012,13,0,10,1,22,,351040,13,0,10,1,21,,351020,13,0,10,1,63,,351006,13,0,10,1,23,,351010,13,0,10,2,71,,351017,13,0,10,2,33,,351007,13,0,10,1,73,,351011,13,0,10,2,33,,351013,13,0,10,1
