12102,'H58S000A-80-A',516,,321336,39,0,10,1,29,,321342,39,0,10,1,71,,321340,39,0,10,1,26,,321337,39,0,10,1,65,,321348,39,0,10,1,26,,321343,39,0,10,1,24,,321341,39,0,10,1,65,,321338,39,0,10,1,23,,321354,39,0,10,1,59,,321349,39,0,10,1,20,,321379,39,0,10,1,16,,321344,39,0,10,1,15,,321363,39,0,10,1,56,,321355,39,0,10,1,15,,321371,39,0,10,1,16,,321339,39,0,10,1,16,,321350,39,0,10,1,55,,321360,39,0,10,1,14,,321380,39,0,10,1,16,,321356,39,0,10,1,14,,321345,39,0,10,1,56,,321364,39,0,10,1,15,,321372,39,0,10,1,15,,321387,39,0,10,1,14,,321351,39,0,10,1,54,,321361,39,0,10,1,13,,321397,39,0,10,1,12,,321381,39,0,10,1,12,,321357,39,0,10,1,11,,321346,39,0,10,1,52,,321394,39,0,10,1,12,,321365,39,0,10,1,13,,321373,39,0,10,1,12,,321388,39,0,10,1,52,,321352,39,0,10,1,11,,321401,39,0,10,1,12,,321362,39,0,10,1,10,,321398,39,0,10,1,11,,321382,39,0,10,1,11,,321358,39,0,10,1,53,,321347,39,0,10,1,13,,321395,39,0,10,1,14,,321366,39,0,10,1,14,,321374,39,0,10,1,55,,321389,39,0,10,1,15,,321353,39,0,10,1,13,,321402,39,0,10,1,11,,321399,39,0,10,1,13,,321383,39,0,10,1,54,,321359,39,0,10,1,15,,321396,39,0,10,1,16,,321367,39,0,10,1,17,,321375,39,0,10,1,56,,321390,39,0,10,1,23,,321400,39,0,10,1,66,,321384,39,0,10,1,30,,321368,39,0,10,1,70,,321376,39,0,10,1,27,,321391,39,0,10,1,72,,321385,39,0,10,1,30,,321369,39,0,10,1,70,,321377,39,0,10,1,30,,321392,39,0,10,1,27,,321386,39,0,10,1,71,,321370,39,0,10,1,29,,321378,39,0,10,1,73,,321393,39,0,10,1
12102,'H58S000I-80-I',519,,321403,39,0,10,1,29,,321422,39,0,10,1,70,,321411,39,0,10,1,31,,321404,39,0,10,1,70,,321423,39,0,10,1,31,,321412,39,0,10,1,66,,321429,39,0,10,1,25,,321405,39,0,10,1,66,,321424,39,0,10,1,25,,321413,39,0,10,1,26,,321439,39,0,10,1,62,,321430,39,0,10,1,18,,321406,39,0,10,1,19,,321425,39,0,10,1,57,,321453,39,0,10,1,16,,321449,39,0,10,1,16,,321414,39,0,10,1,58,,321440,39,0,10,1,18,,321431,39,0,10,1,18,,321407,39,0,10,1,17,,321426,39,0,10,1,55,,321442,39,0,10,1,13,,321454,39,0,10,1,12,,321450,39,0,10,1,13,,321415,39,0,10,1,53,,321456,39,0,10,1,15,,321441,39,0,10,1,14,,321432,39,0,10,1,14,,321408,39,0,10,1,55,,321427,39,0,10,1,13,,321443,39,0,10,1,14,,321451,39,0,10,1,15,,321455,39,0,10,1,16,,321416,39,0,10,1,56,,321457,39,0,10,1,18,,321433,39,0,10,1,18,,321409,39,0,10,1,58,,321428,39,0,10,1,17,,321444,39,0,10,1,16,,321452,39,0,10,1,58,,321417,39,0,10,1,20,,321458,39,0,10,1,20,,321434,39,0,10,1,61,,321410,39,0,10,1,25,,321445,39,0,10,1,29,,321418,39,0,10,1,68,,321459,39,0,10,1,31,,321435,39,0,10,1,72,,321446,39,0,10,1,31,,321419,39,0,10,1,72,,321460,39,0,10,1,71,,321436,39,0,10,1,29,,321447,39,0,10,1,72,,321420,39,0,10,1,31,,321437,39,0,10,1,71,,321448,39,0,10,1,27,,321421,39,0,10,1,24,,321438,39,0,10,1
12102,'H58S000S-83-S',523,,321468,39,0,10,1,9,,321476,39,0,10,1,9,,321487,39,0,10,1,11,,321503,39,0,10,1,50,,321511,39,0,10,1,11,,321513,39,0,10,1,9,,321474,39,0,10,1,9,,321461,39,0,10,1,8,,321519,39,0,10,1,8,,321493,39,0,10,1,8,,321521,39,0,10,1,49,,321523,39,0,10,1,9,,321530,39,0,10,1,6,,321536,39,0,10,1,6,,321469,39,0,10,1,6,,321542,39,0,10,1,9,,321477,39,0,10,1,6,,321544,39,0,10,1,5,,321488,39,0,10,1,5,,321545,39,0,10,1,45,,321546,39,0,10,1,6,,321504,39,0,10,1,7,,321512,39,0,10,1,5,,321547,39,0,10,1,3,,321549,22,0,10,1,3,,321514,39,0,10,1,6,,321548,39,0,10,1,5,,321475,39,0,10,1,4,,321543,22,0,10,1,2,,321462,39,0,10,1,6,,321520,39,0,10,1,3,,321494,22,0,10,1,7,,321522,39,0,10,1,48,,321524,39,0,10,1,8,,321531,39,0,10,1,9,,321537,39,0,10,1,10,,321470,39,0,10,1,10,,321478,39,0,10,1,11,,321489,39,0,10,1,52,,321505,39,0,10,1,12,,321550,39,0,10,1,12,,321515,39,0,10,1,12,,321463,39,0,10,1,12,,321495,39,0,10,1,52,,321525,39,0,10,1,12,,321532,39,0,10,1,12,,321538,39,0,10,1,12,,321471,39,0,10,1,12,,321479,39,0,10,1,52,,321490,39,0,10,1,11,,321506,39,0,10,1,10,,321551,39,0,10,1,10,,321516,39,0,10,1,11,,321464,39,0,10,1,11,,321496,39,0,10,1,51,,321526,39,0,10,1,12,,321533,39,0,10,1,11,,321539,39,0,10,1,11,,321472,39,0,10,1,10,,321552,39,0,10,1,50,,321480,39,0,10,1,10,,321491,39,0,10,1,10,,321507,39,0,10,1,12,,321517,39,0,10,1,12,,321465,39,0,10,1,52,,321497,39,0,10,1,14,,321527,39,0,10,1,12,,321534,39,0,10,1,12,,321540,39,0,10,1,9,,321563,39,0,10,1,10,,321473,39,0,10,1,49,,321553,39,0,10,1,8,,321572,39,0,10,1,9,,321481,39,0,10,1,9,,321492,39,0,10,1,4,,321571,22,0,10,1,4,,321568,39,0,10,1,7,,321535,39,0,10,1,3,,321508,39,0,10,1,8,,321518,39,0,10,1,48,,321466,39,0,10,1,8,,321498,39,0,10,1,10,,321570,39,0,10,1,10,,321528,39,0,10,1,10,,321561,39,0,10,1,10,,321541,39,0,10,1,50,,321559,39,0,10,1,9,,321564,39,0,10,1,11,,321554,39,0,10,1,6,,321573,22,0,10,1,5,,321482,39,0,10,1,11,,321569,39,0,10,1,12,,321509,39,0,10,1,52,,321467,39,0,10,1,12,,321499,39,0,10,1,11,,321529,39,0,10,1,10,,321562,39,0,10,1,11,,321560,39,0,10,1,51,,321565,39,0,10,1,11,,321555,39,0,10,1,12,,321483,39,0,10,1,24,,321510,39,0,10,1,68,,321500,39,0,10,1,27,,321566,39,0,10,1,65,,321556,39,0,10,1,24,,321484,39,0,10,1,67,,321501,39,0,10,1,29,,321567,39,0,10,1,27,,321557,39,0,10,1,71,,321485,39,0,10,1,72,,321502,39,0,10,1,29,,321558,39,0,10,1,26,,321486,39,0,10,1
12102,'H58S100F-80-F1',519,,321574,39,0,10,1,29,,321588,39,0,10,1,70,,321582,39,0,10,1,31,,321575,39,0,10,1,70,,321589,39,0,10,1,31,,321583,39,0,10,1,66,,321602,39,0,10,1,25,,321576,39,0,10,1,66,,321590,39,0,10,1,25,,321584,39,0,10,1,26,,321612,39,0,10,1,62,,321603,39,0,10,1,18,,321577,39,0,10,1,19,,321591,39,0,10,1,57,,321624,39,0,10,1,16,,321617,39,0,10,1,16,,321585,39,0,10,1,58,,321613,39,0,10,1,18,,321604,39,0,10,1,18,,321578,39,0,10,1,17,,321599,39,0,10,1,55,,321592,39,0,10,1,13,,321625,39,0,10,1,12,,321618,39,0,10,1,13,,321586,39,0,10,1,53,,321627,39,0,10,1,15,,321614,39,0,10,1,14,,321605,39,0,10,1,14,,321579,39,0,10,1,55,,321600,39,0,10,1,13,,321593,39,0,10,1,14,,321615,39,0,10,1,15,,321626,39,0,10,1,16,,321587,39,0,10,1,56,,321628,39,0,10,1,18,,321606,39,0,10,1,18,,321580,39,0,10,1,58,,321601,39,0,10,1,17,,321594,39,0,10,1,16,,321616,39,0,10,1,58,,321619,39,0,10,1,20,,321629,39,0,10,1,20,,321607,39,0,10,1,61,,321581,39,0,10,1,25,,321595,39,0,10,1,29,,321620,39,0,10,1,68,,321630,39,0,10,1,31,,321608,39,0,10,1,72,,321596,39,0,10,1,31,,321621,39,0,10,1,72,,321631,39,0,10,1,71,,321609,39,0,10,1,29,,321597,39,0,10,1,72,,321622,39,0,10,1,31,,321610,39,0,10,1,71,,321598,39,0,10,1,27,,321623,39,0,10,1,24,,321611,39,0,10,1
12102,'H58S200F-80-F2',519,,321637,39,0,10,1,29,,321651,39,0,10,1,70,,321645,39,0,10,1,31,,321638,39,0,10,1,70,,321652,39,0,10,1,31,,321646,39,0,10,1,66,,321662,39,0,10,1,25,,321639,39,0,10,1,66,,321653,39,0,10,1,25,,321647,39,0,10,1,26,,321672,39,0,10,1,62,,321663,39,0,10,1,18,,321640,39,0,10,1,19,,321654,39,0,10,1,57,,321682,39,0,10,1,16,,321675,39,0,10,1,16,,321648,39,0,10,1,58,,321673,39,0,10,1,18,,321664,39,0,10,1,18,,321641,39,0,10,1,17,,321632,39,0,10,1,55,,321655,39,0,10,1,13,,321683,39,0,10,1,12,,321676,39,0,10,1,13,,321649,39,0,10,1,53,,321685,39,0,10,1,15,,321674,39,0,10,1,14,,321665,39,0,10,1,14,,321642,39,0,10,1,55,,321633,39,0,10,1,13,,321656,39,0,10,1,14,,321635,39,0,10,1,15,,321684,39,0,10,1,16,,321650,39,0,10,1,56,,321686,39,0,10,1,18,,321666,39,0,10,1,18,,321643,39,0,10,1,58,,321634,39,0,10,1,17,,321657,39,0,10,1,16,,321636,39,0,10,1,58,,321677,39,0,10,1,20,,321687,39,0,10,1,20,,321667,39,0,10,1,61,,321644,39,0,10,1,25,,321658,39,0,10,1,29,,321678,39,0,10,1,68,,321688,39,0,10,1,31,,321668,39,0,10,1,72,,321659,39,0,10,1,31,,321679,39,0,10,1,72,,321689,39,0,10,1,71,,321669,39,0,10,1,29,,321660,39,0,10,1,72,,321680,39,0,10,1,31,,321670,39,0,10,1,71,,321661,39,0,10,1,27,,321681,39,0,10,1,24,,321671,39,0,10,1
17702,'H60S000A-80-A',628,,333620,16,0,10,1,27,,333633,16,0,10,1,60,,333644,16,0,10,1,17,,333640,16,0,10,1,26,,333621,16,0,10,1,71,,333634,16,0,10,1,71,,333641,16,0,10,1,29,,333622,16,0,10,1,29,,333635,16,0,10,1,70,,333642,16,0,10,1,29,,333623,16,0,10,1,71,,333636,16,0,10,1,31,,333643,16,0,10,1,71,,333624,16,0,10,1,28,,333637,16,0,10,1,67,,333645,16,0,10,2,28,,333647,16,0,10,2,64,,333625,16,0,10,1,26,,333638,16,0,10,1,73,,333646,16,0,10,2,33,,333626,16,0,10,1,70,,333639,16,0,10,1,31,,333649,16,0,10,2,71,,333627,16,0,10,1,30,,333651,16,0,10,2,69,,333650,16,0,10,2,30,,333657,16,0,10,2,70,,333628,16,0,10,1,30,,333652,16,0,10,2,69,,333648,16,0,10,2,29,,333658,16,0,10,2,54,,333629,2,0,10,1,31,,333653,2,0,10,2,70,,333630,2,0,10,1,30,,333654,2,0,10,2,70,,333631,2,0,10,1,30,,333655,2,0,10,2,70,,333632,2,0,10,1,30,,333656,2,0,10,2
17702,'H60S000I-81-I',627,,333659,16,0,10,1,30,,333669,16,0,10,2,70,,333679,16,0,10,2,30,,333660,16,0,10,1,70,,333670,16,0,10,2,30,,333680,16,0,10,2,69,,333661,16,0,10,1,30,,333671,16,0,10,2,70,,333681,16,0,10,2,31,,333662,16,0,10,1,71,,333672,16,0,10,2,30,,333682,16,0,10,2,69,,333663,16,0,10,1,32,,333673,16,0,10,2,71,,333683,16,0,10,2,28,,333664,16,0,10,1,73,,333674,16,0,10,2,70,,333684,16,0,10,2,29,,333665,16,0,10,1,23,,333696,16,0,10,2,63,,333675,16,0,10,2,27,,333685,16,0,10,2,71,,333666,16,0,10,1,33,,333676,16,0,10,2,73,,333686,16,0,10,2,28,,333667,16,0,10,1,67,,333677,16,0,10,2,33,,333687,16,0,10,2,68,,333668,16,0,10,1,27,,333678,16,0,10,2,59,,333688,2,0,10,1,30,,333692,2,0,10,2,70,,333689,2,0,10,1,30,,333693,2,0,10,2,70,,333690,2,0,10,1,30,,333694,2,0,10,2,69,,333691,2,0,10,1,29,,333695,2,0,10,2
17702,'H60S000S-83-S',544,,333701,16,0,10,2,15,,333706,16,0,10,1,55,,333698,16,0,10,1,12,,333704,16,0,10,1,12,,333700,16,0,10,1,7,,333716,16,0,10,2,8,,333712,16,0,10,2,48,,333717,16,0,10,2,11,,333718,16,0,10,2,7,,333720,16,0,10,1,7,,333702,16,0,10,2,7,,333722,16,0,10,2,5,,333723,16,0,10,2,5,,333724,16,0,10,2,6,,333725,16,0,10,2,7,,333699,16,0,10,1,47,,333728,16,0,10,2,8,,333729,16,0,10,2,8,,333730,16,0,10,1,10,,333727,16,0,10,2,12,,333711,16,0,10,2,12,,333734,16,0,10,2,50,,333721,16,0,10,1,9,,333719,16,0,10,2,11,,333714,16,0,10,1,12,,333726,16,0,10,2,20,,333731,16,0,10,1,60,,333713,16,0,10,2,23,,333735,16,0,10,2,67,,333715,16,0,10,1,29,,333732,16,0,10,1,69,,333703,16,0,10,1,29,,333736,16,0,10,2,69,,333697,16,0,10,2,31,,333705,16,0,10,1,70,,333738,16,0,10,2,30,,333737,16,0,10,2,72,,333733,16,0,10,1,34,,333745,16,0,10,2,73,,333751,16,0,10,2,28,,333739,16,0,10,1,68,,333753,16,0,10,2,32,,333752,16,0,10,1,69,,333746,16,0,10,2,31,,333707,16,0,10,1,70,,333740,16,0,10,2,27,,333754,16,0,10,1,71,,333747,16,0,10,2,33,,333708,16,0,10,1,66,,333741,16,0,10,2,25,,333748,2,0,10,2,25,,333709,2,0,10,1,65,,333742,2,0,10,2,25,,333749,2,0,10,2,65,,333710,2,0,10,1,25,,333743,2,0,10,2,69,,333750,2,0,10,1,32,,333744,2,0,10,2
17702,'H60S100F-80-F1',627,,333755,16,0,10,1,30,,333768,16,0,10,2,70,,333778,16,0,10,2,30,,333756,16,0,10,1,70,,333769,16,0,10,2,30,,333779,16,0,10,2,69,,333757,16,0,10,1,30,,333770,16,0,10,2,70,,333780,16,0,10,2,31,,333758,16,0,10,1,71,,333771,16,0,10,2,30,,333781,16,0,10,2,69,,333759,16,0,10,1,32,,333772,16,0,10,2,71,,333782,16,0,10,2,28,,333760,16,0,10,1,73,,333773,16,0,10,2,70,,333783,16,0,10,2,29,,333761,16,0,10,1,23,,333787,16,0,10,1,63,,333774,16,0,10,2,27,,333784,16,0,10,2,71,,333762,16,0,10,1,33,,333775,16,0,10,2,73,,333785,16,0,10,2,28,,333763,16,0,10,1,67,,333776,16,0,10,2,33,,333786,16,0,10,2,68,,333764,16,0,10,1,27,,333777,16,0,10,2,59,,333792,2,0,10,1,30,,333788,2,0,10,1,70,,333765,2,0,10,1,30,,333789,2,0,10,1,70,,333766,2,0,10,1,30,,333790,2,0,10,1,69,,333767,2,0,10,1,29,,333791,2,0,10,1
17702,'H60S200F-80-F2',627,,333793,16,0,10,1,30,,333806,16,0,10,2,70,,333816,16,0,10,2,30,,333794,16,0,10,1,70,,333807,16,0,10,2,30,,333817,16,0,10,2,69,,333795,16,0,10,1,30,,333808,16,0,10,2,70,,333818,16,0,10,2,31,,333796,16,0,10,1,71,,333809,16,0,10,2,30,,333819,16,0,10,2,69,,333797,16,0,10,1,32,,333810,16,0,10,2,71,,333820,16,0,10,2,28,,333798,16,0,10,1,73,,333811,16,0,10,2,70,,333821,16,0,10,2,29,,333799,16,0,10,1,23,,333825,16,0,10,1,63,,333812,16,0,10,2,27,,333822,16,0,10,2,71,,333800,16,0,10,1,33,,333813,16,0,10,2,73,,333823,16,0,10,2,28,,333801,16,0,10,1,67,,333814,16,0,10,2,33,,333824,16,0,10,2,68,,333802,16,0,10,1,27,,333815,16,0,10,2,59,,333830,2,0,10,1,30,,333826,2,0,10,1,70,,333803,2,0,10,1,30,,333827,2,0,10,1,70,,333804,2,0,10,1,30,,333828,2,0,10,1,69,,333805,2,0,10,1,29,,333829,2,0,10,1
37103,'H50S000A-82-A',2607,,347082,44,0,8,2,31,,347084,44,0,8,1,67,,347080,44,0,8,2,31,,347086,44,0,8,1,70,,347083,44,0,8,2,30,,347085,44,0,8,1,69,,347081,44,0,8,2
37103,'H50S000I-82-I',2603,,347090,44,0,8,2,29,,347087,44,0,8,2,72,,347089,44,0,8,2,30,,347092,44,0,8,1,71,,347091,44,0,8,2,31,,347088,44,0,8,2,71,,347093,44,0,8,1
37103,'H50S000S-82-S',2606,,347096,44,0,8,2,30,,347094,44,0,8,1,70,,347098,44,0,8,2,28,,347100,44,0,8,1,71,,347097,44,0,8,2,32,,347095,44,0,8,1,70,,347099,44,0,8,2
37103,'H50S100F-80-F1',2603,,347104,44,0,8,2,29,,347101,44,0,8,2,72,,347103,44,0,8,2,30,,347106,44,0,8,1,71,,347105,44,0,8,2,31,,347102,44,0,8,2,71,,347107,44,0,8,1
37103,'H50S200F-80-F2',2603,,347111,44,0,8,2,29,,347108,44,0,8,2,72,,347110,44,0,8,2,30,,347113,44,0,8,1,71,,347112,44,0,8,2,31,,347109,44,0,8,2,71,,347114,44,0,8,1
