2901,'H59S000A-80-A',636,,293553,21,0,5,1,70,,293558,21,0,5,1,29,,293554,21,0,5,1,68,,293559,21,0,5,1,31,,293555,21,0,5,1,72,,293560,21,0,5,1,32,,293556,21,0,5,1,70,,293572,21,0,5,2,32,,293561,21,0,5,1,71,,293546,21,0,5,2,31,,293573,21,0,5,2,73,,293562,21,0,5,1,32,,293547,21,0,5,2,69,,293574,21,0,5,2,28,,293563,21,0,5,1,69,,293548,21,0,5,2,30,,293575,21,0,5,2,70,,293564,21,0,5,1,30,,293549,21,0,5,2,70,,293576,21,0,5,2,30,,293565,21,0,5,1,69,,293550,21,0,5,2,30,,293577,21,0,5,2,71,,293566,21,0,5,1,30,,293551,21,0,5,2,73,,293578,21,0,5,2,35,,293567,21,0,5,1,76,,293579,21,0,5,2,78,,293568,21,0,5,1,108,,293569,21,0,5,1,108,,293570,21,0,5,1,104,,293571,21,0,5,1
2901,'H59S000I-81-I',633,,293591,21,0,5,1,72,,293599,21,0,5,2,33,,293592,21,0,5,1,71,,293600,21,0,5,2,28,,293593,21,0,5,1,68,,293601,21,0,5,2,32,,293594,21,0,5,1,72,,293602,21,0,5,2,31,,293595,21,0,5,1,73,,293603,21,0,5,2,34,,293596,21,0,5,1,73,,293604,21,0,5,1,33,,293580,21,0,5,1,73,,293597,21,0,5,1,33,,293605,21,0,5,2,74,,293581,21,0,5,1,73,,293610,21,0,5,2,31,,293606,21,0,5,2,70,,293582,21,0,5,1,28,,293611,21,0,5,2,69,,293607,21,0,5,2,28,,293583,21,0,5,1,68,,293612,21,0,5,2,27,,293608,21,0,5,2,32,,293584,21,0,5,1,75,,293609,21,0,5,2,81,,293585,21,0,5,1,103,,293586,21,0,5,1,104,,293587,21,0,5,1,100,,293588,21,0,5,1,98,,293589,21,0,5,1
2901,'H59S000S-80-S',643,,293616,21,0,5,1,71,,293639,21,0,5,2,30,,293631,21,0,5,2,70,,293617,21,0,5,1,30,,293640,21,0,5,2,63,,293632,21,0,5,2,27,,293618,21,0,5,1,24,,293641,21,0,5,2,68,,293633,21,0,5,2,30,,293619,21,0,5,1,72,,293644,21,0,5,2,72,,293634,21,0,5,2,32,,293620,21,0,5,1,72,,293645,21,0,5,2,31,,293635,21,0,5,2,73,,293621,21,0,5,1,33,,293646,21,0,5,2,73,,293636,21,0,5,2,38,,293622,21,0,5,1,72,,293642,21,0,5,2,30,,293637,21,0,5,2,73,,293623,21,0,5,1,30,,293643,21,0,5,2,72,,293613,21,0,5,1,72,,293624,21,0,5,1,32,,293614,21,0,5,1,80,,293625,21,0,5,1,105,,293626,21,0,5,1,102,,293627,21,0,5,1,102,,293628,21,0,5,1,101,,293629,21,0,5,1,96,,293630,21,0,5,1
2901,'H59S100F-80-F1',633,,293648,21,0,5,1,72,,293666,21,0,5,2,33,,293649,21,0,5,1,71,,293667,21,0,5,2,28,,293650,21,0,5,1,68,,293668,21,0,5,2,32,,293651,21,0,5,1,72,,293669,21,0,5,2,31,,293652,21,0,5,1,73,,293670,21,0,5,2,34,,293653,21,0,5,1,73,,293679,21,0,5,1,33,,293655,21,0,5,1,73,,293654,21,0,5,1,33,,293671,21,0,5,2,74,,293656,21,0,5,1,73,,293676,21,0,5,2,31,,293672,21,0,5,2,70,,293657,21,0,5,1,28,,293677,21,0,5,2,69,,293673,21,0,5,2,28,,293658,21,0,5,1,68,,293678,21,0,5,2,27,,293674,21,0,5,2,32,,293659,21,0,5,1,75,,293675,21,0,5,2,81,,293660,21,0,5,1,103,,293661,21,0,5,1,104,,293662,21,0,5,1,100,,293663,21,0,5,1,98,,293664,21,0,5,1
2901,'H59S200F-80-F2',633,,293681,21,0,5,1,72,,293699,21,0,5,2,33,,293682,21,0,5,1,71,,293700,21,0,5,2,28,,293683,21,0,5,1,68,,293701,21,0,5,2,32,,293684,21,0,5,1,72,,293702,21,0,5,2,31,,293685,21,0,5,1,73,,293703,21,0,5,2,34,,293686,21,0,5,1,73,,293712,21,0,5,1,33,,293688,21,0,5,1,73,,293687,21,0,5,1,33,,293704,21,0,5,2,74,,293689,21,0,5,1,73,,293709,21,0,5,2,31,,293705,21,0,5,2,70,,293690,21,0,5,1,28,,293710,21,0,5,2,69,,293706,21,0,5,2,28,,293691,21,0,5,1,68,,293711,21,0,5,2,27,,293707,21,0,5,2,32,,293692,21,0,5,1,75,,293708,21,0,5,2,81,,293693,21,0,5,1,103,,293694,21,0,5,1,104,,293695,21,0,5,1,100,,293696,21,0,5,1,98,,293697,21,0,5,1
8501,'H54S000S-80-S',1850,,310626,3,0,5,1
8501,'H59S000A-80-A',547,,310627,3,0,5,1,82,,310644,3,0,5,2,82,,310633,3,0,5,1,42,,310628,3,0,5,1,82,,310645,3,0,5,2,82,,310634,3,0,5,1,41,,310629,3,0,5,1,82,,310646,3,0,5,2,82,,310635,3,0,5,1,81,,310630,3,0,5,1,32,,310647,3,0,5,2,74,,310638,3,0,5,1,34,,310636,3,0,5,1,73,,310631,3,0,5,1,33,,310648,3,0,5,2,74,,310639,3,0,5,1,34,,310637,3,0,5,1,74,,310632,3,0,5,1,72,,310649,3,0,5,2,43,,310640,3,0,5,1,83,,310654,3,0,5,1,83,,310650,3,0,5,2,42,,310641,3,0,5,1,82,,310655,3,0,5,1,83,,310651,3,0,5,2,83,,310642,3,0,5,1,44,,310656,3,0,5,1,84,,310652,3,0,5,2,84,,310643,3,0,5,1,42,,310657,3,0,5,1,85,,310653,3,0,5,2
8501,'H59S000I-81-I',534,,310668,3,0,5,1,82,,310681,3,0,5,1,42,,310662,3,0,5,2,82,,310669,3,0,5,1,82,,310682,3,0,5,1,82,,310663,3,0,5,2,42,,310670,3,0,5,1,81,,310683,3,0,5,1,81,,310664,3,0,5,2,41,,310671,3,0,5,1,81,,310684,3,0,5,1,81,,310665,3,0,5,2,41,,310672,3,0,5,1,73,,310687,3,0,5,2,32,,310685,3,0,5,1,73,,310666,3,0,5,2,72,,310673,3,0,5,1,33,,310688,3,0,5,2,73,,310686,3,0,5,1,34,,310667,3,0,5,2,74,,310674,3,0,5,1,38,,310658,3,0,5,1,82,,310678,3,0,5,1,82,,310675,3,0,5,1,41,,310659,3,0,5,1,81,,310679,3,0,5,1,82,,310676,3,0,5,1,82,,310660,3,0,5,1,43,,310680,3,0,5,1,84,,310677,3,0,5,1,82,,310661,3,0,5,1
8501,'H59S000S-80-S',505,,310693,3,0,5,1,29,,310706,3,0,5,2,69,,310723,3,0,5,1,29,,310692,3,0,5,2,71,,310701,3,0,5,2,32,,310694,3,0,5,1,71,,310707,3,0,5,2,30,,310724,3,0,5,1,72,,310725,3,0,5,1,31,,310702,3,0,5,2,71,,310695,3,0,5,1,31,,310711,3,0,5,2,72,,310708,3,0,5,1,33,,310703,3,0,5,2,73,,310696,3,0,5,1,33,,310712,3,0,5,2,66,,310720,3,0,5,2,25,,310709,3,0,5,1,66,,310704,3,0,5,2,28,,310715,3,0,5,2,71,,310697,3,0,5,1,33,,310713,3,0,5,2,70,,310710,3,0,5,1,27,,310705,3,0,5,2,63,,310721,3,0,5,1,26,,310716,3,0,5,2,27,,310698,3,0,5,1,68,,310714,3,0,5,2,97,,310722,3,0,5,1,32,,310717,3,0,5,2,84,,310699,3,0,5,1,84,,310690,3,0,5,1,83,,310718,3,0,5,2,45,,310700,3,0,5,1,89,,310691,3,0,5,1,89,,310719,3,0,5,2,89,,310689,3,0,5,1
8501,'H59S100F-80-F1',534,,310732,3,0,5,1,82,,310745,3,0,5,1,42,,310726,3,0,5,2,82,,310733,3,0,5,1,82,,310746,3,0,5,1,82,,310727,3,0,5,2,42,,310734,3,0,5,1,81,,310747,3,0,5,1,81,,310728,3,0,5,2,41,,310735,3,0,5,1,81,,310748,3,0,5,1,81,,310729,3,0,5,2,41,,310736,3,0,5,1,73,,310755,3,0,5,2,32,,310749,3,0,5,1,73,,310730,3,0,5,2,72,,310737,3,0,5,1,33,,310756,3,0,5,2,73,,310750,3,0,5,1,34,,310731,3,0,5,2,74,,310738,3,0,5,1,38,,310751,3,0,5,1,82,,310742,3,0,5,1,82,,310739,3,0,5,1,41,,310752,3,0,5,1,81,,310743,3,0,5,1,82,,310740,3,0,5,1,82,,310753,3,0,5,1,43,,310744,3,0,5,1,84,,310741,3,0,5,1,82,,310754,3,0,5,1
8501,'H59S200F-80-F2',534,,310763,3,0,5,1,82,,310776,3,0,5,1,42,,310757,3,0,5,2,82,,310764,3,0,5,1,82,,310777,3,0,5,1,82,,310758,3,0,5,2,42,,310765,3,0,5,1,81,,310778,3,0,5,1,81,,310759,3,0,5,2,41,,310766,3,0,5,1,81,,310779,3,0,5,1,81,,310760,3,0,5,2,41,,310767,3,0,5,1,73,,310786,3,0,5,2,32,,310780,3,0,5,1,73,,310761,3,0,5,2,72,,310768,3,0,5,1,33,,310787,3,0,5,2,73,,310781,3,0,5,1,34,,310762,3,0,5,2,74,,310769,3,0,5,1,38,,310782,3,0,5,1,82,,310773,3,0,5,1,82,,310770,3,0,5,1,41,,310783,3,0,5,1,81,,310774,3,0,5,1,82,,310771,3,0,5,1,82,,310784,3,0,5,1,43,,310775,3,0,5,1,84,,310772,3,0,5,1,82,,310785,3,0,5,1
36201,'H54S000A-80-A',2626,,346656,2,0,5,1,85,,346657,2,0,5,2,45,,346659,2,0,5,1,85,,346658,2,0,5,2
36201,'H54S000I-80-I',2541,,346662,2,0,5,2,85,,346660,2,0,5,1,85,,346664,2,0,5,2,45,,346661,2,0,5,1,85,,346663,2,0,5,2
36201,'H54S000S-80-S',2541,,346667,2,0,5,1,85,,346666,2,0,5,1,85,,346665,2,0,5,1,45,,346669,2,0,5,1,85,,346668,2,0,5,1
36201,'H54S100F-80-F1',2541,,346672,2,0,5,2,85,,346670,2,0,5,1,85,,346674,2,0,5,2,45,,346671,2,0,5,1,85,,346673,2,0,5,2
36201,'H54S200F-80-F2',2541,,346677,2,0,5,2,85,,346675,2,0,5,1,85,,346679,2,0,5,2,45,,346676,2,0,5,1,85,,346678,2,0,5,2
