9502,'H51S000A-80-A',509,,313360,19,0,10,1,33,,313373,19,0,10,2,76,,313361,19,0,10,1,34,,313374,19,0,10,2,72,,313381,19,0,10,1,32,,313362,19,0,10,1,71,,313375,19,0,10,2,30,,313382,19,0,10,1,70,,313363,19,0,10,1,30,,313376,19,0,10,2,70,,313383,19,0,10,1,31,,313364,19,0,10,1,70,,313377,19,0,10,2,22,,313387,19,0,10,1,62,,313384,19,0,10,1,28,,313365,19,0,10,1,67,,313378,19,0,10,2,24,,313388,19,0,10,1,23,,313385,19,0,10,1,61,,313396,19,0,10,2,21,,313366,19,0,10,1,20,,313379,19,0,10,2,60,,313389,19,0,10,1,25,,313386,19,0,10,1,65,,313397,19,0,10,2,25,,313367,19,0,10,1,26,,313390,19,0,10,1,66,,313380,19,0,10,1,26,,313398,19,0,10,2,67,,313368,19,0,10,1,29,,313391,19,0,10,1,72,,313358,19,0,10,2,30,,313369,19,0,10,1,69,,313392,19,0,10,1,30,,313359,19,0,10,2,70,,313370,19,0,10,1,30,,313393,19,0,10,1,70,,313399,19,0,10,2,30,,313371,19,0,10,1,71,,313394,19,0,10,1,30,,313400,19,0,10,2,74,,313372,19,0,10,1,33,,313401,19,0,10,2,74,,313395,19,0,10,1
9502,'H51S000I-80-I',509,,313402,19,0,10,1,28,,313403,19,0,10,2,73,,313417,19,0,10,1,35,,313404,19,0,10,2,75,,313418,19,0,10,1,33,,313437,19,0,10,1,73,,313405,19,0,10,2,31,,313419,19,0,10,1,70,,313438,19,0,10,1,27,,313406,19,0,10,2,58,,313441,19,0,10,2,18,,313420,19,0,10,1,70,,313439,19,0,10,1,30,,313407,19,0,10,2,71,,313421,19,0,10,1,32,,313440,19,0,10,1,74,,313408,19,0,10,2,30,,313422,19,0,10,1,66,,313429,19,0,10,1,26,,313442,19,0,10,2,25,,313409,19,0,10,2,64,,313423,19,0,10,1,24,,313430,19,0,10,1,64,,313443,19,0,10,2,22,,313410,19,0,10,2,23,,313424,19,0,10,1,63,,313431,19,0,10,1,23,,313444,19,0,10,2,22,,313411,19,0,10,2,61,,313425,19,0,10,1,30,,313432,19,0,10,1,70,,313412,19,0,10,2,28,,313426,19,0,10,1,69,,313433,19,0,10,1,29,,313413,19,0,10,2,69,,313427,19,0,10,1,29,,313434,19,0,10,1,70,,313414,19,0,10,2,30,,313428,19,0,10,1,72,,313435,19,0,10,1,34,,313415,19,0,10,2,71,,313436,19,0,10,1,32,,313416,19,0,10,2
9502,'H51S000S-81-S',511,,313445,19,0,10,1,91,,313454,19,0,10,2,28,,313446,19,0,10,1,28,,313460,19,0,10,1,61,,313462,19,0,10,2,20,,313455,19,0,10,2,20,,313473,19,0,10,1,87,,313461,19,0,10,1,64,,313463,19,0,10,2,32,,313474,19,0,10,1,72,,313456,19,0,10,1,32,,313464,19,0,10,2,72,,313475,19,0,10,1,32,,313457,19,0,10,1,72,,313465,19,0,10,2,32,,313476,19,0,10,1,61,,313484,19,0,10,1,21,,313458,19,0,10,1,64,,313466,19,0,10,2,24,,313447,19,0,10,1,25,,313477,19,0,10,1,64,,313485,19,0,10,1,24,,313459,19,0,10,1,64,,313467,19,0,10,2,24,,313448,19,0,10,1,29,,313478,19,0,10,1,68,,313486,19,0,10,2,31,,313468,19,0,10,2,73,,313449,19,0,10,1,31,,313479,19,0,10,1,72,,313469,19,0,10,2,30,,313450,19,0,10,1,70,,313480,19,0,10,1,30,,313470,19,0,10,2,70,,313451,19,0,10,1,30,,313481,19,0,10,1,68,,313471,19,0,10,2,29,,313452,19,0,10,1,69,,313482,19,0,10,1,30,,313472,19,0,10,2,68,,313453,19,0,10,1,31,,313483,19,0,10,1
9502,'H51S100F-80-F1',509,,313487,19,0,10,1,28,,313489,19,0,10,2,73,,313503,19,0,10,1,35,,313490,19,0,10,2,75,,313504,19,0,10,1,33,,313523,19,0,10,1,73,,313491,19,0,10,2,31,,313505,19,0,10,1,70,,313524,19,0,10,1,27,,313492,19,0,10,2,58,,313488,19,0,10,2,18,,313506,19,0,10,1,70,,313525,19,0,10,1,30,,313493,19,0,10,2,71,,313507,19,0,10,1,32,,313526,19,0,10,1,74,,313494,19,0,10,2,30,,313508,19,0,10,1,66,,313515,19,0,10,1,26,,313527,19,0,10,2,25,,313495,19,0,10,2,64,,313509,19,0,10,1,24,,313516,19,0,10,1,64,,313528,19,0,10,2,22,,313496,19,0,10,2,23,,313510,19,0,10,1,63,,313517,19,0,10,1,23,,313529,19,0,10,2,22,,313497,19,0,10,2,61,,313511,19,0,10,1,30,,313518,19,0,10,1,70,,313498,19,0,10,2,28,,313512,19,0,10,1,69,,313519,19,0,10,1,29,,313499,19,0,10,2,69,,313513,19,0,10,1,29,,313520,19,0,10,1,70,,313500,19,0,10,2,30,,313514,19,0,10,1,72,,313521,19,0,10,1,34,,313501,19,0,10,2,71,,313522,19,0,10,1,32,,313502,19,0,10,2
9502,'H51S200F-80-F2',509,,313530,19,0,10,1,28,,313532,19,0,10,2,73,,313546,19,0,10,1,35,,313533,19,0,10,2,75,,313547,19,0,10,1,33,,313566,19,0,10,1,73,,313534,19,0,10,2,31,,313548,19,0,10,1,70,,313567,19,0,10,1,27,,313535,19,0,10,2,58,,313531,19,0,10,2,18,,313549,19,0,10,1,70,,313568,19,0,10,1,30,,313536,19,0,10,2,71,,313550,19,0,10,1,32,,313569,19,0,10,1,74,,313537,19,0,10,2,30,,313551,19,0,10,1,66,,313558,19,0,10,1,26,,313570,19,0,10,2,25,,313538,19,0,10,2,64,,313552,19,0,10,1,24,,313559,19,0,10,1,64,,313571,19,0,10,2,22,,313539,19,0,10,2,23,,313553,19,0,10,1,63,,313560,19,0,10,1,23,,313572,19,0,10,2,22,,313540,19,0,10,2,61,,313554,19,0,10,1,30,,313561,19,0,10,1,70,,313541,19,0,10,2,28,,313555,19,0,10,1,69,,313562,19,0,10,1,29,,313542,19,0,10,2,69,,313556,19,0,10,1,29,,313563,19,0,10,1,70,,313543,19,0,10,2,30,,313557,19,0,10,1,72,,313564,19,0,10,1,34,,313544,19,0,10,2,71,,313565,19,0,10,1,32,,313545,19,0,10,2
9502,'H54S000S-80-S',534,,313573,19,0,10,2
9502,'H58S000S-83-S',823,,313574,19,0,10,2
14102,'H50S000S-82-S',750,,326696,18,0,10,1,1083,,326695,40,0,10,1
14102,'H51S000S-81-S',745,,326700,18,0,10,2,893,,326703,40,0,10,1,80,,326697,40,0,10,2,25,,326704,40,0,10,2,58,,326706,40,0,10,2,21,,326701,40,0,10,2,28,,326702,40,0,10,1,54,,326699,40,0,10,1,23,,326698,40,0,10,2,18,,326705,40,0,10,2
14102,'H54S000A-80-A',512,,326707,40,0,10,1,30,,326731,40,0,10,1,70,,326716,40,0,10,1,22,,326723,40,0,10,1,19,,326708,40,0,10,1,59,,326737,40,0,10,1,21,,326802,40,0,10,1,20,,326717,40,0,10,1,56,,326732,40,0,10,1,15,,326724,40,0,10,1,15,,326748,40,0,10,1,16,,326709,40,0,10,1,56,,326753,40,0,10,2,13,,326738,40,0,10,1,13,,326803,40,0,10,1,12,,326718,40,0,10,1,52,,326733,40,0,10,1,11,,326756,40,0,10,1,14,,326725,40,0,10,1,11,,326749,40,0,10,1,11,,326710,40,0,10,1,11,,326787,40,0,10,1,50,,326770,40,0,10,1,10,,326754,40,0,10,2,12,,326739,40,0,10,1,12,,326804,40,0,10,1,11,,326719,40,0,10,1,52,,326734,40,0,10,1,12,,326757,40,0,10,1,11,,326726,40,0,10,1,11,,326750,40,0,10,1,10,,326711,40,0,10,1,8,,326743,40,0,10,1,48,,326788,40,0,10,1,8,,326771,40,0,10,1,8,,326755,40,0,10,2,7,,326798,40,0,10,1,6,,326761,40,0,10,2,8,,326740,40,0,10,1,7,,326805,40,0,10,1,6,,326764,40,0,10,1,47,,326790,40,0,10,1,6,,326720,40,0,10,1,7,,326735,40,0,10,1,7,,326758,40,0,10,1,7,,326774,40,0,10,2,7,,326727,40,0,10,1,8,,326795,40,0,10,1,7,,326751,40,0,10,1,7,,326712,40,0,10,1,47,,326744,40,0,10,1,8,,326789,40,0,10,1,8,,326772,40,0,10,1,8,,326779,40,0,10,1,8,,326799,40,0,10,1,9,,326762,40,0,10,2,9,,326741,40,0,10,1,49,,326765,40,0,10,1,8,,326791,40,0,10,1,7,,326721,40,0,10,1,6,,326736,40,0,10,1,8,,326759,40,0,10,1,8,,326775,40,0,10,2,8,,326728,40,0,10,1,9,,326796,40,0,10,1,48,,326752,40,0,10,1,7,,326713,40,0,10,1,5,,326801,40,0,10,2,5,,326745,40,0,10,1,5,,326773,40,0,10,1,6,,326782,40,0,10,2,6,,326780,40,0,10,1,7,,326800,40,0,10,1,6,,326763,40,0,10,2,5,,326742,40,0,10,1,44,,326766,40,0,10,1,8,,326792,40,0,10,1,9,,326722,40,0,10,1,9,,326760,40,0,10,1,10,,326776,40,0,10,2,10,,326729,40,0,10,1,51,,326797,40,0,10,1,11,,326714,40,0,10,1,12,,326746,40,0,10,1,13,,326781,40,0,10,1,17,,326767,40,0,10,1,58,,326793,40,0,10,1,18,,326777,40,0,10,2,18,,326730,40,0,10,1,58,,326715,40,0,10,1,17,,326747,40,0,10,1,18,,326768,40,0,10,1,63,,326794,40,0,10,1,26,,326778,40,0,10,2,27,,326806,40,0,10,1,68,,326769,40,0,10,1,25,,326807,40,0,10,1,68,,326783,40,0,10,1,28,,326785,40,0,10,2,73,,326808,40,0,10,1,30,,326784,40,0,10,1,70,,326786,40,0,10,2
14102,'H54S000I-80-I',512,,326812,40,0,10,1,19,,326883,40,0,10,2,70,,326876,40,0,10,1,33,,326824,40,0,10,1,76,,326884,40,0,10,2,33,,326877,40,0,10,1,62,,326840,40,0,10,1,21,,326825,40,0,10,1,23,,326845,40,0,10,1,54,,326868,40,0,10,1,14,,326885,40,0,10,2,13,,326834,40,0,10,1,14,,326878,40,0,10,1,14,,326841,40,0,10,1,55,,326846,40,0,10,1,13,,326826,40,0,10,1,12,,326809,40,0,10,2,13,,326858,40,0,10,1,53,,326869,40,0,10,1,16,,326886,40,0,10,1,13,,326864,40,0,10,1,15,,326835,40,0,10,1,54,,326842,40,0,10,1,14,,326847,40,0,10,1,13,,326827,40,0,10,1,12,,326810,40,0,10,2,11,,326859,40,0,10,1,50,,326870,40,0,10,1,10,,326815,40,0,10,1,11,,326887,40,0,10,1,10,,326865,40,0,10,1,7,,326879,40,0,10,1,7,,326855,40,0,10,1,9,,326836,40,0,10,1,51,,326843,40,0,10,1,10,,326848,40,0,10,1,9,,326873,40,0,10,1,9,,326828,40,0,10,1,9,,326811,40,0,10,2,9,,326860,40,0,10,1,49,,326871,40,0,10,1,9,,326816,40,0,10,1,8,,326821,40,0,10,2,9,,326888,40,0,10,1,8,,326866,40,0,10,1,10,,326880,40,0,10,1,9,,326856,40,0,10,1,50,,326837,40,0,10,1,10,,326844,40,0,10,1,10,,326849,40,0,10,1,10,,326874,40,0,10,1,9,,326829,40,0,10,1,10,,326861,40,0,10,1,49,,326872,40,0,10,1,11,,326817,40,0,10,1,9,,326822,40,0,10,2,7,,326813,40,0,10,1,7,,326867,40,0,10,1,9,,326881,40,0,10,1,7,,326857,40,0,10,1,50,,326838,40,0,10,1,11,,326814,40,0,10,2,11,,326850,40,0,10,1,11,,326875,40,0,10,1,16,,326830,40,0,10,1,59,,326818,40,0,10,1,18,,326823,40,0,10,2,17,,326882,40,0,10,1,58,,326839,40,0,10,1,20,,326851,40,0,10,1,27,,326831,40,0,10,1,68,,326819,40,0,10,1,25,,326862,40,0,10,1,69,,326852,40,0,10,1,29,,326832,40,0,10,1,70,,326820,40,0,10,1,30,,326863,40,0,10,1,71,,326853,40,0,10,1,30,,326833,40,0,10,1,72,,326889,40,0,10,2,32,,326854,40,0,10,1
14102,'H54S000S-80-S',513,,326902,40,0,10,1,19,,326892,40,0,10,1,11,,326898,40,0,10,1,11,,326890,40,0,10,1,51,,326909,40,0,10,1,12,,326917,40,0,10,1,13,,326924,40,0,10,1,12,,326900,40,0,10,1,9,,326930,40,0,10,2,49,,326931,40,0,10,1,8,,326903,40,0,10,1,11,,326893,40,0,10,1,6,,326952,40,0,10,1,7,,326962,18,0,10,1,4,,326899,40,0,10,1,5,,326938,40,0,10,2,13,,326940,40,0,10,1,4,,326937,40,0,10,1,43,,326939,40,0,10,2,4,,326910,40,0,10,1,9,,326918,40,0,10,1,11,,326925,40,0,10,1,5,,326967,40,0,10,1,6,,326971,40,0,10,1,8,,326901,40,0,10,1,8,,326945,40,0,10,1,49,,326932,40,0,10,1,10,,326904,40,0,10,1,10,,326894,40,0,10,1,10,,326953,40,0,10,1,11,,326963,40,0,10,1,11,,326941,40,0,10,1,51,,326911,40,0,10,1,11,,326919,40,0,10,1,10,,326926,40,0,10,1,10,,326972,40,0,10,1,12,,326946,40,0,10,1,10,,326933,40,0,10,1,50,,326905,40,0,10,1,10,,326895,40,0,10,1,10,,326954,40,0,10,1,11,,326964,40,0,10,1,11,,326942,40,0,10,1,51,,326912,40,0,10,1,10,,326920,40,0,10,1,10,,326927,40,0,10,1,10,,326973,40,0,10,1,10,,326968,40,0,10,1,10,,326947,40,0,10,1,50,,326934,40,0,10,1,9,,326906,40,0,10,1,9,,326896,40,0,10,1,9,,326955,40,0,10,1,9,,326980,40,0,10,1,9,,326965,40,0,10,1,9,,326943,40,0,10,1,49,,326913,40,0,10,1,8,,326921,40,0,10,1,10,,326928,40,0,10,1,10,,326974,40,0,10,1,8,,326984,40,0,10,2,8,,326969,40,0,10,1,8,,326948,40,0,10,1,47,,326935,40,0,10,1,9,,326907,40,0,10,1,9,,326897,40,0,10,1,9,,326956,40,0,10,1,15,,326981,40,0,10,1,7,,326966,40,0,10,1,54,,326944,40,0,10,1,6,,326914,40,0,10,1,11,,326922,40,0,10,1,6,,326997,40,0,10,1,15,,326929,40,0,10,1,5,,326975,40,0,10,1,9,,326985,40,0,10,2,45,,326990,40,0,10,1,6,,326970,40,0,10,1,6,,326986,40,0,10,1,9,,326949,40,0,10,1,5,,326936,40,0,10,1,7,,326908,40,0,10,1,15,,326957,40,0,10,1,58,,326982,40,0,10,1,7,,326992,40,0,10,1,13,,326915,40,0,10,1,11,,326923,40,0,10,1,4,,326998,40,0,10,1,14,,326976,40,0,10,1,54,,326991,40,0,10,1,8,,326987,40,0,10,1,16,,326950,40,0,10,1,20,,326958,40,0,10,1,51,,326983,40,0,10,1,11,,326993,40,0,10,1,12,,326916,40,0,10,1,21,,326977,40,0,10,1,60,,326988,40,0,10,1,18,,326951,40,0,10,1,23,,326959,40,0,10,1,67,,326994,40,0,10,1,27,,326978,40,0,10,1,66,,326989,40,0,10,1,24,,326960,40,0,10,1,23,,326995,40,0,10,1,66,,326979,40,0,10,1,27,,326891,40,0,10,1,67,,326961,40,0,10,1,29,,326996,40,0,10,1
14102,'H54S100F-80-F1',512,,327002,40,0,10,1,19,,327073,40,0,10,2,70,,327066,40,0,10,1,33,,327014,40,0,10,1,76,,327074,40,0,10,2,33,,327067,40,0,10,1,62,,327030,40,0,10,1,21,,327015,40,0,10,1,23,,327035,40,0,10,1,54,,327058,40,0,10,1,14,,327075,40,0,10,2,13,,327024,40,0,10,1,14,,327068,40,0,10,1,14,,327031,40,0,10,1,55,,327036,40,0,10,1,13,,327016,40,0,10,1,12,,326999,40,0,10,2,13,,327048,40,0,10,1,53,,327059,40,0,10,1,16,,327076,40,0,10,1,13,,327054,40,0,10,1,15,,327025,40,0,10,1,54,,327032,40,0,10,1,14,,327037,40,0,10,1,13,,327017,40,0,10,1,12,,327000,40,0,10,2,11,,327049,40,0,10,1,50,,327060,40,0,10,1,10,,327005,40,0,10,1,11,,327077,40,0,10,1,10,,327055,40,0,10,1,7,,327069,40,0,10,1,7,,327045,40,0,10,1,9,,327026,40,0,10,1,51,,327033,40,0,10,1,10,,327038,40,0,10,1,9,,327063,40,0,10,1,9,,327018,40,0,10,1,9,,327001,40,0,10,2,9,,327050,40,0,10,1,49,,327061,40,0,10,1,9,,327006,40,0,10,1,8,,327011,40,0,10,2,9,,327078,40,0,10,1,8,,327056,40,0,10,1,10,,327070,40,0,10,1,9,,327046,40,0,10,1,50,,327027,40,0,10,1,10,,327034,40,0,10,1,10,,327039,40,0,10,1,10,,327064,40,0,10,1,9,,327019,40,0,10,1,10,,327051,40,0,10,1,49,,327062,40,0,10,1,11,,327007,40,0,10,1,9,,327012,40,0,10,2,7,,327003,40,0,10,1,7,,327057,40,0,10,1,9,,327071,40,0,10,1,7,,327047,40,0,10,1,50,,327028,40,0,10,1,11,,327004,40,0,10,2,11,,327040,40,0,10,1,11,,327065,40,0,10,1,16,,327020,40,0,10,1,59,,327008,40,0,10,1,18,,327013,40,0,10,2,17,,327072,40,0,10,1,58,,327029,40,0,10,1,20,,327041,40,0,10,1,27,,327021,40,0,10,1,68,,327009,40,0,10,1,25,,327052,40,0,10,1,69,,327042,40,0,10,1,29,,327022,40,0,10,1,70,,327010,40,0,10,1,30,,327053,40,0,10,1,71,,327043,40,0,10,1,30,,327023,40,0,10,1,72,,327079,40,0,10,2,32,,327044,40,0,10,1
14102,'H54S200F-80-F2',512,,327083,40,0,10,1,19,,327154,40,0,10,2,70,,327147,40,0,10,1,33,,327095,40,0,10,1,76,,327155,40,0,10,2,33,,327148,40,0,10,1,62,,327111,40,0,10,1,21,,327096,40,0,10,1,23,,327116,40,0,10,1,54,,327139,40,0,10,1,14,,327156,40,0,10,2,13,,327105,40,0,10,1,14,,327149,40,0,10,1,14,,327112,40,0,10,1,55,,327117,40,0,10,1,13,,327097,40,0,10,1,12,,327080,40,0,10,2,13,,327129,40,0,10,1,53,,327140,40,0,10,1,16,,327157,40,0,10,1,13,,327135,40,0,10,1,15,,327106,40,0,10,1,54,,327113,40,0,10,1,14,,327118,40,0,10,1,13,,327098,40,0,10,1,12,,327081,40,0,10,2,11,,327130,40,0,10,1,50,,327141,40,0,10,1,10,,327086,40,0,10,1,11,,327158,40,0,10,1,10,,327136,40,0,10,1,7,,327150,40,0,10,1,7,,327126,40,0,10,1,9,,327107,40,0,10,1,51,,327114,40,0,10,1,10,,327119,40,0,10,1,9,,327144,40,0,10,1,9,,327099,40,0,10,1,9,,327082,40,0,10,2,9,,327131,40,0,10,1,49,,327142,40,0,10,1,9,,327087,40,0,10,1,8,,327092,40,0,10,2,9,,327159,40,0,10,1,8,,327137,40,0,10,1,10,,327151,40,0,10,1,9,,327127,40,0,10,1,50,,327108,40,0,10,1,10,,327115,40,0,10,1,10,,327120,40,0,10,1,10,,327145,40,0,10,1,9,,327100,40,0,10,1,10,,327132,40,0,10,1,49,,327143,40,0,10,1,11,,327088,40,0,10,1,9,,327093,40,0,10,2,7,,327084,40,0,10,1,7,,327138,40,0,10,1,9,,327152,40,0,10,1,7,,327128,40,0,10,1,50,,327109,40,0,10,1,11,,327085,40,0,10,2,11,,327121,40,0,10,1,11,,327146,40,0,10,1,16,,327101,40,0,10,1,59,,327089,40,0,10,1,18,,327094,40,0,10,2,17,,327153,40,0,10,1,58,,327110,40,0,10,1,20,,327122,40,0,10,1,27,,327102,40,0,10,1,68,,327090,40,0,10,1,25,,327133,40,0,10,1,69,,327123,40,0,10,1,29,,327103,40,0,10,1,70,,327091,40,0,10,1,30,,327134,40,0,10,1,71,,327124,40,0,10,1,30,,327104,40,0,10,1,72,,327160,40,0,10,2,32,,327125,40,0,10,1
14102,'H57S000S-80-S',810,,327162,18,0,10,1,9,,327161,40,0,10,1,718,,327163,40,0,10,1,80,,327166,40,0,10,1,16,,327164,40,0,10,1,20,,327165,40,0,10,1
14102,'H59S000S-80-S',714,,327169,40,0,10,1,845,,327168,40,0,10,2,197,,327167,40,0,10,1
18802,'H50S000S-82-S',1713,,336252,25,0,99 48,2
18802,'H54S000S-80-S',605,,336258,29,0,99 49,1,24,,336262,29,0,99 49,2,26,,336260,29,0,99 49,2,68,,336253,29,0,99 49,1,89,,336263,29,0,99 49,2,29,,336261,29,0,99 49,2,67,,336256,29,0,99 49,1,30,,336264,29,0,99 49,2,586,,336254,25,0,99 48,2,76,,336259,25,0,99 48,1,35,,336255,25,0,99 48,2,114,,336265,25,0,99 48,1,79,,336266,25,0,99 48,2,78,,336257,25,0,99 48,1
18802,'H58S000S-83-S',748,,336267,29,0,99 49,2
37202,'H54S000A-80-A',2610,,347183,52,0,10,1,90,,347182,52,0,10,1,45,,347184,52,0,10,1,84,,347185,52,0,10,1,90,,347181,52,0,10,2
37202,'H54S000I-80-I',2613,,347189,52,0,10,1,45,,347188,52,0,10,2,87,,347187,52,0,10,1,89,,347186,52,0,10,1,90,,347190,52,0,10,1
37202,'H54S000S-80-S',2550,,347194,52,0,10,2,80,,347193,52,0,10,2,78,,347191,52,0,10,1,44,,347196,52,0,10,2,83,,347192,52,0,10,1,89,,347195,52,0,10,2
37202,'H54S100F-80-F1',2613,,347200,52,0,10,1,45,,347199,52,0,10,2,87,,347198,52,0,10,1,89,,347197,52,0,10,1,90,,347201,52,0,10,1
37202,'H54S200F-80-F2',2613,,347205,52,0,10,1,45,,347204,52,0,10,2,87,,347203,52,0,10,1,89,,347202,52,0,10,1,90,,347206,52,0,10,1
