18502,'H59S000A-80-A',530,,335056,18,0,10,1,73,,335066,18,0,10,1,33,,335071,18,0,10,2,76,,335057,18,0,10,1,32,,335067,18,0,10,1,72,,335072,18,0,10,2,32,,335058,18,0,10,1,71,,335068,18,0,10,1,30,,335073,18,0,10,2,72,,335059,18,0,10,1,32,,335069,18,0,10,1,72,,335074,18,0,10,2,75,,335060,18,0,10,1,32,,335070,18,0,10,1,68,,335078,18,0,10,1,29,,335075,18,0,10,2,29,,335082,18,0,10,1,68,,335085,18,0,10,2,27,,335079,18,0,10,1,68,,335076,18,0,10,2,29,,335083,18,0,10,1,69,,335086,18,0,10,2,30,,335080,18,0,10,1,69,,335077,18,0,10,2,28,,335084,18,0,10,1,69,,335061,18,0,10,1,28,,335081,18,0,10,1,69,,335062,18,0,10,1,28,,335048,18,0,10,1,70,,335052,18,0,10,1,31,,335063,18,0,10,1,71,,335049,18,0,10,1,31,,335053,18,0,10,1,70,,335064,18,0,10,1,30,,335050,18,0,10,1,71,,335054,18,0,10,1,30,,335065,18,0,10,1,70,,335051,18,0,10,1,28,,335055,18,0,10,1
18502,'H59S000I-81-I',530,,335087,18,0,10,2,71,,335099,18,0,10,1,29,,335111,18,0,10,2,70,,335088,18,0,10,2,30,,335100,18,0,10,1,29,,335112,18,0,10,2,71,,335089,18,0,10,2,71,,335101,18,0,10,1,31,,335113,18,0,10,2,72,,335090,18,0,10,2,34,,335102,18,0,10,1,73,,335114,18,0,10,2,32,,335091,18,0,10,2,73,,335103,18,0,10,1,32,,335115,18,0,10,2,72,,335118,18,0,10,1,30,,335092,18,0,10,2,70,,335104,18,0,10,1,31,,335116,18,0,10,2,70,,335119,18,0,10,1,30,,335093,18,0,10,2,70,,335105,18,0,10,1,29,,335117,18,0,10,2,72,,335120,18,0,10,1,33,,335094,18,0,10,2,73,,335106,18,0,10,1,31,,335121,18,0,10,1,71,,335095,18,0,10,2,29,,335107,18,0,10,1,69,,335122,18,0,10,1,30,,335096,18,0,10,2,69,,335108,18,0,10,1,27,,335123,18,0,10,1,69,,335097,18,0,10,2,29,,335109,18,0,10,1,68,,335124,18,0,10,1,26,,335098,18,0,10,2,67,,335110,18,0,10,1,30,,335125,18,0,10,1
18502,'H59S000S-80-S',529,,335128,18,0,10,1,71,,335150,18,0,10,2,25,,335162,18,0,10,1,33,,335129,18,0,10,1,53,,335130,18,0,10,2,22,,335151,18,0,10,2,19,,335154,18,0,10,1,63,,335127,18,0,10,2,13,,335132,18,0,10,1,14,,335159,18,0,10,1,61,,335169,18,0,10,1,28,,335136,18,0,10,1,71,,335155,18,0,10,1,30,,335133,18,0,10,1,69,,335170,18,0,10,1,29,,335137,18,0,10,1,29,,335156,18,0,10,1,68,,335152,18,0,10,1,28,,335171,18,0,10,1,67,,335138,18,0,10,1,28,,335157,18,0,10,1,67,,335153,18,0,10,1,28,,335172,18,0,10,1,68,,335139,18,0,10,1,30,,335158,18,0,10,1,70,,335134,18,0,10,1,31,,335160,18,0,10,2,69,,335140,18,0,10,1,30,,335145,18,0,10,1,70,,335164,18,0,10,1,28,,335161,18,0,10,2,69,,335141,18,0,10,1,31,,335146,18,0,10,1,72,,335165,18,0,10,1,31,,335142,18,0,10,1,71,,335147,18,0,10,1,30,,335166,18,0,10,1,70,,335143,18,0,10,1,29,,335148,18,0,10,1,70,,335167,18,0,10,1,29,,335144,18,0,10,1,71,,335149,18,0,10,1,32,,335168,18,0,10,1
18502,'H59S100F-80-F1',530,,335173,18,0,10,2,71,,335185,18,0,10,1,29,,335197,18,0,10,2,70,,335174,18,0,10,2,30,,335186,18,0,10,1,29,,335198,18,0,10,2,71,,335175,18,0,10,2,71,,335187,18,0,10,1,31,,335199,18,0,10,2,72,,335176,18,0,10,2,34,,335188,18,0,10,1,73,,335200,18,0,10,2,32,,335177,18,0,10,2,73,,335189,18,0,10,1,32,,335201,18,0,10,2,72,,335204,18,0,10,1,30,,335178,18,0,10,2,70,,335190,18,0,10,1,31,,335202,18,0,10,2,70,,335205,18,0,10,1,30,,335179,18,0,10,2,70,,335191,18,0,10,1,29,,335203,18,0,10,2,72,,335206,18,0,10,1,33,,335180,18,0,10,2,73,,335192,18,0,10,1,31,,335207,18,0,10,1,71,,335181,18,0,10,2,29,,335193,18,0,10,1,69,,335208,18,0,10,1,30,,335182,18,0,10,2,69,,335194,18,0,10,1,27,,335209,18,0,10,1,69,,335183,18,0,10,2,29,,335195,18,0,10,1,68,,335210,18,0,10,1,26,,335184,18,0,10,2,67,,335196,18,0,10,1,30,,335211,18,0,10,1
18502,'H59S200F-80-F2',530,,335212,18,0,10,2,71,,335224,18,0,10,1,29,,335236,18,0,10,2,70,,335213,18,0,10,2,30,,335225,18,0,10,1,29,,335237,18,0,10,2,71,,335214,18,0,10,2,71,,335226,18,0,10,1,31,,335238,18,0,10,2,72,,335215,18,0,10,2,34,,335227,18,0,10,1,73,,335239,18,0,10,2,32,,335216,18,0,10,2,73,,335228,18,0,10,1,32,,335240,18,0,10,2,72,,335243,18,0,10,1,30,,335217,18,0,10,2,70,,335229,18,0,10,1,31,,335241,18,0,10,2,70,,335244,18,0,10,1,30,,335218,18,0,10,2,70,,335230,18,0,10,1,29,,335242,18,0,10,2,72,,335245,18,0,10,1,33,,335219,18,0,10,2,73,,335231,18,0,10,1,31,,335246,18,0,10,1,71,,335220,18,0,10,2,29,,335232,18,0,10,1,69,,335247,18,0,10,1,30,,335221,18,0,10,2,69,,335233,18,0,10,1,27,,335248,18,0,10,1,69,,335222,18,0,10,2,29,,335234,18,0,10,1,68,,335249,18,0,10,1,26,,335223,18,0,10,2,67,,335235,18,0,10,1,30,,335250,18,0,10,1
36402,'H54S000A-80-A',2506,,346815,32,0,10,1,46,,346817,32,0,10,2,86,,346814,32,0,10,1,85,,346813,32,0,10,1,85,,346816,32,0,10,1,39,,346818,32,0,10,2
36402,'H54S000I-80-I',2507,,346822,32,0,10,1,44,,346820,32,0,10,1,85,,346823,32,0,10,2,85,,346821,32,0,10,1,84,,346819,32,0,10,1
36402,'H54S000S-80-S',2507,,346827,32,0,10,2,47,,346828,32,0,10,1,84,,346826,32,0,10,2,86,,346824,32,0,10,1,82,,346825,32,0,10,1
36402,'H54S100F-80-F1',2507,,346832,32,0,10,1,44,,346830,32,0,10,1,85,,346833,32,0,10,2,85,,346831,32,0,10,1,84,,346829,32,0,10,1
36402,'H54S200F-80-F2',2507,,346837,32,0,10,1,44,,346835,32,0,10,1,85,,346838,32,0,10,2,85,,346836,32,0,10,1,84,,346834,32,0,10,1
37002,'H51S000A-80-A',2550,,347054,4,0,10,1,82,,347053,4,0,10,2,85,,347051,4,0,10,1,85,,347052,4,0,10,2,45,,347055,4,0,10,1
37002,'H51S000I-80-I',2502,,347060,4,0,10,1,45,,347056,4,0,10,1,85,,347058,4,0,10,2,85,,347061,4,0,10,1,85,,347057,4,0,10,1,45,,347059,4,0,10,2
37002,'H51S000S-81-S',2502,,347064,4,0,10,1,45,,347062,4,0,10,1,85,,347066,4,0,10,2,85,,347065,4,0,10,1,85,,347063,4,0,10,1,45,,347067,4,0,10,2
37002,'H51S100F-80-F1',2502,,347072,4,0,10,1,45,,347068,4,0,10,1,85,,347070,4,0,10,2,85,,347073,4,0,10,1,85,,347069,4,0,10,1,45,,347071,4,0,10,2
37002,'H51S200F-80-F2',2502,,347078,4,0,10,1,45,,347074,4,0,10,1,85,,347076,4,0,10,2,85,,347079,4,0,10,1,85,,347075,4,0,10,1,45,,347077,4,0,10,2
42804,'H54S000S-80-S',1541,,347883,30,0,9,2,69,,347888,30,0,9,2,30,,347889,30,0,9,1,69,,347887,30,0,9,1,30,,347890,30,0,9,2,67,,347884,30,0,9,2,32,,347886,30,0,9,1,68,,347885,30,0,9,2
42804,'H58S000S-83-S',1932,,347891,30,0,9,1
43204,'H54S000S-80-S',1559,,347976,13,0,99 109,1,67,,347965,13,0,99 109,2,29,,347960,13,0,99 109,1,69,,347971,13,0,99 109,2,29,,347977,13,0,99 109,1,70,,347951,13,0,99 109,1,32,,347972,13,0,99 109,2,64,,347978,13,0,99 109,1
44404,'H54S000S-80-S',1003,,349087,2,4,,1,46,,349088,2,4,,1,86,,349089,2,4,,1,86,,349090,2,4,,1,2,,349091,2,4,,1,85,,349092,2,4,,1,45,,349093,2,4,,1,86,,349094,2,4,,1,20,,349100,2,4,,1,63,,349095,2,4,,1,18,,349106,2,4,,2,16,,349101,2,4,,1,56,,349096,2,4,,1,16,,349107,2,4,,2,15,,349102,2,4,,1,16,,349097,2,4,,1,64,,349108,2,4,,2,7,,349103,2,4,,1,12,,349098,2,4,,1,62,,349109,2,4,,1,19,,349099,2,4,,1,6,,349104,2,4,,1,25,,349110,2,4,,1,73,,349105,2,4,,1,85,,349111,2,4,,1,90,,349112,2,4,,1,50,,349113,2,4,,1
44904,'H51S000S-81-S',737,,349222,40,0,9,2
44904,'H54S000S-80-S',608,,349233,40,0,9,2,10,,349238,40,0,9,2,10,,349234,40,0,9,2,8,,349232,40,0,9,2,10,,349231,40,0,9,2,10,,349245,40,0,9,1,52,,349270,40,0,9,2,13,,349235,40,0,9,2,25,,349240,40,0,9,2,7,,349254,40,0,9,2,47,,349256,40,0,9,2,8,,349239,40,0,9,2,8,,349224,40,0,9,2,9,,349261,40,0,9,2,8,,349226,40,0,9,2,10,,349246,40,0,9,1,11,,349241,40,0,9,1,61,,349269,40,0,9,1,22,,349255,40,0,9,2,22,,349225,40,0,9,2,63,,349247,40,0,9,1,22,,349242,40,0,9,1,62,,349227,40,0,9,2,25,,349262,40,0,9,2,70,,349248,40,0,9,1,28,,349257,40,0,9,2,29,,349243,40,0,9,1,68,,349263,40,0,9,2,26,,349249,40,0,9,1,66,,349258,40,0,9,2,27,,349244,40,0,9,1,69,,349264,40,0,9,2,29,,349250,40,0,9,1,66,,349259,40,0,9,2,23,,349266,40,0,9,2,23,,349267,40,0,9,1,66,,349265,40,0,9,2,28,,349251,40,0,9,1,66,,349260,40,0,9,2,26,,349268,40,0,9,1,69,,349228,40,0,9,2,30,,349252,40,0,9,1,69,,349236,40,0,9,2,29,,349223,40,0,9,2,70,,349229,40,0,9,2,30,,349253,40,0,9,1,71,,349237,40,0,9,2,30,,349230,40,0,9,2
44904,'H57S000S-80-S',730,,349271,40,0,9,1
81102,'H59S000S-80-S',530,,355121,2,0,10,1,70,,355125,2,0,10,1,20,,355122,2,0,10,1,19,,355129,2,0,10,1,18,,355126,2,0,10,1,62,,355123,2,0,10,1,21,,355130,2,0,10,1,19,,355127,2,0,10,1,62,,355124,2,0,10,1,20,,355131,2,0,10,1,59,,355134,2,0,10,1,20,,355128,2,0,10,1,20,,355132,2,0,10,1,70,,355135,2,0,10,1,30,,355133,2,0,10,1,70,,355136,2,0,10,1,30,,355140,2,0,10,1,69,,355137,2,0,10,1,31,,355141,2,0,10,1,70,,355138,2,0,10,1,30,,355142,2,0,10,1,70,,355139,2,0,10,1,31,,355143,2,0,10,1,68,,355146,2,0,10,1,21,,355151,2,0,10,1,24,,355144,2,0,10,1,62,,355147,2,0,10,1,18,,355152,2,0,10,1,18,,355154,2,0,10,1,58,,355145,2,0,10,1,17,,355148,2,0,10,1,15,,355153,2,0,10,1,60,,355155,2,0,10,1,25,,355149,2,0,10,1,30,,355156,2,0,10,1,70,,355150,2,0,10,1,30,,355157,2,0,10,1
