8003,'H50S000A-82-A',529,,309718,17,0,8,2,71,,309679,17,0,8,2,30,,309670,17,0,8,1,70,,309719,17,0,8,2,30,,309680,17,0,8,2,70,,309671,17,0,8,1,30,,309720,17,0,8,2,70,,309681,17,0,8,2,33,,309672,17,0,8,1,70,,309721,17,0,8,2,30,,309682,17,0,8,2,70,,309729,17,0,8,1,27,,309686,17,0,8,1,23,,309667,17,0,8,2,60,,309683,17,0,8,2,20,,309673,17,0,8,1,19,,309693,17,0,8,2,60,,309687,17,0,8,1,20,,309700,17,0,8,2,20,,309684,17,0,8,2,56,,309708,17,0,8,1,16,,309674,17,0,8,1,18,,309694,17,0,8,2,13,,309688,17,0,8,1,52,,309668,17,0,8,1,12,,309701,17,0,8,2,10,,309685,17,0,8,2,10,,309706,17,0,8,2,11,,309709,17,0,8,1,51,,309675,17,0,8,1,11,,309712,17,0,8,2,11,,309695,17,0,8,2,12,,309689,17,0,8,1,12,,309691,17,0,8,2,10,,309669,17,0,8,1,50,,309702,17,0,8,2,10,,309707,17,0,8,2,9,,309710,17,0,8,1,11,,309676,17,0,8,1,11,,309713,17,0,8,2,52,,309696,17,0,8,2,11,,309690,17,0,8,1,11,,309726,17,0,8,2,11,,309692,17,0,8,2,11,,309703,17,0,8,2,11,,309728,17,0,8,2,51,,309711,17,0,8,1,11,,309677,17,0,8,1,18,,309697,17,0,8,2,20,,309727,17,0,8,2,62,,309704,17,0,8,2,20,,309722,17,0,8,1,19,,309678,17,0,8,1,58,,309698,17,0,8,2,20,,309714,17,0,8,1,20,,309705,17,0,8,2,60,,309723,17,0,8,1,26,,309699,17,0,8,2,69,,309715,17,0,8,1,30,,309724,17,0,8,1,70,,309730,17,0,8,1,28,,309716,17,0,8,1,70,,309725,17,0,8,1,29,,309731,17,0,8,1,69,,309717,17,0,8,1
8003,'H50S000I-82-I',528,,309732,17,0,8,2,30,,309764,17,0,8,2,72,,309791,17,0,8,1,70,,309733,17,0,8,2,29,,309765,17,0,8,2,29,,309777,17,0,8,1,71,,309734,17,0,8,2,29,,309766,17,0,8,2,71,,309778,17,0,8,1,29,,309735,17,0,8,2,66,,309793,17,0,8,1,15,,309767,17,0,8,2,19,,309779,17,0,8,1,68,,309792,17,0,8,1,22,,309736,17,0,8,2,61,,309768,17,0,8,2,23,,309780,17,0,8,1,21,,309741,17,0,8,1,61,,309745,17,0,8,1,18,,309737,17,0,8,2,16,,309769,17,0,8,2,55,,309748,17,0,8,1,14,,309781,17,0,8,1,14,,309742,17,0,8,1,13,,309751,17,0,8,1,13,,309746,17,0,8,1,52,,309738,17,0,8,2,12,,309754,17,0,8,2,12,,309770,17,0,8,2,12,,309749,17,0,8,1,13,,309782,17,0,8,1,53,,309743,17,0,8,1,14,,309752,17,0,8,1,13,,309747,17,0,8,1,9,,309762,17,0,8,1,10,,309739,17,0,8,2,50,,309790,17,0,8,2,11,,309755,17,0,8,2,11,,309750,17,0,8,1,10,,309783,17,0,8,1,11,,309744,17,0,8,1,51,,309771,17,0,8,1,10,,309753,17,0,8,1,10,,309763,17,0,8,1,9,,309785,17,0,8,2,11,,309740,17,0,8,2,15,,309756,17,0,8,2,56,,309784,17,0,8,1,20,,309772,17,0,8,1,68,,309786,17,0,8,2,29,,309757,17,0,8,2,29,,309773,17,0,8,1,69,,309787,17,0,8,2,28,,309758,17,0,8,2,68,,309774,17,0,8,1,28,,309788,17,0,8,2,67,,309759,17,0,8,2,28,,309775,17,0,8,1,68,,309789,17,0,8,2,27,,309760,17,0,8,2,68,,309776,17,0,8,1,26,,309761,17,0,8,2
8003,'H50S000S-82-S',528,,309801,17,0,8,1,25,,309856,17,0,8,1,65,,309804,17,0,8,2,24,,309802,17,0,8,1,66,,309857,17,0,8,1,21,,309815,17,0,8,1,24,,309805,17,0,8,2,63,,309803,17,0,8,1,21,,309859,17,0,8,2,63,,309820,17,0,8,2,22,,309821,17,0,8,1,23,,309806,17,0,8,2,63,,309841,17,0,8,2,22,,309816,17,0,8,1,21,,309811,17,0,8,1,62,,309822,17,0,8,1,25,,309860,17,0,8,2,62,,309842,17,0,8,2,22,,309848,17,0,8,2,22,,309812,17,0,8,1,56,,309807,17,0,8,2,17,,309823,17,0,8,1,16,,309817,17,0,8,1,17,,309843,17,0,8,2,57,,309849,17,0,8,2,17,,309813,17,0,8,1,18,,309808,17,0,8,2,17,,309824,17,0,8,1,52,,309829,17,0,8,1,12,,309818,17,0,8,1,12,,309844,17,0,8,2,9,,309833,6,0,8,2,3,,309861,17,0,8,2,11,,309850,17,0,8,2,48,,309831,17,0,8,2,7,,309814,17,0,8,1,11,,309853,17,0,8,1,9,,309809,17,0,8,2,19,,309825,17,0,8,1,7,,309830,17,0,8,1,60,,309819,17,0,8,1,10,,309845,17,0,8,2,6,,309834,17,0,8,2,10,,309851,17,0,8,2,8,,309832,17,0,8,2,47,,309835,17,0,8,1,10,,309858,17,0,8,2,10,,309854,17,0,8,1,11,,309810,17,0,8,2,12,,309826,17,0,8,1,69,,309846,17,0,8,2,19,,309852,17,0,8,2,11,,309836,17,0,8,1,58,,309855,17,0,8,1,16,,309827,17,0,8,1,19,,309797,17,0,8,2,20,,309847,17,0,8,2,60,,309837,17,0,8,1,20,,309794,17,0,8,1,20,,309828,17,0,8,1,62,,309798,17,0,8,2,25,,309838,17,0,8,1,69,,309795,17,0,8,1,29,,309799,17,0,8,2,69,,309839,17,0,8,1,28,,309796,17,0,8,1,66,,309800,17,0,8,2,28,,309840,17,0,8,1
8003,'H50S100F-80-F1',528,,309862,17,0,8,2,30,,309894,17,0,8,2,72,,309921,17,0,8,1,70,,309863,17,0,8,2,29,,309895,17,0,8,2,29,,309907,17,0,8,1,71,,309864,17,0,8,2,29,,309896,17,0,8,2,71,,309908,17,0,8,1,29,,309865,17,0,8,2,66,,309923,17,0,8,1,15,,309897,17,0,8,2,19,,309909,17,0,8,1,68,,309922,17,0,8,1,22,,309866,17,0,8,2,61,,309898,17,0,8,2,23,,309910,17,0,8,1,21,,309871,17,0,8,1,61,,309875,17,0,8,1,18,,309867,17,0,8,2,16,,309899,17,0,8,2,55,,309878,17,0,8,1,14,,309911,17,0,8,1,14,,309872,17,0,8,1,13,,309881,17,0,8,1,13,,309876,17,0,8,1,52,,309868,17,0,8,2,12,,309884,17,0,8,2,12,,309900,17,0,8,2,12,,309879,17,0,8,1,13,,309912,17,0,8,1,53,,309873,17,0,8,1,14,,309882,17,0,8,1,13,,309877,17,0,8,1,9,,309892,17,0,8,1,10,,309869,17,0,8,2,50,,309920,17,0,8,2,11,,309885,17,0,8,2,11,,309880,17,0,8,1,10,,309913,17,0,8,1,11,,309874,17,0,8,1,51,,309901,17,0,8,1,10,,309883,17,0,8,1,10,,309893,17,0,8,1,9,,309915,17,0,8,2,11,,309870,17,0,8,2,15,,309886,17,0,8,2,56,,309914,17,0,8,1,20,,309902,17,0,8,1,68,,309916,17,0,8,2,29,,309887,17,0,8,2,29,,309903,17,0,8,1,69,,309917,17,0,8,2,28,,309888,17,0,8,2,68,,309904,17,0,8,1,28,,309918,17,0,8,2,67,,309889,17,0,8,2,28,,309905,17,0,8,1,68,,309919,17,0,8,2,27,,309890,17,0,8,2,68,,309906,17,0,8,1,26,,309891,17,0,8,2
8003,'H50S200F-80-F2',528,,309924,17,0,8,2,30,,309956,17,0,8,2,72,,309983,17,0,8,1,70,,309925,17,0,8,2,29,,309957,17,0,8,2,29,,309969,17,0,8,1,71,,309926,17,0,8,2,29,,309958,17,0,8,2,71,,309970,17,0,8,1,29,,309927,17,0,8,2,66,,309985,17,0,8,1,15,,309959,17,0,8,2,19,,309971,17,0,8,1,68,,309984,17,0,8,1,22,,309928,17,0,8,2,61,,309960,17,0,8,2,23,,309972,17,0,8,1,21,,309933,17,0,8,1,61,,309937,17,0,8,1,18,,309929,17,0,8,2,16,,309961,17,0,8,2,55,,309940,17,0,8,1,14,,309973,17,0,8,1,14,,309934,17,0,8,1,13,,309943,17,0,8,1,13,,309938,17,0,8,1,52,,309930,17,0,8,2,12,,309946,17,0,8,2,12,,309962,17,0,8,2,12,,309941,17,0,8,1,13,,309974,17,0,8,1,53,,309935,17,0,8,1,14,,309944,17,0,8,1,13,,309939,17,0,8,1,9,,309954,17,0,8,1,10,,309931,17,0,8,2,50,,309982,17,0,8,2,11,,309947,17,0,8,2,11,,309942,17,0,8,1,10,,309975,17,0,8,1,11,,309936,17,0,8,1,51,,309963,17,0,8,1,10,,309945,17,0,8,1,10,,309955,17,0,8,1,9,,309977,17,0,8,2,11,,309932,17,0,8,2,15,,309948,17,0,8,2,56,,309976,17,0,8,1,20,,309964,17,0,8,1,68,,309978,17,0,8,2,29,,309949,17,0,8,2,29,,309965,17,0,8,1,69,,309979,17,0,8,2,28,,309950,17,0,8,2,68,,309966,17,0,8,1,28,,309980,17,0,8,2,67,,309951,17,0,8,2,28,,309967,17,0,8,1,68,,309981,17,0,8,2,27,,309952,17,0,8,2,68,,309968,17,0,8,1,26,,309953,17,0,8,2
8003,'H51S000S-81-S',1711,,309986,17,0,8,1,143,,309987,17,0,8,1
8003,'H58S000S-83-S',1645,,309988,17,0,8,2
36503,'H58S000A-80-A',2632,,346842,19,0,8,1,72,,346840,19,0,8,1,33,,346841,19,0,8,1,72,,346844,19,0,8,1,36,,346839,19,0,8,1,77,,346843,19,0,8,1
36503,'H58S000I-80-I',2600,,346849,19,0,8,1,40,,346845,19,0,8,1,80,,346847,19,0,8,1,80,,346850,19,0,8,1,40,,346846,19,0,8,1,80,,346848,19,0,8,1
36503,'H58S000S-83-S',2601,,346852,19,0,8,1,39,,346854,19,0,8,1,80,,346856,19,0,8,1,80,,346851,19,0,8,1,40,,346853,19,0,8,1,80,,346855,19,0,8,1
36503,'H58S100F-80-F1',2600,,346861,19,0,8,1,40,,346859,19,0,8,1,80,,346857,19,0,8,1,80,,346862,19,0,8,1,40,,346860,19,0,8,1,80,,346858,19,0,8,1
36503,'H58S200F-80-F2',2600,,346867,19,0,8,1,40,,346863,19,0,8,1,80,,346865,19,0,8,1,80,,346868,19,0,8,1,40,,346864,19,0,8,1,80,,346866,19,0,8,1
48003,'H50S000S-82-S',1530,,350379,26,0,8,2,23,,350380,26,0,8,1,67,,350381,26,0,8,2,20,,350382,26,0,8,2,66,,350374,26,0,8,1,35,,350383,26,0,8,2,65,,350376,26,0,8,1,20,,350375,26,0,8,2,12,,350373,26,0,8,1,65,,350378,26,0,8,2,20,,350372,26,0,8,1,32,,350377,26,0,8,1
48003,'H57S000S-80-S',1725,,350384,26,0,8,1
