1703,'H56S000S-82-S',526,,289684,17,0,8,1,25,,289685,17,0,8,1
1703,'H60S000A-80-A',506,,289686,17,0,8,1,45,,289698,17,0,8,1,75,,289687,17,0,8,1,84,,289699,17,0,8,1,37,,289688,17,0,8,1,85,,289700,17,0,8,1,85,,289689,17,0,8,1,85,,289701,17,0,8,1,39,,289707,17,0,8,1,85,,289690,17,0,8,1,83,,289702,17,0,8,1,43,,289708,17,0,8,1,81,,289691,17,0,8,1,82,,289703,17,0,8,1,41,,289709,17,0,8,1,81,,289692,17,0,8,1,80,,289704,17,0,8,1,40,,289710,17,0,8,1,79,,289693,17,0,8,1,78,,289705,17,0,8,1,38,,289711,17,0,8,1,78,,289694,17,0,8,1,76,,289706,17,0,8,1,33,,289712,17,0,8,1,85,,289695,17,0,8,1,81,,289713,17,0,8,1,44,,289696,17,0,8,1,81,,289714,17,0,8,1,82,,289697,17,0,8,1,41,,289715,17,0,8,1
1703,'H60S000I-81-I',512,,289745,17,0,8,1,30,,289724,17,0,8,1,74,,289716,17,0,8,1,84,,289725,17,0,8,1,35,,289717,17,0,8,1,84,,289726,17,0,8,1,38,,289718,17,0,8,1,85,,289727,17,0,8,1,83,,289719,17,0,8,1,85,,289728,17,0,8,1,43,,289720,17,0,8,1,76,,289737,17,0,8,1,80,,289729,17,0,8,1,40,,289721,17,0,8,1,80,,289738,17,0,8,1,80,,289730,17,0,8,1,40,,289722,17,0,8,1,81,,289739,17,0,8,1,82,,289731,17,0,8,1,42,,289723,17,0,8,1,80,,289740,17,0,8,1,84,,289732,17,0,8,1,83,,289741,17,0,8,1,44,,289733,17,0,8,1,82,,289742,17,0,8,1,83,,289734,17,0,8,1,42,,289743,17,0,8,1,82,,289735,17,0,8,1,82,,289744,17,0,8,1,42,,289736,17,0,8,1
1703,'H60S000S-83-S',505,,289750,17,0,8,1,31,,289746,17,0,8,1,72,,289760,17,0,8,1,34,,289751,17,0,8,1,77,,289747,17,0,8,1,35,,289761,17,0,8,1,73,,289771,17,0,8,1,73,,289752,17,0,8,1,33,,289748,17,0,8,1,70,,289762,17,0,8,1,35,,289772,17,0,8,1,75,,289753,17,0,8,1,35,,289763,17,0,8,1,78,,289773,17,0,8,1,77,,289754,17,0,8,1,37,,289764,17,0,8,1,74,,289777,17,0,8,1,32,,289774,17,0,8,1,67,,289755,17,0,8,1,32,,289765,17,0,8,1,73,,289778,17,0,8,1,33,,289775,17,0,8,1,69,,289756,17,0,8,1,31,,289766,17,0,8,1,72,,289779,17,0,8,1,30,,289776,17,0,8,1,66,,289757,17,0,8,1,30,,289767,17,0,8,1,71,,289780,17,0,8,1,30,,289758,17,0,8,1,71,,289768,17,0,8,1,30,,289781,17,0,8,1,70,,289759,17,0,8,1,32,,289769,17,0,8,1,78,,289782,17,0,8,1,84,,289770,17,0,8,1,36,,289783,17,0,8,1
1703,'H60S100F-80-F1',512,,289813,17,0,8,1,30,,289792,17,0,8,1,74,,289784,17,0,8,1,84,,289793,17,0,8,1,35,,289785,17,0,8,1,84,,289794,17,0,8,1,38,,289786,17,0,8,1,85,,289795,17,0,8,1,83,,289787,17,0,8,1,85,,289796,17,0,8,1,43,,289788,17,0,8,1,76,,289805,17,0,8,1,80,,289797,17,0,8,1,40,,289789,17,0,8,1,80,,289806,17,0,8,1,80,,289798,17,0,8,1,40,,289790,17,0,8,1,81,,289807,17,0,8,1,82,,289799,17,0,8,1,42,,289791,17,0,8,1,80,,289808,17,0,8,1,84,,289800,17,0,8,1,83,,289809,17,0,8,1,44,,289801,17,0,8,1,82,,289810,17,0,8,1,83,,289802,17,0,8,1,42,,289811,17,0,8,1,82,,289803,17,0,8,1,82,,289812,17,0,8,1,42,,289804,17,0,8,1
1703,'H60S200F-80-F2',512,,289843,17,0,8,1,30,,289822,17,0,8,1,74,,289814,17,0,8,1,84,,289823,17,0,8,1,35,,289815,17,0,8,1,84,,289824,17,0,8,1,38,,289816,17,0,8,1,85,,289825,17,0,8,1,83,,289817,17,0,8,1,85,,289826,17,0,8,1,43,,289818,17,0,8,1,76,,289835,17,0,8,1,80,,289827,17,0,8,1,40,,289819,17,0,8,1,80,,289836,17,0,8,1,80,,289828,17,0,8,1,40,,289820,17,0,8,1,81,,289837,17,0,8,1,82,,289829,17,0,8,1,42,,289821,17,0,8,1,80,,289838,17,0,8,1,84,,289830,17,0,8,1,83,,289839,17,0,8,1,44,,289831,17,0,8,1,82,,289840,17,0,8,1,83,,289832,17,0,8,1,42,,289841,17,0,8,1,82,,289833,17,0,8,1,82,,289842,17,0,8,1,42,,289834,17,0,8,1
37103,'H50S000A-82-A',2550,,347082,23,0,8,2,71,,347084,23,0,8,1,27,,347080,23,0,8,2,71,,347086,23,0,8,1,30,,347083,23,0,8,2,70,,347085,23,0,8,1,29,,347081,23,0,8,2
37103,'H50S000I-82-I',2549,,347090,23,0,8,2,69,,347087,23,0,8,2,31,,347089,23,0,8,2,70,,347092,23,0,8,1,30,,347091,23,0,8,2,70,,347088,23,0,8,2,31,,347093,23,0,8,1
37103,'H50S000S-82-S',2548,,347096,23,0,8,2,70,,347094,23,0,8,1,30,,347098,23,0,8,2,68,,347100,23,0,8,1,31,,347097,23,0,8,2,72,,347095,23,0,8,1,30,,347099,23,0,8,2
37103,'H50S100F-80-F1',2549,,347104,23,0,8,2,69,,347101,23,0,8,2,31,,347103,23,0,8,2,70,,347106,23,0,8,1,30,,347105,23,0,8,2,70,,347102,23,0,8,2,31,,347107,23,0,8,1
37103,'H50S200F-80-F2',2549,,347111,23,0,8,2,69,,347108,23,0,8,2,31,,347110,23,0,8,2,70,,347113,23,0,8,1,30,,347112,23,0,8,2,70,,347109,23,0,8,2,31,,347114,23,0,8,1
