3104,'H51S000A-80-A',504,,294052,19,0,9,2,36,,294056,19,0,9,1,76,,294053,19,0,9,2,36,,294057,19,0,9,1,76,,294054,19,0,9,2,78,,294058,19,0,9,1,36,,294055,19,0,9,2,74,,294077,19,0,9,2,33,,294059,19,0,9,1,73,,294068,19,0,9,1,33,,294078,19,0,9,2,73,,294060,19,0,9,1,73,,294069,19,0,9,1,33,,294079,19,0,9,2,73,,294061,19,0,9,1,33,,294070,19,0,9,1,73,,294080,19,0,9,2,32,,294062,19,0,9,1,73,,294071,19,0,9,1,33,,294081,19,0,9,2,73,,294063,19,0,9,1,33,,294072,19,0,9,1,73,,294082,19,0,9,2,73,,294064,19,0,9,1,33,,294073,19,0,9,1,72,,294083,19,0,9,2,34,,294065,19,0,9,1,74,,294074,19,0,9,1,34,,294084,19,0,9,2,74,,294066,19,0,9,1,34,,294075,19,0,9,1,74,,294085,19,0,9,2,74,,294067,19,0,9,1,34,,294076,19,0,9,1,74,,294086,19,0,9,2
3104,'H51S000I-80-I',501,,294087,19,0,9,1,38,,294099,19,0,9,1,78,,294088,19,0,9,1,38,,294100,19,0,9,1,77,,294109,19,0,9,1,78,,294101,19,0,9,1,40,,294110,19,0,9,1,77,,294102,19,0,9,1,78,,294111,19,0,9,1,39,,294103,19,0,9,1,79,,294112,19,0,9,1,79,,294104,19,0,9,1,33,,294089,19,0,9,1,70,,294094,19,0,9,1,30,,294118,19,0,9,2,70,,294113,19,0,9,1,30,,294105,19,0,9,1,70,,294090,19,0,9,1,30,,294095,19,0,9,1,70,,294119,19,0,9,2,30,,294114,19,0,9,1,70,,294106,19,0,9,1,30,,294091,19,0,9,1,70,,294096,19,0,9,1,30,,294120,19,0,9,2,70,,294115,19,0,9,1,30,,294107,19,0,9,1,70,,294092,19,0,9,1,30,,294097,19,0,9,1,70,,294121,19,0,9,2,30,,294116,19,0,9,1,72,,294108,19,0,9,1,32,,294093,19,0,9,1,72,,294098,19,0,9,1,32,,294122,19,0,9,2,72,,294117,19,0,9,1
3104,'H51S000S-81-S',553,,294123,19,0,9,1,70,,294136,19,0,9,1,28,,294142,19,0,9,2,77,,294124,19,0,9,1,73,,294137,19,0,9,1,34,,294143,19,0,9,2,70,,294125,19,0,9,1,30,,294138,19,0,9,1,72,,294144,19,0,9,2,30,,294126,19,0,9,1,70,,294139,19,0,9,1,30,,294145,19,0,9,2,70,,294127,19,0,9,1,30,,294140,19,0,9,1,70,,294146,19,0,9,2,30,,294128,19,0,9,1,72,,294141,19,0,9,1,32,,294147,19,0,9,2,71,,294129,19,0,9,1,27,,294150,19,0,9,1,67,,294156,19,0,9,2,29,,294148,19,0,9,2,66,,294130,19,0,9,1,27,,294151,19,0,9,1,27,,294157,19,0,9,2,66,,294149,19,0,9,2,24,,294131,19,0,9,1,70,,294152,19,0,9,1,30,,294158,19,0,9,2,70,,294132,19,0,9,1,30,,294153,19,0,9,1,70,,294159,19,0,9,2,30,,294133,19,0,9,1,70,,294154,19,0,9,1,28,,294160,19,0,9,2,70,,294134,19,0,9,1,30,,294155,19,0,9,1,70,,294161,19,0,9,2,30,,294135,19,0,9,1
3104,'H51S100F-80-F1',501,,294162,19,0,9,1,38,,294174,19,0,9,1,78,,294163,19,0,9,1,38,,294175,19,0,9,1,77,,294184,19,0,9,1,78,,294176,19,0,9,1,40,,294185,19,0,9,1,77,,294177,19,0,9,1,78,,294186,19,0,9,1,39,,294178,19,0,9,1,79,,294187,19,0,9,1,79,,294179,19,0,9,1,33,,294164,19,0,9,1,70,,294169,19,0,9,1,30,,294193,19,0,9,2,70,,294188,19,0,9,1,30,,294180,19,0,9,1,70,,294165,19,0,9,1,30,,294170,19,0,9,1,70,,294194,19,0,9,2,30,,294189,19,0,9,1,70,,294181,19,0,9,1,30,,294166,19,0,9,1,70,,294171,19,0,9,1,30,,294195,19,0,9,2,70,,294190,19,0,9,1,30,,294182,19,0,9,1,70,,294167,19,0,9,1,30,,294172,19,0,9,1,70,,294196,19,0,9,2,30,,294191,19,0,9,1,72,,294183,19,0,9,1,32,,294168,19,0,9,1,72,,294173,19,0,9,1,32,,294197,19,0,9,2,72,,294192,19,0,9,1
3104,'H51S200F-80-F2',501,,294198,19,0,9,1,38,,294210,19,0,9,1,78,,294199,19,0,9,1,38,,294211,19,0,9,1,77,,294220,19,0,9,1,78,,294212,19,0,9,1,40,,294221,19,0,9,1,77,,294213,19,0,9,1,78,,294222,19,0,9,1,39,,294214,19,0,9,1,79,,294223,19,0,9,1,79,,294215,19,0,9,1,33,,294200,19,0,9,1,70,,294205,19,0,9,1,30,,294229,19,0,9,2,70,,294224,19,0,9,1,30,,294216,19,0,9,1,70,,294201,19,0,9,1,30,,294206,19,0,9,1,70,,294230,19,0,9,2,30,,294225,19,0,9,1,70,,294217,19,0,9,1,30,,294202,19,0,9,1,70,,294207,19,0,9,1,30,,294231,19,0,9,2,70,,294226,19,0,9,1,30,,294218,19,0,9,1,70,,294203,19,0,9,1,30,,294208,19,0,9,1,70,,294232,19,0,9,2,30,,294227,19,0,9,1,72,,294219,19,0,9,1,32,,294204,19,0,9,1,72,,294209,19,0,9,1,32,,294233,19,0,9,2,72,,294228,19,0,9,1
36104,'H51S000A-80-A',2426,,346620,17,0,9,1,85,,346623,17,0,9,1,46,,346624,17,0,9,2,70,,346621,17,0,9,1,29,,346618,17,0,9,2,70,,346619,17,0,9,1,30,,346625,17,0,9,2,68,,346622,17,0,9,1
36104,'H51S000I-80-I',2440,,346626,17,0,9,1,71,,346629,17,0,9,2,30,,346630,17,0,9,1,82,,346627,17,0,9,1,85,,346631,17,0,9,1,45,,346628,17,0,9,1,85,,346632,17,0,9,1
36104,'H51S000S-81-S',2433,,346638,17,0,9,1,78,,346640,17,0,9,1,35,,346636,17,0,9,1,60,,346633,17,0,9,1,20,,346639,17,0,9,1,21,,346634,17,0,9,1,72,,346641,17,0,9,1,33,,346637,17,0,9,1,85,,346635,17,0,9,1
36104,'H51S100F-80-F1',2440,,346642,17,0,9,1,71,,346645,17,0,9,2,30,,346646,17,0,9,1,82,,346643,17,0,9,1,85,,346647,17,0,9,1,45,,346644,17,0,9,1,85,,346648,17,0,9,1
36104,'H51S200F-80-F2',2440,,346649,17,0,9,1,71,,346652,17,0,9,2,30,,346653,17,0,9,1,82,,346650,17,0,9,1,85,,346654,17,0,9,1,45,,346651,17,0,9,1,85,,346655,17,0,9,1
