11201,'H56S000A-80-A',522,,319199,29,0,5,1,31,,319206,29,0,5,1,71,,319211,29,0,5,1,28,,319217,29,0,5,1,69,,319207,29,0,5,1,29,,319212,29,0,5,1,69,,319218,29,0,5,1,30,,319232,29,0,5,1,70,,319208,29,0,5,1,29,,319235,29,0,5,2,69,,319233,29,0,5,1,30,,319209,29,0,5,1,69,,319236,29,0,5,2,30,,319219,29,0,5,1,69,,319213,29,0,5,1,26,,319237,29,0,5,2,66,,319220,29,0,5,1,26,,319214,29,0,5,1,23,,319239,29,0,5,2,65,,319238,29,0,5,2,25,,319221,29,0,5,1,66,,319215,29,0,5,1,26,,319241,29,0,5,2,65,,319222,29,0,5,1,26,,319216,29,0,5,1,73,,319242,29,0,5,2,34,,319223,29,0,5,1,73,,319224,29,0,5,1,33,,319201,29,0,5,1,72,,319229,29,0,5,1,29,,319225,29,0,5,1,66,,319202,29,0,5,1,27,,319230,29,0,5,1,68,,319226,29,0,5,1,30,,319203,29,0,5,1,70,,319231,29,0,5,1,28,,319227,29,0,5,1,27,,319204,29,0,5,1,66,,319210,29,0,5,1,28,,319205,29,0,5,1,70,,319228,29,0,5,1,30,,319240,29,0,5,1,69,,319234,29,0,5,1,29,,319200,29,0,5,1
11201,'H56S000I-80-I',522,,319244,29,0,5,1,31,,319284,29,0,5,1,72,,319255,29,0,5,1,29,,319276,29,0,5,2,67,,319285,29,0,5,1,29,,319256,29,0,5,1,69,,319277,29,0,5,2,30,,319258,29,0,5,1,71,,319270,29,0,5,1,29,,319278,29,0,5,2,69,,319259,29,0,5,1,29,,319271,29,0,5,1,69,,319279,29,0,5,2,29,,319260,29,0,5,1,70,,319272,29,0,5,1,30,,319280,29,0,5,2,69,,319261,29,0,5,1,29,,319273,29,0,5,1,69,,319281,29,0,5,2,29,,319262,29,0,5,1,69,,319274,29,0,5,1,29,,319282,29,0,5,2,65,,319263,29,0,5,1,23,,319275,29,0,5,1,73,,319283,29,0,5,2,32,,319264,29,0,5,1,72,,319251,29,0,5,2,32,,319246,29,0,5,2,73,,319265,29,0,5,1,29,,319252,29,0,5,2,69,,319247,29,0,5,2,29,,319266,29,0,5,1,68,,319253,29,0,5,2,29,,319248,29,0,5,2,69,,319267,29,0,5,1,28,,319254,29,0,5,2,28,,319249,29,0,5,2,67,,319268,29,0,5,1,26,,319257,29,0,5,1,69,,319269,29,0,5,1,30,,319250,29,0,5,2,70,,319243,29,0,5,2,28,,319245,29,0,5,1
11201,'H56S000S-82-S',523,,319286,29,0,5,1,23,,319294,29,0,5,1,61,,319349,29,0,5,1,13,,319288,29,0,5,1,14,,319287,29,0,5,1,13,,319343,29,0,5,2,11,,319296,29,0,5,2,50,,319295,29,0,5,1,10,,319290,29,0,5,1,7,,319298,29,0,5,2,7,,319300,29,0,5,2,7,,319289,29,0,5,1,8,,319316,29,0,5,1,7,,319301,29,0,5,2,46,,319291,29,0,5,2,7,,319344,29,0,5,2,8,,319337,29,0,5,2,8,,319309,29,0,5,2,12,,319297,29,0,5,2,11,,319322,29,0,5,1,12,,319299,29,0,5,2,50,,319346,29,0,5,2,11,,319328,29,0,5,2,12,,319347,29,0,5,1,12,,319345,29,0,5,2,12,,319310,29,0,5,2,59,,319323,29,0,5,1,21,,319348,29,0,5,1,20,,319329,29,0,5,2,60,,319311,29,0,5,1,21,,319324,29,0,5,1,19,,319333,29,0,5,1,61,,319330,29,0,5,2,22,,319312,29,0,5,1,20,,319334,29,0,5,1,58,,319325,29,0,5,1,21,,319331,29,0,5,2,63,,319313,29,0,5,1,18,,319302,29,0,5,2,18,,319335,29,0,5,1,18,,319326,29,0,5,1,63,,319332,29,0,5,2,22,,319314,29,0,5,1,20,,319303,29,0,5,2,61,,319327,29,0,5,1,26,,319308,29,0,5,2,66,,319315,29,0,5,1,25,,319338,29,0,5,2,66,,319336,29,0,5,1,28,,319304,29,0,5,2,72,,319339,29,0,5,2,29,,319317,29,0,5,1,70,,319305,29,0,5,2,29,,319340,29,0,5,2,69,,319318,29,0,5,1,28,,319306,29,0,5,2,28,,319341,29,0,5,2,68,,319319,29,0,5,1,26,,319307,29,0,5,2,69,,319342,29,0,5,2,30,,319320,29,0,5,1,71,,319292,29,0,5,1,33,,319321,29,0,5,1,69,,319293,29,0,5,1
11201,'H56S100F-80-F1',522,,319351,29,0,5,1,31,,319391,29,0,5,1,72,,319362,29,0,5,1,29,,319383,29,0,5,2,67,,319392,29,0,5,1,29,,319363,29,0,5,1,69,,319384,29,0,5,2,30,,319365,29,0,5,1,71,,319377,29,0,5,1,29,,319385,29,0,5,2,69,,319366,29,0,5,1,29,,319378,29,0,5,1,69,,319386,29,0,5,2,29,,319367,29,0,5,1,70,,319379,29,0,5,1,30,,319387,29,0,5,2,69,,319368,29,0,5,1,29,,319380,29,0,5,1,69,,319388,29,0,5,2,29,,319369,29,0,5,1,69,,319381,29,0,5,1,29,,319389,29,0,5,2,65,,319370,29,0,5,1,23,,319382,29,0,5,1,73,,319390,29,0,5,2,32,,319371,29,0,5,1,72,,319358,29,0,5,2,32,,319353,29,0,5,2,73,,319372,29,0,5,1,29,,319359,29,0,5,2,69,,319354,29,0,5,2,29,,319373,29,0,5,1,68,,319360,29,0,5,2,29,,319355,29,0,5,2,69,,319374,29,0,5,1,28,,319361,29,0,5,2,28,,319356,29,0,5,2,67,,319375,29,0,5,1,26,,319364,29,0,5,1,69,,319376,29,0,5,1,30,,319357,29,0,5,2,70,,319350,29,0,5,2,28,,319352,29,0,5,1
11201,'H56S200F-80-F2',522,,319394,29,0,5,1,31,,319434,29,0,5,1,72,,319405,29,0,5,1,29,,319426,29,0,5,2,67,,319435,29,0,5,1,29,,319406,29,0,5,1,69,,319427,29,0,5,2,30,,319408,29,0,5,1,71,,319420,29,0,5,1,29,,319428,29,0,5,2,69,,319409,29,0,5,1,29,,319421,29,0,5,1,69,,319429,29,0,5,2,29,,319410,29,0,5,1,70,,319422,29,0,5,1,30,,319430,29,0,5,2,69,,319411,29,0,5,1,29,,319423,29,0,5,1,69,,319431,29,0,5,2,29,,319412,29,0,5,1,69,,319424,29,0,5,1,29,,319432,29,0,5,2,65,,319413,29,0,5,1,23,,319425,29,0,5,1,73,,319433,29,0,5,2,32,,319414,29,0,5,1,72,,319401,29,0,5,2,32,,319396,29,0,5,2,73,,319415,29,0,5,1,29,,319402,29,0,5,2,69,,319397,29,0,5,2,29,,319416,29,0,5,1,68,,319403,29,0,5,2,29,,319398,29,0,5,2,69,,319417,29,0,5,1,28,,319404,29,0,5,2,28,,319399,29,0,5,2,67,,319418,29,0,5,1,26,,319407,29,0,5,1,69,,319419,29,0,5,1,30,,319400,29,0,5,2,70,,319393,29,0,5,2,28,,319395,29,0,5,1
11403,'H56S000A-80-A',552,,320157,14,0,8,1,69,,320150,14,0,8,1,29,,320164,14,0,8,1,69,,320158,14,0,8,1,29,,320151,14,0,8,1,69,,320165,14,0,8,1,30,,320159,14,0,8,1,70,,320152,14,0,8,1,30,,320166,14,0,8,1,71,,320160,14,0,8,1,31,,320171,14,0,8,2,72,,320167,14,0,8,1,33,,320161,14,0,8,1,71,,320172,14,0,8,2,32,,320168,14,0,8,1,72,,320162,14,0,8,1,73,,320173,14,0,8,2,33,,320169,14,0,8,1,73,,320163,14,0,8,1,33,,320174,14,0,8,2,73,,320170,14,0,8,1,29,,320149,14,0,8,2,69,,320177,14,0,8,1,32,,320175,14,0,8,2,72,,320155,14,0,8,1,32,,320178,14,0,8,1,70,,320176,14,0,8,2,30,,320156,14,0,8,1,70,,320179,14,0,8,1,30,,320153,14,0,8,1,70,,320184,14,0,8,1,30,,320180,14,0,8,1,70,,320154,14,0,8,1,30,,320185,14,0,8,1,71,,320181,14,0,8,1,31,,320188,14,0,8,1,70,,320186,14,0,8,1,30,,320182,14,0,8,1,70,,320189,14,0,8,1,31,,320187,14,0,8,1,71,,320183,14,0,8,1
11403,'H56S000I-80-I',552,,320222,14,0,8,2,70,,320208,14,0,8,2,29,,320215,14,0,8,1,69,,320223,14,0,8,2,29,,320209,14,0,8,2,70,,320216,14,0,8,1,30,,320224,14,0,8,2,70,,320210,14,0,8,2,30,,320217,14,0,8,1,71,,320225,14,0,8,2,31,,320211,14,0,8,2,71,,320218,14,0,8,1,31,,320226,14,0,8,2,73,,320212,14,0,8,2,33,,320219,14,0,8,1,72,,320201,14,0,8,1,73,,320213,14,0,8,2,33,,320220,14,0,8,1,72,,320202,14,0,8,1,33,,320214,14,0,8,2,73,,320221,14,0,8,1,32,,320203,14,0,8,1,68,,320190,14,0,8,1,32,,320204,14,0,8,2,71,,320196,14,0,8,1,32,,320191,14,0,8,1,70,,320205,14,0,8,2,30,,320197,14,0,8,1,70,,320192,14,0,8,1,30,,320206,14,0,8,2,70,,320198,14,0,8,1,30,,320193,14,0,8,1,70,,320207,14,0,8,2,29,,320199,14,0,8,1,70,,320194,14,0,8,1,30,,320227,14,0,8,2,70,,320200,14,0,8,1,30,,320195,14,0,8,1,70,,320228,14,0,8,2,30,,320229,14,0,8,2
11403,'H56S000S-82-S',514,,320264,14,0,8,1,33,,320237,14,0,8,1,74,,320235,14,0,8,1,32,,320265,14,0,8,1,72,,320238,14,0,8,1,31,,320230,14,0,8,1,71,,320256,14,0,8,1,31,,320266,14,0,8,1,70,,320239,14,0,8,1,72,,320231,14,0,8,1,32,,320257,14,0,8,1,72,,320267,14,0,8,1,32,,320240,14,0,8,1,72,,320248,14,0,8,1,32,,320270,14,0,8,1,72,,320232,14,0,8,1,32,,320258,14,0,8,1,72,,320268,14,0,8,1,32,,320241,14,0,8,1,73,,320249,14,0,8,1,32,,320259,14,0,8,1,70,,320236,14,0,8,2,30,,320242,14,0,8,1,70,,320250,14,0,8,1,30,,320260,14,0,8,1,69,,320269,14,0,8,2,26,,320243,14,0,8,1,70,,320251,14,0,8,1,31,,320261,14,0,8,1,71,,320244,14,0,8,1,31,,320252,14,0,8,1,71,,320262,14,0,8,1,31,,320245,14,0,8,1,71,,320253,14,0,8,1,31,,320263,14,0,8,1,71,,320246,14,0,8,1,31,,320254,14,0,8,1,71,,320233,14,0,8,1,31,,320247,14,0,8,1,69,,320255,14,0,8,1,30,,320234,14,0,8,1
11403,'H56S100F-80-F1',552,,320303,14,0,8,2,70,,320289,14,0,8,2,29,,320296,14,0,8,1,69,,320304,14,0,8,2,29,,320290,14,0,8,2,70,,320297,14,0,8,1,30,,320305,14,0,8,2,70,,320291,14,0,8,2,30,,320298,14,0,8,1,71,,320306,14,0,8,2,31,,320292,14,0,8,2,71,,320299,14,0,8,1,31,,320307,14,0,8,2,73,,320293,14,0,8,2,33,,320300,14,0,8,1,72,,320282,14,0,8,1,73,,320294,14,0,8,2,33,,320301,14,0,8,1,72,,320283,14,0,8,1,33,,320295,14,0,8,2,73,,320302,14,0,8,1,32,,320284,14,0,8,1,68,,320271,14,0,8,1,32,,320285,14,0,8,2,71,,320277,14,0,8,1,32,,320272,14,0,8,1,70,,320286,14,0,8,2,30,,320278,14,0,8,1,70,,320273,14,0,8,1,30,,320287,14,0,8,2,70,,320279,14,0,8,1,30,,320274,14,0,8,1,70,,320288,14,0,8,2,29,,320280,14,0,8,1,70,,320275,14,0,8,1,30,,320308,14,0,8,2,70,,320281,14,0,8,1,30,,320276,14,0,8,1,70,,320309,14,0,8,2,30,,320310,14,0,8,2
11403,'H56S200F-80-F2',552,,320343,14,0,8,2,70,,320329,14,0,8,2,29,,320336,14,0,8,1,69,,320344,14,0,8,2,29,,320330,14,0,8,2,70,,320337,14,0,8,1,30,,320345,14,0,8,2,70,,320331,14,0,8,2,30,,320338,14,0,8,1,71,,320346,14,0,8,2,31,,320332,14,0,8,2,71,,320339,14,0,8,1,31,,320347,14,0,8,2,73,,320333,14,0,8,2,33,,320340,14,0,8,1,72,,320322,14,0,8,1,73,,320334,14,0,8,2,33,,320341,14,0,8,1,72,,320323,14,0,8,1,33,,320335,14,0,8,2,73,,320342,14,0,8,1,32,,320324,14,0,8,1,68,,320311,14,0,8,1,32,,320325,14,0,8,2,71,,320317,14,0,8,1,32,,320312,14,0,8,1,70,,320326,14,0,8,2,30,,320318,14,0,8,1,70,,320313,14,0,8,1,30,,320327,14,0,8,2,70,,320319,14,0,8,1,30,,320314,14,0,8,1,70,,320328,14,0,8,2,29,,320320,14,0,8,1,70,,320315,14,0,8,1,30,,320348,14,0,8,2,70,,320321,14,0,8,1,30,,320316,14,0,8,1,70,,320349,14,0,8,2,30,,320350,14,0,8,2
