3502,'H56S000A-80-A',622,,296145,27,0,10,2,29,,296137,27,0,10,1,69,,296139,27,0,10,1,29,,296119,27,0,10,1,70,,296141,27,0,10,1,31,,296138,27,0,10,1,70,,296140,27,0,10,1,32,,296120,27,0,10,1,75,,296127,27,0,10,2,75,,296112,27,0,10,1,32,,296134,27,0,10,2,70,,296121,27,0,10,1,30,,296128,27,0,10,2,71,,296113,27,0,10,1,31,,296135,27,0,10,2,71,,296122,27,0,10,1,32,,296129,27,0,10,2,71,,296114,27,0,10,1,30,,296136,27,0,10,2,71,,296123,27,0,10,1,32,,296130,27,0,10,2,71,,296115,27,0,10,1,30,,296142,27,0,10,2,71,,296124,27,0,10,1,31,,296131,27,0,10,2,67,,296116,27,0,10,1,29,,296143,27,0,10,2,67,,296125,27,0,10,1,29,,296132,27,0,10,2,66,,296117,27,0,10,1,28,,296144,27,0,10,2,27,,296126,27,0,10,1,68,,296133,27,0,10,2,30,,296118,27,0,10,1
3502,'H56S000I-80-I',618,,296178,27,0,10,1,29,,296146,27,0,10,1,69,,296171,27,0,10,1,29,,296158,27,0,10,2,71,,296179,27,0,10,1,30,,296147,27,0,10,1,71,,296172,27,0,10,1,33,,296174,27,0,10,1,73,,296159,27,0,10,2,32,,296166,27,0,10,1,77,,296148,27,0,10,1,69,,296175,27,0,10,1,30,,296160,27,0,10,2,71,,296167,27,0,10,1,31,,296149,27,0,10,1,72,,296153,27,0,10,1,29,,296161,27,0,10,2,69,,296168,27,0,10,1,30,,296150,27,0,10,1,70,,296154,27,0,10,1,29,,296162,27,0,10,2,70,,296169,27,0,10,1,27,,296151,27,0,10,1,29,,296155,27,0,10,1,70,,296163,27,0,10,2,30,,296170,27,0,10,1,68,,296152,27,0,10,1,28,,296156,27,0,10,1,70,,296164,27,0,10,2,30,,296176,27,0,10,1,70,,296173,27,0,10,1,30,,296157,27,0,10,1,70,,296165,27,0,10,2,31,,296177,27,0,10,1
3502,'H56S000S-82-S',600,,296212,27,0,10,1,31,,296180,27,0,10,2,77,,296182,27,0,10,2,33,,296214,27,0,10,1,70,,296213,27,0,10,1,31,,296181,27,0,10,2,70,,296198,27,0,10,1,27,,296210,27,0,10,2,71,,296215,27,0,10,1,30,,296204,27,0,10,2,70,,296195,27,0,10,1,31,,296183,27,0,10,1,69,,296189,27,0,10,2,32,,296199,27,0,10,1,69,,296205,27,0,10,2,29,,296196,27,0,10,1,68,,296184,27,0,10,1,28,,296190,27,0,10,2,68,,296200,27,0,10,1,28,,296206,27,0,10,2,70,,296197,27,0,10,1,30,,296185,27,0,10,1,72,,296191,27,0,10,2,29,,296201,27,0,10,1,67,,296207,27,0,10,2,26,,296211,27,0,10,2,27,,296186,27,0,10,1,65,,296192,27,0,10,2,30,,296202,27,0,10,1,69,,296208,27,0,10,2,31,,296187,27,0,10,1,70,,296193,27,0,10,2,27,,296203,27,0,10,1,63,,296209,27,0,10,2,30,,296188,27,0,10,1,73,,296194,27,0,10,2
3502,'H56S100F-80-F1',618,,296248,27,0,10,1,29,,296216,27,0,10,1,69,,296241,27,0,10,1,29,,296228,27,0,10,2,71,,296249,27,0,10,1,30,,296217,27,0,10,1,71,,296242,27,0,10,1,33,,296244,27,0,10,1,73,,296229,27,0,10,2,32,,296236,27,0,10,1,77,,296218,27,0,10,1,69,,296245,27,0,10,1,30,,296230,27,0,10,2,71,,296237,27,0,10,1,31,,296219,27,0,10,1,72,,296223,27,0,10,1,29,,296231,27,0,10,2,69,,296238,27,0,10,1,30,,296220,27,0,10,1,70,,296224,27,0,10,1,29,,296232,27,0,10,2,70,,296239,27,0,10,1,27,,296221,27,0,10,1,29,,296225,27,0,10,1,70,,296233,27,0,10,2,30,,296240,27,0,10,1,68,,296222,27,0,10,1,28,,296226,27,0,10,1,70,,296234,27,0,10,2,30,,296246,27,0,10,1,70,,296243,27,0,10,1,30,,296227,27,0,10,1,70,,296235,27,0,10,2,31,,296247,27,0,10,1
3502,'H56S200F-80-F2',618,,296282,27,0,10,1,29,,296250,27,0,10,1,69,,296275,27,0,10,1,29,,296262,27,0,10,2,71,,296283,27,0,10,1,30,,296251,27,0,10,1,71,,296276,27,0,10,1,33,,296278,27,0,10,1,73,,296263,27,0,10,2,32,,296270,27,0,10,1,77,,296252,27,0,10,1,69,,296279,27,0,10,1,30,,296264,27,0,10,2,71,,296271,27,0,10,1,31,,296253,27,0,10,1,72,,296257,27,0,10,1,29,,296265,27,0,10,2,69,,296272,27,0,10,1,30,,296254,27,0,10,1,70,,296258,27,0,10,1,29,,296266,27,0,10,2,70,,296273,27,0,10,1,27,,296255,27,0,10,1,29,,296259,27,0,10,1,70,,296267,27,0,10,2,30,,296274,27,0,10,1,68,,296256,27,0,10,1,28,,296260,27,0,10,1,70,,296268,27,0,10,2,30,,296280,27,0,10,1,70,,296277,27,0,10,1,30,,296261,27,0,10,1,70,,296269,27,0,10,2,31,,296281,27,0,10,1
3602,'H56S000A-80-A',451,,296517,17,0,10,1,70,,296505,17,0,10,1,31,,296522,17,0,10,1,72,,296518,17,0,10,1,33,,296506,17,0,10,1,70,,296523,17,0,10,1,32,,296519,17,0,10,1,71,,296507,17,0,10,1,71,,296524,17,0,10,1,31,,296520,17,0,10,1,72,,296508,17,0,10,1,34,,296525,17,0,10,1,74,,296521,17,0,10,1,33,,296509,17,0,10,1,73,,296516,17,0,10,1,33,,296527,17,0,10,1,73,,296492,17,0,10,1,33,,296498,17,0,10,1,73,,296489,17,0,10,1,73,,296510,17,0,10,1,32,,296493,17,0,10,1,71,,296499,17,0,10,1,33,,296490,17,0,10,1,71,,296511,17,0,10,1,30,,296494,17,0,10,1,68,,296500,17,0,10,1,29,,296491,17,0,10,1,69,,296512,17,0,10,1,30,,296495,17,0,10,1,69,,296501,17,0,10,1,31,,296513,17,0,10,1,71,,296496,17,0,10,1,31,,296502,17,0,10,1,71,,296514,17,0,10,1,31,,296497,17,0,10,1,71,,296503,17,0,10,1,31,,296515,17,0,10,1,71,,296526,17,0,10,1,31,,296504,17,0,10,1
3602,'H56S000I-80-I',450,,296528,17,0,10,1,70,,296534,17,0,10,1,30,,296541,17,0,10,1,71,,296529,17,0,10,1,31,,296535,17,0,10,1,71,,296542,17,0,10,1,31,,296530,17,0,10,1,71,,296536,17,0,10,1,32,,296543,17,0,10,1,73,,296531,17,0,10,1,73,,296537,17,0,10,1,33,,296544,17,0,10,1,72,,296532,17,0,10,1,33,,296538,17,0,10,1,73,,296545,17,0,10,1,33,,296533,17,0,10,1,73,,296539,17,0,10,1,33,,296546,17,0,10,1,72,,296558,17,0,10,1,32,,296548,17,0,10,1,72,,296540,17,0,10,1,72,,296547,17,0,10,1,33,,296559,17,0,10,1,71,,296549,17,0,10,1,31,,296554,17,0,10,1,71,,296562,17,0,10,1,31,,296560,17,0,10,1,69,,296550,17,0,10,1,31,,296555,17,0,10,1,71,,296563,17,0,10,1,31,,296551,17,0,10,1,70,,296556,17,0,10,1,31,,296564,17,0,10,1,71,,296552,17,0,10,1,31,,296557,17,0,10,1,71,,296565,17,0,10,1,30,,296553,17,0,10,1,69,,296561,17,0,10,1,31,,296566,17,0,10,1
3602,'H56S000S-82-S',452,,296567,17,0,10,1,67,,296570,17,0,10,1,29,,296582,17,0,10,1,70,,296591,17,0,10,1,24,,296568,17,0,10,1,62,,296571,17,0,10,1,22,,296583,17,0,10,1,27,,296599,17,0,10,1,62,,296592,17,0,10,1,22,,296569,17,0,10,1,64,,296572,17,0,10,1,23,,296584,17,0,10,1,22,,296600,17,0,10,1,63,,296593,17,0,10,1,24,,296610,17,0,10,1,22,,296573,17,0,10,1,63,,296585,17,0,10,1,22,,296601,17,0,10,1,65,,296594,17,0,10,1,21,,296611,17,0,10,1,23,,296574,17,0,10,1,63,,296586,17,0,10,1,24,,296579,17,0,10,1,22,,296602,17,0,10,1,61,,296612,17,0,10,1,21,,296575,17,0,10,1,62,,296587,17,0,10,1,20,,296580,17,0,10,1,24,,296603,17,0,10,1,63,,296613,17,0,10,1,18,,296576,17,0,10,1,15,,296609,17,0,10,1,15,,296588,17,0,10,1,60,,296581,17,0,10,1,17,,296595,17,0,10,1,19,,296604,17,0,10,1,60,,296614,17,0,10,1,21,,296577,17,0,10,1,23,,296589,17,0,10,1,63,,296596,17,0,10,1,20,,296605,17,0,10,1,60,,296615,17,0,10,1,19,,296578,17,0,10,1,21,,296590,17,0,10,1,70,,296597,17,0,10,1,31,,296606,17,0,10,1,71,,296616,17,0,10,1,29,,296598,17,0,10,1,71,,296607,17,0,10,1,28,,296617,17,0,10,1,69,,296618,17,0,10,1,30,,296608,17,0,10,1
3602,'H56S100F-80-F1',450,,296619,17,0,10,1,70,,296625,17,0,10,1,30,,296632,17,0,10,1,71,,296620,17,0,10,1,31,,296626,17,0,10,1,71,,296633,17,0,10,1,31,,296621,17,0,10,1,71,,296627,17,0,10,1,32,,296634,17,0,10,1,73,,296622,17,0,10,1,73,,296628,17,0,10,1,33,,296635,17,0,10,1,72,,296623,17,0,10,1,33,,296629,17,0,10,1,73,,296636,17,0,10,1,33,,296624,17,0,10,1,73,,296630,17,0,10,1,33,,296637,17,0,10,1,72,,296649,17,0,10,1,32,,296639,17,0,10,1,72,,296631,17,0,10,1,72,,296638,17,0,10,1,33,,296650,17,0,10,1,71,,296640,17,0,10,1,31,,296645,17,0,10,1,71,,296653,17,0,10,1,31,,296651,17,0,10,1,69,,296641,17,0,10,1,31,,296646,17,0,10,1,71,,296654,17,0,10,1,31,,296642,17,0,10,1,70,,296647,17,0,10,1,31,,296655,17,0,10,1,71,,296643,17,0,10,1,31,,296648,17,0,10,1,71,,296656,17,0,10,1,30,,296644,17,0,10,1,69,,296652,17,0,10,1,31,,296657,17,0,10,1
3602,'H56S200F-80-F2',450,,296658,17,0,10,1,70,,296664,17,0,10,1,30,,296671,17,0,10,1,71,,296659,17,0,10,1,31,,296665,17,0,10,1,71,,296672,17,0,10,1,31,,296660,17,0,10,1,71,,296666,17,0,10,1,32,,296673,17,0,10,1,73,,296661,17,0,10,1,73,,296667,17,0,10,1,33,,296674,17,0,10,1,72,,296662,17,0,10,1,33,,296668,17,0,10,1,73,,296675,17,0,10,1,33,,296663,17,0,10,1,73,,296669,17,0,10,1,33,,296676,17,0,10,1,72,,296688,17,0,10,1,32,,296678,17,0,10,1,72,,296670,17,0,10,1,72,,296677,17,0,10,1,33,,296689,17,0,10,1,71,,296679,17,0,10,1,31,,296684,17,0,10,1,71,,296692,17,0,10,1,31,,296690,17,0,10,1,69,,296680,17,0,10,1,31,,296685,17,0,10,1,71,,296693,17,0,10,1,31,,296681,17,0,10,1,70,,296686,17,0,10,1,31,,296694,17,0,10,1,71,,296682,17,0,10,1,31,,296687,17,0,10,1,71,,296695,17,0,10,1,30,,296683,17,0,10,1,69,,296691,17,0,10,1,31,,296696,17,0,10,1
