20202,'H60S000A-80-A',630,,340240,25,0,10,1,23,,340252,25,0,10,2,59,,340257,25,0,10,1,17,,340239,25,0,10,1,18,,340261,25,0,10,2,62,,340229,25,0,10,1,26,,340241,25,0,10,1,71,,340254,25,0,10,1,33,,340258,25,0,10,1,70,,340250,25,0,10,1,29,,340230,25,0,10,1,67,,340242,25,0,10,1,32,,340255,25,0,10,1,73,,340259,25,0,10,1,32,,340251,25,0,10,1,71,,340231,25,0,10,1,24,,340243,25,0,10,1,20,,340237,25,0,10,1,64,,340264,25,0,10,1,28,,340260,25,0,10,1,63,,340236,25,0,10,1,22,,340256,25,0,10,1,22,,340232,25,0,10,1,65,,340244,25,0,10,1,25,,340238,25,0,10,1,67,,340265,25,0,10,1,24,,340247,25,0,10,2,21,,340268,25,0,10,1,62,,340262,25,0,10,2,22,,340233,25,0,10,1,67,,340245,25,0,10,1,31,,340266,25,0,10,1,71,,340248,25,0,10,2,30,,340269,25,0,10,1,69,,340234,25,0,10,1,29,,340246,25,0,10,1,69,,340267,25,0,10,1,28,,340249,25,0,10,2,69,,340270,25,0,10,1,28,,340235,25,0,10,1,68,,340253,25,0,10,2,28,,340263,25,0,10,1
20202,'H60S000I-81-I',629,,340274,25,0,10,1,27,,340275,25,0,10,1,69,,340271,25,0,10,1,31,,340293,25,0,10,1,72,,340286,25,0,10,1,31,,340296,25,0,10,1,72,,340304,25,0,10,1,72,,340306,25,0,10,1,33,,340294,25,0,10,1,74,,340287,25,0,10,1,32,,340297,25,0,10,1,70,,340305,25,0,10,1,31,,340307,25,0,10,1,70,,340295,25,0,10,1,31,,340288,25,0,10,1,70,,340298,25,0,10,1,32,,340276,25,0,10,1,70,,340281,25,0,10,1,33,,340291,25,0,10,1,73,,340289,25,0,10,1,29,,340299,25,0,10,1,72,,340277,25,0,10,1,30,,340282,25,0,10,1,70,,340292,25,0,10,1,33,,340290,25,0,10,1,72,,340300,25,0,10,1,72,,340278,25,0,10,1,28,,340283,25,0,10,1,28,,340272,25,0,10,1,68,,340303,25,0,10,1,28,,340301,25,0,10,1,70,,340279,25,0,10,1,30,,340284,25,0,10,1,70,,340285,25,0,10,1,29,,340273,25,0,10,1,68,,340302,25,0,10,1,28,,340280,25,0,10,1
20202,'H60S000S-83-S',611,,340325,25,0,10,1,31,,340329,25,0,10,1,73,,340315,25,0,10,1,30,,340318,25,0,10,1,72,,340322,25,0,10,1,31,,340308,25,0,10,1,70,,340326,25,0,10,1,30,,340330,25,0,10,1,68,,340316,25,0,10,1,30,,340319,25,0,10,1,61,,340323,25,0,10,1,18,,340314,25,0,10,1,21,,340309,25,0,10,1,63,,340327,25,0,10,1,24,,340331,25,0,10,1,24,,340317,25,0,10,1,57,,340336,25,0,10,1,16,,340320,25,0,10,1,19,,340337,25,0,10,1,64,,340324,25,0,10,1,24,,340310,25,0,10,1,63,,340328,25,0,10,1,19,,340341,25,0,10,2,19,,340332,25,0,10,1,17,,340346,25,0,10,1,56,,340342,25,0,10,2,18,,340321,25,0,10,1,21,,340338,25,0,10,1,66,,340348,25,0,10,1,32,,340311,25,0,10,1,72,,340349,25,0,10,1,30,,340333,25,0,10,1,70,,340343,25,0,10,2,28,,340339,25,0,10,1,63,,340347,25,0,10,1,24,,340312,25,0,10,1,68,,340350,25,0,10,1,30,,340334,25,0,10,1,69,,340344,25,0,10,2,30,,340340,25,0,10,1,72,,340313,25,0,10,1,31,,340351,25,0,10,1,70,,340335,25,0,10,1,30,,340345,25,0,10,2
20202,'H60S100F-80-F1',629,,340357,25,0,10,1,27,,340362,25,0,10,1,69,,340352,25,0,10,1,31,,340376,25,0,10,2,72,,340373,25,0,10,1,31,,340377,25,0,10,2,72,,340380,25,0,10,1,72,,340378,25,0,10,1,33,,340353,25,0,10,1,74,,340358,25,0,10,2,32,,340363,25,0,10,1,70,,340374,25,0,10,1,31,,340379,25,0,10,1,70,,340354,25,0,10,1,31,,340359,25,0,10,2,70,,340364,25,0,10,1,32,,340381,25,0,10,1,70,,340369,25,0,10,2,33,,340375,25,0,10,1,73,,340360,25,0,10,2,29,,340365,25,0,10,1,72,,340382,25,0,10,1,30,,340370,25,0,10,2,70,,340386,25,0,10,1,33,,340361,25,0,10,2,72,,340366,25,0,10,1,72,,340383,25,0,10,1,28,,340371,25,0,10,2,28,,340355,25,0,10,1,68,,340387,25,0,10,2,28,,340367,25,0,10,1,70,,340384,25,0,10,1,30,,340372,25,0,10,2,70,,340356,25,0,10,1,29,,340388,25,0,10,2,68,,340368,25,0,10,1,28,,340385,25,0,10,1
20202,'H60S200F-80-F2',629,,340394,25,0,10,1,27,,340399,25,0,10,1,69,,340389,25,0,10,1,31,,340413,25,0,10,2,72,,340410,25,0,10,1,31,,340414,25,0,10,2,72,,340417,25,0,10,1,72,,340415,25,0,10,1,33,,340390,25,0,10,1,74,,340395,25,0,10,2,32,,340400,25,0,10,1,70,,340411,25,0,10,1,31,,340416,25,0,10,1,70,,340391,25,0,10,1,31,,340396,25,0,10,2,70,,340401,25,0,10,1,32,,340418,25,0,10,1,70,,340406,25,0,10,2,33,,340412,25,0,10,1,73,,340397,25,0,10,2,29,,340402,25,0,10,1,72,,340419,25,0,10,1,30,,340407,25,0,10,2,70,,340423,25,0,10,1,33,,340398,25,0,10,2,72,,340403,25,0,10,1,72,,340420,25,0,10,1,28,,340408,25,0,10,2,28,,340392,25,0,10,1,68,,340424,25,0,10,2,28,,340404,25,0,10,1,70,,340421,25,0,10,1,30,,340409,25,0,10,2,70,,340393,25,0,10,1,29,,340425,25,0,10,2,68,,340405,25,0,10,1,28,,340422,25,0,10,1
37802,'H60S000A-80-A',2655,,347278,51,0,10,1,94,,347276,51,0,10,1,88,,347277,51,0,10,1
37802,'H60S000I-81-I',2654,,347280,51,0,10,1,91,,347281,51,0,10,1,90,,347279,51,0,10,1
37802,'H60S000S-83-S',2654,,347283,51,0,10,1,90,,347282,51,0,10,1,99,,347284,51,0,10,1
37802,'H60S100F-80-F1',2654,,347285,51,0,10,1,91,,347287,51,0,10,1,90,,347286,51,0,10,1
37802,'H60S200F-80-F2',2654,,347288,51,0,10,1,91,,347290,51,0,10,1,90,,347289,51,0,10,1
46002,'H50S000S-82-S',617,,349350,27,0,10,1,99,,349349,27,0,10,2
46002,'H57S000S-80-S',602,,349351,27,0,10,1,5,,349352,27,0,10,2,14,,349353,27,0,10,1,7,,349354,27,0,10,2,22,,349356,18,0,10,1,7,,349355,27,0,10,1
46002,'H58S000S-83-S',552,,349357,27,0,10,1,5,,349358,27,0,10,2,47,,349359,27,0,10,2,8,,349361,27,0,10,1,12,,349363,27,0,10,1,8,,349364,27,0,10,1,5,,349365,27,0,10,1,4,,349367,27,0,10,2,4,,349369,27,0,10,2,62,,349371,27,0,10,2,16,,349379,18,0,10,2,5,,349373,27,0,10,2,5,,349374,27,0,10,2,5,,349375,27,0,10,2,3,,349376,27,0,10,2,3,,349377,27,0,10,2,3,,349378,27,0,10,2,3,,349368,5,0,10,2,3,,349362,27,0,10,2,5,,349381,27,0,10,2,45,,349385,18,0,10,2,6,,349382,27,0,10,1,8,,349383,27,0,10,2,4,,349387,18,0,10,2,5,,349380,5,0,10,2,7,,349360,5,0,10,2,7,,349386,27,0,10,2,2,,349389,18,0,10,2,10,,349388,27,0,10,2,60,,349384,27,0,10,2,21,,349366,27,0,10,1,25,,349370,27,0,10,2,62,,349372,27,0,10,2,586,,349393,26,0,10,2,28,,349396,26,0,10,2,72,,349392,26,0,10,2,31,,349391,26,0,10,1,70,,349395,26,0,10,2,26,,349398,26,0,10,2,69,,349390,26,0,10,1,27,,349394,26,0,10,1,26,,349397,26,0,10,2
46002,'H58S100F-80-F1',557,,349400,27,0,10,1,55,,349404,27,0,10,2,26,,349407,27,0,10,2,71,,349410,27,0,10,2,34,,349412,27,0,10,2,65,,349406,27,0,10,1,25,,349409,27,0,10,2,26,,349401,27,0,10,1,59,,349405,27,0,10,2,21,,349408,27,0,10,2,62,,349411,27,0,10,2,19,,349414,27,0,10,2,586,,349417,26,0,10,2,28,,349402,26,0,10,2,72,,349413,26,0,10,1,31,,349415,26,0,10,1,70,,349416,26,0,10,2,26,,349419,26,0,10,2,26,,349399,26,0,10,1,67,,349418,26,0,10,2,29,,349403,26,0,10,2
46002,'H58S200F-80-F2',557,,349423,27,0,10,1,55,,349427,27,0,10,2,26,,349429,27,0,10,2,71,,349432,27,0,10,2,34,,349434,27,0,10,2,65,,349439,27,0,10,1,25,,349431,27,0,10,2,26,,349424,27,0,10,1,59,,349428,27,0,10,2,21,,349430,27,0,10,2,62,,349433,27,0,10,2,19,,349420,27,0,10,2,586,,349437,26,0,10,2,28,,349421,26,0,10,2,72,,349426,26,0,10,1,31,,349435,26,0,10,1,70,,349436,26,0,10,2,26,,349440,26,0,10,2,26,,349425,26,0,10,1,67,,349438,26,0,10,2,29,,349422,26,0,10,2
46002,'H60S000S-83-S',830,,349441,27,0,10,2
