12404,'H50S000A-82-A',613,,322229,2,0,9,2,30,,322242,2,0,9,2,70,,322237,2,0,9,1,30,,322230,2,0,9,2,70,,322243,2,0,9,2,30,,322238,2,0,9,1,70,,322231,2,0,9,2,30,,322244,2,0,9,2,70,,322255,2,0,9,2,30,,322248,2,0,9,1,70,,322233,2,0,9,2,30,,322259,2,0,9,1,70,,322262,2,0,9,2,30,,322239,2,0,9,1,70,,322252,2,0,9,1,30,,322245,2,0,9,2,70,,322256,2,0,9,2,30,,322249,2,0,9,1,71,,322234,2,0,9,2,31,,322260,2,0,9,1,71,,322263,2,0,9,2,30,,322240,2,0,9,1,71,,322253,2,0,9,1,28,,322246,2,0,9,2,69,,322257,2,0,9,2,29,,322250,2,0,9,1,69,,322235,2,0,9,2,29,,322261,2,0,9,1,69,,322264,2,0,9,2,29,,322241,2,0,9,1,69,,322254,2,0,9,1,29,,322247,2,0,9,2,70,,322258,2,0,9,2,30,,322251,2,0,9,1,70,,322236,2,0,9,2,30,,322232,2,0,9,2
12404,'H50S000I-82-I',701,,322265,2,0,9,2,30,,322266,2,0,9,1,70,,322290,2,0,9,1,30,,322270,2,0,9,2,71,,322280,2,0,9,1,30,,322274,2,0,9,1,70,,322285,2,0,9,2,30,,322284,2,0,9,2,72,,322267,2,0,9,1,30,,322291,2,0,9,1,68,,322271,2,0,9,2,30,,322281,2,0,9,1,70,,322275,2,0,9,1,30,,322286,2,0,9,2,27,,322294,2,0,9,2,72,,322276,2,0,9,1,70,,322287,2,0,9,2,31,,322295,2,0,9,2,71,,322277,2,0,9,1,31,,322288,2,0,9,2,73,,322268,2,0,9,1,33,,322292,2,0,9,1,70,,322272,2,0,9,2,30,,322282,2,0,9,1,69,,322296,2,0,9,2,31,,322278,2,0,9,1,65,,322289,2,0,9,2,30,,322269,2,0,9,1,70,,322293,2,0,9,1,30,,322273,2,0,9,2,70,,322283,2,0,9,1,30,,322297,2,0,9,2,70,,322279,2,0,9,1,26,,322298,2,0,9,1
12404,'H50S000S-82-S',549,,322327,2,0,9,1,69,,322326,2,0,9,1,29,,322309,2,0,9,1,70,,322299,2,0,9,2,33,,322305,2,0,9,1,72,,322310,2,0,9,1,31,,322311,2,0,9,1,94,,322306,2,0,9,1,70,,322317,2,0,9,2,30,,322312,2,0,9,1,70,,322307,2,0,9,1,30,,322318,2,0,9,2,71,,322313,2,0,9,1,31,,322308,2,0,9,1,71,,322319,2,0,9,2,32,,322314,2,0,9,1,73,,322328,2,0,9,1,32,,322320,2,0,9,2,73,,322315,2,0,9,1,70,,322324,2,0,9,1,29,,322329,2,0,9,1,30,,322321,2,0,9,2,68,,322316,2,0,9,1,29,,322325,2,0,9,1,70,,322330,2,0,9,1,28,,322322,2,0,9,2,69,,322300,2,0,9,1,29,,322331,2,0,9,1,69,,322323,2,0,9,2,30,,322301,2,0,9,1,70,,322332,2,0,9,1,30,,322333,2,0,9,1,70,,322302,2,0,9,1,30,,322304,2,0,9,1,70,,322334,2,0,9,1,30,,322303,2,0,9,1
12404,'H50S100F-80-F1',701,,322335,2,0,9,2,30,,322336,2,0,9,1,70,,322360,2,0,9,1,30,,322340,2,0,9,2,71,,322350,2,0,9,1,30,,322344,2,0,9,1,70,,322355,2,0,9,2,30,,322354,2,0,9,2,72,,322337,2,0,9,1,30,,322361,2,0,9,1,68,,322341,2,0,9,2,30,,322351,2,0,9,1,70,,322345,2,0,9,1,30,,322356,2,0,9,2,27,,322364,2,0,9,2,72,,322346,2,0,9,1,70,,322357,2,0,9,2,31,,322365,2,0,9,2,71,,322347,2,0,9,1,31,,322358,2,0,9,2,73,,322338,2,0,9,1,33,,322362,2,0,9,1,70,,322342,2,0,9,2,30,,322352,2,0,9,1,69,,322366,2,0,9,2,31,,322348,2,0,9,1,65,,322359,2,0,9,2,30,,322339,2,0,9,1,70,,322363,2,0,9,1,30,,322343,2,0,9,2,70,,322353,2,0,9,1,30,,322367,2,0,9,2,70,,322349,2,0,9,1,26,,322368,2,0,9,1
12404,'H50S200F-80-F2',701,,322369,2,0,9,2,30,,322370,2,0,9,1,70,,322394,2,0,9,1,30,,322374,2,0,9,2,71,,322384,2,0,9,1,30,,322378,2,0,9,1,70,,322389,2,0,9,2,30,,322388,2,0,9,2,72,,322371,2,0,9,1,30,,322395,2,0,9,1,68,,322375,2,0,9,2,30,,322385,2,0,9,1,70,,322379,2,0,9,1,30,,322390,2,0,9,2,27,,322398,2,0,9,2,72,,322380,2,0,9,1,70,,322391,2,0,9,2,31,,322399,2,0,9,2,71,,322381,2,0,9,1,31,,322392,2,0,9,2,73,,322372,2,0,9,1,33,,322396,2,0,9,1,70,,322376,2,0,9,2,30,,322386,2,0,9,1,69,,322400,2,0,9,2,31,,322382,2,0,9,1,65,,322393,2,0,9,2,30,,322373,2,0,9,1,70,,322397,2,0,9,1,30,,322377,2,0,9,2,70,,322387,2,0,9,1,30,,322401,2,0,9,2,70,,322383,2,0,9,1,26,,322402,2,0,9,1
12404,'H51S000S-81-S',922,,322403,2,0,9,2
12803,'H50S000A-82-A',619,,323225,2,0,8,1,25,,323208,2,0,8,2,75,,323243,2,0,8,1,38,,323230,2,0,8,2,73,,323226,2,0,8,1,28,,323209,2,0,8,2,68,,323234,2,0,8,1,30,,323238,2,0,8,2,70,,323213,2,0,8,1,31,,323227,2,0,8,1,70,,323218,2,0,8,2,29,,323231,2,0,8,2,68,,323222,2,0,8,1,24,,323210,2,0,8,2,77,,323235,2,0,8,1,24,,323239,2,0,8,2,66,,323214,2,0,8,1,28,,323228,2,0,8,1,78,,323219,2,0,8,2,28,,323232,2,0,8,2,67,,323223,2,0,8,1,30,,323211,2,0,8,2,78,,323236,2,0,8,1,28,,323240,2,0,8,2,62,,323215,2,0,8,1,28,,323229,2,0,8,1,70,,323220,2,0,8,2,29,,323233,2,0,8,2,67,,323224,2,0,8,1,30,,323212,2,0,8,2,70,,323237,2,0,8,1,33,,323241,2,0,8,2,70,,323216,2,0,8,1,28,,323207,2,0,8,1,78,,323221,2,0,8,2,38,,323242,2,0,8,2,69,,323217,2,0,8,1
12803,'H50S000I-82-I',619,,323249,2,0,8,2,33,,323259,2,0,8,1,70,,323255,2,0,8,1,32,,323268,2,0,8,2,70,,323265,2,0,8,2,31,,323244,2,0,8,1,67,,323272,2,0,8,1,29,,323250,2,0,8,2,70,,323260,2,0,8,1,28,,323256,2,0,8,1,69,,323269,2,0,8,2,37,,323266,2,0,8,2,71,,323245,2,0,8,1,30,,323273,2,0,8,1,71,,323251,2,0,8,2,32,,323261,2,0,8,1,62,,323267,2,0,8,2,28,,323246,2,0,8,1,65,,323274,2,0,8,1,31,,323252,2,0,8,2,72,,323262,2,0,8,1,37,,323278,2,0,8,2,70,,323257,2,0,8,1,31,,323270,2,0,8,2,70,,323247,2,0,8,1,32,,323275,2,0,8,1,70,,323253,2,0,8,2,30,,323263,2,0,8,1,71,,323279,2,0,8,2,29,,323258,2,0,8,1,64,,323271,2,0,8,2,29,,323248,2,0,8,1,70,,323276,2,0,8,1,30,,323254,2,0,8,2,70,,323264,2,0,8,1,27,,323280,2,0,8,2,74,,323277,2,0,8,1
12803,'H50S000S-82-S',528,,323281,2,0,8,1,75,,323316,2,0,8,1,24,,323284,2,0,8,1,73,,323309,2,0,8,1,25,,323302,2,0,8,1,34,,323296,2,0,8,1,78,,323317,2,0,8,1,71,,323285,2,0,8,1,28,,323310,2,0,8,1,68,,323303,2,0,8,1,27,,323297,2,0,8,1,77,,323318,2,0,8,1,25,,323286,2,0,8,1,26,,323311,2,0,8,1,67,,323304,2,0,8,1,74,,323298,2,0,8,1,31,,323319,2,0,8,1,71,,323287,2,0,8,1,26,,323282,2,0,8,1,73,,323305,2,0,8,1,38,,323299,2,0,8,1,64,,323292,2,0,8,1,38,,323315,2,0,8,1,65,,323313,2,0,8,1,34,,323288,2,0,8,1,68,,323306,2,0,8,1,28,,323300,2,0,8,1,70,,323293,2,0,8,1,35,,323314,2,0,8,1,65,,323289,2,0,8,1,26,,323307,2,0,8,1,26,,323301,2,0,8,1,70,,323294,2,0,8,1,29,,323283,2,0,8,2,71,,323290,2,0,8,1,72,,323308,2,0,8,1,31,,323295,2,0,8,1,70,,323312,2,0,8,1,26,,323291,2,0,8,1
12803,'H50S100F-80-F1',619,,323325,2,0,8,2,33,,323335,2,0,8,1,70,,323331,2,0,8,1,32,,323344,2,0,8,2,70,,323341,2,0,8,2,31,,323320,2,0,8,1,67,,323348,2,0,8,1,29,,323326,2,0,8,2,70,,323336,2,0,8,1,28,,323332,2,0,8,1,69,,323345,2,0,8,2,37,,323342,2,0,8,2,71,,323321,2,0,8,1,30,,323349,2,0,8,1,71,,323327,2,0,8,2,32,,323337,2,0,8,1,62,,323343,2,0,8,2,28,,323322,2,0,8,1,65,,323350,2,0,8,1,31,,323328,2,0,8,2,72,,323338,2,0,8,1,37,,323354,2,0,8,2,70,,323333,2,0,8,1,31,,323346,2,0,8,2,70,,323323,2,0,8,1,32,,323351,2,0,8,1,70,,323329,2,0,8,2,30,,323339,2,0,8,1,71,,323355,2,0,8,2,29,,323334,2,0,8,1,64,,323347,2,0,8,2,29,,323324,2,0,8,1,70,,323352,2,0,8,1,30,,323330,2,0,8,2,70,,323340,2,0,8,1,27,,323356,2,0,8,2,74,,323353,2,0,8,1
12803,'H50S200F-80-F2',619,,323362,2,0,8,2,33,,323372,2,0,8,1,70,,323368,2,0,8,1,32,,323381,2,0,8,2,70,,323378,2,0,8,2,31,,323357,2,0,8,1,67,,323385,2,0,8,1,29,,323363,2,0,8,2,70,,323373,2,0,8,1,28,,323369,2,0,8,1,69,,323382,2,0,8,2,37,,323379,2,0,8,2,71,,323358,2,0,8,1,30,,323386,2,0,8,1,71,,323364,2,0,8,2,32,,323374,2,0,8,1,62,,323380,2,0,8,2,28,,323359,2,0,8,1,65,,323387,2,0,8,1,31,,323365,2,0,8,2,72,,323375,2,0,8,1,37,,323391,2,0,8,2,70,,323370,2,0,8,1,31,,323383,2,0,8,2,70,,323360,2,0,8,1,32,,323388,2,0,8,1,70,,323366,2,0,8,2,30,,323376,2,0,8,1,71,,323392,2,0,8,2,29,,323371,2,0,8,1,64,,323384,2,0,8,2,29,,323361,2,0,8,1,70,,323389,2,0,8,1,30,,323367,2,0,8,2,70,,323377,2,0,8,1,27,,323393,2,0,8,2,74,,323390,2,0,8,1
38001,'H50S000A-82-A',2553,,347292,2,0,5,1,85,,347291,2,0,5,1,85,,347295,2,0,5,1,85,,347293,2,0,5,1
38001,'H50S000I-82-I',2504,,347299,2,0,5,1,45,,347297,2,0,5,2,85,,347298,2,0,5,1,85,,347296,2,0,5,1,85,,347300,2,0,5,1
38001,'H50S000S-82-S',2517,,347303,2,0,5,1,84,,347305,2,0,5,1,47,,347301,2,0,5,1,82,,347302,2,0,5,1,89,,347304,2,0,5,1
38001,'H50S100F-80-F1',2504,,347310,2,0,5,1,45,,347308,2,0,5,2,85,,347309,2,0,5,1,85,,347307,2,0,5,1,85,,347311,2,0,5,1
38001,'H50S200F-80-F2',2504,,347315,2,0,5,1,45,,347313,2,0,5,2,85,,347314,2,0,5,1,85,,347312,2,0,5,1,85,,347316,2,0,5,1
