4301,'H58S000A-80-A',638,,297722,39,0,5,2,73,,297709,39,0,5,1,33,,297715,39,0,5,2,74,,297723,39,0,5,1,36,,297730,39,0,5,2,75,,297736,39,0,5,1,30,,297710,39,0,5,1,70,,297716,39,0,5,2,30,,297724,39,0,5,1,76,,297731,39,0,5,2,73,,297737,39,0,5,1,33,,297711,39,0,5,1,73,,297717,39,0,5,2,33,,297725,39,0,5,1,73,,297732,39,0,5,2,30,,297738,39,0,5,1,69,,297712,39,0,5,1,30,,297718,39,0,5,2,70,,297726,39,0,5,1,30,,297733,39,0,5,2,68,,297739,39,0,5,1,27,,297713,39,0,5,1,67,,297719,39,0,5,2,29,,297727,39,0,5,1,69,,297734,39,0,5,2,30,,297740,39,0,5,1,71,,297714,39,0,5,1,30,,297720,39,0,5,2,69,,297728,39,0,5,1,30,,297735,39,0,5,2,70,,297742,39,0,5,1,30,,297741,39,0,5,2,93,,297729,39,0,5,1,93,,297743,39,0,5,1,96,,297721,39,0,5,1,93,,297744,39,0,5,1
4301,'H58S000I-80-I',711,,297761,39,0,5,2,35,,297751,39,0,5,1,72,,297760,39,0,5,2,35,,297768,39,0,5,1,75,,297762,39,0,5,2,73,,297752,39,0,5,1,32,,297759,39,0,5,1,72,,297773,39,0,5,1,32,,297769,39,0,5,1,72,,297763,39,0,5,2,31,,297753,39,0,5,1,72,,297746,39,0,5,1,30,,297774,39,0,5,1,71,,297770,39,0,5,1,29,,297764,39,0,5,2,70,,297754,39,0,5,1,31,,297747,39,0,5,1,70,,297775,39,0,5,1,29,,297771,39,0,5,1,66,,297765,39,0,5,2,29,,297755,39,0,5,1,68,,297748,39,0,5,1,28,,297776,39,0,5,1,68,,297772,39,0,5,1,30,,297766,39,0,5,2,71,,297756,39,0,5,1,31,,297749,39,0,5,1,71,,297777,39,0,5,1,31,,297779,39,0,5,2,68,,297745,39,0,5,2,30,,297757,39,0,5,1,93,,297767,39,0,5,1,90,,297750,39,0,5,1,93,,297758,39,0,5,1,92,,297778,39,0,5,2
4301,'H58S000S-83-S',609,,297794,39,0,5,2,22,,297800,39,0,5,1,70,,297787,39,0,5,1,36,,297796,39,0,5,1,74,,297781,39,0,5,1,31,,297795,39,0,5,2,10,,297803,39,0,5,2,49,,297807,39,0,5,1,26,,297801,39,0,5,1,28,,297788,39,0,5,1,69,,297797,39,0,5,1,28,,297782,39,0,5,1,68,,297804,39,0,5,2,30,,297802,39,0,5,1,73,,297808,39,0,5,2,29,,297789,39,0,5,1,70,,297798,39,0,5,1,30,,297783,39,0,5,1,71,,297805,39,0,5,2,30,,297806,39,0,5,1,68,,297809,39,0,5,2,31,,297790,39,0,5,1,69,,297799,39,0,5,1,28,,297784,39,0,5,1,72,,297786,39,0,5,1,31,,297810,39,0,5,2,69,,297792,39,0,5,2,29,,297791,39,0,5,1,69,,297812,39,0,5,2,31,,297785,39,0,5,1,72,,297811,39,0,5,2,32,,297793,39,0,5,2,68,,297816,39,0,5,1,30,,297813,39,0,5,2,78,,297815,39,0,5,1,84,,297817,39,0,5,1,92,,297814,39,0,5,2,97,,297818,39,0,5,1,100,,297780,39,0,5,1
4301,'H58S100F-80-F1',603,,297825,39,0,5,1,22,,297820,39,0,5,1,29,,297823,39,0,5,2,70,,297827,39,0,5,2,35,,297835,39,0,5,1,72,,297819,39,0,5,2,21,,297831,39,0,5,2,70,,297841,39,0,5,1,30,,297821,39,0,5,1,69,,297828,39,0,5,2,28,,297836,39,0,5,1,68,,297832,39,0,5,2,30,,297842,39,0,5,1,70,,297840,39,0,5,1,30,,297822,39,0,5,1,72,,297829,39,0,5,2,31,,297837,39,0,5,1,71,,297833,39,0,5,2,29,,297843,39,0,5,1,68,,297848,39,0,5,1,29,,297850,39,0,5,2,69,,297830,39,0,5,2,27,,297838,39,0,5,1,71,,297834,39,0,5,2,32,,297849,39,0,5,1,69,,297851,39,0,5,2,32,,297826,39,0,5,2,70,,297839,39,0,5,1,33,,297852,39,0,5,2,72,,297824,39,0,5,1,32,,297855,39,0,5,1,70,,297844,39,0,5,1,29,,297854,39,0,5,2,78,,297853,39,0,5,2,86,,297856,39,0,5,1,89,,297845,39,0,5,1,100,,297847,39,0,5,1,95,,297846,39,0,5,1
4301,'H58S200F-80-F2',603,,297879,39,0,5,1,22,,297884,39,0,5,1,29,,297859,39,0,5,2,70,,297860,39,0,5,2,35,,297868,39,0,5,1,72,,297880,39,0,5,2,21,,297864,39,0,5,2,70,,297892,39,0,5,1,30,,297881,39,0,5,1,69,,297861,39,0,5,2,28,,297869,39,0,5,1,68,,297865,39,0,5,2,30,,297893,39,0,5,1,70,,297885,39,0,5,1,30,,297882,39,0,5,1,72,,297862,39,0,5,2,31,,297870,39,0,5,1,71,,297866,39,0,5,2,29,,297894,39,0,5,1,68,,297873,39,0,5,1,29,,297875,39,0,5,2,69,,297863,39,0,5,2,27,,297871,39,0,5,1,71,,297867,39,0,5,2,32,,297874,39,0,5,1,69,,297876,39,0,5,2,32,,297891,39,0,5,2,70,,297872,39,0,5,1,33,,297857,39,0,5,2,72,,297886,39,0,5,1,32,,297877,39,0,5,1,70,,297887,39,0,5,1,29,,297883,39,0,5,2,78,,297858,39,0,5,2,86,,297878,39,0,5,1,89,,297888,39,0,5,1,100,,297890,39,0,5,1,95,,297889,39,0,5,1
4901,'H54S000S-80-S',1710,,300275,25,0,5,2,9,,300274,25,0,5,2,28,,300273,25,0,5,2,58,,300276,25,0,5,2
4901,'H57S000S-80-S',1545,,300277,25,0,5,1,170,,300279,25,0,5,1,21,,300278,25,0,5,1,17,,300280,25,0,5,2
4901,'H58S000A-80-A',611,,300281,25,0,5,2,28,,300307,25,0,5,1,68,,300289,25,0,5,1,29,,300304,25,0,5,1,68,,300311,25,0,5,2,30,,300282,25,0,5,2,70,,300308,25,0,5,1,32,,300290,25,0,5,1,72,,300305,25,0,5,1,31,,300313,25,0,5,2,70,,300283,25,0,5,2,29,,300309,25,0,5,1,66,,300291,25,0,5,1,25,,300322,25,0,5,2,22,,300306,25,0,5,1,65,,300314,25,0,5,2,24,,300284,25,0,5,2,64,,300287,25,0,5,1,23,,300292,25,0,5,1,21,,300331,25,0,5,1,61,,300323,25,0,5,2,20,,300336,25,0,5,2,20,,300315,25,0,5,2,58,,300285,25,0,5,2,15,,300302,25,0,5,2,9,,300344,25,0,5,2,10,,300334,25,0,5,1,11,,300288,25,0,5,1,51,,300293,25,0,5,1,11,,300330,25,0,5,2,10,,300332,25,0,5,1,10,,300326,25,0,5,1,9,,300324,25,0,5,2,10,,300343,25,0,5,1,50,,300337,25,0,5,2,9,,300338,25,0,5,2,8,,300300,25,0,5,1,9,,300316,25,0,5,2,8,,300318,25,0,5,1,8,,300303,25,0,5,2,10,,300342,25,0,5,2,50,,300335,25,0,5,1,12,,300301,25,0,5,2,12,,300294,25,0,5,1,14,,300333,25,0,5,1,14,,300327,25,0,5,2,54,,300325,25,0,5,2,15,,300339,25,0,5,2,19,,300312,25,0,5,1,59,,300319,25,0,5,1,20,,300297,25,0,5,1,20,,300310,25,0,5,1,60,,300295,25,0,5,1,23,,300328,25,0,5,2,16,,300317,25,0,5,1,16,,300340,25,0,5,2,62,,300320,25,0,5,1,17,,300286,25,0,5,2,17,,300298,25,0,5,1,61,,300296,25,0,5,1,24,,300329,25,0,5,2,68,,300341,25,0,5,2,27,,300321,25,0,5,1,71,,300299,25,0,5,1
4901,'H58S000I-80-I',607,,300345,25,0,5,2,31,,300346,25,0,5,1,68,,300356,25,0,5,2,28,,300367,25,0,5,2,68,,300369,25,0,5,1,31,,300360,25,0,5,2,71,,300347,25,0,5,1,29,,300374,25,0,5,1,70,,300357,25,0,5,1,30,,300377,25,0,5,2,71,,300361,25,0,5,2,31,,300348,25,0,5,1,70,,300375,25,0,5,1,30,,300358,25,0,5,1,70,,300378,25,0,5,2,30,,300362,25,0,5,2,70,,300349,25,0,5,1,26,,300370,25,0,5,1,24,,300391,25,0,5,2,61,,300359,25,0,5,1,18,,300379,25,0,5,2,16,,300393,25,0,5,2,56,,300382,25,0,5,1,14,,300363,25,0,5,2,14,,300350,25,0,5,1,14,,300368,25,0,5,1,52,,300371,25,0,5,1,13,,300390,25,0,5,1,12,,300387,25,0,5,2,12,,300364,25,0,5,2,12,,300352,25,0,5,2,55,,300380,25,0,5,2,15,,300381,25,0,5,2,15,,300383,25,0,5,1,14,,300376,25,0,5,1,55,,300351,25,0,5,1,14,,300392,25,0,5,1,20,,300372,25,0,5,1,20,,300365,25,0,5,2,59,,300355,25,0,5,1,19,,300394,25,0,5,2,20,,300384,25,0,5,1,62,,300373,25,0,5,1,22,,300388,25,0,5,2,62,,300397,25,0,5,2,19,,300366,25,0,5,2,19,,300353,25,0,5,1,14,,300395,25,0,5,2,66,,300385,25,0,5,1,25,,300389,25,0,5,2,70,,300398,25,0,5,2,29,,300354,25,0,5,1,68,,300396,25,0,5,2,24,,300386,25,0,5,1
4901,'H58S000S-83-S',600,,300402,25,0,5,2,17,,300404,25,0,5,2,20,,300416,25,0,5,2,66,,300412,25,0,5,1,22,,300418,25,0,5,1,9,,300420,25,0,5,2,9,,300426,25,0,5,2,63,,300433,25,0,5,2,19,,300403,25,0,5,2,19,,300405,25,0,5,2,67,,300443,25,0,5,2,25,,300413,25,0,5,1,72,,300421,25,0,5,2,26,,300434,25,0,5,2,69,,300437,25,0,5,1,32,,300441,25,0,5,1,68,,300399,25,0,5,1,19,,300414,25,0,5,1,18,,300422,25,0,5,2,16,,300406,25,0,5,1,56,,300435,25,0,5,2,17,,300424,25,0,5,1,16,,300438,25,0,5,1,56,,300428,25,0,5,2,16,,300430,25,0,5,1,14,,300400,25,0,5,1,14,,300451,25,0,5,2,14,,300415,25,0,5,1,56,,300410,25,0,5,2,12,,300423,25,0,5,2,10,,300407,25,0,5,1,17,,300459,25,0,5,2,49,,300468,25,0,5,2,7,,300425,25,0,5,1,8,,300477,25,0,5,1,9,,300455,25,0,5,2,7,,300439,25,0,5,1,8,,300453,25,0,5,2,6,,300429,25,0,5,2,7,,300409,25,0,5,2,46,,300431,25,0,5,1,4,,300473,25,0,5,2,17,,300401,25,0,5,1,5,,300452,25,0,5,2,4,,300447,25,0,5,1,9,,300469,25,0,5,2,19,,300479,25,0,5,2,53,,300408,25,0,5,1,7,,300444,25,0,5,1,5,,300467,25,0,5,2,6,,300481,25,0,5,2,7,,300446,25,0,5,2,6,,300462,25,0,5,2,6,,300478,25,0,5,1,7,,300456,25,0,5,2,49,,300458,25,0,5,2,8,,300454,25,0,5,2,10,,300442,25,0,5,1,12,,300474,25,0,5,2,12,,300445,25,0,5,2,53,,300448,25,0,5,1,13,,300480,25,0,5,2,13,,300463,25,0,5,2,12,,300464,25,0,5,2,13,,300482,25,0,5,1,54,,300417,25,0,5,1,13,,300457,25,0,5,2,13,,300436,25,0,5,2,14,,300475,25,0,5,2,56,,300471,25,0,5,2,15,,300449,25,0,5,1,17,,300460,25,0,5,1,19,,300465,25,0,5,2,62,,300470,25,0,5,2,27,,300476,25,0,5,2,68,,300411,25,0,5,2,24,,300472,25,0,5,1,22,,300461,25,0,5,1,60,,300466,25,0,5,2,18,,300450,25,0,5,1,14,,300427,25,0,5,1
4901,'H58S100F-80-F1',609,,300486,25,0,5,2,29,,300503,25,0,5,1,66,,300506,25,0,5,1,29,,300508,25,0,5,2,68,,300521,25,0,5,2,30,,300487,25,0,5,2,70,,300504,25,0,5,1,32,,300491,25,0,5,2,72,,300499,25,0,5,1,30,,300522,25,0,5,2,70,,300488,25,0,5,2,28,,300527,25,0,5,1,25,,300492,25,0,5,2,65,,300509,25,0,5,2,22,,300483,25,0,5,1,65,,300523,25,0,5,2,24,,300489,25,0,5,2,67,,300529,25,0,5,2,23,,300493,25,0,5,2,21,,300515,25,0,5,1,61,,300510,25,0,5,2,20,,300484,25,0,5,1,19,,300524,25,0,5,2,58,,300490,25,0,5,2,15,,300539,25,0,5,1,9,,300512,25,0,5,1,10,,300530,25,0,5,2,11,,300541,25,0,5,2,11,,300494,25,0,5,2,51,,300534,25,0,5,1,10,,300516,25,0,5,1,10,,300498,25,0,5,1,10,,300542,25,0,5,2,10,,300507,25,0,5,1,50,,300485,25,0,5,1,9,,300535,25,0,5,1,9,,300526,25,0,5,2,9,,300525,25,0,5,2,9,,300500,25,0,5,1,9,,300540,25,0,5,1,10,,300511,25,0,5,2,49,,300531,25,0,5,2,10,,300513,25,0,5,2,12,,300495,25,0,5,2,14,,300517,25,0,5,1,14,,300518,25,0,5,2,54,,300543,25,0,5,2,15,,300536,25,0,5,1,19,,300514,25,0,5,1,59,,300501,25,0,5,1,20,,300532,25,0,5,2,19,,300505,25,0,5,1,60,,300496,25,0,5,2,23,,300519,25,0,5,2,16,,300528,25,0,5,1,18,,300537,25,0,5,1,62,,300502,25,0,5,1,16,,300544,25,0,5,2,17,,300533,25,0,5,2,61,,300497,25,0,5,2,27,,300520,25,0,5,2,69,,300538,25,0,5,1,26,,300545,25,0,5,2
4901,'H58S200F-80-F2',609,,300552,25,0,5,2,29,,300583,25,0,5,1,66,,300546,25,0,5,1,29,,300586,25,0,5,2,68,,300557,25,0,5,2,30,,300553,25,0,5,2,70,,300584,25,0,5,1,32,,300576,25,0,5,2,72,,300562,25,0,5,1,30,,300558,25,0,5,2,70,,300554,25,0,5,2,28,,300602,25,0,5,1,25,,300577,25,0,5,2,65,,300587,25,0,5,2,22,,300573,25,0,5,1,65,,300559,25,0,5,2,24,,300555,25,0,5,2,67,,300566,25,0,5,2,23,,300578,25,0,5,2,21,,300589,25,0,5,1,61,,300588,25,0,5,2,20,,300574,25,0,5,1,19,,300560,25,0,5,2,58,,300556,25,0,5,2,15,,300571,25,0,5,1,9,,300598,25,0,5,1,10,,300567,25,0,5,2,11,,300606,25,0,5,2,11,,300579,25,0,5,2,51,,300599,25,0,5,1,10,,300590,25,0,5,1,10,,300596,25,0,5,1,10,,300604,25,0,5,2,10,,300597,25,0,5,1,50,,300575,25,0,5,1,9,,300592,25,0,5,1,9,,300551,25,0,5,2,9,,300561,25,0,5,2,9,,300563,25,0,5,1,9,,300572,25,0,5,1,10,,300601,25,0,5,2,49,,300568,25,0,5,2,10,,300550,25,0,5,2,12,,300580,25,0,5,2,14,,300591,25,0,5,1,14,,300547,25,0,5,2,54,,300600,25,0,5,2,15,,300593,25,0,5,1,19,,300605,25,0,5,1,59,,300564,25,0,5,1,20,,300569,25,0,5,2,19,,300585,25,0,5,1,60,,300581,25,0,5,2,23,,300548,25,0,5,2,16,,300603,25,0,5,1,18,,300594,25,0,5,1,62,,300565,25,0,5,1,16,,300607,25,0,5,2,17,,300570,25,0,5,2,61,,300582,25,0,5,2,27,,300549,25,0,5,2,69,,300595,25,0,5,1,26,,300608,25,0,5,2
38001,'H50S000A-82-A',2641,,347292,74,0,5,1,94,,347291,74,0,5,1,85,,347295,74,0,5,1,25,,347294,41,0,5,2,60,,347293,74,0,5,1
38001,'H50S000I-82-I',2553,,347299,74,0,5,1,90,,347297,74,0,5,2,82,,347298,74,0,5,1,84,,347296,74,0,5,1,47,,347300,74,0,5,1
38001,'H50S000S-82-S',2608,,347303,74,0,5,1,44,,347305,74,0,5,1,88,,347301,74,0,5,1,85,,347302,74,0,5,1,85,,347304,74,0,5,1
38001,'H50S000S-82-SV',2803,,347306,41,0,5,2
38001,'H50S100F-80-F1',2553,,347310,74,0,5,1,90,,347308,74,0,5,2,82,,347309,74,0,5,1,84,,347307,74,0,5,1,47,,347311,74,0,5,1
38001,'H50S200F-80-F2',2553,,347315,74,0,5,1,90,,347313,74,0,5,2,82,,347314,74,0,5,1,84,,347312,74,0,5,1,47,,347316,74,0,5,1
44801,'H54S000S-80-S',1514,,349142,3,0,99 47,1,30,,349147,3,0,99 47,2,70,,349149,3,0,99 47,2,26,,349143,3,0,99 47,1,66,,349153,3,0,99 47,1,20,,349148,3,0,99 47,2,20,,349150,3,0,99 47,2,59,,349144,3,0,99 47,1,15,,349138,3,0,99 47,2,15,,349154,3,0,99 47,1,68,,349151,3,0,99 47,2,27,,349137,3,0,99 47,2
