17401,'H50S000S-82-S',1654,,332836,16,0,5,2
17401,'H60S000S-83-S',618,,332844,16,0,5,1,31,,332850,16,0,5,1,71,,332845,16,0,5,1,32,,332851,16,0,5,1,71,,332860,16,0,5,2,30,,332837,16,0,5,1,73,,332852,16,0,5,1,32,,332838,16,0,5,1,70,,332853,16,0,5,1,30,,332839,16,0,5,1,72,,332854,16,0,5,1,28,,332840,16,0,5,1,72,,332855,16,0,5,1,70,,332841,16,0,5,1,30,,332856,16,0,5,1,28,,332861,16,0,5,2,70,,332842,16,0,5,1,25,,332857,16,0,5,1,64,,332862,16,0,5,2,20,,332843,16,0,5,1,20,,332874,16,0,5,2,55,,332858,16,0,5,1,16,,332872,16,0,5,1,13,,332871,16,0,5,2,68,,332875,16,0,5,2,18,,332846,16,0,5,1,21,,332873,16,0,5,1,54,,332863,16,0,5,1,22,,332876,16,0,5,2,29,,332847,16,0,5,1,70,,332864,16,0,5,1,30,,332848,16,0,5,1,70,,332865,16,0,5,1,30,,332870,16,0,5,1,70,,332866,16,0,5,1,100,,332867,16,0,5,1,104,,332868,16,0,5,1,26,,332859,16,0,5,1,2,,332849,16,0,5,1,63,,332869,16,0,5,1
17401,'H60S100F-80-F1',618,,332879,16,0,5,1,31,,332892,16,0,5,2,70,,332880,16,0,5,1,33,,332893,16,0,5,2,71,,332881,16,0,5,1,33,,332894,16,0,5,2,70,,332882,16,0,5,1,32,,332895,16,0,5,2,72,,332883,16,0,5,1,28,,332896,16,0,5,2,72,,332884,16,0,5,1,28,,332897,16,0,5,2,72,,332885,16,0,5,1,28,,332898,16,0,5,2,72,,332886,16,0,5,1,70,,332899,16,0,5,2,28,,332904,16,0,5,1,25,,332887,16,0,5,1,70,,332900,16,0,5,2,29,,332905,16,0,5,1,73,,332888,16,0,5,1,30,,332901,16,0,5,2,70,,332906,16,0,5,1,29,,332889,16,0,5,1,70,,332902,16,0,5,2,29,,332907,16,0,5,1,70,,332890,16,0,5,1,30,,332903,16,0,5,2,70,,332908,16,0,5,1,30,,332891,16,0,5,1,70,,332909,16,0,5,1,100,,332910,16,0,5,1,104,,332911,16,0,5,1,26,,332877,16,0,5,1,2,,332878,16,0,5,1,63,,332912,16,0,5,1
17401,'H60S200F-80-F2',618,,332915,16,0,5,1,31,,332928,16,0,5,2,70,,332916,16,0,5,1,33,,332929,16,0,5,2,71,,332917,16,0,5,1,33,,332930,16,0,5,2,70,,332918,16,0,5,1,32,,332931,16,0,5,2,72,,332919,16,0,5,1,28,,332932,16,0,5,2,72,,332920,16,0,5,1,28,,332933,16,0,5,2,72,,332921,16,0,5,1,28,,332934,16,0,5,2,72,,332922,16,0,5,1,70,,332935,16,0,5,2,28,,332940,16,0,5,1,25,,332923,16,0,5,1,70,,332936,16,0,5,2,29,,332941,16,0,5,1,73,,332924,16,0,5,1,30,,332937,16,0,5,2,70,,332942,16,0,5,1,29,,332925,16,0,5,1,70,,332938,16,0,5,2,29,,332943,16,0,5,1,70,,332926,16,0,5,1,30,,332939,16,0,5,2,70,,332944,16,0,5,1,30,,332927,16,0,5,1,70,,332945,16,0,5,1,100,,332946,16,0,5,1,104,,332947,16,0,5,1,26,,332913,16,0,5,1,2,,332914,16,0,5,1,63,,332948,16,0,5,1
19603,'H56S000S-82-S',625,,338282,55,0,8,1
19603,'H58S000S-83-S',1620,,338283,55,0,8,2
19603,'H60S000S-83-S',645,,338304,55,0,8,2,67,,338307,55,0,8,1,24,,338294,55,0,8,1,21,,338305,55,0,8,2,62,,338306,55,0,8,2,18,,338310,55,0,8,1,16,,338287,55,0,8,1,58,,338308,55,0,8,1,22,,338295,55,0,8,1,26,,338317,55,0,8,1,69,,338311,55,0,8,1,28,,338288,55,0,8,1,68,,338296,55,0,8,1,27,,338318,55,0,8,1,67,,338312,55,0,8,1,28,,338289,55,0,8,1,71,,338297,55,0,8,1,29,,338319,55,0,8,1,72,,338313,55,0,8,1,6,,338324,10,0,8,2,17,,338290,55,0,8,1,15,,338323,55,0,8,1,49,,338284,55,0,8,1,8,,338325,55,0,8,2,8,,338326,55,0,8,1,3,,338344,10,0,8,2,3,,338298,55,0,8,1,5,,338327,55,0,8,2,5,,338329,55,0,8,2,6,,338309,55,0,8,1,6,,338332,55,0,8,2,5,,338334,55,0,8,1,46,,338340,55,0,8,2,6,,338320,55,0,8,1,7,,338346,55,0,8,2,12,,338341,10,0,8,2,2,,338314,55,0,8,1,5,,338347,55,0,8,2,5,,338348,55,0,8,2,6,,338291,55,0,8,1,8,,338345,55,0,8,2,7,,338342,55,0,8,2,46,,338330,55,0,8,2,6,,338285,55,0,8,1,10,,338286,55,0,8,1,4,,338349,10,0,8,2,6,,338299,55,0,8,1,10,,338328,55,0,8,2,10,,338303,55,0,8,1,9,,338335,55,0,8,1,49,,338292,55,0,8,1,10,,338351,55,0,8,2,6,,338338,10,0,8,1,4,,338315,55,0,8,1,12,,338321,55,0,8,1,17,,338343,55,0,8,2,64,,338300,55,0,8,1,26,,338336,55,0,8,1,65,,338339,55,0,8,1,28,,338322,55,0,8,1,70,,338337,55,0,8,1,30,,338331,55,0,8,1,70,,338301,55,0,8,1,30,,338333,55,0,8,1,69,,338293,55,0,8,1,14,,338350,21,0,8,1,8,,338302,55,0,8,1,15,,338316,55,0,8,1
19603,'H60S100F-80-F1',625,,338354,55,0,8,1,20,,338365,55,0,8,1,66,,338370,55,0,8,2,25,,338356,55,0,8,1,64,,338366,55,0,8,2,24,,338378,55,0,8,1,20,,338355,55,0,8,1,63,,338377,55,0,8,2,25,,338357,55,0,8,1,26,,338380,55,0,8,2,69,,338367,55,0,8,2,29,,338371,55,0,8,1,68,,338358,55,0,8,1,28,,338381,55,0,8,2,67,,338368,55,0,8,2,28,,338372,55,0,8,1,69,,338359,55,0,8,1,27,,338382,55,0,8,2,72,,338369,55,0,8,2,9,,338386,10,0,8,1,19,,338373,55,0,8,1,73,,338360,55,0,8,1,8,,338393,10,0,8,2,25,,338383,55,0,8,2,73,,338389,55,0,8,1,2,,338394,10,0,8,1,27,,338387,55,0,8,1,59,,338374,55,0,8,1,14,,338395,10,0,8,1,18,,338361,55,0,8,1,68,,338384,55,0,8,2,14,,338362,10,0,8,1,14,,338390,55,0,8,1,66,,338392,55,0,8,1,26,,338396,55,0,8,1,70,,338385,55,0,8,1,28,,338352,55,0,8,1,73,,338391,55,0,8,1,33,,338376,55,0,8,1,73,,338363,55,0,8,1,31,,338379,55,0,8,1,71,,338353,55,0,8,1,14,,338388,21,0,8,1,8,,338364,55,0,8,1,15,,338375,55,0,8,1
19603,'H60S200F-80-F2',625,,338399,55,0,8,1,20,,338410,55,0,8,1,66,,338415,55,0,8,2,25,,338401,55,0,8,1,64,,338411,55,0,8,2,24,,338423,55,0,8,1,20,,338400,55,0,8,1,63,,338422,55,0,8,2,25,,338402,55,0,8,1,26,,338425,55,0,8,2,69,,338412,55,0,8,2,29,,338416,55,0,8,1,68,,338403,55,0,8,1,28,,338426,55,0,8,2,67,,338413,55,0,8,2,28,,338417,55,0,8,1,69,,338404,55,0,8,1,27,,338427,55,0,8,2,72,,338414,55,0,8,2,9,,338431,10,0,8,1,19,,338418,55,0,8,1,73,,338405,55,0,8,1,8,,338438,10,0,8,2,25,,338428,55,0,8,2,73,,338434,55,0,8,1,2,,338439,10,0,8,1,27,,338432,55,0,8,1,59,,338419,55,0,8,1,14,,338440,10,0,8,1,18,,338406,55,0,8,1,68,,338429,55,0,8,2,14,,338407,10,0,8,1,14,,338435,55,0,8,1,66,,338437,55,0,8,1,26,,338441,55,0,8,1,70,,338430,55,0,8,1,28,,338397,55,0,8,1,73,,338436,55,0,8,1,33,,338421,55,0,8,1,73,,338408,55,0,8,1,31,,338424,55,0,8,1,71,,338398,55,0,8,1,14,,338433,21,0,8,1,8,,338409,55,0,8,1,15,,338420,55,0,8,1
22501,'H58S000S-83-S',1723,,345333,44,0,5,1
22501,'H60S000S-83-S',656,,345341,44,0,5,1,72,,345338,44,0,5,1,74,,345340,44,0,5,2,29,,345342,44,0,5,1,69,,345343,44,0,5,2,29,,345344,44,0,5,2,27,,345337,44,0,5,1,594,,345335,44,0,5,1,8,,345351,44,0,5,2,47,,345353,44,0,5,2,9,,345354,44,0,5,1,9,,345347,44,0,5,2,8,,345355,44,0,5,1,8,,345357,44,0,5,2,10,,345336,44,0,5,1,10,,345348,44,0,5,1,49,,345339,44,0,5,1,7,,345360,44,0,5,2,17,,345345,44,0,5,1,10,,345349,44,0,5,2,11,,345352,44,0,5,2,51,,345359,44,0,5,1,16,,345356,44,0,5,1,19,,345346,44,0,5,2,62,,345358,44,0,5,1,24,,345334,44,0,5,1,424,,345350,44,0,5,1
22501,'H60S100F-80-F1',656,,345362,44,0,5,1,72,,345361,44,0,5,1,74,,345365,44,0,5,2,29,,345366,44,0,5,1,69,,345369,44,0,5,2,29,,345368,44,0,5,2,27,,345367,44,0,5,1,594,,345370,44,0,5,1,74,,345363,44,0,5,2,31,,345372,44,0,5,1,68,,345373,44,0,5,2,31,,345371,44,0,5,1,69,,345364,44,0,5,2,31,,345375,44,0,5,1,71,,345374,44,0,5,2,424,,345376,44,0,5,1
22501,'H60S200F-80-F2',656,,345378,44,0,5,1,72,,345377,44,0,5,1,74,,345381,44,0,5,2,29,,345382,44,0,5,1,69,,345385,44,0,5,2,29,,345384,44,0,5,2,27,,345383,44,0,5,1,594,,345386,44,0,5,1,74,,345379,44,0,5,2,31,,345388,44,0,5,1,68,,345389,44,0,5,2,31,,345387,44,0,5,1,69,,345380,44,0,5,2,31,,345391,44,0,5,1,71,,345390,44,0,5,2,424,,345392,44,0,5,1
37104,'H50S000A-82-A',2537,,347115,13,0,9,2,70,,347120,13,0,9,1,30,,347117,13,0,9,2,70,,347119,13,0,9,1,30,,347116,13,0,9,2,70,,347121,13,0,9,1,30,,347118,13,0,9,2
37104,'H50S000I-82-I',2537,,347123,13,0,9,2,70,,347127,13,0,9,1,30,,347125,13,0,9,2,70,,347122,13,0,9,2,30,,347124,13,0,9,2,70,,347128,13,0,9,1,30,,347126,13,0,9,2
37104,'H50S000S-82-S',2538,,347132,13,0,9,2,70,,347134,13,0,9,1,30,,347130,13,0,9,2,70,,347129,13,0,9,1,30,,347133,13,0,9,2,70,,347135,13,0,9,1,30,,347131,13,0,9,2
37104,'H50S100F-80-F1',2537,,347137,13,0,9,2,70,,347141,13,0,9,1,30,,347139,13,0,9,2,70,,347136,13,0,9,2,30,,347138,13,0,9,2,70,,347142,13,0,9,1,30,,347140,13,0,9,2
37104,'H50S200F-80-F2',2537,,347144,13,0,9,2,70,,347148,13,0,9,1,30,,347146,13,0,9,2,70,,347143,13,0,9,2,30,,347145,13,0,9,2,70,,347149,13,0,9,1,30,,347147,13,0,9,2
