3104,'H51S000A-80-A',501,,294052,14,0,9,2,36,,294056,14,0,9,1,76,,294053,14,0,9,2,36,,294057,14,0,9,1,76,,294054,14,0,9,2,78,,294058,14,0,9,1,36,,294055,14,0,9,2,73,,294077,14,0,9,2,33,,294059,14,0,9,1,73,,294068,14,0,9,1,33,,294078,14,0,9,2,73,,294060,14,0,9,1,33,,294069,14,0,9,1,73,,294079,14,0,9,2,73,,294061,14,0,9,1,33,,294070,14,0,9,1,73,,294080,14,0,9,2,33,,294062,14,0,9,1,73,,294071,14,0,9,1,33,,294081,14,0,9,2,73,,294063,14,0,9,1,33,,294072,14,0,9,1,73,,294082,14,0,9,2,73,,294064,14,0,9,1,33,,294073,14,0,9,1,72,,294083,14,0,9,2,34,,294065,14,0,9,1,74,,294074,14,0,9,1,34,,294084,14,0,9,2,74,,294066,14,0,9,1,34,,294075,14,0,9,1,74,,294085,14,0,9,2,74,,294067,14,0,9,1,34,,294076,14,0,9,1,74,,294086,14,0,9,2
3104,'H51S000I-80-I',500,,294087,14,0,9,1,38,,294099,14,0,9,1,78,,294088,14,0,9,1,38,,294100,14,0,9,1,77,,294109,14,0,9,1,78,,294101,14,0,9,1,38,,294110,14,0,9,1,77,,294102,14,0,9,1,78,,294111,14,0,9,1,39,,294103,14,0,9,1,79,,294112,14,0,9,1,39,,294104,14,0,9,1,73,,294089,14,0,9,1,70,,294094,14,0,9,1,30,,294118,14,0,9,2,70,,294113,14,0,9,1,30,,294105,14,0,9,1,70,,294090,14,0,9,1,30,,294095,14,0,9,1,70,,294119,14,0,9,2,30,,294114,14,0,9,1,70,,294106,14,0,9,1,30,,294091,14,0,9,1,70,,294096,14,0,9,1,30,,294120,14,0,9,2,70,,294115,14,0,9,1,30,,294107,14,0,9,1,70,,294092,14,0,9,1,30,,294097,14,0,9,1,70,,294121,14,0,9,2,30,,294116,14,0,9,1,72,,294108,14,0,9,1,32,,294093,14,0,9,1,72,,294098,14,0,9,1,32,,294122,14,0,9,2,72,,294117,14,0,9,1
3104,'H51S000S-81-S',550,,294123,14,0,9,1,70,,294136,14,0,9,1,28,,294142,14,0,9,2,76,,294124,14,0,9,1,33,,294137,14,0,9,1,74,,294143,14,0,9,2,71,,294125,14,0,9,1,30,,294138,14,0,9,1,72,,294144,14,0,9,2,30,,294126,14,0,9,1,70,,294139,14,0,9,1,30,,294145,14,0,9,2,70,,294127,14,0,9,1,30,,294140,14,0,9,1,70,,294146,14,0,9,2,30,,294128,14,0,9,1,72,,294141,14,0,9,1,32,,294147,14,0,9,2,70,,294129,14,0,9,1,27,,294150,14,0,9,1,67,,294156,14,0,9,2,29,,294148,14,0,9,2,26,,294130,14,0,9,1,67,,294151,14,0,9,1,27,,294157,14,0,9,2,67,,294149,14,0,9,2,24,,294131,14,0,9,1,70,,294152,14,0,9,1,30,,294158,14,0,9,2,70,,294132,14,0,9,1,30,,294153,14,0,9,1,70,,294159,14,0,9,2,30,,294133,14,0,9,1,70,,294154,14,0,9,1,28,,294160,14,0,9,2,70,,294134,14,0,9,1,30,,294155,14,0,9,1,70,,294161,14,0,9,2,30,,294135,14,0,9,1
3104,'H51S100F-80-F1',500,,294162,14,0,9,1,38,,294174,14,0,9,1,78,,294163,14,0,9,1,38,,294175,14,0,9,1,77,,294184,14,0,9,1,78,,294176,14,0,9,1,38,,294185,14,0,9,1,77,,294177,14,0,9,1,78,,294186,14,0,9,1,39,,294178,14,0,9,1,79,,294187,14,0,9,1,39,,294179,14,0,9,1,73,,294164,14,0,9,1,70,,294169,14,0,9,1,30,,294193,14,0,9,2,70,,294188,14,0,9,1,30,,294180,14,0,9,1,70,,294165,14,0,9,1,30,,294170,14,0,9,1,70,,294194,14,0,9,2,30,,294189,14,0,9,1,70,,294181,14,0,9,1,30,,294166,14,0,9,1,70,,294171,14,0,9,1,30,,294195,14,0,9,2,70,,294190,14,0,9,1,30,,294182,14,0,9,1,70,,294167,14,0,9,1,30,,294172,14,0,9,1,70,,294196,14,0,9,2,30,,294191,14,0,9,1,72,,294183,14,0,9,1,32,,294168,14,0,9,1,72,,294173,14,0,9,1,32,,294197,14,0,9,2,72,,294192,14,0,9,1
3104,'H51S200F-80-F2',500,,294198,14,0,9,1,38,,294210,14,0,9,1,78,,294199,14,0,9,1,38,,294211,14,0,9,1,77,,294220,14,0,9,1,78,,294212,14,0,9,1,38,,294221,14,0,9,1,77,,294213,14,0,9,1,78,,294222,14,0,9,1,39,,294214,14,0,9,1,79,,294223,14,0,9,1,39,,294215,14,0,9,1,73,,294200,14,0,9,1,70,,294205,14,0,9,1,30,,294229,14,0,9,2,70,,294224,14,0,9,1,30,,294216,14,0,9,1,70,,294201,14,0,9,1,30,,294206,14,0,9,1,70,,294230,14,0,9,2,30,,294225,14,0,9,1,70,,294217,14,0,9,1,30,,294202,14,0,9,1,70,,294207,14,0,9,1,30,,294231,14,0,9,2,70,,294226,14,0,9,1,30,,294218,14,0,9,1,70,,294203,14,0,9,1,30,,294208,14,0,9,1,70,,294232,14,0,9,2,30,,294227,14,0,9,1,72,,294219,14,0,9,1,32,,294204,14,0,9,1,72,,294209,14,0,9,1,32,,294233,14,0,9,2,72,,294228,14,0,9,1
36104,'H51S000A-80-A',2423,,346620,12,0,9,1,85,,346623,12,0,9,1,45,,346624,12,0,9,2,70,,346621,12,0,9,1,30,,346618,12,0,9,2,70,,346619,12,0,9,1,30,,346625,12,0,9,2,68,,346622,12,0,9,1
36104,'H51S000I-80-I',2437,,346626,12,0,9,1,70,,346629,12,0,9,2,30,,346630,12,0,9,1,83,,346627,12,0,9,1,85,,346631,12,0,9,1,45,,346628,12,0,9,1,85,,346632,12,0,9,1
36104,'H51S000S-81-S',2431,,346638,12,0,9,1,77,,346640,12,0,9,1,35,,346636,12,0,9,1,60,,346633,12,0,9,1,20,,346639,12,0,9,1,21,,346634,12,0,9,1,72,,346641,12,0,9,1,33,,346637,12,0,9,1,86,,346635,12,0,9,1
36104,'H51S100F-80-F1',2437,,346642,12,0,9,1,70,,346645,12,0,9,2,30,,346646,12,0,9,1,83,,346643,12,0,9,1,85,,346647,12,0,9,1,45,,346644,12,0,9,1,85,,346648,12,0,9,1
36104,'H51S200F-80-F2',2437,,346649,12,0,9,1,70,,346652,12,0,9,2,30,,346653,12,0,9,1,83,,346650,12,0,9,1,85,,346654,12,0,9,1,45,,346651,12,0,9,1,85,,346655,12,0,9,1
