20501,'H60S000A-80-A',611,,341119,3,0,5,1,33,,341132,3,0,5,1,70,,341143,3,0,5,1,30,,341120,3,0,5,1,70,,341133,3,0,5,1,30,,341138,3,0,5,2,70,,341121,3,0,5,1,30,,341134,3,0,5,1,70,,341139,3,0,5,2,30,,341122,3,0,5,1,70,,341135,3,0,5,1,30,,341140,3,0,5,2,70,,341123,3,0,5,1,30,,341136,3,0,5,1,70,,341141,3,0,5,2,30,,341144,3,0,5,1,70,,341137,3,0,5,1,30,,341142,3,0,5,2,70,,341145,3,0,5,1,31,,341155,3,0,5,1,70,,341124,3,0,5,1,30,,341146,3,0,5,1,69,,341153,3,0,5,1,30,,341125,3,0,5,1,71,,341127,3,0,5,1,30,,341154,3,0,5,1,69,,341126,3,0,5,1,30,,341128,3,0,5,1,70,,341150,3,0,5,1,30,,341147,3,0,5,1,70,,341129,3,0,5,1,30,,341151,3,0,5,1,70,,341148,3,0,5,1,30,,341130,3,0,5,1,70,,341152,3,0,5,1,30,,341149,3,0,5,1,70,,341131,3,0,5,1
20501,'H60S000I-81-I',655,,341163,3,0,5,2,71,,341177,3,0,5,1,31,,341173,3,0,5,1,71,,341164,3,0,5,2,30,,341178,3,0,5,1,70,,341174,3,0,5,1,30,,341165,3,0,5,2,70,,341179,3,0,5,1,30,,341175,3,0,5,1,70,,341166,3,0,5,2,30,,341180,3,0,5,1,70,,341181,3,0,5,1,30,,341188,3,0,5,1,70,,341182,3,0,5,2,30,,341168,3,0,5,1,70,,341158,3,0,5,1,30,,341183,3,0,5,2,70,,341169,3,0,5,1,30,,341159,3,0,5,1,70,,341184,3,0,5,2,30,,341170,3,0,5,1,70,,341160,3,0,5,1,30,,341185,3,0,5,2,70,,341171,3,0,5,1,30,,341161,3,0,5,1,70,,341186,3,0,5,2,30,,341172,3,0,5,1,70,,341190,3,0,5,1,30,,341176,3,0,5,1,70,,341187,3,0,5,1,30,,341191,3,0,5,1,70,,341156,3,0,5,1,30,,341167,3,0,5,1,70,,341162,3,0,5,1,30,,341157,3,0,5,1,70,,341189,3,0,5,1
20501,'H60S000S-83-S',524,,341192,3,0,5,1,33,,341205,3,0,5,2,73,,341218,3,0,5,2,73,,341193,3,0,5,1,33,,341206,3,0,5,2,72,,341219,3,0,5,2,30,,341194,3,0,5,1,69,,341207,3,0,5,2,28,,341220,3,0,5,2,69,,341195,3,0,5,1,29,,341208,3,0,5,2,69,,341221,3,0,5,2,29,,341196,3,0,5,1,27,,341209,3,0,5,2,67,,341222,3,0,5,2,28,,341197,3,0,5,1,68,,341210,3,0,5,2,27,,341223,3,0,5,2,70,,341198,3,0,5,1,32,,341211,3,0,5,2,70,,341224,3,0,5,2,33,,341199,3,0,5,1,72,,341212,3,0,5,2,33,,341225,3,0,5,2,68,,341200,3,0,5,1,29,,341213,3,0,5,2,70,,341226,3,0,5,2,29,,341201,3,0,5,1,69,,341214,3,0,5,2,29,,341227,3,0,5,2,69,,341202,3,0,5,1,30,,341215,3,0,5,2,71,,341228,3,0,5,2,31,,341203,3,0,5,1,71,,341216,3,0,5,2,31,,341217,3,0,5,1,71,,341204,3,0,5,1,31,,341229,3,0,5,2,71,,341230,3,0,5,1
20501,'H60S100F-80-F1',655,,341244,3,0,5,2,71,,341250,3,0,5,1,31,,341259,3,0,5,1,71,,341245,3,0,5,2,30,,341251,3,0,5,1,70,,341260,3,0,5,1,30,,341246,3,0,5,2,70,,341264,3,0,5,1,30,,341249,3,0,5,1,70,,341247,3,0,5,2,30,,341265,3,0,5,1,70,,341253,3,0,5,2,30,,341261,3,0,5,1,70,,341255,3,0,5,1,30,,341233,3,0,5,1,70,,341238,3,0,5,1,30,,341256,3,0,5,1,70,,341234,3,0,5,1,30,,341239,3,0,5,1,70,,341242,3,0,5,1,30,,341235,3,0,5,1,70,,341240,3,0,5,1,30,,341243,3,0,5,1,70,,341236,3,0,5,1,30,,341241,3,0,5,1,70,,341262,3,0,5,1,30,,341237,3,0,5,1,70,,341266,3,0,5,2,72,,341258,3,0,5,1,28,,341252,3,0,5,1,30,,341254,3,0,5,1,70,,341231,3,0,5,2,30,,341248,3,0,5,2,70,,341257,3,0,5,1,30,,341232,3,0,5,2,70,,341263,3,0,5,1
20501,'H60S200F-80-F2',655,,341280,3,0,5,2,71,,341286,3,0,5,1,31,,341295,3,0,5,1,71,,341281,3,0,5,2,30,,341287,3,0,5,1,70,,341296,3,0,5,1,30,,341282,3,0,5,2,70,,341300,3,0,5,1,30,,341285,3,0,5,1,70,,341283,3,0,5,2,30,,341301,3,0,5,1,70,,341289,3,0,5,2,30,,341297,3,0,5,1,70,,341291,3,0,5,1,30,,341269,3,0,5,1,70,,341274,3,0,5,1,30,,341292,3,0,5,1,70,,341270,3,0,5,1,30,,341275,3,0,5,1,70,,341278,3,0,5,1,30,,341271,3,0,5,1,70,,341276,3,0,5,1,30,,341279,3,0,5,1,70,,341272,3,0,5,1,30,,341277,3,0,5,1,70,,341298,3,0,5,1,30,,341273,3,0,5,1,70,,341302,3,0,5,2,72,,341294,3,0,5,1,28,,341288,3,0,5,1,30,,341290,3,0,5,1,70,,341267,3,0,5,2,30,,341284,3,0,5,2,70,,341293,3,0,5,1,30,,341268,3,0,5,2,70,,341299,3,0,5,1
20601,'H60S000A-80-A',634,,341503,3,0,5,1,69,,341492,3,0,5,2,30,,341502,3,0,5,1,70,,341504,3,0,5,1,30,,341512,3,0,5,1,70,,341493,3,0,5,2,30,,341505,3,0,5,1,70,,341513,3,0,5,1,30,,341494,3,0,5,2,70,,341506,3,0,5,1,30,,341514,3,0,5,1,70,,341495,3,0,5,2,30,,341507,3,0,5,1,70,,341515,3,0,5,1,30,,341496,3,0,5,2,70,,341508,3,0,5,1,30,,341516,3,0,5,1,70,,341497,3,0,5,2,30,,341509,3,0,5,1,70,,341522,3,0,5,2,30,,341498,3,0,5,2,70,,341517,3,0,5,1,30,,341523,3,0,5,2,70,,341499,3,0,5,2,30,,341518,3,0,5,1,71,,341524,3,0,5,2,30,,341500,3,0,5,2,70,,341519,3,0,5,1,30,,341525,3,0,5,2,70,,341501,3,0,5,2,31,,341520,3,0,5,1,73,,341526,3,0,5,2,33,,341510,3,0,5,1,70,,341521,3,0,5,1,95,,341511,3,0,5,1
20601,'H60S000I-81-I',703,,341534,3,0,5,1,30,,341545,3,0,5,2,70,,341548,3,0,5,1,30,,341535,3,0,5,1,70,,341546,3,0,5,2,30,,341549,3,0,5,1,70,,341536,3,0,5,1,30,,341547,3,0,5,2,70,,341550,3,0,5,1,30,,341537,3,0,5,1,70,,341527,3,0,5,1,30,,341551,3,0,5,1,68,,341538,3,0,5,1,30,,341528,3,0,5,1,70,,341552,3,0,5,1,30,,341539,3,0,5,1,70,,341529,3,0,5,1,30,,341553,3,0,5,1,70,,341540,3,0,5,1,30,,341530,3,0,5,1,70,,341554,3,0,5,1,30,,341541,3,0,5,1,70,,341531,3,0,5,1,30,,341555,3,0,5,1,70,,341542,3,0,5,1,30,,341532,3,0,5,1,70,,341556,3,0,5,1,30,,341543,3,0,5,1,72,,341533,3,0,5,1,32,,341557,3,0,5,1,71,,341544,3,0,5,1,100,,341558,3,0,5,1,100,,341559,3,0,5,1
20601,'H60S000S-83-S',526,,341561,3,0,5,2,31,,341570,3,0,5,1,72,,341582,3,0,5,2,71,,341562,3,0,5,2,31,,341571,3,0,5,1,71,,341583,3,0,5,2,31,,341563,3,0,5,2,71,,341572,3,0,5,1,32,,341584,3,0,5,2,70,,341564,3,0,5,2,30,,341573,3,0,5,1,71,,341576,3,0,5,1,30,,341565,3,0,5,2,71,,341574,3,0,5,1,32,,341577,3,0,5,1,70,,341566,3,0,5,2,32,,341575,3,0,5,1,72,,341578,3,0,5,1,32,,341567,3,0,5,2,72,,341569,3,0,5,1,32,,341579,3,0,5,2,71,,341592,3,0,5,2,33,,341587,3,0,5,1,70,,341580,3,0,5,2,31,,341593,3,0,5,2,71,,341588,3,0,5,1,30,,341581,3,0,5,2,70,,341594,3,0,5,2,30,,341589,3,0,5,1,70,,341568,3,0,5,1,30,,341585,3,0,5,1,70,,341590,3,0,5,1,93,,341586,3,0,5,1,95,,341560,3,0,5,2,98,,341591,3,0,5,1
20601,'H60S100F-80-F1',703,,341602,3,0,5,1,30,,341608,3,0,5,1,70,,341616,3,0,5,1,30,,341603,3,0,5,1,70,,341614,3,0,5,2,30,,341617,3,0,5,1,70,,341604,3,0,5,1,30,,341615,3,0,5,2,70,,341618,3,0,5,1,30,,341605,3,0,5,1,70,,341595,3,0,5,2,30,,341619,3,0,5,1,68,,341606,3,0,5,1,30,,341596,3,0,5,2,70,,341620,3,0,5,1,30,,341607,3,0,5,1,70,,341597,3,0,5,2,30,,341621,3,0,5,1,70,,341609,3,0,5,1,30,,341598,3,0,5,2,70,,341622,3,0,5,1,30,,341610,3,0,5,1,70,,341599,3,0,5,2,30,,341623,3,0,5,1,70,,341611,3,0,5,1,30,,341600,3,0,5,2,70,,341624,3,0,5,1,30,,341612,3,0,5,1,72,,341601,3,0,5,2,32,,341625,3,0,5,1,71,,341613,3,0,5,1,100,,341626,3,0,5,1,100,,341627,3,0,5,1
20601,'H60S200F-80-F2',703,,341635,3,0,5,1,30,,341641,3,0,5,1,70,,341649,3,0,5,1,30,,341636,3,0,5,1,70,,341647,3,0,5,2,30,,341650,3,0,5,1,70,,341637,3,0,5,1,30,,341648,3,0,5,2,70,,341651,3,0,5,1,30,,341638,3,0,5,1,70,,341628,3,0,5,2,30,,341652,3,0,5,1,68,,341639,3,0,5,1,30,,341629,3,0,5,2,70,,341653,3,0,5,1,30,,341640,3,0,5,1,70,,341630,3,0,5,2,30,,341654,3,0,5,1,70,,341642,3,0,5,1,30,,341631,3,0,5,2,70,,341655,3,0,5,1,30,,341643,3,0,5,1,70,,341632,3,0,5,2,30,,341656,3,0,5,1,70,,341644,3,0,5,1,30,,341633,3,0,5,2,70,,341657,3,0,5,1,30,,341645,3,0,5,1,72,,341634,3,0,5,2,32,,341658,3,0,5,1,71,,341646,3,0,5,1,100,,341659,3,0,5,1,100,,341660,3,0,5,1
20703,'H60S000A-80-A',531,,341839,3,0,8,1,69,,341825,3,0,8,1,30,,341838,3,0,8,1,70,,341840,3,0,8,1,30,,341826,3,0,8,1,70,,341852,3,0,8,2,30,,341841,3,0,8,1,70,,341827,3,0,8,1,30,,341853,3,0,8,2,70,,341842,3,0,8,1,30,,341828,3,0,8,1,70,,341854,3,0,8,2,30,,341843,3,0,8,1,70,,341829,3,0,8,1,30,,341855,3,0,8,2,70,,341844,3,0,8,1,30,,341830,3,0,8,1,70,,341856,3,0,8,2,30,,341845,3,0,8,1,70,,341831,3,0,8,1,30,,341857,3,0,8,2,70,,341846,3,0,8,1,30,,341832,3,0,8,1,70,,341858,3,0,8,2,30,,341847,3,0,8,1,70,,341833,3,0,8,1,30,,341859,3,0,8,2,70,,341848,3,0,8,1,31,,341834,3,0,8,1,72,,341860,3,0,8,2,31,,341849,3,0,8,1,71,,341835,3,0,8,1,32,,341861,3,0,8,2,71,,341850,3,0,8,1,41,,341836,3,0,8,1,90,,341851,3,0,8,1,91,,341837,3,0,8,1,99,,341862,3,0,8,1
20703,'H60S000I-81-I',706,,341879,3,0,8,1,31,,341865,3,0,8,1,71,,341889,3,0,8,1,30,,341880,3,0,8,1,70,,341866,3,0,8,1,30,,341890,3,0,8,1,69,,341881,3,0,8,1,29,,341867,3,0,8,1,70,,341891,3,0,8,1,30,,341882,3,0,8,1,70,,341868,3,0,8,1,30,,341892,3,0,8,1,70,,341883,3,0,8,1,30,,341869,3,0,8,1,70,,341893,3,0,8,1,30,,341884,3,0,8,1,70,,341870,3,0,8,1,30,,341894,3,0,8,1,70,,341885,3,0,8,1,30,,341871,3,0,8,1,70,,341895,3,0,8,1,32,,341886,3,0,8,1,70,,341872,3,0,8,1,31,,341896,3,0,8,1,71,,341887,3,0,8,1,32,,341873,3,0,8,1,71,,341864,3,0,8,1,31,,341878,3,0,8,2,72,,341874,3,0,8,1,33,,341863,3,0,8,1,100,,341888,3,0,8,1,100,,341876,3,0,8,1,100,,341875,3,0,8,1,77,,341877,3,0,8,1
20703,'H60S000S-83-S',513,,341897,3,0,8,2,31,,341909,3,0,8,1,71,,341921,3,0,8,2,32,,341898,3,0,8,2,72,,341910,3,0,8,1,33,,341922,3,0,8,2,71,,341899,3,0,8,2,30,,341911,3,0,8,1,70,,341923,3,0,8,2,30,,341900,3,0,8,2,69,,341912,3,0,8,1,30,,341924,3,0,8,2,70,,341901,3,0,8,2,29,,341913,3,0,8,1,70,,341925,3,0,8,2,30,,341902,3,0,8,2,70,,341914,3,0,8,1,30,,341926,3,0,8,2,69,,341903,3,0,8,2,31,,341915,3,0,8,1,71,,341927,3,0,8,2,31,,341904,3,0,8,2,72,,341916,3,0,8,1,31,,341928,3,0,8,2,72,,341905,3,0,8,2,72,,341917,3,0,8,1,30,,341929,3,0,8,2,70,,341906,3,0,8,2,29,,341918,3,0,8,1,29,,341930,3,0,8,2,70,,341907,3,0,8,2,30,,341919,3,0,8,1,69,,341931,3,0,8,2,30,,341908,3,0,8,2,70,,341920,3,0,8,1,20,,341932,3,0,8,2,91,,341934,3,0,8,1,92,,341933,3,0,8,2,93,,341935,3,0,8,1
20703,'H60S100F-80-F1',706,,341959,3,0,8,1,31,,341947,3,0,8,2,71,,341938,3,0,8,1,30,,341960,3,0,8,1,70,,341948,3,0,8,2,30,,341939,3,0,8,1,69,,341961,3,0,8,1,29,,341949,3,0,8,2,70,,341940,3,0,8,1,30,,341962,3,0,8,1,70,,341950,3,0,8,2,30,,341941,3,0,8,1,70,,341963,3,0,8,1,30,,341951,3,0,8,2,70,,341942,3,0,8,1,30,,341964,3,0,8,1,70,,341952,3,0,8,2,30,,341943,3,0,8,1,70,,341965,3,0,8,1,30,,341953,3,0,8,2,70,,341944,3,0,8,1,32,,341966,3,0,8,1,70,,341954,3,0,8,2,31,,341945,3,0,8,1,71,,341967,3,0,8,1,32,,341955,3,0,8,2,71,,341946,3,0,8,1,31,,341968,3,0,8,1,72,,341936,3,0,8,1,33,,341969,3,0,8,2,100,,341937,3,0,8,1,100,,341956,3,0,8,1,100,,341958,3,0,8,2,77,,341957,3,0,8,1
20703,'H60S200F-80-F2',706,,341993,3,0,8,1,31,,341981,3,0,8,2,71,,341972,3,0,8,1,30,,341994,3,0,8,1,70,,341982,3,0,8,2,30,,341973,3,0,8,1,69,,341995,3,0,8,1,29,,341983,3,0,8,2,70,,341974,3,0,8,1,30,,341996,3,0,8,1,70,,341984,3,0,8,2,30,,341975,3,0,8,1,70,,341997,3,0,8,1,30,,341985,3,0,8,2,70,,341976,3,0,8,1,30,,341998,3,0,8,1,70,,341986,3,0,8,2,30,,341977,3,0,8,1,70,,341999,3,0,8,1,30,,341987,3,0,8,2,70,,341978,3,0,8,1,32,,342000,3,0,8,1,70,,341988,3,0,8,2,31,,341979,3,0,8,1,71,,342001,3,0,8,1,32,,341989,3,0,8,2,71,,341980,3,0,8,1,31,,342002,3,0,8,1,72,,341970,3,0,8,1,33,,342003,3,0,8,2,100,,341971,3,0,8,1,100,,341990,3,0,8,1,100,,341992,3,0,8,2,77,,341991,3,0,8,1
23002,'H60S000A-80-A',536,,345756,32,0,10,1,70,,345782,32,0,10,2,31,,345769,32,0,10,1,72,,345757,32,0,10,1,31,,345783,32,0,10,2,71,,345770,32,0,10,1,31,,345758,32,0,10,1,72,,345784,32,0,10,2,31,,345771,32,0,10,1,71,,345759,32,0,10,1,33,,345785,32,0,10,2,73,,345772,32,0,10,1,31,,345760,32,0,10,1,73,,345786,32,0,10,2,33,,345773,32,0,10,1,71,,345761,32,0,10,1,73,,345787,32,0,10,2,33,,345774,32,0,10,1,73,,345762,32,0,10,1,33,,345788,32,0,10,2,73,,345775,32,0,10,1,33,,345763,32,0,10,1,73,,345789,32,0,10,2,32,,345776,32,0,10,1,73,,345764,32,0,10,1,32,,345790,32,0,10,2,72,,345777,32,0,10,1,72,,345765,32,0,10,1,30,,345791,32,0,10,2,72,,345778,32,0,10,1,32,,345766,32,0,10,1,70,,345792,32,0,10,2,32,,345779,32,0,10,1,72,,345767,32,0,10,1,30,,345793,32,0,10,2,71,,345780,32,0,10,1,31,,345768,32,0,10,1,71,,345794,32,0,10,2,31,,345781,32,0,10,1
23002,'H60S000I-81-I',535,,345795,32,0,10,1,70,,345821,32,0,10,2,31,,345808,32,0,10,1,72,,345796,32,0,10,1,31,,345822,32,0,10,2,71,,345809,32,0,10,1,31,,345797,32,0,10,1,71,,345823,32,0,10,2,31,,345810,32,0,10,1,72,,345798,32,0,10,1,30,,345824,32,0,10,2,72,,345811,32,0,10,1,30,,345799,32,0,10,1,70,,345825,32,0,10,2,32,,345812,32,0,10,1,70,,345800,32,0,10,1,30,,345826,32,0,10,2,72,,345813,32,0,10,1,30,,345801,32,0,10,1,72,,345827,32,0,10,2,33,,345814,32,0,10,1,70,,345802,32,0,10,1,32,,345828,32,0,10,2,73,,345815,32,0,10,1,70,,345803,32,0,10,1,31,,345829,32,0,10,2,71,,345816,32,0,10,1,29,,345804,32,0,10,1,70,,345830,32,0,10,2,31,,345817,32,0,10,1,69,,345805,32,0,10,1,30,,345831,32,0,10,2,70,,345818,32,0,10,1,30,,345806,32,0,10,1,70,,345832,32,0,10,2,32,,345819,32,0,10,1,73,,345807,32,0,10,1,33,,345833,32,0,10,2,73,,345820,32,0,10,1
23002,'H60S000S-83-S',533,,345834,32,0,10,2,67,,345850,32,0,10,1,26,,345860,35,0,99 94,1,15,,345848,32,0,10,2,12,,345841,32,0,10,2,54,,345868,35,0,99 94,1,9,,345881,32,0,10,2,13,,345879,35,0,99 94,2,12,,345835,32,0,10,2,16,,345880,35,0,99 94,2,54,,345861,32,0,10,1,17,,345849,35,0,99 94,2,16,,345842,32,0,10,2,60,,345869,35,0,99 94,1,28,,345836,32,0,10,2,69,,345862,32,0,10,1,30,,345843,32,0,10,2,27,,345870,32,0,10,1,70,,345837,32,0,10,2,30,,345863,32,0,10,1,70,,345844,32,0,10,2,30,,345871,32,0,10,1,70,,345838,32,0,10,2,30,,345864,32,0,10,1,72,,345845,32,0,10,2,74,,345872,32,0,10,1,25,,345839,32,0,10,2,26,,345865,32,0,10,1,63,,345846,32,0,10,2,21,,345882,32,0,10,1,16,,345873,32,0,10,1,55,,345884,32,0,10,2,18,,345840,32,0,10,2,14,,345866,32,0,10,1,14,,345851,32,0,10,1,55,,345847,32,0,10,2,16,,345883,32,0,10,1,17,,345874,32,0,10,1,60,,345856,32,0,10,1,24,,345867,32,0,10,1,23,,345852,32,0,10,1,71,,345875,32,0,10,1,33,,345857,32,0,10,1,73,,345853,32,0,10,1,31,,345876,32,0,10,1,72,,345858,32,0,10,1,72,,345854,32,0,10,1,33,,345877,32,0,10,1,73,,345859,32,0,10,1,33,,345855,32,0,10,1,73,,345878,32,0,10,1
23002,'H60S100F-80-F1',535,,345885,32,0,10,1,70,,345909,32,0,10,2,31,,345896,32,0,10,1,72,,345886,32,0,10,1,31,,345910,32,0,10,2,71,,345897,32,0,10,1,31,,345887,32,0,10,1,71,,345911,32,0,10,2,31,,345898,32,0,10,1,72,,345888,32,0,10,1,30,,345912,32,0,10,2,72,,345899,32,0,10,1,30,,345889,32,0,10,1,70,,345913,32,0,10,2,32,,345900,32,0,10,1,70,,345890,32,0,10,1,30,,345914,32,0,10,2,72,,345901,32,0,10,1,30,,345891,32,0,10,1,72,,345915,32,0,10,2,33,,345902,32,0,10,1,70,,345892,32,0,10,1,32,,345916,32,0,10,2,73,,345903,32,0,10,1,70,,345893,32,0,10,1,31,,345917,32,0,10,2,71,,345904,32,0,10,1,29,,345894,32,0,10,1,70,,345918,32,0,10,2,31,,345905,32,0,10,1,69,,345895,32,0,10,1,30,,345919,32,0,10,2,70,,345906,32,0,10,1,30,,345922,32,0,10,1,70,,345920,32,0,10,2,32,,345907,32,0,10,1,73,,345923,32,0,10,1,33,,345921,32,0,10,2,73,,345908,32,0,10,1
23002,'H60S200F-80-F2',535,,345924,32,0,10,1,70,,345948,32,0,10,2,31,,345935,32,0,10,1,72,,345925,32,0,10,1,31,,345949,32,0,10,2,71,,345936,32,0,10,1,31,,345926,32,0,10,1,71,,345950,32,0,10,2,31,,345937,32,0,10,1,72,,345927,32,0,10,1,30,,345951,32,0,10,2,72,,345938,32,0,10,1,30,,345928,32,0,10,1,70,,345952,32,0,10,2,32,,345939,32,0,10,1,70,,345929,32,0,10,1,30,,345953,32,0,10,2,72,,345940,32,0,10,1,30,,345930,32,0,10,1,72,,345954,32,0,10,2,33,,345941,32,0,10,1,70,,345931,32,0,10,1,32,,345955,32,0,10,2,73,,345942,32,0,10,1,70,,345932,32,0,10,1,31,,345956,32,0,10,2,71,,345943,32,0,10,1,29,,345933,32,0,10,1,70,,345957,32,0,10,2,31,,345944,32,0,10,1,69,,345934,32,0,10,1,30,,345958,32,0,10,2,70,,345945,32,0,10,1,30,,345961,32,0,10,1,70,,345959,32,0,10,2,32,,345946,32,0,10,1,73,,345962,32,0,10,1,33,,345960,32,0,10,2,73,,345947,32,0,10,1
38201,'H60S000A-80-A',2604,,347353,19,0,5,1,45,,347355,19,0,5,1,85,,347354,19,0,5,1,85,,347356,19,0,5,1
38201,'H60S000I-81-I',2604,,347357,19,0,5,1,45,,347360,19,0,5,1,85,,347359,19,0,5,1,85,,347358,19,0,5,1
38201,'H60S000S-83-S',2601,,347362,19,0,5,1,47,,347363,19,0,5,1,85,,347361,19,0,5,2,85,,347364,19,0,5,1
38201,'H60S100F-80-F1',2604,,347366,19,0,5,2,45,,347368,19,0,5,1,85,,347367,19,0,5,1,85,,347365,19,0,5,1
38201,'H60S200F-80-F2',2604,,347370,19,0,5,2,45,,347372,19,0,5,1,85,,347371,19,0,5,1,85,,347369,19,0,5,1
47002,'H50S000A-82-A',554,,350157,5,0,10,1,70,,350174,5,0,10,2,30,,350182,5,0,10,1,70,,350166,5,0,10,2,30,,350158,5,0,10,1,70,,350175,5,0,10,2,30,,350183,5,0,10,1,70,,350167,5,0,10,2,31,,350159,5,0,10,1,70,,350176,5,0,10,2,30,,350184,5,0,10,1,70,,350168,5,0,10,2,30,,350160,5,0,10,1,71,,350177,5,0,10,2,31,,350185,5,0,10,1,70,,350169,5,0,10,2,31,,350161,5,0,10,1,71,,350178,5,0,10,2,71,,350186,5,0,10,1,32,,350170,5,0,10,2,72,,350162,5,0,10,1,32,,350179,5,0,10,2,71,,350187,5,0,10,1,31,,350171,5,0,10,2,71,,350163,5,0,10,1,29,,350180,5,0,10,2,68,,350188,5,0,10,1,29,,350172,5,0,10,2,69,,350164,5,0,10,1,29,,350181,5,0,10,2,68,,350189,5,0,10,1,28,,350173,5,0,10,2,28,,350165,5,0,10,1
47002,'H50S000I-82-I',555,,350214,5,0,10,1,70,,350198,5,0,10,2,30,,350206,5,0,10,1,70,,350190,5,0,10,2,30,,350215,5,0,10,1,70,,350199,5,0,10,2,30,,350207,5,0,10,1,70,,350191,5,0,10,2,30,,350216,5,0,10,1,70,,350200,5,0,10,2,31,,350208,5,0,10,1,70,,350192,5,0,10,2,30,,350217,5,0,10,1,70,,350201,5,0,10,2,29,,350209,5,0,10,1,70,,350193,5,0,10,2,30,,350218,5,0,10,1,70,,350202,5,0,10,2,31,,350210,5,0,10,1,70,,350194,5,0,10,2,30,,350219,5,0,10,1,70,,350203,5,0,10,2,31,,350211,5,0,10,1,71,,350195,5,0,10,2,31,,350220,5,0,10,1,70,,350204,5,0,10,2,30,,350212,5,0,10,1,69,,350196,5,0,10,2,30,,350221,5,0,10,1,70,,350205,5,0,10,2,29,,350213,5,0,10,1,69,,350197,5,0,10,2,29,,350222,5,0,10,1
47002,'H50S000S-82-S',525,,350237,5,0,10,2,29,,350226,5,0,10,1,70,,350228,5,0,10,2,30,,350263,5,0,10,2,60,,350265,5,0,10,1,17,,350238,5,0,10,2,19,,350227,5,0,10,1,58,,350255,5,0,10,1,20,,350229,5,0,10,2,22,,350248,5,0,10,1,64,,350224,5,0,10,1,25,,350239,5,0,10,2,67,,350256,5,0,10,1,28,,350230,5,0,10,2,68,,350249,5,0,10,1,28,,350240,5,0,10,2,29,,350257,5,0,10,1,70,,350231,5,0,10,2,30,,350250,5,0,10,1,66,,350241,5,0,10,2,18,,350264,5,0,10,2,58,,350258,5,0,10,1,18,,350266,5,0,10,1,19,,350232,5,0,10,2,18,,350251,5,0,10,1,56,,350223,5,0,10,1,16,,350242,5,0,10,2,12,,350225,5,0,10,1,12,,350246,5,0,10,2,51,,350259,5,0,10,1,11,,350247,5,0,10,2,11,,350267,5,0,10,1,20,,350233,5,0,10,2,64,,350252,5,0,10,1,13,,350268,5,0,10,1,12,,350243,5,0,10,2,73,,350260,5,0,10,1,37,,350234,5,0,10,2,67,,350253,5,0,10,1,21,,350244,5,0,10,2,70,,350261,5,0,10,1,30,,350235,5,0,10,2,68,,350254,5,0,10,1,30,,350245,5,0,10,2,70,,350262,5,0,10,1,30,,350236,5,0,10,2
47002,'H50S100F-80-F1',555,,350293,5,0,10,1,70,,350277,5,0,10,2,30,,350285,5,0,10,1,70,,350269,5,0,10,2,30,,350294,5,0,10,1,70,,350278,5,0,10,2,30,,350286,5,0,10,1,70,,350270,5,0,10,2,30,,350295,5,0,10,1,70,,350279,5,0,10,2,31,,350287,5,0,10,1,70,,350271,5,0,10,2,30,,350296,5,0,10,1,70,,350280,5,0,10,2,29,,350288,5,0,10,1,70,,350272,5,0,10,2,30,,350297,5,0,10,1,70,,350281,5,0,10,2,31,,350289,5,0,10,1,70,,350273,5,0,10,2,30,,350298,5,0,10,1,70,,350282,5,0,10,2,31,,350290,5,0,10,1,71,,350274,5,0,10,2,31,,350299,5,0,10,1,70,,350283,5,0,10,2,30,,350291,5,0,10,1,69,,350275,5,0,10,2,30,,350300,5,0,10,1,70,,350284,5,0,10,2,29,,350292,5,0,10,1,69,,350276,5,0,10,2,29,,350301,5,0,10,1
47002,'H50S200F-80-F2',555,,350326,5,0,10,1,70,,350310,5,0,10,2,30,,350318,5,0,10,1,70,,350302,5,0,10,2,30,,350327,5,0,10,1,70,,350311,5,0,10,2,30,,350319,5,0,10,1,70,,350303,5,0,10,2,30,,350328,5,0,10,1,70,,350312,5,0,10,2,31,,350320,5,0,10,1,70,,350304,5,0,10,2,30,,350329,5,0,10,1,70,,350313,5,0,10,2,29,,350321,5,0,10,1,70,,350305,5,0,10,2,30,,350330,5,0,10,1,70,,350314,5,0,10,2,31,,350322,5,0,10,1,70,,350306,5,0,10,2,30,,350331,5,0,10,1,70,,350315,5,0,10,2,31,,350323,5,0,10,1,71,,350307,5,0,10,2,31,,350332,5,0,10,1,70,,350316,5,0,10,2,30,,350324,5,0,10,1,69,,350308,5,0,10,2,30,,350333,5,0,10,1,70,,350317,5,0,10,2,29,,350325,5,0,10,1,69,,350309,5,0,10,2,29,,350334,5,0,10,1
47002,'H60S000S-83-S',1635,,350339,5,0,10,2,21,,350335,5,0,10,2,89,,350340,5,0,10,2,11,,350337,5,0,10,1,62,,350336,5,0,10,1,12,,350338,5,0,10,2,29,,350341,5,0,10,2
