16503,'H50S000A-82-A',614,,330105,18,0,8,1,29,,330118,18,0,8,1,62,,330128,18,0,8,1,21,,330106,18,0,8,1,20,,330119,18,0,8,1,61,,330129,18,0,8,1,17,,330136,18,0,8,1,16,,330107,18,0,8,1,17,,330120,18,0,8,1,58,,330130,18,0,8,1,19,,330137,18,0,8,1,17,,330108,18,0,8,1,57,,330121,18,0,8,1,15,,330145,18,0,8,1,11,,330131,18,0,8,1,10,,330157,18,0,8,1,10,,330138,18,0,8,1,50,,330164,18,0,8,1,10,,330109,18,0,8,1,9,,330122,18,0,8,1,10,,330170,18,0,8,1,9,,330146,18,0,8,1,13,,330132,18,0,8,1,50,,330158,18,0,8,1,10,,330139,18,0,8,1,10,,330165,18,0,8,1,8,,330110,18,0,8,1,8,,330123,18,0,8,1,7,,330182,18,0,8,1,7,,330171,18,0,8,1,47,,330147,18,0,8,1,7,,330190,18,0,8,1,7,,330133,18,0,8,1,8,,330193,18,0,8,1,8,,330159,18,0,8,1,8,,330140,18,0,8,1,8,,330166,18,0,8,1,7,,330111,18,0,8,1,47,,330124,18,0,8,1,7,,330183,18,0,8,1,8,,330172,18,0,8,1,8,,330148,18,0,8,1,9,,330204,18,0,8,1,8,,330134,18,0,8,1,8,,330194,18,0,8,1,7,,330160,18,0,8,1,47,,330141,18,0,8,1,7,,330167,18,0,8,1,7,,330112,18,0,8,1,7,,330125,18,0,8,1,7,,330184,18,0,8,1,7,,330191,18,0,8,1,7,,330149,18,0,8,1,7,,330173,18,0,8,1,6,,330205,18,0,8,1,46,,330135,18,0,8,1,7,,330208,18,0,8,1,8,,330195,18,0,8,1,8,,330142,18,0,8,1,7,,330168,18,0,8,1,7,,330209,18,0,8,1,6,,330113,18,0,8,1,6,,330126,18,0,8,1,46,,330185,18,0,8,1,5,,330192,18,0,8,1,5,,330150,18,0,8,1,7,,330174,18,0,8,1,7,,330206,18,0,8,1,7,,330161,18,0,8,1,7,,330216,18,0,8,1,6,,330196,18,0,8,1,6,,330143,18,0,8,1,6,,330169,18,0,8,1,46,,330210,18,0,8,1,6,,330114,18,0,8,1,7,,330127,18,0,8,1,6,,330186,18,0,8,1,7,,330151,18,0,8,1,8,,330175,18,0,8,1,8,,330207,18,0,8,1,9,,330162,18,0,8,1,49,,330197,18,0,8,1,8,,330144,18,0,8,1,9,,330211,18,0,8,1,8,,330115,18,0,8,1,8,,330187,18,0,8,1,12,,330152,18,0,8,1,11,,330176,18,0,8,1,51,,330163,18,0,8,1,12,,330198,18,0,8,1,13,,330212,18,0,8,1,13,,330188,18,0,8,1,11,,330116,18,0,8,1,51,,330153,18,0,8,1,11,,330177,18,0,8,1,12,,330199,18,0,8,1,11,,330189,18,0,8,1,11,,330213,18,0,8,1,52,,330154,18,0,8,1,12,,330117,18,0,8,1,12,,330200,18,0,8,1,15,,330178,18,0,8,1,57,,330155,18,0,8,1,17,,330214,18,0,8,1,17,,330179,18,0,8,1,17,,330201,18,0,8,1,57,,330156,18,0,8,1,17,,330180,18,0,8,1,17,,330215,18,0,8,1,57,,330202,18,0,8,1,30,,330181,18,0,8,1,70,,330203,18,0,8,1
16503,'H50S000I-82-I',619,,330217,18,0,8,1,28,,330234,18,0,8,1,60,,330243,18,0,8,1,21,,330218,18,0,8,1,27,,330235,18,0,8,1,67,,330244,18,0,8,1,28,,330219,18,0,8,1,64,,330236,18,0,8,1,17,,330252,18,0,8,1,14,,330245,18,0,8,1,56,,330220,18,0,8,1,13,,330274,18,0,8,1,13,,330263,18,0,8,1,13,,330237,18,0,8,1,13,,330253,18,0,8,1,52,,330281,18,0,8,1,12,,330221,18,0,8,1,11,,330275,18,0,8,1,10,,330288,18,0,8,1,9,,330264,18,0,8,1,10,,330238,18,0,8,1,45,,330246,18,0,8,1,10,,330254,18,0,8,1,11,,330282,18,0,8,1,9,,330222,18,0,8,1,9,,330294,18,0,8,1,9,,330276,18,0,8,1,9,,330289,18,0,8,1,50,,330265,18,0,8,1,10,,330247,18,0,8,1,7,,330239,18,0,8,1,8,,330255,18,0,8,1,8,,330283,18,0,8,1,8,,330223,18,0,8,1,8,,330295,18,0,8,1,48,,330300,18,0,8,1,7,,330277,18,0,8,1,7,,330290,18,0,8,1,7,,330266,18,0,8,1,9,,330248,18,0,8,1,8,,330240,18,0,8,1,8,,330256,18,0,8,1,48,,330284,18,0,8,1,8,,330224,18,0,8,1,7,,330296,18,0,8,1,7,,330301,18,0,8,1,7,,330278,18,0,8,1,7,,330291,18,0,8,1,7,,330267,18,0,8,1,7,,330303,18,0,8,1,7,,330249,18,0,8,1,47,,330241,18,0,8,1,7,,330257,18,0,8,1,7,,330285,18,0,8,1,8,,330225,18,0,8,1,9,,330297,18,0,8,1,10,,330279,18,0,8,1,10,,330292,18,0,8,1,50,,330268,18,0,8,1,8,,330250,18,0,8,1,8,,330242,18,0,8,1,6,,330258,18,0,8,1,8,,330286,18,0,8,1,7,,330226,18,0,8,1,7,,330302,18,0,8,1,7,,330298,18,0,8,1,47,,330280,18,0,8,1,8,,330304,18,0,8,1,7,,330293,18,0,8,1,7,,330269,18,0,8,1,8,,330251,18,0,8,1,8,,330259,18,0,8,1,9,,330287,18,0,8,1,50,,330227,18,0,8,1,10,,330299,18,0,8,1,11,,330305,18,0,8,1,17,,330270,18,0,8,1,17,,330260,18,0,8,1,57,,330228,18,0,8,1,18,,330306,18,0,8,1,19,,330271,18,0,8,1,57,,330229,18,0,8,1,18,,330261,18,0,8,1,18,,330307,18,0,8,1,58,,330230,18,0,8,1,16,,330272,18,0,8,1,17,,330262,18,0,8,1,19,,330231,18,0,8,1,60,,330308,18,0,8,1,21,,330273,18,0,8,1,24,,330232,18,0,8,1,69,,330309,18,0,8,1,29,,330233,18,0,8,1,70,,330310,18,0,8,1
16503,'H50S000S-82-S',543,,330311,18,0,8,1,60,,330320,18,0,8,1,20,,330329,18,0,8,1,12,,330341,18,0,8,1,14,,330312,18,0,8,1,52,,330355,18,0,8,1,11,,330321,18,0,8,1,10,,330363,18,0,8,1,11,,330330,18,0,8,1,9,,330375,18,0,8,1,9,,330342,18,0,8,1,7,,330392,18,0,8,1,46,,330383,18,0,8,1,6,,330391,18,0,8,1,5,,330313,18,0,8,1,6,,330356,18,0,8,1,6,,330393,18,0,8,1,5,,330396,18,0,8,1,5,,330322,18,0,8,1,6,,330394,18,0,8,1,5,,330364,18,0,8,1,5,,330395,18,0,8,1,47,,330331,18,0,8,1,9,,330376,18,0,8,1,9,,330343,18,0,8,1,10,,330384,18,0,8,1,9,,330314,18,0,8,1,8,,330357,18,0,8,1,10,,330397,18,0,8,1,52,,330323,18,0,8,1,12,,330332,18,0,8,1,10,,330377,18,0,8,1,10,,330344,18,0,8,1,11,,330385,18,0,8,1,51,,330315,18,0,8,1,11,,330358,18,0,8,1,11,,330365,18,0,8,1,10,,330324,18,0,8,1,10,,330333,18,0,8,1,11,,330378,18,0,8,1,50,,330345,18,0,8,1,11,,330386,18,0,8,1,10,,330398,18,0,8,1,10,,330316,18,0,8,1,11,,330366,18,0,8,1,9,,330408,18,0,8,1,48,,330325,18,0,8,1,8,,330334,18,0,8,1,8,,330379,18,0,8,1,8,,330346,18,0,8,1,9,,330414,18,0,8,1,9,,330387,18,0,8,1,9,,330359,18,0,8,1,48,,330317,18,0,8,1,8,,330367,18,0,8,1,8,,330409,18,0,8,1,8,,330326,18,0,8,1,8,,330335,18,0,8,1,8,,330380,18,0,8,1,8,,330347,18,0,8,1,8,,330399,18,0,8,1,46,,330415,18,0,8,1,6,,330388,18,0,8,1,7,,330360,18,0,8,1,6,,330418,18,0,8,1,7,,330318,18,0,8,1,6,,330368,18,0,8,1,7,,330410,18,0,8,1,7,,330327,18,0,8,1,6,,330423,18,0,8,1,46,,330336,18,0,8,1,6,,330381,18,0,8,1,6,,330348,18,0,8,1,4,,330435,18,0,8,1,4,,330400,18,0,8,1,4,,330437,18,0,8,1,4,,330438,18,0,8,1,4,,330416,18,0,8,1,4,,330428,18,0,8,1,5,,330389,18,0,8,1,5,,330436,18,0,8,1,5,,330361,18,0,8,1,6,,330419,18,0,8,1,45,,330319,18,0,8,1,6,,330369,18,0,8,1,5,,330440,18,0,8,1,5,,330411,18,0,8,1,5,,330328,18,0,8,1,6,,330424,18,0,8,1,6,,330337,18,0,8,1,6,,330382,18,0,8,1,5,,330349,18,0,8,1,5,,330417,18,0,8,1,6,,330401,18,0,8,1,46,,330439,18,0,8,1,6,,330429,18,0,8,1,6,,330390,18,0,8,1,5,,330370,18,0,8,1,5,,330362,18,0,8,1,6,,330420,18,0,8,1,9,,330441,18,0,8,1,8,,330412,18,0,8,1,8,,330425,18,0,8,1,49,,330338,18,0,8,1,9,,330350,18,0,8,1,10,,330402,18,0,8,1,10,,330430,18,0,8,1,10,,330371,18,0,8,1,9,,330421,18,0,8,1,49,,330442,18,0,8,1,9,,330413,18,0,8,1,9,,330339,18,0,8,1,8,,330426,18,0,8,1,9,,330351,18,0,8,1,9,,330403,18,0,8,1,8,,330422,18,0,8,1,48,,330431,18,0,8,1,9,,330372,18,0,8,1,10,,330443,18,0,8,1,9,,330427,18,0,8,1,7,,330340,18,0,8,1,7,,330404,18,0,8,1,11,,330352,18,0,8,1,52,,330373,18,0,8,1,12,,330432,18,0,8,1,15,,330444,18,0,8,1,14,,330353,18,0,8,1,55,,330405,18,0,8,1,15,,330374,18,0,8,1,17,,330433,18,0,8,1,19,,330354,18,0,8,1,63,,330406,18,0,8,1,32,,330434,18,0,8,1,70,,330407,18,0,8,1
16503,'H50S100F-80-F1',619,,330445,18,0,8,1,28,,330462,18,0,8,1,60,,330471,18,0,8,1,21,,330446,18,0,8,1,27,,330463,18,0,8,1,67,,330472,18,0,8,1,28,,330447,18,0,8,1,64,,330464,18,0,8,1,17,,330480,18,0,8,1,14,,330473,18,0,8,1,56,,330448,18,0,8,1,13,,330502,18,0,8,1,13,,330491,18,0,8,1,13,,330465,18,0,8,1,13,,330481,18,0,8,1,52,,330509,18,0,8,1,12,,330449,18,0,8,1,11,,330503,18,0,8,1,10,,330516,18,0,8,1,9,,330492,18,0,8,1,10,,330466,18,0,8,1,45,,330474,18,0,8,1,10,,330482,18,0,8,1,11,,330510,18,0,8,1,9,,330450,18,0,8,1,9,,330522,18,0,8,1,9,,330504,18,0,8,1,9,,330517,18,0,8,1,50,,330493,18,0,8,1,10,,330475,18,0,8,1,7,,330467,18,0,8,1,8,,330483,18,0,8,1,8,,330511,18,0,8,1,8,,330451,18,0,8,1,8,,330523,18,0,8,1,48,,330528,18,0,8,1,7,,330505,18,0,8,1,7,,330518,18,0,8,1,7,,330494,18,0,8,1,9,,330476,18,0,8,1,8,,330468,18,0,8,1,8,,330484,18,0,8,1,48,,330512,18,0,8,1,8,,330452,18,0,8,1,7,,330524,18,0,8,1,7,,330529,18,0,8,1,7,,330506,18,0,8,1,7,,330519,18,0,8,1,7,,330495,18,0,8,1,7,,330531,18,0,8,1,7,,330477,18,0,8,1,47,,330469,18,0,8,1,7,,330485,18,0,8,1,7,,330513,18,0,8,1,8,,330453,18,0,8,1,9,,330525,18,0,8,1,10,,330507,18,0,8,1,10,,330520,18,0,8,1,50,,330496,18,0,8,1,8,,330478,18,0,8,1,8,,330470,18,0,8,1,6,,330486,18,0,8,1,8,,330514,18,0,8,1,7,,330454,18,0,8,1,7,,330530,18,0,8,1,7,,330526,18,0,8,1,47,,330508,18,0,8,1,8,,330532,18,0,8,1,7,,330521,18,0,8,1,7,,330497,18,0,8,1,8,,330479,18,0,8,1,8,,330487,18,0,8,1,9,,330515,18,0,8,1,50,,330455,18,0,8,1,10,,330527,18,0,8,1,11,,330533,18,0,8,1,17,,330498,18,0,8,1,17,,330488,18,0,8,1,57,,330456,18,0,8,1,18,,330534,18,0,8,1,19,,330499,18,0,8,1,57,,330457,18,0,8,1,18,,330489,18,0,8,1,18,,330535,18,0,8,1,58,,330458,18,0,8,1,16,,330500,18,0,8,1,17,,330490,18,0,8,1,19,,330459,18,0,8,1,60,,330536,18,0,8,1,21,,330501,18,0,8,1,24,,330460,18,0,8,1,69,,330537,18,0,8,1,29,,330461,18,0,8,1,70,,330538,18,0,8,1
16503,'H50S200F-80-F2',619,,330539,18,0,8,1,28,,330556,18,0,8,1,60,,330565,18,0,8,1,21,,330540,18,0,8,1,27,,330557,18,0,8,1,67,,330566,18,0,8,1,28,,330541,18,0,8,1,64,,330558,18,0,8,1,17,,330574,18,0,8,1,14,,330567,18,0,8,1,56,,330542,18,0,8,1,13,,330596,18,0,8,1,13,,330585,18,0,8,1,13,,330559,18,0,8,1,13,,330575,18,0,8,1,52,,330603,18,0,8,1,12,,330543,18,0,8,1,11,,330597,18,0,8,1,10,,330610,18,0,8,1,9,,330586,18,0,8,1,10,,330560,18,0,8,1,45,,330568,18,0,8,1,10,,330576,18,0,8,1,11,,330604,18,0,8,1,9,,330544,18,0,8,1,9,,330616,18,0,8,1,9,,330598,18,0,8,1,9,,330611,18,0,8,1,50,,330587,18,0,8,1,10,,330569,18,0,8,1,7,,330561,18,0,8,1,8,,330577,18,0,8,1,8,,330605,18,0,8,1,8,,330545,18,0,8,1,8,,330617,18,0,8,1,48,,330622,18,0,8,1,7,,330599,18,0,8,1,7,,330612,18,0,8,1,7,,330588,18,0,8,1,9,,330570,18,0,8,1,8,,330562,18,0,8,1,8,,330578,18,0,8,1,48,,330606,18,0,8,1,8,,330546,18,0,8,1,7,,330618,18,0,8,1,7,,330623,18,0,8,1,7,,330600,18,0,8,1,7,,330613,18,0,8,1,7,,330589,18,0,8,1,7,,330625,18,0,8,1,7,,330571,18,0,8,1,47,,330563,18,0,8,1,7,,330579,18,0,8,1,7,,330607,18,0,8,1,8,,330547,18,0,8,1,9,,330619,18,0,8,1,10,,330601,18,0,8,1,10,,330614,18,0,8,1,50,,330590,18,0,8,1,8,,330572,18,0,8,1,8,,330564,18,0,8,1,6,,330580,18,0,8,1,8,,330608,18,0,8,1,7,,330548,18,0,8,1,7,,330624,18,0,8,1,7,,330620,18,0,8,1,47,,330602,18,0,8,1,8,,330626,18,0,8,1,7,,330615,18,0,8,1,7,,330591,18,0,8,1,8,,330573,18,0,8,1,8,,330581,18,0,8,1,9,,330609,18,0,8,1,50,,330549,18,0,8,1,10,,330621,18,0,8,1,11,,330627,18,0,8,1,17,,330592,18,0,8,1,17,,330582,18,0,8,1,57,,330550,18,0,8,1,18,,330628,18,0,8,1,19,,330593,18,0,8,1,57,,330551,18,0,8,1,18,,330583,18,0,8,1,18,,330629,18,0,8,1,58,,330552,18,0,8,1,16,,330594,18,0,8,1,17,,330584,18,0,8,1,19,,330553,18,0,8,1,60,,330630,18,0,8,1,21,,330595,18,0,8,1,24,,330554,18,0,8,1,69,,330631,18,0,8,1,29,,330555,18,0,8,1,70,,330632,18,0,8,1
36903,'H50S000A-82-A',2546,,346958,22,0,8,2,70,,346961,22,0,8,1,17,,346952,22,0,8,1,12,,346953,22,0,8,1,11,,346956,22,0,8,1,50,,346959,22,0,8,2,11,,346962,22,0,8,1,13,,346964,22,0,8,2,16,,346954,22,0,8,1,57,,346957,22,0,8,1,14,,346960,22,0,8,2,13,,346963,22,0,8,1,14,,346955,22,0,8,1
36903,'H50S000I-82-I',2547,,346969,22,0,8,1,85,,346967,22,0,8,2,78,,346966,22,0,8,2,24,,346970,22,0,8,1,24,,346968,22,0,8,2,83,,346965,22,0,8,2
36903,'H50S000S-82-S',2547,,346974,22,0,8,1,12,,346971,22,0,8,1,66,,346977,22,0,8,1,22,,346975,22,0,8,1,79,,346972,22,0,8,1,80,,346976,22,0,8,1,37,,346973,22,0,8,1
36903,'H50S000S-82-SV',2611,,346978,22,0,8,2,23,,346979,22,0,8,2,72,,346981,22,0,8,2,40,,346980,22,0,8,2
36903,'H50S100F-80-F1',2547,,346986,22,0,8,1,85,,346984,22,0,8,2,78,,346983,22,0,8,2,24,,346987,22,0,8,1,24,,346985,22,0,8,2,83,,346982,22,0,8,2
36903,'H50S200F-80-F2',2547,,346992,22,0,8,1,85,,346990,22,0,8,2,78,,346989,22,0,8,2,24,,346993,22,0,8,1,24,,346991,22,0,8,2,83,,346988,22,0,8,2
