10701,'H56S000A-80-A',510,,317951,9,0,5,1,31,,317962,9,0,5,2,73,,317971,9,0,5,2,30,,317952,9,0,5,1,72,,317963,9,0,5,2,33,,317972,9,0,5,2,71,,317953,9,0,5,1,29,,317981,9,0,5,1,68,,317964,9,0,5,2,29,,317973,9,0,5,2,69,,317954,9,0,5,1,31,,317982,9,0,5,1,70,,317965,9,0,5,2,30,,317974,9,0,5,2,70,,317955,9,0,5,1,30,,317983,9,0,5,1,70,,317966,9,0,5,2,30,,317975,9,0,5,2,70,,317956,9,0,5,1,30,,317984,9,0,5,1,70,,317967,9,0,5,2,30,,317976,9,0,5,2,70,,317957,9,0,5,1,30,,317985,9,0,5,1,70,,317968,9,0,5,2,30,,317977,9,0,5,2,70,,317958,9,0,5,1,30,,317986,9,0,5,1,70,,317969,9,0,5,2,30,,317978,9,0,5,2,70,,317959,9,0,5,1,30,,317987,9,0,5,1,70,,317970,9,0,5,2,30,,317979,9,0,5,2,70,,317960,9,0,5,1,30,,317988,9,0,5,1,70,,317990,9,0,5,2,29,,317980,9,0,5,2,69,,317961,9,0,5,1,30,,317989,9,0,5,1,71,,317991,9,0,5,2
10701,'H56S000I-80-I',510,,317993,9,0,5,1,31,,318020,9,0,5,1,72,,318004,9,0,5,2,30,,317994,9,0,5,1,70,,318010,9,0,5,1,33,,318005,9,0,5,2,72,,317995,9,0,5,1,31,,318011,9,0,5,1,71,,318021,9,0,5,1,29,,318006,9,0,5,2,68,,317996,9,0,5,1,29,,318012,9,0,5,1,70,,318022,9,0,5,1,30,,318007,9,0,5,2,70,,317997,9,0,5,1,30,,318013,9,0,5,1,70,,318023,9,0,5,1,30,,318008,9,0,5,2,70,,317998,9,0,5,1,30,,318014,9,0,5,1,70,,317992,9,0,5,1,31,,318009,9,0,5,2,71,,317999,9,0,5,1,32,,318015,9,0,5,1,72,,318024,9,0,5,2,32,,318028,9,0,5,1,71,,318000,9,0,5,1,29,,318016,9,0,5,1,68,,318025,9,0,5,2,28,,318029,9,0,5,1,68,,318001,9,0,5,1,29,,318017,9,0,5,1,69,,318026,9,0,5,2,30,,318030,9,0,5,1,70,,318002,9,0,5,1,28,,318018,9,0,5,1,69,,318027,9,0,5,2,29,,318031,9,0,5,1,69,,318003,9,0,5,1,33,,318019,9,0,5,1
10701,'H56S000S-82-S',505,,318058,9,0,5,1,22,,318039,9,0,5,2,16,,318033,9,0,5,1,57,,318041,9,0,5,2,17,,318047,9,0,5,2,16,,318049,9,0,5,2,12,,318059,9,0,5,1,12,,318061,9,0,5,1,51,,318040,9,0,5,2,10,,318051,9,0,5,2,10,,318057,9,0,5,2,8,,318034,9,0,5,1,7,,318060,9,0,5,2,6,,318036,9,0,5,2,6,,318042,9,0,5,2,48,,318066,9,0,5,2,10,,318048,9,0,5,2,12,,318080,9,0,5,1,12,,318050,9,0,5,2,12,,318037,9,0,5,2,52,,318062,9,0,5,1,12,,318038,9,0,5,2,11,,318052,9,0,5,2,14,,318035,9,0,5,1,64,,318043,9,0,5,2,28,,318081,9,0,5,1,28,,318063,9,0,5,1,69,,318053,9,0,5,2,29,,318044,9,0,5,2,68,,318082,9,0,5,1,27,,318064,9,0,5,1,70,,318054,9,0,5,2,29,,318045,9,0,5,2,71,,318083,9,0,5,1,25,,318065,9,0,5,1,62,,318071,9,0,5,1,23,,318055,9,0,5,2,22,,318046,9,0,5,2,62,,318089,9,0,5,1,22,,318032,9,0,5,1,22,,318084,9,0,5,2,62,,318072,9,0,5,1,22,,318056,9,0,5,2,67,,318076,9,0,5,2,27,,318067,9,0,5,1,69,,318085,9,0,5,2,31,,318073,9,0,5,1,68,,318077,9,0,5,2,27,,318068,9,0,5,1,27,,318086,9,0,5,2,67,,318074,9,0,5,1,28,,318078,9,0,5,2,68,,318069,9,0,5,1,28,,318087,9,0,5,2,68,,318075,9,0,5,1,28,,318079,9,0,5,2,70,,318070,9,0,5,1,32,,318088,9,0,5,2
10701,'H56S100F-80-F1',510,,318091,9,0,5,1,31,,318118,9,0,5,1,72,,318102,9,0,5,2,30,,318092,9,0,5,1,70,,318108,9,0,5,1,33,,318103,9,0,5,2,72,,318093,9,0,5,1,31,,318109,9,0,5,1,71,,318119,9,0,5,1,29,,318104,9,0,5,2,68,,318094,9,0,5,1,29,,318110,9,0,5,1,70,,318120,9,0,5,1,30,,318105,9,0,5,2,70,,318095,9,0,5,1,30,,318111,9,0,5,1,70,,318121,9,0,5,1,30,,318106,9,0,5,2,70,,318096,9,0,5,1,30,,318112,9,0,5,1,70,,318090,9,0,5,1,31,,318107,9,0,5,2,71,,318097,9,0,5,1,32,,318113,9,0,5,1,72,,318122,9,0,5,2,32,,318126,9,0,5,1,71,,318098,9,0,5,1,29,,318114,9,0,5,1,68,,318123,9,0,5,2,28,,318127,9,0,5,1,68,,318099,9,0,5,1,29,,318115,9,0,5,1,69,,318124,9,0,5,2,30,,318128,9,0,5,1,70,,318100,9,0,5,1,28,,318116,9,0,5,1,69,,318125,9,0,5,2,29,,318129,9,0,5,1,69,,318101,9,0,5,1,33,,318117,9,0,5,1
10701,'H56S200F-80-F2',510,,318131,9,0,5,1,31,,318158,9,0,5,1,72,,318142,9,0,5,2,30,,318132,9,0,5,1,70,,318148,9,0,5,1,33,,318143,9,0,5,2,72,,318133,9,0,5,1,31,,318149,9,0,5,1,71,,318159,9,0,5,1,29,,318144,9,0,5,2,68,,318134,9,0,5,1,29,,318150,9,0,5,1,70,,318160,9,0,5,1,30,,318145,9,0,5,2,70,,318135,9,0,5,1,30,,318151,9,0,5,1,70,,318161,9,0,5,1,30,,318146,9,0,5,2,70,,318136,9,0,5,1,30,,318152,9,0,5,1,70,,318130,9,0,5,1,31,,318147,9,0,5,2,71,,318137,9,0,5,1,32,,318153,9,0,5,1,72,,318162,9,0,5,2,32,,318166,9,0,5,1,71,,318138,9,0,5,1,29,,318154,9,0,5,1,68,,318163,9,0,5,2,28,,318167,9,0,5,1,68,,318139,9,0,5,1,29,,318155,9,0,5,1,69,,318164,9,0,5,2,30,,318168,9,0,5,1,70,,318140,9,0,5,1,28,,318156,9,0,5,1,69,,318165,9,0,5,2,29,,318169,9,0,5,1,69,,318141,9,0,5,1,33,,318157,9,0,5,1
11404,'H56S000A-80-A',527,,320359,28,0,9,1,29,,320352,28,0,9,1,69,,320367,28,0,9,1,29,,320360,28,0,9,1,69,,320353,28,0,9,1,29,,320368,28,0,9,1,70,,320361,28,0,9,1,30,,320354,28,0,9,1,70,,320369,28,0,9,1,31,,320362,28,0,9,1,70,,320375,28,0,9,2,31,,320370,28,0,9,1,72,,320363,28,0,9,1,32,,320376,28,0,9,2,72,,320371,28,0,9,1,72,,320364,28,0,9,1,33,,320377,28,0,9,2,72,,320372,28,0,9,1,32,,320365,28,0,9,1,73,,320378,28,0,9,2,33,,320373,28,0,9,1,73,,320366,28,0,9,1,33,,320379,28,0,9,2,72,,320374,28,0,9,1,29,,320351,28,0,9,2,69,,320381,28,0,9,1,30,,320380,28,0,9,2,70,,320358,28,0,9,1,31,,320382,28,0,9,1,70,,320355,28,0,9,1,30,,320387,28,0,9,1,70,,320383,28,0,9,1,30,,320356,28,0,9,1,70,,320388,28,0,9,1,30,,320384,28,0,9,1,70,,320357,28,0,9,1,30,,320389,28,0,9,1,70,,320385,28,0,9,1,31,,320391,28,0,9,1,71,,320390,28,0,9,1,31,,320386,28,0,9,1
11404,'H56S000I-80-I',526,,320425,28,0,9,2,30,,320409,28,0,9,2,69,,320417,28,0,9,1,29,,320426,28,0,9,2,69,,320410,28,0,9,2,29,,320418,28,0,9,1,69,,320427,28,0,9,2,30,,320411,28,0,9,2,71,,320419,28,0,9,1,31,,320428,28,0,9,2,72,,320412,28,0,9,2,31,,320420,28,0,9,1,71,,320429,28,0,9,2,31,,320413,28,0,9,2,72,,320421,28,0,9,1,72,,320401,28,0,9,1,33,,320414,28,0,9,2,74,,320422,28,0,9,1,32,,320402,28,0,9,1,73,,320415,28,0,9,2,33,,320423,28,0,9,1,72,,320403,28,0,9,1,33,,320416,28,0,9,2,73,,320424,28,0,9,1,32,,320404,28,0,9,1,68,,320392,28,0,9,1,29,,320405,28,0,9,2,70,,320397,28,0,9,1,31,,320393,28,0,9,1,70,,320406,28,0,9,2,30,,320398,28,0,9,1,70,,320394,28,0,9,1,29,,320407,28,0,9,2,70,,320399,28,0,9,1,30,,320395,28,0,9,1,70,,320408,28,0,9,2,29,,320400,28,0,9,1,70,,320396,28,0,9,1,30,,320430,28,0,9,2,70,,320431,28,0,9,2
11404,'H56S000S-82-S',518,,320439,28,0,9,1,32,,320438,28,0,9,1,73,,320465,28,0,9,1,31,,320440,28,0,9,1,71,,320432,28,0,9,1,30,,320457,28,0,9,1,70,,320466,28,0,9,1,29,,320441,28,0,9,1,67,,320433,28,0,9,1,30,,320458,28,0,9,1,69,,320467,28,0,9,1,29,,320442,28,0,9,1,68,,320434,28,0,9,1,31,,320459,28,0,9,1,71,,320468,28,0,9,1,31,,320443,28,0,9,1,72,,320450,28,0,9,1,32,,320471,28,0,9,1,73,,320435,28,0,9,1,73,,320460,28,0,9,1,35,,320469,28,0,9,1,74,,320444,28,0,9,1,37,,320451,28,0,9,1,71,,320461,28,0,9,1,31,,320470,28,0,9,2,72,,320445,28,0,9,1,28,,320452,28,0,9,1,71,,320462,28,0,9,1,33,,320446,28,0,9,1,71,,320453,28,0,9,1,31,,320463,28,0,9,1,71,,320447,28,0,9,1,31,,320454,28,0,9,1,69,,320464,28,0,9,1,30,,320448,28,0,9,1,71,,320455,28,0,9,1,31,,320436,28,0,9,1,71,,320449,28,0,9,1,31,,320456,28,0,9,1,70,,320437,28,0,9,1
11404,'H56S100F-80-F1',526,,320505,28,0,9,2,30,,320489,28,0,9,2,69,,320497,28,0,9,1,29,,320506,28,0,9,2,69,,320490,28,0,9,2,29,,320498,28,0,9,1,69,,320507,28,0,9,2,30,,320491,28,0,9,2,71,,320499,28,0,9,1,31,,320508,28,0,9,2,72,,320492,28,0,9,2,31,,320500,28,0,9,1,71,,320509,28,0,9,2,31,,320493,28,0,9,2,72,,320501,28,0,9,1,72,,320481,28,0,9,1,33,,320494,28,0,9,2,74,,320502,28,0,9,1,32,,320482,28,0,9,1,73,,320495,28,0,9,2,33,,320503,28,0,9,1,72,,320483,28,0,9,1,33,,320496,28,0,9,2,73,,320504,28,0,9,1,32,,320484,28,0,9,1,68,,320472,28,0,9,1,29,,320485,28,0,9,2,70,,320477,28,0,9,1,31,,320473,28,0,9,1,70,,320486,28,0,9,2,30,,320478,28,0,9,1,70,,320474,28,0,9,1,29,,320487,28,0,9,2,70,,320479,28,0,9,1,30,,320475,28,0,9,1,70,,320488,28,0,9,2,29,,320480,28,0,9,1,70,,320476,28,0,9,1,30,,320510,28,0,9,2,70,,320511,28,0,9,2
11404,'H56S200F-80-F2',526,,320545,28,0,9,2,30,,320529,28,0,9,2,69,,320537,28,0,9,1,29,,320546,28,0,9,2,69,,320530,28,0,9,2,29,,320538,28,0,9,1,69,,320547,28,0,9,2,30,,320531,28,0,9,2,71,,320539,28,0,9,1,31,,320548,28,0,9,2,72,,320532,28,0,9,2,31,,320540,28,0,9,1,71,,320549,28,0,9,2,31,,320533,28,0,9,2,72,,320541,28,0,9,1,72,,320521,28,0,9,1,33,,320534,28,0,9,2,74,,320542,28,0,9,1,32,,320522,28,0,9,1,73,,320535,28,0,9,2,33,,320543,28,0,9,1,72,,320523,28,0,9,1,33,,320536,28,0,9,2,73,,320544,28,0,9,1,32,,320524,28,0,9,1,68,,320512,28,0,9,1,29,,320525,28,0,9,2,70,,320517,28,0,9,1,31,,320513,28,0,9,1,70,,320526,28,0,9,2,30,,320518,28,0,9,1,70,,320514,28,0,9,1,29,,320527,28,0,9,2,70,,320519,28,0,9,1,30,,320515,28,0,9,1,70,,320528,28,0,9,2,29,,320520,28,0,9,1,70,,320516,28,0,9,1,30,,320550,28,0,9,2,70,,320551,28,0,9,2
