16401,'H60S000A-80-A',541,,329687,7,0,5,1,73,,329674,7,0,5,1,29,,329701,7,0,5,2,68,,329688,7,0,5,1,28,,329675,7,0,5,1,68,,329702,7,0,5,2,30,,329689,7,0,5,1,69,,329676,7,0,5,1,29,,329703,7,0,5,2,69,,329690,7,0,5,1,29,,329677,7,0,5,1,69,,329704,7,0,5,2,31,,329691,7,0,5,1,70,,329678,7,0,5,1,30,,329705,7,0,5,2,71,,329692,7,0,5,1,30,,329679,7,0,5,1,70,,329706,7,0,5,2,32,,329693,7,0,5,1,70,,329680,7,0,5,1,31,,329707,7,0,5,2,72,,329694,7,0,5,1,31,,329681,7,0,5,1,72,,329708,7,0,5,2,33,,329695,7,0,5,1,72,,329682,7,0,5,1,30,,329709,7,0,5,2,70,,329696,7,0,5,1,28,,329683,7,0,5,1,67,,329710,7,0,5,2,28,,329697,7,0,5,1,69,,329684,7,0,5,1,28,,329711,7,0,5,2,69,,329698,7,0,5,1,30,,329685,7,0,5,1,70,,329712,7,0,5,2,30,,329699,7,0,5,1,70,,329686,7,0,5,1,30,,329713,7,0,5,2,70,,329700,7,0,5,1
16401,'H60S000I-81-I',541,,329735,7,0,5,1,73,,329726,7,0,5,1,29,,329714,7,0,5,1,68,,329736,7,0,5,1,28,,329727,7,0,5,1,68,,329715,7,0,5,1,30,,329737,7,0,5,1,69,,329728,7,0,5,1,29,,329716,7,0,5,1,69,,329738,7,0,5,1,29,,329729,7,0,5,1,70,,329717,7,0,5,1,30,,329739,7,0,5,1,70,,329730,7,0,5,1,30,,329718,7,0,5,1,71,,329740,7,0,5,1,30,,329731,7,0,5,1,70,,329719,7,0,5,1,32,,329741,7,0,5,1,70,,329732,7,0,5,1,31,,329720,7,0,5,1,72,,329742,7,0,5,1,33,,329733,7,0,5,1,73,,329721,7,0,5,1,33,,329743,7,0,5,1,71,,329734,7,0,5,1,29,,329722,7,0,5,1,69,,329744,7,0,5,1,28,,329750,7,0,5,2,67,,329723,7,0,5,1,28,,329745,7,0,5,1,69,,329751,7,0,5,2,28,,329724,7,0,5,1,69,,329746,7,0,5,1,30,,329752,7,0,5,2,70,,329725,7,0,5,1,30,,329747,7,0,5,1,70,,329753,7,0,5,2,28,,329749,7,0,5,1,67,,329748,7,0,5,1
16401,'H60S000S-83-S',527,,329763,7,0,5,1,19,,329769,7,0,5,2,59,,329774,7,0,5,1,20,,329761,7,0,5,1,14,,329767,7,0,5,1,10,,329754,7,0,5,2,10,,329757,7,0,5,1,50,,329764,7,0,5,1,11,,329759,7,0,5,1,11,,329770,7,0,5,2,10,,329775,7,0,5,1,10,,329781,7,0,5,2,52,,329762,7,0,5,1,17,,329768,7,0,5,1,21,,329755,7,0,5,2,64,,329765,7,0,5,1,25,,329776,7,0,5,1,24,,329760,7,0,5,1,65,,329756,7,0,5,2,29,,329766,7,0,5,1,70,,329777,7,0,5,1,25,,329771,7,0,5,1,64,,329782,7,0,5,1,24,,329783,7,0,5,1,25,,329778,7,0,5,1,64,,329772,7,0,5,1,23,,329787,7,0,5,1,63,,329779,7,0,5,1,21,,329784,7,0,5,1,21,,329788,7,0,5,1,63,,329773,7,0,5,1,20,,329802,7,0,5,1,22,,329780,7,0,5,1,61,,329785,7,0,5,1,19,,329801,7,0,5,1,16,,329789,7,0,5,1,55,,329800,7,0,5,2,15,,329758,7,0,5,1,15,,329803,7,0,5,1,19,,329795,7,0,5,2,63,,329786,7,0,5,1,28,,329790,7,0,5,1,72,,329804,7,0,5,1,32,,329796,7,0,5,2,72,,329791,7,0,5,1,30,,329805,7,0,5,1,72,,329797,7,0,5,2,33,,329792,7,0,5,1,72,,329806,7,0,5,1,73,,329798,7,0,5,2,28,,329793,7,0,5,1,28,,329807,7,0,5,1,69,,329799,7,0,5,2,33,,329794,7,0,5,1
16401,'H60S100F-80-F1',541,,329830,7,0,5,1,73,,329819,7,0,5,2,29,,329808,7,0,5,1,68,,329831,7,0,5,1,28,,329820,7,0,5,2,68,,329809,7,0,5,1,30,,329832,7,0,5,1,69,,329821,7,0,5,2,29,,329810,7,0,5,1,69,,329833,7,0,5,1,29,,329822,7,0,5,2,70,,329811,7,0,5,1,30,,329834,7,0,5,1,70,,329823,7,0,5,2,30,,329812,7,0,5,1,71,,329835,7,0,5,1,30,,329824,7,0,5,2,70,,329813,7,0,5,1,32,,329836,7,0,5,1,70,,329825,7,0,5,2,31,,329814,7,0,5,1,72,,329837,7,0,5,1,33,,329826,7,0,5,2,73,,329815,7,0,5,1,33,,329838,7,0,5,1,71,,329827,7,0,5,2,29,,329816,7,0,5,1,69,,329839,7,0,5,1,28,,329844,7,0,5,2,67,,329817,7,0,5,1,28,,329840,7,0,5,1,69,,329845,7,0,5,2,28,,329818,7,0,5,1,69,,329841,7,0,5,1,30,,329846,7,0,5,2,70,,329828,7,0,5,1,30,,329842,7,0,5,1,70,,329847,7,0,5,2,28,,329829,7,0,5,1,67,,329843,7,0,5,1
16401,'H60S200F-80-F2',541,,329870,7,0,5,1,73,,329859,7,0,5,2,29,,329848,7,0,5,1,68,,329871,7,0,5,1,28,,329860,7,0,5,2,68,,329849,7,0,5,1,30,,329872,7,0,5,1,69,,329861,7,0,5,2,29,,329850,7,0,5,1,69,,329873,7,0,5,1,29,,329862,7,0,5,2,70,,329851,7,0,5,1,30,,329874,7,0,5,1,70,,329863,7,0,5,2,30,,329852,7,0,5,1,71,,329875,7,0,5,1,30,,329864,7,0,5,2,70,,329853,7,0,5,1,32,,329876,7,0,5,1,70,,329865,7,0,5,2,31,,329854,7,0,5,1,72,,329877,7,0,5,1,33,,329866,7,0,5,2,73,,329855,7,0,5,1,33,,329878,7,0,5,1,71,,329867,7,0,5,2,29,,329856,7,0,5,1,69,,329879,7,0,5,1,28,,329884,7,0,5,2,67,,329857,7,0,5,1,28,,329880,7,0,5,1,69,,329885,7,0,5,2,28,,329858,7,0,5,1,69,,329881,7,0,5,1,30,,329886,7,0,5,2,70,,329868,7,0,5,1,30,,329882,7,0,5,1,70,,329887,7,0,5,2,28,,329869,7,0,5,1,67,,329883,7,0,5,1
17701,'H58S000S-83-S',1544,,333407,4,0,5,2
17701,'H60S000A-80-A',531,,333408,4,0,5,1,27,,333421,4,0,5,1,70,,333429,4,0,5,1,31,,333409,4,0,5,1,71,,333422,4,0,5,1,71,,333430,4,0,5,1,29,,333410,4,0,5,1,29,,333423,4,0,5,1,70,,333431,4,0,5,1,29,,333411,4,0,5,1,70,,333424,4,0,5,1,31,,333432,4,0,5,1,70,,333412,4,0,5,1,28,,333425,4,0,5,1,60,,333434,4,0,5,2,17,,333433,4,0,5,1,16,,333437,4,0,5,2,62,,333413,4,0,5,1,23,,333426,4,0,5,1,23,,333435,4,0,5,2,64,,333438,4,0,5,2,24,,333414,4,0,5,1,66,,333427,4,0,5,1,23,,333441,4,0,5,2,23,,333436,4,0,5,2,60,,333415,4,0,5,1,20,,333443,4,0,5,2,20,,333428,4,0,5,1,61,,333442,4,0,5,2,23,,333449,4,0,5,2,63,,333416,4,0,5,1,27,,333444,4,0,5,2,69,,333439,4,0,5,2,30,,333450,4,0,5,2,70,,333417,4,0,5,1,30,,333445,4,0,5,2,70,,333440,4,0,5,2,30,,333418,4,0,5,1,70,,333446,4,0,5,2,30,,333419,4,0,5,1,70,,333447,4,0,5,2,30,,333420,4,0,5,1,70,,333448,4,0,5,2
17701,'H60S000I-81-I',531,,333451,4,0,5,1,70,,333462,4,0,5,2,30,,333472,4,0,5,2,69,,333452,4,0,5,1,30,,333463,4,0,5,2,70,,333473,4,0,5,2,30,,333453,4,0,5,1,70,,333464,4,0,5,2,30,,333474,4,0,5,2,29,,333454,4,0,5,1,69,,333465,4,0,5,2,29,,333475,4,0,5,2,70,,333455,4,0,5,1,31,,333466,4,0,5,2,71,,333476,4,0,5,2,27,,333456,4,0,5,1,73,,333467,4,0,5,2,30,,333477,4,0,5,2,68,,333457,4,0,5,1,73,,333468,4,0,5,2,31,,333478,4,0,5,2,28,,333458,4,0,5,1,64,,333489,4,0,5,2,22,,333469,4,0,5,2,72,,333479,4,0,5,2,30,,333459,4,0,5,1,69,,333470,4,0,5,2,33,,333480,4,0,5,2,68,,333460,4,0,5,1,27,,333471,4,0,5,2,65,,333481,4,0,5,1,25,,333485,4,0,5,2,66,,333461,4,0,5,1,30,,333482,4,0,5,1,70,,333486,4,0,5,2,30,,333483,4,0,5,1,70,,333487,4,0,5,2,30,,333484,4,0,5,1,29,,333488,4,0,5,2
17701,'H60S000S-83-S',521,,333494,4,0,5,1,30,,333502,4,0,5,2,70,,333492,4,0,5,2,30,,333491,4,0,5,1,69,,333507,4,0,5,2,32,,333505,4,0,5,1,70,,333506,4,0,5,2,31,,333508,4,0,5,1,72,,333512,4,0,5,2,30,,333503,4,0,5,1,69,,333509,4,0,5,1,29,,333493,4,0,5,1,69,,333513,4,0,5,2,29,,333490,4,0,5,2,69,,333495,4,0,5,1,30,,333516,4,0,5,2,71,,333514,4,0,5,2,26,,333510,4,0,5,1,61,,333496,4,0,5,1,20,,333525,4,0,5,2,21,,333532,4,0,5,2,55,,333515,4,0,5,2,9,,333537,4,0,5,2,9,,333517,4,0,5,1,7,,333540,4,0,5,1,8,,333511,4,0,5,1,14,,333535,4,0,5,2,51,,333541,4,0,5,2,10,,333526,4,0,5,2,9,,333524,4,0,5,1,8,,333533,4,0,5,1,12,,333497,4,0,5,1,12,,333527,4,0,5,2,52,,333504,4,0,5,1,12,,333518,4,0,5,1,11,,333498,4,0,5,1,12,,333536,4,0,5,2,12,,333519,4,0,5,2,56,,333534,4,0,5,1,18,,333538,4,0,5,1,21,,333528,4,0,5,2,65,,333499,4,0,5,1,26,,333520,4,0,5,2,70,,333539,4,0,5,1,29,,333529,4,0,5,2,72,,333500,4,0,5,1,28,,333521,4,0,5,2,68,,333530,4,0,5,2,28,,333501,4,0,5,1,69,,333522,4,0,5,2,29,,333531,4,0,5,1,72,,333523,4,0,5,2
17701,'H60S100F-80-F1',531,,333542,4,0,5,1,70,,333555,4,0,5,2,30,,333565,4,0,5,2,69,,333543,4,0,5,1,30,,333556,4,0,5,2,70,,333566,4,0,5,2,30,,333544,4,0,5,1,70,,333557,4,0,5,2,30,,333567,4,0,5,2,29,,333545,4,0,5,1,69,,333558,4,0,5,2,29,,333568,4,0,5,2,70,,333546,4,0,5,1,31,,333559,4,0,5,2,71,,333569,4,0,5,2,27,,333547,4,0,5,1,73,,333560,4,0,5,2,30,,333570,4,0,5,2,68,,333548,4,0,5,1,73,,333561,4,0,5,2,31,,333571,4,0,5,2,28,,333549,4,0,5,1,64,,333574,4,0,5,1,22,,333562,4,0,5,2,72,,333572,4,0,5,2,30,,333550,4,0,5,1,69,,333563,4,0,5,2,33,,333573,4,0,5,2,68,,333551,4,0,5,1,27,,333564,4,0,5,2,65,,333579,4,0,5,1,25,,333575,4,0,5,1,66,,333552,4,0,5,1,30,,333580,4,0,5,1,70,,333576,4,0,5,1,30,,333553,4,0,5,1,70,,333577,4,0,5,1,30,,333554,4,0,5,1,29,,333578,4,0,5,1
17701,'H60S200F-80-F2',531,,333581,4,0,5,1,70,,333594,4,0,5,2,30,,333604,4,0,5,2,69,,333582,4,0,5,1,30,,333595,4,0,5,2,70,,333605,4,0,5,2,30,,333583,4,0,5,1,70,,333596,4,0,5,2,30,,333606,4,0,5,2,29,,333584,4,0,5,1,69,,333597,4,0,5,2,29,,333607,4,0,5,2,70,,333585,4,0,5,1,31,,333598,4,0,5,2,71,,333608,4,0,5,2,27,,333586,4,0,5,1,73,,333599,4,0,5,2,30,,333609,4,0,5,2,68,,333587,4,0,5,1,73,,333600,4,0,5,2,31,,333610,4,0,5,2,28,,333588,4,0,5,1,64,,333613,4,0,5,1,22,,333601,4,0,5,2,72,,333611,4,0,5,2,30,,333589,4,0,5,1,69,,333602,4,0,5,2,33,,333612,4,0,5,2,68,,333590,4,0,5,1,27,,333603,4,0,5,2,65,,333618,4,0,5,1,25,,333614,4,0,5,1,66,,333591,4,0,5,1,30,,333619,4,0,5,1,70,,333615,4,0,5,1,30,,333592,4,0,5,1,70,,333616,4,0,5,1,30,,333593,4,0,5,1,29,,333617,4,0,5,1
