3402,'H59S000A-80-A',527,,295729,11,0,10,1,29,,295751,11,0,10,2,72,,295730,11,0,10,1,28,,295752,11,0,10,2,66,,295731,11,0,10,1,26,,295753,11,0,10,2,66,,295732,11,0,10,1,28,,295754,11,0,10,2,67,,295733,11,0,10,1,30,,295755,11,0,10,2,69,,295734,11,0,10,1,31,,295756,11,0,10,2,69,,295735,11,0,10,1,31,,295757,11,0,10,2,71,,295736,11,0,10,1,32,,295758,11,0,10,2,71,,295737,11,0,10,1,32,,295759,11,0,10,2,71,,295738,11,0,10,1,33,,295760,11,0,10,2,71,,295739,11,0,10,1,33,,295761,11,0,10,2,72,,295740,11,0,10,1,32,,295762,11,0,10,2,72,,295741,11,0,10,1,71,,295763,11,0,10,2,31,,295742,11,0,10,1,71,,295764,11,0,10,2,28,,295743,11,0,10,1,28,,295765,11,0,10,2,67,,295744,11,0,10,1,28,,295766,11,0,10,2,66,,295745,11,0,10,1,25,,295767,11,0,10,2,66,,295746,11,0,10,1,25,,295768,11,0,10,2,66,,295747,11,0,10,1,25,,295769,11,0,10,2,26,,295748,11,0,10,1,65,,295770,11,0,10,2,25,,295749,11,0,10,1,64,,295771,11,0,10,2,22,,295750,11,0,10,1
3402,'H59S000I-81-I',527,,295772,11,0,10,2,29,,295792,11,0,10,1,71,,295773,11,0,10,2,30,,295793,11,0,10,1,69,,295774,11,0,10,2,29,,295794,11,0,10,1,70,,295775,11,0,10,2,30,,295795,11,0,10,1,71,,295776,11,0,10,2,29,,295796,11,0,10,1,68,,295777,11,0,10,2,28,,295797,11,0,10,1,71,,295778,11,0,10,2,28,,295798,11,0,10,1,71,,295779,11,0,10,2,30,,295799,11,0,10,1,72,,295780,11,0,10,2,30,,295800,11,0,10,1,72,,295781,11,0,10,2,31,,295801,11,0,10,1,71,,295782,11,0,10,2,31,,295802,11,0,10,1,71,,295783,11,0,10,2,71,,295803,11,0,10,1,30,,295784,11,0,10,2,70,,295804,11,0,10,1,30,,295785,11,0,10,2,71,,295805,11,0,10,1,29,,295786,11,0,10,2,28,,295806,11,0,10,1,68,,295787,11,0,10,2,30,,295807,11,0,10,1,70,,295788,11,0,10,2,29,,295808,11,0,10,1,70,,295789,11,0,10,2,31,,295809,11,0,10,1,70,,295790,11,0,10,2,29,,295810,11,0,10,1,70,,295791,11,0,10,2,30,,295811,11,0,10,1,71,,295812,11,0,10,1
3402,'H59S000S-80-S',528,,295821,11,0,10,1,73,,295840,11,0,10,2,33,,295822,11,0,10,1,25,,295841,11,0,10,2,66,,295832,11,0,10,2,20,,295823,11,0,10,1,61,,295842,11,0,10,2,23,,295833,11,0,10,2,23,,295824,11,0,10,1,64,,295843,11,0,10,2,25,,295834,11,0,10,2,70,,295825,11,0,10,1,32,,295835,11,0,10,2,70,,295826,11,0,10,1,32,,295836,11,0,10,2,70,,295827,11,0,10,1,30,,295837,11,0,10,2,72,,295828,11,0,10,1,31,,295838,11,0,10,2,72,,295829,11,0,10,1,28,,295854,11,0,10,1,67,,295844,11,0,10,2,26,,295830,11,0,10,1,66,,295855,11,0,10,1,27,,295845,11,0,10,2,23,,295831,11,0,10,1,68,,295839,11,0,10,2,28,,295846,11,0,10,2,70,,295820,11,0,10,2,30,,295813,11,0,10,1,71,,295847,11,0,10,2,32,,295814,11,0,10,1,70,,295848,11,0,10,2,29,,295815,11,0,10,1,70,,295849,11,0,10,2,30,,295816,11,0,10,1,69,,295850,11,0,10,2,30,,295817,11,0,10,1,70,,295851,11,0,10,2,28,,295818,11,0,10,1,68,,295852,11,0,10,2,29,,295819,11,0,10,1,73,,295853,11,0,10,2
3402,'H59S100F-80-F1',527,,295856,11,0,10,2,29,,295876,11,0,10,1,71,,295857,11,0,10,2,30,,295877,11,0,10,1,69,,295858,11,0,10,2,29,,295878,11,0,10,1,70,,295859,11,0,10,2,30,,295879,11,0,10,1,71,,295860,11,0,10,2,29,,295880,11,0,10,1,68,,295861,11,0,10,2,28,,295881,11,0,10,1,71,,295862,11,0,10,2,28,,295882,11,0,10,1,71,,295863,11,0,10,2,30,,295883,11,0,10,1,72,,295864,11,0,10,2,30,,295884,11,0,10,1,72,,295865,11,0,10,2,31,,295885,11,0,10,1,71,,295866,11,0,10,2,31,,295886,11,0,10,1,71,,295867,11,0,10,2,71,,295887,11,0,10,1,30,,295868,11,0,10,2,70,,295888,11,0,10,1,30,,295869,11,0,10,2,71,,295889,11,0,10,1,29,,295870,11,0,10,2,28,,295890,11,0,10,1,68,,295871,11,0,10,2,30,,295891,11,0,10,1,70,,295872,11,0,10,2,29,,295892,11,0,10,1,70,,295873,11,0,10,2,31,,295893,11,0,10,1,70,,295874,11,0,10,2,29,,295894,11,0,10,1,70,,295875,11,0,10,2,30,,295895,11,0,10,1,71,,295896,11,0,10,1
3402,'H59S200F-80-F2',527,,295897,11,0,10,2,29,,295917,11,0,10,1,71,,295898,11,0,10,2,30,,295918,11,0,10,1,69,,295899,11,0,10,2,29,,295919,11,0,10,1,70,,295900,11,0,10,2,30,,295920,11,0,10,1,71,,295901,11,0,10,2,29,,295921,11,0,10,1,68,,295902,11,0,10,2,28,,295922,11,0,10,1,71,,295903,11,0,10,2,28,,295923,11,0,10,1,71,,295904,11,0,10,2,30,,295924,11,0,10,1,72,,295905,11,0,10,2,30,,295925,11,0,10,1,72,,295906,11,0,10,2,31,,295926,11,0,10,1,71,,295907,11,0,10,2,31,,295927,11,0,10,1,71,,295908,11,0,10,2,71,,295928,11,0,10,1,30,,295909,11,0,10,2,70,,295929,11,0,10,1,30,,295910,11,0,10,2,71,,295930,11,0,10,1,29,,295911,11,0,10,2,28,,295931,11,0,10,1,68,,295912,11,0,10,2,30,,295932,11,0,10,1,70,,295913,11,0,10,2,29,,295933,11,0,10,1,70,,295914,11,0,10,2,31,,295934,11,0,10,1,70,,295915,11,0,10,2,29,,295935,11,0,10,1,70,,295916,11,0,10,2,30,,295936,11,0,10,1,71,,295937,11,0,10,1
35302,'H54S000A-80-A',2545,,346060,74,0,10,1,85,,346058,74,0,10,1,85,,346059,74,0,10,1,87,,346057,74,0,10,2,45,,346061,74,0,10,1
35302,'H54S000I-80-I',2546,,346064,74,0,10,1,85,,346066,74,0,10,1,86,,346062,74,0,10,2,85,,346063,74,0,10,1,45,,346065,74,0,10,1
35302,'H54S000S-80-S',2546,,346069,74,0,10,1,85,,346070,74,0,10,1,85,,346067,74,0,10,1,86,,346071,74,0,10,2,45,,346068,74,0,10,1
35302,'H54S100F-80-F1',2546,,346074,74,0,10,1,85,,346076,74,0,10,1,86,,346072,74,0,10,2,85,,346073,74,0,10,1,45,,346075,74,0,10,1
35302,'H54S200F-80-F2',2546,,346079,74,0,10,1,85,,346081,74,0,10,1,86,,346077,74,0,10,2,85,,346078,74,0,10,1,45,,346080,74,0,10,1
