18901,'H54S000A-80-A',528,,336280,14,0,5,1,29,,336298,14,0,5,1,69,,336320,14,0,5,1,29,,336281,14,0,5,1,70,,336299,14,0,5,1,31,,336321,14,0,5,1,75,,336291,14,0,5,1,72,,336268,14,0,5,1,31,,336322,14,0,5,1,71,,336292,14,0,5,1,29,,336269,14,0,5,1,70,,336305,14,0,5,1,29,,336293,14,0,5,1,69,,336300,14,0,5,1,28,,336306,14,0,5,1,27,,336277,14,0,5,2,59,,336294,14,0,5,1,19,,336301,14,0,5,1,18,,336272,14,0,5,1,58,,336307,14,0,5,1,18,,336278,14,0,5,2,18,,336295,14,0,5,1,60,,336302,14,0,5,1,20,,336273,14,0,5,1,17,,336308,14,0,5,1,56,,336279,14,0,5,2,16,,336296,14,0,5,1,15,,336303,14,0,5,1,14,,336323,14,0,5,1,55,,336309,14,0,5,1,16,,336314,14,0,5,1,15,,336297,14,0,5,1,14,,336270,14,0,5,2,55,,336304,14,0,5,1,13,,336289,14,0,5,1,14,,336310,14,0,5,1,16,,336282,14,0,5,1,57,,336315,14,0,5,1,17,,336271,14,0,5,2,17,,336311,14,0,5,1,18,,336290,14,0,5,1,59,,336283,14,0,5,1,25,,336316,14,0,5,1,66,,336312,14,0,5,1,26,,336284,14,0,5,1,25,,336274,14,0,5,2,64,,336317,14,0,5,1,24,,336313,14,0,5,1,63,,336285,14,0,5,1,23,,336275,14,0,5,2,23,,336287,14,0,5,2,63,,336318,14,0,5,1,24,,336286,14,0,5,1,65,,336276,14,0,5,2,29,,336288,14,0,5,2,70,,336319,14,0,5,1
18901,'H54S000I-80-I',528,,336329,14,0,5,1,29,,336334,14,0,5,2,70,,336344,14,0,5,1,29,,336330,14,0,5,1,69,,336335,14,0,5,2,29,,336345,14,0,5,1,69,,336331,14,0,5,1,30,,336336,14,0,5,2,71,,336346,14,0,5,1,30,,336332,14,0,5,1,70,,336337,14,0,5,2,31,,336359,14,0,5,2,73,,336333,14,0,5,1,72,,336349,14,0,5,1,30,,336360,14,0,5,2,29,,336361,14,0,5,1,70,,336350,14,0,5,1,29,,336338,14,0,5,2,65,,336362,14,0,5,1,23,,336324,14,0,5,2,63,,336351,14,0,5,1,22,,336339,14,0,5,2,19,,336325,14,0,5,2,58,,336363,14,0,5,1,16,,336347,14,0,5,1,16,,336352,14,0,5,1,17,,336348,14,0,5,2,55,,336340,14,0,5,2,16,,336328,14,0,5,1,15,,336364,14,0,5,1,14,,336327,14,0,5,1,54,,336353,14,0,5,1,17,,336326,14,0,5,1,19,,336341,14,0,5,2,64,,336365,14,0,5,1,29,,336354,14,0,5,1,71,,336342,14,0,5,2,30,,336366,14,0,5,1,70,,336355,14,0,5,1,30,,336343,14,0,5,2,70,,336367,14,0,5,1,30,,336356,14,0,5,1,67,,336370,14,0,5,2,28,,336368,14,0,5,1,68,,336357,14,0,5,1,27,,336371,14,0,5,2,69,,336369,14,0,5,1,32,,336358,14,0,5,1
18901,'H54S000S-80-S',527,,336385,14,0,5,1,29,,336394,14,0,5,2,69,,336372,14,0,5,1,33,,336395,14,0,5,2,75,,336396,14,0,5,2,71,,336386,14,0,5,1,27,,336402,14,0,5,2,69,,336408,14,0,5,2,27,,336397,14,0,5,2,28,,336387,14,0,5,1,70,,336403,14,0,5,2,30,,336373,14,0,5,2,67,,336388,14,0,5,1,22,,336409,14,0,5,2,60,,336404,14,0,5,2,20,,336398,14,0,5,2,19,,336412,14,0,5,1,58,,336389,14,0,5,1,19,,336410,14,0,5,2,19,,336405,14,0,5,2,19,,336399,14,0,5,2,59,,336413,14,0,5,1,19,,336390,14,0,5,1,18,,336411,14,0,5,2,49,,336380,14,0,5,2,14,,336406,14,0,5,2,12,,336400,14,0,5,2,11,,336435,14,0,5,1,11,,336414,14,0,5,1,59,,336375,14,0,5,2,9,,336383,14,0,5,1,7,,336391,14,4,,1,5,,336431,14,0,5,2,14,,336415,14,0,5,2,6,,336424,14,0,5,1,7,,336407,14,0,5,2,46,,336392,14,0,5,1,4,,336434,14,0,5,2,7,,336422,14,0,5,2,7,,336436,14,0,5,1,7,,336376,14,4,,2,2,,336382,14,0,5,2,7,,336401,14,0,5,2,8,,336432,14,0,5,2,7,,336384,14,0,5,1,47,,336377,14,0,5,1,9,,336425,14,0,5,1,9,,336393,14,0,5,1,8,,336416,14,4,,2,3,,336379,14,0,5,2,11,,336437,14,0,5,1,12,,336423,14,0,5,2,54,,336417,14,0,5,2,16,,336433,14,0,5,2,19,,336426,14,0,5,1,59,,336440,14,0,5,1,19,,336438,14,0,5,1,18,,336418,14,0,5,2,17,,336381,14,0,5,2,60,,336427,14,0,5,1,20,,336441,14,0,5,1,20,,336374,14,0,5,2,60,,336419,14,0,5,2,24,,336428,14,0,5,1,65,,336442,14,0,5,1,23,,336378,14,0,5,1,21,,336420,14,0,5,2,63,,336429,14,0,5,1,23,,336439,14,0,5,1,71,,336421,14,0,5,2,30,,336430,14,0,5,1
18901,'H54S100F-80-F1',528,,336448,14,0,5,1,29,,336453,14,0,5,2,70,,336463,14,0,5,1,29,,336449,14,0,5,1,69,,336454,14,0,5,2,29,,336464,14,0,5,1,69,,336450,14,0,5,1,30,,336455,14,0,5,2,71,,336465,14,0,5,1,30,,336451,14,0,5,1,70,,336456,14,0,5,2,31,,336478,14,0,5,2,73,,336452,14,0,5,1,72,,336468,14,0,5,1,30,,336479,14,0,5,2,29,,336480,14,0,5,1,70,,336469,14,0,5,1,29,,336457,14,0,5,2,65,,336481,14,0,5,1,23,,336443,14,0,5,2,63,,336470,14,0,5,1,22,,336458,14,0,5,2,19,,336444,14,0,5,2,58,,336482,14,0,5,1,16,,336466,14,0,5,1,16,,336471,14,0,5,1,17,,336467,14,0,5,2,55,,336459,14,0,5,2,16,,336447,14,0,5,1,15,,336483,14,0,5,1,14,,336446,14,0,5,1,54,,336472,14,0,5,1,17,,336445,14,0,5,1,19,,336460,14,0,5,2,64,,336484,14,0,5,1,29,,336473,14,0,5,1,71,,336461,14,0,5,2,30,,336485,14,0,5,1,70,,336474,14,0,5,1,30,,336462,14,0,5,2,70,,336486,14,0,5,1,30,,336475,14,0,5,1,67,,336489,14,0,5,2,28,,336487,14,0,5,1,68,,336476,14,0,5,1,27,,336490,14,0,5,2,69,,336488,14,0,5,1,32,,336477,14,0,5,1
18901,'H54S200F-80-F2',528,,336496,14,0,5,1,29,,336501,14,0,5,2,70,,336511,14,0,5,1,29,,336497,14,0,5,1,69,,336502,14,0,5,2,29,,336512,14,0,5,1,69,,336498,14,0,5,1,30,,336503,14,0,5,2,71,,336513,14,0,5,1,30,,336499,14,0,5,1,70,,336504,14,0,5,2,31,,336526,14,0,5,2,73,,336500,14,0,5,1,72,,336516,14,0,5,1,30,,336527,14,0,5,2,29,,336528,14,0,5,1,70,,336517,14,0,5,1,29,,336505,14,0,5,2,65,,336529,14,0,5,1,23,,336491,14,0,5,2,63,,336518,14,0,5,1,22,,336506,14,0,5,2,19,,336492,14,0,5,2,58,,336530,14,0,5,1,16,,336514,14,0,5,1,16,,336519,14,0,5,1,17,,336515,14,0,5,2,55,,336507,14,0,5,2,16,,336495,14,0,5,1,15,,336531,14,0,5,1,14,,336494,14,0,5,1,54,,336520,14,0,5,1,17,,336493,14,0,5,1,19,,336508,14,0,5,2,64,,336532,14,0,5,1,29,,336521,14,0,5,1,71,,336509,14,0,5,2,30,,336533,14,0,5,1,70,,336522,14,0,5,1,30,,336510,14,0,5,2,70,,336534,14,0,5,1,30,,336523,14,0,5,1,67,,336537,14,0,5,2,28,,336535,14,0,5,1,68,,336524,14,0,5,1,27,,336538,14,0,5,2,69,,336536,14,0,5,1,32,,336525,14,0,5,1
18901,'H59S000S-80-S',1601,,336539,14,0,5,2,38,,336540,14,0,5,2
36201,'H54S000A-80-A',2655,,346656,50,0,5,1,85,,346657,50,0,5,2,85,,346659,50,0,5,1,85,,346658,50,0,5,2
36201,'H54S000I-80-I',2610,,346662,50,0,5,2,45,,346660,50,0,5,1,84,,346664,50,0,5,2,85,,346661,50,0,5,1,85,,346663,50,0,5,2
36201,'H54S000S-80-S',2609,,346667,50,0,5,1,45,,346666,50,0,5,1,85,,346665,50,0,5,1,85,,346669,50,0,5,1,85,,346668,50,0,5,1
36201,'H54S100F-80-F1',2610,,346672,50,0,5,2,45,,346670,50,0,5,1,84,,346674,50,0,5,2,85,,346671,50,0,5,1,85,,346673,50,0,5,2
36201,'H54S200F-80-F2',2610,,346677,50,0,5,2,45,,346675,50,0,5,1,84,,346679,50,0,5,2,85,,346676,50,0,5,1,85,,346678,50,0,5,2
