20201,'H50S000S-82-S',747,,340035,17,0,5,1,868,,340034,17,0,5,1,85,,340033,17,0,5,1
20201,'H60S000A-80-A',642,,340047,57,0,5,1,71,,340036,57,0,5,1,30,,340048,57,0,5,1,71,,340061,57,0,5,1,32,,340064,57,0,5,1,66,,340058,57,0,5,1,29,,340037,57,0,5,1,74,,340049,57,0,5,1,31,,340062,57,0,5,1,69,,340065,57,0,5,1,30,,340059,57,0,5,1,70,,340038,57,0,5,1,27,,340050,57,0,5,1,65,,340044,57,0,5,1,23,,340070,57,0,5,1,24,,340066,57,0,5,1,63,,340043,57,0,5,1,23,,340063,57,0,5,1,62,,340039,57,0,5,1,23,,340051,57,0,5,1,23,,340045,57,0,5,1,62,,340071,57,0,5,1,20,,340067,57,0,5,1,17,,340054,57,0,5,2,57,,340074,57,0,5,1,21,,340068,57,0,5,2,23,,340040,57,0,5,1,61,,340052,57,0,5,1,21,,340046,57,0,5,1,22,,340072,57,0,5,1,67,,340055,57,0,5,2,30,,340075,57,0,5,1,69,,340041,57,0,5,1,28,,340053,57,0,5,1,70,,340073,57,0,5,1,29,,340056,57,0,5,2,67,,340076,57,0,5,1,31,,340042,57,0,5,1,70,,340060,57,0,5,2,30,,340069,57,0,5,1,70,,340057,57,0,5,2,29,,340077,57,0,5,1
20201,'H60S000I-81-I',743,,340092,57,0,5,1,71,,340101,57,0,5,1,32,,340109,57,0,5,1,71,,340111,57,0,5,1,33,,340099,57,0,5,1,73,,340093,57,0,5,1,33,,340102,57,0,5,1,69,,340110,57,0,5,1,30,,340112,57,0,5,1,70,,340100,57,0,5,1,31,,340094,57,0,5,1,70,,340103,57,0,5,1,32,,340080,57,0,5,1,70,,340085,57,0,5,1,73,,340097,57,0,5,1,33,,340095,57,0,5,1,69,,340104,57,0,5,1,32,,340081,57,0,5,1,70,,340086,57,0,5,1,30,,340098,57,0,5,1,73,,340096,57,0,5,1,31,,340105,57,0,5,1,73,,340082,57,0,5,1,31,,340087,57,0,5,1,68,,340078,57,0,5,1,29,,340108,57,0,5,1,68,,340106,57,0,5,1,30,,340083,57,0,5,1,67,,340088,57,0,5,1,27,,340090,57,0,5,1,27,,340079,57,0,5,1,68,,340107,57,0,5,1,27,,340084,57,0,5,1,69,,340089,57,0,5,1,29,,340091,57,0,5,1
20201,'H60S000S-83-S',630,,340125,57,0,5,1,29,,340137,57,0,5,2,61,,340129,17,0,5,1,6,,340136,57,0,5,2,18,,340114,57,0,5,1,69,,340133,57,0,5,1,33,,340138,57,0,5,1,70,,340122,57,0,5,1,29,,340126,57,0,5,1,67,,340130,57,0,5,1,17,,340121,57,0,5,1,19,,340115,57,0,5,1,62,,340134,57,0,5,1,26,,340139,57,0,5,1,67,,340123,57,0,5,1,31,,340127,57,0,5,1,75,,340131,57,0,5,1,29,,340116,57,0,5,1,67,,340135,57,0,5,1,36,,340140,57,0,5,1,9,,340124,57,0,5,1,60,,340148,17,0,5,2,16,,340128,57,0,5,1,25,,340144,57,0,5,1,65,,340132,57,0,5,1,6,,340154,17,0,5,1,7,,340155,17,0,5,2,14,,340117,57,0,5,1,70,,340156,57,0,5,1,22,,340113,17,0,5,1,11,,340141,57,0,5,1,70,,340149,57,0,5,2,29,,340145,57,0,5,1,71,,340152,57,0,5,1,27,,340118,57,0,5,1,68,,340157,57,0,5,1,27,,340142,57,0,5,1,70,,340150,57,0,5,2,25,,340146,57,0,5,1,22,,340153,57,0,5,1,60,,340119,57,0,5,1,30,,340158,57,0,5,1,70,,340143,57,0,5,1,28,,340151,57,0,5,2,68,,340147,57,0,5,1,32,,340120,57,0,5,1
20201,'H60S100F-80-F1',743,,340179,57,0,5,1,71,,340182,57,0,5,2,32,,340185,57,0,5,1,71,,340183,57,0,5,1,33,,340159,57,0,5,1,73,,340164,57,0,5,2,33,,340168,57,0,5,1,69,,340180,57,0,5,1,30,,340184,57,0,5,1,70,,340160,57,0,5,1,31,,340165,57,0,5,2,70,,340169,57,0,5,1,32,,340186,57,0,5,1,70,,340174,57,0,5,2,73,,340181,57,0,5,1,33,,340166,57,0,5,2,69,,340170,57,0,5,1,32,,340187,57,0,5,1,70,,340175,57,0,5,2,30,,340191,57,0,5,1,73,,340167,57,0,5,2,31,,340171,57,0,5,1,73,,340188,57,0,5,1,31,,340176,57,0,5,2,68,,340161,57,0,5,1,29,,340192,57,0,5,2,68,,340172,57,0,5,1,30,,340189,57,0,5,1,67,,340177,57,0,5,2,27,,340162,57,0,5,1,27,,340193,57,0,5,2,68,,340173,57,0,5,1,27,,340190,57,0,5,1,69,,340178,57,0,5,2,29,,340163,57,0,5,1
20201,'H60S200F-80-F2',743,,340214,57,0,5,1,71,,340217,57,0,5,2,32,,340220,57,0,5,1,71,,340218,57,0,5,1,33,,340194,57,0,5,1,73,,340199,57,0,5,2,33,,340203,57,0,5,1,69,,340215,57,0,5,1,30,,340219,57,0,5,1,70,,340195,57,0,5,1,31,,340200,57,0,5,2,70,,340204,57,0,5,1,32,,340221,57,0,5,1,70,,340209,57,0,5,2,73,,340216,57,0,5,1,33,,340201,57,0,5,2,69,,340205,57,0,5,1,32,,340222,57,0,5,1,70,,340210,57,0,5,2,30,,340226,57,0,5,1,73,,340202,57,0,5,2,31,,340206,57,0,5,1,73,,340223,57,0,5,1,31,,340211,57,0,5,2,68,,340196,57,0,5,1,29,,340227,57,0,5,2,68,,340207,57,0,5,1,30,,340224,57,0,5,1,67,,340212,57,0,5,2,27,,340197,57,0,5,1,27,,340228,57,0,5,2,68,,340208,57,0,5,1,27,,340225,57,0,5,1,69,,340213,57,0,5,2,29,,340198,57,0,5,1
37801,'H60S000A-80-A',2539,,347259,18,0,5,1,90,,347256,18,0,5,1,92,,347257,18,0,5,1,92,,347258,18,0,5,1
37801,'H60S000I-81-I',2538,,347261,18,0,5,1,90,,347263,18,0,5,1,91,,347260,18,0,5,1,93,,347262,18,0,5,1
37801,'H60S000S-83-S',2538,,347266,18,0,5,1,91,,347264,18,0,5,1,97,,347267,18,0,5,1,90,,347265,18,0,5,1
37801,'H60S100F-80-F1',2538,,347268,18,0,5,1,90,,347271,18,0,5,1,91,,347270,18,0,5,1,93,,347269,18,0,5,1
37801,'H60S200F-80-F2',2538,,347272,18,0,5,1,90,,347275,18,0,5,1,91,,347274,18,0,5,1,93,,347273,18,0,5,1
