9001,'H56S000A-80-A',527,,311347,25,0,5,1,30,,311400,25,0,5,1,70,,311353,25,0,5,1,29,,311402,25,0,5,1,65,,311348,25,0,5,1,21,,311401,25,0,5,1,60,,311354,25,0,5,1,21,,311374,25,0,5,1,19,,311403,25,0,5,1,59,,311395,25,0,5,1,19,,311349,25,0,5,1,19,,311352,25,0,5,1,16,,311381,25,0,5,1,58,,311375,25,0,5,1,17,,311362,25,0,5,1,16,,311366,25,0,5,1,55,,311404,25,0,5,1,15,,311358,25,0,5,1,16,,311386,25,0,5,2,17,,311382,25,0,5,1,55,,311363,25,0,5,1,14,,311376,25,0,5,1,13,,311390,25,0,5,1,13,,311367,25,0,5,1,13,,311387,25,0,5,2,54,,311405,25,0,5,1,16,,311359,25,0,5,1,15,,311377,25,0,5,1,14,,311383,25,0,5,1,54,,311364,25,0,5,1,14,,311388,25,0,5,2,14,,311391,25,0,5,1,14,,311368,25,0,5,1,57,,311406,25,0,5,1,16,,311360,25,0,5,1,14,,311378,25,0,5,1,13,,311384,25,0,5,1,54,,311365,25,0,5,1,14,,311398,25,0,5,1,14,,311389,25,0,5,2,16,,311392,25,0,5,1,58,,311369,25,0,5,1,18,,311361,25,0,5,1,19,,311379,25,0,5,1,58,,311385,25,0,5,1,18,,311399,25,0,5,1,24,,311393,25,0,5,1,66,,311370,25,0,5,1,29,,311380,25,0,5,1,69,,311355,25,0,5,1,29,,311394,25,0,5,1,68,,311371,25,0,5,1,28,,311397,25,0,5,2,70,,311356,25,0,5,1,30,,311396,25,0,5,1,69,,311372,25,0,5,1,32,,311350,25,0,5,1,72,,311357,25,0,5,1,33,,311373,25,0,5,1,72,,311351,25,0,5,1
9001,'H56S000I-80-I',610,,311425,25,0,5,1,29,,311451,25,0,5,1,69,,311413,25,0,5,1,29,,311444,25,0,5,1,70,,311417,25,0,5,1,28,,311426,25,0,5,1,20,,311452,25,0,5,1,58,,311414,25,0,5,1,19,,311454,25,0,5,1,20,,311418,25,0,5,1,62,,311427,25,0,5,1,17,,311422,25,0,5,2,16,,311453,25,0,5,1,56,,311437,25,0,5,1,17,,311455,25,0,5,1,15,,311428,25,0,5,1,18,,311419,25,0,5,1,59,,311411,25,0,5,1,20,,311423,25,0,5,2,20,,311438,25,0,5,1,57,,311445,25,0,5,2,16,,311429,25,0,5,1,16,,311412,25,0,5,1,16,,311420,25,0,5,1,57,,311440,25,0,5,1,18,,311424,25,0,5,2,18,,311435,25,0,5,1,56,,311439,25,0,5,1,16,,311446,25,0,5,2,22,,311430,25,0,5,1,64,,311421,25,0,5,1,23,,311441,25,0,5,1,24,,311436,25,0,5,1,63,,311447,25,0,5,2,24,,311431,25,0,5,1,65,,311415,25,0,5,1,28,,311442,25,0,5,1,68,,311408,25,0,5,1,28,,311432,25,0,5,1,28,,311416,25,0,5,1,68,,311443,25,0,5,1,28,,311409,25,0,5,1,68,,311433,25,0,5,1,27,,311448,25,0,5,1,68,,311456,25,0,5,1,27,,311410,25,0,5,1,68,,311434,25,0,5,1,28,,311449,25,0,5,1,70,,311457,25,0,5,1,31,,311407,25,0,5,1,71,,311450,25,0,5,1
9001,'H56S000S-82-S',508,,311530,25,0,5,1,20,,311526,25,0,5,1,20,,311470,25,0,5,1,58,,311480,25,0,5,1,18,,311486,25,0,5,1,18,,311488,25,0,5,1,11,,311531,25,0,5,1,6,,311490,25,0,5,2,45,,311492,25,0,5,1,6,,311503,5,0,5,2,7,,311495,25,0,5,1,6,,311527,25,0,5,1,7,,311511,5,0,5,2,5,,311460,25,0,5,1,6,,311506,25,0,5,1,6,,311513,5,0,5,2,5,,311512,25,0,5,1,5,,311471,25,0,5,1,46,,311494,5,0,5,2,6,,311481,25,0,5,1,7,,311528,25,0,5,1,7,,311504,5,0,5,2,5,,311487,25,0,5,1,6,,311507,5,0,5,1,6,,311505,25,0,5,2,8,,311489,25,0,5,1,8,,311532,25,0,5,1,50,,311491,25,0,5,2,11,,311493,25,0,5,1,11,,311496,25,0,5,1,11,,311461,25,0,5,1,12,,311465,25,0,5,1,52,,311472,25,0,5,1,13,,311499,25,0,5,1,15,,311508,25,0,5,1,16,,311482,25,0,5,1,55,,311533,25,0,5,1,15,,311466,25,0,5,1,15,,311497,25,0,5,1,15,,311500,25,0,5,1,56,,311473,25,0,5,1,17,,311458,25,0,5,1,18,,311509,25,0,5,1,18,,311483,25,0,5,1,57,,311514,25,0,5,1,17,,311467,25,0,5,1,16,,311498,25,0,5,1,56,,311501,25,0,5,1,15,,311529,25,0,5,2,14,,311474,25,0,5,1,15,,311510,25,0,5,1,55,,311484,25,0,5,1,16,,311459,25,0,5,1,16,,311515,25,0,5,1,16,,311468,25,0,5,1,57,,311516,25,0,5,1,19,,311502,25,0,5,1,23,,311475,25,0,5,1,63,,311485,25,0,5,1,22,,311521,25,0,5,2,25,,311469,25,0,5,1,68,,311525,25,0,5,1,28,,311476,25,0,5,1,66,,311517,25,0,5,1,28,,311522,25,0,5,1,70,,311462,25,0,5,1,29,,311477,25,0,5,1,70,,311518,25,0,5,1,29,,311523,25,0,5,1,69,,311463,25,0,5,1,29,,311478,25,0,5,1,68,,311519,25,0,5,1,28,,311524,25,0,5,1,70,,311464,25,0,5,1,32,,311479,25,0,5,1,72,,311520,25,0,5,1
9001,'H56S100F-80-F1',610,,311552,25,0,5,1,29,,311578,25,0,5,1,69,,311540,25,0,5,1,29,,311571,25,0,5,1,70,,311544,25,0,5,1,28,,311553,25,0,5,1,20,,311579,25,0,5,1,58,,311541,25,0,5,1,19,,311581,25,0,5,1,20,,311545,25,0,5,1,62,,311554,25,0,5,1,17,,311549,25,0,5,2,16,,311580,25,0,5,1,56,,311564,25,0,5,1,17,,311582,25,0,5,1,15,,311555,25,0,5,1,18,,311546,25,0,5,1,59,,311538,25,0,5,1,20,,311550,25,0,5,2,20,,311565,25,0,5,1,57,,311572,25,0,5,2,16,,311556,25,0,5,1,16,,311539,25,0,5,1,16,,311547,25,0,5,1,57,,311567,25,0,5,1,18,,311551,25,0,5,2,18,,311562,25,0,5,1,56,,311566,25,0,5,1,16,,311573,25,0,5,2,22,,311557,25,0,5,1,64,,311548,25,0,5,1,23,,311568,25,0,5,1,24,,311563,25,0,5,1,63,,311574,25,0,5,2,24,,311558,25,0,5,1,65,,311542,25,0,5,1,28,,311569,25,0,5,1,68,,311535,25,0,5,1,28,,311559,25,0,5,1,28,,311543,25,0,5,1,68,,311570,25,0,5,1,28,,311536,25,0,5,1,68,,311560,25,0,5,1,27,,311575,25,0,5,1,68,,311583,25,0,5,1,27,,311537,25,0,5,1,68,,311561,25,0,5,1,28,,311576,25,0,5,1,70,,311584,25,0,5,1,31,,311534,25,0,5,1,71,,311577,25,0,5,1
9001,'H56S200F-80-F2',610,,311603,25,0,5,1,29,,311629,25,0,5,1,69,,311591,25,0,5,1,29,,311622,25,0,5,1,70,,311595,25,0,5,1,28,,311604,25,0,5,1,20,,311630,25,0,5,1,58,,311592,25,0,5,1,19,,311632,25,0,5,1,20,,311596,25,0,5,1,62,,311605,25,0,5,1,17,,311600,25,0,5,2,16,,311631,25,0,5,1,56,,311615,25,0,5,1,17,,311633,25,0,5,1,15,,311606,25,0,5,1,18,,311597,25,0,5,1,59,,311589,25,0,5,1,20,,311601,25,0,5,2,20,,311616,25,0,5,1,57,,311623,25,0,5,2,16,,311607,25,0,5,1,16,,311590,25,0,5,1,16,,311598,25,0,5,1,57,,311618,25,0,5,1,18,,311602,25,0,5,2,18,,311613,25,0,5,1,56,,311617,25,0,5,1,16,,311624,25,0,5,2,22,,311608,25,0,5,1,64,,311599,25,0,5,1,23,,311619,25,0,5,1,24,,311614,25,0,5,1,63,,311625,25,0,5,2,24,,311609,25,0,5,1,65,,311593,25,0,5,1,28,,311620,25,0,5,1,68,,311586,25,0,5,1,28,,311610,25,0,5,1,28,,311594,25,0,5,1,68,,311621,25,0,5,1,28,,311587,25,0,5,1,68,,311611,25,0,5,1,27,,311626,25,0,5,1,68,,311634,25,0,5,1,27,,311588,25,0,5,1,68,,311612,25,0,5,1,28,,311627,25,0,5,1,70,,311635,25,0,5,1,31,,311585,25,0,5,1,71,,311628,25,0,5,1
12303,'H56S000A-80-A',606,,321709,20,0,8,1,33,,321690,20,0,8,1,72,,321710,20,0,8,1,33,,321691,20,0,8,1,73,,321711,20,0,8,1,33,,321692,20,0,8,1,74,,321712,20,0,8,1,33,,321693,20,0,8,1,71,,321713,20,0,8,1,75,,321694,20,0,8,1,32,,321714,20,0,8,1,72,,321695,20,0,8,1,34,,321715,20,0,8,1,73,,321696,20,0,8,1,29,,321701,20,0,8,1,68,,321716,20,0,8,1,28,,321697,20,0,8,1,68,,321702,20,0,8,1,27,,321717,20,0,8,1,68,,321698,20,0,8,1,30,,321703,20,0,8,1,70,,321718,20,0,8,1,29,,321699,20,0,8,1,69,,321704,20,0,8,1,28,,321719,20,0,8,1,29,,321700,20,0,8,1,68,,321705,20,0,8,1,28,,321720,20,0,8,1,71,,321706,20,0,8,1,32,,321721,20,0,8,1,72,,321707,20,0,8,1,73,,321722,20,0,8,1,32,,321708,20,0,8,1,71,,321723,20,0,8,1,32,,321725,20,0,8,1,71,,321724,20,0,8,1
12303,'H56S000I-80-I',606,,321743,20,0,8,1,31,,321726,20,0,8,1,72,,321744,20,0,8,1,32,,321727,20,0,8,1,72,,321745,20,0,8,1,33,,321728,20,0,8,1,73,,321746,20,0,8,1,33,,321729,20,0,8,1,74,,321747,20,0,8,1,75,,321730,20,0,8,1,34,,321748,20,0,8,1,75,,321731,20,0,8,1,36,,321749,20,0,8,1,76,,321732,20,0,8,1,36,,321750,20,0,8,1,76,,321733,20,0,8,1,75,,321751,20,0,8,1,36,,321734,20,0,8,1,75,,321752,20,0,8,1,35,,321735,20,0,8,1,75,,321753,20,0,8,1,75,,321736,20,0,8,1,32,,321754,20,0,8,1,75,,321737,20,0,8,1,32,,321755,20,0,8,1,73,,321738,20,0,8,1,32,,321756,20,0,8,1,73,,321739,20,0,8,1,32,,321757,20,0,8,1,73,,321740,20,0,8,1,32,,321758,20,0,8,1,71,,321741,20,0,8,1,72,,321759,20,0,8,1,30,,321742,20,0,8,1
12303,'H56S000S-82-S',547,,321768,20,0,8,1,74,,321775,20,0,8,1,36,,321769,20,0,8,1,66,,321797,20,0,8,2,21,,321776,20,0,8,1,62,,321792,20,0,8,2,20,,321770,20,0,8,1,28,,321772,20,0,8,1,68,,321777,20,0,8,1,31,,321771,20,0,8,1,71,,321773,20,0,8,1,31,,321778,20,0,8,1,71,,321793,20,0,8,1,32,,321760,20,0,8,1,71,,321780,20,0,8,1,71,,321781,20,0,8,1,31,,321774,20,0,8,1,77,,321779,20,0,8,1,33,,321794,20,0,8,1,72,,321782,20,0,8,2,32,,321786,20,0,8,2,72,,321795,20,0,8,1,34,,321783,20,0,8,2,70,,321787,20,0,8,2,29,,321796,20,0,8,1,71,,321784,20,0,8,2,30,,321788,20,0,8,2,71,,321763,20,0,8,1,26,,321785,20,0,8,2,71,,321789,20,0,8,2,31,,321764,20,0,8,1,70,,321761,20,0,8,2,30,,321790,20,0,8,2,70,,321765,20,0,8,1,30,,321762,20,0,8,2,70,,321791,20,0,8,2,28,,321766,20,0,8,1,70,,321767,20,0,8,2
12303,'H56S100F-80-F1',606,,321815,20,0,8,1,31,,321798,20,0,8,1,72,,321816,20,0,8,1,32,,321799,20,0,8,1,72,,321817,20,0,8,1,33,,321800,20,0,8,1,73,,321818,20,0,8,1,33,,321801,20,0,8,1,74,,321819,20,0,8,1,75,,321802,20,0,8,1,34,,321820,20,0,8,1,75,,321803,20,0,8,1,36,,321821,20,0,8,1,76,,321804,20,0,8,1,36,,321822,20,0,8,1,76,,321805,20,0,8,1,75,,321823,20,0,8,1,36,,321806,20,0,8,1,75,,321824,20,0,8,1,35,,321807,20,0,8,1,75,,321825,20,0,8,1,75,,321808,20,0,8,1,32,,321826,20,0,8,1,75,,321809,20,0,8,1,32,,321827,20,0,8,1,73,,321810,20,0,8,1,32,,321828,20,0,8,1,73,,321811,20,0,8,1,32,,321829,20,0,8,1,73,,321812,20,0,8,1,32,,321830,20,0,8,1,71,,321813,20,0,8,1,72,,321831,20,0,8,1,30,,321814,20,0,8,1
12303,'H56S200F-80-F2',606,,321849,20,0,8,1,31,,321832,20,0,8,1,72,,321850,20,0,8,1,32,,321833,20,0,8,1,72,,321851,20,0,8,1,33,,321834,20,0,8,1,73,,321852,20,0,8,1,33,,321835,20,0,8,1,74,,321853,20,0,8,1,75,,321836,20,0,8,1,34,,321854,20,0,8,1,75,,321837,20,0,8,1,36,,321855,20,0,8,1,76,,321838,20,0,8,1,36,,321856,20,0,8,1,76,,321839,20,0,8,1,75,,321857,20,0,8,1,36,,321840,20,0,8,1,75,,321858,20,0,8,1,35,,321841,20,0,8,1,75,,321859,20,0,8,1,75,,321842,20,0,8,1,32,,321860,20,0,8,1,75,,321843,20,0,8,1,32,,321861,20,0,8,1,73,,321844,20,0,8,1,32,,321862,20,0,8,1,73,,321845,20,0,8,1,32,,321863,20,0,8,1,73,,321846,20,0,8,1,32,,321864,20,0,8,1,71,,321847,20,0,8,1,72,,321865,20,0,8,1,30,,321848,20,0,8,1
19002,'H56S000S-82-S',530,,336863,22,0,10,2,70,,336860,22,0,10,2,31,,336862,22,0,10,1,72,,336847,22,0,10,1,31,,336837,22,0,10,1,70,,336833,22,0,10,1,30,,336848,22,0,10,1,69,,336838,22,0,10,1,31,,336834,22,0,10,1,71,,336849,22,0,10,1,29,,336839,22,0,10,1,70,,336843,22,0,10,1,30,,336850,22,0,10,1,70,,336840,22,0,10,1,30,,336844,22,0,10,1,71,,336851,22,0,10,1,31,,336841,22,0,10,1,70,,336845,22,0,10,1,30,,336852,22,0,10,1,70,,336842,22,0,10,1,35,,336846,22,0,10,1,73,,336853,22,0,10,1,33,,336861,22,0,10,1,73,,336857,22,0,10,2,32,,336854,22,0,10,1,72,,336835,22,0,10,1,30,,336858,22,0,10,2,68,,336855,22,0,10,1,24,,336836,22,0,10,1,62,,336831,22,0,10,2,26,,336859,22,0,10,2,67,,336856,22,0,10,1,26,,336832,22,0,10,2
35601,'H56S000A-80-A',2616,,346198,66,0,5,2,43,,346199,66,0,5,1,92,,346195,66,0,5,2,92,,346197,66,0,5,1,82,,346196,66,0,5,1
35601,'H56S000I-80-I',2616,,346201,66,0,5,1,41,,346205,66,0,5,2,80,,346202,66,0,5,1,80,,346200,66,0,5,1,84,,346204,66,0,5,1,44,,346203,66,0,5,1
35601,'H56S000S-82-S',2629,,346208,66,0,5,1,73,,346210,66,0,5,1,34,,346211,66,0,5,2,74,,346206,66,0,5,1,46,,346209,66,0,5,2,89,,346207,66,0,5,1
35601,'H56S100F-80-F1',2616,,346213,66,0,5,1,41,,346217,66,0,5,2,80,,346214,66,0,5,1,80,,346212,66,0,5,1,84,,346216,66,0,5,1,44,,346215,66,0,5,1
35601,'H56S200F-80-F2',2616,,346219,66,0,5,1,41,,346223,66,0,5,2,80,,346220,66,0,5,1,80,,346218,66,0,5,1,84,,346222,66,0,5,1,44,,346221,66,0,5,1
