8104,'H54S000A-80-A',736,,310464,29,0,9,2,68,,310475,29,0,9,2,25,,310486,29,0,9,1,25,,310465,29,0,9,2,65,,310476,29,0,9,2,25,,310487,29,0,9,1,65,,310466,29,0,9,2,25,,310477,29,0,9,2,25,,310488,29,0,9,1,65,,310467,29,0,9,2,25,,310478,29,0,9,2,65,,310489,29,0,9,1,25,,310468,29,0,9,2,65,,310479,29,0,9,2,25,,310490,29,0,9,1,25,,310469,29,0,9,2,66,,310480,29,0,9,2,26,,310491,29,0,9,1,65,,310470,29,0,9,2,25,,310481,29,0,9,2,65,,310492,29,0,9,1,26,,310471,29,0,9,2,26,,310482,29,0,9,2,66,,310493,29,0,9,1,26,,310472,29,0,9,2,65,,310483,29,0,9,2,25,,310494,29,0,9,1,65,,310473,29,0,9,2,25,,310484,29,0,9,2,25,,310495,29,0,9,1,65,,310474,29,0,9,2,26,,310485,29,0,9,2
8104,'H54S000I-80-I',734,,310496,29,0,9,1,66,,310517,29,0,9,2,26,,310507,29,0,9,2,27,,310497,29,0,9,1,65,,310518,29,0,9,2,25,,310508,29,0,9,2,65,,310498,29,0,9,1,25,,310519,29,0,9,2,25,,310509,29,0,9,2,66,,310499,29,0,9,1,25,,310520,29,0,9,2,65,,310510,29,0,9,2,25,,310500,29,0,9,1,65,,310521,29,0,9,2,25,,310511,29,0,9,2,25,,310501,29,0,9,1,66,,310522,29,0,9,2,26,,310512,29,0,9,2,65,,310502,29,0,9,1,25,,310523,29,0,9,2,65,,310513,29,0,9,2,25,,310503,29,0,9,1,25,,310524,29,0,9,2,66,,310514,29,0,9,2,26,,310504,29,0,9,1,66,,310525,29,0,9,2,25,,310515,29,0,9,2,25,,310505,29,0,9,1,65,,310526,29,0,9,2,25,,310516,29,0,9,2,65,,310506,29,0,9,1,25,,310527,29,0,9,2
8104,'H54S000S-80-S',718,,310535,29,0,9,2,35,,310528,29,0,9,2,70,,310547,29,0,9,1,28,,310536,29,0,9,2,65,,310529,29,0,9,2,24,,310548,29,0,9,1,65,,310537,29,0,9,2,25,,310530,29,0,9,2,25,,310549,29,0,9,1,65,,310538,29,0,9,2,25,,310531,29,0,9,2,65,,310550,29,0,9,1,26,,310539,29,0,9,2,65,,310532,29,0,9,2,25,,310551,29,0,9,1,26,,310540,29,0,9,2,65,,310533,29,0,9,2,24,,310552,29,0,9,1,66,,310541,29,0,9,2,27,,310534,29,0,9,2,66,,310553,29,0,9,1,26,,310542,29,0,9,2,26,,310558,29,0,9,2,65,,310554,29,0,9,1,24,,310543,29,0,9,2,62,,310559,29,0,9,2,22,,310555,29,0,9,1,24,,310544,29,0,9,2,65,,310560,29,0,9,2,24,,310556,29,0,9,1,66,,310545,29,0,9,2,26,,310561,29,0,9,2,27,,310557,29,0,9,1,66,,310546,29,0,9,2
8104,'H54S100F-80-F1',734,,310562,29,0,9,1,66,,310583,29,0,9,2,26,,310573,29,0,9,2,27,,310563,29,0,9,1,65,,310584,29,0,9,2,25,,310574,29,0,9,2,65,,310564,29,0,9,1,25,,310585,29,0,9,2,25,,310575,29,0,9,2,66,,310565,29,0,9,1,25,,310586,29,0,9,2,65,,310576,29,0,9,2,25,,310566,29,0,9,1,65,,310587,29,0,9,2,25,,310577,29,0,9,2,25,,310567,29,0,9,1,66,,310588,29,0,9,2,26,,310578,29,0,9,2,65,,310568,29,0,9,1,25,,310589,29,0,9,2,65,,310579,29,0,9,2,25,,310569,29,0,9,1,25,,310590,29,0,9,2,66,,310580,29,0,9,2,26,,310570,29,0,9,1,66,,310591,29,0,9,2,25,,310581,29,0,9,2,25,,310571,29,0,9,1,65,,310592,29,0,9,2,25,,310582,29,0,9,2,65,,310572,29,0,9,1,25,,310593,29,0,9,2
8104,'H54S200F-80-F2',734,,310594,29,0,9,1,66,,310615,29,0,9,2,26,,310605,29,0,9,2,27,,310595,29,0,9,1,65,,310616,29,0,9,2,25,,310606,29,0,9,2,65,,310596,29,0,9,1,25,,310617,29,0,9,2,25,,310607,29,0,9,2,66,,310597,29,0,9,1,25,,310618,29,0,9,2,65,,310608,29,0,9,2,25,,310598,29,0,9,1,65,,310619,29,0,9,2,25,,310609,29,0,9,2,25,,310599,29,0,9,1,66,,310620,29,0,9,2,26,,310610,29,0,9,2,65,,310600,29,0,9,1,25,,310621,29,0,9,2,65,,310611,29,0,9,2,25,,310601,29,0,9,1,25,,310622,29,0,9,2,66,,310612,29,0,9,2,26,,310602,29,0,9,1,66,,310623,29,0,9,2,25,,310613,29,0,9,2,25,,310603,29,0,9,1,65,,310624,29,0,9,2,25,,310614,29,0,9,2,65,,310604,29,0,9,1,25,,310625,29,0,9,2
8602,'H54S000A-80-A',531,,311151,64,0,10,1,74,,311159,64,0,10,2,36,,311166,64,0,10,2,72,,311178,64,0,10,1,32,,311172,64,0,10,2,72,,311152,64,0,10,1,32,,311160,64,0,10,2,76,,311167,64,0,10,2,33,,311179,64,0,10,1,73,,311173,64,0,10,2,73,,311153,64,0,10,1,33,,311161,64,0,10,2,73,,311168,64,0,10,2,33,,311180,64,0,10,1,75,,311174,64,0,10,2,34,,311154,64,0,10,1,73,,311162,64,0,10,2,32,,311169,64,0,10,2,72,,311181,64,0,10,1,73,,311175,64,0,10,2,33,,311155,64,0,10,1,73,,311163,64,0,10,2,31,,311170,64,0,10,2,73,,311182,64,0,10,1,33,,311176,64,0,10,2,73,,311156,64,0,10,1,32,,311164,64,0,10,2,72,,311171,64,0,10,2,32,,311183,64,0,10,1,72,,311177,64,0,10,2,31,,311157,64,0,10,1,70,,311165,64,0,10,2,27,,311186,64,0,10,2,70,,311184,64,0,10,1,30,,311188,64,0,10,1,72,,311158,64,0,10,1,32,,311150,64,0,10,1,71,,311187,64,0,10,2,29,,311185,64,0,10,1
8602,'H54S000I-80-I',526,,311211,64,0,10,2,31,,311192,64,0,10,1,73,,311198,64,0,10,2,73,,311219,64,0,10,1,35,,311212,64,0,10,2,73,,311193,64,0,10,1,33,,311199,64,0,10,2,71,,311206,64,0,10,1,33,,311220,64,0,10,1,74,,311213,64,0,10,2,33,,311194,64,0,10,1,73,,311200,64,0,10,2,75,,311207,64,0,10,1,33,,311221,64,0,10,1,73,,311214,64,0,10,2,32,,311195,64,0,10,1,72,,311201,64,0,10,2,32,,311208,64,0,10,1,72,,311222,64,0,10,1,32,,311215,64,0,10,2,72,,311196,64,0,10,1,32,,311202,64,0,10,2,72,,311209,64,0,10,1,32,,311223,64,0,10,1,73,,311216,64,0,10,2,71,,311197,64,0,10,1,31,,311203,64,0,10,2,72,,311210,64,0,10,1,31,,311224,64,0,10,1,71,,311217,64,0,10,2,30,,311225,64,0,10,1,71,,311204,64,0,10,2,31,,311191,64,0,10,1,69,,311189,64,0,10,1,29,,311218,64,0,10,2,69,,311226,64,0,10,1,28,,311205,64,0,10,2,70,,311227,64,0,10,1,32,,311190,64,0,10,1
8602,'H54S000S-80-S',536,,311228,64,0,10,2,69,,311235,64,0,10,2,29,,311236,64,0,10,2,76,,311259,64,0,10,1,33,,311243,64,0,10,1,71,,311229,64,0,10,2,31,,311263,64,0,10,1,70,,311237,64,0,10,2,33,,311260,64,0,10,1,70,,311244,64,0,10,1,29,,311230,64,0,10,2,69,,311264,64,0,10,1,31,,311238,64,0,10,2,73,,311261,64,0,10,1,29,,311250,64,0,10,2,68,,311245,64,0,10,1,28,,311231,64,0,10,2,70,,311265,64,0,10,1,28,,311239,64,0,10,2,69,,311262,64,0,10,1,34,,311251,64,0,10,2,73,,311246,64,0,10,1,33,,311232,64,0,10,2,67,,311266,64,0,10,1,27,,311240,64,0,10,2,72,,311255,64,0,10,1,29,,311252,64,0,10,2,69,,311247,64,0,10,1,29,,311233,64,0,10,2,67,,311241,64,0,10,2,29,,311256,64,0,10,1,69,,311253,64,0,10,2,29,,311248,64,0,10,1,69,,311234,64,0,10,2,29,,311242,64,0,10,2,66,,311257,64,0,10,1,30,,311254,64,0,10,2,69,,311249,64,0,10,1,29,,311268,64,0,10,1,70,,311267,64,0,10,2,30,,311258,64,0,10,1
8602,'H54S100F-80-F1',526,,311291,64,0,10,2,31,,311272,64,0,10,1,73,,311278,64,0,10,2,73,,311299,64,0,10,1,35,,311292,64,0,10,2,73,,311273,64,0,10,1,33,,311279,64,0,10,2,71,,311286,64,0,10,1,33,,311300,64,0,10,1,74,,311293,64,0,10,2,33,,311274,64,0,10,1,73,,311280,64,0,10,2,75,,311287,64,0,10,1,33,,311301,64,0,10,1,73,,311294,64,0,10,2,32,,311275,64,0,10,1,72,,311281,64,0,10,2,32,,311288,64,0,10,1,72,,311302,64,0,10,1,32,,311295,64,0,10,2,72,,311276,64,0,10,1,32,,311282,64,0,10,2,72,,311289,64,0,10,1,32,,311303,64,0,10,1,73,,311296,64,0,10,2,71,,311277,64,0,10,1,31,,311283,64,0,10,2,72,,311290,64,0,10,1,31,,311304,64,0,10,1,71,,311297,64,0,10,2,30,,311305,64,0,10,1,71,,311284,64,0,10,2,31,,311271,64,0,10,1,69,,311269,64,0,10,1,29,,311298,64,0,10,2,69,,311306,64,0,10,1,28,,311285,64,0,10,2,70,,311307,64,0,10,1,32,,311270,64,0,10,1
8602,'H54S200F-80-F2',526,,311330,64,0,10,2,31,,311311,64,0,10,1,73,,311317,64,0,10,2,73,,311338,64,0,10,1,35,,311331,64,0,10,2,73,,311312,64,0,10,1,33,,311318,64,0,10,2,71,,311325,64,0,10,1,33,,311339,64,0,10,1,74,,311332,64,0,10,2,33,,311313,64,0,10,1,73,,311319,64,0,10,2,75,,311326,64,0,10,1,33,,311340,64,0,10,1,73,,311333,64,0,10,2,32,,311314,64,0,10,1,72,,311320,64,0,10,2,32,,311327,64,0,10,1,72,,311341,64,0,10,1,32,,311334,64,0,10,2,72,,311315,64,0,10,1,32,,311321,64,0,10,2,72,,311328,64,0,10,1,32,,311342,64,0,10,1,73,,311335,64,0,10,2,71,,311316,64,0,10,1,31,,311322,64,0,10,2,72,,311329,64,0,10,1,31,,311343,64,0,10,1,71,,311336,64,0,10,2,30,,311344,64,0,10,1,71,,311323,64,0,10,2,31,,311310,64,0,10,1,69,,311308,64,0,10,1,29,,311337,64,0,10,2,69,,311345,64,0,10,1,28,,311324,64,0,10,2,70,,311346,64,0,10,1,32,,311309,64,0,10,1
