4302,'H58S000A-80-A',528,,297895,16,0,10,1,73,,297901,16,0,10,2,33,,297909,16,0,10,1,73,,297916,16,0,10,2,33,,297923,16,0,10,2,74,,297896,16,0,10,1,33,,297902,16,0,10,2,71,,297910,16,0,10,1,33,,297917,16,0,10,2,72,,297924,16,0,10,1,32,,297897,16,0,10,1,72,,297903,16,0,10,2,32,,297911,16,0,10,1,73,,297918,16,0,10,2,72,,297925,16,0,10,1,32,,297898,16,0,10,1,72,,297904,16,0,10,2,32,,297912,16,0,10,1,70,,297919,16,0,10,2,31,,297926,16,0,10,1,69,,297899,16,0,10,1,30,,297905,16,0,10,2,68,,297913,16,0,10,1,29,,297920,16,0,10,2,66,,297927,16,0,10,1,26,,297900,16,0,10,1,24,,297908,16,0,10,2,66,,297906,16,0,10,2,27,,297914,16,0,10,1,69,,297921,16,0,10,2,32,,297929,16,0,10,1,70,,297928,16,0,10,2,33,,297915,16,0,10,1,71,,297922,16,0,10,2,91,,297930,16,0,10,1,96,,297907,16,0,10,1,97,,297931,16,0,10,1
4302,'H58S000I-80-I',602,,297938,16,0,10,2,29,,297939,16,0,10,1,70,,297948,16,0,10,2,31,,297956,16,0,10,1,74,,297950,16,0,10,2,34,,297940,16,0,10,1,74,,297949,16,0,10,2,36,,297957,16,0,10,1,72,,297951,16,0,10,2,32,,297941,16,0,10,1,72,,297947,16,0,10,1,32,,297962,16,0,10,1,70,,297958,16,0,10,1,30,,297952,16,0,10,2,70,,297942,16,0,10,1,30,,297933,16,0,10,1,70,,297963,16,0,10,1,31,,297959,16,0,10,1,70,,297953,16,0,10,2,30,,297943,16,0,10,1,69,,297934,16,0,10,1,30,,297964,16,0,10,1,69,,297960,16,0,10,1,29,,297954,16,0,10,2,69,,297944,16,0,10,1,27,,297935,16,0,10,1,67,,297965,16,0,10,1,26,,297961,16,0,10,1,67,,297968,16,0,10,2,28,,297932,16,0,10,2,69,,297945,16,0,10,1,32,,297955,16,0,10,1,72,,297966,16,0,10,1,91,,297936,16,0,10,1,52,,297946,16,0,10,1,93,,297967,16,0,10,2,94,,297937,16,0,10,1
4302,'H58S000S-83-S',454,,297969,16,0,10,2,57,,297975,16,0,10,1,25,,297976,16,0,10,1,67,,297985,16,0,10,1,24,,297970,16,0,10,1,73,,297983,16,0,10,2,34,,297989,16,0,10,1,74,,297977,16,0,10,1,33,,297986,16,0,10,1,72,,297971,16,0,10,1,32,,297991,16,0,10,2,72,,297990,16,0,10,1,33,,297978,16,0,10,1,74,,297987,16,0,10,1,33,,297972,16,0,10,1,73,,297992,16,0,10,2,72,,297993,16,0,10,1,31,,297995,16,0,10,2,70,,297979,16,0,10,1,30,,297988,16,0,10,1,71,,297973,16,0,10,1,34,,297998,16,0,10,1,73,,297996,16,0,10,2,25,,297981,16,0,10,2,65,,297980,16,0,10,1,30,,297999,16,0,10,2,70,,297974,16,0,10,1,28,,297994,16,0,10,2,27,,297997,16,0,10,2,71,,297982,16,0,10,2,29,,298006,16,0,10,1,71,,298000,16,0,10,2,31,,298003,16,0,10,1,71,,298002,16,0,10,2,29,,298007,16,0,10,1,76,,298001,16,0,10,2,77,,298004,16,0,10,1,44,,298008,16,0,10,1,87,,298005,16,0,10,2,91,,297984,16,0,10,1
4302,'H58S100F-80-F1',454,,298009,16,0,10,1,57,,298010,16,0,10,2,25,,298013,16,0,10,2,66,,298020,16,0,10,2,24,,298028,16,0,10,1,33,,298016,16,0,10,1,73,,298024,16,0,10,2,73,,298011,16,0,10,1,33,,298021,16,0,10,2,72,,298029,16,0,10,1,34,,298025,16,0,10,2,72,,298034,16,0,10,1,33,,298012,16,0,10,1,73,,298022,16,0,10,2,33,,298030,16,0,10,1,73,,298026,16,0,10,2,72,,298035,16,0,10,1,31,,298041,16,0,10,1,70,,298017,16,0,10,1,30,,298023,16,0,10,2,71,,298031,16,0,10,1,33,,298027,16,0,10,2,72,,298042,16,0,10,1,25,,298044,16,0,10,2,25,,298019,16,0,10,2,71,,298032,16,0,10,1,30,,298043,16,0,10,2,70,,298033,16,0,10,1,28,,298014,16,0,10,1,71,,298047,16,0,10,1,29,,298036,16,0,10,1,71,,298046,16,0,10,2,30,,298045,16,0,10,2,71,,298015,16,0,10,1,29,,298048,16,0,10,1,77,,298037,16,0,10,1,76,,298018,16,0,10,1,45,,298039,16,0,10,1,94,,298038,16,0,10,1,94,,298040,16,0,10,1
4302,'H58S200F-80-F2',454,,298073,16,0,10,1,57,,298074,16,0,10,2,25,,298051,16,0,10,2,66,,298052,16,0,10,2,24,,298060,16,0,10,1,33,,298070,16,0,10,1,73,,298056,16,0,10,2,73,,298069,16,0,10,1,33,,298053,16,0,10,2,72,,298061,16,0,10,1,34,,298057,16,0,10,2,72,,298087,16,0,10,1,33,,298071,16,0,10,1,73,,298054,16,0,10,2,33,,298062,16,0,10,1,73,,298058,16,0,10,2,72,,298088,16,0,10,1,31,,298075,16,0,10,1,70,,298078,16,0,10,1,30,,298055,16,0,10,2,71,,298063,16,0,10,1,33,,298059,16,0,10,2,72,,298065,16,0,10,1,25,,298066,16,0,10,2,25,,298086,16,0,10,2,71,,298064,16,0,10,1,30,,298085,16,0,10,2,70,,298049,16,0,10,1,28,,298076,16,0,10,1,71,,298067,16,0,10,1,29,,298080,16,0,10,1,71,,298072,16,0,10,2,30,,298050,16,0,10,2,71,,298077,16,0,10,1,29,,298068,16,0,10,1,77,,298081,16,0,10,1,76,,298079,16,0,10,1,45,,298083,16,0,10,1,94,,298082,16,0,10,1,94,,298084,16,0,10,1
4902,'H54S000S-80-S',1622,,300609,23,0,10,2
4902,'H57S000S-80-S',823,,300610,23,0,10,1
4902,'H58S000A-80-A',507,,300611,23,0,10,2,17,,300617,23,0,10,1,16,,300628,23,0,10,1,15,,300629,23,0,10,2,55,,300631,23,0,10,2,15,,300634,23,0,10,1,16,,300638,23,0,10,1,15,,300642,23,0,10,2,55,,300612,23,0,10,2,15,,300645,23,0,10,2,14,,300639,23,0,10,1,16,,300650,23,0,10,1,56,,300619,23,0,10,1,17,,300651,23,0,10,1,12,,300635,23,0,10,1,12,,300655,23,0,10,2,53,,300643,23,0,10,2,13,,300646,23,0,10,2,13,,300644,23,0,10,1,11,,300613,23,0,10,2,14,,300630,23,0,10,2,56,,300640,23,0,10,1,16,,300618,23,0,10,1,16,,300620,23,0,10,1,56,,300656,23,0,10,2,16,,300636,23,0,10,1,17,,300660,23,0,10,2,19,,300647,23,0,10,2,60,,300614,23,0,10,2,20,,300663,23,0,10,1,18,,300641,23,0,10,1,56,,300621,23,0,10,1,16,,300664,23,0,10,1,16,,300657,23,0,10,2,15,,300637,23,0,10,1,55,,300669,23,0,10,2,17,,300648,23,0,10,2,17,,300615,23,0,10,2,58,,300632,23,0,10,2,20,,300616,23,0,10,1,21,,300622,23,0,10,1,60,,300665,23,0,10,1,21,,300658,23,0,10,2,21,,300670,23,0,10,2,61,,300649,23,0,10,2,21,,300633,23,0,10,2,21,,300667,23,0,10,1,61,,300623,23,0,10,1,21,,300666,23,0,10,1,21,,300659,23,0,10,2,62,,300671,23,0,10,2,27,,300652,23,0,10,1,68,,300668,23,0,10,1,30,,300624,23,0,10,1,70,,300661,23,0,10,2,30,,300672,23,0,10,2,69,,300653,23,0,10,1,30,,300626,23,0,10,1,69,,300625,23,0,10,1,27,,300662,23,0,10,2,70,,300673,23,0,10,2,32,,300654,23,0,10,1,71,,300627,23,0,10,1
4902,'H58S000I-80-I',507,,300674,23,0,10,2,27,,300675,23,0,10,1,66,,300683,23,0,10,2,28,,300693,23,0,10,2,28,,300695,23,0,10,1,68,,300687,23,0,10,2,18,,300676,23,0,10,1,59,,300684,23,0,10,2,19,,300702,23,0,10,1,20,,300694,23,0,10,2,18,,300696,23,0,10,1,59,,300705,23,0,10,2,21,,300688,23,0,10,2,20,,300710,23,0,10,1,60,,300677,23,0,10,1,20,,300703,23,0,10,1,20,,300701,23,0,10,2,60,,300685,23,0,10,1,21,,300706,23,0,10,2,20,,300716,23,0,10,2,61,,300689,23,0,10,2,21,,300678,23,0,10,1,60,,300697,23,0,10,1,19,,300704,23,0,10,1,17,,300717,23,0,10,2,17,,300686,23,0,10,1,60,,300707,23,0,10,2,20,,300719,23,0,10,2,20,,300690,23,0,10,2,60,,300679,23,0,10,1,30,,300698,23,0,10,1,70,,300718,23,0,10,2,32,,300708,23,0,10,2,70,,300711,23,0,10,1,29,,300680,23,0,10,1,70,,300699,23,0,10,1,29,,300691,23,0,10,2,68,,300709,23,0,10,2,29,,300712,23,0,10,1,69,,300681,23,0,10,1,29,,300700,23,0,10,1,69,,300692,23,0,10,2,30,,300720,23,0,10,2,71,,300713,23,0,10,1,30,,300715,23,0,10,2,72,,300722,23,0,10,2,32,,300682,23,0,10,1,62,,300721,23,0,10,2,24,,300714,23,0,10,1
4902,'H58S000S-83-S',451,,300726,35,0,10,2,52,,300729,23,0,10,2,8,,300732,35,0,10,1,4,,300733,23,0,10,2,8,,300736,23,0,10,1,11,,300737,23,0,10,1,7,,300738,35,0,10,2,6,,300739,23,0,10,1,10,,300744,35,0,10,1,51,,300746,23,0,10,1,9,,300748,23,0,10,2,8,,300754,23,0,10,2,8,,300760,23,0,10,2,8,,300761,23,0,10,2,6,,300765,23,0,10,2,6,,300767,23,0,10,1,47,,300727,23,0,10,2,6,,300768,23,0,10,1,6,,300771,23,0,10,1,6,,300730,23,0,10,2,8,,300772,23,0,10,1,9,,300773,23,0,10,2,10,,300776,23,0,10,2,10,,300778,23,0,10,2,49,,300779,23,0,10,2,9,,300740,23,0,10,1,21,,300747,23,0,10,1,12,,300749,23,0,10,2,12,,300755,23,0,10,2,51,,300785,23,0,10,1,12,,300762,23,0,10,2,12,,300728,23,0,10,2,11,,300743,23,0,10,2,12,,300731,23,0,10,2,54,,300774,23,0,10,1,17,,300777,23,0,10,2,16,,300723,23,0,10,1,58,,300741,23,0,10,1,18,,300750,23,0,10,2,20,,300763,23,0,10,2,19,,300752,23,0,10,1,56,,300769,23,0,10,1,15,,300756,23,0,10,2,14,,300775,23,0,10,1,13,,300758,23,0,10,1,53,,300724,23,0,10,1,13,,300786,23,0,10,2,14,,300742,23,0,10,1,17,,300751,23,0,10,2,56,,300734,23,0,10,1,16,,300764,23,0,10,2,17,,300753,23,0,10,1,17,,300770,23,0,10,1,55,,300757,23,0,10,2,16,,300759,23,0,10,1,16,,300725,23,0,10,1,55,,300787,23,0,10,2,46,,300735,23,0,10,1,59,,300781,29,0,10,2,22,,300799,23,0,10,1,24,,300789,29,0,10,2,62,,300797,23,0,10,2,25,,300783,23,0,10,1,65,,300792,29,0,10,2,19,,300780,23,0,10,1,21,,300801,23,0,10,2,62,,300790,23,0,10,2,30,,300798,23,0,10,2,71,,300784,23,0,10,1,31,,300793,23,0,10,2,69,,300745,23,0,10,1,31,,300766,23,0,10,2,70,,300796,23,0,10,2,31,,300791,23,0,10,1,66,,300794,23,0,10,2,25,,300795,23,0,10,2
4902,'H58S100F-80-F1',507,,300805,23,0,10,2,17,,300817,23,0,10,1,16,,300824,23,0,10,1,16,,300830,23,0,10,2,55,,300832,23,0,10,1,15,,300833,23,0,10,1,16,,300837,23,0,10,2,15,,300840,23,0,10,2,55,,300806,23,0,10,2,14,,300802,23,0,10,1,14,,300821,23,0,10,1,16,,300825,23,0,10,2,56,,300810,23,0,10,2,14,,300843,23,0,10,2,13,,300826,23,0,10,2,12,,300844,23,0,10,1,53,,300841,23,0,10,2,14,,300845,23,0,10,2,14,,300823,23,0,10,1,11,,300807,23,0,10,2,14,,300849,23,0,10,1,56,,300822,23,0,10,1,16,,300831,23,0,10,1,16,,300811,23,0,10,2,56,,300827,23,0,10,2,16,,300818,23,0,10,1,17,,300842,23,0,10,1,19,,300846,23,0,10,2,60,,300808,23,0,10,2,19,,300851,23,0,10,2,18,,300850,23,0,10,1,56,,300812,23,0,10,2,16,,300834,23,0,10,1,16,,300828,23,0,10,2,15,,300803,23,0,10,1,55,,300859,23,0,10,2,17,,300847,23,0,10,2,17,,300809,23,0,10,2,58,,300860,23,0,10,1,20,,300852,23,0,10,2,21,,300813,23,0,10,2,60,,300835,23,0,10,1,21,,300829,23,0,10,2,21,,300804,23,0,10,1,61,,300848,23,0,10,2,21,,300861,23,0,10,1,22,,300853,23,0,10,2,62,,300814,23,0,10,2,21,,300836,23,0,10,1,20,,300862,23,0,10,2,61,,300856,23,0,10,1,27,,300819,23,0,10,1,68,,300854,23,0,10,2,30,,300815,23,0,10,2,70,,300838,23,0,10,2,30,,300857,23,0,10,1,69,,300820,23,0,10,1,30,,300855,23,0,10,2,68,,300816,23,0,10,2,30,,300839,23,0,10,2,69,,300858,23,0,10,1,27,,300863,23,0,10,2
4902,'H58S200F-80-F2',507,,300871,23,0,10,2,17,,300882,23,0,10,1,16,,300864,23,0,10,1,16,,300918,23,0,10,2,55,,300919,23,0,10,1,15,,300910,23,0,10,1,16,,300924,23,0,10,2,15,,300876,23,0,10,2,55,,300872,23,0,10,2,14,,300894,23,0,10,1,14,,300904,23,0,10,1,16,,300866,23,0,10,2,56,,300897,23,0,10,2,14,,300886,23,0,10,2,13,,300906,23,0,10,2,12,,300917,23,0,10,1,53,,300877,23,0,10,2,14,,300878,23,0,10,2,14,,300867,23,0,10,1,11,,300873,23,0,10,2,14,,300920,23,0,10,1,56,,300905,23,0,10,1,16,,300868,23,0,10,1,16,,300898,23,0,10,2,56,,300907,23,0,10,2,16,,300883,23,0,10,1,17,,300865,23,0,10,1,19,,300879,23,0,10,2,60,,300874,23,0,10,2,19,,300887,23,0,10,2,18,,300921,23,0,10,1,56,,300899,23,0,10,2,16,,300911,23,0,10,1,16,,300908,23,0,10,2,15,,300895,23,0,10,1,55,,300925,23,0,10,2,17,,300880,23,0,10,2,17,,300875,23,0,10,2,58,,300892,23,0,10,1,20,,300888,23,0,10,2,21,,300900,23,0,10,2,60,,300912,23,0,10,1,21,,300909,23,0,10,2,21,,300896,23,0,10,1,61,,300881,23,0,10,2,21,,300893,23,0,10,1,22,,300889,23,0,10,2,62,,300901,23,0,10,2,21,,300913,23,0,10,1,20,,300922,23,0,10,2,61,,300914,23,0,10,1,27,,300884,23,0,10,1,68,,300890,23,0,10,2,30,,300902,23,0,10,2,70,,300869,23,0,10,2,30,,300915,23,0,10,1,69,,300885,23,0,10,1,30,,300891,23,0,10,2,68,,300903,23,0,10,2,30,,300870,23,0,10,2,69,,300916,23,0,10,1,27,,300923,23,0,10,2
38002,'H50S000A-82-A',2605,,347320,6,0,10,1,45,,347319,6,0,10,1,85,,347318,6,0,10,1,85,,347317,6,0,10,1
38002,'H50S000I-82-I',2547,,347321,6,0,10,1,84,,347327,6,0,10,1,84,,347324,6,0,10,2,86,,347326,6,0,10,1,19,,347323,6,0,10,2,21,,347322,6,0,10,1,6,,347325,6,0,10,2
38002,'H50S000S-82-S',2546,,347328,6,0,10,1,86,,347332,6,0,10,1,84,,347330,6,0,10,1,89,,347331,6,0,10,1,15,,347333,6,0,10,1,8,,347329,6,0,10,1
38002,'H50S100F-80-F1',2547,,347334,6,0,10,1,84,,347340,6,0,10,1,84,,347337,6,0,10,2,86,,347339,6,0,10,1,19,,347336,6,0,10,2,21,,347335,6,0,10,1,6,,347338,6,0,10,2
38002,'H50S200F-80-F2',2547,,347341,6,0,10,1,84,,347347,6,0,10,1,84,,347344,6,0,10,2,86,,347346,6,0,10,1,19,,347343,6,0,10,2,21,,347342,6,0,10,1,6,,347345,6,0,10,2
38002,'H54S000I-80-I',2835,,347348,6,0,10,1
38002,'H54S000S-80-S',2835,,347350,6,0,10,1,14,,347349,6,0,10,1
38002,'H54S100F-80-F1',2835,,347351,6,0,10,1
38002,'H54S200F-80-F2',2835,,347352,6,0,10,1
44802,'H54S000S-80-S',553,,349174,16,0,99 47,1,58,,349156,16,0,99 47,1,20,,349160,16,0,99 47,2,16,,349173,16,0,99 47,2,54,,349175,16,0,99 47,1,12,,349157,16,0,99 47,1,13,,349163,16,0,99 47,1,14,,349167,16,0,99 47,2,19,,349161,16,0,99 47,2,60,,349168,16,0,99 47,2,20,,349159,16,0,99 47,2,20,,349164,16,0,99 47,1,62,,349162,16,0,99 47,2,22,,349177,16,0,99 47,2
