20002,'H60S000A-80-A',658,,339650,38,0,10,2,68,,339630,38,0,10,1,28,,339640,38,0,10,2,69,,339651,38,0,10,2,30,,339631,38,0,10,1,69,,339641,38,0,10,2,28,,339652,38,0,10,2,70,,339632,38,0,10,1,31,,339642,38,0,10,2,69,,339653,38,0,10,2,31,,339633,38,0,10,1,69,,339643,38,0,10,2,33,,339654,38,0,10,2,70,,339634,38,0,10,1,30,,339644,38,0,10,2,71,,339655,38,0,10,2,30,,339635,38,0,10,1,71,,339645,38,0,10,2,31,,339656,38,0,10,2,71,,339636,38,0,10,1,29,,339646,38,0,10,2,70,,339657,38,0,10,2,31,,339637,38,0,10,1,70,,339647,38,0,10,1,27,,339658,38,0,10,2,69,,339638,38,0,10,1,28,,339648,38,0,10,1,70,,339659,38,0,10,2,31,,339639,38,0,10,1,69,,339649,38,0,10,1,29,,339660,38,0,10,2
20002,'H60S000I-81-I',725,,339680,38,0,10,1,29,,339661,38,0,10,1,68,,339671,38,0,10,2,30,,339681,38,0,10,1,70,,339662,38,0,10,1,28,,339672,38,0,10,2,69,,339682,38,0,10,1,31,,339663,38,0,10,1,70,,339673,38,0,10,2,30,,339683,38,0,10,1,71,,339664,38,0,10,1,32,,339674,38,0,10,2,72,,339684,38,0,10,1,31,,339665,38,0,10,1,70,,339675,38,0,10,2,30,,339685,38,0,10,1,70,,339666,38,0,10,1,30,,339676,38,0,10,2,69,,339686,38,0,10,1,31,,339667,38,0,10,1,70,,339677,38,0,10,2,29,,339687,38,0,10,1,69,,339668,38,0,10,1,27,,339678,38,0,10,2,69,,339688,38,0,10,1,30,,339669,38,0,10,1,73,,339679,38,0,10,2,30,,339689,38,0,10,1,70,,339670,38,0,10,1
20002,'H60S000S-83-S',606,,339695,38,0,10,1,22,,339707,38,0,10,2,21,,339714,38,0,10,2,61,,339697,38,0,10,1,24,,339696,38,0,10,1,25,,339708,38,0,10,2,61,,339715,38,0,10,2,26,,339698,38,0,10,1,66,,339690,38,0,10,2,23,,339709,38,0,10,2,67,,339716,38,0,10,2,27,,339699,38,0,10,1,29,,339710,38,0,10,2,71,,339717,38,0,10,2,29,,339700,38,0,10,1,71,,339711,38,0,10,2,30,,339718,38,0,10,2,71,,339701,38,0,10,1,73,,339712,38,0,10,2,30,,339719,38,0,10,2,72,,339702,38,0,10,1,31,,339713,38,0,10,2,71,,339720,38,0,10,2,20,,339727,38,0,10,1,17,,339703,38,0,10,1,15,,339726,38,0,10,2,55,,339691,38,0,10,1,13,,339722,38,0,10,1,13,,339721,38,0,10,2,12,,339725,38,0,10,2,52,,339728,38,0,10,1,15,,339704,38,0,10,1,15,,339724,38,0,10,1,16,,339692,38,0,10,1,57,,339723,38,0,10,1,20,,339729,38,0,10,1,24,,339705,38,0,10,1,68,,339693,38,0,10,1,31,,339730,38,0,10,1,70,,339706,38,0,10,1,30,,339694,38,0,10,1,70,,339731,38,0,10,1
20002,'H60S100F-80-F1',725,,339751,38,0,10,1,29,,339732,38,0,10,1,68,,339742,38,0,10,1,30,,339752,38,0,10,1,70,,339733,38,0,10,1,28,,339743,38,0,10,1,69,,339753,38,0,10,1,31,,339734,38,0,10,1,70,,339744,38,0,10,1,30,,339754,38,0,10,1,71,,339735,38,0,10,1,32,,339745,38,0,10,1,72,,339755,38,0,10,1,31,,339736,38,0,10,1,70,,339746,38,0,10,1,30,,339756,38,0,10,1,70,,339737,38,0,10,1,30,,339747,38,0,10,1,69,,339757,38,0,10,1,31,,339738,38,0,10,1,70,,339748,38,0,10,1,29,,339758,38,0,10,1,69,,339739,38,0,10,1,27,,339749,38,0,10,1,69,,339759,38,0,10,1,30,,339740,38,0,10,1,73,,339750,38,0,10,1,30,,339760,38,0,10,1,70,,339741,38,0,10,1
20002,'H60S200F-80-F2',725,,339780,38,0,10,1,29,,339761,38,0,10,1,68,,339771,38,0,10,1,30,,339781,38,0,10,1,70,,339762,38,0,10,1,28,,339772,38,0,10,1,69,,339782,38,0,10,1,31,,339763,38,0,10,1,70,,339773,38,0,10,1,30,,339783,38,0,10,1,71,,339764,38,0,10,1,32,,339774,38,0,10,1,72,,339784,38,0,10,1,31,,339765,38,0,10,1,70,,339775,38,0,10,1,30,,339785,38,0,10,1,70,,339766,38,0,10,1,30,,339776,38,0,10,1,69,,339786,38,0,10,1,31,,339767,38,0,10,1,70,,339777,38,0,10,1,29,,339787,38,0,10,1,69,,339768,38,0,10,1,27,,339778,38,0,10,1,69,,339788,38,0,10,1,30,,339769,38,0,10,1,73,,339779,38,0,10,1,30,,339789,38,0,10,1,70,,339770,38,0,10,1
41102,'H56S000A-80-A',540,,347660,25,0,10,2,70,,347661,25,0,10,1,33,,347640,25,0,10,1,68,,347620,25,0,10,2,28,,347633,25,0,10,2,68,,347662,25,0,10,1,29,,347641,25,0,10,1,69,,347645,25,0,10,1,29,,347634,25,0,10,2,69,,347651,25,0,10,1,32,,347642,25,0,10,1,70,,347646,25,0,10,1,28,,347635,25,0,10,2,70,,347652,25,0,10,1,31,,347643,25,0,10,1,72,,347647,25,0,10,1,30,,347636,25,0,10,2,70,,347653,25,0,10,1,31,,347644,25,0,10,1,70,,347648,25,0,10,1,32,,347637,25,0,10,2,71,,347654,25,0,10,1,30,,347630,25,0,10,2,70,,347649,25,0,10,1,29,,347638,25,0,10,2,70,,347655,25,0,10,1,30,,347631,25,0,10,2,68,,347650,25,0,10,1,28,,347639,25,0,10,2,71,,347656,25,0,10,1,30,,347626,25,0,10,1,69,,347621,25,0,10,1,29,,347623,25,0,10,2,70,,347657,25,0,10,1,31,,347627,25,0,10,2,71,,347622,25,0,10,1,31,,347624,25,0,10,2,70,,347658,25,0,10,1,28,,347628,25,0,10,2,69,,347632,25,0,10,1,28,,347625,25,0,10,2,69,,347659,25,0,10,1,29,,347629,25,0,10,2
41102,'H56S000I-80-I',609,,347699,25,0,10,1,33,,347672,25,0,10,2,69,,347663,25,0,10,1,27,,347681,25,0,10,2,67,,347700,25,0,10,1,29,,347673,25,0,10,2,70,,347693,25,0,10,1,29,,347682,25,0,10,2,70,,347688,25,0,10,1,30,,347674,25,0,10,2,70,,347694,25,0,10,1,29,,347683,25,0,10,2,73,,347689,25,0,10,1,32,,347675,25,0,10,2,71,,347695,25,0,10,1,31,,347684,25,0,10,2,70,,347690,25,0,10,1,30,,347676,25,0,10,2,70,,347696,25,0,10,1,30,,347685,25,0,10,2,70,,347691,25,0,10,1,30,,347677,25,0,10,2,70,,347697,25,0,10,1,29,,347686,25,0,10,2,68,,347692,25,0,10,1,29,,347678,25,0,10,2,69,,347698,25,0,10,1,31,,347687,25,0,10,2,72,,347670,25,0,10,1,28,,347679,25,0,10,2,70,,347668,25,0,10,1,29,,347701,25,0,10,2,71,,347665,25,0,10,1,31,,347680,25,0,10,2,69,,347669,25,0,10,1,30,,347702,25,0,10,2,70,,347666,25,0,10,1,30,,347664,25,0,10,1,66,,347671,25,0,10,2,30,,347703,25,0,10,2,70,,347667,25,0,10,1
41102,'H56S000S-82-S',611,,347707,25,0,10,2,27,,347710,25,0,10,1,66,,347713,25,0,10,2,12,,347711,25,0,10,1,10,,347744,25,0,10,2,20,,347747,25,0,10,2,8,,347712,25,0,10,2,48,,347753,25,0,10,2,20,,347743,25,0,10,1,12,,347708,25,0,10,2,13,,347761,25,0,10,1,12,,347720,25,0,10,1,51,,347733,25,0,10,1,13,,347714,25,0,10,2,15,,347745,25,0,10,2,14,,347748,25,0,10,2,56,,347754,25,0,10,2,16,,347763,25,0,10,1,17,,347738,25,0,10,1,18,,347721,25,0,10,1,60,,347734,25,0,10,1,19,,347715,25,0,10,2,20,,347749,25,0,10,2,60,,347755,25,0,10,2,23,,347739,25,0,10,1,61,,347722,25,0,10,1,20,,347735,25,0,10,1,20,,347716,25,0,10,2,59,,347746,25,0,10,2,19,,347750,25,0,10,2,18,,347756,25,0,10,2,16,,347740,25,0,10,1,56,,347723,25,0,10,1,16,,347762,25,0,10,2,15,,347736,25,0,10,1,16,,347717,25,0,10,2,56,,347758,25,0,10,2,16,,347759,25,0,10,2,16,,347751,25,0,10,2,56,,347757,25,0,10,2,16,,347741,25,0,10,1,19,,347724,25,0,10,1,19,,347737,25,0,10,1,59,,347718,25,0,10,2,21,,347727,25,0,10,1,67,,347752,25,0,10,2,28,,347742,25,0,10,1,71,,347725,25,0,10,1,30,,347719,25,0,10,2,71,,347728,25,0,10,1,30,,347709,25,0,10,1,70,,347726,25,0,10,1,29,,347760,25,0,10,2,70,,347729,25,0,10,1,30,,347731,25,0,10,2,69,,347704,25,0,10,1,30,,347706,25,0,10,1,70,,347730,25,0,10,1,30,,347732,25,0,10,2,70,,347705,25,0,10,1
41102,'H56S100F-80-F1',609,,347800,25,0,10,1,33,,347773,25,0,10,2,69,,347764,25,0,10,1,27,,347782,25,0,10,2,67,,347801,25,0,10,1,29,,347774,25,0,10,2,70,,347794,25,0,10,1,29,,347783,25,0,10,2,70,,347789,25,0,10,1,30,,347775,25,0,10,2,70,,347795,25,0,10,1,29,,347784,25,0,10,2,73,,347790,25,0,10,1,32,,347776,25,0,10,2,71,,347796,25,0,10,1,31,,347785,25,0,10,2,70,,347791,25,0,10,1,30,,347777,25,0,10,2,70,,347797,25,0,10,1,30,,347786,25,0,10,2,70,,347792,25,0,10,1,30,,347778,25,0,10,2,70,,347798,25,0,10,1,29,,347787,25,0,10,2,68,,347793,25,0,10,1,29,,347779,25,0,10,2,69,,347799,25,0,10,1,31,,347788,25,0,10,2,72,,347771,25,0,10,1,28,,347780,25,0,10,2,70,,347769,25,0,10,1,29,,347802,25,0,10,2,71,,347766,25,0,10,1,31,,347781,25,0,10,2,69,,347770,25,0,10,1,30,,347803,25,0,10,2,70,,347767,25,0,10,1,30,,347765,25,0,10,1,66,,347772,25,0,10,2,30,,347804,25,0,10,2,70,,347768,25,0,10,1
41102,'H56S200F-80-F2',609,,347841,25,0,10,1,33,,347814,25,0,10,2,69,,347805,25,0,10,1,27,,347823,25,0,10,2,67,,347842,25,0,10,1,29,,347815,25,0,10,2,70,,347835,25,0,10,1,29,,347824,25,0,10,2,70,,347830,25,0,10,1,30,,347816,25,0,10,2,70,,347836,25,0,10,1,29,,347825,25,0,10,2,73,,347831,25,0,10,1,32,,347817,25,0,10,2,71,,347837,25,0,10,1,31,,347826,25,0,10,2,70,,347832,25,0,10,1,30,,347818,25,0,10,2,70,,347838,25,0,10,1,30,,347827,25,0,10,2,70,,347833,25,0,10,1,30,,347819,25,0,10,2,70,,347839,25,0,10,1,29,,347828,25,0,10,2,68,,347834,25,0,10,1,29,,347820,25,0,10,2,69,,347840,25,0,10,1,31,,347829,25,0,10,2,72,,347812,25,0,10,1,28,,347821,25,0,10,2,70,,347810,25,0,10,1,29,,347843,25,0,10,2,71,,347807,25,0,10,1,31,,347822,25,0,10,2,69,,347811,25,0,10,1,30,,347844,25,0,10,2,70,,347808,25,0,10,1,30,,347806,25,0,10,1,66,,347813,25,0,10,2,30,,347845,25,0,10,2,70,,347809,25,0,10,1
41102,'H60S000S-83-S',736,,347846,25,0,10,2,74,,347847,25,0,10,1
