2804,'H54S000A-80-A',505,,293353,4,0,9,1,31,,293361,4,0,9,1,71,,293355,4,0,9,2,31,,293354,4,0,9,1,71,,293362,4,0,9,1,31,,293356,4,0,9,2,71,,293337,4,0,9,1,31,,293363,4,0,9,1,71,,293357,4,0,9,2,31,,293338,4,0,9,1,71,,293346,4,0,9,2,31,,293329,4,0,9,1,71,,293367,4,0,9,1,31,,293364,4,0,9,1,71,,293358,4,0,9,2,31,,293339,4,0,9,1,71,,293347,4,0,9,2,31,,293330,4,0,9,1,71,,293368,4,0,9,1,31,,293365,4,0,9,1,71,,293359,4,0,9,2,31,,293340,4,0,9,1,71,,293348,4,0,9,2,31,,293331,4,0,9,1,71,,293369,4,0,9,1,71,,293366,4,0,9,1,31,,293360,4,0,9,2,71,,293341,4,0,9,1,31,,293349,4,0,9,2,71,,293332,4,0,9,1,31,,293342,4,0,9,1,71,,293350,4,0,9,2,31,,293333,4,0,9,1,71,,293343,4,0,9,1,32,,293351,4,0,9,2,72,,293334,4,0,9,1,32,,293344,4,0,9,1,72,,293335,4,0,9,1,32,,293352,4,0,9,2,73,,293345,4,0,9,1,33,,293336,4,0,9,1
2804,'H54S000I-80-I',505,,293382,4,0,9,1,32,,293400,4,0,9,2,70,,293394,4,0,9,2,29,,293383,4,0,9,1,69,,293401,4,0,9,2,30,,293395,4,0,9,2,70,,293406,4,0,9,1,30,,293402,4,0,9,2,70,,293396,4,0,9,2,30,,293384,4,0,9,1,70,,293392,4,0,9,1,30,,293370,4,0,9,2,70,,293407,4,0,9,1,30,,293403,4,0,9,2,70,,293397,4,0,9,2,30,,293385,4,0,9,1,70,,293377,4,0,9,2,30,,293371,4,0,9,2,70,,293408,4,0,9,1,30,,293404,4,0,9,2,70,,293398,4,0,9,2,30,,293386,4,0,9,1,70,,293378,4,0,9,2,30,,293372,4,0,9,2,70,,293409,4,0,9,1,30,,293405,4,0,9,2,70,,293399,4,0,9,2,30,,293387,4,0,9,1,70,,293379,4,0,9,2,30,,293373,4,0,9,2,70,,293388,4,0,9,1,30,,293380,4,0,9,2,70,,293374,4,0,9,2,30,,293389,4,0,9,1,70,,293381,4,0,9,2,31,,293375,4,0,9,1,71,,293390,4,0,9,2,30,,293410,4,0,9,1,73,,293376,4,0,9,1,32,,293391,4,0,9,2,72,,293393,4,0,9,1
2804,'H54S000S-80-S',501,,293412,4,0,9,2,30,,293432,4,0,9,2,70,,293416,4,0,9,1,31,,293413,4,0,9,2,70,,293433,4,0,9,2,33,,293414,4,0,9,1,69,,293436,4,0,9,2,29,,293434,4,0,9,2,67,,293427,4,0,9,1,31,,293437,4,0,9,2,71,,293435,4,0,9,2,31,,293428,4,0,9,1,72,,293417,4,0,9,1,30,,293438,4,0,9,1,69,,293429,4,0,9,1,29,,293418,4,0,9,1,69,,293439,4,0,9,1,28,,293430,4,0,9,1,29,,293419,4,0,9,1,71,,293440,4,0,9,1,20,,293447,4,0,9,2,57,,293431,4,0,9,1,17,,293420,4,0,9,1,19,,293448,4,0,9,2,57,,293441,4,0,9,1,5,,293452,4,0,9,1,12,,293442,4,0,9,2,21,,293461,4,0,9,2,63,,293421,4,0,9,1,22,,293449,4,0,9,2,22,,293451,4,0,9,2,63,,293443,4,0,9,2,24,,293422,4,0,9,1,71,,293458,4,0,9,2,31,,293444,4,0,9,2,70,,293423,4,0,9,1,31,,293459,4,0,9,2,70,,293445,4,0,9,2,31,,293424,4,0,9,1,70,,293460,4,0,9,2,29,,293446,4,0,9,2,71,,293425,4,0,9,1,30,,293450,4,0,9,1,69,,293462,4,0,9,1,33,,293426,4,0,9,1,73,,293411,4,0,9,1
2804,'H54S100F-80-F1',505,,293475,4,0,9,1,32,,293493,4,0,9,2,70,,293487,4,0,9,2,29,,293476,4,0,9,1,69,,293494,4,0,9,2,30,,293488,4,0,9,2,70,,293499,4,0,9,1,30,,293495,4,0,9,2,70,,293489,4,0,9,2,30,,293477,4,0,9,1,70,,293485,4,0,9,1,30,,293463,4,0,9,2,70,,293500,4,0,9,1,30,,293496,4,0,9,2,70,,293490,4,0,9,2,30,,293478,4,0,9,1,70,,293470,4,0,9,2,30,,293464,4,0,9,2,70,,293501,4,0,9,1,30,,293497,4,0,9,2,70,,293491,4,0,9,2,30,,293479,4,0,9,1,70,,293471,4,0,9,2,30,,293465,4,0,9,2,70,,293502,4,0,9,1,30,,293498,4,0,9,2,70,,293492,4,0,9,2,30,,293480,4,0,9,1,70,,293472,4,0,9,2,30,,293466,4,0,9,2,70,,293481,4,0,9,1,30,,293473,4,0,9,2,70,,293467,4,0,9,2,30,,293482,4,0,9,1,70,,293474,4,0,9,2,31,,293468,4,0,9,1,71,,293483,4,0,9,2,30,,293503,4,0,9,1,73,,293469,4,0,9,1,32,,293484,4,0,9,2,72,,293486,4,0,9,1
2804,'H54S200F-80-F2',505,,293516,4,0,9,1,32,,293534,4,0,9,2,70,,293528,4,0,9,2,29,,293517,4,0,9,1,69,,293535,4,0,9,2,30,,293529,4,0,9,2,70,,293540,4,0,9,1,30,,293536,4,0,9,2,70,,293530,4,0,9,2,30,,293518,4,0,9,1,70,,293526,4,0,9,1,30,,293504,4,0,9,2,70,,293541,4,0,9,1,30,,293537,4,0,9,2,70,,293531,4,0,9,2,30,,293519,4,0,9,1,70,,293511,4,0,9,2,30,,293505,4,0,9,2,70,,293542,4,0,9,1,30,,293538,4,0,9,2,70,,293532,4,0,9,2,30,,293520,4,0,9,1,70,,293512,4,0,9,2,30,,293506,4,0,9,2,70,,293543,4,0,9,1,30,,293539,4,0,9,2,70,,293533,4,0,9,2,30,,293521,4,0,9,1,70,,293513,4,0,9,2,30,,293507,4,0,9,2,70,,293522,4,0,9,1,30,,293514,4,0,9,2,70,,293508,4,0,9,2,30,,293523,4,0,9,1,70,,293515,4,0,9,2,31,,293509,4,0,9,1,71,,293524,4,0,9,2,30,,293544,4,0,9,1,73,,293510,4,0,9,1,32,,293525,4,0,9,2,72,,293527,4,0,9,1
3901,'H54S000S-80-S',632,,297498,37,0,5,1,71,,297500,37,0,5,2,31,,297508,37,0,5,2,72,,297499,37,0,5,1,29,,297501,37,0,5,2,70,,297509,37,0,5,2,644,,297502,37,0,5,2,71,,297506,37,0,5,2,29,,297504,37,0,5,1,70,,297507,37,0,5,2,31,,297503,37,0,5,2,72,,297505,37,0,5,1
36402,'H54S000A-80-A',2450,,346815,4,0,10,1,85,,346817,4,0,10,2,86,,346814,4,0,10,1,85,,346813,4,0,10,1,45,,346816,4,0,10,1,79,,346818,4,0,10,2
36402,'H54S000I-80-I',2450,,346822,4,0,10,1,85,,346820,4,0,10,1,85,,346823,4,0,10,2,85,,346821,4,0,10,1,45,,346819,4,0,10,1
36402,'H54S000S-80-S',2450,,346827,4,0,10,2,87,,346828,4,0,10,1,84,,346826,4,0,10,2,86,,346824,4,0,10,1,43,,346825,4,0,10,1
36402,'H54S100F-80-F1',2450,,346832,4,0,10,1,85,,346830,4,0,10,1,85,,346833,4,0,10,2,85,,346831,4,0,10,1,45,,346829,4,0,10,1
36402,'H54S200F-80-F2',2450,,346837,4,0,10,1,85,,346835,4,0,10,1,85,,346838,4,0,10,2,85,,346836,4,0,10,1,45,,346834,4,0,10,1
