6801,'H60S000A-80-A',551,,306780,28,0,5,1,69,,306781,28,0,5,1,30,,306806,28,0,5,2,72,,306794,28,0,5,2,32,,306782,28,0,5,1,72,,306807,28,0,5,2,30,,306795,28,0,5,2,70,,306783,28,0,5,1,32,,306808,28,0,5,2,70,,306796,28,0,5,2,73,,306784,28,0,5,1,32,,306809,28,0,5,2,71,,306797,28,0,5,2,31,,306785,28,0,5,1,69,,306810,28,0,5,2,32,,306798,28,0,5,2,71,,306786,28,0,5,1,29,,306811,28,0,5,2,72,,306799,28,0,5,2,31,,306787,28,0,5,1,69,,306812,28,0,5,2,32,,306800,28,0,5,2,71,,306788,28,0,5,1,29,,306813,28,0,5,2,72,,306801,28,0,5,2,31,,306789,28,0,5,1,69,,306814,28,0,5,2,30,,306802,28,0,5,2,71,,306790,28,0,5,1,29,,306815,28,0,5,2,70,,306803,28,0,5,2,27,,306791,28,0,5,1,68,,306816,28,0,5,2,29,,306804,28,0,5,2,67,,306792,28,0,5,1,28,,306817,28,0,5,2,70,,306805,28,0,5,2,33,,306793,28,0,5,1,72,,306818,28,0,5,2,31,,306820,28,0,5,1,70,,306819,28,0,5,1
6801,'H60S000I-81-I',617,,306821,28,0,5,1,32,,306834,28,0,5,1,72,,306835,28,0,5,2,33,,306822,28,0,5,1,73,,306848,28,0,5,2,73,,306836,28,0,5,2,33,,306823,28,0,5,1,71,,306849,28,0,5,2,28,,306837,28,0,5,2,69,,306824,28,0,5,1,30,,306850,28,0,5,2,70,,306838,28,0,5,2,30,,306825,28,0,5,1,70,,306851,28,0,5,2,30,,306839,28,0,5,2,70,,306826,28,0,5,1,30,,306852,28,0,5,2,70,,306840,28,0,5,2,30,,306827,28,0,5,1,70,,306853,28,0,5,2,30,,306841,28,0,5,2,70,,306828,28,0,5,1,30,,306854,28,0,5,2,70,,306842,28,0,5,2,30,,306829,28,0,5,1,70,,306855,28,0,5,2,30,,306843,28,0,5,2,27,,306830,28,0,5,1,70,,306856,28,0,5,2,30,,306844,28,0,5,2,67,,306831,28,0,5,1,27,,306857,28,0,5,2,70,,306845,28,0,5,2,27,,306832,28,0,5,1,68,,306858,28,0,5,2,35,,306846,28,0,5,2,75,,306833,28,0,5,1,75,,306859,28,0,5,2,35,,306847,28,0,5,2
6801,'H60S000S-83-S',536,,306867,28,0,5,1,78,,306865,28,0,5,1,37,,306869,28,0,5,1,61,,306868,28,0,5,1,13,,306875,28,0,5,1,10,,306879,28,0,5,2,10,,306876,28,0,5,1,55,,306877,28,0,5,1,20,,306878,28,0,5,2,24,,306870,28,0,5,1,64,,306874,28,0,5,1,7,,306880,19,0,5,1,28,,306860,19,0,5,1,69,,306871,19,0,5,1,29,,306881,19,0,5,1,70,,306861,19,0,5,1,30,,306872,19,0,5,1,70,,306882,19,0,5,1,30,,306862,19,0,5,1,69,,306873,19,0,5,1,30,,306883,19,0,5,1,70,,306863,19,0,5,1,29,,306866,19,0,5,2,63,,306887,19,0,5,2,24,,306884,19,0,5,1,25,,306864,19,0,5,1,4,,306886,28,0,5,1,65,,306885,28,0,5,2,28,,306905,28,0,5,2,73,,306904,28,0,5,1,33,,306899,28,0,5,2,70,,306889,28,0,5,1,29,,306888,28,0,5,1,66,,306894,28,0,5,1,33,,306900,28,0,5,1,70,,306890,28,0,5,1,30,,306895,28,0,5,1,72,,306901,28,0,5,1,31,,306891,28,0,5,1,72,,306896,28,0,5,1,32,,306902,28,0,5,1,71,,306892,28,0,5,1,73,,306897,28,0,5,1,33,,306903,28,0,5,1,73,,306893,28,0,5,1,30,,306898,28,0,5,1
6801,'H60S100F-80-F1',617,,306906,28,0,5,1,32,,306932,28,0,5,1,72,,306919,28,0,5,2,33,,306907,28,0,5,1,73,,306933,28,0,5,1,73,,306920,28,0,5,2,33,,306908,28,0,5,1,71,,306934,28,0,5,1,28,,306921,28,0,5,2,69,,306909,28,0,5,1,30,,306935,28,0,5,1,70,,306922,28,0,5,2,30,,306910,28,0,5,1,70,,306936,28,0,5,1,30,,306923,28,0,5,2,70,,306911,28,0,5,1,30,,306937,28,0,5,1,70,,306924,28,0,5,2,30,,306912,28,0,5,1,70,,306938,28,0,5,1,30,,306925,28,0,5,2,70,,306913,28,0,5,1,30,,306939,28,0,5,1,70,,306926,28,0,5,2,30,,306914,28,0,5,1,70,,306940,28,0,5,1,30,,306927,28,0,5,2,27,,306915,28,0,5,1,70,,306941,28,0,5,1,30,,306928,28,0,5,2,67,,306916,28,0,5,1,27,,306942,28,0,5,1,70,,306929,28,0,5,2,27,,306917,28,0,5,1,68,,306943,28,0,5,1,35,,306930,28,0,5,2,75,,306918,28,0,5,1,75,,306944,28,0,5,1,35,,306931,28,0,5,2
6801,'H60S200F-80-F2',617,,306945,28,0,5,1,32,,306971,28,0,5,1,72,,306958,28,0,5,2,33,,306946,28,0,5,1,73,,306972,28,0,5,1,73,,306959,28,0,5,2,33,,306947,28,0,5,1,71,,306973,28,0,5,1,28,,306960,28,0,5,2,69,,306948,28,0,5,1,30,,306974,28,0,5,1,70,,306961,28,0,5,2,30,,306949,28,0,5,1,70,,306975,28,0,5,1,30,,306962,28,0,5,2,70,,306950,28,0,5,1,30,,306976,28,0,5,1,70,,306963,28,0,5,2,30,,306951,28,0,5,1,70,,306977,28,0,5,1,30,,306964,28,0,5,2,70,,306952,28,0,5,1,30,,306978,28,0,5,1,70,,306965,28,0,5,2,30,,306953,28,0,5,1,70,,306979,28,0,5,1,30,,306966,28,0,5,2,27,,306954,28,0,5,1,70,,306980,28,0,5,1,30,,306967,28,0,5,2,67,,306955,28,0,5,1,27,,306981,28,0,5,1,70,,306968,28,0,5,2,27,,306956,28,0,5,1,68,,306982,28,0,5,1,35,,306969,28,0,5,2,75,,306957,28,0,5,1,75,,306983,28,0,5,1,35,,306970,28,0,5,2
37601,'H60S000A-80-A',2446,,347209,5,0,5,1,85,,347207,5,0,5,1,85,,347211,5,0,5,1,85,,347208,5,0,5,1,45,,347210,5,0,5,1
37601,'H60S000I-81-I',2446,,347215,5,0,5,1,85,,347212,5,0,5,1,85,,347214,5,0,5,1,85,,347213,5,0,5,1,45,,347216,5,0,5,1
37601,'H60S000S-83-S',2446,,347220,5,0,5,1,85,,347217,5,0,5,2,85,,347219,5,0,5,1,85,,347218,5,0,5,1,45,,347221,5,0,5,1
37601,'H60S100F-80-F1',2446,,347223,5,0,5,1,85,,347225,5,0,5,1,85,,347222,5,0,5,1,85,,347226,5,0,5,1,45,,347224,5,0,5,1
37601,'H60S200F-80-F2',2446,,347228,5,0,5,1,85,,347230,5,0,5,1,85,,347227,5,0,5,1,85,,347231,5,0,5,1,45,,347229,5,0,5,1
46801,'H50S000S-82-S',1425,,349508,8,0,5,2,34,,349506,8,0,5,1,87,,349507,8,0,5,1
46801,'H60S000A-80-A',604,,349509,8,0,5,1,31,,349516,8,0,5,2,72,,349530,8,0,5,1,29,,349523,8,0,5,2,73,,349510,8,0,5,1,31,,349517,8,0,5,2,70,,349531,8,0,5,1,30,,349524,8,0,5,2,73,,349511,8,0,5,1,33,,349518,8,0,5,2,71,,349532,8,0,5,1,30,,349525,8,0,5,2,72,,349512,8,0,5,1,33,,349519,8,0,5,2,72,,349533,8,0,5,1,31,,349526,8,0,5,2,73,,349513,8,0,5,1,72,,349520,8,0,5,2,32,,349534,8,0,5,1,73,,349527,8,0,5,2,33,,349514,8,0,5,1,71,,349521,8,0,5,2,31,,349535,8,0,5,1,73,,349528,8,0,5,2,33,,349515,8,0,5,1,71,,349522,8,0,5,2,30,,349536,8,0,5,1,72,,349529,8,0,5,2
46801,'H60S000I-81-I',607,,349537,8,0,5,1,30,,349544,8,0,5,2,70,,349558,8,0,5,1,33,,349551,8,0,5,2,70,,349538,8,0,5,1,30,,349545,8,0,5,2,70,,349559,8,0,5,1,33,,349552,8,0,5,2,71,,349539,8,0,5,1,32,,349546,8,0,5,2,71,,349560,8,0,5,1,32,,349553,8,0,5,2,71,,349540,8,0,5,1,32,,349547,8,0,5,2,71,,349561,8,0,5,1,32,,349554,8,0,5,2,73,,349541,8,0,5,1,73,,349548,8,0,5,2,31,,349562,8,0,5,1,72,,349555,8,0,5,2,33,,349542,8,0,5,1,72,,349549,8,0,5,2,31,,349563,8,0,5,1,71,,349556,8,0,5,2,33,,349543,8,0,5,1,72,,349550,8,0,5,2,31,,349564,8,0,5,1,70,,349557,8,0,5,2
46801,'H60S000S-83-S',527,,349566,8,0,5,1,20,,349568,8,0,5,2,55,,349574,8,0,5,2,13,,349576,8,0,5,1,13,,349581,8,0,5,2,13,,349591,8,0,5,2,13,,349594,8,0,5,2,53,,349570,8,0,5,1,15,,349567,8,0,5,1,12,,349583,8,0,5,1,12,,349569,8,0,5,2,10,,349592,8,0,5,1,50,,349575,8,0,5,2,11,,349577,8,0,5,1,12,,349582,8,0,5,2,14,,349598,8,0,5,2,58,,349595,8,0,5,2,18,,349571,8,0,5,1,20,,349584,8,0,5,1,20,,349593,8,0,5,1,62,,349578,8,0,5,1,26,,349599,8,0,5,2,70,,349572,8,0,5,1,31,,349585,8,0,5,1,71,,349579,8,0,5,1,31,,349600,8,0,5,2,69,,349573,8,0,5,1,27,,349586,8,0,5,1,62,,349603,8,0,5,2,34,,349580,8,0,5,1,73,,349601,8,0,5,2,17,,349565,8,0,5,2,26,,349610,8,0,5,1,52,,349587,8,0,5,1,14,,349605,8,0,5,2,9,,349604,8,0,5,2,9,,349612,8,0,5,1,11,,349611,8,0,5,1,58,,349606,8,0,5,2,22,,349602,8,0,5,2,26,,349609,8,0,5,2,69,,349588,8,0,5,1,72,,349613,8,0,5,1,31,,349607,8,0,5,2,70,,349596,8,0,5,1,30,,349589,8,0,5,1,69,,349614,8,0,5,1,30,,349608,8,0,5,2,29,,349597,8,0,5,1,69,,349590,8,0,5,1
46801,'H60S100F-80-F1',607,,349615,8,0,5,2,30,,349622,8,0,5,1,70,,349636,8,0,5,2,33,,349629,8,0,5,1,70,,349616,8,0,5,2,30,,349623,8,0,5,1,70,,349637,8,0,5,2,33,,349630,8,0,5,1,71,,349617,8,0,5,2,32,,349624,8,0,5,1,71,,349638,8,0,5,2,32,,349631,8,0,5,1,71,,349618,8,0,5,2,32,,349625,8,0,5,1,71,,349639,8,0,5,2,32,,349632,8,0,5,1,73,,349619,8,0,5,2,73,,349626,8,0,5,1,31,,349640,8,0,5,2,72,,349633,8,0,5,1,33,,349620,8,0,5,2,72,,349627,8,0,5,1,31,,349641,8,0,5,2,71,,349634,8,0,5,1,33,,349621,8,0,5,2,72,,349628,8,0,5,1,31,,349642,8,0,5,2,70,,349635,8,0,5,1
46801,'H60S200F-80-F2',607,,349643,8,0,5,2,30,,349650,8,0,5,1,70,,349664,8,0,5,2,33,,349657,8,0,5,1,70,,349644,8,0,5,2,30,,349651,8,0,5,1,70,,349665,8,0,5,2,33,,349658,8,0,5,1,71,,349645,8,0,5,2,32,,349652,8,0,5,1,71,,349666,8,0,5,2,32,,349659,8,0,5,1,71,,349646,8,0,5,2,32,,349653,8,0,5,1,71,,349667,8,0,5,2,32,,349660,8,0,5,1,73,,349647,8,0,5,2,73,,349654,8,0,5,1,31,,349668,8,0,5,2,72,,349661,8,0,5,1,33,,349648,8,0,5,2,72,,349655,8,0,5,1,31,,349669,8,0,5,2,71,,349662,8,0,5,1,33,,349649,8,0,5,2,72,,349656,8,0,5,1,31,,349670,8,0,5,2,70,,349663,8,0,5,1
47001,'H50S000A-82-A',613,,349987,9,0,5,2,29,,349979,9,0,5,1,69,,349995,9,0,5,2,29,,350003,9,0,5,1,69,,349988,9,0,5,2,30,,349980,9,0,5,1,69,,349996,9,0,5,2,30,,350004,9,0,5,1,70,,349989,9,0,5,2,30,,349981,9,0,5,1,70,,349997,9,0,5,2,30,,350005,9,0,5,1,70,,349990,9,0,5,2,30,,349982,9,0,5,1,71,,349998,9,0,5,2,31,,350006,9,0,5,1,71,,349991,9,0,5,2,31,,349983,9,0,5,1,71,,349999,9,0,5,2,31,,350007,9,0,5,1,71,,349992,9,0,5,2,31,,349984,9,0,5,1,71,,350000,9,0,5,2,31,,350008,9,0,5,1,70,,349993,9,0,5,2,30,,349985,9,0,5,1,69,,350001,9,0,5,2,29,,350009,9,0,5,1,69,,349994,9,0,5,2,30,,349986,9,0,5,1,71,,350002,9,0,5,2,32,,350010,9,0,5,1
47001,'H50S000I-82-I',614,,350011,9,0,5,2,29,,350035,9,0,5,1,69,,350019,9,0,5,2,30,,350027,9,0,5,1,70,,350012,9,0,5,2,30,,350036,9,0,5,1,70,,350020,9,0,5,2,30,,350028,9,0,5,1,70,,350013,9,0,5,2,30,,350037,9,0,5,1,69,,350021,9,0,5,2,29,,350029,9,0,5,1,69,,350014,9,0,5,2,30,,350038,9,0,5,1,70,,350022,9,0,5,2,30,,350030,9,0,5,1,70,,350015,9,0,5,2,30,,350039,9,0,5,1,70,,350023,9,0,5,2,31,,350031,9,0,5,1,71,,350016,9,0,5,2,31,,350040,9,0,5,1,71,,350024,9,0,5,2,30,,350032,9,0,5,1,70,,350017,9,0,5,2,30,,350041,9,0,5,1,70,,350025,9,0,5,2,30,,350033,9,0,5,1,69,,350018,9,0,5,2,30,,350042,9,0,5,1,72,,350026,9,0,5,2,33,,350034,9,0,5,1
47001,'H50S000S-82-S',442,,350046,9,0,5,1,70,,350049,9,0,5,2,31,,350082,9,0,5,2,65,,350058,9,0,5,2,21,,350047,9,0,5,1,11,,350074,9,0,5,1,62,,350050,9,0,5,2,21,,350066,9,0,5,1,11,,350083,9,0,5,2,23,,350084,9,0,5,1,52,,350059,9,0,5,2,24,,350048,9,0,5,1,12,,350075,9,0,5,1,75,,350051,9,0,5,2,12,,350067,9,0,5,1,21,,350044,9,0,5,1,63,,350060,9,0,5,2,26,,350076,9,0,5,1,67,,350052,9,0,5,2,28,,350068,9,0,5,1,68,,350061,9,0,5,2,30,,350077,9,0,5,1,70,,350053,9,0,5,2,30,,350069,9,0,5,1,69,,350062,9,0,5,2,32,,350078,9,0,5,1,23,,350085,9,0,5,1,57,,350054,9,0,5,2,16,,350070,9,0,5,1,16,,350043,9,0,5,1,56,,350063,9,0,5,2,18,,350045,9,0,5,1,18,,350079,9,0,5,1,61,,350086,9,0,5,1,19,,350055,9,0,5,2,27,,350071,9,0,5,1,71,,350064,9,0,5,2,31,,350080,9,0,5,1,70,,350056,9,0,5,2,28,,350072,9,0,5,1,69,,350065,9,0,5,2,29,,350081,9,0,5,1,69,,350057,9,0,5,2,31,,350073,9,0,5,1
47001,'H50S100F-80-F1',614,,350087,9,0,5,2,29,,350111,9,0,5,1,69,,350095,9,0,5,2,30,,350103,9,0,5,1,70,,350088,9,0,5,2,30,,350112,9,0,5,1,70,,350096,9,0,5,2,30,,350104,9,0,5,1,70,,350089,9,0,5,2,30,,350113,9,0,5,1,69,,350097,9,0,5,2,29,,350105,9,0,5,1,69,,350090,9,0,5,2,30,,350114,9,0,5,1,70,,350098,9,0,5,2,30,,350106,9,0,5,1,70,,350091,9,0,5,2,30,,350115,9,0,5,1,70,,350099,9,0,5,2,31,,350107,9,0,5,1,71,,350092,9,0,5,2,31,,350116,9,0,5,1,71,,350100,9,0,5,2,30,,350108,9,0,5,1,70,,350093,9,0,5,2,30,,350117,9,0,5,1,70,,350101,9,0,5,2,30,,350109,9,0,5,1,69,,350094,9,0,5,2,30,,350118,9,0,5,1,72,,350102,9,0,5,2,33,,350110,9,0,5,1
47001,'H50S200F-80-F2',614,,350119,9,0,5,2,29,,350143,9,0,5,1,69,,350127,9,0,5,2,30,,350135,9,0,5,1,70,,350120,9,0,5,2,30,,350144,9,0,5,1,70,,350128,9,0,5,2,30,,350136,9,0,5,1,70,,350121,9,0,5,2,30,,350145,9,0,5,1,69,,350129,9,0,5,2,29,,350137,9,0,5,1,69,,350122,9,0,5,2,30,,350146,9,0,5,1,70,,350130,9,0,5,2,30,,350138,9,0,5,1,70,,350123,9,0,5,2,30,,350147,9,0,5,1,70,,350131,9,0,5,2,31,,350139,9,0,5,1,71,,350124,9,0,5,2,31,,350148,9,0,5,1,71,,350132,9,0,5,2,30,,350140,9,0,5,1,70,,350125,9,0,5,2,30,,350149,9,0,5,1,70,,350133,9,0,5,2,30,,350141,9,0,5,1,69,,350126,9,0,5,2,30,,350150,9,0,5,1,72,,350134,9,0,5,2,33,,350142,9,0,5,1
47001,'H58S000S-83-S',713,,350151,9,0,5,2
47001,'H60S000S-83-S',651,,350156,9,0,5,2,94,,350155,9,0,5,2,76,,350154,9,0,5,2,36,,350152,9,0,5,1,52,,350153,9,0,5,1
