11202,'H56S000A-80-A',553,,319436,29,0,10,1,71,,319442,29,0,10,1,31,,319447,29,0,10,1,68,,319453,29,0,10,1,29,,319443,29,0,10,1,70,,319448,29,0,10,1,30,,319454,29,0,10,1,70,,319470,29,0,10,1,29,,319444,29,0,10,1,69,,319473,29,0,10,2,30,,319471,29,0,10,1,71,,319445,29,0,10,1,32,,319474,29,0,10,2,69,,319455,29,0,10,1,29,,319449,29,0,10,1,71,,319475,29,0,10,2,31,,319456,29,0,10,1,72,,319450,29,0,10,1,31,,319477,29,0,10,2,65,,319457,29,0,10,1,26,,319451,29,0,10,1,66,,319478,29,0,10,2,25,,319458,29,0,10,1,66,,319452,29,0,10,1,22,,319460,29,0,10,1,21,,319479,29,0,10,2,64,,319459,29,0,10,1,21,,319466,29,0,10,1,25,,319461,29,0,10,1,68,,319438,29,0,10,1,30,,319467,29,0,10,1,70,,319462,29,0,10,1,29,,319439,29,0,10,1,69,,319468,29,0,10,1,29,,319463,29,0,10,1,68,,319440,29,0,10,1,33,,319469,29,0,10,1,73,,319464,29,0,10,1,30,,319446,29,0,10,1,68,,319441,29,0,10,1,29,,319465,29,0,10,1,70,,319476,29,0,10,1,29,,319472,29,0,10,1,69,,319437,29,0,10,1
11202,'H56S000I-80-I',552,,319481,29,0,10,1,71,,319520,29,0,10,1,31,,319492,29,0,10,1,70,,319512,29,0,10,2,27,,319521,29,0,10,1,69,,319493,29,0,10,1,30,,319513,29,0,10,2,70,,319495,29,0,10,1,31,,319506,29,0,10,1,69,,319514,29,0,10,2,29,,319496,29,0,10,1,70,,319507,29,0,10,1,30,,319515,29,0,10,2,70,,319497,29,0,10,1,31,,319508,29,0,10,1,70,,319516,29,0,10,2,30,,319498,29,0,10,1,69,,319509,29,0,10,1,29,,319517,29,0,10,2,69,,319499,29,0,10,1,29,,319510,29,0,10,1,69,,319518,29,0,10,2,29,,319500,29,0,10,1,67,,319511,29,0,10,1,26,,319519,29,0,10,2,67,,319491,29,0,10,2,25,,319501,29,0,10,1,28,,319488,29,0,10,2,70,,319483,29,0,10,2,29,,319502,29,0,10,1,70,,319489,29,0,10,2,29,,319484,29,0,10,2,68,,319503,29,0,10,1,29,,319490,29,0,10,2,68,,319485,29,0,10,2,29,,319504,29,0,10,1,70,,319522,29,0,10,2,32,,319486,29,0,10,2,73,,319494,29,0,10,1,30,,319505,29,0,10,1,69,,319487,29,0,10,2,27,,319480,29,0,10,2,69,,319482,29,0,10,1
11202,'H56S000S-82-S',553,,319523,29,0,10,1,72,,319530,29,0,10,1,28,,319525,29,0,10,1,68,,319581,29,0,10,2,28,,319532,29,0,10,2,60,,319533,29,0,10,2,20,,319551,29,0,10,1,19,,319582,29,0,10,2,61,,319545,29,0,10,2,22,,319558,29,0,10,1,25,,319564,29,0,10,2,67,,319583,29,0,10,2,32,,319559,29,0,10,1,73,,319565,29,0,10,2,29,,319546,29,0,10,1,71,,319560,29,0,10,1,26,,319566,29,0,10,2,63,,319547,29,0,10,1,26,,319569,29,0,10,1,68,,319561,29,0,10,1,22,,319567,29,0,10,2,20,,319548,29,0,10,1,57,,319534,29,0,10,2,12,,319570,29,0,10,1,13,,319562,29,0,10,1,11,,319526,29,0,10,2,10,,319542,29,0,10,2,48,,319568,29,0,10,2,7,,319529,29,0,10,2,7,,319584,29,0,10,1,8,,319549,29,0,10,1,7,,319544,29,0,10,2,8,,319535,29,0,10,2,10,,319573,29,0,10,2,51,,319563,29,0,10,1,9,,319580,29,0,10,2,8,,319571,29,0,10,1,9,,319543,29,0,10,2,10,,319531,29,0,10,2,9,,319536,29,0,10,2,11,,319550,29,0,10,1,52,,319579,29,0,10,2,10,,319574,29,0,10,2,12,,319524,29,0,10,2,9,,319572,29,0,10,1,12,,319552,29,0,10,1,55,,319537,29,0,10,2,15,,319538,29,0,10,2,18,,319575,29,0,10,2,60,,319585,29,0,10,2,20,,319553,29,0,10,1,25,,319539,29,0,10,2,66,,319576,29,0,10,2,26,,319554,29,0,10,1,66,,319540,29,0,10,2,27,,319577,29,0,10,2,28,,319555,29,0,10,1,67,,319541,29,0,10,2,27,,319578,29,0,10,2,69,,319556,29,0,10,1,29,,319527,29,0,10,1,72,,319557,29,0,10,1,29,,319528,29,0,10,1
11202,'H56S100F-80-F1',552,,319587,29,0,10,1,71,,319626,29,0,10,1,31,,319598,29,0,10,1,70,,319618,29,0,10,2,27,,319627,29,0,10,1,69,,319599,29,0,10,1,30,,319619,29,0,10,2,70,,319601,29,0,10,1,31,,319612,29,0,10,1,69,,319620,29,0,10,2,29,,319602,29,0,10,1,70,,319613,29,0,10,1,30,,319621,29,0,10,2,70,,319603,29,0,10,1,31,,319614,29,0,10,1,70,,319622,29,0,10,2,30,,319604,29,0,10,1,69,,319615,29,0,10,1,29,,319623,29,0,10,2,69,,319605,29,0,10,1,29,,319616,29,0,10,1,69,,319624,29,0,10,2,29,,319606,29,0,10,1,67,,319617,29,0,10,1,26,,319625,29,0,10,2,67,,319597,29,0,10,2,25,,319607,29,0,10,1,28,,319594,29,0,10,2,70,,319589,29,0,10,2,29,,319608,29,0,10,1,70,,319595,29,0,10,2,29,,319590,29,0,10,2,68,,319609,29,0,10,1,29,,319596,29,0,10,2,68,,319591,29,0,10,2,29,,319610,29,0,10,1,70,,319628,29,0,10,2,32,,319592,29,0,10,2,73,,319600,29,0,10,1,30,,319611,29,0,10,1,69,,319593,29,0,10,2,27,,319586,29,0,10,2,69,,319588,29,0,10,1
11202,'H56S200F-80-F2',552,,319630,29,0,10,1,71,,319669,29,0,10,1,31,,319641,29,0,10,1,70,,319661,29,0,10,2,27,,319670,29,0,10,1,69,,319642,29,0,10,1,30,,319662,29,0,10,2,70,,319644,29,0,10,1,31,,319655,29,0,10,1,69,,319663,29,0,10,2,29,,319645,29,0,10,1,70,,319656,29,0,10,1,30,,319664,29,0,10,2,70,,319646,29,0,10,1,31,,319657,29,0,10,1,70,,319665,29,0,10,2,30,,319647,29,0,10,1,69,,319658,29,0,10,1,29,,319666,29,0,10,2,69,,319648,29,0,10,1,29,,319659,29,0,10,1,69,,319667,29,0,10,2,29,,319649,29,0,10,1,67,,319660,29,0,10,1,26,,319668,29,0,10,2,67,,319640,29,0,10,2,25,,319650,29,0,10,1,28,,319637,29,0,10,2,70,,319632,29,0,10,2,29,,319651,29,0,10,1,70,,319638,29,0,10,2,29,,319633,29,0,10,2,68,,319652,29,0,10,1,29,,319639,29,0,10,2,68,,319634,29,0,10,2,29,,319653,29,0,10,1,70,,319671,29,0,10,2,32,,319635,29,0,10,2,73,,319643,29,0,10,1,30,,319654,29,0,10,1,69,,319636,29,0,10,2,27,,319629,29,0,10,2,69,,319631,29,0,10,1
19802,'H56S000A-80-A',506,,339268,7,0,10,1,32,,339265,7,0,10,1,72,,339293,7,0,10,2,31,,339285,7,0,10,1,71,,339269,7,0,10,1,29,,339277,7,0,10,2,68,,339300,7,0,10,1,30,,339294,7,0,10,2,69,,339286,7,0,10,1,31,,339270,7,0,10,1,70,,339278,7,0,10,2,30,,339301,7,0,10,1,69,,339295,7,0,10,2,30,,339287,7,0,10,1,70,,339271,7,0,10,1,29,,339279,7,0,10,2,71,,339302,7,0,10,1,29,,339296,7,0,10,2,68,,339288,7,0,10,1,29,,339272,7,0,10,1,70,,339280,7,0,10,2,29,,339303,7,0,10,2,70,,339297,7,0,10,1,31,,339289,7,0,10,1,69,,339273,7,0,10,1,30,,339281,7,0,10,2,71,,339304,7,0,10,2,29,,339298,7,0,10,1,69,,339290,7,0,10,1,29,,339274,7,0,10,1,69,,339282,7,0,10,2,29,,339305,7,0,10,2,30,,339299,7,0,10,1,69,,339291,7,0,10,1,30,,339275,7,0,10,1,71,,339283,7,0,10,2,30,,339306,7,0,10,2,70,,339266,7,0,10,1,29,,339292,7,0,10,1,71,,339276,7,0,10,1,71,,339284,7,0,10,2,33,,339307,7,0,10,2,70,,339267,7,0,10,1
19802,'H56S000I-80-I',508,,339308,7,0,10,1,30,,339326,7,0,10,2,70,,339312,7,0,10,1,30,,339340,7,0,10,1,70,,339318,7,0,10,2,30,,339309,7,0,10,1,70,,339327,7,0,10,2,31,,339313,7,0,10,1,72,,339341,7,0,10,1,33,,339319,7,0,10,2,73,,339342,7,0,10,1,32,,339328,7,0,10,2,73,,339329,7,0,10,1,32,,339334,7,0,10,1,71,,339320,7,0,10,2,31,,339343,7,0,10,1,71,,339314,7,0,10,1,30,,339330,7,0,10,1,70,,339335,7,0,10,1,30,,339321,7,0,10,2,70,,339344,7,0,10,1,30,,339315,7,0,10,1,70,,339331,7,0,10,1,32,,339336,7,0,10,1,72,,339322,7,0,10,2,69,,339345,7,0,10,1,29,,339316,7,0,10,1,30,,339332,7,0,10,1,70,,339337,7,0,10,1,28,,339323,7,0,10,2,68,,339346,7,0,10,1,30,,339317,7,0,10,1,70,,339333,7,0,10,1,29,,339338,7,0,10,1,70,,339324,7,0,10,2,31,,339310,7,0,10,2,70,,339348,7,0,10,1,30,,339347,7,0,10,2,71,,339339,7,0,10,1,33,,339325,7,0,10,2,73,,339311,7,0,10,1
19802,'H56S000S-82-S',541,,339392,7,0,10,2,70,,339359,7,0,10,2,30,,339390,7,0,10,1,61,,339382,7,0,10,2,21,,339378,7,0,10,2,20,,339364,7,0,10,2,15,,339371,7,0,10,1,50,,339377,7,0,10,1,27,,339383,7,0,10,2,70,,339360,7,0,10,2,31,,339374,7,0,10,1,72,,339379,7,0,10,2,29,,339372,7,0,10,1,68,,339384,7,0,10,2,30,,339361,7,0,10,2,69,,339375,7,0,10,1,30,,339380,7,0,10,2,70,,339373,7,0,10,1,29,,339385,7,0,10,2,71,,339362,7,0,10,2,22,,339351,7,0,10,1,22,,339376,7,0,10,1,63,,339381,7,0,10,2,22,,339349,7,0,10,1,24,,339365,7,0,10,1,70,,339355,7,0,10,1,28,,339363,7,0,10,2,67,,339352,7,0,10,1,27,,339369,7,0,10,2,69,,339388,7,0,10,2,29,,339366,7,0,10,1,69,,339356,7,0,10,1,30,,339391,7,0,10,1,70,,339386,7,0,10,2,30,,339370,7,0,10,2,73,,339367,7,0,10,1,33,,339357,7,0,10,1,73,,339353,7,0,10,1,33,,339387,7,0,10,2,71,,339389,7,0,10,2,71,,339368,7,0,10,1,31,,339358,7,0,10,1,71,,339354,7,0,10,1,31,,339350,7,0,10,1
19802,'H56S100F-80-F1',508,,339393,7,0,10,1,30,,339411,7,0,10,2,70,,339397,7,0,10,1,30,,339425,7,0,10,1,70,,339403,7,0,10,2,30,,339394,7,0,10,1,70,,339412,7,0,10,2,31,,339398,7,0,10,1,72,,339426,7,0,10,1,33,,339404,7,0,10,2,73,,339427,7,0,10,1,32,,339413,7,0,10,2,73,,339414,7,0,10,1,32,,339419,7,0,10,1,71,,339405,7,0,10,2,31,,339428,7,0,10,1,71,,339399,7,0,10,1,30,,339415,7,0,10,1,70,,339420,7,0,10,1,30,,339406,7,0,10,2,70,,339429,7,0,10,1,30,,339400,7,0,10,1,70,,339416,7,0,10,1,32,,339421,7,0,10,1,72,,339407,7,0,10,2,69,,339430,7,0,10,1,29,,339401,7,0,10,1,30,,339417,7,0,10,1,70,,339422,7,0,10,1,28,,339408,7,0,10,2,68,,339431,7,0,10,1,30,,339402,7,0,10,1,70,,339418,7,0,10,1,29,,339423,7,0,10,1,70,,339409,7,0,10,2,31,,339395,7,0,10,2,70,,339433,7,0,10,1,30,,339432,7,0,10,2,71,,339424,7,0,10,1,33,,339410,7,0,10,2,73,,339396,7,0,10,1
19802,'H56S200F-80-F2',508,,339434,7,0,10,1,30,,339452,7,0,10,2,70,,339438,7,0,10,1,30,,339466,7,0,10,1,70,,339444,7,0,10,2,30,,339435,7,0,10,1,70,,339453,7,0,10,2,31,,339439,7,0,10,1,72,,339467,7,0,10,1,33,,339445,7,0,10,2,73,,339468,7,0,10,1,32,,339454,7,0,10,2,73,,339455,7,0,10,1,32,,339460,7,0,10,1,71,,339446,7,0,10,2,31,,339469,7,0,10,1,71,,339440,7,0,10,1,30,,339456,7,0,10,1,70,,339461,7,0,10,1,30,,339447,7,0,10,2,70,,339470,7,0,10,1,30,,339441,7,0,10,1,70,,339457,7,0,10,1,32,,339462,7,0,10,1,72,,339448,7,0,10,2,69,,339471,7,0,10,1,29,,339442,7,0,10,1,30,,339458,7,0,10,1,70,,339463,7,0,10,1,28,,339449,7,0,10,2,68,,339472,7,0,10,1,30,,339443,7,0,10,1,70,,339459,7,0,10,1,29,,339464,7,0,10,1,70,,339450,7,0,10,2,31,,339436,7,0,10,2,70,,339474,7,0,10,1,30,,339473,7,0,10,2,71,,339465,7,0,10,1,33,,339451,7,0,10,2,73,,339437,7,0,10,1
