10002,'H50S000A-82-A',516,,314693,4,0,10,1,26,,314738,4,0,10,1,61,,314719,4,0,10,1,10,,314692,4,0,10,1,11,,314737,4,0,10,2,7,,314724,4,0,10,2,20,,314694,4,0,10,1,60,,314732,4,0,10,1,20,,314720,4,0,10,1,21,,314706,4,0,10,2,61,,314725,4,0,10,2,21,,314695,4,0,10,1,22,,314721,4,0,10,1,63,,314707,4,0,10,2,20,,314696,4,0,10,1,61,,314726,4,0,10,2,22,,314722,4,0,10,1,23,,314708,4,0,10,2,64,,314727,4,0,10,2,23,,314697,4,0,10,1,23,,314723,4,0,10,1,63,,314709,4,0,10,2,23,,314700,4,0,10,2,63,,314728,4,0,10,2,23,,314698,4,0,10,1,22,,314710,4,0,10,2,54,,314712,4,0,10,1,7,,314729,4,0,10,1,7,,314701,4,0,10,2,21,,314687,4,0,10,2,70,,314699,4,0,10,1,30,,314711,4,0,10,2,69,,314730,4,0,10,1,28,,314688,4,0,10,2,68,,314713,4,0,10,1,28,,314702,4,0,10,2,71,,314731,4,0,10,1,31,,314714,4,0,10,1,70,,314703,4,0,10,2,29,,314733,4,0,10,2,69,,314715,4,0,10,1,28,,314704,4,0,10,2,28,,314734,4,0,10,2,68,,314716,4,0,10,1,29,,314705,4,0,10,2,62,,314735,4,0,10,2,33,,314717,4,0,10,1,73,,314690,4,0,10,2,31,,314736,4,0,10,2,68,,314718,4,0,10,1,25,,314691,4,0,10,2
10002,'H50S000I-82-I',546,,314744,4,0,10,1,10,,314781,4,0,10,1,53,,314745,4,0,10,1,12,,314739,4,0,10,1,16,,314758,4,0,10,2,65,,314775,4,0,10,2,26,,314746,4,0,10,1,25,,314785,4,0,10,1,63,,314759,4,0,10,2,28,,314776,4,0,10,2,68,,314747,4,0,10,1,28,,314760,4,0,10,2,69,,314777,4,0,10,2,29,,314748,4,0,10,1,69,,314761,4,0,10,2,29,,314778,4,0,10,2,69,,314749,4,0,10,1,28,,314762,4,0,10,2,23,,314741,4,0,10,1,63,,314779,4,0,10,2,23,,314750,4,0,10,1,59,,314742,4,0,10,1,22,,314763,4,0,10,2,22,,314780,4,0,10,2,69,,314751,4,0,10,1,29,,314743,4,0,10,1,70,,314764,4,0,10,2,31,,314752,4,0,10,1,71,,314769,4,0,10,2,30,,314765,4,0,10,2,70,,314753,4,0,10,1,29,,314770,4,0,10,2,69,,314766,4,0,10,2,29,,314754,4,0,10,1,69,,314771,4,0,10,2,30,,314767,4,0,10,2,70,,314755,4,0,10,1,32,,314772,4,0,10,2,71,,314768,4,0,10,2,25,,314756,4,0,10,1,73,,314773,4,0,10,2,33,,314786,4,0,10,1,73,,314757,4,0,10,1,30,,314774,4,0,10,2
10002,'H50S000S-82-S',505,,314837,4,0,10,2,11,,314839,4,0,10,1,18,,314789,4,0,10,1,17,,314842,4,0,10,1,8,,314798,4,0,10,2,53,,314788,4,0,10,1,7,,314844,4,0,10,1,7,,314791,4,0,10,1,9,,314845,4,0,10,1,11,,314787,4,0,10,1,9,,314804,4,0,10,2,47,,314790,4,0,10,1,7,,314814,4,0,10,2,7,,314815,4,0,10,2,17,,314799,4,0,10,2,10,,314816,4,0,10,2,12,,314818,4,0,10,2,54,,314792,4,0,10,1,11,,314819,4,0,10,1,14,,314805,4,0,10,2,16,,314793,4,0,10,1,58,,314810,4,0,10,1,25,,314817,4,0,10,2,25,,314820,4,0,10,1,66,,314794,4,0,10,1,26,,314806,4,0,10,2,66,,314811,4,0,10,1,26,,314821,4,0,10,1,66,,314795,4,0,10,1,22,,314807,4,0,10,2,21,,314823,4,0,10,1,60,,314812,4,0,10,1,19,,314822,4,0,10,1,18,,314800,4,0,10,1,8,,314796,4,0,10,1,47,,314825,4,0,10,1,19,,314808,4,0,10,2,23,,314824,4,0,10,1,70,,314813,4,0,10,1,31,,314797,4,0,10,1,72,,314809,4,0,10,2,32,,314828,4,0,10,1,72,,314826,4,0,10,1,30,,314801,4,0,10,1,70,,314832,4,0,10,1,29,,314829,4,0,10,1,62,,314827,4,0,10,1,21,,314802,4,0,10,1,68,,314833,4,0,10,1,30,,314830,4,0,10,1,73,,314803,4,0,10,1,23,,314834,4,0,10,1,25,,314835,4,0,10,1,57,,314831,4,0,10,1,30,,314840,4,0,10,1,73,,314836,4,0,10,1,33,,314843,4,0,10,1,73,,314841,4,0,10,1,28,,314838,4,0,10,2
10002,'H50S100F-80-F1',546,,314851,4,0,10,1,10,,314888,4,0,10,1,53,,314852,4,0,10,1,12,,314846,4,0,10,1,16,,314865,4,0,10,2,65,,314882,4,0,10,2,26,,314853,4,0,10,1,25,,314892,4,0,10,1,63,,314866,4,0,10,2,28,,314883,4,0,10,2,68,,314854,4,0,10,1,28,,314867,4,0,10,2,69,,314884,4,0,10,2,29,,314855,4,0,10,1,69,,314868,4,0,10,2,29,,314885,4,0,10,2,69,,314856,4,0,10,1,28,,314869,4,0,10,2,23,,314848,4,0,10,1,63,,314886,4,0,10,2,23,,314857,4,0,10,1,59,,314849,4,0,10,1,22,,314870,4,0,10,2,22,,314887,4,0,10,2,69,,314858,4,0,10,1,29,,314850,4,0,10,1,70,,314871,4,0,10,2,31,,314859,4,0,10,1,71,,314876,4,0,10,2,30,,314872,4,0,10,2,70,,314860,4,0,10,1,29,,314877,4,0,10,2,69,,314873,4,0,10,2,29,,314861,4,0,10,1,69,,314878,4,0,10,2,30,,314874,4,0,10,2,70,,314862,4,0,10,1,32,,314879,4,0,10,2,71,,314875,4,0,10,2,25,,314863,4,0,10,1,73,,314880,4,0,10,2,33,,314893,4,0,10,1,73,,314864,4,0,10,1,30,,314881,4,0,10,2
10002,'H50S200F-80-F2',546,,314899,4,0,10,1,10,,314936,4,0,10,1,53,,314900,4,0,10,1,12,,314894,4,0,10,1,16,,314913,4,0,10,2,65,,314930,4,0,10,2,26,,314901,4,0,10,1,25,,314940,4,0,10,1,63,,314914,4,0,10,2,28,,314931,4,0,10,2,68,,314902,4,0,10,1,28,,314915,4,0,10,2,69,,314932,4,0,10,2,29,,314903,4,0,10,1,69,,314916,4,0,10,2,29,,314933,4,0,10,2,69,,314904,4,0,10,1,28,,314917,4,0,10,2,23,,314896,4,0,10,1,63,,314934,4,0,10,2,23,,314905,4,0,10,1,59,,314897,4,0,10,1,22,,314918,4,0,10,2,22,,314935,4,0,10,2,69,,314906,4,0,10,1,29,,314898,4,0,10,1,70,,314919,4,0,10,2,31,,314907,4,0,10,1,71,,314924,4,0,10,2,30,,314920,4,0,10,2,70,,314908,4,0,10,1,29,,314925,4,0,10,2,69,,314921,4,0,10,2,29,,314909,4,0,10,1,69,,314926,4,0,10,2,30,,314922,4,0,10,2,70,,314910,4,0,10,1,32,,314927,4,0,10,2,71,,314923,4,0,10,2,25,,314911,4,0,10,1,73,,314928,4,0,10,2,33,,314941,4,0,10,1,73,,314912,4,0,10,1,30,,314929,4,0,10,2
10002,'H58S000S-83-S',523,,314942,4,0,10,1,83,,314943,4,0,10,2,118,,314944,4,0,10,2
46002,'H50S000S-82-S',554,,349350,17,0,10,1,94,,349349,17,0,10,2
46002,'H57S000S-80-S',539,,349351,17,0,10,1,5,,349352,17,0,10,2,14,,349353,17,0,10,1,46,,349354,17,0,10,2,21,,349356,8,0,10,1,7,,349355,17,0,10,1
46002,'H58S000S-83-S',529,,349357,17,0,10,1,5,,349358,17,0,10,2,7,,349359,17,0,10,2,8,,349361,17,0,10,1,52,,349363,17,0,10,1,6,,349364,17,0,10,1,5,,349365,17,0,10,1,4,,349367,17,0,10,2,4,,349369,17,0,10,2,20,,349371,17,0,10,2,15,,349379,8,0,10,2,45,,349373,17,0,10,2,5,,349374,17,0,10,2,5,,349375,17,0,10,2,3,,349376,17,0,10,2,3,,349377,17,0,10,2,3,,349378,17,0,10,2,6,,349362,17,0,10,2,5,,349381,17,0,10,2,5,,349385,8,0,10,2,6,,349382,17,0,10,1,8,,349383,17,0,10,2,4,,349387,8,0,10,2,59,,349386,17,0,10,2,3,,349389,8,0,10,2,11,,349388,17,0,10,2,21,,349384,17,0,10,2,64,,349366,17,0,10,1,25,,349370,17,0,10,2,22,,349372,17,0,10,2,583,,349393,16,0,10,2,68,,349396,16,0,10,2,32,,349392,16,0,10,2,72,,349391,16,0,10,1,31,,349395,16,0,10,2,67,,349398,16,0,10,2,30,,349390,16,0,10,1,68,,349394,16,0,10,1,26,,349397,16,0,10,2
46002,'H58S100F-80-F1',534,,349400,17,0,10,1,15,,349404,17,0,10,2,64,,349407,17,0,10,2,29,,349410,17,0,10,2,73,,349412,17,0,10,2,25,,349406,17,0,10,1,65,,349409,17,0,10,2,28,,349401,17,0,10,1,22,,349405,17,0,10,2,62,,349408,17,0,10,2,22,,349411,17,0,10,2,19,,349414,17,0,10,2,583,,349417,16,0,10,2,68,,349402,16,0,10,2,32,,349413,16,0,10,1,72,,349415,16,0,10,1,31,,349416,16,0,10,2,67,,349419,16,0,10,2,27,,349399,16,0,10,1,68,,349418,16,0,10,2,29,,349403,16,0,10,2
46002,'H58S200F-80-F2',534,,349423,17,0,10,1,15,,349427,17,0,10,2,64,,349429,17,0,10,2,29,,349432,17,0,10,2,73,,349434,17,0,10,2,25,,349439,17,0,10,1,65,,349431,17,0,10,2,28,,349424,17,0,10,1,22,,349428,17,0,10,2,62,,349430,17,0,10,2,22,,349433,17,0,10,2,19,,349420,17,0,10,2,583,,349437,16,0,10,2,68,,349421,16,0,10,2,32,,349426,16,0,10,1,72,,349435,16,0,10,1,31,,349436,16,0,10,2,67,,349440,16,0,10,2,27,,349425,16,0,10,1,68,,349438,16,0,10,2,29,,349422,16,0,10,2
46002,'H60S000S-83-S',802,,349441,17,0,10,2
