9201,'H50S000S-82-S',1545,,311904,18,0,5,1,206,,311905,18,0,5,1
9201,'H51S000A-80-A',556,,311906,18,0,5,1,71,,311930,18,0,5,1,30,,311918,18,0,5,1,70,,311907,18,0,5,1,30,,311931,18,0,5,1,70,,311919,18,0,5,1,30,,311908,18,0,5,1,70,,311932,18,0,5,1,30,,311920,18,0,5,1,70,,311909,18,0,5,1,75,,311933,18,0,5,1,32,,311921,18,0,5,1,72,,311910,18,0,5,1,33,,311934,18,0,5,1,73,,311922,18,0,5,1,33,,311911,18,0,5,1,69,,311942,18,0,5,2,28,,311935,18,0,5,1,68,,311923,18,0,5,1,27,,311912,18,0,5,1,65,,311943,18,0,5,2,30,,311936,18,0,5,1,73,,311924,18,0,5,1,33,,311913,18,0,5,1,72,,311937,18,0,5,1,29,,311925,18,0,5,1,72,,311914,18,0,5,1,32,,311938,18,0,5,1,70,,311926,18,0,5,1,32,,311915,18,0,5,1,71,,311939,18,0,5,1,32,,311927,18,0,5,1,72,,311916,18,0,5,1,30,,311940,18,0,5,1,70,,311928,18,0,5,1,30,,311917,18,0,5,1,69,,311941,18,0,5,1,30,,311929,18,0,5,1
9201,'H51S000I-80-I',604,,311944,18,0,5,1,24,,311957,18,0,5,1,28,,311946,18,0,5,2,69,,311962,18,0,5,2,28,,311958,18,0,5,1,68,,311947,18,0,5,2,29,,311963,18,0,5,2,71,,311959,18,0,5,1,33,,311948,18,0,5,2,71,,311964,18,0,5,2,32,,311960,18,0,5,1,72,,311949,18,0,5,2,72,,311965,18,0,5,2,32,,311961,18,0,5,1,73,,311950,18,0,5,2,34,,311966,18,0,5,2,73,,311974,18,0,5,1,33,,311951,18,0,5,2,74,,311967,18,0,5,2,33,,311975,18,0,5,1,73,,311952,18,0,5,2,30,,311968,18,0,5,2,72,,311976,18,0,5,1,72,,311953,18,0,5,2,32,,311969,18,0,5,2,72,,311977,18,0,5,1,31,,311954,18,0,5,2,72,,311970,18,0,5,2,32,,311978,18,0,5,1,70,,311955,18,0,5,2,32,,311971,18,0,5,2,72,,311979,18,0,5,1,31,,311956,18,0,5,2,72,,311972,18,0,5,2,30,,311980,18,0,5,1,70,,311945,18,0,5,1,28,,311973,18,0,5,2
9201,'H51S000S-81-S',601,,311981,18,0,5,1,26,,311988,18,0,5,2,26,,311993,18,0,5,1,60,,312003,18,0,5,1,20,,311982,18,0,5,1,24,,312004,18,0,5,2,64,,312011,18,0,5,1,23,,311994,18,0,5,1,61,,312018,18,0,5,2,22,,311983,18,0,5,1,24,,312005,18,0,5,2,68,,312012,18,0,5,1,28,,311995,18,0,5,1,68,,311984,18,0,5,1,28,,312006,18,0,5,2,68,,312013,18,0,5,1,28,,311996,18,0,5,1,68,,311985,18,0,5,1,28,,312007,18,0,5,2,68,,312014,18,0,5,1,28,,311997,18,0,5,1,27,,311986,18,0,5,1,67,,312008,18,0,5,2,77,,312015,18,0,5,1,16,,312025,18,0,5,1,16,,312026,18,0,5,2,16,,312019,18,0,5,1,56,,311987,18,0,5,1,15,,311998,18,0,5,1,15,,312009,18,0,5,2,69,,312016,18,0,5,1,14,,311989,18,0,5,2,15,,312027,18,0,5,2,16,,312020,18,0,5,1,62,,311999,18,0,5,1,21,,312010,18,0,5,2,22,,311990,18,0,5,2,67,,312021,18,0,5,1,29,,312000,18,0,5,1,69,,311991,18,0,5,2,30,,312022,18,0,5,1,70,,312001,18,0,5,1,30,,311992,18,0,5,2,70,,312023,18,0,5,1,30,,312002,18,0,5,1,68,,312017,18,0,5,1,30,,312024,18,0,5,1
9201,'H51S100F-80-F1',604,,312028,18,0,5,1,24,,312052,18,0,5,1,28,,312029,18,0,5,2,69,,312040,18,0,5,2,28,,312053,18,0,5,1,68,,312030,18,0,5,2,29,,312041,18,0,5,2,71,,312054,18,0,5,1,33,,312031,18,0,5,2,71,,312042,18,0,5,2,32,,312055,18,0,5,1,72,,312032,18,0,5,2,72,,312043,18,0,5,2,32,,312056,18,0,5,1,73,,312033,18,0,5,2,34,,312044,18,0,5,2,73,,312057,18,0,5,1,33,,312034,18,0,5,2,74,,312045,18,0,5,2,33,,312058,18,0,5,1,73,,312035,18,0,5,2,30,,312046,18,0,5,2,72,,312059,18,0,5,1,72,,312036,18,0,5,2,32,,312047,18,0,5,2,72,,312060,18,0,5,1,31,,312037,18,0,5,2,72,,312048,18,0,5,2,32,,312061,18,0,5,1,70,,312038,18,0,5,2,32,,312049,18,0,5,2,72,,312062,18,0,5,1,31,,312039,18,0,5,2,72,,312050,18,0,5,2,30,,312063,18,0,5,1,70,,312064,18,0,5,1,28,,312051,18,0,5,2
9201,'H51S200F-80-F2',604,,312065,18,0,5,1,24,,312089,18,0,5,1,28,,312066,18,0,5,2,69,,312077,18,0,5,2,28,,312090,18,0,5,1,68,,312067,18,0,5,2,29,,312078,18,0,5,2,71,,312091,18,0,5,1,33,,312068,18,0,5,2,71,,312079,18,0,5,2,32,,312092,18,0,5,1,72,,312069,18,0,5,2,72,,312080,18,0,5,2,32,,312093,18,0,5,1,73,,312070,18,0,5,2,34,,312081,18,0,5,2,73,,312094,18,0,5,1,33,,312071,18,0,5,2,74,,312082,18,0,5,2,33,,312095,18,0,5,1,73,,312072,18,0,5,2,30,,312083,18,0,5,2,72,,312096,18,0,5,1,72,,312073,18,0,5,2,32,,312084,18,0,5,2,72,,312097,18,0,5,1,31,,312074,18,0,5,2,72,,312085,18,0,5,2,32,,312098,18,0,5,1,70,,312075,18,0,5,2,32,,312086,18,0,5,2,72,,312099,18,0,5,1,31,,312076,18,0,5,2,72,,312087,18,0,5,2,30,,312100,18,0,5,1,70,,312101,18,0,5,1,28,,312088,18,0,5,2
37201,'H54S000A-80-A',2520,,347150,12,0,5,2,87,,347154,12,0,5,1,44,,347152,12,0,5,1,90,,347155,12,0,5,1,85,,347151,12,0,5,1,82,,347153,12,0,6 7,1
37201,'H54S000I-80-I',2524,,347158,12,0,5,1,87,,347156,12,0,5,1,45,,347157,12,0,5,1,86,,347161,12,0,5,1,86,,347160,12,0,5,2,85,,347159,12,0,6 7,1
37201,'H54S000S-80-S',2523,,347164,12,0,5,1,35,,347167,12,0,5,2,78,,347165,12,0,5,1,80,,347166,12,0,5,2,40,,347162,12,0,5,1,81,,347163,12,0,5,1,85,,347168,12,0,6 7,2
37201,'H54S100F-80-F1',2524,,347171,12,0,5,1,87,,347169,12,0,5,1,45,,347170,12,0,5,1,86,,347174,12,0,5,1,86,,347173,12,0,5,2,85,,347172,12,0,6 7,1
37201,'H54S200F-80-F2',2524,,347177,12,0,5,1,87,,347175,12,0,5,1,45,,347176,12,0,5,1,86,,347180,12,0,5,1,86,,347179,12,0,5,2,85,,347178,12,0,6 7,1
