6801,'H60S000A-80-A',556,,306780,35,0,5,1,69,,306781,35,0,5,1,30,,306806,35,0,5,2,72,,306794,35,0,5,2,32,,306782,35,0,5,1,72,,306807,35,0,5,2,70,,306795,35,0,5,2,31,,306783,35,0,5,1,72,,306808,35,0,5,2,30,,306796,35,0,5,2,73,,306784,35,0,5,1,32,,306809,35,0,5,2,71,,306797,35,0,5,2,31,,306785,35,0,5,1,69,,306810,35,0,5,2,32,,306798,35,0,5,2,71,,306786,35,0,5,1,29,,306811,35,0,5,2,72,,306799,35,0,5,2,31,,306787,35,0,5,1,69,,306812,35,0,5,2,32,,306800,35,0,5,2,71,,306788,35,0,5,1,29,,306813,35,0,5,2,72,,306801,35,0,5,2,31,,306789,35,0,5,1,68,,306814,35,0,5,2,30,,306802,35,0,5,2,71,,306790,35,0,5,1,29,,306815,35,0,5,2,70,,306803,35,0,5,2,27,,306791,35,0,5,1,68,,306816,35,0,5,2,29,,306804,35,0,5,2,67,,306792,35,0,5,1,28,,306817,35,0,5,2,70,,306805,35,0,5,2,33,,306793,35,0,5,1,72,,306818,35,0,5,2,31,,306820,35,0,5,1,70,,306819,35,0,5,1
6801,'H60S000I-81-I',622,,306821,35,0,5,1,32,,306834,35,0,5,1,72,,306835,35,0,5,2,33,,306822,35,0,5,1,73,,306848,35,0,5,2,73,,306836,35,0,5,2,33,,306823,35,0,5,1,71,,306849,35,0,5,2,28,,306837,35,0,5,2,69,,306824,35,0,5,1,30,,306850,35,0,5,2,70,,306838,35,0,5,2,31,,306825,35,0,5,1,70,,306851,35,0,5,2,30,,306839,35,0,5,2,70,,306826,35,0,5,1,30,,306852,35,0,5,2,70,,306840,35,0,5,2,30,,306827,35,0,5,1,70,,306853,35,0,5,2,30,,306841,35,0,5,2,70,,306828,35,0,5,1,30,,306854,35,0,5,2,70,,306842,35,0,5,2,30,,306829,35,0,5,1,70,,306855,35,0,5,2,30,,306843,35,0,5,2,67,,306830,35,0,5,1,29,,306856,35,0,5,2,70,,306844,35,0,5,2,27,,306831,35,0,5,1,27,,306857,35,0,5,2,70,,306845,35,0,5,2,27,,306832,35,0,5,1,68,,306858,35,0,5,2,35,,306846,35,0,5,2,75,,306833,35,0,5,1,75,,306859,35,0,5,2,35,,306847,35,0,5,2
6801,'H60S000S-83-S',542,,306867,35,0,5,1,78,,306865,35,0,5,1,37,,306869,35,0,5,1,61,,306868,35,0,5,1,13,,306875,35,0,5,1,10,,306879,35,0,5,2,11,,306876,35,0,5,1,55,,306877,35,0,5,1,20,,306878,35,0,5,2,24,,306870,35,0,5,1,63,,306874,35,0,5,1,7,,306880,26,0,5,1,28,,306860,26,0,5,1,69,,306871,26,0,5,1,29,,306881,26,0,5,1,70,,306861,26,0,5,1,30,,306872,26,0,5,1,70,,306882,26,0,5,1,30,,306862,26,0,5,1,69,,306873,26,0,5,1,30,,306883,26,0,5,1,70,,306863,26,0,5,1,29,,306866,26,0,5,2,63,,306887,26,0,5,2,24,,306884,26,0,5,1,25,,306864,26,0,5,1,44,,306886,35,0,5,1,25,,306885,35,0,5,2,28,,306905,35,0,5,2,73,,306904,35,0,5,1,73,,306899,35,0,5,2,30,,306889,35,0,5,1,29,,306888,35,0,5,1,66,,306894,35,0,5,1,33,,306900,35,0,5,1,70,,306890,35,0,5,1,30,,306895,35,0,5,1,72,,306901,35,0,5,1,71,,306891,35,0,5,1,32,,306896,35,0,5,1,72,,306902,35,0,5,1,31,,306892,35,0,5,1,73,,306897,35,0,5,1,33,,306903,35,0,5,1,73,,306893,35,0,5,1,30,,306898,35,0,5,1
6801,'H60S100F-80-F1',622,,306906,35,0,5,1,32,,306932,35,0,5,1,72,,306919,35,0,5,2,33,,306907,35,0,5,1,73,,306933,35,0,5,1,73,,306920,35,0,5,2,33,,306908,35,0,5,1,71,,306934,35,0,5,1,28,,306921,35,0,5,2,69,,306909,35,0,5,1,30,,306935,35,0,5,1,70,,306922,35,0,5,2,31,,306910,35,0,5,1,70,,306936,35,0,5,1,30,,306923,35,0,5,2,70,,306911,35,0,5,1,30,,306937,35,0,5,1,70,,306924,35,0,5,2,30,,306912,35,0,5,1,70,,306938,35,0,5,1,30,,306925,35,0,5,2,70,,306913,35,0,5,1,30,,306939,35,0,5,1,70,,306926,35,0,5,2,30,,306914,35,0,5,1,70,,306940,35,0,5,1,30,,306927,35,0,5,2,67,,306915,35,0,5,1,29,,306941,35,0,5,1,70,,306928,35,0,5,2,27,,306916,35,0,5,1,27,,306942,35,0,5,1,70,,306929,35,0,5,2,27,,306917,35,0,5,1,68,,306943,35,0,5,1,35,,306930,35,0,5,2,75,,306918,35,0,5,1,75,,306944,35,0,5,1,35,,306931,35,0,5,2
6801,'H60S200F-80-F2',622,,306945,35,0,5,1,32,,306971,35,0,5,1,72,,306958,35,0,5,2,33,,306946,35,0,5,1,73,,306972,35,0,5,1,73,,306959,35,0,5,2,33,,306947,35,0,5,1,71,,306973,35,0,5,1,28,,306960,35,0,5,2,69,,306948,35,0,5,1,30,,306974,35,0,5,1,70,,306961,35,0,5,2,31,,306949,35,0,5,1,70,,306975,35,0,5,1,30,,306962,35,0,5,2,70,,306950,35,0,5,1,30,,306976,35,0,5,1,70,,306963,35,0,5,2,30,,306951,35,0,5,1,70,,306977,35,0,5,1,30,,306964,35,0,5,2,70,,306952,35,0,5,1,30,,306978,35,0,5,1,70,,306965,35,0,5,2,30,,306953,35,0,5,1,70,,306979,35,0,5,1,30,,306966,35,0,5,2,67,,306954,35,0,5,1,29,,306980,35,0,5,1,70,,306967,35,0,5,2,27,,306955,35,0,5,1,27,,306981,35,0,5,1,70,,306968,35,0,5,2,27,,306956,35,0,5,1,68,,306982,35,0,5,1,35,,306969,35,0,5,2,75,,306957,35,0,5,1,75,,306983,35,0,5,1,35,,306970,35,0,5,2
37601,'H60S000A-80-A',2451,,347209,12,0,5,1,85,,347207,12,0,5,1,85,,347211,12,0,5,1,85,,347208,12,0,5,1,45,,347210,12,0,5,1
37601,'H60S000I-81-I',2451,,347215,12,0,5,1,85,,347212,12,0,5,1,85,,347214,12,0,5,1,85,,347213,12,0,5,1,45,,347216,12,0,5,1
37601,'H60S000S-83-S',2451,,347220,12,0,5,1,85,,347217,12,0,5,2,85,,347219,12,0,5,1,85,,347218,12,0,5,1,44,,347221,12,0,5,1
37601,'H60S100F-80-F1',2451,,347223,12,0,5,1,85,,347225,12,0,5,1,85,,347222,12,0,5,1,85,,347226,12,0,5,1,45,,347224,12,0,5,1
37601,'H60S200F-80-F2',2451,,347228,12,0,5,1,85,,347230,12,0,5,1,85,,347227,12,0,5,1,85,,347231,12,0,5,1,45,,347229,12,0,5,1
