6603,'H51S000A-80-A',617,,305535,29,0,8,2,32,,305544,29,0,8,1,71,,305536,29,0,8,2,31,,305545,29,0,8,1,70,,305537,29,0,8,2,30,,305546,29,0,8,1,70,,305538,29,0,8,2,32,,305547,29,0,8,1,70,,305539,29,0,8,2,31,,305548,29,0,8,1,70,,305540,29,0,8,2,32,,305549,29,0,8,1,71,,305541,29,0,8,2,75,,305550,29,0,8,1,33,,305542,29,0,8,2,70,,305562,29,0,8,2,30,,305551,29,0,8,1,70,,305543,29,0,8,2,28,,305563,29,0,8,2,72,,305552,29,0,8,1,33,,305564,29,0,8,2,73,,305553,29,0,8,1,33,,305565,29,0,8,2,73,,305554,29,0,8,1,32,,305566,29,0,8,2,72,,305555,29,0,8,1,31,,305567,29,0,8,2,71,,305556,29,0,8,1,31,,305568,29,0,8,2,71,,305557,29,0,8,1,30,,305569,29,0,8,2,70,,305558,29,0,8,1,30,,305570,29,0,8,2,70,,305559,29,0,8,1,30,,305571,29,0,8,2,69,,305560,29,0,8,1,30,,305572,29,0,8,2,72,,305561,29,0,8,1,32,,305573,29,0,8,2
6603,'H51S000I-80-I',648,,305574,29,0,8,1,72,,305593,29,0,8,2,30,,305575,29,0,8,1,72,,305594,29,0,8,2,30,,305576,29,0,8,1,70,,305595,29,0,8,2,31,,305577,29,0,8,1,72,,305596,29,0,8,2,31,,305578,29,0,8,1,72,,305597,29,0,8,2,72,,305579,29,0,8,1,33,,305598,29,0,8,2,73,,305580,29,0,8,1,33,,305599,29,0,8,2,73,,305581,29,0,8,1,33,,305600,29,0,8,2,73,,305582,29,0,8,1,32,,305601,29,0,8,2,72,,305583,29,0,8,1,32,,305602,29,0,8,2,72,,305584,29,0,8,1,32,,305603,29,0,8,2,72,,305585,29,0,8,1,71,,305604,29,0,8,2,30,,305586,29,0,8,1,71,,305605,29,0,8,2,30,,305587,29,0,8,1,70,,305606,29,0,8,2,30,,305588,29,0,8,1,70,,305607,29,0,8,2,30,,305589,29,0,8,1,68,,305608,29,0,8,2,29,,305590,29,0,8,1,28,,305609,29,0,8,2,68,,305591,29,0,8,1,30,,305610,29,0,8,2,70,,305592,29,0,8,1
6603,'H51S000S-81-S',607,,305611,29,0,8,1,29,,305627,29,0,8,2,75,,305612,29,0,8,1,35,,305628,29,0,8,2,80,,305642,29,0,8,2,22,,305613,29,0,8,1,69,,305629,29,0,8,2,29,,305643,29,0,8,2,69,,305614,29,0,8,1,29,,305630,29,0,8,2,69,,305644,29,0,8,2,29,,305615,29,0,8,1,70,,305631,29,0,8,2,29,,305645,29,0,8,2,69,,305616,29,0,8,1,29,,305632,29,0,8,2,69,,305646,29,0,8,2,29,,305617,29,0,8,1,72,,305633,29,0,8,2,34,,305647,29,0,8,2,69,,305618,31,0,8,1,29,,305634,31,0,8,2,68,,305648,31,0,8,2,28,,305619,31,0,8,1,65,,305635,31,0,8,2,28,,305649,31,0,8,2,27,,305620,31,0,8,1,64,,305636,29,0,8,2,30,,305650,29,0,8,2,68,,305621,29,0,8,1,32,,305637,29,0,8,2,72,,305622,29,0,8,1,32,,305638,29,0,8,2,71,,305623,29,0,8,1,30,,305639,29,0,8,2,70,,305624,29,0,8,1,29,,305640,29,0,8,2,68,,305625,29,0,8,1,32,,305641,29,0,8,2,70,,305626,29,0,8,1
6603,'H51S100F-80-F1',648,,305651,29,0,8,1,72,,305670,29,0,8,2,30,,305652,29,0,8,1,72,,305671,29,0,8,2,30,,305653,29,0,8,1,70,,305672,29,0,8,2,31,,305654,29,0,8,1,72,,305673,29,0,8,2,31,,305655,29,0,8,1,72,,305674,29,0,8,2,72,,305656,29,0,8,1,33,,305675,29,0,8,2,73,,305657,29,0,8,1,33,,305676,29,0,8,2,73,,305658,29,0,8,1,33,,305677,29,0,8,2,73,,305659,29,0,8,1,32,,305678,29,0,8,2,72,,305660,29,0,8,1,32,,305679,29,0,8,2,72,,305661,29,0,8,1,32,,305680,29,0,8,2,72,,305662,29,0,8,1,71,,305681,29,0,8,2,30,,305663,29,0,8,1,71,,305682,29,0,8,2,30,,305664,29,0,8,1,70,,305683,29,0,8,2,30,,305665,29,0,8,1,70,,305684,29,0,8,2,30,,305666,29,0,8,1,68,,305685,29,0,8,2,29,,305667,29,0,8,1,28,,305686,29,0,8,2,68,,305668,29,0,8,1,30,,305687,29,0,8,2,70,,305669,29,0,8,1
6603,'H51S200F-80-F2',648,,305688,29,0,8,1,72,,305707,29,0,8,2,30,,305689,29,0,8,1,72,,305708,29,0,8,2,30,,305690,29,0,8,1,70,,305709,29,0,8,2,31,,305691,29,0,8,1,72,,305710,29,0,8,2,31,,305692,29,0,8,1,72,,305711,29,0,8,2,72,,305693,29,0,8,1,33,,305712,29,0,8,2,73,,305694,29,0,8,1,33,,305713,29,0,8,2,73,,305695,29,0,8,1,33,,305714,29,0,8,2,73,,305696,29,0,8,1,32,,305715,29,0,8,2,72,,305697,29,0,8,1,32,,305716,29,0,8,2,72,,305698,29,0,8,1,32,,305717,29,0,8,2,72,,305699,29,0,8,1,71,,305718,29,0,8,2,30,,305700,29,0,8,1,71,,305719,29,0,8,2,30,,305701,29,0,8,1,70,,305720,29,0,8,2,30,,305702,29,0,8,1,70,,305721,29,0,8,2,30,,305703,29,0,8,1,68,,305722,29,0,8,2,29,,305704,29,0,8,1,28,,305723,29,0,8,2,68,,305705,29,0,8,1,30,,305724,29,0,8,2,70,,305706,29,0,8,1
10302,'H50S000A-82-A',558,,315684,13,0,10,2,70,,315643,13,0,10,1,29,,315685,13,0,10,2,69,,315644,13,0,10,1,29,,315686,13,0,10,2,71,,315645,13,0,10,1,32,,315687,13,0,10,2,56,,315659,13,0,10,1,15,,315646,13,0,10,1,30,,315688,13,0,10,2,68,,315647,13,0,10,1,15,,315660,13,0,10,1,60,,315690,13,0,10,1,25,,315648,13,0,10,1,32,,315689,13,0,10,2,67,,315649,13,0,10,1,24,,315693,13,0,10,2,63,,315661,13,0,10,1,23,,315650,13,0,10,1,23,,315694,13,0,10,2,63,,315662,13,0,10,1,20,,315651,13,0,10,1,17,,315695,13,0,10,2,55,,315653,13,0,10,1,12,,315673,13,0,10,1,12,,315663,13,0,10,1,12,,315652,13,0,10,1,53,,315654,13,0,10,1,13,,315696,13,0,10,2,13,,315674,13,0,10,1,15,,315664,13,0,10,1,14,,315641,13,0,10,1,54,,315655,13,0,10,1,15,,315675,13,0,10,1,16,,315642,13,0,10,1,14,,315691,13,0,10,1,56,,315656,13,0,10,1,17,,315676,13,0,10,1,17,,315665,13,0,10,1,57,,315692,13,0,10,1,18,,315657,13,0,10,1,21,,315666,13,0,10,1,61,,315677,13,0,10,2,20,,315658,13,0,10,1,26,,315667,13,0,10,1,68,,315678,13,0,10,2,28,,315668,13,0,10,1,68,,315679,13,0,10,2,29,,315669,13,0,10,1,67,,315680,13,0,10,2,29,,315670,13,0,10,1,69,,315681,13,0,10,2,28,,315671,13,0,10,1,68,,315682,13,0,10,2,28,,315672,13,0,10,1,27,,315683,13,0,10,2
10302,'H50S000I-82-I',624,,315742,13,0,10,1,30,,315715,13,0,10,2,70,,315743,13,0,10,1,31,,315716,13,0,10,2,70,,315744,13,0,10,1,29,,315717,13,0,10,2,70,,315698,13,0,10,1,31,,315739,13,0,10,1,73,,315699,13,0,10,1,29,,315718,13,0,10,2,72,,315700,13,0,10,1,30,,315719,13,0,10,2,72,,315701,13,0,10,1,24,,315720,13,0,10,2,62,,315726,13,0,10,1,21,,315702,13,0,10,1,21,,315721,13,0,10,2,61,,315727,13,0,10,1,20,,315703,13,0,10,1,60,,315722,13,0,10,2,20,,315728,13,0,10,1,20,,315704,13,0,10,1,60,,315723,13,0,10,2,18,,315729,13,0,10,1,18,,315705,13,0,10,1,20,,315724,13,0,10,2,60,,315741,13,0,10,1,16,,315730,13,0,10,1,15,,315706,13,0,10,1,55,,315740,13,0,10,2,15,,315731,13,0,10,1,15,,315697,13,0,10,1,15,,315707,13,0,10,1,56,,315725,13,0,10,2,20,,315732,13,0,10,1,25,,315708,13,0,10,1,68,,315733,13,0,10,1,28,,315709,13,0,10,1,67,,315734,13,0,10,1,29,,315710,13,0,10,1,69,,315735,13,0,10,1,29,,315711,13,0,10,1,68,,315736,13,0,10,1,29,,315712,13,0,10,1,69,,315737,13,0,10,1,28,,315713,13,0,10,1,69,,315738,13,0,10,1,29,,315714,13,0,10,1
10302,'H50S000S-82-S',553,,315747,13,0,10,1,69,,315760,13,0,10,1,10,,315818,13,0,10,2,23,,315748,13,0,10,1,71,,315819,13,0,10,2,33,,315749,13,0,10,1,72,,315759,13,0,10,1,69,,315750,13,0,10,1,29,,315761,13,0,10,1,29,,315751,13,0,10,1,52,,315767,13,0,10,2,15,,315762,13,0,10,1,15,,315782,13,0,10,1,14,,315752,13,0,10,1,54,,315768,13,0,10,2,14,,315763,13,0,10,1,14,,315783,13,0,10,1,14,,315753,13,0,10,1,62,,315769,13,0,10,2,23,,315784,13,0,10,1,19,,315754,13,0,10,1,57,,315764,13,0,10,1,17,,315770,13,0,10,2,16,,315785,13,0,10,1,57,,315755,13,0,10,1,15,,315765,13,0,10,1,15,,315771,13,0,10,2,16,,315786,13,0,10,1,53,,315756,13,0,10,1,11,,315773,13,0,10,2,11,,315766,13,0,10,1,9,,315776,13,0,10,2,8,,315772,13,0,10,2,7,,315793,13,0,10,1,7,,315787,13,0,10,1,53,,315813,13,0,10,1,6,,315757,13,0,10,1,5,,315774,13,0,10,2,5,,315790,13,0,10,2,5,,315779,13,0,10,1,6,,315777,13,0,10,2,6,,315794,13,0,10,1,20,,315788,13,0,10,1,45,,315758,13,0,10,1,5,,315775,13,0,10,2,6,,315791,13,0,10,2,6,,315814,13,0,10,1,5,,315780,13,0,10,1,5,,315795,13,0,10,1,6,,315778,13,0,10,2,11,,315745,13,0,10,2,5,,315804,13,0,10,1,6,,315789,13,0,10,1,47,,315792,13,0,10,2,8,,315815,13,0,10,1,8,,315796,13,0,10,1,8,,315781,13,0,10,1,10,,315746,13,0,10,2,12,,315805,13,0,10,1,52,,315816,13,0,10,1,14,,315797,13,0,10,1,15,,315820,13,0,10,1,15,,315806,13,0,10,1,55,,315817,13,0,10,1,17,,315798,13,0,10,1,21,,315807,13,0,10,1,79,,315799,13,0,10,1,24,,315808,13,0,10,1,68,,315800,13,0,10,1,28,,315809,13,0,10,1,68,,315801,13,0,10,1,28,,315810,13,0,10,1,68,,315802,13,0,10,1,27,,315811,13,0,10,1,69,,315803,13,0,10,1,30,,315812,13,0,10,1
10302,'H50S100F-80-F1',624,,315866,13,0,10,1,30,,315839,13,0,10,2,70,,315867,13,0,10,1,31,,315840,13,0,10,2,70,,315868,13,0,10,1,29,,315841,13,0,10,2,70,,315822,13,0,10,1,31,,315863,13,0,10,1,73,,315823,13,0,10,1,29,,315842,13,0,10,2,72,,315824,13,0,10,1,30,,315843,13,0,10,2,72,,315825,13,0,10,1,24,,315844,13,0,10,2,62,,315850,13,0,10,1,21,,315826,13,0,10,1,21,,315845,13,0,10,2,61,,315851,13,0,10,1,20,,315827,13,0,10,1,60,,315846,13,0,10,2,20,,315852,13,0,10,1,20,,315828,13,0,10,1,60,,315847,13,0,10,2,18,,315853,13,0,10,1,18,,315829,13,0,10,1,20,,315848,13,0,10,2,60,,315865,13,0,10,1,16,,315854,13,0,10,1,15,,315830,13,0,10,1,55,,315864,13,0,10,2,15,,315855,13,0,10,1,15,,315821,13,0,10,1,15,,315831,13,0,10,1,56,,315849,13,0,10,2,20,,315856,13,0,10,1,25,,315832,13,0,10,1,68,,315857,13,0,10,1,28,,315833,13,0,10,1,67,,315858,13,0,10,1,29,,315834,13,0,10,1,69,,315859,13,0,10,1,29,,315835,13,0,10,1,68,,315860,13,0,10,1,29,,315836,13,0,10,1,69,,315861,13,0,10,1,28,,315837,13,0,10,1,69,,315862,13,0,10,1,29,,315838,13,0,10,1
10302,'H50S200F-80-F2',624,,315914,13,0,10,1,30,,315887,13,0,10,2,70,,315915,13,0,10,1,31,,315888,13,0,10,2,70,,315916,13,0,10,1,29,,315889,13,0,10,2,70,,315870,13,0,10,1,31,,315911,13,0,10,1,73,,315871,13,0,10,1,29,,315890,13,0,10,2,72,,315872,13,0,10,1,30,,315891,13,0,10,2,72,,315873,13,0,10,1,24,,315892,13,0,10,2,62,,315898,13,0,10,1,21,,315874,13,0,10,1,21,,315893,13,0,10,2,61,,315899,13,0,10,1,20,,315875,13,0,10,1,60,,315894,13,0,10,2,20,,315900,13,0,10,1,20,,315876,13,0,10,1,60,,315895,13,0,10,2,18,,315901,13,0,10,1,18,,315877,13,0,10,1,20,,315896,13,0,10,2,60,,315913,13,0,10,1,16,,315902,13,0,10,1,15,,315878,13,0,10,1,55,,315912,13,0,10,2,15,,315903,13,0,10,1,15,,315869,13,0,10,1,15,,315879,13,0,10,1,56,,315897,13,0,10,2,20,,315904,13,0,10,1,25,,315880,13,0,10,1,68,,315905,13,0,10,1,28,,315881,13,0,10,1,67,,315906,13,0,10,1,29,,315882,13,0,10,1,69,,315907,13,0,10,1,29,,315883,13,0,10,1,68,,315908,13,0,10,1,29,,315884,13,0,10,1,69,,315909,13,0,10,1,28,,315885,13,0,10,1,69,,315910,13,0,10,1,29,,315886,13,0,10,1
10302,'H56S000S-82-S',1645,,315917,13,0,10,1,97,,315918,13,0,10,1
10302,'H57S000S-80-S',2100,,315919,13,0,10,1
10302,'H59S000S-80-S',1600,,315920,13,0,10,2,52,,315921,13,0,10,2
