17904,'H50S000S-82-S',755,,334081,21,0,9,1,980,,334082,21,0,9,2
17904,'H51S000A-80-A',617,,334088,21,0,9,1,29,,334105,21,0,9,2,69,,334089,21,0,9,1,32,,334106,21,0,9,2,72,,334090,21,0,9,1,33,,334107,21,0,9,2,74,,334091,21,0,9,1,33,,334108,21,0,9,2,64,,334116,21,0,9,2,24,,334092,21,0,9,1,64,,334109,21,0,9,2,26,,334117,21,0,9,2,64,,334093,21,0,9,1,17,,334083,21,0,9,2,16,,334110,21,0,9,2,17,,334122,21,0,9,2,57,,334118,21,0,9,2,16,,334094,21,0,9,1,17,,334084,21,0,9,2,16,,334111,21,0,9,2,57,,334123,21,0,9,2,17,,334119,21,0,9,2,17,,334095,21,0,9,1,56,,334085,21,0,9,2,16,,334112,21,0,9,2,15,,334133,21,0,9,1,15,,334124,21,0,9,2,55,,334120,21,0,9,2,14,,334096,21,0,9,1,14,,334086,21,0,9,2,14,,334113,21,0,9,2,54,,334134,21,0,9,1,14,,334125,21,0,9,2,14,,334121,21,0,9,2,13,,334097,21,0,9,1,13,,334087,21,0,9,2,54,,334114,21,0,9,2,13,,334135,21,0,9,1,13,,334126,21,0,9,2,22,,334098,21,0,9,1,69,,334115,21,0,9,2,30,,334127,21,0,9,2,69,,334099,21,0,9,1,31,,334128,21,0,9,2,70,,334100,21,0,9,1,27,,334129,21,0,9,2,69,,334101,21,0,9,1,28,,334130,21,0,9,2,68,,334102,21,0,9,1,28,,334131,21,0,9,2,68,,334103,21,0,9,1,26,,334132,21,0,9,2,68,,334104,21,0,9,1
17904,'H51S000I-80-I',713,,334136,21,0,9,1,30,,334140,21,0,9,1,70,,334137,21,0,9,1,31,,334141,21,0,9,1,70,,334138,21,0,9,1,34,,334142,21,0,9,1,71,,334139,21,0,9,1,30,,334152,21,0,9,2,73,,334143,21,0,9,1,29,,334157,21,0,9,2,65,,334153,21,0,9,2,26,,334144,21,0,9,1,66,,334148,21,0,9,1,26,,334154,21,0,9,2,22,,334166,21,0,9,2,60,,334145,21,0,9,1,16,,334149,21,0,9,1,18,,334177,21,0,9,2,56,,334155,21,0,9,2,16,,334167,21,0,9,2,16,,334146,21,0,9,1,16,,334150,21,0,9,1,56,,334178,21,0,9,2,16,,334156,21,0,9,2,15,,334168,21,0,9,2,13,,334158,21,0,9,1,54,,334147,21,0,9,1,14,,334151,21,0,9,1,16,,334179,21,0,9,2,20,,334169,21,0,9,2,66,,334159,21,0,9,1,29,,334180,21,0,9,2,66,,334170,21,0,9,2,30,,334160,21,0,9,1,70,,334171,21,0,9,2,30,,334161,21,0,9,1,70,,334172,21,0,9,2,30,,334162,21,0,9,1,70,,334173,21,0,9,2,29,,334163,21,0,9,1,70,,334174,21,0,9,2,30,,334164,21,0,9,1,70,,334175,21,0,9,2,28,,334165,21,0,9,1,68,,334176,21,0,9,2
17904,'H51S000S-81-S',525,,334181,21,0,9,1,30,,334182,21,0,9,2,62,,334186,21,0,9,2,33,,334189,21,0,9,1,63,,334183,21,0,9,2,16,,334187,21,0,9,2,15,,334206,21,0,9,2,61,,334190,21,0,9,1,11,,334188,21,0,9,2,9,,334208,21,0,9,2,17,,334184,21,0,9,2,61,,334207,21,0,9,2,20,,334191,21,0,9,1,20,,334209,21,0,9,2,62,,334185,21,0,9,2,21,,334194,21,0,9,1,27,,334192,21,0,9,1,65,,334210,21,0,9,2,24,,334195,21,0,9,1,64,,334215,21,0,9,2,18,,334193,21,0,9,1,18,,334211,21,0,9,2,59,,334196,21,0,9,1,20,,334227,21,0,9,2,20,,334216,21,0,9,2,61,,334212,21,0,9,2,21,,334197,21,0,9,1,21,,334228,21,0,9,2,61,,334217,21,0,9,2,22,,334213,21,0,9,2,23,,334198,21,0,9,1,62,,334229,21,0,9,2,16,,334233,21,0,9,2,15,,334218,21,0,9,2,12,,334214,21,0,9,2,52,,334234,21,0,9,2,14,,334199,21,0,9,1,32,,334230,21,0,9,2,68,,334219,21,0,9,2,25,,334200,21,0,9,1,68,,334231,21,0,9,2,25,,334220,21,0,9,2,68,,334221,21,0,9,1,31,,334201,21,0,9,1,67,,334232,21,0,9,2,28,,334222,21,0,9,1,69,,334202,21,0,9,1,29,,334223,21,0,9,1,28,,334203,21,0,9,1,69,,334224,21,0,9,1,29,,334204,21,0,9,1,67,,334225,21,0,9,1,28,,334205,21,0,9,1,68,,334226,21,0,9,1
17904,'H51S100F-80-F1',713,,334235,21,0,9,1,30,,334255,21,0,9,1,70,,334236,21,0,9,1,31,,334256,21,0,9,1,70,,334237,21,0,9,1,34,,334257,21,0,9,1,71,,334238,21,0,9,1,30,,334267,21,0,9,2,73,,334258,21,0,9,1,29,,334239,21,0,9,2,65,,334268,21,0,9,2,26,,334259,21,0,9,1,66,,334263,21,0,9,1,26,,334269,21,0,9,2,22,,334240,21,0,9,2,60,,334260,21,0,9,1,16,,334264,21,0,9,1,18,,334251,21,0,9,2,56,,334270,21,0,9,2,16,,334241,21,0,9,2,16,,334261,21,0,9,1,16,,334265,21,0,9,1,56,,334252,21,0,9,2,16,,334271,21,0,9,2,15,,334242,21,0,9,2,13,,334272,21,0,9,1,54,,334262,21,0,9,1,14,,334266,21,0,9,1,16,,334253,21,0,9,2,20,,334243,21,0,9,2,66,,334273,21,0,9,1,29,,334254,21,0,9,2,66,,334244,21,0,9,2,30,,334274,21,0,9,1,70,,334245,21,0,9,2,30,,334275,21,0,9,1,70,,334246,21,0,9,2,30,,334276,21,0,9,1,70,,334247,21,0,9,2,29,,334277,21,0,9,1,70,,334248,21,0,9,2,30,,334278,21,0,9,1,70,,334249,21,0,9,2,28,,334279,21,0,9,1,68,,334250,21,0,9,2
17904,'H51S200F-80-F2',713,,334280,21,0,9,1,30,,334300,21,0,9,1,70,,334281,21,0,9,1,31,,334301,21,0,9,1,70,,334282,21,0,9,1,34,,334302,21,0,9,1,71,,334283,21,0,9,1,30,,334312,21,0,9,2,73,,334303,21,0,9,1,29,,334284,21,0,9,2,65,,334313,21,0,9,2,26,,334304,21,0,9,1,66,,334308,21,0,9,1,26,,334314,21,0,9,2,22,,334285,21,0,9,2,60,,334305,21,0,9,1,16,,334309,21,0,9,1,18,,334296,21,0,9,2,56,,334315,21,0,9,2,16,,334286,21,0,9,2,16,,334306,21,0,9,1,16,,334310,21,0,9,1,56,,334297,21,0,9,2,16,,334316,21,0,9,2,15,,334287,21,0,9,2,13,,334317,21,0,9,1,54,,334307,21,0,9,1,14,,334311,21,0,9,1,16,,334298,21,0,9,2,20,,334288,21,0,9,2,66,,334318,21,0,9,1,29,,334299,21,0,9,2,66,,334289,21,0,9,2,30,,334319,21,0,9,1,70,,334290,21,0,9,2,30,,334320,21,0,9,1,70,,334291,21,0,9,2,30,,334321,21,0,9,1,70,,334292,21,0,9,2,29,,334322,21,0,9,1,70,,334293,21,0,9,2,30,,334323,21,0,9,1,70,,334294,21,0,9,2,28,,334324,21,0,9,1,68,,334295,21,0,9,2
36504,'H58S000A-80-A',2542,,346870,31,0,9,1,74,,346872,31,0,9,1,33,,346875,31,0,9,1,76,,346869,31,0,9,1,33,,346874,31,0,9,1,72,,346871,31,0,9,1,72,,346873,31,0,9,1
36504,'H58S000I-80-I',2541,,346876,31,0,9,1,80,,346878,31,0,9,1,80,,346880,31,0,9,1,40,,346877,31,0,9,1,81,,346879,31,0,9,1,80,,346881,31,0,9,1
36504,'H58S000S-83-S',2540,,346884,31,0,9,1,81,,346886,31,0,9,1,80,,346882,31,0,9,1,40,,346883,31,0,9,1,81,,346885,31,0,9,1,80,,346887,31,0,9,1
36504,'H58S100F-80-F1',2541,,346890,31,0,9,1,80,,346888,31,0,9,1,80,,346892,31,0,9,1,40,,346891,31,0,9,1,81,,346889,31,0,9,1,80,,346893,31,0,9,1
36504,'H58S200F-80-F2',2541,,346894,31,0,9,1,80,,346896,31,0,9,1,80,,346898,31,0,9,1,40,,346895,31,0,9,1,81,,346897,31,0,9,1,80,,346899,31,0,9,1
