5102,'H50S000S-82-S',825,,301705,23,0,10,2,802,,301702,23,0,10,2,30,,301704,23,0,10,1,68,,301708,23,0,10,2,18,,301701,23,0,10,1,173,,301703,23,0,10,1
5102,'H56S000S-82-S',816,,301709,23,0,10,1
5102,'H57S000A-80-A',523,,301720,23,0,10,1,28,,301726,23,0,10,1,71,,301711,23,0,10,1,32,,301734,23,0,10,1,73,,301727,23,0,10,1,76,,301712,23,0,10,1,30,,301735,23,0,10,1,71,,301742,23,0,10,1,21,,301728,23,0,10,1,21,,301755,23,0,10,1,62,,301765,23,0,10,1,22,,301721,23,0,10,1,21,,301771,23,0,10,1,60,,301743,23,0,10,1,20,,301713,23,0,10,1,14,,301756,23,0,10,1,12,,301738,23,0,10,1,52,,301780,23,0,10,1,13,,301783,23,0,10,1,13,,301722,23,0,10,1,15,,301729,23,0,10,1,54,,301774,23,0,10,2,14,,301744,23,0,10,1,12,,301714,23,0,10,1,13,,301757,23,0,10,1,12,,301739,23,0,10,1,50,,301747,23,0,10,1,10,,301772,23,0,10,1,9,,301784,23,0,10,1,9,,301790,23,0,10,2,8,,301723,23,0,10,1,7,,301751,23,0,10,1,7,,301730,23,0,10,1,48,,301775,23,0,10,2,9,,301766,23,0,10,1,8,,301762,23,0,10,1,8,,301745,23,0,10,1,8,,301715,23,0,10,1,8,,301781,23,0,10,1,7,,301758,23,0,10,1,8,,301740,23,0,10,1,49,,301748,23,0,10,1,8,,301777,23,0,10,1,7,,301773,23,0,10,1,6,,301785,23,0,10,1,6,,301791,23,0,10,2,7,,301724,23,0,10,1,7,,301752,23,0,10,1,8,,301731,23,0,10,1,48,,301776,23,0,10,2,7,,301767,23,0,10,1,5,,301796,23,0,10,1,7,,301763,23,0,10,1,6,,301746,23,0,10,1,7,,301716,23,0,10,1,7,,301782,23,0,10,1,8,,301759,23,0,10,1,48,,301741,23,0,10,1,6,,301786,23,0,10,1,4,,301749,23,0,10,1,8,,301725,23,0,10,1,6,,301733,23,0,10,1,7,,301778,23,0,10,1,7,,301792,23,0,10,2,7,,301753,23,0,10,1,8,,301797,23,0,10,1,48,,301732,23,0,10,1,7,,301768,23,0,10,1,13,,301764,23,0,10,1,13,,301717,23,0,10,1,13,,301754,23,0,10,1,12,,301760,23,0,10,1,53,,301750,23,0,10,1,13,,301793,23,0,10,2,13,,301779,23,0,10,1,15,,301798,23,0,10,1,55,,301769,23,0,10,1,15,,301770,23,0,10,1,14,,301718,23,0,10,1,14,,301787,23,0,10,1,54,,301761,23,0,10,1,14,,301794,23,0,10,2,14,,301801,23,0,10,1,16,,301799,23,0,10,1,57,,301719,23,0,10,1,20,,301736,23,0,10,2,22,,301788,23,0,10,1,62,,301795,23,0,10,2,22,,301803,23,0,10,1,22,,301802,23,0,10,1,63,,301737,23,0,10,2,23,,301789,23,0,10,1,60,,301800,23,0,10,1
5102,'H57S000I-80-I',524,,301806,23,0,10,1,28,,301817,23,0,10,1,70,,301825,23,0,10,1,32,,301807,23,0,10,1,72,,301818,23,0,10,1,31,,301826,23,0,10,1,74,,301808,23,0,10,1,70,,301833,23,0,10,1,29,,301840,23,0,10,2,28,,301846,23,0,10,1,69,,301809,23,0,10,1,27,,301834,23,0,10,1,61,,301827,23,0,10,1,21,,301854,23,0,10,1,19,,301847,23,0,10,1,60,,301852,23,0,10,1,15,,301810,23,0,10,1,13,,301858,23,0,10,2,11,,301835,23,0,10,1,51,,301841,23,0,10,2,11,,301828,23,0,10,1,13,,301855,23,0,10,1,13,,301819,23,0,10,1,13,,301848,23,0,10,1,54,,301862,23,0,10,1,14,,301866,23,0,10,1,10,,301811,23,0,10,1,9,,301859,23,0,10,2,10,,301836,23,0,10,1,50,,301842,23,0,10,2,10,,301844,23,0,10,1,10,,301829,23,0,10,1,10,,301856,23,0,10,1,10,,301820,23,0,10,1,9,,301849,23,0,10,1,49,,301870,23,0,10,1,9,,301863,23,0,10,1,9,,301867,23,0,10,1,9,,301832,23,0,10,1,8,,301812,23,0,10,1,7,,301860,23,0,10,2,7,,301804,23,0,10,1,7,,301837,23,0,10,1,47,,301843,23,0,10,2,7,,301873,23,0,10,1,7,,301830,23,0,10,1,7,,301821,23,0,10,1,7,,301857,23,0,10,1,7,,301880,23,0,10,2,7,,301864,23,0,10,1,7,,301850,23,0,10,1,7,,301871,23,0,10,1,49,,301845,23,0,10,1,9,,301868,23,0,10,1,7,,301872,23,0,10,1,9,,301813,23,0,10,1,9,,301877,23,0,10,2,10,,301805,23,0,10,1,49,,301865,23,0,10,1,9,,301874,23,0,10,1,11,,301822,23,0,10,1,12,,301838,23,0,10,1,15,,301851,23,0,10,1,56,,301814,23,0,10,1,15,,301869,23,0,10,1,15,,301878,23,0,10,2,15,,301831,23,0,10,1,56,,301875,23,0,10,1,19,,301839,23,0,10,1,21,,301823,23,0,10,1,62,,301815,23,0,10,1,22,,301879,23,0,10,2,22,,301881,23,0,10,1,62,,301876,23,0,10,1,25,,301824,23,0,10,1,66,,301816,23,0,10,1,32,,301882,23,0,10,1,72,,301853,23,0,10,1,32,,301861,23,0,10,1
5102,'H57S000S-80-S',520,,301890,23,0,10,1,32,,301915,23,0,10,1,72,,301888,23,0,10,1,13,,301909,23,0,10,1,10,,301937,23,0,10,1,10,,301908,23,0,10,1,50,,301891,23,0,10,1,9,,301907,23,0,10,1,10,,301899,23,0,10,1,5,,301922,23,0,10,1,7,,301916,23,0,10,1,5,,301911,23,0,10,1,3,,301961,23,0,10,2,5,,301964,23,0,10,2,4,,301952,23,0,10,1,47,,301929,23,0,10,2,5,,301960,23,0,10,1,6,,301883,23,0,10,1,7,,301965,23,0,10,1,8,,301970,23,0,10,1,6,,301976,23,0,10,1,7,,301889,23,0,10,1,7,,301975,23,0,10,2,6,,301983,23,0,10,1,5,,301938,23,0,10,1,47,,301900,23,0,10,1,10,,301956,23,0,10,1,10,,301985,23,0,10,1,11,,301930,23,0,10,1,9,,301923,23,0,10,1,10,,301894,23,0,10,1,50,,301953,23,0,10,1,9,,301884,23,0,10,1,9,,301966,23,0,10,1,10,,301971,23,0,10,1,10,,301977,23,0,10,1,10,,301984,23,0,10,1,49,,301939,23,0,10,1,8,,301901,23,0,10,1,9,,301957,23,0,10,1,11,,301986,23,0,10,1,11,,301931,23,0,10,1,11,,301924,23,0,10,1,51,,301895,23,0,10,1,10,,301885,23,0,10,1,8,,301967,23,0,10,1,8,,301912,23,0,10,1,8,,301972,23,0,10,1,9,,301978,23,0,10,1,10,,301917,23,0,10,1,50,,301940,23,0,10,1,10,,301902,23,0,10,1,10,,301958,23,0,10,1,10,,301987,23,0,10,1,9,,301932,23,0,10,1,10,,301925,23,0,10,1,50,,301896,23,0,10,1,10,,301886,23,0,10,1,10,,301968,23,0,10,1,10,,301913,23,0,10,1,8,,301973,23,0,10,1,8,,301979,23,0,10,1,48,,301918,23,0,10,1,8,,301941,23,0,10,1,7,,302000,23,0,10,1,7,,301903,23,0,10,1,8,,301954,23,0,10,1,7,,302006,23,0,10,1,6,,301959,23,0,10,1,4,,302012,23,0,10,2,6,,301988,23,0,10,1,5,,301933,23,0,10,1,44,,302014,23,0,10,1,4,,301926,23,0,10,1,5,,302023,23,0,10,2,6,,301991,23,0,10,1,5,,302025,23,0,10,2,9,,302018,23,0,10,1,3,,301887,23,0,10,1,3,,301897,23,0,10,1,4,,301950,23,0,10,1,4,,302031,23,0,10,1,4,,301969,23,0,10,1,4,,302032,23,0,10,1,48,,301974,23,0,10,1,4,,302005,23,0,10,2,4,,301980,23,0,10,1,5,,302008,23,0,10,1,6,,301995,23,0,10,1,12,,302001,23,0,10,1,6,,301904,23,0,10,1,11,,301955,23,0,10,1,7,,302007,23,0,10,1,46,,301947,23,0,10,1,6,,301993,23,0,10,1,6,,301989,23,0,10,1,6,,302015,23,0,10,1,7,,301920,23,0,10,1,8,,302024,23,0,10,2,7,,301943,23,0,10,1,7,,302019,23,0,10,1,7,,301962,23,0,10,1,47,,301951,23,0,10,1,7,,302033,23,0,10,1,14,,301981,23,0,10,1,9,,301996,23,0,10,1,10,,302002,23,0,10,1,8,,301905,23,0,10,1,7,,301936,23,0,10,1,46,,301948,23,0,10,1,7,,302010,23,0,10,1,8,,302016,23,0,10,1,7,,302020,23,0,10,1,7,,301921,23,0,10,1,10,,301944,23,0,10,1,12,,301963,23,0,10,1,52,,302034,23,0,10,1,13,,301982,23,0,10,1,13,,301997,23,0,10,1,13,,301906,23,0,10,1,13,,302021,23,0,10,1,53,,302017,23,0,10,1,14,,302028,23,0,10,1,14,,301945,23,0,10,1,15,,302029,23,0,10,1,55,,302035,23,0,10,1,14,,301998,23,0,10,1,15,,302036,23,0,10,1,17,,302022,23,0,10,1,63,,301946,23,0,10,1,29,,302030,23,0,10,1,71,,301999,23,0,10,1,33,,302037,23,0,10,1
5102,'H57S100F-80-F1',524,,302040,23,0,10,1,28,,302051,23,0,10,1,70,,302059,23,0,10,1,32,,302041,23,0,10,1,72,,302052,23,0,10,1,31,,302060,23,0,10,1,74,,302042,23,0,10,1,70,,302067,23,0,10,1,29,,302074,23,0,10,2,28,,302080,23,0,10,1,69,,302043,23,0,10,1,27,,302068,23,0,10,1,61,,302061,23,0,10,1,21,,302088,23,0,10,1,19,,302081,23,0,10,1,60,,302086,23,0,10,1,15,,302044,23,0,10,1,13,,302092,23,0,10,2,11,,302069,23,0,10,1,51,,302075,23,0,10,2,11,,302062,23,0,10,1,13,,302089,23,0,10,1,13,,302053,23,0,10,1,13,,302082,23,0,10,1,54,,302096,23,0,10,1,14,,302100,23,0,10,1,10,,302045,23,0,10,1,9,,302093,23,0,10,2,10,,302070,23,0,10,1,50,,302076,23,0,10,2,10,,302078,23,0,10,1,10,,302063,23,0,10,1,10,,302090,23,0,10,1,10,,302054,23,0,10,1,9,,302083,23,0,10,1,49,,302104,23,0,10,1,9,,302097,23,0,10,1,9,,302101,23,0,10,1,9,,302066,23,0,10,1,8,,302046,23,0,10,1,7,,302094,23,0,10,2,7,,302038,23,0,10,1,7,,302071,23,0,10,1,47,,302077,23,0,10,2,7,,302107,23,0,10,1,7,,302064,23,0,10,1,7,,302055,23,0,10,1,7,,302091,23,0,10,1,7,,302114,23,0,10,2,7,,302098,23,0,10,1,7,,302084,23,0,10,1,7,,302105,23,0,10,1,49,,302079,23,0,10,1,9,,302102,23,0,10,1,7,,302106,23,0,10,1,9,,302047,23,0,10,1,9,,302111,23,0,10,2,10,,302039,23,0,10,1,49,,302099,23,0,10,1,9,,302108,23,0,10,1,11,,302056,23,0,10,1,12,,302072,23,0,10,1,15,,302085,23,0,10,1,56,,302048,23,0,10,1,15,,302103,23,0,10,1,15,,302112,23,0,10,2,15,,302065,23,0,10,1,56,,302109,23,0,10,1,19,,302073,23,0,10,1,21,,302057,23,0,10,1,62,,302049,23,0,10,1,22,,302113,23,0,10,2,22,,302115,23,0,10,1,62,,302110,23,0,10,1,25,,302058,23,0,10,1,66,,302050,23,0,10,1,32,,302116,23,0,10,1,72,,302087,23,0,10,1,32,,302095,23,0,10,1
5102,'H57S200F-80-F2',524,,302119,23,0,10,1,28,,302130,23,0,10,1,70,,302138,23,0,10,1,32,,302120,23,0,10,1,72,,302131,23,0,10,1,31,,302139,23,0,10,1,74,,302121,23,0,10,1,70,,302146,23,0,10,1,29,,302153,23,0,10,2,28,,302159,23,0,10,1,69,,302122,23,0,10,1,27,,302147,23,0,10,1,61,,302140,23,0,10,1,21,,302167,23,0,10,1,19,,302160,23,0,10,1,60,,302165,23,0,10,1,15,,302123,23,0,10,1,13,,302171,23,0,10,2,11,,302148,23,0,10,1,51,,302154,23,0,10,2,11,,302141,23,0,10,1,13,,302168,23,0,10,1,13,,302132,23,0,10,1,13,,302161,23,0,10,1,54,,302175,23,0,10,1,14,,302179,23,0,10,1,10,,302124,23,0,10,1,9,,302172,23,0,10,2,10,,302149,23,0,10,1,50,,302155,23,0,10,2,10,,302157,23,0,10,1,10,,302142,23,0,10,1,10,,302169,23,0,10,1,10,,302133,23,0,10,1,9,,302162,23,0,10,1,49,,302183,23,0,10,1,9,,302176,23,0,10,1,9,,302180,23,0,10,1,9,,302145,23,0,10,1,8,,302125,23,0,10,1,7,,302173,23,0,10,2,7,,302117,23,0,10,1,7,,302150,23,0,10,1,47,,302156,23,0,10,2,7,,302186,23,0,10,1,7,,302143,23,0,10,1,7,,302134,23,0,10,1,7,,302170,23,0,10,1,7,,302193,23,0,10,2,7,,302177,23,0,10,1,7,,302163,23,0,10,1,7,,302184,23,0,10,1,49,,302158,23,0,10,1,9,,302181,23,0,10,1,7,,302185,23,0,10,1,9,,302126,23,0,10,1,9,,302190,23,0,10,2,10,,302118,23,0,10,1,49,,302178,23,0,10,1,9,,302187,23,0,10,1,11,,302135,23,0,10,1,12,,302151,23,0,10,1,15,,302164,23,0,10,1,56,,302127,23,0,10,1,15,,302182,23,0,10,1,15,,302191,23,0,10,2,15,,302144,23,0,10,1,56,,302188,23,0,10,1,19,,302152,23,0,10,1,21,,302136,23,0,10,1,62,,302128,23,0,10,1,22,,302192,23,0,10,2,22,,302194,23,0,10,1,62,,302189,23,0,10,1,25,,302137,23,0,10,1,66,,302129,23,0,10,1,32,,302195,23,0,10,1,72,,302166,23,0,10,1,32,,302174,23,0,10,1
16603,'H50S000A-82-A',838,,331141,18,0,8,1,71,,331155,18,0,8,2,32,,331142,18,0,8,1,72,,331156,18,0,8,2,31,,331143,18,0,8,1,72,,331157,18,0,8,2,33,,331144,18,0,8,1,72,,331158,18,0,8,2,30,,331139,18,0,8,2,71,,331145,18,0,8,1,29,,331159,18,0,8,2,69,,331163,18,0,8,1,30,,331146,18,0,8,1,69,,331160,18,0,8,2,29,,331164,18,0,8,1,69,,331147,18,0,8,1,29,,331161,18,0,8,2,69,,331165,18,0,8,1,29,,331148,18,0,8,1,69,,331162,18,0,8,2,29,,331166,18,0,8,1,73,,331149,18,0,8,1,33,,331167,18,0,8,1,73,,331150,18,0,8,1,33,,331168,18,0,8,1,78,,331151,18,0,8,1,77,,331169,18,0,8,1,37,,331152,18,0,8,1,77,,331170,18,0,8,1,78,,331153,18,0,8,1,40,,331140,18,0,8,2,80,,331154,18,0,8,1
16603,'H50S000I-82-I',909,,331171,18,0,8,2,33,,331189,18,0,8,1,71,,331172,18,0,8,2,31,,331190,18,0,8,1,71,,331173,18,0,8,2,33,,331191,18,0,8,1,73,,331174,18,0,8,2,33,,331192,18,0,8,1,73,,331175,18,0,8,2,30,,331185,18,0,8,1,68,,331193,18,0,8,1,28,,331176,18,0,8,2,68,,331186,18,0,8,1,28,,331194,18,0,8,1,68,,331177,18,0,8,2,28,,331187,18,0,8,1,68,,331195,18,0,8,1,28,,331178,18,0,8,2,69,,331188,18,0,8,1,30,,331196,18,0,8,1,72,,331179,18,0,8,2,32,,331197,18,0,8,1,72,,331180,18,0,8,2,32,,331198,18,0,8,1,75,,331181,18,0,8,2,36,,331199,18,0,8,1,77,,331182,18,0,8,2,77,,331200,18,0,8,1,37,,331183,18,0,8,2,77,,331201,18,0,8,1,84,,331184,18,0,8,2
16603,'H50S000S-82-S',630,,331228,18,0,8,1,28,,331206,18,0,8,2,69,,331218,18,0,8,2,32,,331229,18,0,8,1,74,,331207,18,0,8,2,73,,331219,18,0,8,1,27,,331230,18,0,8,1,70,,331208,18,0,8,2,29,,331220,18,0,8,1,70,,331231,18,0,8,1,31,,331209,18,0,8,2,70,,331221,18,0,8,1,30,,331232,18,0,8,1,70,,331210,18,0,8,2,30,,331222,18,0,8,1,71,,331233,18,0,8,1,30,,331211,18,0,8,2,70,,331223,18,0,8,1,31,,331234,18,0,8,1,70,,331212,20,0,8,2,29,,331224,20,0,8,1,69,,331235,20,0,8,1,29,,331213,20,0,8,2,69,,331225,20,0,8,1,28,,331236,20,0,8,1,29,,331214,18,0,8,2,68,,331226,18,0,8,1,30,,331237,18,0,8,1,70,,331215,18,0,8,2,31,,331227,18,0,8,1,71,,331238,18,0,8,1,31,,331216,18,0,8,2,70,,331203,18,0,8,1,29,,331239,18,0,8,1,69,,331217,18,0,8,2,29,,331204,18,0,8,1,74,,331202,18,0,8,1,75,,331205,18,0,8,1
16603,'H50S100F-80-F1',909,,331240,18,0,8,2,33,,331258,18,0,8,1,71,,331241,18,0,8,2,31,,331259,18,0,8,1,71,,331242,18,0,8,2,33,,331260,18,0,8,1,73,,331243,18,0,8,2,33,,331261,18,0,8,1,73,,331244,18,0,8,2,30,,331254,18,0,8,1,68,,331262,18,0,8,1,28,,331245,18,0,8,2,68,,331255,18,0,8,1,28,,331263,18,0,8,1,68,,331246,18,0,8,2,28,,331256,18,0,8,1,68,,331264,18,0,8,1,28,,331247,18,0,8,2,69,,331257,18,0,8,1,30,,331265,18,0,8,1,72,,331248,18,0,8,2,32,,331266,18,0,8,1,72,,331249,18,0,8,2,32,,331267,18,0,8,1,75,,331250,18,0,8,2,36,,331268,18,0,8,1,77,,331251,18,0,8,2,77,,331269,18,0,8,1,37,,331252,18,0,8,2,77,,331270,18,0,8,1,84,,331253,18,0,8,2
16603,'H50S200F-80-F2',909,,331271,18,0,8,2,33,,331289,18,0,8,1,71,,331272,18,0,8,2,31,,331290,18,0,8,1,71,,331273,18,0,8,2,33,,331291,18,0,8,1,73,,331274,18,0,8,2,33,,331292,18,0,8,1,73,,331275,18,0,8,2,30,,331285,18,0,8,1,68,,331293,18,0,8,1,28,,331276,18,0,8,2,68,,331286,18,0,8,1,28,,331294,18,0,8,1,68,,331277,18,0,8,2,28,,331287,18,0,8,1,68,,331295,18,0,8,1,28,,331278,18,0,8,2,69,,331288,18,0,8,1,30,,331296,18,0,8,1,72,,331279,18,0,8,2,32,,331297,18,0,8,1,72,,331280,18,0,8,2,32,,331298,18,0,8,1,75,,331281,18,0,8,2,36,,331299,18,0,8,1,77,,331282,18,0,8,2,77,,331300,18,0,8,1,37,,331283,18,0,8,2,77,,331301,18,0,8,1,84,,331284,18,0,8,2
36802,'H57S000A-80-A',2628,,346929,47,0,10,1,19,,346927,47,0,10,1,59,,346925,47,0,10,1,30,,346931,47,0,10,1,70,,346926,47,0,10,2,38,,346930,47,0,10,1,80,,346928,47,0,10,1
36802,'H57S000I-80-I',2624,,346935,47,0,10,1,85,,346932,47,0,10,1,42,,346933,47,0,10,1,88,,346934,47,0,10,1,86,,346936,47,0,10,1
36802,'H57S000S-80-S',2624,,346940,47,0,10,1,81,,346938,47,0,10,1,54,,346937,47,0,10,1,93,,346939,47,0,10,1,77,,346941,47,0,10,1
36802,'H57S100F-80-F1',2624,,346945,47,0,10,1,85,,346942,47,0,10,1,42,,346943,47,0,10,1,88,,346944,47,0,10,1,86,,346946,47,0,10,1
36802,'H57S200F-80-F2',2624,,346950,47,0,10,1,85,,346947,47,0,10,1,42,,346948,47,0,10,1,88,,346949,47,0,10,1,86,,346951,47,0,10,1
71102,'H50S000A-82-A',821,,351147,19,0,10,1,29,,351164,19,0,10,1,73,,351156,19,0,10,1,28,,351148,19,0,10,1,75,,351165,19,0,10,1,29,,351157,19,0,10,1,70,,351149,19,0,10,1,30,,351166,19,0,10,1,68,,351158,19,0,10,1,32,,351150,19,0,10,1,75,,351167,19,0,10,1,28,,351159,19,0,10,1,72,,351151,19,0,10,1,27,,351168,19,0,10,1,72,,351160,19,0,10,1,27,,351152,19,0,10,1,69,,351169,19,0,10,1,32,,351161,19,0,10,1,70,,351153,19,0,10,1,30,,351170,19,0,10,1,69,,351162,19,0,10,1,27,,351154,19,0,10,1,67,,351171,19,0,10,1,33,,351163,19,0,10,1,64,,351155,19,0,10,1
71102,'H50S000I-82-I',816,,351172,19,0,10,1,30,,351189,19,0,10,1,70,,351181,19,0,10,1,30,,351173,19,0,10,1,72,,351190,19,0,10,1,32,,351182,19,0,10,1,70,,351174,19,0,10,1,30,,351191,19,0,10,1,70,,351183,19,0,10,1,30,,351175,19,0,10,1,73,,351192,19,0,10,1,30,,351184,19,0,10,1,69,,351176,19,0,10,1,31,,351193,19,0,10,1,71,,351185,19,0,10,1,31,,351177,19,0,10,1,71,,351194,19,0,10,1,30,,351186,19,0,10,1,70,,351178,19,0,10,1,30,,351195,19,0,10,1,67,,351187,19,0,10,1,29,,351179,19,0,10,1,70,,351196,19,0,10,1,30,,351188,19,0,10,1,68,,351180,19,0,10,1
71102,'H50S100F-80-F1',816,,351197,19,0,10,1,30,,351214,19,0,10,1,70,,351206,19,0,10,1,30,,351198,19,0,10,1,72,,351215,19,0,10,1,32,,351207,19,0,10,1,70,,351199,19,0,10,1,30,,351216,19,0,10,1,70,,351208,19,0,10,1,30,,351200,19,0,10,1,73,,351217,19,0,10,1,30,,351209,19,0,10,1,69,,351201,19,0,10,1,31,,351218,19,0,10,1,71,,351210,19,0,10,1,31,,351202,19,0,10,1,71,,351219,19,0,10,1,30,,351211,19,0,10,1,70,,351203,19,0,10,1,30,,351220,19,0,10,1,67,,351212,19,0,10,1,29,,351204,19,0,10,1,70,,351221,19,0,10,1,30,,351213,19,0,10,1,68,,351205,19,0,10,1
71102,'H50S200F-80-F2',816,,351222,19,0,10,1,30,,351239,19,0,10,1,70,,351231,19,0,10,1,30,,351223,19,0,10,1,72,,351240,19,0,10,1,32,,351232,19,0,10,1,70,,351224,19,0,10,1,30,,351241,19,0,10,1,70,,351233,19,0,10,1,30,,351225,19,0,10,1,73,,351242,19,0,10,1,30,,351234,19,0,10,1,69,,351226,19,0,10,1,31,,351243,19,0,10,1,71,,351235,19,0,10,1,31,,351227,19,0,10,1,71,,351244,19,0,10,1,30,,351236,19,0,10,1,70,,351228,19,0,10,1,30,,351245,19,0,10,1,67,,351237,19,0,10,1,29,,351229,19,0,10,1,70,,351246,19,0,10,1,30,,351238,19,0,10,1,68,,351230,19,0,10,1
