9501,'H51S000A-80-A',547,,313149,23,0,5,1,74,,313161,23,0,5,2,29,,313169,23,0,5,1,69,,313150,23,0,5,1,28,,313162,23,0,5,2,69,,313170,23,0,5,1,32,,313151,23,0,5,1,70,,313163,23,0,5,2,31,,313171,23,0,5,1,70,,313152,23,0,5,1,30,,313164,23,0,5,2,75,,313172,23,0,5,1,31,,313153,23,0,5,1,70,,313165,23,0,5,2,24,,313175,23,0,5,1,63,,313173,23,0,5,1,20,,313185,23,0,5,2,20,,313154,23,0,5,1,60,,313166,23,0,5,2,20,,313176,23,0,5,1,22,,313174,23,0,5,1,62,,313186,23,0,5,2,20,,313155,23,0,5,1,20,,313167,23,0,5,2,60,,313177,23,0,5,1,20,,313168,23,0,5,1,19,,313188,23,0,5,2,60,,313187,23,0,5,2,20,,313156,23,0,5,1,72,,313178,23,0,5,1,32,,313146,23,0,5,2,70,,313157,23,0,5,1,28,,313179,23,0,5,1,69,,313147,23,0,5,2,30,,313158,23,0,5,1,70,,313180,23,0,5,1,30,,313148,23,0,5,2,69,,313159,23,0,5,1,29,,313181,23,0,5,1,67,,313189,23,0,5,2,29,,313160,23,0,5,1,28,,313182,23,0,5,1,68,,313190,23,0,5,2,74,,313183,23,0,5,1,31,,313191,23,0,5,2,74,,313184,23,0,5,1
9501,'H51S000I-80-I',546,,313192,23,0,5,1,68,,313193,23,0,5,2,35,,313207,23,0,5,1,70,,313227,23,0,5,1,30,,313194,23,0,5,2,70,,313208,23,0,5,1,30,,313228,23,0,5,1,70,,313195,23,0,5,2,34,,313209,23,0,5,1,70,,313229,23,0,5,1,30,,313196,23,0,5,2,70,,313210,23,0,5,1,31,,313230,23,0,5,1,72,,313197,23,0,5,2,30,,313211,23,0,5,1,66,,313218,23,0,5,1,26,,313231,23,0,5,2,65,,313198,23,0,5,2,24,,313212,23,0,5,1,64,,313219,23,0,5,1,24,,313232,23,0,5,2,24,,313199,23,0,5,2,63,,313213,23,0,5,1,24,,313220,23,0,5,1,23,,313233,23,0,5,2,63,,313200,23,0,5,2,25,,313214,23,0,5,1,70,,313221,23,0,5,1,30,,313201,23,0,5,2,69,,313215,23,0,5,1,29,,313222,23,0,5,1,69,,313202,23,0,5,2,29,,313216,23,0,5,1,69,,313223,23,0,5,1,30,,313203,23,0,5,2,72,,313217,23,0,5,1,34,,313224,23,0,5,1,74,,313204,23,0,5,2,33,,313225,23,0,5,1,73,,313205,23,0,5,2,31,,313226,23,0,5,1,71,,313206,23,0,5,2
9501,'H51S000S-81-S',556,,313234,23,0,5,1,64,,313247,23,0,5,1,29,,313242,23,0,5,2,107,,313248,23,0,5,1,73,,313249,23,0,5,2,72,,313259,23,0,5,1,32,,313243,23,0,5,1,72,,313250,23,0,5,2,32,,313260,23,0,5,1,72,,313244,23,0,5,1,33,,313251,23,0,5,2,71,,313261,23,0,5,1,32,,313245,23,0,5,1,73,,313252,23,0,5,2,33,,313262,23,0,5,1,67,,313270,23,0,5,1,25,,313246,23,0,5,1,67,,313253,23,0,5,2,27,,313235,23,0,5,1,69,,313263,23,0,5,1,29,,313271,23,0,5,2,68,,313254,23,0,5,2,28,,313236,23,0,5,1,27,,313264,23,0,5,1,66,,313272,23,0,5,2,26,,313255,23,0,5,2,69,,313237,23,0,5,1,28,,313265,23,0,5,1,68,,313256,23,0,5,2,30,,313238,23,0,5,1,70,,313266,23,0,5,1,31,,313257,23,0,5,2,72,,313239,23,0,5,1,32,,313267,23,0,5,1,72,,313258,23,0,5,2,32,,313240,23,0,5,1,72,,313268,23,0,5,1,74,,313241,23,0,5,1,32,,313269,23,0,5,1
9501,'H51S100F-80-F1',546,,313273,23,0,5,1,68,,313274,23,0,5,2,35,,313288,23,0,5,1,70,,313308,23,0,5,1,30,,313275,23,0,5,2,70,,313289,23,0,5,1,30,,313309,23,0,5,1,70,,313276,23,0,5,2,34,,313290,23,0,5,1,70,,313310,23,0,5,1,30,,313277,23,0,5,2,70,,313291,23,0,5,1,31,,313311,23,0,5,1,72,,313278,23,0,5,2,30,,313292,23,0,5,1,66,,313299,23,0,5,1,26,,313312,23,0,5,2,65,,313279,23,0,5,2,24,,313293,23,0,5,1,64,,313300,23,0,5,1,24,,313313,23,0,5,2,24,,313280,23,0,5,2,63,,313294,23,0,5,1,24,,313301,23,0,5,1,23,,313314,23,0,5,2,63,,313281,23,0,5,2,25,,313295,23,0,5,1,70,,313302,23,0,5,1,30,,313282,23,0,5,2,69,,313296,23,0,5,1,29,,313303,23,0,5,1,69,,313283,23,0,5,2,29,,313297,23,0,5,1,69,,313304,23,0,5,1,30,,313284,23,0,5,2,72,,313298,23,0,5,1,34,,313305,23,0,5,1,74,,313285,23,0,5,2,33,,313306,23,0,5,1,73,,313286,23,0,5,2,31,,313307,23,0,5,1,71,,313287,23,0,5,2
9501,'H51S200F-80-F2',546,,313315,23,0,5,1,68,,313316,23,0,5,2,35,,313330,23,0,5,1,70,,313350,23,0,5,1,30,,313317,23,0,5,2,70,,313331,23,0,5,1,30,,313351,23,0,5,1,70,,313318,23,0,5,2,34,,313332,23,0,5,1,70,,313352,23,0,5,1,30,,313319,23,0,5,2,70,,313333,23,0,5,1,31,,313353,23,0,5,1,72,,313320,23,0,5,2,30,,313334,23,0,5,1,66,,313341,23,0,5,1,26,,313354,23,0,5,2,65,,313321,23,0,5,2,24,,313335,23,0,5,1,64,,313342,23,0,5,1,24,,313355,23,0,5,2,24,,313322,23,0,5,2,63,,313336,23,0,5,1,24,,313343,23,0,5,1,23,,313356,23,0,5,2,63,,313323,23,0,5,2,25,,313337,23,0,5,1,70,,313344,23,0,5,1,30,,313324,23,0,5,2,69,,313338,23,0,5,1,29,,313345,23,0,5,1,69,,313325,23,0,5,2,29,,313339,23,0,5,1,69,,313346,23,0,5,1,30,,313326,23,0,5,2,72,,313340,23,0,5,1,34,,313347,23,0,5,1,74,,313327,23,0,5,2,33,,313348,23,0,5,1,73,,313328,23,0,5,2,31,,313349,23,0,5,1,71,,313329,23,0,5,2
9501,'H58S000S-83-S',724,,313357,23,0,5,2
14101,'H50S000S-82-S',1701,,326233,10,0,5,1
14101,'H51S000S-81-S',515,,326234,10,0,5,1,111,,326236,10,0,5,1,84,,326238,10,0,5,2,1095,,326235,10,0,5,2,22,,326241,10,0,5,2
14101,'H54S000A-80-A',454,,326250,10,0,5,1,67,,326258,10,0,5,1,27,,326242,10,0,5,1,68,,326266,10,0,5,1,27,,326251,10,0,5,1,68,,326259,10,0,5,1,27,,326243,10,0,5,1,67,,326272,10,0,5,1,15,,326333,10,0,5,1,14,,326252,10,0,5,1,14,,326267,10,0,5,1,53,,326260,10,0,5,1,12,,326281,10,0,5,1,14,,326244,10,0,5,1,12,,326319,10,0,5,1,13,,326286,10,0,5,2,54,,326273,10,0,5,1,12,,326334,10,0,5,1,12,,326253,10,0,5,1,12,,326268,10,0,5,1,11,,326288,10,0,5,1,51,,326261,10,0,5,1,10,,326282,10,0,5,1,10,,326245,10,0,5,1,11,,326320,10,0,5,1,11,,326303,10,0,5,1,9,,326287,10,0,5,2,48,,326293,10,0,5,2,9,,326274,10,0,5,1,8,,326335,10,0,5,1,8,,326296,10,0,5,1,9,,326254,10,0,5,1,10,,326269,10,0,5,1,8,,326289,10,0,5,1,47,,326306,10,0,5,2,7,,326262,10,0,5,1,9,,326283,10,0,5,1,9,,326246,10,0,5,1,9,,326277,10,0,5,1,8,,326321,10,0,5,1,8,,326304,10,0,5,1,48,,326311,10,0,5,1,8,,326330,10,0,5,1,9,,326294,10,0,5,2,9,,326275,10,0,5,1,9,,326297,10,0,5,1,9,,326322,10,0,5,1,7,,326255,10,0,5,1,8,,326270,10,0,5,1,48,,326290,10,0,5,1,8,,326307,10,0,5,2,8,,326263,10,0,5,1,7,,326327,10,0,5,1,8,,326284,10,0,5,1,8,,326247,10,0,5,1,8,,326278,10,0,5,1,48,,326305,10,0,5,1,8,,326312,10,0,5,1,8,,326331,10,0,5,1,8,,326295,10,0,5,2,8,,326276,10,0,5,1,9,,326298,10,0,5,1,8,,326323,10,0,5,1,7,,326256,10,0,5,1,47,,326271,10,0,5,1,7,,326291,10,0,5,1,8,,326308,10,0,5,2,8,,326264,10,0,5,1,9,,326328,10,0,5,1,8,,326285,10,0,5,1,9,,326248,10,0,5,1,49,,326279,10,0,5,1,9,,326314,10,0,5,2,8,,326313,10,0,5,1,9,,326332,10,0,5,1,9,,326299,10,0,5,1,9,,326324,10,0,5,1,9,,326257,10,0,5,1,49,,326292,10,0,5,1,10,,326309,10,0,5,2,11,,326265,10,0,5,1,11,,326329,10,0,5,1,14,,326249,10,0,5,1,55,,326280,10,0,5,1,21,,326300,10,0,5,1,24,,326325,10,0,5,1,66,,326310,10,0,5,2,27,,326336,10,0,5,1,68,,326301,10,0,5,1,26,,326326,10,0,5,1,64,,326315,10,0,5,1,25,,326317,10,0,5,2,28,,326302,10,0,5,1,64,,326337,10,0,5,1,27,,326316,10,0,5,1,67,,326318,10,0,5,2
14101,'H54S000I-80-I',454,,326403,10,0,5,1,73,,326352,10,0,5,1,74,,326411,10,0,5,2,32,,326404,10,0,5,1,73,,326353,10,0,5,1,30,,326373,10,0,5,1,68,,326412,10,0,5,2,19,,326405,10,0,5,1,18,,326368,10,0,5,1,18,,326354,10,0,5,1,60,,326338,10,0,5,2,21,,326395,10,0,5,1,16,,326413,10,0,5,2,54,,326362,10,0,5,1,14,,326406,10,0,5,1,14,,326369,10,0,5,1,14,,326374,10,0,5,1,54,,326355,10,0,5,1,12,,326339,10,0,5,2,11,,326385,10,0,5,1,10,,326396,10,0,5,1,10,,326343,10,0,5,1,10,,326414,10,0,5,1,50,,326391,10,0,5,1,11,,326382,10,0,5,1,12,,326363,10,0,5,1,11,,326370,10,0,5,1,10,,326375,10,0,5,1,49,,326399,10,0,5,1,9,,326356,10,0,5,1,9,,326340,10,0,5,2,9,,326386,10,0,5,1,9,,326397,10,0,5,1,9,,326344,10,0,5,1,8,,326349,10,0,5,2,49,,326415,10,0,5,1,8,,326392,10,0,5,1,10,,326407,10,0,5,1,9,,326383,10,0,5,1,10,,326364,10,0,5,1,10,,326371,10,0,5,1,50,,326376,10,0,5,1,9,,326400,10,0,5,1,9,,326357,10,0,5,1,10,,326387,10,0,5,1,10,,326398,10,0,5,1,10,,326345,10,0,5,1,10,,326350,10,0,5,2,52,,326393,10,0,5,1,11,,326408,10,0,5,1,9,,326384,10,0,5,1,9,,326365,10,0,5,1,8,,326341,10,0,5,2,8,,326372,10,0,5,1,48,,326377,10,0,5,1,10,,326401,10,0,5,1,12,,326358,10,0,5,1,12,,326388,10,0,5,1,12,,326346,10,0,5,1,51,,326351,10,0,5,2,12,,326394,10,0,5,1,13,,326409,10,0,5,1,14,,326366,10,0,5,1,15,,326342,10,0,5,2,55,,326378,10,0,5,1,15,,326402,10,0,5,1,15,,326359,10,0,5,1,60,,326347,10,0,5,1,20,,326410,10,0,5,1,21,,326367,10,0,5,1,64,,326379,10,0,5,1,26,,326360,10,0,5,1,26,,326348,10,0,5,1,66,,326389,10,0,5,1,26,,326380,10,0,5,1,66,,326361,10,0,5,1,30,,326416,10,0,5,2,68,,326390,10,0,5,1,30,,326381,10,0,5,1
14101,'H54S000S-80-S',454,,326436,10,0,5,1,75,,326426,10,0,5,1,24,,326429,10,0,5,1,51,,326419,10,0,5,1,12,,326425,10,0,5,1,21,,326464,10,0,5,1,5,,326437,10,0,5,1,8,,326445,10,0,5,1,52,,326452,10,0,5,1,19,,326427,10,0,5,1,6,,326458,10,0,5,2,11,,326459,10,0,5,1,9,,326430,10,0,5,1,9,,326420,10,0,5,1,49,,326478,10,0,5,1,9,,326487,10,0,5,1,9,,326465,10,0,5,2,10,,326466,10,0,5,1,11,,326438,10,0,5,1,11,,326446,10,0,5,1,49,,326453,10,0,5,1,8,,326497,10,0,5,1,8,,326428,10,0,5,1,8,,326472,10,0,5,1,9,,326460,10,0,5,1,10,,326431,10,0,5,1,10,,326421,10,0,5,1,50,,326479,10,0,5,1,11,,326488,10,0,5,1,11,,326467,10,0,5,1,11,,326439,10,0,5,1,10,,326447,10,0,5,1,50,,326454,10,0,5,1,10,,326498,10,0,5,1,12,,326473,10,0,5,1,11,,326461,10,0,5,1,11,,326432,10,0,5,1,10,,326422,10,0,5,1,49,,326480,10,0,5,1,9,,326506,10,0,5,1,9,,326489,10,0,5,1,9,,326468,10,0,5,1,8,,326440,10,0,5,1,9,,326448,10,0,5,1,9,,326455,10,0,5,1,50,,326499,10,0,5,1,8,,326510,10,0,5,2,8,,326493,10,0,5,1,7,,326474,10,0,5,1,7,,326462,10,0,5,1,9,,326433,10,0,5,1,9,,326423,10,0,5,1,49,,326481,10,0,5,1,9,,326507,10,0,5,1,9,,326490,10,0,5,1,9,,326469,10,0,5,1,9,,326441,10,0,5,1,9,,326449,10,0,5,1,57,,326456,10,0,5,1,7,,326500,10,0,5,1,8,,326511,10,0,5,2,8,,326494,10,0,5,1,8,,326512,10,0,5,1,7,,326475,10,0,5,1,5,,326463,10,0,5,1,5,,326528,10,0,5,2,5,,326434,10,0,5,1,45,,326424,10,0,5,1,5,,326417,10,0,5,2,5,,326482,10,0,5,1,16,,326508,10,0,5,1,6,,326491,10,0,5,1,5,,326518,10,0,5,1,10,,326470,10,0,5,1,6,,326442,10,0,5,1,53,,326450,10,0,5,1,5,,326523,10,0,5,1,5,,326525,10,0,5,2,4,,326527,10,0,5,1,4,,326457,10,0,5,1,6,,326501,10,0,5,1,6,,326418,10,0,5,1,7,,326516,10,0,5,1,6,,326495,10,0,5,1,6,,326513,10,0,5,1,54,,326476,10,0,5,1,7,,326435,10,0,5,1,16,,326483,10,0,5,1,16,,326509,10,0,5,1,7,,326519,10,0,5,1,48,,326443,10,0,5,1,9,,326451,10,0,5,1,10,,326524,10,0,5,1,10,,326502,10,0,5,1,11,,326517,10,0,5,1,11,,326514,10,0,5,1,52,,326477,10,0,5,1,21,,326484,10,0,5,1,21,,326520,10,0,5,1,60,,326444,10,0,5,1,21,,326503,10,0,5,1,26,,326515,10,0,5,1,67,,326485,10,0,5,1,26,,326521,10,0,5,1,67,,326504,10,0,5,1,28,,326526,10,0,5,2,69,,326486,10,0,5,1,30,,326522,10,0,5,1,67,,326505,10,0,5,1
14101,'H54S100F-80-F1',454,,326594,10,0,5,1,73,,326543,10,0,5,1,74,,326602,10,0,5,2,32,,326595,10,0,5,1,73,,326544,10,0,5,1,30,,326564,10,0,5,1,68,,326603,10,0,5,2,19,,326596,10,0,5,1,18,,326559,10,0,5,1,18,,326545,10,0,5,1,60,,326529,10,0,5,2,21,,326586,10,0,5,1,16,,326604,10,0,5,2,54,,326553,10,0,5,1,14,,326597,10,0,5,1,14,,326560,10,0,5,1,14,,326565,10,0,5,1,54,,326546,10,0,5,1,12,,326530,10,0,5,2,11,,326576,10,0,5,1,10,,326587,10,0,5,1,10,,326534,10,0,5,1,10,,326605,10,0,5,1,50,,326582,10,0,5,1,11,,326573,10,0,5,1,12,,326554,10,0,5,1,11,,326561,10,0,5,1,10,,326566,10,0,5,1,49,,326590,10,0,5,1,9,,326547,10,0,5,1,9,,326531,10,0,5,2,9,,326577,10,0,5,1,9,,326588,10,0,5,1,9,,326535,10,0,5,1,8,,326540,10,0,5,2,49,,326606,10,0,5,1,8,,326583,10,0,5,1,10,,326598,10,0,5,1,9,,326574,10,0,5,1,10,,326555,10,0,5,1,10,,326562,10,0,5,1,50,,326567,10,0,5,1,9,,326591,10,0,5,1,9,,326548,10,0,5,1,10,,326578,10,0,5,1,10,,326589,10,0,5,1,10,,326536,10,0,5,1,10,,326541,10,0,5,2,52,,326584,10,0,5,1,11,,326599,10,0,5,1,9,,326575,10,0,5,1,9,,326556,10,0,5,1,8,,326532,10,0,5,2,8,,326563,10,0,5,1,48,,326568,10,0,5,1,10,,326592,10,0,5,1,12,,326549,10,0,5,1,12,,326579,10,0,5,1,12,,326537,10,0,5,1,51,,326542,10,0,5,2,12,,326585,10,0,5,1,13,,326600,10,0,5,1,14,,326557,10,0,5,1,15,,326533,10,0,5,2,55,,326569,10,0,5,1,15,,326593,10,0,5,1,15,,326550,10,0,5,1,60,,326538,10,0,5,1,20,,326601,10,0,5,1,21,,326558,10,0,5,1,64,,326570,10,0,5,1,26,,326551,10,0,5,1,26,,326539,10,0,5,1,66,,326580,10,0,5,1,26,,326571,10,0,5,1,66,,326552,10,0,5,1,30,,326607,10,0,5,2,68,,326581,10,0,5,1,30,,326572,10,0,5,1
14101,'H54S200F-80-F2',454,,326673,10,0,5,1,73,,326622,10,0,5,1,74,,326681,10,0,5,2,32,,326674,10,0,5,1,73,,326623,10,0,5,1,30,,326643,10,0,5,1,68,,326682,10,0,5,2,19,,326675,10,0,5,1,18,,326638,10,0,5,1,18,,326624,10,0,5,1,60,,326608,10,0,5,2,21,,326665,10,0,5,1,16,,326683,10,0,5,2,54,,326632,10,0,5,1,14,,326676,10,0,5,1,14,,326639,10,0,5,1,14,,326644,10,0,5,1,54,,326625,10,0,5,1,12,,326609,10,0,5,2,11,,326655,10,0,5,1,10,,326666,10,0,5,1,10,,326613,10,0,5,1,10,,326684,10,0,5,1,50,,326661,10,0,5,1,11,,326652,10,0,5,1,12,,326633,10,0,5,1,11,,326640,10,0,5,1,10,,326645,10,0,5,1,49,,326669,10,0,5,1,9,,326626,10,0,5,1,9,,326610,10,0,5,2,9,,326656,10,0,5,1,9,,326667,10,0,5,1,9,,326614,10,0,5,1,8,,326619,10,0,5,2,49,,326685,10,0,5,1,8,,326662,10,0,5,1,10,,326677,10,0,5,1,9,,326653,10,0,5,1,10,,326634,10,0,5,1,10,,326641,10,0,5,1,50,,326646,10,0,5,1,9,,326670,10,0,5,1,9,,326627,10,0,5,1,10,,326657,10,0,5,1,10,,326668,10,0,5,1,10,,326615,10,0,5,1,10,,326620,10,0,5,2,52,,326663,10,0,5,1,11,,326678,10,0,5,1,9,,326654,10,0,5,1,9,,326635,10,0,5,1,8,,326611,10,0,5,2,8,,326642,10,0,5,1,48,,326647,10,0,5,1,10,,326671,10,0,5,1,12,,326628,10,0,5,1,12,,326658,10,0,5,1,12,,326616,10,0,5,1,51,,326621,10,0,5,2,12,,326664,10,0,5,1,13,,326679,10,0,5,1,14,,326636,10,0,5,1,15,,326612,10,0,5,2,55,,326648,10,0,5,1,15,,326672,10,0,5,1,15,,326629,10,0,5,1,60,,326617,10,0,5,1,20,,326680,10,0,5,1,21,,326637,10,0,5,1,64,,326649,10,0,5,1,26,,326630,10,0,5,1,26,,326618,10,0,5,1,66,,326659,10,0,5,1,26,,326650,10,0,5,1,66,,326631,10,0,5,1,30,,326686,10,0,5,2,68,,326660,10,0,5,1,30,,326651,10,0,5,1
14101,'H57S000S-80-S',542,,326688,10,0,5,1,112,,326687,10,0,5,1,803,,326690,10,0,5,1,166,,326689,10,0,5,1,82,,326691,10,0,5,1
14101,'H59S000S-80-S',1618,,326692,10,0,5,1,27,,326694,10,0,5,2,198,,326693,10,0,5,1
18801,'H50S000S-82-S',1551,,336238,10,0,99 49,2
18801,'H51S000S-81-S',1511,,336239,10,0,99 49,2
18801,'H54S000S-80-S',555,,336245,10,0,99 48,2,73,,336240,10,0,99 48,1,77,,336248,10,0,99 48,2,35,,336246,10,0,99 48,2,74,,336241,10,0,99 48,1,31,,336249,10,0,99 48,2,80,,336247,10,0,99 48,2,705,,336250,10,0,99 49,1,77,,336251,10,0,99 49,2,34,,336243,10,0,99 49,2,76,,336242,10,0,99 49,1,35,,336244,10,0,99 49,2
37201,'H54S000A-80-A',2546,,347150,52,0,5,2,88,,347154,52,0,5,1,85,,347152,52,0,5,1,90,,347155,52,0,5,1,44,,347151,52,0,5,1
37201,'H54S000I-80-I',2551,,347158,52,0,5,1,87,,347156,52,0,5,1,85,,347157,52,0,5,1,85,,347161,52,0,5,1,46,,347160,52,0,5,2
37201,'H54S000S-80-S',2550,,347164,52,0,5,1,74,,347167,52,0,5,2,77,,347165,52,0,5,1,40,,347166,52,0,5,2,80,,347162,52,0,5,1,81,,347163,52,0,5,1
37201,'H54S100F-80-F1',2551,,347171,52,0,5,1,87,,347169,52,0,5,1,85,,347170,52,0,5,1,85,,347174,52,0,5,1,46,,347173,52,0,5,2
37201,'H54S200F-80-F2',2551,,347177,52,0,5,1,87,,347175,52,0,5,1,85,,347176,52,0,5,1,85,,347180,52,0,5,1,46,,347179,52,0,5,2
