4404,'H51S000S-81-S',710,,298391,13,0,9,2,17,,298392,13,0,9,2
4404,'H54S000A-80-A',500,,298442,13,0,9,1,30,,298401,13,0,9,2,29,,298449,13,0,9,1,70,,298443,13,0,9,1,28,,298402,13,0,9,2,64,,298450,13,0,9,1,21,,298444,13,0,9,1,61,,298423,13,0,9,1,23,,298403,13,0,9,2,23,,298451,13,0,9,1,61,,298445,13,0,9,1,20,,298424,13,0,9,1,20,,298404,13,0,9,2,59,,298452,13,0,9,1,18,,298446,13,0,9,1,15,,298436,13,0,9,2,15,,298425,13,0,9,1,54,,298405,13,0,9,2,14,,298395,13,0,9,1,14,,298453,13,0,9,1,13,,298447,13,0,9,1,52,,298426,13,0,9,1,12,,298397,13,0,9,2,13,,298437,13,0,9,2,14,,298406,13,0,9,2,13,,298415,13,0,9,2,53,,298398,13,0,9,1,13,,298448,13,0,9,1,12,,298427,13,0,9,1,12,,298455,13,0,9,1,13,,298438,13,0,9,2,54,,298407,13,0,9,2,15,,298416,13,0,9,2,15,,298399,13,0,9,1,14,,298428,13,0,9,1,55,,298456,13,0,9,1,13,,298439,13,0,9,2,14,,298408,13,0,9,2,17,,298417,13,0,9,2,57,,298400,13,0,9,1,17,,298429,13,0,9,1,16,,298440,13,0,9,2,10,,298454,13,0,9,1,51,,298409,13,0,9,2,13,,298418,13,0,9,2,17,,298396,13,0,9,1,16,,298430,13,0,9,1,57,,298441,13,0,9,2,16,,298410,13,0,9,2,22,,298419,13,0,9,2,66,,298431,13,0,9,1,28,,298411,13,0,9,2,69,,298420,13,0,9,2,29,,298432,13,0,9,1,68,,298412,13,0,9,2,28,,298421,13,0,9,2,68,,298433,13,0,9,1,29,,298413,13,0,9,2,73,,298422,13,0,9,2,32,,298434,13,0,9,1,72,,298393,13,0,9,1,31,,298414,13,0,9,2,71,,298435,13,0,9,1,29,,298394,13,0,9,1
4404,'H54S000I-80-I',457,,298472,13,0,9,2,73,,298506,13,0,9,1,73,,298473,13,0,9,2,33,,298507,13,0,9,1,72,,298459,13,0,9,1,26,,298474,13,0,9,2,25,,298482,13,0,9,1,60,,298460,13,0,9,1,21,,298469,13,0,9,1,60,,298475,13,0,9,2,21,,298483,13,0,9,1,21,,298470,13,0,9,1,61,,298461,13,0,9,1,18,,298476,13,0,9,2,20,,298484,13,0,9,1,59,,298471,13,0,9,1,19,,298462,13,0,9,1,19,,298465,13,0,9,1,19,,298477,13,0,9,2,60,,298485,13,0,9,1,20,,298463,13,0,9,1,16,,298490,13,0,9,1,54,,298466,13,0,9,1,14,,298478,13,0,9,2,15,,298486,13,0,9,1,14,,298498,13,0,9,2,55,,298464,13,0,9,1,15,,298491,13,0,9,1,14,,298479,13,0,9,2,14,,298467,13,0,9,1,56,,298487,13,0,9,1,20,,298499,13,0,9,2,20,,298492,13,0,9,1,58,,298480,13,0,9,2,19,,298468,13,0,9,1,19,,298457,13,0,9,2,15,,298500,13,0,9,2,55,,298493,13,0,9,1,16,,298481,13,0,9,2,15,,298488,13,0,9,1,16,,298458,13,0,9,2,69,,298494,13,0,9,1,29,,298489,13,0,9,1,70,,298508,13,0,9,1,30,,298495,13,0,9,1,73,,298501,13,0,9,2,73,,298496,13,0,9,1,33,,298502,13,0,9,2,73,,298497,13,0,9,1,29,,298509,13,0,9,1,73,,298503,13,0,9,2,33,,298510,13,0,9,1,72,,298504,13,0,9,2,32,,298511,13,0,9,1,72,,298505,13,0,9,2
4404,'H54S000S-80-S',458,,298521,13,0,9,2,67,,298547,13,0,9,2,25,,298514,13,0,9,2,64,,298522,13,0,9,2,15,,298524,13,0,9,2,10,,298549,13,0,9,1,10,,298548,13,0,9,2,55,,298576,13,0,9,1,14,,298533,13,0,9,2,18,,298525,13,0,9,1,9,,298523,13,0,9,2,10,,298531,13,0,9,2,51,,298550,13,0,9,1,10,,298515,13,0,9,1,18,,298535,13,0,9,1,10,,298534,13,0,9,2,10,,298553,13,0,9,2,50,,298542,13,0,9,2,11,,298526,13,0,9,1,11,,298532,13,0,9,2,12,,298516,13,0,9,1,20,,298536,13,0,9,1,61,,298554,13,0,9,2,21,,298527,13,0,9,1,61,,298517,13,0,9,1,21,,298537,13,0,9,1,20,,298555,13,0,9,2,61,,298528,13,0,9,1,22,,298543,13,0,9,2,22,,298538,13,0,9,1,57,,298513,13,0,9,1,14,,298556,13,0,9,2,14,,298529,13,0,9,1,17,,298574,13,0,9,1,58,,298544,13,0,9,2,21,,298539,13,0,9,1,21,,298557,13,0,9,2,60,,298551,13,0,9,2,15,,298575,13,0,9,1,14,,298545,13,0,9,2,17,,298540,13,0,9,1,56,,298530,13,0,9,1,16,,298518,13,0,9,1,14,,298520,13,0,9,1,14,,298552,13,0,9,2,54,,298546,13,0,9,2,18,,298541,13,0,9,1,23,,298558,13,0,9,1,66,,298562,13,0,9,1,23,,298561,13,0,9,2,63,,298519,13,0,9,1,22,,298559,13,0,9,1,24,,298563,13,0,9,1,64,,298567,13,0,9,2,26,,298560,13,0,9,1,71,,298564,13,0,9,1,32,,298568,13,0,9,2,72,,298571,13,0,9,1,31,,298565,13,0,9,1,71,,298569,13,0,9,2,32,,298572,13,0,9,1,70,,298573,13,0,9,2,30,,298570,13,0,9,2,71,,298512,13,0,9,1
4404,'H54S100F-80-F1',457,,298592,13,0,9,2,73,,298626,13,0,9,1,73,,298593,13,0,9,2,33,,298627,13,0,9,1,72,,298579,13,0,9,1,26,,298594,13,0,9,2,25,,298602,13,0,9,1,60,,298580,13,0,9,1,21,,298589,13,0,9,1,60,,298595,13,0,9,2,21,,298603,13,0,9,1,21,,298590,13,0,9,1,61,,298581,13,0,9,1,18,,298596,13,0,9,2,20,,298604,13,0,9,1,59,,298591,13,0,9,1,19,,298582,13,0,9,1,19,,298585,13,0,9,1,19,,298597,13,0,9,2,60,,298605,13,0,9,1,20,,298583,13,0,9,1,16,,298610,13,0,9,1,54,,298586,13,0,9,1,14,,298598,13,0,9,2,15,,298606,13,0,9,1,14,,298618,13,0,9,2,55,,298584,13,0,9,1,15,,298611,13,0,9,1,14,,298599,13,0,9,2,14,,298587,13,0,9,1,56,,298607,13,0,9,1,20,,298619,13,0,9,2,20,,298612,13,0,9,1,58,,298600,13,0,9,2,19,,298588,13,0,9,1,19,,298577,13,0,9,2,15,,298620,13,0,9,2,55,,298613,13,0,9,1,16,,298601,13,0,9,2,15,,298608,13,0,9,1,16,,298578,13,0,9,2,69,,298614,13,0,9,1,29,,298609,13,0,9,1,70,,298628,13,0,9,1,30,,298615,13,0,9,1,73,,298621,13,0,9,2,73,,298616,13,0,9,1,33,,298622,13,0,9,2,73,,298617,13,0,9,1,29,,298629,13,0,9,1,73,,298623,13,0,9,2,33,,298630,13,0,9,1,72,,298624,13,0,9,2,32,,298631,13,0,9,1,72,,298625,13,0,9,2
4404,'H54S200F-80-F2',457,,298647,13,0,9,2,73,,298681,13,0,9,1,73,,298648,13,0,9,2,33,,298682,13,0,9,1,72,,298634,13,0,9,1,26,,298649,13,0,9,2,25,,298657,13,0,9,1,60,,298635,13,0,9,1,21,,298644,13,0,9,1,60,,298650,13,0,9,2,21,,298658,13,0,9,1,21,,298645,13,0,9,1,61,,298636,13,0,9,1,18,,298651,13,0,9,2,20,,298659,13,0,9,1,59,,298646,13,0,9,1,19,,298637,13,0,9,1,19,,298640,13,0,9,1,19,,298652,13,0,9,2,60,,298660,13,0,9,1,20,,298638,13,0,9,1,16,,298665,13,0,9,1,54,,298641,13,0,9,1,14,,298653,13,0,9,2,15,,298661,13,0,9,1,14,,298673,13,0,9,2,55,,298639,13,0,9,1,15,,298666,13,0,9,1,14,,298654,13,0,9,2,14,,298642,13,0,9,1,56,,298662,13,0,9,1,20,,298674,13,0,9,2,20,,298667,13,0,9,1,58,,298655,13,0,9,2,19,,298643,13,0,9,1,19,,298632,13,0,9,2,15,,298675,13,0,9,2,55,,298668,13,0,9,1,16,,298656,13,0,9,2,15,,298663,13,0,9,1,16,,298633,13,0,9,2,69,,298669,13,0,9,1,29,,298664,13,0,9,1,70,,298683,13,0,9,1,30,,298670,13,0,9,1,73,,298676,13,0,9,2,73,,298671,13,0,9,1,33,,298677,13,0,9,2,73,,298672,13,0,9,1,29,,298684,13,0,9,1,73,,298678,13,0,9,2,33,,298685,13,0,9,1,72,,298679,13,0,9,2,32,,298686,13,0,9,1,72,,298680,13,0,9,2
4404,'H58S000S-83-S',657,,298687,13,0,9,2,167,,298688,13,0,9,2
19202,'H51S000S-81-S',1601,,337073,2,0,10,2
19202,'H54S000A-80-A',445,,337074,2,0,10,1,73,,337088,2,0,10,2,33,,337076,2,0,10,1,73,,337075,2,0,10,1,32,,337089,2,0,10,2,71,,337077,2,0,10,1,31,,337107,2,0,10,1,71,,337090,2,0,10,2,71,,337078,2,0,10,1,31,,337108,2,0,10,1,71,,337101,2,0,10,1,31,,337094,2,0,10,2,71,,337082,2,0,10,1,31,,337085,2,0,10,2,71,,337079,2,0,10,1,31,,337109,2,0,10,1,71,,337102,2,0,10,1,31,,337095,2,0,10,2,71,,337083,2,0,10,1,31,,337086,2,0,10,2,71,,337080,2,0,10,1,31,,337110,2,0,10,1,71,,337103,2,0,10,1,31,,337096,2,0,10,2,71,,337084,2,0,10,1,31,,337087,2,0,10,2,71,,337081,2,0,10,1,31,,337111,2,0,10,1,71,,337104,2,0,10,1,31,,337097,2,0,10,2,71,,337112,2,0,10,1,31,,337105,2,0,10,1,71,,337098,2,0,10,2,31,,337091,2,0,10,1,71,,337106,2,0,10,1,31,,337099,2,0,10,2,72,,337092,2,0,10,1,72,,337113,2,0,10,2,32,,337100,2,0,10,2,72,,337093,2,0,10,1
19202,'H54S000I-80-I',445,,337129,2,0,10,1,73,,337131,2,0,10,1,33,,337114,2,0,10,2,72,,337130,2,0,10,1,30,,337132,2,0,10,1,70,,337115,2,0,10,2,30,,337123,2,0,10,1,70,,337133,2,0,10,1,30,,337116,2,0,10,2,70,,337149,2,0,10,1,30,,337141,2,0,10,2,70,,337134,2,0,10,2,30,,337124,2,0,10,1,70,,337120,2,0,10,2,30,,337117,2,0,10,2,70,,337150,2,0,10,1,30,,337142,2,0,10,2,70,,337135,2,0,10,2,30,,337125,2,0,10,1,70,,337121,2,0,10,2,30,,337118,2,0,10,2,70,,337151,2,0,10,1,30,,337143,2,0,10,2,70,,337136,2,0,10,2,30,,337126,2,0,10,1,70,,337122,2,0,10,2,30,,337119,2,0,10,2,70,,337152,2,0,10,1,30,,337144,2,0,10,2,70,,337137,2,0,10,2,31,,337153,2,0,10,1,70,,337145,2,0,10,2,30,,337138,2,0,10,2,70,,337154,2,0,10,1,30,,337146,2,0,10,2,70,,337139,2,0,10,2,30,,337127,2,0,10,1,70,,337147,2,0,10,2,30,,337140,2,0,10,2,69,,337128,2,0,10,1,25,,337148,2,0,10,2
19202,'H54S000S-80-S',445,,337168,2,0,10,2,64,,337170,2,0,10,2,24,,337185,2,0,10,2,23,,337186,2,0,10,2,55,,337162,2,0,10,1,16,,337169,2,0,10,2,17,,337171,2,0,10,2,58,,337172,2,0,10,2,20,,337159,2,0,10,1,15,,337187,2,0,10,2,16,,337163,2,0,10,1,69,,337183,2,0,10,2,29,,337173,2,0,10,2,69,,337160,2,0,10,1,30,,337164,2,0,10,1,70,,337184,2,0,10,2,30,,337174,2,0,10,2,70,,337161,2,0,10,2,30,,337175,2,0,10,1,70,,337202,2,0,10,2,29,,337179,2,0,10,1,69,,337188,2,0,10,2,29,,337176,2,0,10,1,69,,337165,2,0,10,2,29,,337180,2,0,10,1,60,,337189,2,0,10,2,18,,337182,2,0,10,2,18,,337177,2,0,10,1,80,,337167,2,0,10,2,19,,337181,2,0,10,1,17,,337196,2,0,10,2,59,,337190,2,0,10,2,29,,337178,2,0,10,1,70,,337191,2,0,10,2,31,,337197,2,0,10,2,72,,337155,2,0,10,1,31,,337192,2,0,10,2,70,,337198,2,0,10,2,30,,337156,2,0,10,1,70,,337193,2,0,10,2,30,,337199,2,0,10,2,71,,337157,2,0,10,1,30,,337194,2,0,10,2,69,,337200,2,0,10,2,30,,337158,2,0,10,1,70,,337195,2,0,10,2,29,,337201,2,0,10,2
19202,'H54S100F-80-F1',445,,337218,2,0,10,1,73,,337220,2,0,10,1,33,,337203,2,0,10,2,72,,337219,2,0,10,1,30,,337221,2,0,10,1,70,,337204,2,0,10,2,30,,337212,2,0,10,1,70,,337222,2,0,10,1,30,,337205,2,0,10,2,70,,337238,2,0,10,1,30,,337230,2,0,10,2,70,,337223,2,0,10,2,30,,337213,2,0,10,1,70,,337209,2,0,10,2,30,,337206,2,0,10,2,70,,337239,2,0,10,1,30,,337231,2,0,10,2,70,,337224,2,0,10,2,30,,337214,2,0,10,1,70,,337210,2,0,10,2,30,,337207,2,0,10,2,70,,337240,2,0,10,1,30,,337232,2,0,10,2,70,,337225,2,0,10,2,30,,337215,2,0,10,1,70,,337211,2,0,10,2,30,,337208,2,0,10,2,70,,337241,2,0,10,1,30,,337233,2,0,10,2,70,,337226,2,0,10,2,31,,337242,2,0,10,1,70,,337234,2,0,10,2,30,,337227,2,0,10,2,70,,337243,2,0,10,1,30,,337235,2,0,10,2,70,,337228,2,0,10,2,30,,337216,2,0,10,1,70,,337236,2,0,10,2,30,,337229,2,0,10,2,69,,337217,2,0,10,1,25,,337237,2,0,10,2
19202,'H54S200F-80-F2',445,,337259,2,0,10,1,73,,337261,2,0,10,1,33,,337244,2,0,10,2,72,,337260,2,0,10,1,30,,337262,2,0,10,1,70,,337245,2,0,10,2,30,,337253,2,0,10,1,70,,337263,2,0,10,1,30,,337246,2,0,10,2,70,,337279,2,0,10,1,30,,337271,2,0,10,2,70,,337264,2,0,10,2,30,,337254,2,0,10,1,70,,337250,2,0,10,2,30,,337247,2,0,10,2,70,,337280,2,0,10,1,30,,337272,2,0,10,2,70,,337265,2,0,10,2,30,,337255,2,0,10,1,70,,337251,2,0,10,2,30,,337248,2,0,10,2,70,,337281,2,0,10,1,30,,337273,2,0,10,2,70,,337266,2,0,10,2,30,,337256,2,0,10,1,70,,337252,2,0,10,2,30,,337249,2,0,10,2,70,,337282,2,0,10,1,30,,337274,2,0,10,2,70,,337267,2,0,10,2,31,,337283,2,0,10,1,70,,337275,2,0,10,2,30,,337268,2,0,10,2,70,,337284,2,0,10,1,30,,337276,2,0,10,2,70,,337269,2,0,10,2,30,,337257,2,0,10,1,70,,337277,2,0,10,2,30,,337270,2,0,10,2,69,,337258,2,0,10,1,25,,337278,2,0,10,2
37202,'H54S000A-80-A',2551,,347183,22,0,10,1,90,,347182,22,0,10,1,85,,347184,22,0,10,1,84,,347185,22,0,10,1,90,,347181,22,0,10,2
37202,'H54S000I-80-I',2556,,347189,22,0,10,1,85,,347188,22,0,10,2,87,,347187,22,0,10,1,87,,347186,22,0,10,1,90,,347190,22,0,10,1
37202,'H54S000S-80-S',2531,,347194,22,0,10,2,80,,347193,22,0,10,2,40,,347191,22,0,10,1,83,,347196,22,0,10,2,82,,347192,22,0,10,1,88,,347195,22,0,10,2
37202,'H54S100F-80-F1',2556,,347200,22,0,10,1,85,,347199,22,0,10,2,87,,347198,22,0,10,1,87,,347197,22,0,10,1,90,,347201,22,0,10,1
37202,'H54S200F-80-F2',2556,,347205,22,0,10,1,85,,347204,22,0,10,2,87,,347203,22,0,10,1,87,,347202,22,0,10,1,90,,347206,22,0,10,1
38001,'H50S000A-82-A',2651,,347292,83,0,5,1,94,,347291,83,0,5,1,85,,347295,83,0,5,1,25,,347294,50,0,5,2,60,,347293,83,0,5,1
38001,'H50S000I-82-I',2601,,347299,83,0,5,1,50,,347297,83,0,5,2,82,,347298,83,0,5,1,84,,347296,83,0,5,1,87,,347300,83,0,5,1
38001,'H50S000S-82-S',2617,,347303,83,0,5,1,84,,347305,83,0,5,1,48,,347301,83,0,5,1,85,,347302,83,0,5,1,85,,347304,83,0,5,1
38001,'H50S000S-82-SV',2812,,347306,50,0,5,2
38001,'H50S100F-80-F1',2601,,347310,83,0,5,1,50,,347308,83,0,5,2,82,,347309,83,0,5,1,84,,347307,83,0,5,1,87,,347311,83,0,5,1
38001,'H50S200F-80-F2',2601,,347315,83,0,5,1,50,,347313,83,0,5,2,82,,347314,83,0,5,1,84,,347312,83,0,5,1,87,,347316,83,0,5,1
