2803,'H54S000A-80-A',527,,293099,38,0,8,1,22,,293125,38,0,8,2,62,,293123,38,0,8,1,31,,293132,38,0,8,1,71,,293126,38,0,8,2,31,,293124,38,0,8,1,71,,293133,38,0,8,1,31,,293127,38,0,8,2,71,,293106,38,0,8,1,31,,293134,38,0,8,1,71,,293128,38,0,8,2,31,,293107,38,0,8,1,71,,293115,38,0,8,2,31,,293100,38,0,8,1,72,,293138,38,0,8,1,31,,293135,38,0,8,1,71,,293129,38,0,8,2,31,,293108,38,0,8,1,71,,293116,38,0,8,2,31,,293101,38,0,8,1,71,,293139,38,0,8,1,71,,293136,38,0,8,1,31,,293130,38,0,8,2,71,,293109,38,0,8,1,31,,293117,38,0,8,2,71,,293102,38,0,8,1,31,,293140,38,0,8,1,71,,293137,38,0,8,1,31,,293131,38,0,8,2,71,,293110,38,0,8,1,31,,293118,38,0,8,2,71,,293103,38,0,8,1,31,,293111,38,0,8,1,71,,293119,38,0,8,2,31,,293104,38,0,8,1,71,,293112,38,0,8,1,31,,293141,38,0,8,2,70,,293120,38,0,8,2,31,,293113,38,0,8,1,71,,293105,38,0,8,1,31,,293121,38,0,8,2,71,,293114,38,0,8,1,27,,293122,38,0,8,2
2803,'H54S000I-80-I',526,,293142,38,0,8,2,24,,293167,38,0,8,2,66,,293156,38,0,8,1,26,,293174,38,0,8,2,68,,293168,38,0,8,2,30,,293157,38,0,8,1,70,,293175,38,0,8,2,30,,293169,38,0,8,2,70,,293180,38,0,8,1,30,,293176,38,0,8,2,70,,293170,38,0,8,2,31,,293158,38,0,8,1,70,,293150,38,0,8,2,30,,293143,38,0,8,2,70,,293181,38,0,8,1,30,,293177,38,0,8,2,70,,293171,38,0,8,2,30,,293159,38,0,8,1,70,,293151,38,0,8,2,30,,293144,38,0,8,2,70,,293182,38,0,8,1,30,,293178,38,0,8,2,70,,293172,38,0,8,2,30,,293160,38,0,8,1,70,,293152,38,0,8,2,30,,293145,38,0,8,2,70,,293183,38,0,8,1,30,,293179,38,0,8,2,70,,293173,38,0,8,2,30,,293161,38,0,8,1,70,,293153,38,0,8,2,30,,293146,38,0,8,2,70,,293162,38,0,8,1,29,,293154,38,0,8,2,70,,293147,38,0,8,2,29,,293163,38,0,8,1,70,,293155,38,0,8,2,30,,293148,38,0,8,1,69,,293164,38,0,8,2,29,,293184,38,0,8,1,72,,293149,38,0,8,1,29,,293165,38,0,8,2,71,,293166,38,0,8,1
2803,'H54S000S-80-S',530,,293231,38,0,8,2,70,,293228,38,0,8,1,18,,293187,38,0,8,2,16,,293232,38,0,8,2,12,,293206,38,0,8,2,63,,293191,38,0,8,1,12,,293189,38,0,8,1,18,,293230,38,0,8,2,10,,293210,38,0,8,2,9,,293188,38,0,8,2,50,,293233,38,0,8,2,11,,293207,38,0,8,2,17,,293201,38,0,8,1,17,,293190,38,0,8,1,62,,293211,38,0,8,2,29,,293208,38,0,8,2,70,,293202,38,0,8,1,29,,293212,38,0,8,2,71,,293209,38,0,8,2,30,,293203,38,0,8,1,71,,293192,38,0,8,1,32,,293213,38,0,8,1,68,,293204,38,0,8,1,30,,293193,38,0,8,1,68,,293214,38,0,8,1,28,,293205,38,0,8,1,69,,293194,38,0,8,1,32,,293215,38,0,8,1,72,,293221,38,0,8,2,32,,293195,38,0,8,1,60,,293222,25,0,8,2,10,,293216,38,0,8,1,16,,293226,25,0,8,2,14,,293217,38,0,8,2,13,,293237,25,0,8,2,54,,293196,38,0,8,1,18,,293238,25,0,8,2,12,,293223,38,0,8,2,16,,293185,25,0,8,1,55,,293218,38,0,8,2,30,,293197,38,0,8,1,70,,293235,38,0,8,2,31,,293219,38,0,8,2,71,,293198,38,0,8,1,30,,293236,38,0,8,2,69,,293220,38,0,8,2,31,,293199,38,0,8,1,70,,293224,38,0,8,1,30,,293239,38,0,8,1,68,,293200,38,0,8,1,30,,293225,38,0,8,1,70,,293240,38,0,8,1,30,,293229,38,0,8,1,68,,293186,38,0,8,1
2803,'H54S100F-80-F1',526,,293241,38,0,8,2,24,,293266,38,0,8,2,66,,293255,38,0,8,1,26,,293273,38,0,8,2,68,,293267,38,0,8,2,30,,293256,38,0,8,1,70,,293274,38,0,8,2,30,,293268,38,0,8,2,70,,293279,38,0,8,1,30,,293275,38,0,8,2,70,,293269,38,0,8,2,31,,293257,38,0,8,1,70,,293249,38,0,8,2,30,,293242,38,0,8,2,70,,293280,38,0,8,1,30,,293276,38,0,8,2,70,,293270,38,0,8,2,30,,293258,38,0,8,1,70,,293250,38,0,8,2,30,,293243,38,0,8,2,70,,293281,38,0,8,1,30,,293277,38,0,8,2,70,,293271,38,0,8,2,30,,293259,38,0,8,1,70,,293251,38,0,8,2,30,,293244,38,0,8,2,70,,293282,38,0,8,1,30,,293278,38,0,8,2,70,,293272,38,0,8,2,30,,293260,38,0,8,1,70,,293252,38,0,8,2,30,,293245,38,0,8,2,70,,293261,38,0,8,1,29,,293253,38,0,8,2,70,,293246,38,0,8,2,29,,293262,38,0,8,1,70,,293254,38,0,8,2,30,,293247,38,0,8,1,69,,293263,38,0,8,2,29,,293283,38,0,8,1,72,,293248,38,0,8,1,29,,293264,38,0,8,2,71,,293265,38,0,8,1
2803,'H54S200F-80-F2',526,,293284,38,0,8,2,24,,293309,38,0,8,2,66,,293298,38,0,8,1,26,,293316,38,0,8,2,68,,293310,38,0,8,2,30,,293299,38,0,8,1,70,,293317,38,0,8,2,30,,293311,38,0,8,2,70,,293322,38,0,8,1,30,,293318,38,0,8,2,70,,293312,38,0,8,2,31,,293300,38,0,8,1,70,,293292,38,0,8,2,30,,293285,38,0,8,2,70,,293323,38,0,8,1,30,,293319,38,0,8,2,70,,293313,38,0,8,2,30,,293301,38,0,8,1,70,,293293,38,0,8,2,30,,293286,38,0,8,2,70,,293324,38,0,8,1,30,,293320,38,0,8,2,70,,293314,38,0,8,2,30,,293302,38,0,8,1,70,,293294,38,0,8,2,30,,293287,38,0,8,2,70,,293325,38,0,8,1,30,,293321,38,0,8,2,70,,293315,38,0,8,2,30,,293303,38,0,8,1,70,,293295,38,0,8,2,30,,293288,38,0,8,2,70,,293304,38,0,8,1,29,,293296,38,0,8,2,70,,293289,38,0,8,2,29,,293305,38,0,8,1,70,,293297,38,0,8,2,30,,293290,38,0,8,1,69,,293306,38,0,8,2,29,,293326,38,0,8,1,72,,293291,38,0,8,1,29,,293307,38,0,8,2,71,,293308,38,0,8,1
2803,'H57S000S-80-S',658,,293327,38,0,8,1,72,,293328,38,0,8,1
42803,'H51S000S-81-S',620,,347877,5,0,8,2
42803,'H54S000S-80-S',712,,347880,5,0,8,2,31,,347881,5,0,8,1,72,,347878,5,0,8,2,31,,347879,5,0,8,2
42803,'H57S000S-80-S',641,,347882,5,0,8,1
44903,'H54S000S-80-S',645,,349189,5,0,8,2,74,,349194,5,0,8,1,33,,349217,5,0,8,1,70,,349202,5,0,8,2,29,,349207,5,0,8,2,68,,349190,5,0,8,1,29,,349181,5,0,8,2,69,,349208,5,0,8,2,30,,349195,5,0,8,1,72,,349191,5,0,8,1,33,,349209,5,0,8,2,70,,349196,5,0,8,1,30,,349203,5,0,8,2,69,,349192,5,0,8,1,29,,349210,5,0,8,2,69,,349197,5,0,8,1,27,,349204,5,0,8,2,68,,349193,5,0,8,1,27,,349211,5,0,8,2,14,,349185,5,0,8,1,54,,349198,5,0,8,1,12,,349218,5,0,8,2,12,,349212,5,0,8,2,9,,349205,5,0,8,2,9,,349178,5,0,8,2,50,,349214,5,0,8,2,10,,349220,5,0,8,2,10,,349215,5,0,8,1,8,,349180,5,0,8,1,9,,349186,5,0,8,2,9,,349213,5,0,8,2,10,,349182,5,0,8,2,51,,349219,5,0,8,2,12,,349199,5,0,8,1,18,,349206,5,0,8,2,65,,349216,5,0,8,1,29,,349183,5,0,8,2,69,,349200,5,0,8,1,29,,349187,5,0,8,2,29,,349179,5,0,8,2,69,,349184,5,0,8,2,29,,349201,5,0,8,1,71,,349188,5,0,8,2
44903,'H57S000S-80-S',612,,349221,5,0,8,1
