16102,'H50S000S-82-S',904,,328914,32,0,10,2,21,,328915,32,0,10,1
16102,'H51S000A-80-A',552,,328916,32,0,10,1,63,,328943,32,0,10,1,26,,328944,32,0,10,1,69,,328930,32,0,10,2,28,,328917,32,0,10,1,70,,328945,32,0,10,1,31,,328931,32,0,10,2,19,,328953,32,0,10,1,57,,328918,32,0,10,1,17,,328964,32,0,10,2,15,,328970,32,0,10,2,55,,328946,32,0,10,1,18,,328932,32,0,10,2,18,,328954,32,0,10,1,18,,328919,32,0,10,1,55,,328971,32,0,10,2,15,,328965,32,0,10,2,15,,328947,32,0,10,1,15,,328933,32,0,10,2,54,,328975,32,0,10,2,14,,328955,32,0,10,1,14,,328978,32,0,10,2,15,,328920,32,0,10,1,54,,328972,32,0,10,2,14,,328966,32,0,10,2,14,,328948,32,0,10,1,14,,328934,32,0,10,2,54,,328976,32,0,10,2,14,,328956,32,0,10,1,11,,328980,32,0,10,2,10,,328921,32,0,10,1,11,,328973,32,0,10,2,53,,328967,32,0,10,2,14,,328949,32,0,10,1,14,,328935,32,0,10,2,13,,328977,32,0,10,2,13,,328957,32,0,10,1,51,,328981,32,0,10,2,10,,328922,32,0,10,1,10,,328974,32,0,10,2,10,,328982,32,0,10,2,10,,328968,32,0,10,2,10,,328950,32,0,10,1,50,,328936,32,0,10,2,10,,328951,32,0,10,1,9,,328929,32,0,10,2,9,,328958,32,0,10,1,13,,328979,32,0,10,2,54,,328923,32,0,10,1,14,,328983,32,0,10,2,14,,328969,32,0,10,2,15,,328937,32,0,10,2,55,,328952,32,0,10,1,16,,328959,32,0,10,1,21,,328924,32,0,10,1,22,,328984,32,0,10,2,64,,328938,32,0,10,2,29,,328960,32,0,10,1,70,,328925,32,0,10,1,30,,328939,32,0,10,2,70,,328961,32,0,10,1,30,,328926,32,0,10,1,70,,328940,32,0,10,2,29,,328962,32,0,10,1,67,,328927,32,0,10,1,27,,328941,32,0,10,2,68,,328963,32,0,10,1,30,,328928,32,0,10,1,70,,328942,32,0,10,2
16102,'H51S000I-80-I',548,,328998,32,0,10,1,68,,329000,32,0,10,2,30,,328985,32,0,10,1,68,,328999,32,0,10,1,26,,329001,32,0,10,2,67,,328986,32,0,10,1,25,,329018,32,0,10,1,26,,329011,32,0,10,2,64,,329002,32,0,10,2,23,,328987,32,0,10,1,63,,329019,32,0,10,1,20,,329012,32,0,10,2,17,,329029,32,0,10,2,56,,329003,32,0,10,2,15,,328988,32,0,10,1,15,,329007,32,0,10,1,15,,329020,32,0,10,1,55,,329013,32,0,10,2,17,,329030,32,0,10,2,16,,329004,32,0,10,2,17,,328989,32,0,10,1,55,,329008,32,0,10,1,15,,329021,32,0,10,1,15,,329014,32,0,10,2,14,,329026,32,0,10,2,54,,329031,32,0,10,2,14,,329005,32,0,10,2,14,,328990,32,0,10,1,14,,329009,32,0,10,1,54,,329039,32,0,10,2,15,,329022,32,0,10,1,14,,329015,32,0,10,2,12,,329027,32,0,10,2,10,,329032,32,0,10,2,50,,329006,32,0,10,2,10,,328991,32,0,10,1,10,,329045,32,0,10,1,11,,329010,32,0,10,1,10,,329040,32,0,10,2,10,,329048,32,0,10,2,50,,329023,32,0,10,1,10,,329016,32,0,10,2,11,,329028,32,0,10,2,12,,329033,32,0,10,2,16,,328992,32,0,10,1,55,,329046,32,0,10,1,16,,329041,32,0,10,2,16,,329024,32,0,10,1,16,,329017,32,0,10,2,55,,329034,32,0,10,2,15,,328993,32,0,10,1,16,,329047,32,0,10,1,17,,329042,32,0,10,2,60,,329025,32,0,10,1,27,,329035,32,0,10,2,70,,328994,32,0,10,1,28,,329043,32,0,10,2,69,,329036,32,0,10,2,29,,328995,32,0,10,1,65,,329044,32,0,10,2,28,,329037,32,0,10,2,68,,329049,32,0,10,2,27,,328996,32,0,10,1,25,,329038,32,0,10,2,62,,329050,32,0,10,2,26,,328997,32,0,10,1
16102,'H51S000S-81-S',544,,329059,32,0,10,1,64,,329077,32,0,10,2,25,,329051,32,0,10,1,12,,329099,32,0,10,2,13,,329069,32,0,10,2,52,,329103,32,0,10,1,13,,329119,32,0,10,2,11,,329060,32,0,10,1,9,,329120,32,0,10,2,7,,329071,32,0,10,2,9,,329078,32,0,10,2,49,,329091,32,0,10,2,6,,329121,32,0,10,2,6,,329052,32,0,10,1,5,,329084,32,0,10,2,5,,329101,32,0,10,2,4,,329100,32,0,10,2,4,,329102,32,0,10,2,5,,329092,32,0,10,2,7,,329070,32,0,10,2,7,,329053,32,0,10,1,54,,329104,32,0,10,1,7,,329113,32,0,10,2,15,,329061,32,0,10,1,9,,329072,32,0,10,2,10,,329079,32,0,10,2,52,,329122,32,0,10,2,12,,329085,32,0,10,2,12,,329093,32,0,10,2,12,,329054,32,0,10,1,10,,329105,32,0,10,1,51,,329114,32,0,10,2,11,,329062,32,0,10,1,11,,329073,32,0,10,2,11,,329080,32,0,10,2,11,,329123,32,0,10,2,11,,329086,32,0,10,2,51,,329094,32,0,10,2,12,,329055,32,0,10,1,12,,329106,32,0,10,1,12,,329115,32,0,10,2,11,,329063,32,0,10,1,52,,329074,32,0,10,2,12,,329081,32,0,10,2,12,,329124,32,0,10,2,12,,329087,32,0,10,2,10,,329095,32,0,10,2,50,,329056,32,0,10,1,10,,329107,32,0,10,1,10,,329116,32,0,10,2,11,,329064,32,0,10,1,11,,329127,32,0,10,2,10,,329075,32,0,10,2,50,,329082,32,0,10,2,7,,329133,32,0,10,2,7,,329125,32,0,10,2,7,,329088,32,0,10,2,7,,329138,32,0,10,2,7,,329096,32,0,10,2,10,,329057,32,0,10,1,8,,329152,32,0,10,2,47,,329108,32,0,10,1,8,,329130,32,0,10,2,6,,329155,32,0,10,2,6,,329117,32,0,10,2,6,,329065,32,0,10,1,10,,329128,32,0,10,2,5,,329146,32,0,10,2,4,,329076,32,0,10,2,4,,329156,32,0,10,2,5,,329137,32,0,10,2,45,,329083,32,0,10,2,5,,329134,32,0,10,2,10,,329126,32,0,10,2,5,,329089,32,0,10,2,6,,329139,32,0,10,2,6,,329140,32,0,10,1,6,,329097,32,0,10,2,7,,329058,32,0,10,1,8,,329153,32,0,10,2,48,,329109,32,0,10,1,8,,329131,32,0,10,2,9,,329118,32,0,10,2,10,,329066,32,0,10,1,9,,329129,32,0,10,2,8,,329147,32,0,10,2,10,,329135,32,0,10,2,51,,329090,32,0,10,2,10,,329141,32,0,10,1,11,,329098,32,0,10,2,11,,329154,32,0,10,2,11,,329110,32,0,10,1,52,,329132,32,0,10,2,12,,329067,32,0,10,1,12,,329148,32,0,10,2,17,,329136,32,0,10,2,59,,329142,32,0,10,1,24,,329111,32,0,10,1,23,,329068,32,0,10,1,64,,329149,32,0,10,2,24,,329143,32,0,10,1,63,,329112,32,0,10,1,27,,329157,32,0,10,2,29,,329150,32,0,10,2,69,,329144,32,0,10,1,27,,329158,32,0,10,2,66,,329151,32,0,10,2,25,,329145,32,0,10,1
16102,'H51S100F-80-F1',548,,329159,32,0,10,1,68,,329176,32,0,10,2,30,,329163,32,0,10,1,68,,329160,32,0,10,1,26,,329177,32,0,10,2,67,,329164,32,0,10,1,25,,329213,32,0,10,1,26,,329196,32,0,10,2,64,,329178,32,0,10,2,23,,329165,32,0,10,1,63,,329214,32,0,10,1,20,,329197,32,0,10,2,17,,329186,32,0,10,2,56,,329179,32,0,10,2,15,,329166,32,0,10,1,15,,329209,32,0,10,1,15,,329215,32,0,10,1,55,,329198,32,0,10,2,17,,329187,32,0,10,2,16,,329180,32,0,10,2,17,,329167,32,0,10,1,55,,329210,32,0,10,1,15,,329216,32,0,10,1,15,,329199,32,0,10,2,14,,329183,32,0,10,2,54,,329188,32,0,10,2,14,,329181,32,0,10,2,14,,329168,32,0,10,1,14,,329211,32,0,10,1,54,,329203,32,0,10,2,15,,329217,32,0,10,1,14,,329200,32,0,10,2,12,,329184,32,0,10,2,10,,329189,32,0,10,2,50,,329182,32,0,10,2,10,,329169,32,0,10,1,10,,329222,32,0,10,1,11,,329212,32,0,10,1,10,,329204,32,0,10,2,10,,329221,32,0,10,2,50,,329218,32,0,10,1,10,,329201,32,0,10,2,11,,329185,32,0,10,2,12,,329190,32,0,10,2,16,,329170,32,0,10,1,55,,329223,32,0,10,1,16,,329205,32,0,10,2,16,,329219,32,0,10,1,16,,329202,32,0,10,2,55,,329191,32,0,10,2,15,,329171,32,0,10,1,16,,329224,32,0,10,1,17,,329206,32,0,10,2,60,,329220,32,0,10,1,27,,329192,32,0,10,2,70,,329172,32,0,10,1,28,,329207,32,0,10,2,69,,329193,32,0,10,2,29,,329173,32,0,10,1,65,,329208,32,0,10,2,28,,329194,32,0,10,2,68,,329161,32,0,10,2,27,,329174,32,0,10,1,25,,329195,32,0,10,2,62,,329162,32,0,10,2,26,,329175,32,0,10,1
16102,'H51S200F-80-F2',548,,329225,32,0,10,1,68,,329242,32,0,10,2,30,,329229,32,0,10,1,68,,329226,32,0,10,1,26,,329243,32,0,10,2,67,,329230,32,0,10,1,25,,329279,32,0,10,1,26,,329262,32,0,10,2,64,,329244,32,0,10,2,23,,329231,32,0,10,1,63,,329280,32,0,10,1,20,,329263,32,0,10,2,17,,329252,32,0,10,2,56,,329245,32,0,10,2,15,,329232,32,0,10,1,15,,329275,32,0,10,1,15,,329281,32,0,10,1,55,,329264,32,0,10,2,17,,329253,32,0,10,2,16,,329246,32,0,10,2,17,,329233,32,0,10,1,55,,329276,32,0,10,1,15,,329282,32,0,10,1,15,,329265,32,0,10,2,14,,329249,32,0,10,2,54,,329254,32,0,10,2,14,,329247,32,0,10,2,14,,329234,32,0,10,1,14,,329277,32,0,10,1,54,,329269,32,0,10,2,15,,329283,32,0,10,1,14,,329266,32,0,10,2,12,,329250,32,0,10,2,10,,329255,32,0,10,2,50,,329248,32,0,10,2,10,,329235,32,0,10,1,10,,329288,32,0,10,1,11,,329278,32,0,10,1,10,,329270,32,0,10,2,10,,329287,32,0,10,2,50,,329284,32,0,10,1,10,,329267,32,0,10,2,11,,329251,32,0,10,2,12,,329256,32,0,10,2,16,,329236,32,0,10,1,55,,329289,32,0,10,1,16,,329271,32,0,10,2,16,,329285,32,0,10,1,16,,329268,32,0,10,2,55,,329257,32,0,10,2,15,,329237,32,0,10,1,16,,329290,32,0,10,1,17,,329272,32,0,10,2,60,,329286,32,0,10,1,27,,329258,32,0,10,2,70,,329238,32,0,10,1,28,,329273,32,0,10,2,69,,329259,32,0,10,2,29,,329239,32,0,10,1,65,,329274,32,0,10,2,28,,329260,32,0,10,2,68,,329227,32,0,10,2,27,,329240,32,0,10,1,25,,329261,32,0,10,2,62,,329228,32,0,10,2,26,,329241,32,0,10,1
16102,'H57S000S-80-S',1635,,329291,32,0,10,1
16102,'H59S000S-80-S',1713,,329292,32,0,10,2
37002,'H51S000A-80-A',2640,,347054,75,0,10,1,84,,347053,75,0,10,2,82,,347051,75,0,10,1,44,,347052,75,0,10,2,85,,347055,75,0,10,1
37002,'H51S000I-80-I',2548,,347060,75,0,10,1,85,,347056,75,0,10,1,85,,347058,75,0,10,2,85,,347061,75,0,10,1,48,,347057,75,0,10,1,89,,347059,75,0,10,2
37002,'H51S000S-81-S',2549,,347064,75,0,10,1,85,,347062,75,0,10,1,85,,347066,75,0,10,2,85,,347065,75,0,10,1,47,,347063,75,0,10,1,89,,347067,75,0,10,2
37002,'H51S100F-80-F1',2548,,347072,75,0,10,1,85,,347068,75,0,10,1,85,,347070,75,0,10,2,85,,347073,75,0,10,1,48,,347069,75,0,10,1,89,,347071,75,0,10,2
37002,'H51S200F-80-F2',2548,,347078,75,0,10,1,85,,347074,75,0,10,1,85,,347076,75,0,10,2,85,,347079,75,0,10,1,48,,347075,75,0,10,1,89,,347077,75,0,10,2
