3303,'H54S000A-80-A',559,,294797,49,0,8,1,69,,294794,49,0,8,1,31,,294807,49,0,8,1,69,,294789,45,0,8,1,29,,294798,45,0,8,1,69,,294795,45,0,8,1,25,,294813,45,0,8,1,62,,294808,45,0,8,1,20,,294790,45,0,8,1,22,,294803,45,0,8,1,62,,294799,45,0,8,1,20,,294796,45,0,8,1,16,,294818,45,0,8,1,53,,294814,45,0,8,1,13,,294859,45,0,8,1,13,,294809,45,0,8,1,14,,294791,45,0,8,1,12,,294830,45,0,8,1,55,,294833,45,0,8,1,15,,294804,45,0,8,1,16,,294800,45,0,8,1,56,,294836,45,0,8,1,16,,294819,45,0,8,1,13,,294828,45,0,8,1,13,,294815,45,0,8,1,13,,294810,45,0,8,1,52,,294825,45,0,8,1,11,,294792,45,0,8,1,11,,294843,45,0,8,2,12,,294834,45,0,8,1,12,,294805,45,0,8,1,52,,294839,45,0,8,2,10,,294801,45,0,8,1,9,,294837,45,0,8,1,10,,294850,45,0,8,1,9,,294820,45,0,8,1,10,,294829,45,0,8,1,50,,294856,45,0,8,1,9,,294816,45,0,8,1,10,,294811,45,0,8,1,10,,294826,45,0,8,1,10,,294793,45,0,8,1,9,,294844,45,0,8,2,50,,294835,45,0,8,1,10,,294806,45,0,8,1,10,,294840,45,0,8,2,10,,294802,45,0,8,1,7,,294852,45,0,8,2,6,,294838,45,0,8,1,9,,294851,45,0,8,1,48,,294853,45,0,8,2,7,,294821,45,0,8,1,10,,294857,45,0,8,1,9,,294817,45,0,8,1,11,,294812,45,0,8,1,14,,294827,45,0,8,1,54,,294845,45,0,8,2,15,,294846,45,0,8,1,15,,294841,45,0,8,2,16,,294863,49,0,8,1,63,,294822,49,0,8,1,22,,294831,49,0,8,1,64,,294860,49,0,8,1,23,,294847,49,0,8,1,16,,294858,49,0,8,1,16,,294842,49,0,8,2,58,,294823,49,0,8,1,21,,294832,49,0,8,1,23,,294861,49,0,8,1,63,,294787,49,0,8,1,21,,294848,49,0,8,1,61,,294854,49,0,8,2,21,,294824,49,0,8,1,25,,294862,49,0,8,1,69,,294788,49,0,8,1,27,,294849,49,0,8,1,69,,294855,49,0,8,2
3303,'H54S000I-80-I',605,,294872,49,0,8,1,32,,294878,49,0,8,1,68,,294896,49,0,8,1,28,,294868,45,0,8,1,70,,294873,45,0,8,1,32,,294879,45,0,8,1,72,,294897,45,0,8,1,27,,294869,45,0,8,1,22,,294892,45,0,8,1,62,,294874,45,0,8,1,24,,294880,45,0,8,1,58,,294904,45,0,8,1,17,,294898,45,0,8,1,17,,294909,45,0,8,2,18,,294870,45,0,8,1,59,,294893,45,0,8,1,18,,294913,45,0,8,1,18,,294875,45,0,8,1,57,,294881,45,0,8,1,17,,294905,45,0,8,1,14,,294902,45,0,8,1,14,,294899,45,0,8,1,55,,294910,45,0,8,2,16,,294871,45,0,8,1,14,,294894,45,0,8,1,15,,294914,45,0,8,1,54,,294916,45,0,8,1,15,,294876,45,0,8,1,13,,294918,45,0,8,2,13,,294882,45,0,8,1,12,,294906,45,0,8,1,52,,294903,45,0,8,1,13,,294927,45,0,8,1,12,,294900,45,0,8,1,11,,294911,45,0,8,2,10,,294895,45,0,8,1,51,,294915,45,0,8,1,11,,294920,45,0,8,2,11,,294917,45,0,8,1,12,,294877,45,0,8,1,12,,294919,45,0,8,2,52,,294883,45,0,8,1,13,,294907,45,0,8,1,12,,294925,45,0,8,1,13,,294865,45,0,8,2,13,,294901,45,0,8,1,55,,294912,45,0,8,2,16,,294888,45,0,8,1,16,,294864,49,0,8,1,16,,294924,49,0,8,1,58,,294884,49,0,8,1,20,,294908,49,0,8,1,23,,294866,49,0,8,2,65,,294889,49,0,8,1,21,,294926,49,0,8,1,60,,294867,49,0,8,2,21,,294885,49,0,8,1,28,,294922,49,0,8,1,64,,294890,49,0,8,1,29,,294928,49,0,8,2,69,,294886,49,0,8,1,29,,294923,49,0,8,1,70,,294891,49,0,8,1,30,,294921,49,0,8,2,70,,294887,49,0,8,1
3303,'H54S000S-80-S',551,,294939,49,0,8,1,67,,294930,49,0,8,1,15,,294937,49,0,8,1,17,,294938,49,0,8,2,56,,294949,49,0,8,1,6,,294950,45,0,8,2,8,,295013,45,0,8,1,11,,294951,45,0,8,1,13,,294957,45,0,8,1,14,,294959,45,0,8,1,53,,294940,45,0,8,1,25,,294956,45,0,8,1,11,,294973,45,0,8,1,59,,294977,45,0,8,1,19,,294935,45,0,8,1,18,,294945,45,0,8,1,58,,294952,45,0,8,1,20,,294960,45,0,8,1,19,,294941,45,0,8,1,19,,294981,45,0,8,1,59,,294974,45,0,8,1,18,,294978,45,0,8,1,16,,294936,45,0,8,1,54,,294946,45,0,8,1,13,,294970,45,0,8,2,12,,294953,45,0,8,1,13,,294961,45,0,8,1,13,,294958,45,0,8,2,53,,294942,45,0,8,1,12,,294982,45,0,8,1,12,,294933,45,0,8,2,10,,294987,45,0,8,1,10,,294975,45,0,8,1,49,,294979,45,0,8,1,10,,294985,45,0,8,1,9,,294966,45,0,8,2,9,,294968,45,0,8,1,10,,294947,45,0,8,1,10,,294971,45,0,8,2,50,,294954,45,0,8,1,12,,294962,45,0,8,1,13,,294989,45,0,8,2,12,,294943,45,0,8,1,12,,294993,45,0,8,2,8,,294983,45,0,8,1,48,,294934,45,0,8,2,9,,294988,45,0,8,1,15,,294976,45,0,8,1,6,,294980,45,0,8,1,14,,294986,45,0,8,1,7,,294931,45,0,8,1,47,,294967,45,0,8,2,6,,294969,45,0,8,1,5,,295007,45,0,8,1,11,,294948,45,0,8,1,5,,294972,45,0,8,2,6,,294955,45,0,8,1,6,,295009,45,0,8,1,7,,294929,45,0,8,1,6,,295008,45,0,8,2,47,,294963,45,0,8,1,7,,294990,45,0,8,2,7,,294944,45,0,8,1,9,,294994,45,0,8,2,8,,294984,45,0,8,1,9,,295015,45,0,8,1,8,,294991,45,0,8,1,49,,294996,45,0,8,2,8,,294997,45,0,8,1,9,,294998,45,0,8,2,10,,294932,45,0,8,1,14,,295005,45,0,8,1,10,,295017,49,0,8,2,54,,295010,49,0,8,1,15,,295002,49,0,8,1,19,,294964,49,0,8,1,20,,294995,49,0,8,2,59,,294992,49,0,8,1,17,,294999,49,0,8,2,17,,295006,49,0,8,1,55,,295014,49,0,8,2,15,,295003,49,0,8,1,19,,295018,49,0,8,1,61,,294965,49,0,8,1,22,,295000,49,0,8,1,28,,295011,49,0,8,1,67,,295004,49,0,8,1,27,,295019,49,0,8,1,69,,295001,49,0,8,1,26,,295016,49,0,8,1,71,,295012,49,0,8,1
3303,'H54S100F-80-F1',605,,295028,49,0,8,1,32,,295034,49,0,8,1,68,,295052,49,0,8,1,28,,295024,45,0,8,1,70,,295029,45,0,8,1,32,,295035,45,0,8,1,72,,295053,45,0,8,1,27,,295025,45,0,8,1,22,,295048,45,0,8,1,62,,295030,45,0,8,1,24,,295036,45,0,8,1,58,,295060,45,0,8,1,17,,295054,45,0,8,1,17,,295065,45,0,8,2,18,,295026,45,0,8,1,59,,295049,45,0,8,1,18,,295069,45,0,8,1,18,,295031,45,0,8,1,57,,295037,45,0,8,1,17,,295061,45,0,8,1,14,,295058,45,0,8,1,14,,295055,45,0,8,1,55,,295066,45,0,8,2,16,,295027,45,0,8,1,14,,295050,45,0,8,1,15,,295070,45,0,8,1,54,,295072,45,0,8,1,15,,295032,45,0,8,1,13,,295074,45,0,8,2,13,,295038,45,0,8,1,12,,295062,45,0,8,1,52,,295059,45,0,8,1,13,,295083,45,0,8,1,12,,295056,45,0,8,1,11,,295067,45,0,8,2,10,,295051,45,0,8,1,51,,295071,45,0,8,1,11,,295076,45,0,8,2,11,,295073,45,0,8,1,12,,295033,45,0,8,1,12,,295075,45,0,8,2,52,,295039,45,0,8,1,13,,295063,45,0,8,1,12,,295081,45,0,8,1,13,,295021,45,0,8,2,13,,295057,45,0,8,1,55,,295068,45,0,8,2,16,,295044,45,0,8,1,16,,295020,49,0,8,1,16,,295080,49,0,8,1,58,,295040,49,0,8,1,20,,295064,49,0,8,1,23,,295022,49,0,8,2,65,,295045,49,0,8,1,21,,295082,49,0,8,1,60,,295023,49,0,8,2,21,,295041,49,0,8,1,28,,295078,49,0,8,1,64,,295046,49,0,8,1,29,,295084,49,0,8,2,69,,295042,49,0,8,1,29,,295079,49,0,8,1,70,,295047,49,0,8,1,30,,295077,49,0,8,2,70,,295043,49,0,8,1
3303,'H54S200F-80-F2',605,,295093,49,0,8,1,32,,295099,49,0,8,1,68,,295117,49,0,8,1,28,,295089,45,0,8,1,70,,295094,45,0,8,1,32,,295100,45,0,8,1,72,,295118,45,0,8,1,27,,295090,45,0,8,1,22,,295113,45,0,8,1,62,,295095,45,0,8,1,24,,295101,45,0,8,1,58,,295125,45,0,8,1,17,,295119,45,0,8,1,17,,295130,45,0,8,2,18,,295091,45,0,8,1,59,,295114,45,0,8,1,18,,295134,45,0,8,1,18,,295096,45,0,8,1,57,,295102,45,0,8,1,17,,295126,45,0,8,1,14,,295123,45,0,8,1,14,,295120,45,0,8,1,55,,295131,45,0,8,2,16,,295092,45,0,8,1,14,,295115,45,0,8,1,15,,295135,45,0,8,1,54,,295137,45,0,8,1,15,,295097,45,0,8,1,13,,295139,45,0,8,2,13,,295103,45,0,8,1,12,,295127,45,0,8,1,52,,295124,45,0,8,1,13,,295148,45,0,8,1,12,,295121,45,0,8,1,11,,295132,45,0,8,2,10,,295116,45,0,8,1,51,,295136,45,0,8,1,11,,295141,45,0,8,2,11,,295138,45,0,8,1,12,,295098,45,0,8,1,12,,295140,45,0,8,2,52,,295104,45,0,8,1,13,,295128,45,0,8,1,12,,295146,45,0,8,1,13,,295086,45,0,8,2,13,,295122,45,0,8,1,55,,295133,45,0,8,2,16,,295109,45,0,8,1,16,,295085,49,0,8,1,16,,295145,49,0,8,1,58,,295105,49,0,8,1,20,,295129,49,0,8,1,23,,295087,49,0,8,2,65,,295110,49,0,8,1,21,,295147,49,0,8,1,60,,295088,49,0,8,2,21,,295106,49,0,8,1,28,,295143,49,0,8,1,64,,295111,49,0,8,1,29,,295149,49,0,8,2,69,,295107,49,0,8,1,29,,295144,49,0,8,1,70,,295112,49,0,8,1,30,,295142,49,0,8,2,70,,295108,49,0,8,1
3303,'H57S000S-80-S',824,,295150,45,0,8,1,819,,295151,45,0,8,1
3303,'H59S000S-80-S',1623,,295152,45,0,8,2,98,,295153,45,0,8,1
4001,'H54S000S-80-S',552,,297541,3,0,5,2,72,,297533,3,0,5,1,76,,297521,3,0,5,2,38,,297522,3,0,53 111,1,81,,297534,3,0,5,1,81,,297520,3,0,5,2,41,,297523,3,0,5,1,80,,297535,3,0,5,1,81,,297528,3,0,5,1,41,,297524,3,0,5,1,81,,297536,3,0,5,1,80,,297529,3,0,5,1,40,,297525,3,0,5,1,80,,297537,3,0,5,1,80,,297530,3,0,5,1,41,,297526,3,0,5,1,65,,297538,3,0,5,1,24,,297539,3,0,5,2,75,,297531,3,0,5,2,37,,297527,3,0,5,1,76,,297540,3,0,5,2,34,,297532,3,0,5,2
4301,'H58S000A-80-A',629,,297722,29,0,5,2,73,,297709,29,0,5,1,33,,297715,29,0,5,2,74,,297723,29,0,5,1,35,,297730,29,0,5,2,75,,297736,29,0,5,1,30,,297710,29,0,5,1,70,,297716,29,0,5,2,30,,297724,29,0,5,1,75,,297731,29,0,5,2,33,,297737,29,0,5,1,73,,297711,29,0,5,1,73,,297717,29,0,5,2,33,,297725,29,0,5,1,73,,297732,29,0,5,2,30,,297738,29,0,5,1,69,,297712,29,0,5,1,30,,297718,29,0,5,2,70,,297726,29,0,5,1,30,,297733,29,0,5,2,68,,297739,29,0,5,1,28,,297713,29,0,5,1,67,,297719,29,0,5,2,29,,297727,29,0,5,1,29,,297734,29,0,5,2,70,,297740,29,0,5,1,72,,297714,29,0,5,1,30,,297720,29,0,5,2,69,,297728,29,0,5,1,30,,297735,29,0,5,2,70,,297742,29,0,5,1,30,,297741,29,0,5,2,94,,297729,29,0,5,1,93,,297743,29,0,5,1,96,,297721,29,0,5,1,94,,297744,29,0,5,1
4301,'H58S000I-80-I',704,,297761,29,0,5,2,34,,297751,29,0,5,1,72,,297760,29,0,5,2,33,,297768,29,0,5,1,75,,297762,29,0,5,2,33,,297752,29,0,5,1,72,,297759,29,0,5,1,32,,297773,29,0,5,1,72,,297769,29,0,5,1,32,,297763,29,0,5,2,71,,297753,29,0,5,1,71,,297746,29,0,5,1,30,,297774,29,0,5,1,71,,297770,29,0,5,1,29,,297764,29,0,5,2,70,,297754,29,0,5,1,31,,297747,29,0,5,1,70,,297775,29,0,5,1,30,,297771,29,0,5,1,26,,297765,29,0,5,2,69,,297755,29,0,5,1,28,,297748,29,0,5,1,68,,297776,29,0,5,1,28,,297772,29,0,5,1,70,,297766,29,0,5,2,31,,297756,29,0,5,1,71,,297749,29,0,5,1,31,,297777,29,0,5,1,71,,297779,29,0,5,2,29,,297745,29,0,5,2,70,,297757,29,0,5,1,93,,297767,29,0,5,1,91,,297750,29,0,5,1,93,,297758,29,0,5,1,53,,297778,29,0,5,2
4301,'H58S000S-83-S',600,,297794,29,0,5,2,22,,297800,29,0,5,1,29,,297787,29,0,5,1,74,,297796,29,0,5,1,34,,297781,29,0,5,1,71,,297795,29,0,5,2,10,,297803,29,0,5,2,10,,297807,29,0,5,1,66,,297801,29,0,5,1,28,,297788,29,0,5,1,69,,297797,29,0,5,1,28,,297782,29,0,5,1,68,,297804,29,0,5,2,30,,297802,29,0,5,1,71,,297808,29,0,5,2,30,,297789,29,0,5,1,70,,297798,29,0,5,1,30,,297783,29,0,5,1,71,,297805,29,0,5,2,30,,297806,29,0,5,1,68,,297809,29,0,5,2,30,,297790,29,0,5,1,69,,297799,29,0,5,1,29,,297784,29,0,5,1,73,,297786,29,0,5,1,31,,297810,29,0,5,2,69,,297792,29,0,5,2,30,,297791,29,0,5,1,69,,297812,29,0,5,2,31,,297785,29,0,5,1,72,,297811,29,0,5,2,32,,297793,29,0,5,2,68,,297816,29,0,5,1,30,,297813,29,0,5,2,79,,297815,29,0,5,1,84,,297817,29,0,5,1,52,,297814,29,0,5,2,98,,297818,29,0,5,1,100,,297780,29,0,5,1
4301,'H58S100F-80-F1',556,,297825,29,0,5,1,62,,297820,29,0,5,1,29,,297823,29,0,5,2,70,,297827,29,0,5,2,34,,297835,29,0,5,1,71,,297819,29,0,5,2,20,,297831,29,0,5,2,70,,297841,29,0,5,1,30,,297821,29,0,5,1,69,,297828,29,0,5,2,28,,297836,29,0,5,1,68,,297832,29,0,5,2,30,,297842,29,0,5,1,70,,297840,29,0,5,1,30,,297822,29,0,5,1,71,,297829,29,0,5,2,31,,297837,29,0,5,1,71,,297833,29,0,5,2,29,,297843,29,0,5,1,68,,297848,29,0,5,1,29,,297850,29,0,5,2,69,,297830,29,0,5,2,28,,297838,29,0,5,1,71,,297834,29,0,5,2,32,,297849,29,0,5,1,69,,297851,29,0,5,2,32,,297826,29,0,5,2,70,,297839,29,0,5,1,33,,297852,29,0,5,2,72,,297824,29,0,5,1,32,,297855,29,0,5,1,70,,297844,29,0,5,1,30,,297854,29,0,5,2,78,,297853,29,0,5,2,86,,297856,29,0,5,1,50,,297845,29,0,5,1,100,,297847,29,0,5,1,96,,297846,29,0,5,1
4301,'H58S200F-80-F2',556,,297879,29,0,5,1,62,,297884,29,0,5,1,29,,297859,29,0,5,2,70,,297860,29,0,5,2,34,,297868,29,0,5,1,71,,297880,29,0,5,2,20,,297864,29,0,5,2,70,,297892,29,0,5,1,30,,297881,29,0,5,1,69,,297861,29,0,5,2,28,,297869,29,0,5,1,68,,297865,29,0,5,2,30,,297893,29,0,5,1,70,,297885,29,0,5,1,30,,297882,29,0,5,1,71,,297862,29,0,5,2,31,,297870,29,0,5,1,71,,297866,29,0,5,2,29,,297894,29,0,5,1,68,,297873,29,0,5,1,29,,297875,29,0,5,2,69,,297863,29,0,5,2,28,,297871,29,0,5,1,71,,297867,29,0,5,2,32,,297874,29,0,5,1,69,,297876,29,0,5,2,32,,297891,29,0,5,2,70,,297872,29,0,5,1,33,,297857,29,0,5,2,72,,297886,29,0,5,1,32,,297877,29,0,5,1,70,,297887,29,0,5,1,30,,297883,29,0,5,2,78,,297858,29,0,5,2,86,,297878,29,0,5,1,50,,297888,29,0,5,1,100,,297890,29,0,5,1,96,,297889,29,0,5,1
6901,'H50S000A-82-A',554,,307263,51,0,5,1,72,,307266,51,0,5,2,32,,307203,51,0,5,2,69,,307204,51,0,5,1,30,,307264,51,0,5,1,71,,307210,51,0,5,2,30,,307260,51,0,5,2,67,,307217,51,0,5,2,24,,307205,51,0,5,1,61,,307224,51,0,5,1,19,,307227,51,0,5,1,20,,307211,51,0,5,2,61,,307261,51,0,5,2,21,,307229,51,0,5,1,20,,307218,51,0,5,2,60,,307206,51,0,5,1,20,,307225,51,0,5,1,20,,307228,51,0,5,1,59,,307212,51,0,5,2,14,,307262,51,0,5,2,14,,307238,51,0,5,1,12,,307230,51,0,5,1,52,,307241,51,0,5,1,12,,307219,51,0,5,2,13,,307207,51,0,5,1,12,,307244,51,0,5,1,12,,307226,51,0,5,1,54,,307232,51,0,5,1,14,,307247,51,0,5,1,16,,307213,51,0,5,2,15,,307250,51,0,5,2,51,,307239,51,0,5,1,10,,307231,51,0,5,1,10,,307242,51,0,5,1,10,,307220,51,0,5,2,10,,307259,51,0,5,1,10,,307208,51,0,5,1,55,,307245,51,0,5,1,15,,307233,51,0,5,1,14,,307248,51,0,5,1,16,,307214,51,0,5,2,55,,307251,51,0,5,2,15,,307240,51,0,5,1,12,,307255,51,0,5,1,12,,307243,51,0,5,1,12,,307221,51,0,5,2,52,,307209,51,0,5,1,12,,307246,51,0,5,1,12,,307234,51,0,5,1,12,,307249,51,0,5,1,56,,307215,51,0,5,2,21,,307252,51,0,5,2,24,,307256,51,0,5,1,66,,307222,51,0,5,2,27,,307235,51,0,5,1,67,,307216,51,0,5,2,25,,307253,51,0,5,2,69,,307257,51,0,5,1,30,,307223,51,0,5,2,71,,307236,51,0,5,1,31,,307254,51,0,5,2,70,,307258,51,0,5,1,27,,307267,51,0,5,1,27,,307237,51,0,5,1,62,,307265,51,0,5,1
6901,'H50S000I-82-I',550,,307270,51,0,5,2,72,,307314,51,0,5,1,32,,307268,51,0,5,2,74,,307323,51,0,5,1,73,,307271,51,0,5,2,32,,307315,51,0,5,1,69,,307269,51,0,5,2,30,,307284,51,0,5,2,68,,307276,51,0,5,1,27,,307272,51,0,5,2,25,,307316,51,0,5,1,66,,307289,51,0,5,1,29,,307285,51,0,5,2,70,,307277,51,0,5,1,28,,307273,51,0,5,2,64,,307301,51,0,5,1,22,,307290,51,0,5,1,16,,307296,51,0,5,1,55,,307286,51,0,5,2,15,,307299,51,0,5,1,15,,307278,51,0,5,1,15,,307318,51,0,5,2,55,,307274,51,0,5,2,15,,307305,51,0,5,2,15,,307302,51,0,5,1,15,,307291,51,0,5,1,55,,307297,51,0,5,1,15,,307287,51,0,5,2,15,,307300,51,0,5,1,15,,307279,51,0,5,1,54,,307310,51,0,5,2,12,,307319,51,0,5,2,11,,307303,51,0,5,1,12,,307275,51,0,5,2,11,,307306,51,0,5,2,56,,307292,51,0,5,1,16,,307298,51,0,5,1,15,,307320,51,0,5,2,15,,307288,51,0,5,2,55,,307280,51,0,5,1,16,,307311,51,0,5,2,19,,307304,51,0,5,1,20,,307307,51,0,5,2,60,,307293,51,0,5,1,20,,307317,51,0,5,1,61,,307321,51,0,5,2,26,,307281,51,0,5,1,30,,307312,51,0,5,2,71,,307308,51,0,5,2,31,,307294,51,0,5,1,72,,307282,51,0,5,1,70,,307313,51,0,5,2,30,,307309,51,0,5,2,28,,307295,51,0,5,1,68,,307283,51,0,5,1,24,,307322,51,0,5,2
6901,'H50S000S-82-S',538,,307333,51,0,5,1,72,,307344,51,0,5,2,30,,307326,51,0,5,1,16,,307328,51,0,5,2,54,,307341,51,0,5,2,13,,307365,51,0,5,2,11,,307343,51,0,5,1,13,,307352,51,0,5,1,10,,307334,51,0,5,1,50,,307374,51,0,5,1,5,,307353,51,0,5,1,5,,307363,51,0,5,1,10,,307417,51,0,5,2,5,,307388,51,0,5,2,7,,307345,51,0,5,2,7,,307364,51,0,5,1,6,,307358,51,0,5,1,6,,307370,51,0,5,1,47,,307327,51,0,5,1,9,,307412,51,0,5,2,10,,307329,51,0,5,2,8,,307382,51,0,5,2,11,,307387,51,0,5,1,13,,307393,51,0,5,2,57,,307342,51,0,5,2,17,,307335,51,0,5,1,15,,307375,51,0,5,1,56,,307389,51,0,5,2,16,,307346,51,0,5,2,16,,307359,51,0,5,1,14,,307366,51,0,5,2,54,,307330,51,0,5,2,14,,307383,51,0,5,2,15,,307394,51,0,5,2,15,,307354,51,0,5,1,12,,307336,51,0,5,1,52,,307371,51,0,5,1,11,,307376,51,0,5,1,11,,307390,51,0,5,2,11,,307347,51,0,5,2,9,,307401,51,0,5,1,49,,307360,51,0,5,1,10,,307367,51,0,5,2,10,,307403,51,0,5,2,9,,307331,51,0,5,2,9,,307384,51,0,5,2,9,,307408,51,0,5,1,9,,307395,51,0,5,2,49,,307400,51,0,5,1,11,,307355,51,0,5,1,11,,307337,51,0,5,1,11,,307372,51,0,5,1,10,,307377,51,0,5,1,8,,307415,51,0,5,1,48,,307391,51,0,5,2,8,,307348,51,0,5,2,8,,307402,51,0,5,1,8,,307361,51,0,5,1,8,,307399,51,0,5,1,7,,307368,51,0,5,2,15,,307404,51,0,5,2,47,,307332,51,0,5,2,7,,307385,51,0,5,2,8,,307409,51,0,5,1,9,,307396,51,0,5,2,20,,307356,51,0,5,1,60,,307338,51,0,5,1,10,,307373,51,0,5,1,9,,307378,51,0,5,1,11,,307392,51,0,5,2,10,,307349,51,0,5,2,10,,307362,51,0,5,1,49,,307419,51,0,5,1,9,,307369,51,0,5,2,9,,307405,51,0,5,2,15,,307386,51,0,5,2,15,,307397,51,0,5,2,56,,307357,51,0,5,1,16,,307339,51,0,5,1,15,,307418,51,0,5,2,15,,307379,51,0,5,1,55,,307414,51,0,5,1,13,,307350,51,0,5,2,13,,307406,51,0,5,2,14,,307413,51,0,5,1,54,,307398,51,0,5,2,14,,307410,51,0,5,2,16,,307340,51,0,5,1,20,,307324,51,0,5,1,60,,307380,51,0,5,1,22,,307351,51,0,5,2,63,,307407,51,0,5,2,30,,307411,51,0,5,2,68,,307325,51,0,5,1,29,,307381,51,0,5,1,23,,307416,51,0,5,1
6901,'H50S100F-80-F1',550,,307422,51,0,5,2,72,,307466,51,0,5,1,32,,307420,51,0,5,2,74,,307475,51,0,5,1,73,,307423,51,0,5,2,32,,307467,51,0,5,1,69,,307421,51,0,5,2,30,,307436,51,0,5,2,68,,307428,51,0,5,1,27,,307424,51,0,5,2,25,,307468,51,0,5,1,66,,307441,51,0,5,1,29,,307437,51,0,5,2,70,,307429,51,0,5,1,28,,307425,51,0,5,2,64,,307453,51,0,5,1,22,,307442,51,0,5,1,16,,307448,51,0,5,1,55,,307438,51,0,5,2,15,,307451,51,0,5,1,15,,307430,51,0,5,1,15,,307470,51,0,5,2,55,,307426,51,0,5,2,15,,307457,51,0,5,2,15,,307454,51,0,5,1,15,,307443,51,0,5,1,55,,307449,51,0,5,1,15,,307439,51,0,5,2,15,,307452,51,0,5,1,15,,307431,51,0,5,1,54,,307462,51,0,5,2,12,,307471,51,0,5,2,11,,307455,51,0,5,1,12,,307427,51,0,5,2,11,,307458,51,0,5,2,56,,307444,51,0,5,1,16,,307450,51,0,5,1,15,,307472,51,0,5,2,15,,307440,51,0,5,2,55,,307432,51,0,5,1,16,,307463,51,0,5,2,19,,307456,51,0,5,1,20,,307459,51,0,5,2,60,,307445,51,0,5,1,20,,307469,51,0,5,1,61,,307473,51,0,5,2,26,,307433,51,0,5,1,30,,307464,51,0,5,2,71,,307460,51,0,5,2,31,,307446,51,0,5,1,72,,307434,51,0,5,1,70,,307465,51,0,5,2,30,,307461,51,0,5,2,28,,307447,51,0,5,1,68,,307435,51,0,5,1,24,,307474,51,0,5,2
6901,'H50S200F-80-F2',550,,307478,51,0,5,2,72,,307522,51,0,5,1,32,,307476,51,0,5,2,74,,307531,51,0,5,1,73,,307479,51,0,5,2,32,,307523,51,0,5,1,69,,307477,51,0,5,2,30,,307492,51,0,5,2,68,,307484,51,0,5,1,27,,307480,51,0,5,2,25,,307524,51,0,5,1,66,,307497,51,0,5,1,29,,307493,51,0,5,2,70,,307485,51,0,5,1,28,,307481,51,0,5,2,64,,307509,51,0,5,1,22,,307498,51,0,5,1,16,,307504,51,0,5,1,55,,307494,51,0,5,2,15,,307507,51,0,5,1,15,,307486,51,0,5,1,15,,307526,51,0,5,2,55,,307482,51,0,5,2,15,,307513,51,0,5,2,15,,307510,51,0,5,1,15,,307499,51,0,5,1,55,,307505,51,0,5,1,15,,307495,51,0,5,2,15,,307508,51,0,5,1,15,,307487,51,0,5,1,54,,307518,51,0,5,2,12,,307527,51,0,5,2,11,,307511,51,0,5,1,12,,307483,51,0,5,2,11,,307514,51,0,5,2,56,,307500,51,0,5,1,16,,307506,51,0,5,1,15,,307528,51,0,5,2,15,,307496,51,0,5,2,55,,307488,51,0,5,1,16,,307519,51,0,5,2,19,,307512,51,0,5,1,20,,307515,51,0,5,2,60,,307501,51,0,5,1,20,,307525,51,0,5,1,61,,307529,51,0,5,2,26,,307489,51,0,5,1,30,,307520,51,0,5,2,71,,307516,51,0,5,2,31,,307502,51,0,5,1,72,,307490,51,0,5,1,70,,307521,51,0,5,2,30,,307517,51,0,5,2,28,,307503,51,0,5,1,68,,307491,51,0,5,1,24,,307530,51,0,5,2
6901,'H54S000S-80-S',1651,,307532,51,0,5,1,108,,307533,51,0,5,2
6901,'H58S000S-83-S',802,,307536,51,0,5,2,20,,307534,51,0,5,2,917,,307535,51,0,5,2
