13603,'H51S000S-81-S',1633,,324559,17,0,8,2,88,,324560,17,0,8,2
13603,'H58S000S-83-S',1803,,324561,17,0,8,1
13603,'H59S000A-80-A',554,,324562,17,0,8,2,69,,324572,17,0,8,1,31,,324582,17,0,8,1,69,,324563,17,0,8,2,30,,324573,17,0,8,1,69,,324593,17,0,8,1,30,,324564,17,0,8,2,71,,324574,17,0,8,1,31,,324594,17,0,8,1,71,,324565,17,0,8,2,32,,324575,17,0,8,1,71,,324595,17,0,8,1,31,,324566,17,0,8,2,67,,324576,17,0,8,1,24,,324596,17,0,8,1,64,,324607,17,0,8,1,23,,324611,17,0,8,2,22,,324577,17,0,8,1,61,,324597,17,0,8,1,20,,324567,17,0,8,2,19,,324608,17,0,8,1,58,,324612,17,0,8,2,18,,324578,17,0,8,1,19,,324598,17,0,8,1,56,,324568,17,0,8,2,17,,324609,17,0,8,1,15,,324613,17,0,8,2,15,,324579,17,0,8,1,57,,324599,17,0,8,1,11,,324617,17,0,8,2,11,,324569,17,0,8,2,10,,324614,17,0,8,2,11,,324610,17,0,8,1,53,,324588,17,0,8,1,15,,324580,17,0,8,1,13,,324600,17,0,8,1,13,,324581,17,0,8,2,53,,324615,17,0,8,2,14,,324571,17,0,8,1,14,,324589,17,0,8,1,14,,324587,17,0,8,1,56,,324601,17,0,8,1,22,,324616,17,0,8,2,23,,324590,17,0,8,1,64,,324602,17,0,8,1,23,,324570,17,0,8,2,23,,324583,17,0,8,1,62,,324591,17,0,8,1,22,,324603,17,0,8,1,65,,324584,17,0,8,1,32,,324592,17,0,8,1,68,,324604,17,0,8,1,30,,324585,17,0,8,1,70,,324605,17,0,8,1,30,,324586,17,0,8,1,71,,324606,17,0,8,1
13603,'H59S000I-81-I',553,,324618,17,0,8,2,69,,324626,17,0,8,1,30,,324619,17,0,8,2,69,,324627,17,0,8,1,32,,324620,17,0,8,2,71,,324628,17,0,8,1,32,,324621,17,0,8,2,72,,324629,17,0,8,1,29,,324638,17,0,8,1,68,,324622,17,0,8,2,27,,324630,17,0,8,1,64,,324639,17,0,8,1,12,,324631,17,0,8,1,72,,324651,17,0,8,2,33,,324640,17,0,8,1,73,,324632,17,0,8,1,30,,324652,17,0,8,2,70,,324641,17,0,8,1,26,,324633,17,0,8,1,24,,324653,17,0,8,2,65,,324656,17,0,8,2,19,,324634,17,0,8,1,16,,324642,17,0,8,1,56,,324659,17,0,8,1,17,,324654,17,0,8,2,18,,324657,17,0,8,2,58,,324643,17,0,8,1,18,,324635,17,0,8,1,18,,324655,17,0,8,2,17,,324660,17,0,8,1,58,,324644,17,0,8,1,18,,324658,17,0,8,2,19,,324636,17,0,8,1,60,,324661,17,0,8,1,19,,324623,17,0,8,2,19,,324645,17,0,8,1,61,,324637,17,0,8,1,21,,324624,17,0,8,2,23,,324662,17,0,8,1,62,,324646,17,0,8,1,23,,324625,17,0,8,2,64,,324663,17,0,8,1,30,,324647,17,0,8,1,71,,324664,17,0,8,2,30,,324648,17,0,8,1,69,,324665,17,0,8,2,30,,324649,17,0,8,1,68,,324666,17,0,8,2,31,,324650,17,0,8,1
13603,'H59S000S-80-S',555,,324676,17,0,8,2,68,,324688,17,0,8,1,29,,324675,17,0,8,1,63,,324677,17,0,8,2,28,,324689,17,0,8,1,16,,324690,17,0,8,2,63,,324691,17,0,8,2,23,,324678,17,0,8,2,64,,324671,17,0,8,2,28,,324729,17,0,8,1,69,,324679,17,0,8,2,27,,324692,17,0,8,1,26,,324730,17,0,8,1,64,,324683,17,0,8,1,25,,324680,17,0,8,2,65,,324693,17,0,8,1,24,,324731,17,0,8,1,63,,324684,17,0,8,1,22,,324697,17,0,8,1,20,,324681,17,0,8,2,17,,324694,17,0,8,1,55,,324732,17,0,8,1,15,,324685,17,0,8,1,15,,324706,17,0,8,2,56,,324698,17,0,8,1,15,,324668,17,0,8,2,10,,324682,17,0,8,2,10,,324673,17,0,8,1,11,,324695,17,0,8,1,9,,324710,17,0,8,2,48,,324686,17,0,8,1,8,,324672,17,0,8,2,8,,324707,17,0,8,2,7,,324728,17,0,8,2,13,,324699,17,0,8,1,6,,324670,17,0,8,2,6,,324669,17,0,8,2,6,,324720,17,0,8,2,45,,324719,17,0,8,2,6,,324674,17,0,8,2,6,,324711,17,0,8,2,14,,324696,17,0,8,1,8,,324733,17,0,8,1,5,,324687,17,0,8,1,8,,324722,17,0,8,2,7,,324708,17,0,8,2,55,,324700,17,0,8,1,9,,324667,17,0,8,1,9,,324721,17,0,8,2,9,,324713,17,0,8,1,9,,324712,17,0,8,2,12,,324723,17,0,8,2,52,,324734,17,0,8,1,15,,324709,17,0,8,2,18,,324701,17,0,8,1,58,,324714,17,0,8,1,17,,324735,17,0,8,1,19,,324724,17,0,8,2,21,,324702,17,0,8,1,61,,324736,17,0,8,1,20,,324715,17,0,8,1,18,,324725,17,0,8,2,58,,324703,17,0,8,1,19,,324737,17,0,8,1,21,,324726,17,0,8,2,63,,324716,17,0,8,1,24,,324704,17,0,8,1,65,,324727,17,0,8,2,27,,324717,17,0,8,1,71,,324705,17,0,8,1,33,,324718,17,0,8,1
13603,'H59S100F-80-F1',553,,324761,17,0,8,2,69,,324738,17,0,8,1,30,,324762,17,0,8,2,69,,324739,17,0,8,1,32,,324763,17,0,8,2,71,,324740,17,0,8,1,32,,324764,17,0,8,2,72,,324741,17,0,8,1,29,,324743,17,0,8,1,68,,324765,17,0,8,2,27,,324742,17,0,8,1,64,,324744,17,0,8,1,12,,324769,17,0,8,1,72,,324756,17,0,8,2,33,,324745,17,0,8,1,73,,324770,17,0,8,1,30,,324757,17,0,8,2,70,,324746,17,0,8,1,26,,324771,17,0,8,1,24,,324758,17,0,8,2,65,,324776,17,0,8,2,19,,324772,17,0,8,1,16,,324747,17,0,8,1,56,,324779,17,0,8,1,17,,324759,17,0,8,2,18,,324777,17,0,8,2,58,,324748,17,0,8,1,18,,324773,17,0,8,1,18,,324760,17,0,8,2,17,,324780,17,0,8,1,58,,324749,17,0,8,1,18,,324778,17,0,8,2,19,,324774,17,0,8,1,60,,324781,17,0,8,1,19,,324766,17,0,8,2,19,,324750,17,0,8,1,61,,324775,17,0,8,1,21,,324767,17,0,8,2,23,,324782,17,0,8,1,62,,324751,17,0,8,1,23,,324768,17,0,8,2,64,,324783,17,0,8,1,30,,324752,17,0,8,1,71,,324784,17,0,8,2,30,,324753,17,0,8,1,69,,324785,17,0,8,2,30,,324754,17,0,8,1,68,,324786,17,0,8,2,31,,324755,17,0,8,1
13603,'H59S200F-80-F2',553,,324810,17,0,8,2,69,,324787,17,0,8,1,30,,324811,17,0,8,2,69,,324788,17,0,8,1,32,,324812,17,0,8,2,71,,324789,17,0,8,1,32,,324813,17,0,8,2,72,,324790,17,0,8,1,29,,324792,17,0,8,1,68,,324814,17,0,8,2,27,,324791,17,0,8,1,64,,324793,17,0,8,1,12,,324818,17,0,8,1,72,,324805,17,0,8,2,33,,324794,17,0,8,1,73,,324819,17,0,8,1,30,,324806,17,0,8,2,70,,324795,17,0,8,1,26,,324820,17,0,8,1,24,,324807,17,0,8,2,65,,324825,17,0,8,2,19,,324821,17,0,8,1,16,,324796,17,0,8,1,56,,324828,17,0,8,1,17,,324808,17,0,8,2,18,,324826,17,0,8,2,58,,324797,17,0,8,1,18,,324822,17,0,8,1,18,,324809,17,0,8,2,17,,324829,17,0,8,1,58,,324798,17,0,8,1,18,,324827,17,0,8,2,19,,324823,17,0,8,1,60,,324830,17,0,8,1,19,,324815,17,0,8,2,19,,324799,17,0,8,1,61,,324824,17,0,8,1,21,,324816,17,0,8,2,23,,324831,17,0,8,1,62,,324800,17,0,8,1,23,,324817,17,0,8,2,64,,324832,17,0,8,1,30,,324801,17,0,8,1,71,,324833,17,0,8,2,30,,324802,17,0,8,1,69,,324834,17,0,8,2,30,,324803,17,0,8,1,68,,324835,17,0,8,2,31,,324804,17,0,8,1
18801,'H50S000S-82-S',1601,,336238,16,0,99 49,2
18801,'H51S000S-81-S',1519,,336239,16,0,99 49,2
18801,'H54S000S-80-S',601,,336245,16,0,99 48,2,33,,336240,16,0,99 48,1,77,,336248,16,0,99 48,2,36,,336246,16,0,99 48,2,75,,336241,16,0,99 48,1,31,,336249,16,0,99 48,2,79,,336247,16,0,99 48,2,708,,336250,16,0,99 49,1,76,,336251,16,0,99 49,2,32,,336243,16,0,99 49,2,75,,336242,16,0,99 49,1,35,,336244,16,0,99 49,2
