18002,'H58S000A-80-A',547,,334546,26,0,10,2,71,,334541,26,0,10,1,33,,334547,26,0,10,2,72,,334542,26,0,10,1,27,,334549,26,0,10,1,66,,334548,26,0,10,2,30,,334543,26,0,10,1,67,,334550,26,0,10,1,29,,334555,26,0,10,1,71,,334544,26,0,10,1,32,,334551,26,0,10,1,73,,334556,26,0,10,1,32,,334545,26,0,10,1,74,,334559,26,0,10,2,31,,334562,26,0,10,2,73,,334563,26,0,10,1,73,,334560,26,0,10,2,33,,334568,26,0,10,1,73,,334564,26,0,10,1,33,,334561,26,0,10,2,73,,334569,26,0,10,1,33,,334570,26,0,10,2,73,,334557,26,0,10,1,32,,334571,26,0,10,2,72,,334534,26,0,10,2,32,,334558,26,0,10,1,66,,334572,26,0,10,2,30,,334535,26,0,10,2,69,,334538,26,0,10,1,29,,334573,26,0,10,2,67,,334536,26,0,10,2,26,,334539,26,0,10,1,67,,334574,26,0,10,2,27,,334537,26,0,10,2,66,,334540,26,0,10,1,26,,334575,26,0,10,2,27,,334552,26,0,10,1,62,,334565,26,0,10,1,27,,334553,26,0,10,1,71,,334566,26,0,10,1,31,,334554,26,0,10,1,70,,334567,26,0,10,1
18002,'H58S000I-80-I',619,,334598,26,0,10,2,33,,334586,26,0,10,1,73,,334599,26,0,10,2,32,,334587,26,0,10,1,73,,334600,26,0,10,2,72,,334588,26,0,10,1,27,,334576,26,0,10,1,27,,334601,26,0,10,2,68,,334589,26,0,10,1,28,,334577,26,0,10,1,70,,334602,26,0,10,2,29,,334590,26,0,10,1,69,,334578,26,0,10,1,31,,334603,26,0,10,2,71,,334591,26,0,10,1,30,,334579,26,0,10,1,70,,334604,26,0,10,2,30,,334592,26,0,10,1,71,,334580,26,0,10,1,30,,334605,26,0,10,2,70,,334593,26,0,10,1,30,,334581,26,0,10,1,70,,334606,26,0,10,2,30,,334594,26,0,10,1,69,,334582,26,0,10,1,29,,334607,26,0,10,2,70,,334595,26,0,10,1,30,,334583,26,0,10,1,70,,334608,26,0,10,2,28,,334596,26,0,10,1,68,,334584,26,0,10,1,28,,334609,26,0,10,2,67,,334597,26,0,10,1,27,,334585,26,0,10,1,71,,334610,26,0,10,1,29,,334614,26,0,10,2,71,,334611,26,0,10,1,29,,334615,26,0,10,2,69,,334612,26,0,10,1,29,,334613,26,0,10,1
18002,'H58S000S-83-S',549,,334633,26,0,10,1,68,,334637,26,0,10,2,33,,334638,26,0,10,2,72,,334626,26,0,10,1,35,,334639,26,0,10,2,72,,334641,26,0,10,2,20,,334627,26,0,10,1,73,,334618,26,0,10,1,33,,334642,26,0,10,2,71,,334649,26,0,10,2,33,,334619,26,0,10,1,71,,334643,26,0,10,2,70,,334650,26,0,10,2,23,,334620,26,0,10,1,33,,334644,26,0,10,2,73,,334634,26,0,10,1,73,,334621,26,0,10,1,33,,334645,26,0,10,2,20,,334648,26,0,10,1,63,,334653,26,0,10,1,25,,334622,26,0,10,1,14,,334656,26,0,10,1,52,,334659,26,0,10,2,12,,334646,26,0,10,2,12,,334661,26,0,10,1,22,,334658,26,0,10,2,62,,334623,26,0,10,1,22,,334660,26,0,10,2,17,,334651,26,0,10,2,50,,334640,26,0,10,2,9,,334662,26,0,10,1,12,,334652,26,0,10,2,19,,334617,26,0,10,2,67,,334657,26,0,10,2,31,,334624,26,0,10,1,71,,334655,26,0,10,2,29,,334628,26,0,10,1,70,,334625,26,0,10,1,31,,334616,26,0,10,2,69,,334629,26,0,10,1,29,,334635,26,0,10,1,69,,334631,26,0,10,2,29,,334630,26,0,10,1,69,,334636,26,0,10,1,29,,334632,26,0,10,2,69,,334647,26,0,10,1,28,,334654,26,0,10,1
18002,'H58S100F-80-F1',619,,334684,26,0,10,2,33,,334675,26,0,10,1,73,,334685,26,0,10,2,32,,334676,26,0,10,1,73,,334686,26,0,10,2,72,,334677,26,0,10,1,27,,334665,26,0,10,1,27,,334687,26,0,10,2,68,,334678,26,0,10,1,28,,334666,26,0,10,1,70,,334688,26,0,10,2,29,,334679,26,0,10,1,69,,334667,26,0,10,1,31,,334689,26,0,10,2,71,,334680,26,0,10,1,30,,334668,26,0,10,1,70,,334690,26,0,10,2,30,,334681,26,0,10,1,71,,334669,26,0,10,1,30,,334700,26,0,10,2,70,,334682,26,0,10,1,30,,334670,26,0,10,1,70,,334701,26,0,10,2,30,,334683,26,0,10,1,69,,334671,26,0,10,1,29,,334702,26,0,10,2,70,,334697,26,0,10,2,30,,334672,26,0,10,1,70,,334695,26,0,10,2,28,,334698,26,0,10,2,68,,334673,26,0,10,1,28,,334696,26,0,10,2,67,,334699,26,0,10,2,27,,334674,26,0,10,1,71,,334692,26,0,10,1,29,,334663,26,0,10,1,71,,334693,26,0,10,1,29,,334664,26,0,10,1,69,,334694,26,0,10,1,29,,334691,26,0,10,1
18002,'H58S200F-80-F2',619,,334715,26,0,10,2,33,,334732,26,0,10,1,73,,334716,26,0,10,2,32,,334733,26,0,10,1,73,,334717,26,0,10,2,72,,334734,26,0,10,1,27,,334722,26,0,10,1,27,,334718,26,0,10,2,68,,334735,26,0,10,1,28,,334723,26,0,10,1,70,,334719,26,0,10,2,29,,334736,26,0,10,1,69,,334724,26,0,10,1,31,,334720,26,0,10,2,71,,334737,26,0,10,1,30,,334725,26,0,10,1,70,,334721,26,0,10,2,30,,334738,26,0,10,1,71,,334726,26,0,10,1,30,,334712,26,0,10,2,70,,334739,26,0,10,1,30,,334727,26,0,10,1,70,,334713,26,0,10,2,30,,334740,26,0,10,1,69,,334728,26,0,10,1,29,,334714,26,0,10,2,70,,334703,26,0,10,2,30,,334729,26,0,10,1,70,,334741,26,0,10,2,28,,334704,26,0,10,2,68,,334730,26,0,10,1,28,,334742,26,0,10,2,67,,334705,26,0,10,2,27,,334731,26,0,10,1,71,,334706,26,0,10,1,29,,334710,26,0,10,1,71,,334707,26,0,10,1,29,,334711,26,0,10,1,69,,334708,26,0,10,1,29,,334709,26,0,10,1
36503,'H58S000A-80-A',2658,,346842,51,0,8,1,72,,346840,51,0,8,1,73,,346841,51,0,8,1,31,,346844,51,0,8,1,76,,346839,51,0,8,1,37,,346843,51,0,8,1
36503,'H58S000I-80-I',2622,,346849,51,0,8,1,81,,346845,51,0,8,1,42,,346847,51,0,8,1,80,,346850,51,0,8,1,82,,346846,51,0,8,1,40,,346848,51,0,8,1
36503,'H58S000S-83-S',2625,,346852,51,0,8,1,79,,346854,51,0,8,1,40,,346856,51,0,8,1,80,,346851,51,0,8,1,80,,346853,51,0,8,1,42,,346855,51,0,8,1
36503,'H58S100F-80-F1',2622,,346861,51,0,8,1,81,,346859,51,0,8,1,42,,346857,51,0,8,1,80,,346862,51,0,8,1,82,,346860,51,0,8,1,40,,346858,51,0,8,1
36503,'H58S200F-80-F2',2622,,346867,51,0,8,1,81,,346863,51,0,8,1,42,,346865,51,0,8,1,80,,346868,51,0,8,1,82,,346864,51,0,8,1,40,,346866,51,0,8,1
