6403,'H50S000S-82-S',1543,,304748,16,0,8,2
6403,'H60S000A-80-A',541,,304749,16,0,8,1,72,,304760,16,0,8,2,31,,304750,16,0,8,1,73,,304761,16,0,8,2,32,,304793,16,0,8,1,69,,304802,16,0,8,2,25,,304782,16,0,8,1,59,,304803,16,0,8,2,15,,304815,16,0,8,2,18,,304783,16,0,8,1,19,,304804,16,0,8,2,60,,304784,16,0,8,1,14,,304751,16,0,8,1,10,,304805,16,0,8,2,10,,304794,16,0,8,1,10,,304785,16,0,8,1,51,,304752,16,0,8,1,11,,304806,16,0,8,2,11,,304795,16,0,8,1,10,,304786,16,0,8,1,11,,304753,16,0,8,1,51,,304807,16,0,8,2,11,,304796,16,0,8,1,10,,304787,16,0,8,1,11,,304754,16,0,8,1,7,,304816,16,0,8,2,7,,304808,16,0,8,2,8,,304797,16,0,8,1,54,,304788,16,0,8,1,14,,304817,16,0,8,2,8,,304755,16,0,8,1,10,,304798,16,0,8,1,11,,304809,16,0,8,2,51,,304789,16,0,8,1,11,,304818,16,0,8,2,11,,304756,16,0,8,1,11,,304799,16,0,8,1,12,,304810,16,0,8,2,50,,304790,16,0,8,1,11,,304757,16,0,8,1,11,,304800,16,0,8,1,12,,304811,16,0,8,2,11,,304791,16,0,8,1,11,,304758,16,0,8,1,50,,304801,16,0,8,1,8,,304821,16,0,8,2,9,,304812,16,0,8,2,9,,304792,16,0,8,1,9,,304762,16,0,8,1,8,,304759,16,0,8,1,9,,304822,16,0,8,2,48,,304819,16,0,8,2,8,,304813,16,0,8,2,11,,304764,16,0,8,1,10,,304763,16,0,8,1,9,,304823,16,0,8,2,9,,304820,16,0,8,2,47,,304814,16,0,8,2,8,,304769,16,0,8,1,10,,304765,16,0,8,1,10,,304766,16,0,8,2,11,,304824,16,0,8,2,11,,304770,16,0,8,1,50,,304780,16,0,8,2,10,,304767,16,0,8,2,11,,304826,16,0,8,1,11,,304771,16,0,8,1,12,,304781,16,0,8,2,10,,304768,16,0,8,2,52,,304827,16,0,8,1,17,,304772,16,0,8,1,23,,304828,16,0,8,1,63,,304773,16,0,8,1,20,,304829,16,0,8,1,20,,304825,16,0,8,2,57,,304774,16,0,8,1,19,,304830,16,0,8,1,22,,304775,16,0,8,1,60,,304831,16,0,8,1,20,,304776,16,0,8,1,16,,304832,16,0,8,1,60,,304777,16,0,8,1,16,,304833,16,0,8,1,19,,304778,16,0,8,1,19,,304834,16,0,8,1,60,,304779,16,0,8,1,21,,304835,16,0,8,1
6403,'H60S000I-81-I',541,,304836,16,0,8,1,72,,304837,16,0,8,1,33,,304838,16,0,8,1,72,,304851,16,0,8,2,31,,304839,16,0,8,1,71,,304852,16,0,8,2,29,,304840,16,0,8,1,63,,304853,16,0,8,2,20,,304841,16,0,8,1,17,,304874,16,0,8,1,56,,304854,16,0,8,2,15,,304842,16,0,8,1,13,,304875,16,0,8,1,13,,304855,16,0,8,2,54,,304843,16,0,8,1,13,,304876,16,0,8,1,15,,304856,16,0,8,2,16,,304844,16,0,8,1,56,,304877,16,0,8,1,17,,304857,16,0,8,2,18,,304845,16,0,8,1,18,,304878,16,0,8,1,56,,304858,16,0,8,2,16,,304889,16,0,8,2,14,,304846,16,0,8,1,13,,304879,16,0,8,1,52,,304859,16,0,8,2,11,,304890,16,0,8,2,11,,304847,16,0,8,1,11,,304880,16,0,8,1,11,,304860,16,0,8,2,11,,304891,16,0,8,2,52,,304848,16,0,8,1,12,,304881,16,0,8,1,12,,304861,16,0,8,2,13,,304892,16,0,8,2,53,,304849,16,0,8,1,13,,304882,16,0,8,1,13,,304862,16,0,8,2,12,,304893,16,0,8,2,12,,304850,16,0,8,1,50,,304883,16,0,8,1,11,,304863,16,0,8,2,10,,304902,16,0,8,1,9,,304898,16,0,8,2,9,,304894,16,0,8,2,8,,304884,16,0,8,1,8,,304864,16,0,8,2,49,,304903,16,0,8,1,11,,304899,16,0,8,2,9,,304895,16,0,8,2,10,,304885,16,0,8,1,13,,304904,16,0,8,1,54,,304900,16,0,8,2,14,,304886,16,0,8,1,13,,304896,16,0,8,2,13,,304905,16,0,8,1,15,,304887,16,0,8,1,56,,304897,16,0,8,2,16,,304906,16,0,8,1,19,,304888,16,0,8,1,58,,304867,16,0,8,1,21,,304907,16,0,8,1,20,,304868,16,0,8,1,62,,304901,16,0,8,2,19,,304908,16,0,8,1,19,,304869,16,0,8,1,59,,304909,16,0,8,1,21,,304870,16,0,8,1,26,,304865,16,0,8,1,63,,304871,16,0,8,1,23,,304866,16,0,8,1,62,,304872,16,0,8,1,34,,304873,16,0,8,1
6403,'H60S000S-83-S',543,,304913,16,0,8,1,72,,304916,16,0,8,1,31,,304952,16,0,8,1,71,,304960,16,0,8,2,32,,304961,16,0,8,1,72,,304949,16,0,8,2,15,,304974,16,0,8,1,15,,304910,16,0,8,1,52,,304964,16,0,8,1,11,,304950,16,0,8,2,10,,304975,16,0,8,1,11,,304911,16,0,8,1,14,,304965,16,0,8,1,57,,304976,16,0,8,1,11,,304912,16,0,8,1,17,,304966,16,0,8,1,16,,304977,16,0,8,1,66,,304967,16,0,8,1,14,,304924,16,0,8,1,15,,304917,16,0,8,1,13,,304953,16,0,8,1,52,,304968,16,0,8,1,10,,304925,16,0,8,1,12,,304918,16,0,8,1,15,,304954,16,0,8,1,55,,304969,16,0,8,1,13,,304926,16,0,8,1,12,,304919,16,0,8,1,11,,304955,16,0,8,1,11,,304970,16,0,8,1,51,,304927,16,0,8,1,10,,304920,16,0,8,1,11,,304956,16,0,8,1,11,,304971,16,0,8,1,12,,304928,16,0,8,1,12,,304921,16,0,8,1,53,,304957,16,0,8,1,11,,304972,16,0,8,1,7,,304935,16,0,8,1,9,,304929,16,0,8,1,12,,304922,16,0,8,1,4,,305000,16,0,8,1,4,,304985,16,0,8,1,45,,304958,16,0,8,1,6,,304979,16,0,8,2,6,,304995,16,0,8,2,7,,305002,16,0,8,2,5,,304973,16,0,8,2,4,,304930,16,0,8,1,5,,304994,16,0,8,2,5,,304951,16,0,8,1,5,,304923,16,0,8,1,5,,304933,16,0,8,1,5,,304959,16,0,8,1,46,,304978,16,0,8,2,5,,304996,16,0,8,2,4,,304914,16,0,8,2,6,,305007,16,0,8,2,6,,304931,16,0,8,1,6,,304937,16,0,8,1,6,,304987,16,0,8,2,7,,304934,16,0,8,1,7,,304932,16,0,8,1,8,,305005,16,0,8,2,45,,304915,16,0,8,2,6,,304936,16,0,8,1,6,,304986,16,0,8,2,7,,304938,16,0,8,1,8,,304948,16,0,8,1,8,,304984,16,0,8,1,9,,305006,16,0,8,2,8,,305004,16,0,8,1,48,,305003,16,0,8,2,7,,304999,16,0,8,2,7,,304939,16,0,8,1,10,,305001,16,0,8,1,12,,304943,16,0,8,1,12,,304941,16,0,8,1,52,,304940,16,0,8,1,12,,304962,16,0,8,1,14,,304944,16,0,8,1,14,,304991,16,0,8,1,14,,304963,16,0,8,1,54,,304980,16,0,8,1,15,,304992,16,0,8,1,18,,304990,16,0,8,1,18,,304981,16,0,8,1,58,,304988,16,0,8,1,16,,304993,16,0,8,1,17,,304982,16,0,8,1,57,,304989,16,0,8,1,18,,304942,16,0,8,1,11,,304983,16,0,8,1,23,,304945,16,0,8,1,63,,304997,16,0,8,2,23,,304946,16,0,8,1,61,,304998,16,0,8,2,32,,304947,16,0,8,1
6403,'H60S100F-80-F1',541,,305015,16,0,8,1,72,,305031,16,0,8,1,33,,305034,16,0,8,2,72,,305049,16,0,8,1,31,,305035,16,0,8,2,71,,305050,16,0,8,1,29,,305036,16,0,8,2,63,,305051,16,0,8,1,20,,305037,16,0,8,2,17,,305016,16,0,8,1,56,,305052,16,0,8,1,15,,305038,16,0,8,2,13,,305017,16,0,8,1,13,,305053,16,0,8,1,54,,305039,16,0,8,2,13,,305018,16,0,8,1,15,,305054,16,0,8,1,16,,305040,16,0,8,2,56,,305019,16,0,8,1,17,,305055,16,0,8,1,18,,305041,16,0,8,2,18,,305020,16,0,8,1,56,,305056,16,0,8,1,16,,305065,16,0,8,2,15,,305042,16,0,8,2,12,,305021,16,0,8,1,52,,305057,16,0,8,1,11,,305066,16,0,8,2,11,,305043,16,0,8,2,11,,305022,16,0,8,1,11,,305058,16,0,8,1,11,,305067,16,0,8,2,52,,305044,16,0,8,2,12,,305023,16,0,8,1,12,,305059,16,0,8,1,13,,305068,16,0,8,2,53,,305045,16,0,8,2,13,,305024,16,0,8,1,13,,305060,16,0,8,1,12,,305069,16,0,8,2,12,,305046,16,0,8,2,50,,305025,16,0,8,1,11,,305061,16,0,8,1,10,,305073,16,0,8,1,9,,305070,16,0,8,2,9,,305047,16,0,8,1,8,,305026,16,0,8,1,8,,305062,16,0,8,1,49,,305074,16,0,8,1,11,,305071,16,0,8,2,9,,305048,16,0,8,1,10,,305027,16,0,8,1,13,,305075,16,0,8,1,54,,305072,16,0,8,2,14,,305028,16,0,8,1,13,,305080,16,0,8,1,13,,305076,16,0,8,1,15,,305029,16,0,8,1,56,,305081,16,0,8,1,16,,305077,16,0,8,1,19,,305030,16,0,8,1,58,,305008,16,0,8,1,21,,305078,16,0,8,1,20,,305009,16,0,8,1,62,,305063,16,0,8,1,19,,305079,16,0,8,1,19,,305010,16,0,8,1,59,,305064,16,0,8,1,21,,305011,16,0,8,1,26,,305032,16,0,8,1,63,,305012,16,0,8,1,23,,305033,16,0,8,1,62,,305013,16,0,8,1,34,,305014,16,0,8,1
6403,'H60S200F-80-F2',541,,305089,16,0,8,1,72,,305105,16,0,8,1,33,,305108,16,0,8,2,72,,305123,16,0,8,1,31,,305109,16,0,8,2,71,,305124,16,0,8,1,29,,305110,16,0,8,2,63,,305125,16,0,8,1,20,,305111,16,0,8,2,17,,305090,16,0,8,1,56,,305126,16,0,8,1,15,,305112,16,0,8,2,13,,305091,16,0,8,1,13,,305127,16,0,8,1,54,,305113,16,0,8,2,13,,305092,16,0,8,1,15,,305128,16,0,8,1,16,,305114,16,0,8,2,56,,305093,16,0,8,1,17,,305129,16,0,8,1,18,,305115,16,0,8,2,18,,305094,16,0,8,1,56,,305130,16,0,8,1,16,,305139,16,0,8,2,15,,305116,16,0,8,2,12,,305095,16,0,8,1,52,,305131,16,0,8,1,11,,305140,16,0,8,2,11,,305117,16,0,8,2,11,,305096,16,0,8,1,11,,305132,16,0,8,1,11,,305141,16,0,8,2,52,,305118,16,0,8,2,12,,305097,16,0,8,1,12,,305133,16,0,8,1,13,,305142,16,0,8,2,53,,305119,16,0,8,2,13,,305098,16,0,8,1,13,,305134,16,0,8,1,12,,305143,16,0,8,2,12,,305120,16,0,8,2,50,,305099,16,0,8,1,11,,305135,16,0,8,1,10,,305147,16,0,8,1,9,,305144,16,0,8,2,9,,305121,16,0,8,1,8,,305100,16,0,8,1,8,,305136,16,0,8,1,49,,305148,16,0,8,1,11,,305145,16,0,8,2,9,,305122,16,0,8,1,10,,305101,16,0,8,1,13,,305149,16,0,8,1,54,,305146,16,0,8,2,14,,305102,16,0,8,1,13,,305154,16,0,8,1,13,,305150,16,0,8,1,15,,305103,16,0,8,1,56,,305155,16,0,8,1,16,,305151,16,0,8,1,19,,305104,16,0,8,1,58,,305082,16,0,8,1,21,,305152,16,0,8,1,20,,305083,16,0,8,1,62,,305137,16,0,8,1,19,,305153,16,0,8,1,19,,305084,16,0,8,1,59,,305138,16,0,8,1,21,,305085,16,0,8,1,26,,305106,16,0,8,1,63,,305086,16,0,8,1,23,,305107,16,0,8,1,62,,305087,16,0,8,1,34,,305088,16,0,8,1
38202,'H60S000A-80-A',2604,,347374,27,0,10,1,45,,347376,27,0,10,1,85,,347373,27,0,10,1,85,,347375,27,0,10,1
38202,'H60S000I-81-I',2605,,347379,27,0,10,1,45,,347378,27,0,10,1,84,,347377,27,0,10,1,85,,347380,27,0,10,1
38202,'H60S000S-83-S',2605,,347381,27,0,10,2,45,,347384,27,0,10,1,84,,347382,27,0,10,1,85,,347383,27,0,10,1
38202,'H60S100F-80-F1',2605,,347387,27,0,10,1,45,,347385,27,0,10,1,84,,347386,27,0,10,2,85,,347388,27,0,10,1
38202,'H60S200F-80-F2',2605,,347391,27,0,10,1,45,,347389,27,0,10,1,84,,347390,27,0,10,2,85,,347392,27,0,10,1
