8003,'H50S000A-82-A',536,,309718,24,0,8,2,73,,309679,24,0,8,2,30,,309670,24,0,8,1,70,,309719,24,0,8,2,30,,309680,24,0,8,2,70,,309671,24,0,8,1,30,,309720,24,0,8,2,71,,309681,24,0,8,2,33,,309672,24,0,8,1,70,,309721,24,0,8,2,30,,309682,24,0,8,2,70,,309729,24,0,8,1,28,,309686,24,0,8,1,63,,309667,24,0,8,2,20,,309683,24,0,8,2,20,,309673,24,0,8,1,59,,309693,24,0,8,2,20,,309687,24,0,8,1,20,,309700,24,0,8,2,60,,309684,24,0,8,2,16,,309708,24,0,8,1,16,,309674,24,0,8,1,18,,309694,24,0,8,2,53,,309688,24,0,8,1,12,,309668,24,0,8,1,12,,309701,24,0,8,2,10,,309685,24,0,8,2,9,,309706,24,0,8,2,51,,309709,24,0,8,1,11,,309675,24,0,8,1,11,,309712,24,0,8,2,11,,309695,24,0,8,2,12,,309689,24,0,8,1,12,,309691,24,0,8,2,50,,309669,24,0,8,1,10,,309702,24,0,8,2,10,,309707,24,0,8,2,9,,309710,24,0,8,1,11,,309676,24,0,8,1,11,,309713,24,0,8,2,52,,309696,24,0,8,2,11,,309690,24,0,8,1,11,,309726,24,0,8,2,11,,309692,24,0,8,2,11,,309703,24,0,8,2,51,,309728,24,0,8,2,11,,309711,24,0,8,1,11,,309677,24,0,8,1,17,,309697,24,0,8,2,60,,309727,24,0,8,2,22,,309704,24,0,8,2,20,,309722,24,0,8,1,59,,309678,24,0,8,1,18,,309698,24,0,8,2,20,,309714,24,0,8,1,60,,309705,24,0,8,2,20,,309723,24,0,8,1,26,,309699,24,0,8,2,69,,309715,24,0,8,1,29,,309724,24,0,8,1,70,,309730,24,0,8,1,28,,309716,24,0,8,1,70,,309725,24,0,8,1,29,,309731,24,0,8,1,69,,309717,24,0,8,1
8003,'H50S000I-82-I',534,,309732,24,0,8,2,71,,309764,24,0,8,2,32,,309791,24,0,8,1,70,,309733,24,0,8,2,29,,309765,24,0,8,2,70,,309777,24,0,8,1,31,,309734,24,0,8,2,69,,309766,24,0,8,2,32,,309778,24,0,8,1,69,,309735,24,0,8,2,26,,309793,24,0,8,1,15,,309767,24,0,8,2,59,,309779,24,0,8,1,29,,309792,24,0,8,1,22,,309736,24,0,8,2,61,,309768,24,0,8,2,23,,309780,24,0,8,1,61,,309741,24,0,8,1,21,,309745,24,0,8,1,18,,309737,24,0,8,2,16,,309769,24,0,8,2,55,,309748,24,0,8,1,14,,309781,24,0,8,1,14,,309742,24,0,8,1,13,,309751,24,0,8,1,53,,309746,24,0,8,1,12,,309738,24,0,8,2,12,,309754,24,0,8,2,12,,309770,24,0,8,2,12,,309749,24,0,8,1,53,,309782,24,0,8,1,13,,309743,24,0,8,1,14,,309752,24,0,8,1,13,,309747,24,0,8,1,9,,309762,24,0,8,1,50,,309739,24,0,8,2,10,,309790,24,0,8,2,11,,309755,24,0,8,2,11,,309750,24,0,8,1,10,,309783,24,0,8,1,51,,309744,24,0,8,1,11,,309771,24,0,8,1,10,,309753,24,0,8,1,10,,309763,24,0,8,1,9,,309785,24,0,8,2,11,,309740,24,0,8,2,55,,309756,24,0,8,2,16,,309784,24,0,8,1,20,,309772,24,0,8,1,68,,309786,24,0,8,2,29,,309757,24,0,8,2,69,,309773,24,0,8,1,29,,309787,24,0,8,2,67,,309758,24,0,8,2,28,,309774,24,0,8,1,68,,309788,24,0,8,2,27,,309759,24,0,8,2,28,,309775,24,0,8,1,68,,309789,24,0,8,2,27,,309760,24,0,8,2,67,,309776,24,0,8,1,26,,309761,24,0,8,2
8003,'H50S000S-82-S',534,,309801,24,0,8,1,25,,309856,24,0,8,1,65,,309804,24,0,8,2,25,,309802,24,0,8,1,67,,309857,24,0,8,1,22,,309815,24,0,8,1,64,,309805,24,0,8,2,24,,309803,24,0,8,1,21,,309859,24,0,8,2,63,,309820,24,0,8,2,22,,309821,24,0,8,1,23,,309806,24,0,8,2,63,,309841,24,0,8,2,22,,309816,24,0,8,1,61,,309811,24,0,8,1,22,,309822,24,0,8,1,25,,309860,24,0,8,2,62,,309842,24,0,8,2,22,,309848,24,0,8,2,22,,309812,24,0,8,1,58,,309807,24,0,8,2,17,,309823,24,0,8,1,16,,309817,24,0,8,1,57,,309843,24,0,8,2,17,,309849,24,0,8,2,17,,309813,24,0,8,1,18,,309808,24,0,8,2,57,,309824,24,0,8,1,12,,309829,24,0,8,1,12,,309818,24,0,8,1,12,,309844,24,0,8,2,9,,309833,13,0,8,2,3,,309861,24,0,8,2,51,,309850,24,0,8,2,8,,309831,24,0,8,2,7,,309814,24,0,8,1,11,,309853,24,0,8,1,9,,309809,24,0,8,2,59,,309825,24,0,8,1,7,,309830,24,0,8,1,20,,309819,24,0,8,1,10,,309845,24,0,8,2,6,,309834,24,0,8,2,10,,309851,24,0,8,2,47,,309832,24,0,8,2,6,,309835,24,0,8,1,10,,309858,24,0,8,2,10,,309854,24,0,8,1,11,,309810,24,0,8,2,12,,309826,24,0,8,1,69,,309846,24,0,8,2,18,,309852,24,0,8,2,11,,309836,24,0,8,1,58,,309855,24,0,8,1,16,,309827,24,0,8,1,19,,309797,24,0,8,2,60,,309847,24,0,8,2,20,,309837,24,0,8,1,20,,309794,24,0,8,1,60,,309828,24,0,8,1,22,,309798,24,0,8,2,25,,309838,24,0,8,1,69,,309795,24,0,8,1,29,,309799,24,0,8,2,69,,309839,24,0,8,1,28,,309796,24,0,8,1,65,,309800,24,0,8,2,28,,309840,24,0,8,1
8003,'H50S100F-80-F1',534,,309862,24,0,8,2,71,,309894,24,0,8,2,32,,309921,24,0,8,1,70,,309863,24,0,8,2,29,,309895,24,0,8,2,70,,309907,24,0,8,1,31,,309864,24,0,8,2,69,,309896,24,0,8,2,32,,309908,24,0,8,1,69,,309865,24,0,8,2,26,,309923,24,0,8,1,15,,309897,24,0,8,2,59,,309909,24,0,8,1,29,,309922,24,0,8,1,22,,309866,24,0,8,2,61,,309898,24,0,8,2,23,,309910,24,0,8,1,61,,309871,24,0,8,1,21,,309875,24,0,8,1,18,,309867,24,0,8,2,16,,309899,24,0,8,2,55,,309878,24,0,8,1,14,,309911,24,0,8,1,14,,309872,24,0,8,1,13,,309881,24,0,8,1,53,,309876,24,0,8,1,12,,309868,24,0,8,2,12,,309884,24,0,8,2,12,,309900,24,0,8,2,12,,309879,24,0,8,1,53,,309912,24,0,8,1,13,,309873,24,0,8,1,14,,309882,24,0,8,1,13,,309877,24,0,8,1,9,,309892,24,0,8,1,50,,309869,24,0,8,2,10,,309920,24,0,8,2,11,,309885,24,0,8,2,11,,309880,24,0,8,1,10,,309913,24,0,8,1,51,,309874,24,0,8,1,11,,309901,24,0,8,1,10,,309883,24,0,8,1,10,,309893,24,0,8,1,9,,309915,24,0,8,2,11,,309870,24,0,8,2,55,,309886,24,0,8,2,16,,309914,24,0,8,1,20,,309902,24,0,8,1,68,,309916,24,0,8,2,29,,309887,24,0,8,2,69,,309903,24,0,8,1,29,,309917,24,0,8,2,67,,309888,24,0,8,2,28,,309904,24,0,8,1,68,,309918,24,0,8,2,27,,309889,24,0,8,2,28,,309905,24,0,8,1,68,,309919,24,0,8,2,27,,309890,24,0,8,2,67,,309906,24,0,8,1,26,,309891,24,0,8,2
8003,'H50S200F-80-F2',534,,309924,24,0,8,2,71,,309956,24,0,8,2,32,,309983,24,0,8,1,70,,309925,24,0,8,2,29,,309957,24,0,8,2,70,,309969,24,0,8,1,31,,309926,24,0,8,2,69,,309958,24,0,8,2,32,,309970,24,0,8,1,69,,309927,24,0,8,2,26,,309985,24,0,8,1,15,,309959,24,0,8,2,59,,309971,24,0,8,1,29,,309984,24,0,8,1,22,,309928,24,0,8,2,61,,309960,24,0,8,2,23,,309972,24,0,8,1,61,,309933,24,0,8,1,21,,309937,24,0,8,1,18,,309929,24,0,8,2,16,,309961,24,0,8,2,55,,309940,24,0,8,1,14,,309973,24,0,8,1,14,,309934,24,0,8,1,13,,309943,24,0,8,1,53,,309938,24,0,8,1,12,,309930,24,0,8,2,12,,309946,24,0,8,2,12,,309962,24,0,8,2,12,,309941,24,0,8,1,53,,309974,24,0,8,1,13,,309935,24,0,8,1,14,,309944,24,0,8,1,13,,309939,24,0,8,1,9,,309954,24,0,8,1,50,,309931,24,0,8,2,10,,309982,24,0,8,2,11,,309947,24,0,8,2,11,,309942,24,0,8,1,10,,309975,24,0,8,1,51,,309936,24,0,8,1,11,,309963,24,0,8,1,10,,309945,24,0,8,1,10,,309955,24,0,8,1,9,,309977,24,0,8,2,11,,309932,24,0,8,2,55,,309948,24,0,8,2,16,,309976,24,0,8,1,20,,309964,24,0,8,1,68,,309978,24,0,8,2,29,,309949,24,0,8,2,69,,309965,24,0,8,1,29,,309979,24,0,8,2,67,,309950,24,0,8,2,28,,309966,24,0,8,1,68,,309980,24,0,8,2,27,,309951,24,0,8,2,28,,309967,24,0,8,1,68,,309981,24,0,8,2,27,,309952,24,0,8,2,67,,309968,24,0,8,1,26,,309953,24,0,8,2
8003,'H51S000S-81-S',1723,,309986,24,0,8,1,181,,309987,24,0,8,1
8003,'H58S000S-83-S',1657,,309988,24,0,8,2
17903,'H50S000S-82-S',1633,,333831,12,0,8,2
17903,'H51S000A-80-A',542,,333837,12,0,8,1,68,,333854,12,0,8,2,28,,333838,12,0,8,1,68,,333855,12,0,8,2,30,,333839,12,0,8,1,72,,333856,12,0,8,2,33,,333840,12,0,8,1,72,,333857,12,0,8,2,22,,333866,12,0,8,2,23,,333841,12,0,8,1,63,,333858,12,0,8,2,24,,333867,12,0,8,2,64,,333842,12,0,8,1,16,,333832,12,0,8,2,16,,333859,12,0,8,2,16,,333872,12,0,8,2,55,,333868,12,0,8,2,16,,333843,12,0,8,1,17,,333833,12,0,8,2,56,,333860,12,0,8,2,17,,333873,12,0,8,2,17,,333869,12,0,8,2,17,,333844,12,0,8,1,56,,333834,12,0,8,2,16,,333861,12,0,8,2,14,,333883,12,0,8,1,14,,333874,12,0,8,2,54,,333870,12,0,8,2,14,,333845,12,0,8,1,14,,333835,12,0,8,2,15,,333862,12,0,8,2,55,,333884,12,0,8,1,14,,333875,12,0,8,2,14,,333871,12,0,8,2,14,,333846,12,0,8,1,54,,333836,12,0,8,2,14,,333863,12,0,8,2,14,,333885,12,0,8,1,18,,333876,12,0,8,2,62,,333847,12,0,8,1,24,,333864,12,0,8,2,25,,333877,12,0,8,2,66,,333848,12,0,8,1,26,,333865,12,0,8,2,68,,333878,12,0,8,2,30,,333849,12,0,8,1,70,,333879,12,0,8,2,30,,333850,12,0,8,1,68,,333880,12,0,8,2,28,,333851,12,0,8,1,68,,333881,12,0,8,2,28,,333852,12,0,8,1,68,,333882,12,0,8,2,28,,333853,12,0,8,1
17903,'H51S000I-80-I',638,,333886,12,0,8,1,70,,333891,12,0,8,1,30,,333887,12,0,8,1,70,,333892,12,0,8,1,30,,333888,12,0,8,1,70,,333893,12,0,8,1,30,,333889,12,0,8,1,73,,333894,12,0,8,1,31,,333890,12,0,8,1,61,,333908,12,0,8,2,21,,333904,12,0,8,2,23,,333895,12,0,8,1,59,,333899,12,0,8,1,18,,333909,12,0,8,2,18,,333905,12,0,8,2,58,,333917,12,0,8,2,17,,333896,12,0,8,1,17,,333900,12,0,8,1,17,,333928,12,0,8,2,57,,333906,12,0,8,2,17,,333918,12,0,8,2,17,,333897,12,0,8,1,17,,333901,12,0,8,1,57,,333929,12,0,8,2,16,,333907,12,0,8,2,16,,333919,12,0,8,2,59,,333898,12,0,8,1,19,,333902,12,0,8,1,20,,333930,12,0,8,2,60,,333920,12,0,8,2,20,,333910,12,0,8,1,20,,333903,12,0,8,1,61,,333931,12,0,8,2,23,,333921,12,0,8,2,24,,333911,12,0,8,1,64,,333932,12,0,8,2,24,,333922,12,0,8,2,68,,333912,12,0,8,1,29,,333923,12,0,8,2,70,,333913,12,0,8,1,30,,333924,12,0,8,2,70,,333914,12,0,8,1,30,,333925,12,0,8,2,70,,333915,12,0,8,1,31,,333926,12,0,8,2,72,,333916,12,0,8,1,32,,333927,12,0,8,2
17903,'H51S000S-81-S',538,,333938,12,0,8,2,62,,333940,12,0,8,1,22,,333935,12,0,8,2,19,,333939,12,0,8,2,17,,333958,12,0,8,2,59,,333941,12,0,8,1,18,,333960,12,0,8,2,17,,333936,12,0,8,2,52,,333957,12,0,8,2,10,,333959,12,0,8,2,20,,333942,12,0,8,1,20,,333961,12,0,8,2,62,,333937,12,0,8,2,33,,333943,12,0,8,1,73,,333962,12,0,8,2,29,,333946,12,0,8,1,68,,333944,12,0,8,1,24,,333963,12,0,8,2,64,,333947,12,0,8,1,24,,333967,12,0,8,2,18,,333945,12,0,8,1,58,,333964,12,0,8,2,21,,333948,12,0,8,1,21,,333977,12,0,8,2,61,,333968,12,0,8,2,21,,333965,12,0,8,2,21,,333949,12,0,8,1,61,,333978,12,0,8,2,16,,333983,12,0,8,2,14,,333969,12,0,8,2,15,,333966,12,0,8,2,52,,333985,12,0,8,2,11,,333950,12,0,8,1,27,,333979,12,0,8,2,55,,333984,12,0,8,2,17,,333970,12,0,8,2,17,,333986,12,0,8,2,14,,333951,12,0,8,1,71,,333980,12,0,8,2,30,,333971,12,0,8,2,73,,333952,12,0,8,1,31,,333981,12,0,8,2,73,,333972,12,0,8,1,73,,333953,12,0,8,1,26,,333982,12,0,8,2,26,,333973,12,0,8,1,69,,333954,12,0,8,1,29,,333974,12,0,8,1,69,,333955,12,0,8,1,29,,333975,12,0,8,1,69,,333956,12,0,8,1,28,,333976,12,0,8,1
17903,'H51S100F-80-F1',638,,333987,12,0,8,1,70,,334010,12,0,8,1,30,,333988,12,0,8,1,70,,334011,12,0,8,1,30,,333989,12,0,8,1,70,,334012,12,0,8,1,30,,333990,12,0,8,1,73,,334013,12,0,8,1,31,,333991,12,0,8,1,61,,333992,12,0,8,2,21,,334023,12,0,8,2,23,,334014,12,0,8,1,59,,334018,12,0,8,1,18,,333993,12,0,8,2,18,,334024,12,0,8,2,58,,333994,12,0,8,2,17,,334015,12,0,8,1,17,,334019,12,0,8,1,17,,334005,12,0,8,2,57,,334025,12,0,8,2,17,,333995,12,0,8,2,17,,334016,12,0,8,1,17,,334020,12,0,8,1,57,,334006,12,0,8,2,16,,334026,12,0,8,2,16,,333996,12,0,8,2,59,,334017,12,0,8,1,19,,334021,12,0,8,1,20,,334007,12,0,8,2,60,,333997,12,0,8,2,20,,334027,12,0,8,1,20,,334022,12,0,8,1,61,,334008,12,0,8,2,23,,333998,12,0,8,2,24,,334028,12,0,8,1,64,,334009,12,0,8,2,24,,333999,12,0,8,2,68,,334029,12,0,8,1,29,,334000,12,0,8,2,70,,334030,12,0,8,1,30,,334001,12,0,8,2,70,,334031,12,0,8,1,30,,334002,12,0,8,2,70,,334032,12,0,8,1,31,,334003,12,0,8,2,72,,334033,12,0,8,1,32,,334004,12,0,8,2
17903,'H51S200F-80-F2',638,,334034,12,0,8,1,70,,334057,12,0,8,1,30,,334035,12,0,8,1,70,,334058,12,0,8,1,30,,334036,12,0,8,1,70,,334059,12,0,8,1,30,,334037,12,0,8,1,73,,334060,12,0,8,1,31,,334038,12,0,8,1,61,,334039,12,0,8,2,21,,334070,12,0,8,2,23,,334061,12,0,8,1,59,,334065,12,0,8,1,18,,334040,12,0,8,2,18,,334071,12,0,8,2,58,,334041,12,0,8,2,17,,334062,12,0,8,1,17,,334066,12,0,8,1,17,,334052,12,0,8,2,57,,334072,12,0,8,2,17,,334042,12,0,8,2,17,,334063,12,0,8,1,17,,334067,12,0,8,1,57,,334053,12,0,8,2,16,,334073,12,0,8,2,16,,334043,12,0,8,2,59,,334064,12,0,8,1,19,,334068,12,0,8,1,20,,334054,12,0,8,2,60,,334044,12,0,8,2,20,,334074,12,0,8,1,20,,334069,12,0,8,1,61,,334055,12,0,8,2,23,,334045,12,0,8,2,24,,334075,12,0,8,1,64,,334056,12,0,8,2,24,,334046,12,0,8,2,68,,334076,12,0,8,1,29,,334047,12,0,8,2,70,,334077,12,0,8,1,30,,334048,12,0,8,2,70,,334078,12,0,8,1,30,,334049,12,0,8,2,70,,334079,12,0,8,1,31,,334050,12,0,8,2,72,,334080,12,0,8,1,32,,334051,12,0,8,2
48003,'H50S000S-82-S',1540,,350379,33,0,8,2,64,,350380,33,0,8,1,27,,350381,33,0,8,2,20,,350382,33,0,8,2,66,,350374,33,0,8,1,35,,350383,33,0,8,2,63,,350376,33,0,8,1,20,,350375,33,0,8,2,12,,350373,33,0,8,1,65,,350378,33,0,8,2,20,,350372,33,0,8,1,72,,350377,33,0,8,1
48003,'H57S000S-80-S',1736,,350384,33,0,8,1
