3501,'H56S000A-80-A',618,,295964,21,0,5,1,30,,295945,21,0,5,1,70,,295966,21,0,5,1,31,,295963,21,0,5,1,72,,295965,21,0,5,1,31,,295946,21,0,5,1,72,,295953,21,0,5,2,29,,295938,21,0,5,1,71,,295960,21,0,5,2,27,,295947,21,0,5,1,69,,295954,21,0,5,2,30,,295939,21,0,5,1,70,,295961,21,0,5,2,30,,295948,21,0,5,1,70,,295955,21,0,5,2,30,,295940,21,0,5,1,71,,295962,21,0,5,2,32,,295949,21,0,5,1,72,,295956,21,0,5,2,31,,295941,21,0,5,1,70,,295968,21,0,5,2,31,,295950,21,0,5,1,71,,295957,21,0,5,2,30,,295942,21,0,5,1,70,,295969,21,0,5,2,30,,295951,21,0,5,1,70,,295958,21,0,5,2,28,,295943,21,0,5,1,69,,295970,21,0,5,2,28,,295952,21,0,5,1,68,,295959,21,0,5,2,30,,295944,21,0,5,1,69,,295971,21,0,5,2,29,,295967,21,0,5,1
3501,'H56S000I-80-I',617,,295997,21,0,5,1,33,,295984,21,0,5,2,69,,296005,21,0,5,1,30,,295972,21,0,5,1,69,,295998,21,0,5,1,29,,296001,21,0,5,1,73,,295985,21,0,5,2,31,,295992,21,0,5,1,71,,295973,21,0,5,1,28,,296002,21,0,5,1,70,,295986,21,0,5,2,30,,295993,21,0,5,1,70,,295974,21,0,5,1,32,,295978,21,0,5,1,69,,295987,21,0,5,2,29,,295994,21,0,5,1,70,,295975,21,0,5,1,30,,295979,21,0,5,1,68,,295988,21,0,5,2,31,,295995,21,0,5,1,69,,295976,21,0,5,1,31,,295980,21,0,5,1,72,,295989,21,0,5,2,31,,295996,21,0,5,1,70,,295977,21,0,5,1,30,,295981,21,0,5,1,71,,295990,21,0,5,2,30,,296003,21,0,5,1,68,,295999,21,0,5,1,29,,295982,21,0,5,1,69,,295991,21,0,5,2,29,,296004,21,0,5,1,70,,296000,21,0,5,1,30,,295983,21,0,5,1
3501,'H56S000S-82-S',632,,296042,21,0,5,1,22,,296040,21,0,5,1,68,,296006,21,0,5,2,19,,296023,21,0,5,1,59,,296007,21,0,5,2,20,,296037,21,0,5,2,22,,296043,21,0,5,1,61,,296041,21,0,5,1,23,,296030,21,0,5,2,25,,296020,21,0,5,1,68,,296008,21,0,5,1,29,,296014,21,0,5,2,68,,296024,21,0,5,1,30,,296031,21,0,5,2,69,,296021,21,0,5,1,29,,296009,21,0,5,1,70,,296015,21,0,5,2,29,,296025,21,0,5,1,70,,296032,21,0,5,2,27,,296022,21,0,5,1,70,,296010,21,0,5,1,27,,296016,21,0,5,2,65,,296026,21,0,5,1,27,,296033,21,0,5,2,27,,296038,21,0,5,2,70,,296011,21,0,5,1,32,,296017,21,0,5,2,66,,296027,21,0,5,1,27,,296034,21,0,5,2,65,,296039,21,0,5,2,24,,296012,21,0,5,1,67,,296018,21,0,5,2,29,,296028,21,0,5,1,68,,296035,21,0,5,2,31,,296013,21,0,5,1,71,,296019,21,0,5,2,30,,296029,21,0,5,1,70,,296036,21,0,5,2
3501,'H56S100F-80-F1',617,,296069,21,0,5,1,33,,296056,21,0,5,2,69,,296077,21,0,5,1,30,,296044,21,0,5,1,69,,296070,21,0,5,1,29,,296073,21,0,5,1,73,,296057,21,0,5,2,31,,296064,21,0,5,1,71,,296045,21,0,5,1,28,,296074,21,0,5,1,70,,296058,21,0,5,2,30,,296065,21,0,5,1,70,,296046,21,0,5,1,32,,296050,21,0,5,1,69,,296059,21,0,5,2,29,,296066,21,0,5,1,70,,296047,21,0,5,1,30,,296051,21,0,5,1,68,,296060,21,0,5,2,31,,296067,21,0,5,1,69,,296048,21,0,5,1,31,,296052,21,0,5,1,72,,296061,21,0,5,2,31,,296068,21,0,5,1,70,,296049,21,0,5,1,30,,296053,21,0,5,1,71,,296062,21,0,5,2,30,,296075,21,0,5,1,68,,296071,21,0,5,1,29,,296054,21,0,5,1,69,,296063,21,0,5,2,29,,296076,21,0,5,1,70,,296072,21,0,5,1,30,,296055,21,0,5,1
3501,'H56S200F-80-F2',617,,296103,21,0,5,1,33,,296090,21,0,5,2,69,,296111,21,0,5,1,30,,296078,21,0,5,1,69,,296104,21,0,5,1,29,,296107,21,0,5,1,73,,296091,21,0,5,2,31,,296098,21,0,5,1,71,,296079,21,0,5,1,28,,296108,21,0,5,1,70,,296092,21,0,5,2,30,,296099,21,0,5,1,70,,296080,21,0,5,1,32,,296084,21,0,5,1,69,,296093,21,0,5,2,29,,296100,21,0,5,1,70,,296081,21,0,5,1,30,,296085,21,0,5,1,68,,296094,21,0,5,2,31,,296101,21,0,5,1,69,,296082,21,0,5,1,31,,296086,21,0,5,1,72,,296095,21,0,5,2,31,,296102,21,0,5,1,70,,296083,21,0,5,1,30,,296087,21,0,5,1,71,,296096,21,0,5,2,30,,296109,21,0,5,1,68,,296105,21,0,5,1,29,,296088,21,0,5,1,69,,296097,21,0,5,2,29,,296110,21,0,5,1,70,,296106,21,0,5,1,30,,296089,21,0,5,1
3601,'H56S000A-80-A',543,,296312,21,0,5,1,70,,296300,21,0,5,1,32,,296316,21,0,5,1,70,,296313,21,0,5,1,30,,296301,21,0,5,1,70,,296317,21,0,5,1,31,,296314,21,0,5,1,73,,296302,21,0,5,1,33,,296318,21,0,5,1,72,,296315,21,0,5,1,33,,296303,21,0,5,1,72,,296311,21,0,5,1,73,,296321,21,0,5,1,32,,296287,21,0,5,1,74,,296293,21,0,5,1,32,,296284,21,0,5,1,72,,296304,21,0,5,1,32,,296288,21,0,5,1,72,,296294,21,0,5,1,31,,296285,21,0,5,1,71,,296305,21,0,5,1,31,,296289,21,0,5,1,71,,296295,21,0,5,1,31,,296286,21,0,5,1,69,,296306,21,0,5,1,31,,296290,21,0,5,1,71,,296296,21,0,5,1,33,,296307,21,0,5,1,71,,296291,21,0,5,1,31,,296297,21,0,5,1,70,,296308,21,0,5,1,29,,296292,21,0,5,1,69,,296298,21,0,5,1,31,,296309,21,0,5,1,71,,296319,21,0,5,1,30,,296299,21,0,5,1,71,,296310,21,0,5,1,72,,296320,21,0,5,1
3601,'H56S000I-80-I',542,,296322,21,0,5,1,70,,296328,21,0,5,1,30,,296335,21,0,5,1,70,,296323,21,0,5,1,30,,296329,21,0,5,1,73,,296336,21,0,5,1,32,,296324,21,0,5,1,69,,296330,21,0,5,1,32,,296337,21,0,5,1,71,,296325,21,0,5,1,34,,296331,21,0,5,1,73,,296338,21,0,5,1,33,,296326,21,0,5,1,73,,296332,21,0,5,1,74,,296339,21,0,5,1,34,,296327,21,0,5,1,74,,296333,21,0,5,1,33,,296340,21,0,5,1,73,,296351,21,0,5,1,32,,296342,21,0,5,1,72,,296334,21,0,5,1,33,,296341,21,0,5,1,71,,296352,21,0,5,1,72,,296343,21,0,5,1,31,,296348,21,0,5,1,70,,296356,21,0,5,1,29,,296353,21,0,5,1,28,,296344,21,0,5,1,70,,296349,21,0,5,1,30,,296357,21,0,5,1,71,,296345,21,0,5,1,71,,296350,21,0,5,1,31,,296358,21,0,5,1,70,,296346,21,0,5,1,30,,296354,21,0,5,1,71,,296359,21,0,5,1,30,,296347,21,0,5,1,69,,296355,21,0,5,1
3601,'H56S000S-82-S',545,,296360,21,0,5,1,70,,296363,21,0,5,1,24,,296375,21,0,5,1,20,,296392,21,0,5,1,58,,296383,21,0,5,1,18,,296361,21,0,5,1,15,,296387,21,0,5,1,57,,296364,21,0,5,1,18,,296376,21,0,5,1,16,,296411,21,0,5,1,15,,296393,21,0,5,1,55,,296384,21,0,5,1,18,,296362,21,0,5,1,16,,296402,21,0,5,1,58,,296365,21,0,5,1,21,,296377,21,0,5,1,22,,296394,21,0,5,1,63,,296385,21,0,5,1,24,,296403,21,0,5,1,25,,296366,21,0,5,1,65,,296378,21,0,5,1,25,,296395,21,0,5,1,59,,296386,21,0,5,1,20,,296404,21,0,5,1,21,,296367,21,0,5,1,62,,296379,21,0,5,1,21,,296372,21,0,5,1,22,,296396,21,0,5,1,61,,296405,21,0,5,1,21,,296368,21,0,5,1,22,,296380,21,0,5,1,61,,296373,21,0,5,1,18,,296388,21,0,5,1,18,,296397,21,0,5,1,60,,296406,21,0,5,1,20,,296369,21,0,5,1,20,,296381,21,0,5,1,60,,296374,21,0,5,1,16,,296389,21,0,5,1,19,,296398,21,0,5,1,61,,296407,21,0,5,1,21,,296370,21,0,5,1,19,,296382,21,0,5,1,62,,296390,21,0,5,1,21,,296399,21,0,5,1,67,,296408,21,0,5,1,30,,296371,21,0,5,1,29,,296391,21,0,5,1,70,,296400,21,0,5,1,30,,296409,21,0,5,1,67,,296412,21,0,5,1,30,,296401,21,0,5,1,70,,296410,21,0,5,1
3601,'H56S100F-80-F1',542,,296413,21,0,5,1,70,,296419,21,0,5,1,30,,296426,21,0,5,1,70,,296414,21,0,5,1,30,,296420,21,0,5,1,73,,296427,21,0,5,1,32,,296415,21,0,5,1,69,,296421,21,0,5,1,32,,296428,21,0,5,1,71,,296416,21,0,5,1,34,,296422,21,0,5,1,73,,296429,21,0,5,1,33,,296417,21,0,5,1,73,,296423,21,0,5,1,74,,296430,21,0,5,1,34,,296418,21,0,5,1,74,,296424,21,0,5,1,33,,296431,21,0,5,1,73,,296442,21,0,5,1,32,,296433,21,0,5,1,72,,296425,21,0,5,1,33,,296432,21,0,5,1,71,,296443,21,0,5,1,72,,296434,21,0,5,1,31,,296439,21,0,5,1,70,,296447,21,0,5,1,29,,296444,21,0,5,1,28,,296435,21,0,5,1,70,,296440,21,0,5,1,30,,296448,21,0,5,1,71,,296436,21,0,5,1,71,,296441,21,0,5,1,31,,296449,21,0,5,1,70,,296437,21,0,5,1,30,,296445,21,0,5,1,71,,296450,21,0,5,1,30,,296438,21,0,5,1,69,,296446,21,0,5,1
3601,'H56S200F-80-F2',542,,296451,21,0,5,1,70,,296457,21,0,5,1,30,,296464,21,0,5,1,70,,296452,21,0,5,1,30,,296458,21,0,5,1,73,,296465,21,0,5,1,32,,296453,21,0,5,1,69,,296459,21,0,5,1,32,,296466,21,0,5,1,71,,296454,21,0,5,1,34,,296460,21,0,5,1,73,,296467,21,0,5,1,33,,296455,21,0,5,1,73,,296461,21,0,5,1,74,,296468,21,0,5,1,34,,296456,21,0,5,1,74,,296462,21,0,5,1,33,,296469,21,0,5,1,73,,296480,21,0,5,1,32,,296471,21,0,5,1,72,,296463,21,0,5,1,33,,296470,21,0,5,1,71,,296481,21,0,5,1,72,,296472,21,0,5,1,31,,296477,21,0,5,1,70,,296485,21,0,5,1,29,,296482,21,0,5,1,28,,296473,21,0,5,1,70,,296478,21,0,5,1,30,,296486,21,0,5,1,71,,296474,21,0,5,1,71,,296479,21,0,5,1,31,,296487,21,0,5,1,70,,296475,21,0,5,1,30,,296483,21,0,5,1,71,,296488,21,0,5,1,30,,296476,21,0,5,1,69,,296484,21,0,5,1
