15002,'H57S000S-80-S',857,,327880,23,0,10,1
15002,'H59S000A-80-A',911,,327881,23,0,10,1,30,,327895,23,0,10,2,66,,327882,23,0,10,1,20,,327906,23,0,10,2,20,,327896,23,0,10,2,61,,327883,23,0,10,1,21,,327907,23,0,10,2,21,,327897,23,0,10,2,60,,327884,23,0,10,1,23,,327908,23,0,10,2,22,,327898,23,0,10,2,63,,327885,23,0,10,1,25,,327909,23,0,10,2,64,,327899,23,0,10,2,23,,327886,23,0,10,1,22,,327919,23,0,10,2,62,,327910,23,0,10,2,22,,327900,23,0,10,2,21,,327887,23,0,10,1,62,,327920,23,0,10,2,21,,327911,23,0,10,2,62,,327901,23,0,10,2,21,,327888,23,0,10,1,22,,327921,23,0,10,2,61,,327912,23,0,10,2,20,,327902,23,0,10,2,20,,327889,23,0,10,1,60,,327922,23,0,10,2,20,,327913,23,0,10,2,20,,327903,23,0,10,2,63,,327890,23,0,10,1,24,,327914,23,0,10,2,22,,327904,23,0,10,2,62,,327891,23,0,10,1,21,,327915,23,0,10,2,62,,327905,23,0,10,2,23,,327892,23,0,10,1,31,,327916,23,0,10,2,70,,327893,23,0,10,1,31,,327917,23,0,10,2,71,,327894,23,0,10,1,31,,327918,23,0,10,2
15002,'H59S000I-81-I',911,,327936,23,0,10,2,30,,327923,23,0,10,1,66,,327937,23,0,10,2,25,,327949,23,0,10,2,22,,327924,23,0,10,1,60,,327938,23,0,10,2,20,,327950,23,0,10,2,21,,327925,23,0,10,1,61,,327939,23,0,10,2,20,,327951,23,0,10,2,21,,327926,23,0,10,1,61,,327940,23,0,10,2,20,,327952,23,0,10,2,62,,327927,23,0,10,1,21,,327941,23,0,10,2,20,,327953,23,0,10,2,62,,327928,23,0,10,1,21,,327942,23,0,10,2,21,,327954,23,0,10,2,61,,327929,23,0,10,1,21,,327943,23,0,10,2,21,,327955,23,0,10,2,61,,327930,23,0,10,1,19,,327944,23,0,10,2,21,,327956,23,0,10,2,61,,327931,23,0,10,1,21,,327945,23,0,10,2,21,,327957,23,0,10,2,60,,327932,23,0,10,1,21,,327946,23,0,10,2,21,,327958,23,0,10,2,60,,327933,23,0,10,1,20,,327947,23,0,10,2,21,,327959,23,0,10,2,60,,327934,23,0,10,1,20,,327948,23,0,10,2,22,,327960,23,0,10,2,69,,327935,23,0,10,1,29,,327961,23,0,10,2,69,,327964,23,0,10,1,28,,327962,23,0,10,2,68,,327965,23,0,10,1,28,,327963,23,0,10,2
15002,'H59S000S-80-S',651,,328008,23,0,10,1,70,,327986,23,0,10,1,27,,327977,23,0,10,2,65,,328009,23,0,10,1,25,,327987,23,0,10,1,79,,327978,23,0,10,2,18,,328010,23,0,10,1,20,,327988,23,0,10,1,60,,327966,23,0,10,2,19,,327979,23,0,10,2,20,,328011,23,0,10,1,60,,327989,23,0,10,1,20,,327967,23,0,10,2,20,,327980,23,0,10,2,60,,328012,23,0,10,1,19,,327990,23,0,10,1,20,,327968,23,0,10,2,59,,327981,23,0,10,2,19,,328013,23,0,10,1,20,,327991,23,0,10,1,60,,327969,23,0,10,2,19,,327982,23,0,10,2,20,,328014,23,0,10,1,60,,327992,23,0,10,1,19,,327970,23,0,10,2,21,,327983,23,0,10,2,60,,328000,23,0,10,2,21,,327993,23,0,10,1,22,,327971,23,0,10,2,61,,327984,23,0,10,2,21,,328001,23,0,10,2,21,,327994,23,0,10,1,60,,327972,23,0,10,2,20,,327985,23,0,10,2,19,,328002,23,0,10,2,61,,327995,23,0,10,1,22,,327973,23,0,10,2,65,,328003,23,0,10,2,23,,327996,23,0,10,1,25,,327974,23,0,10,2,63,,328004,23,0,10,2,24,,327997,23,0,10,1,66,,327975,23,0,10,2,26,,328005,23,0,10,2,28,,327998,23,0,10,1,68,,327976,23,0,10,2,27,,328006,23,0,10,2,72,,327999,23,0,10,1,33,,328007,23,0,10,2
15002,'H59S100F-80-F1',911,,328030,23,0,10,2,30,,328017,23,0,10,1,66,,328031,23,0,10,2,25,,328043,23,0,10,2,22,,328018,23,0,10,1,60,,328032,23,0,10,2,20,,328044,23,0,10,2,21,,328019,23,0,10,1,61,,328033,23,0,10,2,20,,328045,23,0,10,2,21,,328020,23,0,10,1,61,,328034,23,0,10,2,20,,328046,23,0,10,2,62,,328021,23,0,10,1,21,,328035,23,0,10,2,20,,328047,23,0,10,2,62,,328022,23,0,10,1,21,,328036,23,0,10,2,21,,328048,23,0,10,2,61,,328023,23,0,10,1,21,,328037,23,0,10,2,21,,328049,23,0,10,2,61,,328024,23,0,10,1,19,,328038,23,0,10,2,21,,328050,23,0,10,2,61,,328025,23,0,10,1,21,,328039,23,0,10,2,21,,328051,23,0,10,2,60,,328026,23,0,10,1,21,,328040,23,0,10,2,21,,328052,23,0,10,2,60,,328027,23,0,10,1,20,,328041,23,0,10,2,21,,328053,23,0,10,2,60,,328028,23,0,10,1,20,,328042,23,0,10,2,22,,328054,23,0,10,2,69,,328029,23,0,10,1,29,,328055,23,0,10,2,69,,328015,23,0,10,1,28,,328056,23,0,10,2,68,,328016,23,0,10,1,28,,328057,23,0,10,2
15002,'H59S200F-80-F2',911,,328073,23,0,10,2,30,,328060,23,0,10,1,66,,328074,23,0,10,2,25,,328086,23,0,10,2,22,,328061,23,0,10,1,60,,328075,23,0,10,2,20,,328087,23,0,10,2,21,,328062,23,0,10,1,61,,328076,23,0,10,2,20,,328088,23,0,10,2,21,,328063,23,0,10,1,61,,328077,23,0,10,2,20,,328089,23,0,10,2,62,,328064,23,0,10,1,21,,328078,23,0,10,2,20,,328090,23,0,10,2,62,,328065,23,0,10,1,21,,328079,23,0,10,2,21,,328091,23,0,10,2,61,,328066,23,0,10,1,21,,328080,23,0,10,2,21,,328092,23,0,10,2,61,,328067,23,0,10,1,19,,328081,23,0,10,2,21,,328093,23,0,10,2,61,,328068,23,0,10,1,21,,328082,23,0,10,2,21,,328094,23,0,10,2,60,,328069,23,0,10,1,21,,328083,23,0,10,2,21,,328095,23,0,10,2,60,,328070,23,0,10,1,20,,328084,23,0,10,2,21,,328096,23,0,10,2,60,,328071,23,0,10,1,20,,328085,23,0,10,2,22,,328097,23,0,10,2,69,,328072,23,0,10,1,29,,328098,23,0,10,2,69,,328058,23,0,10,1,28,,328099,23,0,10,2,68,,328059,23,0,10,1,28,,328100,23,0,10,2
35002,'H56S000A-80-A',2519,,345988,22,0,10,1,81,,345997,22,0,10,1,27,,346000,22,0,10,1,17,,346002,22,0,10,2,11,,345995,22,0,10,1,50,,345994,22,0,10,2,10,,345992,22,0,10,1,10,,345993,22,0,10,1,10,,345989,22,0,10,1,10,,345990,22,0,10,2,11,,345999,22,0,10,2,50,,345996,22,0,10,1,10,,345998,22,0,10,1,10,,345991,22,0,10,1,14,,346001,22,0,10,1
35002,'H56S000I-80-I',2513,,346008,22,0,10,1,28,,346003,22,0,10,1,66,,346005,22,0,10,1,27,,346010,22,0,10,2,67,,346007,22,0,10,1,26,,346009,22,0,10,1,26,,346004,22,0,10,2,66,,346006,22,0,10,1
35002,'H56S000S-82-S',2517,,346012,22,0,10,1,85,,346016,22,0,10,2,52,,346015,22,0,10,1,86,,346013,22,0,10,1,69,,346014,22,0,10,1,15,,346011,22,0,10,1
35002,'H56S100F-80-F1',2513,,346022,22,0,10,1,28,,346017,22,0,10,1,66,,346019,22,0,10,1,27,,346024,22,0,10,2,67,,346021,22,0,10,1,26,,346023,22,0,10,1,26,,346018,22,0,10,2,66,,346020,22,0,10,1
35002,'H56S200F-80-F2',2513,,346030,22,0,10,1,28,,346025,22,0,10,1,66,,346027,22,0,10,1,27,,346032,22,0,10,2,67,,346029,22,0,10,1,26,,346031,22,0,10,1,26,,346026,22,0,10,2,66,,346028,22,0,10,1
35504,'H54S000A-80-A',2615,,346166,73,0,9,2,44,,346165,73,0,9,1,84,,346168,73,0,9,1,84,,346170,73,0,9,1,84,,346167,73,0,9,2,25,,346169,73,0,9,1
35504,'H54S000I-80-I',2609,,346173,73,0,9,1,47,,346172,73,0,9,2,85,,346171,73,0,9,1,87,,346176,73,0,9,2,90,,346174,73,0,9,1,31,,346175,73,0,9,2
35504,'H54S000S-80-S',2611,,346177,73,0,9,1,45,,346181,73,0,9,2,85,,346180,73,0,9,1,86,,346179,73,0,9,2,87,,346178,73,0,9,1,33,,346182,73,0,9,2
35504,'H54S100F-80-F1',2609,,346185,73,0,9,1,47,,346184,73,0,9,2,85,,346183,73,0,9,1,87,,346188,73,0,9,2,90,,346186,73,0,9,1,31,,346187,73,0,9,2
35504,'H54S200F-80-F2',2609,,346191,73,0,9,1,47,,346190,73,0,9,2,85,,346189,73,0,9,1,87,,346194,73,0,9,2,90,,346192,73,0,9,1,31,,346193,73,0,9,2
35802,'H59S000A-80-A',2517,,346372,30,0,10,2,32,,346368,30,0,10,1,73,,346373,30,0,10,2,32,,346369,30,0,10,1,73,,346374,30,0,10,2,15,,346367,30,0,10,1,15,,346370,30,0,10,1,71,,346375,30,0,10,2,28,,346371,30,0,10,1,69,,346376,30,0,10,2
35802,'H59S000I-81-I',2520,,346381,30,0,10,1,30,,346377,30,0,10,2,71,,346382,30,0,10,1,30,,346378,30,0,10,2,70,,346383,30,0,10,1,30,,346379,30,0,10,2,70,,346384,30,0,10,1,30,,346380,30,0,10,2,71,,346385,30,0,10,1
35802,'H59S000S-80-S',2520,,346386,30,0,10,1,30,,346391,30,0,10,1,70,,346387,30,0,10,1,29,,346392,30,0,10,1,70,,346388,30,0,10,1,30,,346393,30,0,10,1,70,,346389,30,0,10,1,30,,346394,30,0,10,1,70,,346390,30,0,10,1
35802,'H59S000S-80-SV',2634,,346398,30,0,10,2,70,,346395,30,0,10,2,30,,346399,30,0,10,2,70,,346396,30,0,10,2,30,,346400,30,0,10,2,70,,346397,30,0,10,2
35802,'H59S100F-80-F1',2520,,346401,30,0,10,1,30,,346406,30,0,10,2,71,,346402,30,0,10,1,30,,346407,30,0,10,2,70,,346403,30,0,10,1,30,,346408,30,0,10,2,70,,346404,30,0,10,1,30,,346409,30,0,10,2,71,,346405,30,0,10,1
35802,'H59S200F-80-F2',2520,,346410,30,0,10,1,30,,346415,30,0,10,2,71,,346411,30,0,10,1,30,,346416,30,0,10,2,70,,346412,30,0,10,1,30,,346417,30,0,10,2,70,,346413,30,0,10,1,30,,346418,30,0,10,2,71,,346414,30,0,10,1
36402,'H54S000A-80-A',2545,,346815,82,0,10,1,87,,346817,82,0,10,2,85,,346814,82,0,10,1,84,,346813,82,0,10,1,45,,346816,82,0,10,1,79,,346818,82,0,10,2
36402,'H54S000I-80-I',2543,,346822,82,0,10,1,84,,346820,82,0,10,1,85,,346823,82,0,10,2,46,,346821,82,0,10,1,84,,346819,82,0,10,1
36402,'H54S000S-80-S',2545,,346827,82,0,10,2,86,,346828,82,0,10,1,84,,346826,82,0,10,2,86,,346824,82,0,10,1,42,,346825,82,0,10,1
36402,'H54S100F-80-F1',2543,,346832,82,0,10,1,84,,346830,82,0,10,1,85,,346833,82,0,10,2,46,,346831,82,0,10,1,84,,346829,82,0,10,1
36402,'H54S200F-80-F2',2543,,346837,82,0,10,1,84,,346835,82,0,10,1,85,,346838,82,0,10,2,46,,346836,82,0,10,1,84,,346834,82,0,10,1
42002,'H56S000S-82-S',1215,,347862,10,0,10,1,33,,347866,10,0,10,2,73,,347870,10,0,10,1,32,,347863,10,0,10,1,72,,347867,10,0,10,2,30,,347871,10,0,10,1,69,,347874,10,0,10,2,30,,347864,10,0,10,1,69,,347868,10,0,10,2,30,,347872,10,0,10,1,69,,347875,10,0,10,2,29,,347865,10,0,10,1,68,,347869,10,0,10,2,29,,347873,10,0,10,1,71,,347876,10,0,10,2
