6801,'H60S000A-80-A',602,,306780,44,0,5,1,29,,306781,44,0,5,1,70,,306806,44,0,5,2,32,,306794,44,0,5,2,72,,306782,44,0,5,1,32,,306807,44,0,5,2,70,,306795,44,0,5,2,31,,306783,44,0,5,1,72,,306808,44,0,5,2,30,,306796,44,0,5,2,73,,306784,44,0,5,1,32,,306809,44,0,5,2,73,,306797,44,0,5,2,31,,306785,44,0,5,1,69,,306810,44,0,5,2,32,,306798,44,0,5,2,71,,306786,44,0,5,1,29,,306811,44,0,5,2,72,,306799,44,0,5,2,31,,306787,44,0,5,1,69,,306812,44,0,5,2,32,,306800,44,0,5,2,71,,306788,44,0,5,1,29,,306813,44,0,5,2,71,,306801,44,0,5,2,31,,306789,44,0,5,1,67,,306814,44,0,5,2,30,,306802,44,0,5,2,71,,306790,44,0,5,1,29,,306815,44,0,5,2,70,,306803,44,0,5,2,27,,306791,44,0,5,1,68,,306816,44,0,5,2,29,,306804,44,0,5,2,67,,306792,44,0,5,1,28,,306817,44,0,5,2,70,,306805,44,0,5,2,33,,306793,44,0,5,1,72,,306818,44,0,5,2,31,,306820,44,0,5,1,70,,306819,44,0,5,1
6801,'H60S000I-81-I',627,,306821,44,0,5,1,32,,306834,44,0,5,1,72,,306835,44,0,5,2,73,,306822,44,0,5,1,34,,306848,44,0,5,2,73,,306836,44,0,5,2,33,,306823,44,0,5,1,71,,306849,44,0,5,2,28,,306837,44,0,5,2,69,,306824,44,0,5,1,30,,306850,44,0,5,2,70,,306838,44,0,5,2,31,,306825,44,0,5,1,70,,306851,44,0,5,2,30,,306839,44,0,5,2,70,,306826,44,0,5,1,30,,306852,44,0,5,2,70,,306840,44,0,5,2,30,,306827,44,0,5,1,70,,306853,44,0,5,2,31,,306841,44,0,5,2,70,,306828,44,0,5,1,29,,306854,44,0,5,2,70,,306842,44,0,5,2,30,,306829,44,0,5,1,70,,306855,44,0,5,2,30,,306843,44,0,5,2,67,,306830,44,0,5,1,29,,306856,44,0,5,2,70,,306844,44,0,5,2,27,,306831,44,0,5,1,67,,306857,44,0,5,2,30,,306845,44,0,5,2,67,,306832,44,0,5,1,28,,306858,44,0,5,2,75,,306846,44,0,5,2,35,,306833,44,0,5,1,75,,306859,44,0,5,2,35,,306847,44,0,5,2
6801,'H60S000S-83-S',549,,306867,44,0,5,1,78,,306865,44,0,5,1,77,,306869,44,0,5,1,22,,306868,44,0,5,1,13,,306875,44,0,5,1,10,,306879,44,0,5,2,51,,306876,44,0,5,1,15,,306877,44,0,5,1,20,,306878,44,0,5,2,24,,306870,44,0,5,1,63,,306874,44,0,5,1,7,,306880,35,0,5,1,27,,306860,35,0,5,1,69,,306871,35,0,5,1,29,,306881,35,0,5,1,70,,306861,35,0,5,1,30,,306872,35,0,5,1,70,,306882,35,0,5,1,30,,306862,35,0,5,1,69,,306873,35,0,5,1,30,,306883,35,0,5,1,72,,306863,35,0,5,1,29,,306866,35,0,5,2,63,,306887,35,0,5,2,24,,306884,35,0,5,1,65,,306864,35,0,5,1,4,,306886,44,0,5,1,25,,306885,44,0,5,2,68,,306905,44,0,5,2,32,,306904,44,0,5,1,73,,306899,44,0,5,2,30,,306889,44,0,5,1,69,,306888,44,0,5,1,25,,306894,44,0,5,1,73,,306900,44,0,5,1,30,,306890,44,0,5,1,70,,306895,44,0,5,1,32,,306901,44,0,5,1,71,,306891,44,0,5,1,32,,306896,44,0,5,1,72,,306902,44,0,5,1,31,,306892,44,0,5,1,73,,306897,44,0,5,1,33,,306903,44,0,5,1,73,,306893,44,0,5,1,30,,306898,44,0,5,1
6801,'H60S100F-80-F1',627,,306906,44,0,5,1,32,,306932,44,0,5,1,72,,306919,44,0,5,2,73,,306907,44,0,5,1,34,,306933,44,0,5,1,73,,306920,44,0,5,2,33,,306908,44,0,5,1,71,,306934,44,0,5,1,28,,306921,44,0,5,2,69,,306909,44,0,5,1,30,,306935,44,0,5,1,70,,306922,44,0,5,2,31,,306910,44,0,5,1,70,,306936,44,0,5,1,30,,306923,44,0,5,2,70,,306911,44,0,5,1,30,,306937,44,0,5,1,70,,306924,44,0,5,2,30,,306912,44,0,5,1,70,,306938,44,0,5,1,31,,306925,44,0,5,2,70,,306913,44,0,5,1,29,,306939,44,0,5,1,70,,306926,44,0,5,2,30,,306914,44,0,5,1,70,,306940,44,0,5,1,30,,306927,44,0,5,2,67,,306915,44,0,5,1,29,,306941,44,0,5,1,70,,306928,44,0,5,2,27,,306916,44,0,5,1,67,,306942,44,0,5,1,30,,306929,44,0,5,2,67,,306917,44,0,5,1,28,,306943,44,0,5,1,75,,306930,44,0,5,2,35,,306918,44,0,5,1,75,,306944,44,0,5,1,35,,306931,44,0,5,2
6801,'H60S200F-80-F2',627,,306945,44,0,5,1,32,,306971,44,0,5,1,72,,306958,44,0,5,2,73,,306946,44,0,5,1,34,,306972,44,0,5,1,73,,306959,44,0,5,2,33,,306947,44,0,5,1,71,,306973,44,0,5,1,28,,306960,44,0,5,2,69,,306948,44,0,5,1,30,,306974,44,0,5,1,70,,306961,44,0,5,2,31,,306949,44,0,5,1,70,,306975,44,0,5,1,30,,306962,44,0,5,2,70,,306950,44,0,5,1,30,,306976,44,0,5,1,70,,306963,44,0,5,2,30,,306951,44,0,5,1,70,,306977,44,0,5,1,31,,306964,44,0,5,2,70,,306952,44,0,5,1,29,,306978,44,0,5,1,70,,306965,44,0,5,2,30,,306953,44,0,5,1,70,,306979,44,0,5,1,30,,306966,44,0,5,2,67,,306954,44,0,5,1,29,,306980,44,0,5,1,70,,306967,44,0,5,2,27,,306955,44,0,5,1,67,,306981,44,0,5,1,30,,306968,44,0,5,2,67,,306956,44,0,5,1,28,,306982,44,0,5,1,75,,306969,44,0,5,2,35,,306957,44,0,5,1,75,,306983,44,0,5,1,35,,306970,44,0,5,2
38201,'H60S000A-80-A',2615,,347353,34,0,5,1,85,,347355,34,0,5,1,45,,347354,34,0,5,1,85,,347356,34,0,5,1
38201,'H60S000I-81-I',2615,,347357,34,0,5,1,85,,347360,34,0,5,1,45,,347359,34,0,5,1,85,,347358,34,0,5,1
38201,'H60S000S-83-S',2610,,347362,34,0,5,1,48,,347363,34,0,5,1,85,,347361,34,0,5,2,86,,347364,34,0,5,1
38201,'H60S100F-80-F1',2615,,347366,34,0,5,2,85,,347368,34,0,5,1,45,,347367,34,0,5,1,85,,347365,34,0,5,1
38201,'H60S200F-80-F2',2615,,347370,34,0,5,2,85,,347372,34,0,5,1,45,,347371,34,0,5,1,85,,347369,34,0,5,1
