13903,'H58S000A-80-A',527,,325342,22,0,8,1,27,,325334,22,0,8,1,72,,325357,22,0,8,2,24,,325360,22,0,8,1,62,,325330,22,0,8,2,19,,325335,22,0,8,1,20,,325350,22,0,8,1,63,,325346,22,0,8,1,30,,325361,22,0,8,1,71,,325336,22,0,8,1,30,,325351,22,0,8,1,70,,325347,22,0,8,1,29,,325362,22,0,8,1,70,,325337,22,0,8,1,31,,325352,22,0,8,1,71,,325348,22,0,8,1,30,,325363,22,0,8,1,71,,325338,22,0,8,1,29,,325353,22,0,8,1,69,,325349,22,0,8,1,30,,325364,22,0,8,1,70,,325339,22,0,8,1,29,,325354,22,0,8,1,68,,325383,22,0,8,1,27,,325365,22,0,8,1,71,,325340,22,0,8,1,28,,325355,22,0,8,1,68,,325331,22,0,8,2,32,,325327,22,0,8,2,66,,325341,22,0,8,1,28,,325376,22,0,8,2,69,,325332,22,0,8,2,31,,325328,22,0,8,2,71,,325374,22,0,8,1,22,,325370,22,0,8,1,10,,325343,22,0,8,1,9,,325377,22,0,8,2,10,,325333,22,0,8,2,51,,325366,22,0,8,2,11,,325358,22,0,8,1,11,,325329,22,0,8,2,11,,325379,22,0,8,2,9,,325371,22,0,8,1,9,,325375,22,0,8,1,49,,325378,22,0,8,2,11,,325344,22,0,8,1,8,,325372,22,0,8,2,11,,325359,22,0,8,1,12,,325367,22,0,8,2,53,,325356,22,0,8,1,13,,325380,22,0,8,2,15,,325382,22,0,8,1,16,,325345,22,0,8,1,56,,325369,22,0,8,1,15,,325368,22,0,8,2,21,,325373,22,0,8,2,23,,325381,22,0,8,2
13903,'H58S000I-80-I',527,,325396,22,0,8,2,30,,325386,22,0,8,2,73,,325403,22,0,8,1,70,,325406,22,0,8,1,29,,325387,22,0,8,2,25,,325415,22,0,8,1,65,,325420,22,0,8,2,24,,325407,22,0,8,1,70,,325388,22,0,8,2,31,,325416,22,0,8,1,70,,325421,22,0,8,2,29,,325408,22,0,8,1,70,,325389,22,0,8,2,31,,325417,22,0,8,1,71,,325422,22,0,8,2,31,,325409,22,0,8,1,72,,325390,22,0,8,2,28,,325418,22,0,8,1,69,,325423,22,0,8,2,30,,325410,22,0,8,1,71,,325391,22,0,8,2,29,,325419,22,0,8,1,69,,325424,22,0,8,2,29,,325411,22,0,8,1,69,,325392,22,0,8,2,29,,325431,22,0,8,2,68,,325425,22,0,8,2,28,,325412,22,0,8,1,67,,325393,22,0,8,2,29,,325432,22,0,8,2,69,,325426,22,0,8,2,29,,325413,22,0,8,1,25,,325394,22,0,8,2,64,,325433,22,0,8,2,17,,325397,22,0,8,2,11,,325427,22,0,8,2,11,,325398,22,0,8,1,52,,325404,22,0,8,1,12,,325414,22,0,8,1,12,,325395,22,0,8,2,13,,325401,22,0,8,1,54,,325434,22,0,8,2,14,,325399,22,0,8,1,15,,325428,22,0,8,2,13,,325384,22,0,8,1,15,,325405,22,0,8,1,55,,325435,22,0,8,2,16,,325402,22,0,8,1,16,,325400,22,0,8,1,56,,325430,22,0,8,1,15,,325385,22,0,8,1,18,,325429,22,0,8,2,23,,325436,22,0,8,2
13903,'H58S000S-83-S',521,,325438,22,0,8,1,30,,325447,22,0,8,2,72,,325444,22,0,8,1,29,,325453,22,0,8,2,73,,325439,22,0,8,1,30,,325448,22,0,8,2,71,,325445,22,0,8,1,29,,325454,22,0,8,2,71,,325440,22,0,8,1,31,,325449,22,0,8,2,70,,325446,22,0,8,1,29,,325455,22,0,8,2,69,,325441,22,0,8,1,29,,325450,22,0,8,2,69,,325472,22,0,8,1,31,,325456,22,0,8,2,70,,325442,22,0,8,1,30,,325451,22,0,8,2,70,,325473,22,0,8,1,31,,325457,22,0,8,2,72,,325443,22,0,8,1,32,,325452,22,0,8,2,73,,325474,22,0,8,1,72,,325462,22,0,8,1,32,,325458,22,0,8,2,71,,325466,22,0,8,1,28,,325475,22,0,8,1,68,,325463,22,0,8,1,27,,325459,22,0,8,2,28,,325467,22,0,8,1,68,,325476,22,0,8,1,28,,325464,22,0,8,1,68,,325460,22,0,8,2,28,,325468,22,0,8,1,68,,325477,22,0,8,1,28,,325465,22,0,8,1,69,,325461,22,0,8,2,29,,325469,22,0,8,1,69,,325478,22,0,8,2,27,,325471,22,0,8,1,67,,325437,22,0,8,1,28,,325470,22,0,8,1,18,,325479,22,0,8,2
13903,'H58S100F-80-F1',527,,325490,22,0,8,2,30,,325480,22,0,8,1,73,,325503,22,0,8,1,70,,325505,22,0,8,2,29,,325481,22,0,8,1,25,,325518,22,0,8,2,65,,325493,22,0,8,1,24,,325506,22,0,8,2,70,,325482,22,0,8,1,31,,325519,22,0,8,2,70,,325494,22,0,8,1,29,,325507,22,0,8,2,70,,325483,22,0,8,1,31,,325520,22,0,8,2,71,,325495,22,0,8,1,31,,325508,22,0,8,2,72,,325484,22,0,8,1,28,,325521,22,0,8,2,69,,325496,22,0,8,1,30,,325509,22,0,8,2,71,,325485,22,0,8,1,29,,325522,22,0,8,2,69,,325497,22,0,8,1,29,,325510,22,0,8,2,69,,325486,22,0,8,1,29,,325523,22,0,8,2,68,,325498,22,0,8,1,28,,325511,22,0,8,2,67,,325487,22,0,8,1,29,,325524,22,0,8,2,69,,325499,22,0,8,1,29,,325512,22,0,8,2,25,,325488,22,0,8,1,64,,325527,22,0,8,1,17,,325525,22,0,8,2,11,,325531,22,0,8,2,11,,325500,22,0,8,1,52,,325513,22,0,8,2,12,,325532,22,0,8,2,12,,325489,22,0,8,1,13,,325529,22,0,8,2,54,,325515,22,0,8,1,14,,325501,22,0,8,1,15,,325526,22,0,8,2,13,,325491,22,0,8,2,15,,325514,22,0,8,2,55,,325516,22,0,8,1,16,,325530,22,0,8,2,16,,325502,22,0,8,1,56,,325528,22,0,8,1,15,,325492,22,0,8,2,18,,325504,22,0,8,2,23,,325517,22,0,8,1
13903,'H58S200F-80-F2',527,,325578,22,0,8,2,30,,325539,22,0,8,1,73,,325579,22,0,8,1,70,,325549,22,0,8,2,29,,325540,22,0,8,1,25,,325569,22,0,8,2,65,,325559,22,0,8,1,24,,325550,22,0,8,2,70,,325541,22,0,8,1,31,,325570,22,0,8,2,70,,325560,22,0,8,1,29,,325551,22,0,8,2,70,,325542,22,0,8,1,31,,325571,22,0,8,2,71,,325561,22,0,8,1,31,,325552,22,0,8,2,72,,325543,22,0,8,1,28,,325572,22,0,8,2,69,,325562,22,0,8,1,30,,325553,22,0,8,2,71,,325544,22,0,8,1,29,,325573,22,0,8,2,69,,325563,22,0,8,1,29,,325554,22,0,8,2,69,,325545,22,0,8,1,29,,325574,22,0,8,2,68,,325564,22,0,8,1,28,,325555,22,0,8,2,67,,325546,22,0,8,1,29,,325575,22,0,8,2,69,,325565,22,0,8,1,29,,325556,22,0,8,2,25,,325547,22,0,8,1,64,,325537,22,0,8,1,17,,325576,22,0,8,2,11,,325535,22,0,8,2,11,,325566,22,0,8,1,52,,325557,22,0,8,2,12,,325583,22,0,8,2,12,,325548,22,0,8,1,13,,325584,22,0,8,2,54,,325580,22,0,8,1,14,,325567,22,0,8,1,15,,325577,22,0,8,2,13,,325533,22,0,8,2,15,,325558,22,0,8,2,55,,325581,22,0,8,1,16,,325585,22,0,8,2,16,,325568,22,0,8,1,56,,325538,22,0,8,1,15,,325534,22,0,8,2,18,,325536,22,0,8,2,23,,325582,22,0,8,1
35503,'H54S000A-80-A',2609,,346136,50,0,8,1,30,,346135,50,0,8,2,64,,346139,50,0,8,1,25,,346134,50,0,8,2,31,,346133,50,0,8,1,64,,346138,50,0,8,1,80,,346137,50,0,8,1,30,,346140,50,0,8,1
35503,'H54S000I-80-I',2602,,346141,50,0,8,1,46,,346145,50,0,8,2,86,,346143,50,0,8,1,87,,346144,50,0,8,2,86,,346142,50,0,8,1,26,,346146,50,0,8,2
35503,'H54S000S-80-S',2605,,346150,50,0,8,1,43,,346148,50,0,8,2,86,,346147,50,0,8,1,86,,346152,50,0,8,2,39,,346151,50,0,8,1,73,,346149,50,0,8,2
35503,'H54S100F-80-F1',2602,,346153,50,0,8,1,46,,346157,50,0,8,2,86,,346155,50,0,8,1,87,,346156,50,0,8,2,86,,346154,50,0,8,1,26,,346158,50,0,8,2
35503,'H54S200F-80-F2',2602,,346159,50,0,8,1,46,,346163,50,0,8,2,86,,346161,50,0,8,1,87,,346162,50,0,8,2,86,,346160,50,0,8,1,26,,346164,50,0,8,2
