3902,'H54S000S-80-S',724,,297510,45,0,10,1,31,,297512,45,0,10,2,70,,297519,45,0,10,2,32,,297511,45,0,10,1,67,,297513,45,0,10,2,721,,297514,45,0,10,2,75,,297517,45,0,10,2,23,,297516,45,0,10,1,67,,297518,45,0,10,2,29,,297515,45,0,10,2
4101,'H58S000S-83-S',622,,297576,51,0,5,1,21,,297577,51,0,5,1,59,,297588,51,0,5,2,29,,297569,51,0,5,1,73,,297584,51,0,5,2,36,,297565,51,0,5,2,69,,297578,51,0,5,1,30,,297593,51,0,5,1,18,,297570,51,0,5,1,68,,297566,51,0,5,1,29,,297589,51,0,5,2,69,,297574,51,0,5,1,21,,297579,51,0,5,1,70,,297571,51,0,5,1,31,,297567,51,0,5,1,68,,297590,51,0,5,2,30,,297575,51,0,5,1,66,,297580,51,0,5,1,26,,297572,51,0,5,1,24,,297585,51,0,5,2,67,,297568,51,0,5,1,25,,297591,51,0,5,2,76,,297596,51,0,5,2,73,,297581,51,0,5,1,31,,297597,51,0,5,2,24,,297586,51,0,5,2,68,,297592,51,0,5,2,26,,297573,51,0,5,1,63,,297594,51,0,5,1,23,,297582,51,0,5,1,67,,297598,51,0,5,2,27,,297587,51,0,5,2,30,,297599,51,0,5,2,69,,297595,51,0,5,1,27,,297583,51,0,5,1
4101,'H58S100F-80-F1',622,,297601,51,0,5,2,30,,297605,51,0,5,2,70,,297609,51,0,5,1,32,,297611,51,0,5,1,77,,297604,51,0,5,1,70,,297602,51,0,5,2,29,,297606,51,0,5,2,24,,297610,51,0,5,1,70,,297612,51,0,5,1,506,,297615,51,0,5,2,71,,297617,51,0,5,2,29,,297607,51,0,5,2,28,,297600,51,0,5,1,67,,297613,51,0,5,2,30,,297614,51,0,5,1,69,,297616,51,0,5,2,24,,297618,51,0,5,2,64,,297608,51,0,5,2,23,,297603,51,0,5,1
4101,'H58S200F-80-F2',622,,297635,51,0,5,2,30,,297620,51,0,5,2,70,,297630,51,0,5,1,32,,297622,51,0,5,1,77,,297619,51,0,5,1,70,,297636,51,0,5,2,29,,297621,51,0,5,2,24,,297631,51,0,5,1,70,,297623,51,0,5,1,506,,297626,51,0,5,2,71,,297628,51,0,5,2,29,,297632,51,0,5,2,28,,297637,51,0,5,1,67,,297624,51,0,5,2,30,,297625,51,0,5,1,69,,297627,51,0,5,2,24,,297629,51,0,5,2,64,,297633,51,0,5,2,23,,297634,51,0,5,1
13903,'H58S000A-80-A',538,,325342,36,0,8,1,67,,325334,36,0,8,1,32,,325357,36,0,8,2,64,,325360,36,0,8,1,22,,325330,36,0,8,2,21,,325335,36,0,8,1,60,,325350,36,0,8,1,23,,325346,36,0,8,1,30,,325361,36,0,8,1,72,,325336,36,0,8,1,30,,325351,36,0,8,1,70,,325347,36,0,8,1,29,,325362,36,0,8,1,70,,325337,36,0,8,1,73,,325352,36,0,8,1,31,,325348,36,0,8,1,70,,325363,36,0,8,1,31,,325338,36,0,8,1,69,,325353,36,0,8,1,29,,325349,36,0,8,1,70,,325364,36,0,8,1,30,,325339,36,0,8,1,28,,325354,36,0,8,1,68,,325383,36,0,8,1,27,,325365,36,0,8,1,71,,325340,36,0,8,1,28,,325355,36,0,8,1,68,,325331,36,0,8,2,32,,325327,36,0,8,2,66,,325341,36,0,8,1,28,,325376,36,0,8,2,69,,325332,36,0,8,2,31,,325328,36,0,8,2,71,,325374,36,0,8,1,22,,325370,36,0,8,1,10,,325343,36,0,8,1,9,,325377,36,0,8,2,50,,325333,36,0,8,2,10,,325366,36,0,8,2,11,,325358,36,0,8,1,11,,325329,36,0,8,2,11,,325379,36,0,8,2,49,,325371,36,0,8,1,7,,325375,36,0,8,1,9,,325378,36,0,8,2,11,,325344,36,0,8,1,8,,325372,36,0,8,2,11,,325359,36,0,8,1,12,,325367,36,0,8,2,53,,325356,36,0,8,1,13,,325380,36,0,8,2,14,,325382,36,0,8,1,15,,325345,36,0,8,1,55,,325369,36,0,8,1,15,,325368,36,0,8,2,21,,325373,36,0,8,2,63,,325381,36,0,8,2
13903,'H58S000I-80-I',538,,325396,36,0,8,2,70,,325386,36,0,8,2,33,,325403,36,0,8,1,70,,325406,36,0,8,1,29,,325387,36,0,8,2,66,,325415,36,0,8,1,26,,325420,36,0,8,2,24,,325407,36,0,8,1,70,,325388,36,0,8,2,32,,325416,36,0,8,1,70,,325421,36,0,8,2,29,,325408,36,0,8,1,70,,325389,36,0,8,2,31,,325417,36,0,8,1,71,,325422,36,0,8,2,71,,325409,36,0,8,1,32,,325390,36,0,8,2,68,,325418,36,0,8,1,29,,325423,36,0,8,2,30,,325410,36,0,8,1,71,,325391,36,0,8,2,29,,325419,36,0,8,1,69,,325424,36,0,8,2,29,,325411,36,0,8,1,69,,325392,36,0,8,2,29,,325431,36,0,8,2,68,,325425,36,0,8,2,28,,325412,36,0,8,1,67,,325393,36,0,8,2,29,,325432,36,0,8,2,68,,325426,36,0,8,2,29,,325413,36,0,8,1,65,,325394,36,0,8,2,24,,325433,36,0,8,2,17,,325397,36,0,8,2,51,,325427,36,0,8,2,11,,325398,36,0,8,1,12,,325404,36,0,8,1,12,,325414,36,0,8,1,10,,325395,36,0,8,2,13,,325401,36,0,8,1,54,,325434,36,0,8,2,14,,325399,36,0,8,1,14,,325428,36,0,8,2,13,,325384,36,0,8,1,55,,325405,36,0,8,1,15,,325435,36,0,8,2,16,,325402,36,0,8,1,16,,325400,36,0,8,1,55,,325430,36,0,8,1,15,,325385,36,0,8,1,18,,325429,36,0,8,2,63,,325436,36,0,8,2
13903,'H58S000S-83-S',533,,325438,36,0,8,1,70,,325447,36,0,8,2,34,,325444,36,0,8,1,69,,325453,36,0,8,2,33,,325439,36,0,8,1,70,,325448,36,0,8,2,31,,325445,36,0,8,1,69,,325454,36,0,8,2,31,,325440,36,0,8,1,71,,325449,36,0,8,2,30,,325446,36,0,8,1,69,,325455,36,0,8,2,29,,325441,36,0,8,1,69,,325450,36,0,8,2,30,,325472,36,0,8,1,71,,325456,36,0,8,2,30,,325442,36,0,8,1,70,,325451,36,0,8,2,30,,325473,36,0,8,1,73,,325457,36,0,8,2,33,,325443,36,0,8,1,72,,325452,36,0,8,2,33,,325474,36,0,8,1,71,,325462,36,0,8,1,32,,325458,36,0,8,2,68,,325466,36,0,8,1,28,,325475,36,0,8,1,67,,325463,36,0,8,1,27,,325459,36,0,8,2,68,,325467,36,0,8,1,28,,325476,36,0,8,1,68,,325464,36,0,8,1,28,,325460,36,0,8,2,68,,325468,36,0,8,1,28,,325477,36,0,8,1,27,,325465,36,0,8,1,68,,325461,36,0,8,2,29,,325469,36,0,8,1,69,,325478,36,0,8,2,25,,325471,36,0,8,1,67,,325437,36,0,8,1,28,,325470,36,0,8,1,58,,325479,36,0,8,2
13903,'H58S100F-80-F1',538,,325490,36,0,8,2,70,,325480,36,0,8,1,33,,325503,36,0,8,1,70,,325505,36,0,8,2,29,,325481,36,0,8,1,66,,325518,36,0,8,2,26,,325493,36,0,8,1,24,,325506,36,0,8,2,70,,325482,36,0,8,1,32,,325519,36,0,8,2,70,,325494,36,0,8,1,29,,325507,36,0,8,2,70,,325483,36,0,8,1,31,,325520,36,0,8,2,71,,325495,36,0,8,1,71,,325508,36,0,8,2,32,,325484,36,0,8,1,68,,325521,36,0,8,2,29,,325496,36,0,8,1,30,,325509,36,0,8,2,71,,325485,36,0,8,1,29,,325522,36,0,8,2,69,,325497,36,0,8,1,29,,325510,36,0,8,2,69,,325486,36,0,8,1,29,,325523,36,0,8,2,68,,325498,36,0,8,1,28,,325511,36,0,8,2,67,,325487,36,0,8,1,29,,325524,36,0,8,2,68,,325499,36,0,8,1,29,,325512,36,0,8,2,65,,325488,36,0,8,1,24,,325527,36,0,8,1,17,,325525,36,0,8,2,51,,325531,36,0,8,2,11,,325500,36,0,8,1,12,,325513,36,0,8,2,12,,325532,36,0,8,2,10,,325489,36,0,8,1,13,,325529,36,0,8,2,54,,325515,36,0,8,1,14,,325501,36,0,8,1,14,,325526,36,0,8,2,13,,325491,36,0,8,2,55,,325514,36,0,8,2,15,,325516,36,0,8,1,16,,325530,36,0,8,2,16,,325502,36,0,8,1,55,,325528,36,0,8,1,15,,325492,36,0,8,2,18,,325504,36,0,8,2,63,,325517,36,0,8,1
13903,'H58S200F-80-F2',538,,325578,36,0,8,2,70,,325539,36,0,8,1,33,,325579,36,0,8,1,70,,325549,36,0,8,2,29,,325540,36,0,8,1,66,,325569,36,0,8,2,26,,325559,36,0,8,1,24,,325550,36,0,8,2,70,,325541,36,0,8,1,32,,325570,36,0,8,2,70,,325560,36,0,8,1,29,,325551,36,0,8,2,70,,325542,36,0,8,1,31,,325571,36,0,8,2,71,,325561,36,0,8,1,71,,325552,36,0,8,2,32,,325543,36,0,8,1,68,,325572,36,0,8,2,29,,325562,36,0,8,1,30,,325553,36,0,8,2,71,,325544,36,0,8,1,29,,325573,36,0,8,2,69,,325563,36,0,8,1,29,,325554,36,0,8,2,69,,325545,36,0,8,1,29,,325574,36,0,8,2,68,,325564,36,0,8,1,28,,325555,36,0,8,2,67,,325546,36,0,8,1,29,,325575,36,0,8,2,68,,325565,36,0,8,1,29,,325556,36,0,8,2,65,,325547,36,0,8,1,24,,325537,36,0,8,1,17,,325576,36,0,8,2,51,,325535,36,0,8,2,11,,325566,36,0,8,1,12,,325557,36,0,8,2,12,,325583,36,0,8,2,10,,325548,36,0,8,1,13,,325584,36,0,8,2,54,,325580,36,0,8,1,14,,325567,36,0,8,1,14,,325577,36,0,8,2,13,,325533,36,0,8,2,55,,325558,36,0,8,2,15,,325581,36,0,8,1,16,,325585,36,0,8,2,16,,325568,36,0,8,1,55,,325538,36,0,8,1,15,,325534,36,0,8,2,18,,325536,36,0,8,2,63,,325582,36,0,8,1
35503,'H54S000A-80-A',2616,,346136,64,0,8,1,30,,346135,64,0,8,2,64,,346139,64,0,8,1,25,,346134,64,0,8,2,71,,346133,64,0,8,1,24,,346138,64,0,8,1,80,,346137,64,0,8,1,30,,346140,64,0,8,1
35503,'H54S000I-80-I',2610,,346141,64,0,8,1,46,,346145,64,0,8,2,86,,346143,64,0,8,1,88,,346144,64,0,8,2,86,,346142,64,0,8,1,26,,346146,64,0,8,2
35503,'H54S000S-80-S',2613,,346150,64,0,8,1,44,,346148,64,0,8,2,86,,346147,64,0,8,1,86,,346152,64,0,8,2,79,,346151,64,0,8,1,33,,346149,64,0,8,2
35503,'H54S100F-80-F1',2610,,346153,64,0,8,1,46,,346157,64,0,8,2,86,,346155,64,0,8,1,88,,346156,64,0,8,2,86,,346154,64,0,8,1,26,,346158,64,0,8,2
35503,'H54S200F-80-F2',2610,,346159,64,0,8,1,46,,346163,64,0,8,2,86,,346161,64,0,8,1,88,,346162,64,0,8,2,86,,346160,64,0,8,1,26,,346164,64,0,8,2
