8602,'H54S000A-80-A',526,,311151,56,0,10,1,74,,311159,56,0,10,2,35,,311166,56,0,10,2,72,,311178,56,0,10,1,32,,311172,56,0,10,2,72,,311152,56,0,10,1,32,,311160,56,0,10,2,76,,311167,56,0,10,2,33,,311179,56,0,10,1,73,,311173,56,0,10,2,33,,311153,56,0,10,1,73,,311161,56,0,10,2,73,,311168,56,0,10,2,33,,311180,56,0,10,1,74,,311174,56,0,10,2,34,,311154,56,0,10,1,73,,311162,56,0,10,2,32,,311169,56,0,10,2,72,,311181,56,0,10,1,33,,311175,56,0,10,2,73,,311155,56,0,10,1,73,,311163,56,0,10,2,31,,311170,56,0,10,2,73,,311182,56,0,10,1,33,,311176,56,0,10,2,73,,311156,56,0,10,1,33,,311164,56,0,10,2,72,,311171,56,0,10,2,32,,311183,56,0,10,1,72,,311177,56,0,10,2,31,,311157,56,0,10,1,70,,311165,56,0,10,2,28,,311186,56,0,10,2,70,,311184,56,0,10,1,30,,311188,56,0,10,1,72,,311158,56,0,10,1,32,,311150,56,0,10,1,71,,311187,56,0,10,2,29,,311185,56,0,10,1
8602,'H54S000I-80-I',521,,311211,56,0,10,2,31,,311192,56,0,10,1,73,,311198,56,0,10,2,33,,311219,56,0,10,1,75,,311212,56,0,10,2,73,,311193,56,0,10,1,33,,311199,56,0,10,2,71,,311206,56,0,10,1,33,,311220,56,0,10,1,73,,311213,56,0,10,2,33,,311194,56,0,10,1,73,,311200,56,0,10,2,34,,311207,56,0,10,1,73,,311221,56,0,10,1,73,,311214,56,0,10,2,32,,311195,56,0,10,1,72,,311201,56,0,10,2,32,,311208,56,0,10,1,72,,311222,56,0,10,1,32,,311215,56,0,10,2,72,,311196,56,0,10,1,33,,311202,56,0,10,2,72,,311209,56,0,10,1,32,,311223,56,0,10,1,73,,311216,56,0,10,2,31,,311197,56,0,10,1,71,,311203,56,0,10,2,32,,311210,56,0,10,1,71,,311224,56,0,10,1,71,,311217,56,0,10,2,30,,311225,56,0,10,1,71,,311204,56,0,10,2,31,,311191,56,0,10,1,69,,311189,56,0,10,1,29,,311218,56,0,10,2,29,,311226,56,0,10,1,68,,311205,56,0,10,2,30,,311227,56,0,10,1,72,,311190,56,0,10,1
8602,'H54S000S-80-S',529,,311228,56,0,10,2,29,,311235,56,0,10,2,69,,311236,56,0,10,2,75,,311259,56,0,10,1,33,,311243,56,0,10,1,72,,311229,56,0,10,2,31,,311263,56,0,10,1,70,,311237,56,0,10,2,33,,311260,56,0,10,1,70,,311244,56,0,10,1,29,,311230,56,0,10,2,69,,311264,56,0,10,1,31,,311238,56,0,10,2,73,,311261,56,0,10,1,29,,311250,56,0,10,2,68,,311245,56,0,10,1,28,,311231,56,0,10,2,69,,311265,56,0,10,1,28,,311239,56,0,10,2,69,,311262,56,0,10,1,34,,311251,56,0,10,2,73,,311246,56,0,10,1,33,,311232,56,0,10,2,67,,311266,56,0,10,1,27,,311240,56,0,10,2,72,,311255,56,0,10,1,30,,311252,56,0,10,2,70,,311247,56,0,10,1,30,,311233,56,0,10,2,67,,311241,56,0,10,2,29,,311256,56,0,10,1,69,,311253,56,0,10,2,29,,311248,56,0,10,1,69,,311234,56,0,10,2,29,,311242,56,0,10,2,26,,311257,56,0,10,1,70,,311254,56,0,10,2,30,,311249,56,0,10,1,69,,311268,56,0,10,1,30,,311267,56,0,10,2,70,,311258,56,0,10,1
8602,'H54S100F-80-F1',521,,311291,56,0,10,2,31,,311272,56,0,10,1,73,,311278,56,0,10,2,33,,311299,56,0,10,1,75,,311292,56,0,10,2,73,,311273,56,0,10,1,33,,311279,56,0,10,2,71,,311286,56,0,10,1,33,,311300,56,0,10,1,73,,311293,56,0,10,2,33,,311274,56,0,10,1,73,,311280,56,0,10,2,34,,311287,56,0,10,1,73,,311301,56,0,10,1,73,,311294,56,0,10,2,32,,311275,56,0,10,1,72,,311281,56,0,10,2,32,,311288,56,0,10,1,72,,311302,56,0,10,1,32,,311295,56,0,10,2,72,,311276,56,0,10,1,33,,311282,56,0,10,2,72,,311289,56,0,10,1,32,,311303,56,0,10,1,73,,311296,56,0,10,2,31,,311277,56,0,10,1,71,,311283,56,0,10,2,32,,311290,56,0,10,1,71,,311304,56,0,10,1,71,,311297,56,0,10,2,30,,311305,56,0,10,1,71,,311284,56,0,10,2,31,,311271,56,0,10,1,69,,311269,56,0,10,1,29,,311298,56,0,10,2,29,,311306,56,0,10,1,68,,311285,56,0,10,2,30,,311307,56,0,10,1,72,,311270,56,0,10,1
8602,'H54S200F-80-F2',521,,311330,56,0,10,2,31,,311311,56,0,10,1,73,,311317,56,0,10,2,33,,311338,56,0,10,1,75,,311331,56,0,10,2,73,,311312,56,0,10,1,33,,311318,56,0,10,2,71,,311325,56,0,10,1,33,,311339,56,0,10,1,73,,311332,56,0,10,2,33,,311313,56,0,10,1,73,,311319,56,0,10,2,34,,311326,56,0,10,1,73,,311340,56,0,10,1,73,,311333,56,0,10,2,32,,311314,56,0,10,1,72,,311320,56,0,10,2,32,,311327,56,0,10,1,72,,311341,56,0,10,1,32,,311334,56,0,10,2,72,,311315,56,0,10,1,33,,311321,56,0,10,2,72,,311328,56,0,10,1,32,,311342,56,0,10,1,73,,311335,56,0,10,2,31,,311316,56,0,10,1,71,,311322,56,0,10,2,32,,311329,56,0,10,1,71,,311343,56,0,10,1,71,,311336,56,0,10,2,30,,311344,56,0,10,1,71,,311323,56,0,10,2,31,,311310,56,0,10,1,69,,311308,56,0,10,1,29,,311337,56,0,10,2,29,,311345,56,0,10,1,68,,311324,56,0,10,2,30,,311346,56,0,10,1,72,,311309,56,0,10,1
18301,'H54S000A-80-A',1029,,334743,7,0,5,1,102,,334744,7,0,5,1,100,,334745,7,0,5,1,100,,334746,7,0,5,1,100,,334747,7,0,5,1,101,,334748,7,0,5,1,103,,334749,7,0,5,1,104,,334750,7,0,5,1,104,,334751,7,0,5,1,107,,334752,7,0,5,1
18301,'H54S000I-80-I',1030,,334753,7,0,5,1,110,,334754,7,0,5,1,110,,334755,7,0,5,1,150,,334756,7,0,5,1,110,,334757,7,0,5,1,110,,334758,7,0,5,1,110,,334761,7,0,5,1,110,,334759,7,0,5,1,110,,334760,7,0,5,1
18301,'H54S000S-80-S',557,,334764,7,0,5,1,101,,334765,7,0,5,1,143,,334766,7,0,5,1,106,,334767,7,0,5,1,105,,334768,7,0,5,1,106,,334769,7,0,5,1,106,,334770,7,0,5,1,105,,334771,7,0,5,1,105,,334772,7,0,5,1,105,,334773,7,0,5,1,109,,334774,7,0,5,1,110,,334775,7,0,5,1,150,,334776,7,0,5,1,110,,334777,7,0,5,1,110,,334763,7,0,5,1,110,,334762,7,0,5,2
18301,'H54S100F-80-F1',1030,,334778,7,0,5,1,110,,334779,7,0,5,1,110,,334780,7,0,5,1,150,,334781,7,0,5,1,110,,334782,7,0,5,1,110,,334783,7,0,5,1,110,,334786,7,0,5,1,110,,334784,7,0,5,1,110,,334785,7,0,5,1
18301,'H54S200F-80-F2',1030,,334787,7,0,5,1,110,,334788,7,0,5,1,110,,334789,7,0,5,1,150,,334790,7,0,5,1,110,,334791,7,0,5,1,110,,334792,7,0,5,1,110,,334795,7,0,5,1,110,,334793,7,0,5,1,110,,334794,7,0,5,1
48702,'H54S000S-80-S',1606,,350459,16,0,99 128,2,28,,350450,16,0,99 128,2,25,,350449,16,0,99 128,1,66,,350460,16,0,99 128,1,24,,350464,16,0,99 128,2,65,,350442,16,0,99 128,1,25,,350448,16,0,99 128,2,66,,350461,16,0,99 128,1
