10701,'H56S000A-80-A',520,,317951,24,0,5,1,31,,317962,24,0,5,2,73,,317971,24,0,5,2,30,,317952,24,0,5,1,72,,317963,24,0,5,2,33,,317972,24,0,5,2,71,,317953,24,0,5,1,70,,317981,24,0,5,1,28,,317964,24,0,5,2,29,,317973,24,0,5,2,69,,317954,24,0,5,1,31,,317982,24,0,5,1,70,,317965,24,0,5,2,30,,317974,24,0,5,2,70,,317955,24,0,5,1,30,,317983,24,0,5,1,70,,317966,24,0,5,2,30,,317975,24,0,5,2,70,,317956,24,0,5,1,30,,317984,24,0,5,1,70,,317967,24,0,5,2,30,,317976,24,0,5,2,70,,317957,24,0,5,1,30,,317985,24,0,5,1,70,,317968,24,0,5,2,30,,317977,24,0,5,2,70,,317958,24,0,5,1,30,,317986,24,0,5,1,70,,317969,24,0,5,2,30,,317978,24,0,5,2,70,,317959,24,0,5,1,30,,317987,24,0,5,1,70,,317970,24,0,5,2,30,,317979,24,0,5,2,70,,317960,24,0,5,1,30,,317988,24,0,5,1,70,,317990,24,0,5,2,28,,317980,24,0,5,2,69,,317961,24,0,5,1,29,,317989,24,0,5,1,71,,317991,24,0,5,2
10701,'H56S000I-80-I',519,,317993,24,0,5,1,31,,318020,24,0,5,1,72,,318004,24,0,5,2,31,,317994,24,0,5,1,70,,318010,24,0,5,1,33,,318005,24,0,5,2,72,,317995,24,0,5,1,31,,318011,24,0,5,1,71,,318021,24,0,5,1,70,,318006,24,0,5,2,28,,317996,24,0,5,1,29,,318012,24,0,5,1,70,,318022,24,0,5,1,30,,318007,24,0,5,2,70,,317997,24,0,5,1,30,,318013,24,0,5,1,70,,318023,24,0,5,1,30,,318008,24,0,5,2,70,,317998,24,0,5,1,30,,318014,24,0,5,1,70,,317992,24,0,5,1,31,,318009,24,0,5,2,71,,317999,24,0,5,1,72,,318015,24,0,5,1,32,,318024,24,0,5,2,71,,318028,24,0,5,1,31,,318000,24,0,5,1,69,,318016,24,0,5,1,28,,318025,24,0,5,2,68,,318029,24,0,5,1,28,,318001,24,0,5,1,29,,318017,24,0,5,1,69,,318026,24,0,5,2,30,,318030,24,0,5,1,70,,318002,24,0,5,1,27,,318018,24,0,5,1,69,,318027,24,0,5,2,29,,318031,24,0,5,1,69,,318003,24,0,5,1,33,,318019,24,0,5,1
10701,'H56S000S-82-S',515,,318058,24,0,5,1,22,,318039,24,0,5,2,17,,318033,24,0,5,1,57,,318041,24,0,5,2,17,,318047,24,0,5,2,18,,318049,24,0,5,2,12,,318059,24,0,5,1,52,,318061,24,0,5,1,11,,318040,24,0,5,2,10,,318051,24,0,5,2,10,,318057,24,0,5,2,8,,318034,24,0,5,1,7,,318060,24,0,5,2,46,,318036,24,0,5,2,8,,318042,24,0,5,2,8,,318066,24,0,5,2,10,,318048,24,0,5,2,11,,318080,24,0,5,1,12,,318050,24,0,5,2,50,,318037,24,0,5,2,11,,318062,24,0,5,1,12,,318038,24,0,5,2,11,,318052,24,0,5,2,14,,318035,24,0,5,1,64,,318043,24,0,5,2,28,,318081,24,0,5,1,68,,318063,24,0,5,1,29,,318053,24,0,5,2,69,,318044,24,0,5,2,28,,318082,24,0,5,1,67,,318064,24,0,5,1,30,,318054,24,0,5,2,69,,318045,24,0,5,2,31,,318083,24,0,5,1,25,,318065,24,0,5,1,62,,318071,24,0,5,1,23,,318055,24,0,5,2,63,,318046,24,0,5,2,22,,318089,24,0,5,1,22,,318032,24,0,5,1,62,,318084,24,0,5,2,22,,318072,24,0,5,1,22,,318056,24,0,5,2,67,,318076,24,0,5,2,26,,318067,24,0,5,1,69,,318085,24,0,5,2,30,,318073,24,0,5,1,67,,318077,24,0,5,2,27,,318068,24,0,5,1,67,,318086,24,0,5,2,27,,318074,24,0,5,1,68,,318078,24,0,5,2,28,,318069,24,0,5,1,28,,318087,24,0,5,2,68,,318075,24,0,5,1,28,,318079,24,0,5,2,69,,318070,24,0,5,1,32,,318088,24,0,5,2
10701,'H56S100F-80-F1',519,,318091,24,0,5,1,31,,318118,24,0,5,1,72,,318102,24,0,5,2,31,,318092,24,0,5,1,70,,318108,24,0,5,1,33,,318103,24,0,5,2,72,,318093,24,0,5,1,31,,318109,24,0,5,1,71,,318119,24,0,5,1,70,,318104,24,0,5,2,28,,318094,24,0,5,1,29,,318110,24,0,5,1,70,,318120,24,0,5,1,30,,318105,24,0,5,2,70,,318095,24,0,5,1,30,,318111,24,0,5,1,70,,318121,24,0,5,1,30,,318106,24,0,5,2,70,,318096,24,0,5,1,30,,318112,24,0,5,1,70,,318090,24,0,5,1,31,,318107,24,0,5,2,71,,318097,24,0,5,1,72,,318113,24,0,5,1,32,,318122,24,0,5,2,71,,318126,24,0,5,1,31,,318098,24,0,5,1,69,,318114,24,0,5,1,28,,318123,24,0,5,2,68,,318127,24,0,5,1,28,,318099,24,0,5,1,29,,318115,24,0,5,1,69,,318124,24,0,5,2,30,,318128,24,0,5,1,70,,318100,24,0,5,1,27,,318116,24,0,5,1,69,,318125,24,0,5,2,29,,318129,24,0,5,1,69,,318101,24,0,5,1,33,,318117,24,0,5,1
10701,'H56S200F-80-F2',519,,318131,24,0,5,1,31,,318158,24,0,5,1,72,,318142,24,0,5,2,31,,318132,24,0,5,1,70,,318148,24,0,5,1,33,,318143,24,0,5,2,72,,318133,24,0,5,1,31,,318149,24,0,5,1,71,,318159,24,0,5,1,70,,318144,24,0,5,2,28,,318134,24,0,5,1,29,,318150,24,0,5,1,70,,318160,24,0,5,1,30,,318145,24,0,5,2,70,,318135,24,0,5,1,30,,318151,24,0,5,1,70,,318161,24,0,5,1,30,,318146,24,0,5,2,70,,318136,24,0,5,1,30,,318152,24,0,5,1,70,,318130,24,0,5,1,31,,318147,24,0,5,2,71,,318137,24,0,5,1,72,,318153,24,0,5,1,32,,318162,24,0,5,2,71,,318166,24,0,5,1,31,,318138,24,0,5,1,69,,318154,24,0,5,1,28,,318163,24,0,5,2,68,,318167,24,0,5,1,28,,318139,24,0,5,1,29,,318155,24,0,5,1,69,,318164,24,0,5,2,30,,318168,24,0,5,1,70,,318140,24,0,5,1,27,,318156,24,0,5,1,69,,318165,24,0,5,2,29,,318169,24,0,5,1,69,,318141,24,0,5,1,33,,318157,24,0,5,1
35001,'H56S000A-80-A',2548,,345964,67,0,5,1,94,,345966,67,0,5,1,94,,345963,67,0,5,1,83,,345965,67,0,5,1,84,,345967,67,0,5,2
35001,'H56S000I-80-I',2548,,345971,67,0,5,1,89,,345970,67,0,5,2,87,,345969,67,0,5,1,84,,345968,67,0,5,1,47,,345972,67,0,5,2
35001,'H56S000S-82-S',2546,,345976,67,0,5,2,88,,345975,67,0,5,1,88,,345973,67,0,5,2,85,,345974,67,0,5,1,48,,345977,67,0,5,1
35001,'H56S100F-80-F1',2548,,345981,67,0,5,1,89,,345980,67,0,5,2,87,,345979,67,0,5,1,84,,345978,67,0,5,1,47,,345982,67,0,5,2
35001,'H56S200F-80-F2',2548,,345986,67,0,5,1,89,,345985,67,0,5,2,87,,345984,67,0,5,1,84,,345983,67,0,5,1,47,,345987,67,0,5,2
