20201,'H50S000S-82-S',738,,340035,4,0,5,1,867,,340034,4,0,5,1,45,,340033,4,0,5,1
20201,'H60S000A-80-A',634,,340047,44,0,5,1,71,,340036,44,0,5,1,30,,340048,44,0,5,1,71,,340061,44,0,5,1,32,,340064,44,0,5,1,66,,340058,44,0,5,1,29,,340037,44,0,5,1,74,,340049,44,0,5,1,31,,340062,44,0,5,1,69,,340065,44,0,5,1,30,,340059,44,0,5,1,70,,340038,44,0,5,1,27,,340050,44,0,5,1,25,,340044,44,0,5,1,63,,340070,44,0,5,1,24,,340066,44,0,5,1,63,,340043,44,0,5,1,23,,340063,44,0,5,1,22,,340039,44,0,5,1,63,,340051,44,0,5,1,23,,340045,44,0,5,1,62,,340071,44,0,5,1,20,,340067,44,0,5,1,17,,340054,44,0,5,2,17,,340074,44,0,5,1,61,,340068,44,0,5,2,23,,340040,44,0,5,1,61,,340052,44,0,5,1,21,,340046,44,0,5,1,22,,340072,44,0,5,1,67,,340055,44,0,5,2,30,,340075,44,0,5,1,70,,340041,44,0,5,1,28,,340053,44,0,5,1,70,,340073,44,0,5,1,29,,340056,44,0,5,2,67,,340076,44,0,5,1,31,,340042,44,0,5,1,70,,340060,44,0,5,2,30,,340069,44,0,5,1,70,,340057,44,0,5,2,29,,340077,44,0,5,1
20201,'H60S000I-81-I',736,,340092,44,0,5,1,71,,340101,44,0,5,1,32,,340109,44,0,5,1,71,,340111,44,0,5,1,33,,340099,44,0,5,1,73,,340093,44,0,5,1,33,,340102,44,0,5,1,68,,340110,44,0,5,1,30,,340112,44,0,5,1,70,,340100,44,0,5,1,31,,340094,44,0,5,1,70,,340103,44,0,5,1,32,,340080,44,0,5,1,70,,340085,44,0,5,1,33,,340097,44,0,5,1,73,,340095,44,0,5,1,29,,340104,44,0,5,1,72,,340081,44,0,5,1,30,,340086,44,0,5,1,70,,340098,44,0,5,1,73,,340096,44,0,5,1,31,,340105,44,0,5,1,73,,340082,44,0,5,1,32,,340087,44,0,5,1,68,,340078,44,0,5,1,29,,340108,44,0,5,1,68,,340106,44,0,5,1,30,,340083,44,0,5,1,27,,340088,44,0,5,1,67,,340090,44,0,5,1,27,,340079,44,0,5,1,68,,340107,44,0,5,1,27,,340084,44,0,5,1,69,,340089,44,0,5,1,29,,340091,44,0,5,1
20201,'H60S000S-83-S',621,,340125,44,0,5,1,29,,340137,44,0,5,2,61,,340129,4,0,5,1,6,,340136,44,0,5,2,18,,340114,44,0,5,1,69,,340133,44,0,5,1,33,,340138,44,0,5,1,70,,340122,44,0,5,1,29,,340126,44,0,5,1,68,,340130,44,0,5,1,17,,340121,44,0,5,1,19,,340115,44,0,5,1,62,,340134,44,0,5,1,26,,340139,44,0,5,1,27,,340123,44,0,5,1,70,,340127,44,0,5,1,75,,340131,44,0,5,1,29,,340116,44,0,5,1,27,,340135,44,0,5,1,76,,340140,44,0,5,1,9,,340124,44,0,5,1,59,,340148,4,0,5,2,16,,340128,44,0,5,1,25,,340144,44,0,5,1,65,,340132,44,0,5,1,6,,340154,4,0,5,1,7,,340155,4,0,5,2,14,,340117,44,0,5,1,70,,340156,44,0,5,1,22,,340113,4,0,5,1,11,,340141,44,0,5,1,71,,340149,44,0,5,2,30,,340145,44,0,5,1,71,,340152,44,0,5,1,27,,340118,44,0,5,1,68,,340157,44,0,5,1,27,,340142,44,0,5,1,70,,340150,44,0,5,2,25,,340146,44,0,5,1,22,,340153,44,0,5,1,60,,340119,44,0,5,1,30,,340158,44,0,5,1,70,,340143,44,0,5,1,28,,340151,44,0,5,2,68,,340147,44,0,5,1,32,,340120,44,0,5,1
20201,'H60S100F-80-F1',736,,340179,44,0,5,1,71,,340182,44,0,5,2,32,,340185,44,0,5,1,71,,340183,44,0,5,1,33,,340159,44,0,5,1,73,,340164,44,0,5,2,33,,340168,44,0,5,1,68,,340180,44,0,5,1,30,,340184,44,0,5,1,70,,340160,44,0,5,1,31,,340165,44,0,5,2,70,,340169,44,0,5,1,32,,340186,44,0,5,1,70,,340174,44,0,5,2,33,,340181,44,0,5,1,73,,340166,44,0,5,2,29,,340170,44,0,5,1,72,,340187,44,0,5,1,30,,340175,44,0,5,2,70,,340191,44,0,5,1,73,,340167,44,0,5,2,31,,340171,44,0,5,1,73,,340188,44,0,5,1,32,,340176,44,0,5,2,68,,340161,44,0,5,1,29,,340192,44,0,5,2,68,,340172,44,0,5,1,30,,340189,44,0,5,1,27,,340177,44,0,5,2,67,,340162,44,0,5,1,27,,340193,44,0,5,2,68,,340173,44,0,5,1,27,,340190,44,0,5,1,69,,340178,44,0,5,2,29,,340163,44,0,5,1
20201,'H60S200F-80-F2',736,,340214,44,0,5,1,71,,340217,44,0,5,2,32,,340220,44,0,5,1,71,,340218,44,0,5,1,33,,340194,44,0,5,1,73,,340199,44,0,5,2,33,,340203,44,0,5,1,68,,340215,44,0,5,1,30,,340219,44,0,5,1,70,,340195,44,0,5,1,31,,340200,44,0,5,2,70,,340204,44,0,5,1,32,,340221,44,0,5,1,70,,340209,44,0,5,2,33,,340216,44,0,5,1,73,,340201,44,0,5,2,29,,340205,44,0,5,1,72,,340222,44,0,5,1,30,,340210,44,0,5,2,70,,340226,44,0,5,1,73,,340202,44,0,5,2,31,,340206,44,0,5,1,73,,340223,44,0,5,1,32,,340211,44,0,5,2,68,,340196,44,0,5,1,29,,340227,44,0,5,2,68,,340207,44,0,5,1,30,,340224,44,0,5,1,27,,340212,44,0,5,2,67,,340197,44,0,5,1,27,,340228,44,0,5,2,68,,340208,44,0,5,1,27,,340225,44,0,5,1,69,,340213,44,0,5,2,29,,340198,44,0,5,1
37801,'H60S000A-80-A',2532,,347259,5,0,5,1,90,,347256,5,0,5,1,92,,347257,5,0,5,1,92,,347258,5,0,5,1
37801,'H60S000I-81-I',2531,,347261,5,0,5,1,91,,347263,5,0,5,1,90,,347260,5,0,5,1,93,,347262,5,0,5,1
37801,'H60S000S-83-S',2531,,347266,5,0,5,1,91,,347264,5,0,5,1,97,,347267,5,0,5,1,90,,347265,5,0,5,1
37801,'H60S100F-80-F1',2531,,347268,5,0,5,1,91,,347271,5,0,5,1,90,,347270,5,0,5,1,93,,347269,5,0,5,1
37801,'H60S200F-80-F2',2531,,347272,5,0,5,1,91,,347275,5,0,5,1,90,,347274,5,0,5,1,93,,347273,5,0,5,1
