20202,'H60S000A-80-A',633,,340240,33,0,10,1,23,,340252,33,0,10,2,59,,340257,33,0,10,1,17,,340239,33,0,10,1,18,,340261,33,0,10,2,62,,340229,33,0,10,1,26,,340241,33,0,10,1,71,,340254,33,0,10,1,33,,340258,33,0,10,1,70,,340250,33,0,10,1,29,,340230,33,0,10,1,67,,340242,33,0,10,1,32,,340255,33,0,10,1,73,,340259,33,0,10,1,32,,340251,33,0,10,1,71,,340231,33,0,10,1,24,,340243,33,0,10,1,60,,340237,33,0,10,1,24,,340264,33,0,10,1,28,,340260,33,0,10,1,63,,340236,33,0,10,1,22,,340256,33,0,10,1,22,,340232,33,0,10,1,65,,340244,33,0,10,1,25,,340238,33,0,10,1,67,,340265,33,0,10,1,24,,340247,33,0,10,2,61,,340268,33,0,10,1,22,,340262,33,0,10,2,22,,340233,33,0,10,1,67,,340245,33,0,10,1,31,,340266,33,0,10,1,71,,340248,33,0,10,2,30,,340269,33,0,10,1,69,,340234,33,0,10,1,29,,340246,33,0,10,1,69,,340267,33,0,10,1,28,,340249,33,0,10,2,69,,340270,33,0,10,1,28,,340235,33,0,10,1,68,,340253,33,0,10,2,28,,340263,33,0,10,1
20202,'H60S000I-81-I',633,,340274,33,0,10,1,67,,340275,33,0,10,1,29,,340271,33,0,10,1,71,,340293,33,0,10,1,32,,340286,33,0,10,1,71,,340296,33,0,10,1,32,,340304,33,0,10,1,72,,340306,33,0,10,1,33,,340294,33,0,10,1,74,,340287,33,0,10,1,32,,340297,33,0,10,1,70,,340305,33,0,10,1,31,,340307,33,0,10,1,70,,340295,33,0,10,1,31,,340288,33,0,10,1,70,,340298,33,0,10,1,32,,340276,33,0,10,1,70,,340281,33,0,10,1,33,,340291,33,0,10,1,73,,340289,33,0,10,1,29,,340299,33,0,10,1,72,,340277,33,0,10,1,30,,340282,33,0,10,1,70,,340292,33,0,10,1,73,,340290,33,0,10,1,32,,340300,33,0,10,1,72,,340278,33,0,10,1,28,,340283,33,0,10,1,68,,340272,33,0,10,1,28,,340303,33,0,10,1,28,,340301,33,0,10,1,70,,340279,33,0,10,1,30,,340284,33,0,10,1,69,,340285,33,0,10,1,29,,340273,33,0,10,1,68,,340302,33,0,10,1,28,,340280,33,0,10,1
20202,'H60S000S-83-S',615,,340325,33,0,10,1,31,,340329,33,0,10,1,73,,340315,33,0,10,1,30,,340318,33,0,10,1,72,,340322,33,0,10,1,31,,340308,33,0,10,1,70,,340326,33,0,10,1,30,,340330,33,0,10,1,68,,340316,33,0,10,1,30,,340319,33,0,10,1,61,,340323,33,0,10,1,18,,340314,33,0,10,1,21,,340309,33,0,10,1,63,,340327,33,0,10,1,24,,340331,33,0,10,1,64,,340317,33,0,10,1,17,,340336,33,0,10,1,16,,340320,33,0,10,1,19,,340337,33,0,10,1,64,,340324,33,0,10,1,24,,340310,33,0,10,1,63,,340328,33,0,10,1,19,,340341,33,0,10,2,19,,340332,33,0,10,1,17,,340346,33,0,10,1,56,,340342,33,0,10,2,18,,340321,33,0,10,1,21,,340338,33,0,10,1,66,,340348,33,0,10,1,32,,340311,33,0,10,1,72,,340349,33,0,10,1,30,,340333,33,0,10,1,70,,340343,33,0,10,2,28,,340339,33,0,10,1,63,,340347,33,0,10,1,24,,340312,33,0,10,1,68,,340350,33,0,10,1,30,,340334,33,0,10,1,69,,340344,33,0,10,2,30,,340340,33,0,10,1,72,,340313,33,0,10,1,31,,340351,33,0,10,1,70,,340335,33,0,10,1,30,,340345,33,0,10,2
20202,'H60S100F-80-F1',633,,340357,33,0,10,1,67,,340362,33,0,10,1,29,,340352,33,0,10,1,71,,340376,33,0,10,2,32,,340373,33,0,10,1,71,,340377,33,0,10,2,32,,340380,33,0,10,1,72,,340378,33,0,10,1,33,,340353,33,0,10,1,74,,340358,33,0,10,2,32,,340363,33,0,10,1,70,,340374,33,0,10,1,31,,340379,33,0,10,1,70,,340354,33,0,10,1,31,,340359,33,0,10,2,70,,340364,33,0,10,1,32,,340381,33,0,10,1,70,,340369,33,0,10,2,33,,340375,33,0,10,1,73,,340360,33,0,10,2,29,,340365,33,0,10,1,72,,340382,33,0,10,1,30,,340370,33,0,10,2,70,,340386,33,0,10,1,73,,340361,33,0,10,2,32,,340366,33,0,10,1,72,,340383,33,0,10,1,28,,340371,33,0,10,2,68,,340355,33,0,10,1,28,,340387,33,0,10,2,28,,340367,33,0,10,1,70,,340384,33,0,10,1,30,,340372,33,0,10,2,69,,340356,33,0,10,1,29,,340388,33,0,10,2,68,,340368,33,0,10,1,28,,340385,33,0,10,1
20202,'H60S200F-80-F2',633,,340394,33,0,10,1,67,,340399,33,0,10,1,29,,340389,33,0,10,1,71,,340413,33,0,10,2,32,,340410,33,0,10,1,71,,340414,33,0,10,2,32,,340417,33,0,10,1,72,,340415,33,0,10,1,33,,340390,33,0,10,1,74,,340395,33,0,10,2,32,,340400,33,0,10,1,70,,340411,33,0,10,1,31,,340416,33,0,10,1,70,,340391,33,0,10,1,31,,340396,33,0,10,2,70,,340401,33,0,10,1,32,,340418,33,0,10,1,70,,340406,33,0,10,2,33,,340412,33,0,10,1,73,,340397,33,0,10,2,29,,340402,33,0,10,1,72,,340419,33,0,10,1,30,,340407,33,0,10,2,70,,340423,33,0,10,1,73,,340398,33,0,10,2,32,,340403,33,0,10,1,72,,340420,33,0,10,1,28,,340408,33,0,10,2,68,,340392,33,0,10,1,28,,340424,33,0,10,2,28,,340404,33,0,10,1,70,,340421,33,0,10,1,30,,340409,33,0,10,2,69,,340393,33,0,10,1,29,,340425,33,0,10,2,68,,340405,33,0,10,1,28,,340422,33,0,10,1
37802,'H60S000A-80-A',2658,,347278,59,0,10,1,94,,347276,59,0,10,1,88,,347277,59,0,10,1
37802,'H60S000I-81-I',2656,,347280,59,0,10,1,92,,347281,59,0,10,1,90,,347279,59,0,10,1
37802,'H60S000S-83-S',2657,,347283,59,0,10,1,90,,347282,59,0,10,1,99,,347284,59,0,10,1
37802,'H60S100F-80-F1',2656,,347285,59,0,10,1,92,,347287,59,0,10,1,90,,347286,59,0,10,1
37802,'H60S200F-80-F2',2656,,347288,59,0,10,1,92,,347290,59,0,10,1,90,,347289,59,0,10,1
