21101,'H50S000S-82-S',804,,343161,24,0,99 137,1
21101,'H56S000A-80-A',625,,343174,29,0,5,2,29,,343196,29,0,5,1,70,,343162,29,0,5,1,30,,343192,29,0,5,2,70,,343167,29,0,5,1,32,,343175,29,0,5,2,70,,343197,29,0,5,1,28,,343178,29,0,5,1,68,,343193,29,0,5,2,31,,343168,29,0,5,1,69,,343176,29,0,5,2,30,,343198,29,0,5,1,71,,343179,29,0,5,1,30,,343194,29,0,5,2,70,,343169,29,0,5,1,23,,343177,29,0,5,2,59,,343199,29,0,5,1,19,,343186,29,0,5,1,20,,343180,29,0,5,1,59,,343195,29,0,5,2,20,,343183,29,0,5,2,20,,343170,29,0,5,1,60,,343200,29,0,5,2,21,,343189,29,0,5,2,28,,343187,29,0,5,1,70,,343181,29,0,5,1,29,,343184,29,0,5,2,67,,343171,29,0,5,1,27,,343190,29,0,5,2,65,,343188,29,0,5,1,26,,343182,29,0,5,1,67,,343185,29,0,5,2,27,,343172,29,0,5,1,28,,343191,29,0,5,2,68,,343165,29,0,5,2,29,,343163,29,0,5,1,70,,343201,29,0,5,2,32,,343173,29,0,5,1,71,,343166,29,0,5,2,31,,343164,29,0,5,1
21101,'H56S000I-80-I',624,,343220,29,0,5,1,33,,343210,29,0,5,1,70,,343207,29,0,5,1,30,,343212,29,0,5,2,70,,343221,29,0,5,1,30,,343211,29,0,5,1,68,,343208,29,0,5,1,29,,343213,29,0,5,2,71,,343222,29,0,5,1,32,,343231,29,0,5,2,69,,343209,29,0,5,1,30,,343214,29,0,5,2,69,,343227,29,0,5,1,29,,343223,29,0,5,1,71,,343232,29,0,5,2,29,,343235,29,0,5,1,70,,343215,29,0,5,2,30,,343228,29,0,5,1,71,,343224,29,0,5,1,28,,343233,29,0,5,2,70,,343236,29,0,5,1,28,,343216,29,0,5,2,68,,343229,29,0,5,1,27,,343225,29,0,5,1,69,,343234,29,0,5,2,24,,343237,29,0,5,1,65,,343217,29,0,5,2,26,,343230,29,0,5,1,28,,343226,29,0,5,1,70,,343238,29,0,5,1,30,,343202,29,0,5,1,69,,343218,29,0,5,2,29,,343204,29,0,5,1,70,,343206,29,0,5,1,30,,343219,29,0,5,2,70,,343203,29,0,5,1,31,,343205,29,0,5,1
21101,'H56S000S-82-S',516,,343302,29,0,5,2,26,,343301,29,0,5,1,64,,343300,29,0,5,2,25,,343290,24,0,99 137,1,12,,343292,29,0,5,1,9,,343260,29,0,5,2,53,,343239,24,0,99 137,1,3,,343278,29,0,5,2,12,,343254,29,0,5,2,13,,343296,24,0,99 137,2,7,,343264,29,0,5,2,10,,343280,29,0,5,2,61,,343243,29,0,5,1,12,,343263,29,0,5,2,16,,343249,24,0,99 137,2,5,,343265,29,0,5,1,10,,343298,29,0,5,1,54,,343262,24,0,99 137,1,6,,343291,29,0,5,1,11,,343261,29,0,5,2,12,,343240,29,0,5,1,15,,343255,29,0,5,2,56,,343297,29,0,5,2,18,,343281,29,0,5,2,20,,343248,29,0,5,1,60,,343250,29,0,5,2,20,,343269,29,0,5,2,22,,343266,29,0,5,1,60,,343256,29,0,5,2,20,,343293,29,0,5,2,20,,343282,29,0,5,2,60,,343287,29,0,5,1,20,,343251,29,0,5,2,22,,343270,29,0,5,2,61,,343267,29,0,5,1,21,,343257,29,0,5,2,20,,343285,29,0,5,1,58,,343283,29,0,5,2,17,,343288,29,0,5,1,21,,343252,29,0,5,2,60,,343272,24,0,99 137,2,13,,343271,29,0,5,2,20,,343268,24,0,99 137,1,11,,343273,29,0,5,2,59,,343258,24,0,99 137,2,12,,343286,29,0,5,1,21,,343244,24,0,99 137,1,12,,343284,29,0,5,2,58,,343276,24,0,99 137,2,11,,343253,29,0,5,2,24,,343274,24,0,99 137,1,60,,343279,29,0,5,1,24,,343259,29,0,5,2,68,,343245,29,0,5,1,29,,343277,29,0,5,2,70,,343275,29,0,5,1,30,,343241,29,0,5,1,70,,343294,29,0,5,2,30,,343246,29,0,5,1,28,,343247,29,0,5,2,68,,343299,29,0,5,2,31,,343242,29,0,5,1,64,,343289,29,0,5,2,24,,343295,29,0,5,2
21101,'H56S100F-80-F1',624,,343321,29,0,5,1,33,,343311,29,0,5,1,70,,343308,29,0,5,1,30,,343313,29,0,5,2,70,,343322,29,0,5,1,30,,343312,29,0,5,1,68,,343309,29,0,5,1,29,,343314,29,0,5,2,71,,343323,29,0,5,1,32,,343332,29,0,5,2,69,,343310,29,0,5,1,30,,343315,29,0,5,2,69,,343328,29,0,5,1,29,,343324,29,0,5,1,71,,343333,29,0,5,2,29,,343336,29,0,5,1,70,,343316,29,0,5,2,30,,343329,29,0,5,1,71,,343325,29,0,5,1,28,,343334,29,0,5,2,70,,343337,29,0,5,1,28,,343317,29,0,5,2,68,,343330,29,0,5,1,27,,343326,29,0,5,1,69,,343335,29,0,5,2,24,,343338,29,0,5,1,65,,343318,29,0,5,2,26,,343331,29,0,5,1,28,,343327,29,0,5,1,70,,343339,29,0,5,1,30,,343303,29,0,5,1,69,,343319,29,0,5,2,29,,343305,29,0,5,1,70,,343307,29,0,5,1,30,,343320,29,0,5,2,70,,343304,29,0,5,1,31,,343306,29,0,5,1
21101,'H56S200F-80-F2',624,,343358,29,0,5,1,33,,343348,29,0,5,1,70,,343345,29,0,5,1,30,,343350,29,0,5,2,70,,343359,29,0,5,1,30,,343349,29,0,5,1,68,,343346,29,0,5,1,29,,343351,29,0,5,2,71,,343360,29,0,5,1,32,,343369,29,0,5,2,69,,343347,29,0,5,1,30,,343352,29,0,5,2,69,,343365,29,0,5,1,29,,343361,29,0,5,1,71,,343370,29,0,5,2,29,,343373,29,0,5,1,70,,343353,29,0,5,2,30,,343366,29,0,5,1,71,,343362,29,0,5,1,28,,343371,29,0,5,2,70,,343374,29,0,5,1,28,,343354,29,0,5,2,68,,343367,29,0,5,1,27,,343363,29,0,5,1,69,,343372,29,0,5,2,24,,343375,29,0,5,1,65,,343355,29,0,5,2,26,,343368,29,0,5,1,28,,343364,29,0,5,1,70,,343376,29,0,5,1,30,,343340,29,0,5,1,69,,343356,29,0,5,2,29,,343342,29,0,5,1,70,,343344,29,0,5,1,30,,343357,29,0,5,2,70,,343341,29,0,5,1,31,,343343,29,0,5,1
22103,'H60S000A-80-A',825,,345034,13,0,8,1,28,,345023,13,0,8,2,70,,345035,13,0,8,1,29,,345024,13,0,8,2,72,,345036,13,0,8,1,32,,345025,13,0,8,2,68,,345037,13,0,8,1,31,,345026,13,0,8,2,71,,345038,13,0,8,1,30,,345027,13,0,8,2,71,,345039,13,0,8,1,30,,345028,13,0,8,2,71,,345040,13,0,8,1,30,,345029,13,0,8,2,71,,345041,13,0,8,1,30,,345030,13,0,8,2,71,,345042,13,0,8,1,70,,345031,13,0,8,2,30,,345043,13,0,8,1,70,,345032,13,0,8,2,30,,345044,13,0,8,1,70,,345033,13,0,8,2
22103,'H60S000I-81-I',804,,345056,13,0,8,1,29,,345045,13,0,8,1,73,,345057,13,0,8,1,30,,345046,13,0,8,1,73,,345058,13,0,8,1,33,,345047,13,0,8,1,70,,345059,13,0,8,1,33,,345048,13,0,8,1,71,,345060,13,0,8,1,30,,345049,13,0,8,1,71,,345061,13,0,8,1,33,,345050,13,0,8,1,71,,345062,13,0,8,1,30,,345051,13,0,8,1,72,,345063,13,0,8,1,32,,345052,13,0,8,1,70,,345064,13,0,8,1,32,,345053,13,0,8,1,72,,345065,13,0,8,1,73,,345054,13,0,8,1,30,,345066,13,0,8,1,70,,345055,13,0,8,1
22103,'H60S000S-83-S',610,,345078,13,0,8,2,15,,345081,13,0,8,1,16,,345079,13,0,8,1,15,,345084,13,0,8,2,56,,345067,13,0,8,1,15,,345082,13,0,8,1,17,,345069,13,0,8,2,14,,345085,13,0,8,2,56,,345068,13,0,8,1,16,,345083,13,0,8,1,17,,345070,13,0,8,2,64,,345086,13,0,8,2,30,,345071,13,0,8,1,72,,345087,13,0,8,2,27,,345072,13,0,8,1,74,,345088,13,0,8,2,32,,345073,13,0,8,1,72,,345089,13,0,8,2,30,,345074,13,0,8,1,72,,345090,13,0,8,2,30,,345075,13,0,8,1,72,,345091,13,0,8,2,31,,345076,13,0,8,1,72,,345092,13,0,8,2,30,,345077,13,0,8,1,50,,345106,13,0,8,2,14,,345098,13,0,8,1,14,,345099,13,0,8,1,14,,345107,13,0,8,1,53,,345093,13,0,8,2,11,,345104,13,0,8,1,15,,345080,13,0,8,2,13,,345100,13,0,8,1,15,,345094,13,0,8,1,56,,345108,13,0,8,1,17,,345105,13,0,8,1,19,,345101,13,0,8,1,68,,345095,13,0,8,1,28,,345102,13,0,8,1,71,,345096,13,0,8,1,33,,345103,13,0,8,1,72,,345097,13,0,8,1
22103,'H60S100F-80-F1',804,,345120,13,0,8,2,29,,345109,13,0,8,1,73,,345121,13,0,8,2,30,,345110,13,0,8,1,73,,345122,13,0,8,2,33,,345111,13,0,8,1,70,,345123,13,0,8,2,33,,345112,13,0,8,1,71,,345124,13,0,8,2,30,,345113,13,0,8,1,71,,345125,13,0,8,2,33,,345114,13,0,8,1,71,,345126,13,0,8,2,30,,345115,13,0,8,1,72,,345127,13,0,8,2,32,,345116,13,0,8,1,70,,345128,13,0,8,2,32,,345117,13,0,8,1,72,,345129,13,0,8,2,73,,345118,13,0,8,1,30,,345130,13,0,8,2,70,,345119,13,0,8,1
22103,'H60S200F-80-F2',804,,345142,13,0,8,2,29,,345131,13,0,8,1,73,,345143,13,0,8,2,30,,345132,13,0,8,1,73,,345144,13,0,8,2,33,,345133,13,0,8,1,70,,345145,13,0,8,2,33,,345134,13,0,8,1,71,,345146,13,0,8,2,30,,345135,13,0,8,1,71,,345147,13,0,8,2,33,,345136,13,0,8,1,71,,345148,13,0,8,2,30,,345137,13,0,8,1,72,,345149,13,0,8,2,32,,345138,13,0,8,1,70,,345150,13,0,8,2,32,,345139,13,0,8,1,72,,345151,13,0,8,2,73,,345140,13,0,8,1,30,,345152,13,0,8,2,70,,345141,13,0,8,1
