11403,'H56S000A-80-A',543,,320157,1,0,8,1,69,,320150,1,0,8,1,29,,320164,1,0,8,1,69,,320158,1,0,8,1,29,,320151,1,0,8,1,69,,320165,1,0,8,1,30,,320159,1,0,8,1,70,,320152,1,0,8,1,30,,320166,1,0,8,1,71,,320160,1,0,8,1,31,,320171,1,0,8,2,72,,320167,1,0,8,1,32,,320161,1,0,8,1,71,,320172,1,0,8,2,32,,320168,1,0,8,1,72,,320162,1,0,8,1,33,,320173,1,0,8,2,73,,320169,1,0,8,1,33,,320163,1,0,8,1,73,,320174,1,0,8,2,73,,320170,1,0,8,1,29,,320149,1,0,8,2,69,,320177,1,0,8,1,32,,320175,1,0,8,2,73,,320155,1,0,8,1,32,,320178,1,0,8,1,70,,320176,1,0,8,2,30,,320156,1,0,8,1,70,,320179,1,0,8,1,30,,320153,1,0,8,1,70,,320184,1,0,8,1,30,,320180,1,0,8,1,70,,320154,1,0,8,1,30,,320185,1,0,8,1,71,,320181,1,0,8,1,31,,320188,1,0,8,1,70,,320186,1,0,8,1,30,,320182,1,0,8,1,71,,320189,1,0,8,1,31,,320187,1,0,8,1,71,,320183,1,0,8,1
11403,'H56S000I-80-I',543,,320222,1,0,8,2,70,,320208,1,0,8,2,29,,320215,1,0,8,1,69,,320223,1,0,8,2,29,,320209,1,0,8,2,70,,320216,1,0,8,1,30,,320224,1,0,8,2,70,,320210,1,0,8,2,30,,320217,1,0,8,1,71,,320225,1,0,8,2,31,,320211,1,0,8,2,71,,320218,1,0,8,1,31,,320226,1,0,8,2,71,,320212,1,0,8,2,33,,320219,1,0,8,1,73,,320201,1,0,8,1,33,,320213,1,0,8,2,73,,320220,1,0,8,1,32,,320202,1,0,8,1,73,,320214,1,0,8,2,73,,320221,1,0,8,1,32,,320203,1,0,8,1,68,,320190,1,0,8,1,32,,320204,1,0,8,2,72,,320196,1,0,8,1,32,,320191,1,0,8,1,70,,320205,1,0,8,2,30,,320197,1,0,8,1,70,,320192,1,0,8,1,30,,320206,1,0,8,2,70,,320198,1,0,8,1,30,,320193,1,0,8,1,70,,320207,1,0,8,2,30,,320199,1,0,8,1,70,,320194,1,0,8,1,30,,320227,1,0,8,2,70,,320200,1,0,8,1,30,,320195,1,0,8,1,70,,320228,1,0,8,2,30,,320229,1,0,8,2
11403,'H56S000S-82-S',504,,320264,1,0,8,1,33,,320237,1,0,8,1,73,,320235,1,0,8,1,32,,320265,1,0,8,1,72,,320238,1,0,8,1,31,,320230,1,0,8,1,71,,320256,1,0,8,1,31,,320266,1,0,8,1,71,,320239,1,0,8,1,32,,320231,1,0,8,1,72,,320257,1,0,8,1,32,,320267,1,0,8,1,72,,320240,1,0,8,1,32,,320248,1,0,8,1,72,,320270,1,0,8,1,72,,320232,1,0,8,1,32,,320258,1,0,8,1,72,,320268,1,0,8,1,32,,320241,1,0,8,1,72,,320249,1,0,8,1,32,,320259,1,0,8,1,70,,320236,1,0,8,2,30,,320242,1,0,8,1,70,,320250,1,0,8,1,30,,320260,1,0,8,1,69,,320269,1,0,8,2,28,,320243,1,0,8,1,70,,320251,1,0,8,1,31,,320261,1,0,8,1,71,,320244,1,0,8,1,31,,320252,1,0,8,1,71,,320262,1,0,8,1,31,,320245,1,0,8,1,71,,320253,1,0,8,1,31,,320263,1,0,8,1,71,,320246,1,0,8,1,31,,320254,1,0,8,1,71,,320233,1,0,8,1,31,,320247,1,0,8,1,70,,320255,1,0,8,1,30,,320234,1,0,8,1
11403,'H56S100F-80-F1',543,,320303,1,0,8,2,70,,320289,1,0,8,2,29,,320296,1,0,8,1,69,,320304,1,0,8,2,29,,320290,1,0,8,2,70,,320297,1,0,8,1,30,,320305,1,0,8,2,70,,320291,1,0,8,2,30,,320298,1,0,8,1,71,,320306,1,0,8,2,31,,320292,1,0,8,2,71,,320299,1,0,8,1,31,,320307,1,0,8,2,71,,320293,1,0,8,2,33,,320300,1,0,8,1,73,,320282,1,0,8,1,33,,320294,1,0,8,2,73,,320301,1,0,8,1,32,,320283,1,0,8,1,73,,320295,1,0,8,2,73,,320302,1,0,8,1,32,,320284,1,0,8,1,68,,320271,1,0,8,1,32,,320285,1,0,8,2,72,,320277,1,0,8,1,32,,320272,1,0,8,1,70,,320286,1,0,8,2,30,,320278,1,0,8,1,70,,320273,1,0,8,1,30,,320287,1,0,8,2,70,,320279,1,0,8,1,30,,320274,1,0,8,1,70,,320288,1,0,8,2,30,,320280,1,0,8,1,70,,320275,1,0,8,1,30,,320308,1,0,8,2,70,,320281,1,0,8,1,30,,320276,1,0,8,1,70,,320309,1,0,8,2,30,,320310,1,0,8,2
11403,'H56S200F-80-F2',543,,320343,1,0,8,2,70,,320329,1,0,8,2,29,,320336,1,0,8,1,69,,320344,1,0,8,2,29,,320330,1,0,8,2,70,,320337,1,0,8,1,30,,320345,1,0,8,2,70,,320331,1,0,8,2,30,,320338,1,0,8,1,71,,320346,1,0,8,2,31,,320332,1,0,8,2,71,,320339,1,0,8,1,31,,320347,1,0,8,2,71,,320333,1,0,8,2,33,,320340,1,0,8,1,73,,320322,1,0,8,1,33,,320334,1,0,8,2,73,,320341,1,0,8,1,32,,320323,1,0,8,1,73,,320335,1,0,8,2,73,,320342,1,0,8,1,32,,320324,1,0,8,1,68,,320311,1,0,8,1,32,,320325,1,0,8,2,72,,320317,1,0,8,1,32,,320312,1,0,8,1,70,,320326,1,0,8,2,30,,320318,1,0,8,1,70,,320313,1,0,8,1,30,,320327,1,0,8,2,70,,320319,1,0,8,1,30,,320314,1,0,8,1,70,,320328,1,0,8,2,30,,320320,1,0,8,1,70,,320315,1,0,8,1,30,,320348,1,0,8,2,70,,320321,1,0,8,1,30,,320316,1,0,8,1,70,,320349,1,0,8,2,30,,320350,1,0,8,2
11404,'H56S000A-80-A',538,,320359,38,4,,1,69,,320352,38,4,,1,29,,320367,38,4,,1,69,,320360,38,4,,1,29,,320353,38,4,,1,69,,320368,38,4,,1,30,,320361,38,4,,1,70,,320354,38,4,,1,31,,320369,38,4,,1,71,,320362,38,4,,1,30,,320375,38,4,,2,71,,320370,38,4,,1,32,,320363,38,4,,1,72,,320376,38,4,,2,32,,320371,38,4,,1,73,,320364,38,4,,1,33,,320377,38,4,,2,72,,320372,38,4,,1,34,,320365,38,4,,1,73,,320378,38,4,,2,73,,320373,38,4,,1,33,,320366,38,4,,1,73,,320379,38,4,,2,31,,320374,38,4,,1,69,,320351,38,4,,2,29,,320381,38,4,,1,70,,320380,38,4,,2,30,,320358,38,4,,1,70,,320382,38,4,,1,29,,320355,38,4,,1,70,,320387,38,4,,1,30,,320383,38,4,,1,70,,320356,38,4,,1,30,,320388,38,4,,1,70,,320384,38,4,,1,30,,320357,38,4,,1,70,,320389,38,4,,1,30,,320385,38,4,,1,71,,320391,38,4,,1,31,,320390,38,4,,1,71,,320386,38,4,,1
11404,'H56S000I-80-I',539,,320425,38,4,,2,70,,320409,38,4,,2,29,,320417,38,4,,1,69,,320426,38,4,,2,29,,320410,38,4,,2,69,,320418,38,4,,1,29,,320427,38,4,,2,70,,320411,38,4,,2,31,,320419,38,4,,1,71,,320428,38,4,,2,32,,320412,38,4,,2,71,,320420,38,4,,1,31,,320429,38,4,,2,71,,320413,38,4,,2,32,,320421,38,4,,1,72,,320401,38,4,,1,34,,320414,38,4,,2,74,,320422,38,4,,1,32,,320402,38,4,,1,73,,320415,38,4,,2,73,,320423,38,4,,1,32,,320403,38,4,,1,73,,320416,38,4,,2,33,,320424,38,4,,1,72,,320404,38,4,,1,26,,320392,38,4,,1,69,,320405,38,4,,2,29,,320397,38,4,,1,71,,320393,38,4,,1,30,,320406,38,4,,2,70,,320398,38,4,,1,30,,320394,38,4,,1,69,,320407,38,4,,2,30,,320399,38,4,,1,70,,320395,38,4,,1,30,,320408,38,4,,2,69,,320400,38,4,,1,30,,320396,38,4,,1,70,,320430,38,4,,2,30,,320431,38,4,,2
11404,'H56S000S-82-S',530,,320439,38,4,,1,72,,320438,38,4,,1,33,,320465,38,4,,1,71,,320440,38,4,,1,33,,320432,38,4,,1,70,,320457,38,4,,1,30,,320466,38,4,,1,68,,320441,38,4,,1,27,,320433,38,4,,1,70,,320458,38,4,,1,29,,320467,38,4,,1,69,,320442,38,4,,1,28,,320434,38,4,,1,71,,320459,38,4,,1,31,,320468,38,4,,1,71,,320443,38,4,,1,32,,320450,38,4,,1,72,,320471,38,4,,1,33,,320435,38,4,,1,74,,320460,38,4,,1,35,,320469,38,4,,1,74,,320444,38,4,,1,77,,320451,38,4,,1,31,,320461,38,4,,1,71,,320470,38,4,,2,32,,320445,38,4,,1,68,,320452,38,4,,1,31,,320462,38,4,,1,73,,320446,38,4,,1,31,,320453,38,4,,1,71,,320463,38,4,,1,31,,320447,38,4,,1,71,,320454,38,4,,1,29,,320464,38,4,,1,70,,320448,38,4,,1,31,,320455,38,4,,1,71,,320436,38,4,,1,31,,320449,38,4,,1,71,,320456,38,4,,1,30,,320437,38,4,,1
11404,'H56S100F-80-F1',539,,320505,38,4,,2,70,,320489,38,4,,2,29,,320497,38,4,,1,69,,320506,38,4,,2,29,,320490,38,4,,2,69,,320498,38,4,,1,29,,320507,38,4,,2,70,,320491,38,4,,2,31,,320499,38,4,,1,71,,320508,38,4,,2,32,,320492,38,4,,2,71,,320500,38,4,,1,31,,320509,38,4,,2,71,,320493,38,4,,2,32,,320501,38,4,,1,72,,320481,38,4,,1,34,,320494,38,4,,2,74,,320502,38,4,,1,32,,320482,38,4,,1,73,,320495,38,4,,2,73,,320503,38,4,,1,32,,320483,38,4,,1,73,,320496,38,4,,2,33,,320504,38,4,,1,72,,320484,38,4,,1,26,,320472,38,4,,1,69,,320485,38,4,,2,29,,320477,38,4,,1,71,,320473,38,4,,1,30,,320486,38,4,,2,70,,320478,38,4,,1,30,,320474,38,4,,1,69,,320487,38,4,,2,30,,320479,38,4,,1,70,,320475,38,4,,1,30,,320488,38,4,,2,69,,320480,38,4,,1,30,,320476,38,4,,1,70,,320510,38,4,,2,30,,320511,38,4,,2
11404,'H56S200F-80-F2',539,,320545,38,4,,2,70,,320529,38,4,,2,29,,320537,38,4,,1,69,,320546,38,4,,2,29,,320530,38,4,,2,69,,320538,38,4,,1,29,,320547,38,4,,2,70,,320531,38,4,,2,31,,320539,38,4,,1,71,,320548,38,4,,2,32,,320532,38,4,,2,71,,320540,38,4,,1,31,,320549,38,4,,2,71,,320533,38,4,,2,32,,320541,38,4,,1,72,,320521,38,4,,1,34,,320534,38,4,,2,74,,320542,38,4,,1,32,,320522,38,4,,1,73,,320535,38,4,,2,73,,320543,38,4,,1,32,,320523,38,4,,1,73,,320536,38,4,,2,33,,320544,38,4,,1,72,,320524,38,4,,1,26,,320512,38,4,,1,69,,320525,38,4,,2,29,,320517,38,4,,1,71,,320513,38,4,,1,30,,320526,38,4,,2,70,,320518,38,4,,1,30,,320514,38,4,,1,69,,320527,38,4,,2,30,,320519,38,4,,1,70,,320515,38,4,,1,30,,320528,38,4,,2,69,,320520,38,4,,1,30,,320516,38,4,,1,70,,320550,38,4,,2,30,,320551,38,4,,2
