20201,'H60S000A-80-A',622,,340047,30,0,5,1,31,,340036,30,0,5,1,70,,340048,30,0,5,1,31,,340061,30,0,5,1,72,,340064,30,0,5,1,26,,340058,30,0,5,1,69,,340037,30,0,5,1,32,,340049,30,0,5,1,71,,340062,30,0,5,1,29,,340065,30,0,5,1,70,,340059,30,0,5,1,30,,340038,30,0,5,1,67,,340050,30,0,5,1,25,,340044,30,0,5,1,62,,340070,30,0,5,1,23,,340066,30,0,5,1,23,,340043,30,0,5,1,63,,340063,30,0,5,1,22,,340039,30,0,5,1,63,,340051,30,0,5,1,23,,340045,30,0,5,1,22,,340071,30,0,5,1,60,,340067,30,0,5,1,17,,340054,30,0,5,2,17,,340074,30,0,5,1,61,,340068,30,0,5,2,23,,340040,30,0,5,1,22,,340052,30,0,5,1,61,,340046,30,0,5,1,22,,340072,30,0,5,1,27,,340055,30,0,5,2,70,,340075,30,0,5,1,32,,340041,30,0,5,1,68,,340053,30,0,5,1,30,,340073,30,0,5,1,69,,340056,30,0,5,2,27,,340076,30,0,5,1,71,,340042,30,0,5,1,30,,340060,30,0,5,2,70,,340069,30,0,5,1,30,,340057,30,0,5,2,69,,340077,30,0,5,1
20201,'H60S000I-81-I',723,,340092,30,0,5,1,31,,340101,30,0,5,1,72,,340109,30,0,5,1,31,,340111,30,0,5,1,73,,340099,30,0,5,1,73,,340093,30,0,5,1,33,,340102,30,0,5,1,68,,340110,30,0,5,1,29,,340112,30,0,5,1,70,,340100,30,0,5,1,31,,340094,30,0,5,1,70,,340103,30,0,5,1,32,,340080,30,0,5,1,70,,340085,30,0,5,1,33,,340097,30,0,5,1,73,,340095,30,0,5,1,29,,340104,30,0,5,1,72,,340081,30,0,5,1,30,,340086,30,0,5,1,70,,340098,30,0,5,1,33,,340096,30,0,5,1,71,,340105,30,0,5,1,33,,340082,30,0,5,1,73,,340087,30,0,5,1,28,,340078,30,0,5,1,69,,340108,30,0,5,1,28,,340106,30,0,5,1,70,,340083,30,0,5,1,27,,340088,30,0,5,1,67,,340090,30,0,5,1,27,,340079,30,0,5,1,68,,340107,30,0,5,1,28,,340084,30,0,5,1,69,,340089,30,0,5,1,29,,340091,30,0,5,1
20201,'H60S000S-83-S',605,,340125,30,0,5,1,29,,340137,30,0,5,2,66,,340136,30,0,5,2,18,,340114,30,0,5,1,29,,340133,30,0,5,1,73,,340138,30,0,5,1,30,,340122,30,0,5,1,69,,340126,30,0,5,1,29,,340130,30,0,5,1,58,,340121,30,0,5,1,19,,340115,30,0,5,1,22,,340134,30,0,5,1,66,,340139,30,0,5,1,27,,340123,30,0,5,1,70,,340127,30,0,5,1,35,,340131,30,0,5,1,69,,340116,30,0,5,1,27,,340135,30,0,5,1,73,,340140,30,0,5,1,9,,340124,30,0,5,1,35,,340128,30,0,5,1,65,,340144,30,0,5,1,25,,340132,30,0,5,1,67,,340117,30,0,5,1,30,,340156,30,0,5,1,73,,340141,30,0,5,1,33,,340149,30,0,5,2,71,,340145,30,0,5,1,31,,340152,30,0,5,1,67,,340118,30,0,5,1,28,,340157,30,0,5,1,67,,340142,30,0,5,1,30,,340150,30,0,5,2,65,,340146,30,0,5,1,23,,340153,30,0,5,1,20,,340119,30,0,5,1,70,,340158,30,0,5,1,30,,340143,30,0,5,1,68,,340151,30,0,5,2,28,,340147,30,0,5,1,72,,340120,30,0,5,1
20201,'H60S100F-80-F1',723,,340179,30,0,5,1,31,,340182,30,0,5,2,72,,340185,30,0,5,1,31,,340183,30,0,5,1,73,,340159,30,0,5,1,73,,340164,30,0,5,2,33,,340168,30,0,5,1,68,,340180,30,0,5,1,29,,340184,30,0,5,1,70,,340160,30,0,5,1,31,,340165,30,0,5,2,70,,340169,30,0,5,1,32,,340186,30,0,5,1,70,,340174,30,0,5,2,33,,340181,30,0,5,1,73,,340166,30,0,5,2,29,,340170,30,0,5,1,72,,340187,30,0,5,1,30,,340175,30,0,5,2,70,,340191,30,0,5,1,33,,340167,30,0,5,2,71,,340171,30,0,5,1,33,,340188,30,0,5,1,73,,340176,30,0,5,2,28,,340161,30,0,5,1,69,,340192,30,0,5,2,28,,340172,30,0,5,1,70,,340189,30,0,5,1,27,,340177,30,0,5,2,67,,340162,30,0,5,1,27,,340193,30,0,5,2,68,,340173,30,0,5,1,28,,340190,30,0,5,1,69,,340178,30,0,5,2,29,,340163,30,0,5,1
20201,'H60S200F-80-F2',723,,340214,30,0,5,1,31,,340217,30,0,5,2,72,,340220,30,0,5,1,31,,340218,30,0,5,1,73,,340194,30,0,5,1,73,,340199,30,0,5,2,33,,340203,30,0,5,1,68,,340215,30,0,5,1,29,,340219,30,0,5,1,70,,340195,30,0,5,1,31,,340200,30,0,5,2,70,,340204,30,0,5,1,32,,340221,30,0,5,1,70,,340209,30,0,5,2,33,,340216,30,0,5,1,73,,340201,30,0,5,2,29,,340205,30,0,5,1,72,,340222,30,0,5,1,30,,340210,30,0,5,2,70,,340226,30,0,5,1,33,,340202,30,0,5,2,71,,340206,30,0,5,1,33,,340223,30,0,5,1,73,,340211,30,0,5,2,28,,340196,30,0,5,1,69,,340227,30,0,5,2,28,,340207,30,0,5,1,70,,340224,30,0,5,1,27,,340212,30,0,5,2,67,,340197,30,0,5,1,27,,340228,30,0,5,2,68,,340208,30,0,5,1,28,,340225,30,0,5,1,69,,340213,30,0,5,2,29,,340198,30,0,5,1
20904,'H60S000A-80-A',606,,342745,30,0,9,1,31,,342772,30,0,9,1,71,,342759,30,0,9,1,31,,342746,30,0,9,1,69,,342773,30,0,9,1,31,,342760,30,0,9,1,71,,342747,30,0,9,1,29,,342774,30,0,9,1,71,,342761,30,0,9,1,31,,342748,30,0,9,1,69,,342775,30,0,9,1,33,,342762,30,0,9,1,71,,342749,30,0,9,1,33,,342776,30,0,9,1,73,,342763,30,0,9,1,32,,342750,30,0,9,1,72,,342777,30,0,9,1,33,,342764,30,0,9,1,72,,342751,30,0,9,1,72,,342778,30,0,9,1,32,,342765,30,0,9,1,72,,342752,30,0,9,1,32,,342779,30,0,9,1,71,,342766,30,0,9,1,32,,342753,30,0,9,1,72,,342780,30,0,9,1,31,,342767,30,0,9,1,69,,342754,30,0,9,1,28,,342781,30,0,9,1,71,,342768,30,0,9,1,29,,342755,30,0,9,1,68,,342782,30,0,9,1,29,,342769,30,0,9,1,69,,342756,30,0,9,1,30,,342783,30,0,9,1,69,,342770,30,0,9,1,28,,342757,30,0,9,1,69,,342784,30,0,9,1,28,,342771,30,0,9,1,28,,342758,30,0,9,1
20904,'H60S000I-81-I',606,,342785,30,0,9,1,30,,342786,30,0,9,2,71,,342804,30,0,9,1,30,,342795,30,0,9,1,70,,342787,30,0,9,2,31,,342805,30,0,9,1,71,,342796,30,0,9,1,29,,342788,30,0,9,2,71,,342806,30,0,9,1,31,,342797,30,0,9,1,69,,342789,30,0,9,2,32,,342807,30,0,9,1,72,,342798,30,0,9,1,32,,342790,30,0,9,2,74,,342808,30,0,9,1,32,,342799,30,0,9,1,72,,342791,30,0,9,2,33,,342809,30,0,9,1,72,,342800,30,0,9,1,72,,342792,30,0,9,2,33,,342810,30,0,9,1,72,,342801,30,0,9,1,32,,342793,30,0,9,2,72,,342811,30,0,9,1,32,,342802,30,0,9,1,73,,342794,30,0,9,2,32,,342820,30,0,9,1,70,,342803,30,0,9,1,28,,342815,30,0,9,1,72,,342821,30,0,9,1,30,,342812,30,0,9,1,69,,342816,30,0,9,1,28,,342822,30,0,9,1,69,,342813,30,0,9,1,29,,342817,30,0,9,1,67,,342823,30,0,9,1,29,,342814,30,0,9,1,68,,342818,30,0,9,1,27,,342819,30,0,9,1
20904,'H60S000S-83-S',607,,342830,30,0,9,1,39,,342837,30,0,9,2,60,,342824,30,0,9,1,12,,342839,30,0,9,2,16,,342851,30,0,9,2,16,,342852,30,0,9,1,56,,342831,30,0,9,1,24,,342863,30,0,9,2,10,,342838,30,0,9,2,17,,342825,30,0,9,1,55,,342840,30,0,9,2,17,,342841,30,0,9,2,19,,342853,30,0,9,1,64,,342832,30,0,9,1,28,,342826,30,0,9,1,70,,342842,30,0,9,2,30,,342854,30,0,9,1,71,,342833,30,0,9,1,31,,342827,30,0,9,1,71,,342843,30,0,9,2,31,,342855,30,0,9,1,70,,342834,30,0,9,1,28,,342828,30,0,9,1,66,,342844,30,0,9,2,24,,342856,30,0,9,1,20,,342864,30,0,9,1,54,,342835,30,0,9,1,13,,342865,30,0,9,1,13,,342829,30,0,9,1,13,,342867,30,0,9,1,56,,342845,30,0,9,2,17,,342866,30,0,9,1,22,,342857,30,0,9,1,65,,342836,30,0,9,1,28,,342868,30,0,9,1,73,,342846,30,0,9,2,31,,342858,30,0,9,1,72,,342869,30,0,9,1,31,,342847,30,0,9,2,70,,342859,30,0,9,1,31,,342870,30,0,9,1,69,,342848,30,0,9,2,30,,342860,30,0,9,1,71,,342871,30,0,9,1,26,,342849,30,0,9,2,68,,342861,30,0,9,1,28,,342872,30,0,9,1,68,,342850,30,0,9,2,27,,342862,30,0,9,1
20904,'H60S100F-80-F1',606,,342873,30,0,9,1,30,,342886,30,0,9,2,71,,342892,30,0,9,2,30,,342874,30,0,9,1,70,,342887,30,0,9,2,31,,342893,30,0,9,2,71,,342875,30,0,9,1,29,,342888,30,0,9,2,71,,342894,30,0,9,2,31,,342876,30,0,9,1,69,,342889,30,0,9,2,32,,342895,30,0,9,2,72,,342877,30,0,9,1,32,,342890,30,0,9,2,74,,342896,30,0,9,2,32,,342878,30,0,9,1,72,,342891,30,0,9,2,33,,342897,30,0,9,2,72,,342879,30,0,9,1,72,,342900,30,0,9,1,33,,342898,30,0,9,2,72,,342880,30,0,9,1,32,,342901,30,0,9,1,72,,342899,30,0,9,2,32,,342881,30,0,9,1,73,,342902,30,0,9,1,32,,342907,30,0,9,1,70,,342882,30,0,9,1,28,,342903,30,0,9,1,72,,342908,30,0,9,1,30,,342883,30,0,9,1,69,,342904,30,0,9,1,28,,342909,30,0,9,1,69,,342884,30,0,9,1,29,,342905,30,0,9,1,67,,342910,30,0,9,1,29,,342885,30,0,9,1,68,,342906,30,0,9,1,27,,342911,30,0,9,1
20904,'H60S200F-80-F2',606,,342912,30,0,9,1,30,,342925,30,0,9,2,71,,342931,30,0,9,2,30,,342913,30,0,9,1,70,,342926,30,0,9,2,31,,342932,30,0,9,2,71,,342914,30,0,9,1,29,,342927,30,0,9,2,71,,342933,30,0,9,2,31,,342915,30,0,9,1,69,,342928,30,0,9,2,32,,342934,30,0,9,2,72,,342916,30,0,9,1,32,,342929,30,0,9,2,74,,342935,30,0,9,2,32,,342917,30,0,9,1,72,,342930,30,0,9,2,33,,342936,30,0,9,2,72,,342918,30,0,9,1,72,,342939,30,0,9,1,33,,342937,30,0,9,2,72,,342919,30,0,9,1,32,,342940,30,0,9,1,72,,342938,30,0,9,2,32,,342920,30,0,9,1,73,,342941,30,0,9,1,32,,342946,30,0,9,1,70,,342921,30,0,9,1,28,,342942,30,0,9,1,72,,342947,30,0,9,1,30,,342922,30,0,9,1,69,,342943,30,0,9,1,28,,342948,30,0,9,1,69,,342923,30,0,9,1,29,,342944,30,0,9,1,67,,342949,30,0,9,1,29,,342924,30,0,9,1,68,,342945,30,0,9,1,27,,342950,30,0,9,1
