12704,'H50S000A-82-A',757,,323041,27,0,9,2,73,,323020,27,0,9,2,73,,323042,27,0,9,2,33,,323021,27,0,9,2,73,,323043,27,0,9,2,29,,323028,27,0,9,2,69,,323022,27,0,9,2,29,,323044,27,0,9,2,69,,323029,27,0,9,2,30,,323023,27,0,9,2,70,,323045,27,0,9,2,29,,323030,27,0,9,2,69,,323024,27,0,9,2,30,,323046,27,0,9,2,70,,323031,27,0,9,2,30,,323025,27,0,9,2,70,,323047,27,0,9,2,30,,323032,27,0,9,2,70,,323026,27,0,9,2,30,,323048,27,0,9,2,70,,323033,27,0,9,2,28,,323027,27,0,9,2,24,,323049,27,0,9,2,70,,323034,27,0,9,2,31,,323050,27,0,9,2,69,,323035,27,0,9,2,30,,323051,27,0,9,2,69,,323036,27,0,9,2,30,,323052,27,0,9,2,70,,323037,27,0,9,2,30,,323053,27,0,9,2,70,,323038,27,0,9,2,30,,323054,27,0,9,2,70,,323039,27,0,9,2,30,,323055,27,0,9,2,70,,323040,27,0,9,2
12704,'H50S000I-82-I',758,,323080,27,0,9,2,70,,323056,27,0,9,2,31,,323088,27,0,9,2,70,,323081,27,0,9,2,30,,323057,27,0,9,2,70,,323089,27,0,9,2,30,,323082,27,0,9,2,70,,323058,27,0,9,2,30,,323090,27,0,9,2,70,,323083,27,0,9,2,30,,323059,27,0,9,2,70,,323091,27,0,9,2,30,,323084,27,0,9,2,70,,323060,27,0,9,2,30,,323070,27,0,9,2,71,,323085,27,0,9,2,70,,323061,27,0,9,2,31,,323071,27,0,9,2,69,,323086,27,0,9,2,29,,323062,27,0,9,2,28,,323072,27,0,9,2,70,,323087,27,0,9,2,28,,323063,27,0,9,2,71,,323073,27,0,9,2,31,,323064,27,0,9,2,69,,323074,27,0,9,2,30,,323065,27,0,9,2,69,,323075,27,0,9,2,30,,323066,27,0,9,2,69,,323076,27,0,9,2,30,,323067,27,0,9,2,70,,323077,27,0,9,2,30,,323068,27,0,9,2,70,,323078,27,0,9,2,30,,323069,27,0,9,2,70,,323079,27,0,9,2
12704,'H50S000S-82-S',605,,323092,27,0,9,2,22,,323109,27,0,9,2,25,,323094,27,0,9,2,62,,323096,27,0,9,2,22,,323102,27,0,9,2,21,,323110,27,0,9,2,61,,323095,27,0,9,2,21,,323097,27,0,9,2,61,,323103,27,0,9,2,23,,323111,27,0,9,2,25,,323098,27,0,9,2,65,,323104,27,0,9,2,25,,323112,27,0,9,2,65,,323099,27,0,9,2,27,,323105,27,0,9,2,28,,323113,27,0,9,2,70,,323100,27,0,9,2,30,,323106,27,0,9,2,70,,323114,27,0,9,2,30,,323101,27,0,9,2,70,,323107,27,0,9,2,29,,323093,27,0,9,2,70,,323131,27,0,9,2,30,,323108,27,0,9,2,67,,323132,27,0,9,2,21,,323122,27,0,9,2,60,,323115,27,0,9,2,20,,323129,27,0,9,2,20,,323133,27,0,9,2,60,,323123,27,0,9,2,20,,323116,27,0,9,2,18,,323130,27,0,9,2,59,,323134,27,0,9,2,23,,323124,27,0,9,2,25,,323117,27,0,9,2,71,,323125,27,0,9,2,30,,323118,27,0,9,2,71,,323126,27,0,9,2,30,,323119,27,0,9,2,71,,323127,27,0,9,2,30,,323120,27,0,9,2,71,,323128,27,0,9,2,30,,323121,27,0,9,2
12704,'H50S100F-80-F1',758,,323159,27,0,9,2,70,,323135,27,0,9,2,31,,323167,27,0,9,2,70,,323160,27,0,9,2,30,,323136,27,0,9,2,70,,323168,27,0,9,2,30,,323161,27,0,9,2,70,,323137,27,0,9,2,30,,323169,27,0,9,2,70,,323162,27,0,9,2,30,,323138,27,0,9,2,70,,323170,27,0,9,2,30,,323163,27,0,9,2,70,,323139,27,0,9,2,30,,323149,27,0,9,2,71,,323164,27,0,9,2,70,,323140,27,0,9,2,31,,323150,27,0,9,2,69,,323165,27,0,9,2,29,,323141,27,0,9,2,28,,323151,27,0,9,2,70,,323166,27,0,9,2,28,,323142,27,0,9,2,71,,323152,27,0,9,2,31,,323143,27,0,9,2,69,,323153,27,0,9,2,30,,323144,27,0,9,2,69,,323154,27,0,9,2,30,,323145,27,0,9,2,69,,323155,27,0,9,2,30,,323146,27,0,9,2,70,,323156,27,0,9,2,30,,323147,27,0,9,2,70,,323157,27,0,9,2,30,,323148,27,0,9,2,70,,323158,27,0,9,2
12704,'H50S200F-80-F2',758,,323195,27,0,9,2,70,,323171,27,0,9,2,31,,323203,27,0,9,2,70,,323196,27,0,9,2,30,,323172,27,0,9,2,70,,323204,27,0,9,2,30,,323197,27,0,9,2,70,,323173,27,0,9,2,30,,323205,27,0,9,2,70,,323198,27,0,9,2,30,,323174,27,0,9,2,70,,323206,27,0,9,2,30,,323199,27,0,9,2,70,,323175,27,0,9,2,30,,323185,27,0,9,2,71,,323200,27,0,9,2,70,,323176,27,0,9,2,31,,323186,27,0,9,2,69,,323201,27,0,9,2,29,,323177,27,0,9,2,28,,323187,27,0,9,2,70,,323202,27,0,9,2,28,,323178,27,0,9,2,71,,323188,27,0,9,2,31,,323179,27,0,9,2,69,,323189,27,0,9,2,30,,323180,27,0,9,2,69,,323190,27,0,9,2,30,,323181,27,0,9,2,69,,323191,27,0,9,2,30,,323182,27,0,9,2,70,,323192,27,0,9,2,30,,323183,27,0,9,2,70,,323193,27,0,9,2,30,,323184,27,0,9,2,70,,323194,27,0,9,2
17501,'H50S000S-82-S',558,,333051,24,0,5,1,76,,333076,24,0,5,2,77,,333052,24,0,5,1,38,,333057,24,0,5,2,79,,333058,24,0,5,2,75,,333069,24,0,5,1,31,,333059,24,0,5,2,72,,333070,24,0,5,1,32,,333060,24,0,5,2,72,,333071,24,0,5,1,32,,333061,24,0,5,2,73,,333072,24,0,5,1,33,,333062,24,0,5,2,73,,333073,24,0,5,1,33,,333063,24,0,5,2,73,,333074,24,0,5,1,30,,333064,24,0,5,2,67,,333075,24,0,5,1,23,,333056,24,0,5,2,60,,333065,24,0,5,2,20,,333066,24,0,5,1,29,,333053,24,0,5,2,69,,333067,24,0,5,1,28,,333054,24,0,5,2,66,,333068,24,0,5,1,27,,333055,24,0,5,2
20201,'H50S000S-82-S',800,,340035,30,0,5,1,828,,340034,30,0,5,1,85,,340033,30,0,5,1
20201,'H60S000A-80-A',652,,340047,70,0,5,1,71,,340036,70,0,5,1,30,,340048,70,0,5,1,71,,340061,70,0,5,1,32,,340064,70,0,5,1,66,,340058,70,0,5,1,30,,340037,70,0,5,1,74,,340049,70,0,5,1,31,,340062,70,0,5,1,69,,340065,70,0,5,1,30,,340059,70,0,5,1,70,,340038,70,0,5,1,27,,340050,70,0,5,1,65,,340044,70,0,5,1,23,,340070,70,0,5,1,64,,340066,70,0,5,1,23,,340043,70,0,5,1,23,,340063,70,0,5,1,62,,340039,70,0,5,1,23,,340051,70,0,5,1,23,,340045,70,0,5,1,62,,340071,70,0,5,1,20,,340067,70,0,5,1,17,,340054,70,0,5,2,57,,340074,70,0,5,1,21,,340068,70,0,5,2,23,,340040,70,0,5,1,61,,340052,70,0,5,1,21,,340046,70,0,5,1,62,,340072,70,0,5,1,27,,340055,70,0,5,2,70,,340075,70,0,5,1,28,,340041,70,0,5,1,28,,340053,70,0,5,1,70,,340073,70,0,5,1,29,,340056,70,0,5,2,67,,340076,70,0,5,1,31,,340042,70,0,5,1,70,,340060,70,0,5,2,30,,340069,70,0,5,1,70,,340057,70,0,5,2,29,,340077,70,0,5,1
20201,'H60S000I-81-I',753,,340092,70,0,5,1,71,,340101,70,0,5,1,32,,340109,70,0,5,1,71,,340111,70,0,5,1,73,,340099,70,0,5,1,33,,340093,70,0,5,1,73,,340102,70,0,5,1,29,,340110,70,0,5,1,70,,340112,70,0,5,1,30,,340100,70,0,5,1,71,,340094,70,0,5,1,30,,340103,70,0,5,1,72,,340080,70,0,5,1,30,,340085,70,0,5,1,73,,340097,70,0,5,1,33,,340095,70,0,5,1,69,,340104,70,0,5,1,32,,340081,70,0,5,1,70,,340086,70,0,5,1,30,,340098,70,0,5,1,73,,340096,70,0,5,1,31,,340105,70,0,5,1,73,,340082,70,0,5,1,30,,340087,70,0,5,1,68,,340078,70,0,5,1,29,,340108,70,0,5,1,68,,340106,70,0,5,1,30,,340083,70,0,5,1,67,,340088,70,0,5,1,27,,340090,70,0,5,1,67,,340079,70,0,5,1,28,,340107,70,0,5,1,67,,340084,70,0,5,1,29,,340089,70,0,5,1,69,,340091,70,0,5,1
20201,'H60S000S-83-S',642,,340125,70,0,5,1,70,,340137,70,0,5,2,21,,340129,30,0,5,1,6,,340136,70,0,5,2,18,,340114,70,0,5,1,69,,340133,70,0,5,1,33,,340138,70,0,5,1,70,,340122,70,0,5,1,28,,340126,70,0,5,1,67,,340130,70,0,5,1,17,,340121,70,0,5,1,59,,340115,70,0,5,1,22,,340134,70,0,5,1,26,,340139,70,0,5,1,67,,340123,70,0,5,1,31,,340127,70,0,5,1,75,,340131,70,0,5,1,29,,340116,70,0,5,1,67,,340135,70,0,5,1,36,,340140,70,0,5,1,49,,340124,70,0,5,1,21,,340148,30,0,5,2,16,,340128,70,0,5,1,65,,340144,70,0,5,1,25,,340132,70,0,5,1,6,,340154,30,0,5,1,7,,340155,30,0,5,2,14,,340117,70,0,5,1,70,,340156,70,0,5,1,22,,340113,30,0,5,1,11,,340141,70,0,5,1,70,,340149,70,0,5,2,27,,340145,70,0,5,1,71,,340152,70,0,5,1,27,,340118,70,0,5,1,68,,340157,70,0,5,1,27,,340142,70,0,5,1,70,,340150,70,0,5,2,24,,340146,70,0,5,1,62,,340153,70,0,5,1,20,,340119,70,0,5,1,30,,340158,70,0,5,1,70,,340143,70,0,5,1,28,,340151,70,0,5,2,68,,340147,70,0,5,1,32,,340120,70,0,5,1
20201,'H60S100F-80-F1',753,,340179,70,0,5,1,71,,340182,70,0,5,2,32,,340185,70,0,5,1,71,,340183,70,0,5,1,73,,340159,70,0,5,1,33,,340164,70,0,5,2,73,,340168,70,0,5,1,29,,340180,70,0,5,1,70,,340184,70,0,5,1,30,,340160,70,0,5,1,71,,340165,70,0,5,2,30,,340169,70,0,5,1,72,,340186,70,0,5,1,30,,340174,70,0,5,2,73,,340181,70,0,5,1,33,,340166,70,0,5,2,69,,340170,70,0,5,1,32,,340187,70,0,5,1,70,,340175,70,0,5,2,30,,340191,70,0,5,1,73,,340167,70,0,5,2,31,,340171,70,0,5,1,73,,340188,70,0,5,1,30,,340176,70,0,5,2,68,,340161,70,0,5,1,29,,340192,70,0,5,2,68,,340172,70,0,5,1,30,,340189,70,0,5,1,67,,340177,70,0,5,2,27,,340162,70,0,5,1,67,,340193,70,0,5,2,28,,340173,70,0,5,1,67,,340190,70,0,5,1,29,,340178,70,0,5,2,69,,340163,70,0,5,1
20201,'H60S200F-80-F2',753,,340214,70,0,5,1,71,,340217,70,0,5,2,32,,340220,70,0,5,1,71,,340218,70,0,5,1,73,,340194,70,0,5,1,33,,340199,70,0,5,2,73,,340203,70,0,5,1,29,,340215,70,0,5,1,70,,340219,70,0,5,1,30,,340195,70,0,5,1,71,,340200,70,0,5,2,30,,340204,70,0,5,1,72,,340221,70,0,5,1,30,,340209,70,0,5,2,73,,340216,70,0,5,1,33,,340201,70,0,5,2,69,,340205,70,0,5,1,32,,340222,70,0,5,1,70,,340210,70,0,5,2,30,,340226,70,0,5,1,73,,340202,70,0,5,2,31,,340206,70,0,5,1,73,,340223,70,0,5,1,30,,340211,70,0,5,2,68,,340196,70,0,5,1,29,,340227,70,0,5,2,68,,340207,70,0,5,1,30,,340224,70,0,5,1,67,,340212,70,0,5,2,27,,340197,70,0,5,1,67,,340228,70,0,5,2,28,,340208,70,0,5,1,67,,340225,70,0,5,1,29,,340213,70,0,5,2,69,,340198,70,0,5,1
