20202,'H60S000A-80-A',646,,340240,47,0,10,1,63,,340252,47,0,10,2,19,,340257,47,0,10,1,17,,340239,47,0,10,1,58,,340261,47,0,10,2,22,,340229,47,0,10,1,26,,340241,47,0,10,1,71,,340254,47,0,10,1,33,,340258,47,0,10,1,70,,340250,47,0,10,1,29,,340230,47,0,10,1,67,,340242,47,0,10,1,32,,340255,47,0,10,1,73,,340259,47,0,10,1,32,,340251,47,0,10,1,71,,340231,47,0,10,1,24,,340243,47,0,10,1,60,,340237,47,0,10,1,24,,340264,47,0,10,1,68,,340260,47,0,10,1,23,,340236,47,0,10,1,22,,340256,47,0,10,1,62,,340232,47,0,10,1,25,,340244,47,0,10,1,65,,340238,47,0,10,1,27,,340265,47,0,10,1,24,,340247,47,0,10,2,61,,340268,47,0,10,1,22,,340262,47,0,10,2,22,,340233,47,0,10,1,66,,340245,47,0,10,1,31,,340266,47,0,10,1,71,,340248,47,0,10,2,30,,340269,47,0,10,1,69,,340234,47,0,10,1,29,,340246,47,0,10,1,69,,340267,47,0,10,1,28,,340249,47,0,10,2,69,,340270,47,0,10,1,28,,340235,47,0,10,1,68,,340253,47,0,10,2,28,,340263,47,0,10,1
20202,'H60S000I-81-I',644,,340274,47,0,10,1,67,,340275,47,0,10,1,29,,340271,47,0,10,1,71,,340293,47,0,10,1,32,,340286,47,0,10,1,71,,340296,47,0,10,1,33,,340304,47,0,10,1,72,,340306,47,0,10,1,33,,340294,47,0,10,1,74,,340287,47,0,10,1,32,,340297,47,0,10,1,70,,340305,47,0,10,1,31,,340307,47,0,10,1,70,,340295,47,0,10,1,71,,340288,47,0,10,1,30,,340298,47,0,10,1,72,,340276,47,0,10,1,30,,340281,47,0,10,1,73,,340291,47,0,10,1,33,,340289,47,0,10,1,69,,340299,47,0,10,1,32,,340277,47,0,10,1,70,,340282,47,0,10,1,30,,340292,47,0,10,1,72,,340290,47,0,10,1,32,,340300,47,0,10,1,72,,340278,47,0,10,1,28,,340283,47,0,10,1,68,,340272,47,0,10,1,28,,340303,47,0,10,1,68,,340301,47,0,10,1,30,,340279,47,0,10,1,70,,340284,47,0,10,1,29,,340285,47,0,10,1,69,,340273,47,0,10,1,28,,340302,47,0,10,1,68,,340280,47,0,10,1
20202,'H60S000S-83-S',629,,340325,47,0,10,1,72,,340329,47,0,10,1,33,,340315,47,0,10,1,70,,340318,47,0,10,1,32,,340322,47,0,10,1,71,,340308,47,0,10,1,29,,340326,47,0,10,1,70,,340330,47,0,10,1,27,,340316,47,0,10,1,70,,340319,47,0,10,1,21,,340323,47,0,10,1,18,,340314,47,0,10,1,61,,340309,47,0,10,1,23,,340327,47,0,10,1,24,,340331,47,0,10,1,64,,340317,47,0,10,1,17,,340336,47,0,10,1,16,,340320,47,0,10,1,59,,340337,47,0,10,1,24,,340324,47,0,10,1,24,,340310,47,0,10,1,64,,340328,47,0,10,1,21,,340341,47,0,10,2,19,,340332,47,0,10,1,57,,340346,47,0,10,1,16,,340342,47,0,10,2,18,,340321,47,0,10,1,61,,340338,47,0,10,1,26,,340348,47,0,10,1,70,,340311,47,0,10,1,32,,340349,47,0,10,1,70,,340333,47,0,10,1,30,,340343,47,0,10,2,67,,340339,47,0,10,1,22,,340347,47,0,10,1,24,,340312,47,0,10,1,68,,340350,47,0,10,1,30,,340334,47,0,10,1,69,,340344,47,0,10,2,30,,340340,47,0,10,1,72,,340313,47,0,10,1,31,,340351,47,0,10,1,70,,340335,47,0,10,1,30,,340345,47,0,10,2
20202,'H60S100F-80-F1',644,,340357,47,0,10,1,67,,340362,47,0,10,1,29,,340352,47,0,10,1,71,,340376,47,0,10,2,32,,340373,47,0,10,1,71,,340377,47,0,10,2,33,,340380,47,0,10,1,72,,340378,47,0,10,1,33,,340353,47,0,10,1,74,,340358,47,0,10,2,32,,340363,47,0,10,1,70,,340374,47,0,10,1,31,,340379,47,0,10,1,70,,340354,47,0,10,1,71,,340359,47,0,10,2,30,,340364,47,0,10,1,72,,340381,47,0,10,1,30,,340369,47,0,10,2,73,,340375,47,0,10,1,33,,340360,47,0,10,2,69,,340365,47,0,10,1,32,,340382,47,0,10,1,70,,340370,47,0,10,2,30,,340386,47,0,10,1,72,,340361,47,0,10,2,32,,340366,47,0,10,1,72,,340383,47,0,10,1,28,,340371,47,0,10,2,68,,340355,47,0,10,1,28,,340387,47,0,10,2,68,,340367,47,0,10,1,30,,340384,47,0,10,1,70,,340372,47,0,10,2,29,,340356,47,0,10,1,69,,340388,47,0,10,2,28,,340368,47,0,10,1,68,,340385,47,0,10,1
20202,'H60S200F-80-F2',644,,340394,47,0,10,1,67,,340399,47,0,10,1,29,,340389,47,0,10,1,71,,340413,47,0,10,2,32,,340410,47,0,10,1,71,,340414,47,0,10,2,33,,340417,47,0,10,1,72,,340415,47,0,10,1,33,,340390,47,0,10,1,74,,340395,47,0,10,2,32,,340400,47,0,10,1,70,,340411,47,0,10,1,31,,340416,47,0,10,1,70,,340391,47,0,10,1,71,,340396,47,0,10,2,30,,340401,47,0,10,1,72,,340418,47,0,10,1,30,,340406,47,0,10,2,73,,340412,47,0,10,1,33,,340397,47,0,10,2,69,,340402,47,0,10,1,32,,340419,47,0,10,1,70,,340407,47,0,10,2,30,,340423,47,0,10,1,72,,340398,47,0,10,2,32,,340403,47,0,10,1,72,,340420,47,0,10,1,28,,340408,47,0,10,2,68,,340392,47,0,10,1,28,,340424,47,0,10,2,68,,340404,47,0,10,1,30,,340421,47,0,10,1,70,,340409,47,0,10,2,29,,340393,47,0,10,1,69,,340425,47,0,10,2,28,,340405,47,0,10,1,68,,340422,47,0,10,1
20903,'H60S000A-80-A',501,,342538,6,0,8,1,31,,342552,6,0,8,2,71,,342553,6,0,8,1,30,,342539,6,0,8,1,70,,342566,6,0,8,1,31,,342554,6,0,8,1,71,,342540,6,0,8,1,29,,342567,6,0,8,1,71,,342555,6,0,8,1,31,,342541,6,0,8,1,69,,342568,6,0,8,1,31,,342556,6,0,8,1,71,,342542,6,0,8,1,33,,342569,6,0,8,1,73,,342557,6,0,8,1,31,,342543,6,0,8,1,73,,342570,6,0,8,1,33,,342558,6,0,8,1,72,,342544,6,0,8,1,32,,342571,6,0,8,1,73,,342559,6,0,8,1,32,,342545,6,0,8,1,72,,342572,6,0,8,1,72,,342560,6,0,8,1,32,,342546,6,0,8,1,72,,342573,6,0,8,1,31,,342561,6,0,8,1,70,,342547,6,0,8,1,32,,342574,6,0,8,1,71,,342562,6,0,8,1,29,,342548,6,0,8,1,69,,342575,6,0,8,1,29,,342563,6,0,8,1,69,,342549,6,0,8,1,30,,342576,6,0,8,1,69,,342564,6,0,8,1,29,,342550,6,0,8,1,69,,342577,6,0,8,1,28,,342565,6,0,8,1,68,,342551,6,0,8,1
20903,'H60S000I-81-I',502,,342578,6,0,8,1,31,,342580,6,0,8,2,71,,342598,6,0,8,1,30,,342579,6,0,8,1,70,,342581,6,0,8,2,31,,342599,6,0,8,1,70,,342589,6,0,8,1,30,,342582,6,0,8,2,71,,342600,6,0,8,1,31,,342590,6,0,8,1,69,,342583,6,0,8,2,31,,342601,6,0,8,1,72,,342591,6,0,8,1,32,,342584,6,0,8,2,72,,342602,6,0,8,1,32,,342592,6,0,8,1,73,,342585,6,0,8,2,33,,342603,6,0,8,1,72,,342593,6,0,8,1,32,,342586,6,0,8,2,73,,342604,6,0,8,1,72,,342594,6,0,8,1,32,,342587,6,0,8,2,72,,342605,6,0,8,1,32,,342595,6,0,8,1,72,,342588,6,0,8,2,33,,342606,6,0,8,1,70,,342596,6,0,8,1,33,,342610,6,0,8,1,72,,342614,6,0,8,1,30,,342597,6,0,8,1,69,,342611,6,0,8,1,29,,342615,6,0,8,1,70,,342607,6,0,8,1,29,,342612,6,0,8,1,67,,342616,6,0,8,1,29,,342608,6,0,8,1,68,,342613,6,0,8,1,27,,342617,6,0,8,1,69,,342609,6,0,8,1
20903,'H60S000S-83-S',503,,342623,6,0,8,1,33,,342631,6,0,8,2,73,,342633,6,0,8,2,31,,342644,6,0,8,1,15,,342624,6,0,8,1,57,,342655,6,0,8,2,15,,342632,6,0,8,2,16,,342618,6,0,8,1,57,,342634,6,0,8,2,25,,342645,6,0,8,1,32,,342625,6,0,8,1,71,,342619,6,0,8,1,31,,342635,6,0,8,2,69,,342646,6,0,8,1,30,,342626,6,0,8,1,70,,342620,6,0,8,1,30,,342636,6,0,8,2,70,,342647,6,0,8,1,30,,342627,6,0,8,1,69,,342621,6,0,8,1,29,,342637,6,0,8,2,67,,342648,6,0,8,1,27,,342628,6,0,8,1,67,,342622,6,0,8,1,27,,342638,6,0,8,2,59,,342658,6,0,8,1,18,,342649,6,0,8,1,16,,342656,6,0,8,1,15,,342629,6,0,8,1,55,,342657,6,0,8,1,15,,342660,6,0,8,1,16,,342639,6,0,8,2,17,,342659,6,0,8,1,61,,342650,6,0,8,1,23,,342630,6,0,8,1,67,,342661,6,0,8,1,31,,342640,6,0,8,2,71,,342651,6,0,8,1,32,,342662,6,0,8,1,71,,342641,6,0,8,2,30,,342652,6,0,8,1,71,,342663,6,0,8,1,28,,342642,6,0,8,2,70,,342653,6,0,8,1,30,,342664,6,0,8,1,67,,342643,6,0,8,2,27,,342654,6,0,8,1
20903,'H60S100F-80-F1',502,,342665,6,0,8,1,31,,342679,6,0,8,2,71,,342686,6,0,8,2,30,,342666,6,0,8,1,70,,342680,6,0,8,2,31,,342687,6,0,8,2,70,,342667,6,0,8,1,30,,342681,6,0,8,2,71,,342688,6,0,8,2,31,,342668,6,0,8,1,69,,342682,6,0,8,2,31,,342689,6,0,8,2,72,,342669,6,0,8,1,32,,342683,6,0,8,2,72,,342690,6,0,8,2,32,,342670,6,0,8,1,73,,342684,6,0,8,2,33,,342691,6,0,8,2,72,,342671,6,0,8,1,32,,342685,6,0,8,2,73,,342692,6,0,8,2,72,,342672,6,0,8,1,32,,342695,6,0,8,1,72,,342693,6,0,8,2,32,,342673,6,0,8,1,72,,342696,6,0,8,1,33,,342694,6,0,8,2,70,,342674,6,0,8,1,33,,342697,6,0,8,1,72,,342701,6,0,8,1,30,,342675,6,0,8,1,69,,342698,6,0,8,1,29,,342702,6,0,8,1,70,,342676,6,0,8,1,29,,342699,6,0,8,1,67,,342703,6,0,8,1,29,,342677,6,0,8,1,68,,342700,6,0,8,1,27,,342704,6,0,8,1,69,,342678,6,0,8,1
20903,'H60S200F-80-F2',502,,342705,6,0,8,1,31,,342719,6,0,8,2,71,,342726,6,0,8,2,30,,342706,6,0,8,1,70,,342720,6,0,8,2,31,,342727,6,0,8,2,70,,342707,6,0,8,1,30,,342721,6,0,8,2,71,,342728,6,0,8,2,31,,342708,6,0,8,1,69,,342722,6,0,8,2,31,,342729,6,0,8,2,72,,342709,6,0,8,1,32,,342723,6,0,8,2,72,,342730,6,0,8,2,32,,342710,6,0,8,1,73,,342724,6,0,8,2,33,,342731,6,0,8,2,72,,342711,6,0,8,1,32,,342725,6,0,8,2,73,,342732,6,0,8,2,72,,342712,6,0,8,1,32,,342735,6,0,8,1,72,,342733,6,0,8,2,32,,342713,6,0,8,1,72,,342736,6,0,8,1,33,,342734,6,0,8,2,70,,342714,6,0,8,1,33,,342737,6,0,8,1,72,,342741,6,0,8,1,30,,342715,6,0,8,1,69,,342738,6,0,8,1,29,,342742,6,0,8,1,70,,342716,6,0,8,1,29,,342739,6,0,8,1,67,,342743,6,0,8,1,29,,342717,6,0,8,1,68,,342740,6,0,8,1,27,,342744,6,0,8,1,69,,342718,6,0,8,1
