11002,'H56S000A-80-A',620,,318996,49,0,10,1,31,,319001,49,0,10,1,71,,319005,49,0,10,1,29,,319032,49,0,10,1,70,,318997,49,0,10,1,30,,319002,49,0,10,1,75,,319006,49,0,10,1,32,,319033,49,0,10,1,71,,318998,49,0,10,1,71,,319003,49,0,10,1,31,,318995,49,0,10,1,71,,319004,49,0,10,1,33,,319011,49,0,10,1,72,,319018,49,0,10,1,35,,319026,49,0,10,1,73,,319023,49,0,10,1,33,,319007,49,0,10,1,69,,319012,49,0,10,1,29,,319019,49,0,10,1,70,,319027,49,0,10,1,29,,319024,49,0,10,1,68,,319008,49,0,10,1,25,,319013,49,0,10,1,69,,319020,49,0,10,1,27,,319028,49,0,10,1,66,,319025,49,0,10,1,30,,319009,49,0,10,1,73,,319014,49,0,10,1,30,,319021,49,0,10,1,73,,319029,49,0,10,1,31,,319010,49,0,10,1,68,,319015,49,0,10,1,31,,319022,49,0,10,1,68,,318994,49,0,10,1,27,,319034,49,0,10,1,26,,319016,49,0,10,1,67,,319030,49,0,10,1,28,,318999,49,0,10,1,69,,319035,49,0,10,1,27,,319017,49,0,10,1,66,,319031,49,0,10,1,28,,319000,49,0,10,1
11002,'H56S000I-80-I',649,,319040,49,0,10,1,69,,319071,49,0,10,1,32,,319073,49,0,10,1,70,,319047,49,0,10,1,30,,319041,49,0,10,1,73,,319072,49,0,10,1,35,,319074,49,0,10,1,71,,319048,49,0,10,1,71,,319042,49,0,10,1,31,,319046,49,0,10,1,70,,319075,49,0,10,1,31,,319045,49,0,10,1,72,,319068,49,0,10,1,35,,319065,49,0,10,1,73,,319049,49,0,10,1,32,,319055,49,0,10,1,72,,319063,49,0,10,1,29,,319069,49,0,10,1,68,,319066,49,0,10,1,29,,319050,49,0,10,1,69,,319056,49,0,10,1,28,,319064,49,0,10,1,68,,319070,49,0,10,1,28,,319067,49,0,10,1,70,,319051,49,0,10,1,28,,319057,49,0,10,1,71,,319043,49,0,10,1,30,,319036,49,0,10,1,72,,319052,49,0,10,1,30,,319058,49,0,10,1,69,,319044,49,0,10,1,29,,319037,49,0,10,1,69,,319053,49,0,10,1,28,,319059,49,0,10,1,27,,319061,49,0,10,1,67,,319038,49,0,10,1,28,,319054,49,0,10,1,68,,319060,49,0,10,1,27,,319062,49,0,10,1,66,,319039,49,0,10,1
11002,'H56S000S-82-S',603,,319076,49,0,10,1,31,,319085,49,0,10,1,79,,319112,49,0,10,1,19,,319094,49,0,10,1,70,,319102,49,0,10,1,29,,319077,49,0,10,1,69,,319086,49,0,10,1,32,,319106,49,0,10,1,70,,319095,49,0,10,1,30,,319103,49,0,10,1,74,,319078,49,0,10,1,31,,319087,49,0,10,1,71,,319107,49,0,10,1,33,,319096,49,0,10,1,69,,319104,49,0,10,1,29,,319079,49,0,10,1,69,,319088,49,0,10,1,30,,319100,49,0,10,1,76,,319097,49,0,10,1,30,,319105,49,0,10,1,72,,319080,49,0,10,1,31,,319089,49,0,10,1,66,,319101,49,0,10,1,24,,319110,49,0,10,1,65,,319098,49,0,10,1,13,,319111,49,0,10,1,14,,319108,49,0,10,1,28,,319081,49,0,10,1,69,,319090,49,0,10,1,29,,319113,49,0,10,1,67,,319099,49,0,10,1,27,,319109,49,0,10,1,67,,319082,49,0,10,1,26,,319091,49,0,10,1,68,,319114,49,0,10,1,31,,319117,49,0,10,1,72,,319083,49,0,10,1,33,,319092,49,0,10,1,71,,319115,49,0,10,1,30,,319118,49,0,10,1,68,,319084,49,0,10,1,27,,319093,49,0,10,1,65,,319116,49,0,10,1
11002,'H56S100F-80-F1',649,,319123,49,0,10,1,69,,319154,49,0,10,1,32,,319156,49,0,10,1,70,,319130,49,0,10,1,30,,319124,49,0,10,1,73,,319155,49,0,10,1,35,,319157,49,0,10,1,71,,319131,49,0,10,1,71,,319125,49,0,10,1,31,,319129,49,0,10,1,70,,319158,49,0,10,1,31,,319128,49,0,10,1,72,,319151,49,0,10,1,35,,319148,49,0,10,1,73,,319132,49,0,10,1,32,,319138,49,0,10,1,72,,319146,49,0,10,1,29,,319152,49,0,10,1,68,,319149,49,0,10,1,29,,319133,49,0,10,1,69,,319139,49,0,10,1,28,,319147,49,0,10,1,68,,319153,49,0,10,1,28,,319150,49,0,10,1,70,,319134,49,0,10,1,28,,319140,49,0,10,1,71,,319126,49,0,10,1,30,,319119,49,0,10,1,72,,319135,49,0,10,1,30,,319141,49,0,10,1,69,,319127,49,0,10,1,29,,319120,49,0,10,1,69,,319136,49,0,10,1,28,,319142,49,0,10,1,27,,319144,49,0,10,1,67,,319121,49,0,10,1,28,,319137,49,0,10,1,68,,319143,49,0,10,1,27,,319145,49,0,10,1,66,,319122,49,0,10,1
11002,'H56S200F-80-F2',649,,319163,49,0,10,1,69,,319194,49,0,10,1,32,,319196,49,0,10,1,70,,319170,49,0,10,1,30,,319164,49,0,10,1,73,,319195,49,0,10,1,35,,319197,49,0,10,1,71,,319171,49,0,10,1,71,,319165,49,0,10,1,31,,319169,49,0,10,1,70,,319198,49,0,10,1,31,,319168,49,0,10,1,72,,319191,49,0,10,1,35,,319188,49,0,10,1,73,,319172,49,0,10,1,32,,319178,49,0,10,1,72,,319186,49,0,10,1,29,,319192,49,0,10,1,68,,319189,49,0,10,1,29,,319173,49,0,10,1,69,,319179,49,0,10,1,28,,319187,49,0,10,1,68,,319193,49,0,10,1,28,,319190,49,0,10,1,70,,319174,49,0,10,1,28,,319180,49,0,10,1,71,,319166,49,0,10,1,30,,319159,49,0,10,1,72,,319175,49,0,10,1,30,,319181,49,0,10,1,69,,319167,49,0,10,1,29,,319160,49,0,10,1,69,,319176,49,0,10,1,28,,319182,49,0,10,1,27,,319184,49,0,10,1,67,,319161,49,0,10,1,28,,319177,49,0,10,1,68,,319183,49,0,10,1,27,,319185,49,0,10,1,66,,319162,49,0,10,1
19502,'H56S000A-80-A',559,,338073,25,0,10,2,72,,338072,25,0,10,1,71,,338084,25,0,10,2,31,,338088,25,0,10,1,71,,338074,25,0,10,2,33,,338103,25,0,10,1,71,,338085,25,0,10,2,32,,338089,25,0,10,1,70,,338075,25,0,10,2,31,,338104,25,0,10,1,71,,338086,25,0,10,2,30,,338090,25,0,10,1,71,,338076,25,0,10,2,30,,338105,25,0,10,1,70,,338087,25,0,10,2,32,,338091,25,0,10,1,71,,338077,25,0,10,2,31,,338106,25,0,10,1,71,,338098,25,0,10,2,31,,338092,25,0,10,1,71,,338078,25,0,10,2,31,,338107,25,0,10,1,71,,338099,25,0,10,2,29,,338093,25,0,10,1,68,,338079,25,0,10,2,30,,338108,25,0,10,1,69,,338100,25,0,10,2,27,,338094,25,0,10,1,69,,338080,25,0,10,2,29,,338109,25,0,10,1,70,,338101,25,0,10,2,30,,338095,25,0,10,1,69,,338081,25,0,10,2,29,,338110,25,0,10,1,68,,338102,25,0,10,2,30,,338096,25,0,10,1,70,,338082,25,0,10,2,29,,338111,25,0,10,1,68,,338113,25,0,10,2,29,,338097,25,0,10,1,69,,338083,25,0,10,2,29,,338112,25,0,10,1
19502,'H56S000I-80-I',600,,338114,25,0,10,2,32,,338116,25,0,10,1,71,,338126,25,0,10,2,31,,338134,25,0,10,1,71,,338115,25,0,10,2,31,,338117,25,0,10,1,70,,338127,25,0,10,2,32,,338135,25,0,10,1,71,,338144,25,0,10,2,31,,338118,25,0,10,1,72,,338128,25,0,10,2,29,,338136,25,0,10,1,70,,338145,25,0,10,2,30,,338119,25,0,10,1,70,,338129,25,0,10,2,31,,338139,25,0,10,1,71,,338146,25,0,10,2,30,,338120,25,0,10,1,70,,338130,25,0,10,2,29,,338140,25,0,10,1,70,,338147,25,0,10,2,31,,338121,25,0,10,1,70,,338131,25,0,10,2,30,,338141,25,0,10,1,70,,338148,25,0,10,2,28,,338122,25,0,10,1,70,,338132,25,0,10,2,30,,338142,25,0,10,1,67,,338149,25,0,10,2,30,,338123,25,0,10,1,70,,338133,25,0,10,2,30,,338143,25,0,10,1,70,,338150,25,0,10,2,30,,338124,25,0,10,1,70,,338137,25,0,10,1,30,,338153,25,0,10,1,70,,338151,25,0,10,2,29,,338125,25,0,10,1,69,,338138,25,0,10,1,29,,338154,25,0,10,1,68,,338152,25,0,10,2
19502,'H56S000S-82-S',533,,338173,25,0,10,1,69,,338172,25,0,10,2,33,,338162,25,0,10,1,66,,338161,25,0,10,2,29,,338174,25,0,10,1,22,,338182,25,0,10,1,55,,338186,25,0,10,2,17,,338194,25,0,10,2,3,,338155,25,0,10,1,23,,338163,25,0,10,1,62,,338156,25,0,10,1,24,,338175,25,0,10,1,70,,338183,25,0,10,1,30,,338187,25,0,10,2,71,,338164,25,0,10,1,31,,338176,25,0,10,1,71,,338184,25,0,10,1,31,,338188,25,0,10,2,71,,338165,25,0,10,1,30,,338177,25,0,10,1,70,,338185,25,0,10,1,30,,338189,25,0,10,2,70,,338166,25,0,10,1,28,,338195,25,0,10,2,71,,338158,25,0,10,2,30,,338157,25,0,10,1,71,,338190,25,0,10,2,32,,338167,25,0,10,1,73,,338196,25,0,10,2,32,,338178,25,0,10,1,70,,338191,25,0,10,2,29,,338168,25,0,10,1,68,,338197,25,0,10,2,28,,338179,25,0,10,1,69,,338192,25,0,10,2,30,,338169,25,0,10,1,69,,338198,25,0,10,2,29,,338180,25,0,10,1,68,,338193,25,0,10,2,30,,338170,25,0,10,1,70,,338159,25,0,10,1,29,,338181,25,0,10,1,69,,338199,25,0,10,2,29,,338171,25,0,10,1,69,,338160,25,0,10,1
19502,'H56S100F-80-F1',600,,338200,25,0,10,2,32,,338202,25,0,10,1,71,,338212,25,0,10,2,31,,338220,25,0,10,1,71,,338201,25,0,10,2,31,,338203,25,0,10,1,70,,338213,25,0,10,2,32,,338221,25,0,10,1,71,,338230,25,0,10,2,31,,338204,25,0,10,1,72,,338214,25,0,10,2,29,,338222,25,0,10,1,70,,338231,25,0,10,2,30,,338205,25,0,10,1,70,,338215,25,0,10,2,31,,338225,25,0,10,1,71,,338232,25,0,10,2,30,,338206,25,0,10,1,70,,338216,25,0,10,2,29,,338226,25,0,10,1,70,,338233,25,0,10,2,31,,338207,25,0,10,1,70,,338217,25,0,10,2,30,,338227,25,0,10,1,70,,338234,25,0,10,2,28,,338208,25,0,10,1,70,,338218,25,0,10,2,30,,338228,25,0,10,1,67,,338235,25,0,10,2,30,,338209,25,0,10,1,70,,338219,25,0,10,2,30,,338229,25,0,10,1,70,,338236,25,0,10,2,30,,338210,25,0,10,1,70,,338223,25,0,10,1,30,,338239,25,0,10,1,70,,338237,25,0,10,2,29,,338211,25,0,10,1,69,,338224,25,0,10,1,29,,338240,25,0,10,1,68,,338238,25,0,10,2
19502,'H56S200F-80-F2',600,,338241,25,0,10,2,32,,338243,25,0,10,1,71,,338253,25,0,10,2,31,,338261,25,0,10,1,71,,338242,25,0,10,2,31,,338244,25,0,10,1,70,,338254,25,0,10,2,32,,338262,25,0,10,1,71,,338271,25,0,10,2,31,,338245,25,0,10,1,72,,338255,25,0,10,2,29,,338263,25,0,10,1,70,,338272,25,0,10,2,30,,338246,25,0,10,1,70,,338256,25,0,10,2,31,,338266,25,0,10,1,71,,338273,25,0,10,2,30,,338247,25,0,10,1,70,,338257,25,0,10,2,29,,338267,25,0,10,1,70,,338274,25,0,10,2,31,,338248,25,0,10,1,70,,338258,25,0,10,2,30,,338268,25,0,10,1,70,,338275,25,0,10,2,28,,338249,25,0,10,1,70,,338259,25,0,10,2,30,,338269,25,0,10,1,67,,338276,25,0,10,2,30,,338250,25,0,10,1,70,,338260,25,0,10,2,30,,338270,25,0,10,1,70,,338277,25,0,10,2,30,,338251,25,0,10,1,70,,338264,25,0,10,1,30,,338280,25,0,10,1,70,,338278,25,0,10,2,29,,338252,25,0,10,1,69,,338265,25,0,10,1,29,,338281,25,0,10,1,68,,338279,25,0,10,2
