8502,'H59S000A-80-A',535,,310788,60,4,,1,81,,310795,60,4,,1,40,,310796,60,4,,1,82,,310789,60,4,,1,86,,310807,60,4,,2,82,,310797,60,4,,1,41,,310790,60,4,,1,82,,310808,60,4,,2,82,,310798,60,4,,1,41,,310791,60,4,,1,83,,310809,60,4,,2,83,,310799,60,4,,1,83,,310792,60,4,,1,33,,310810,60,4,,2,73,,310802,60,4,,1,35,,310800,60,4,,1,74,,310793,60,4,,1,34,,310811,60,4,,2,72,,310803,60,4,,1,34,,310801,60,4,,1,73,,310794,60,4,,1,72,,310812,60,4,,2,42,,310804,60,4,,1,81,,310816,60,4,,1,83,,310813,60,4,,2,45,,310805,60,4,,1,85,,310817,60,4,,1,84,,310814,60,4,,2,84,,310806,60,4,,1,43,,310818,60,4,,1,85,,310815,60,4,,2
8502,'H59S000I-81-I',549,,310819,60,4,,1,83,,310823,60,4,,2,85,,310830,60,4,,1,87,,310842,60,4,,1,44,,310824,60,4,,2,83,,310831,60,4,,1,84,,310843,60,4,,1,42,,310825,60,4,,2,81,,310832,60,4,,1,80,,310844,60,4,,1,41,,310826,60,4,,2,82,,310833,60,4,,1,73,,310848,60,4,,2,32,,310845,60,4,,1,73,,310827,60,4,,2,32,,310834,60,4,,1,72,,310849,60,4,,2,32,,310846,60,4,,1,69,,310828,60,4,,2,32,,310835,60,4,,1,71,,310850,60,4,,2,32,,310847,60,4,,1,72,,310829,60,4,,2,73,,310836,60,4,,1,37,,310820,60,4,,1,78,,310839,60,4,,1,81,,310837,60,4,,1,39,,310821,60,4,,1,83,,310840,60,4,,1,83,,310838,60,4,,1,43,,310822,60,4,,1,83,,310841,60,4,,1
8502,'H59S000S-80-S',540,,310851,60,4,,1,76,,310854,60,4,,2,33,,310864,60,4,,2,68,,310856,60,4,,1,23,,310869,60,4,,2,65,,310871,60,4,,2,20,,310886,60,4,,1,17,,310855,60,4,,2,16,,310888,60,4,,1,59,,310865,60,4,,2,25,,310857,60,4,,1,68,,310870,60,4,,2,29,,310887,60,4,,1,68,,310889,60,4,,1,28,,310866,60,4,,2,73,,310858,60,4,,1,33,,310875,60,4,,2,74,,310872,60,4,,1,33,,310867,60,4,,2,70,,310879,60,4,,2,33,,310859,60,4,,1,73,,310876,60,4,,2,32,,310873,60,4,,1,70,,310868,60,4,,2,75,,310880,60,4,,2,35,,310860,60,4,,1,69,,310877,60,4,,2,31,,310874,60,4,,1,70,,310884,60,4,,1,31,,310881,60,4,,2,73,,310861,60,4,,1,33,,310878,60,4,,2,72,,310885,60,4,,1,37,,310882,60,4,,2,83,,310862,60,4,,1,84,,310852,60,4,,1,82,,310883,60,4,,2,32,,310863,60,4,,1,88,,310853,60,4,,1
8502,'H59S100F-80-F1',549,,310890,60,4,,1,83,,310891,60,4,,2,85,,310898,60,4,,1,87,,310910,60,4,,1,44,,310892,60,4,,2,83,,310899,60,4,,1,84,,310911,60,4,,1,42,,310893,60,4,,2,81,,310900,60,4,,1,80,,310912,60,4,,1,41,,310894,60,4,,2,82,,310901,60,4,,1,73,,310919,60,4,,2,32,,310913,60,4,,1,73,,310895,60,4,,2,32,,310902,60,4,,1,72,,310920,60,4,,2,32,,310914,60,4,,1,69,,310896,60,4,,2,32,,310903,60,4,,1,71,,310921,60,4,,2,32,,310915,60,4,,1,72,,310897,60,4,,2,73,,310904,60,4,,1,37,,310916,60,4,,1,78,,310907,60,4,,1,81,,310905,60,4,,1,39,,310917,60,4,,1,83,,310908,60,4,,1,83,,310906,60,4,,1,43,,310918,60,4,,1,83,,310909,60,4,,1
8502,'H59S200F-80-F2',549,,310922,60,4,,1,83,,310923,60,4,,2,85,,310930,60,4,,1,87,,310942,60,4,,1,44,,310924,60,4,,2,83,,310931,60,4,,1,84,,310943,60,4,,1,42,,310925,60,4,,2,81,,310932,60,4,,1,80,,310944,60,4,,1,41,,310926,60,4,,2,82,,310933,60,4,,1,73,,310951,60,4,,2,32,,310945,60,4,,1,73,,310927,60,4,,2,32,,310934,60,4,,1,72,,310952,60,4,,2,32,,310946,60,4,,1,69,,310928,60,4,,2,32,,310935,60,4,,1,71,,310953,60,4,,2,32,,310947,60,4,,1,72,,310929,60,4,,2,73,,310936,60,4,,1,37,,310948,60,4,,1,78,,310939,60,4,,1,81,,310937,60,4,,1,39,,310949,60,4,,1,83,,310940,60,4,,1,83,,310938,60,4,,1,43,,310950,60,4,,1,83,,310941,60,4,,1
9404,'H59S000A-80-A',534,,312930,27,0,9,1,68,,312935,27,0,9,2,28,,312931,27,0,9,1,70,,312936,27,0,9,2,30,,312932,27,0,9,1,29,,312937,27,0,9,2,69,,312933,27,0,9,1,73,,312938,27,0,9,2,32,,312934,27,0,9,1,73,,312939,27,0,9,2,32,,312960,27,0,9,2,72,,312945,27,0,9,1,33,,312959,27,0,9,2,73,,312961,27,0,9,2,35,,312946,27,0,9,1,72,,312962,27,0,9,1,31,,312947,27,0,9,2,71,,312940,27,0,9,1,28,,312963,27,0,9,1,66,,312948,27,0,9,2,26,,312941,27,0,9,1,67,,312964,27,0,9,1,26,,312949,27,0,9,2,67,,312942,27,0,9,1,26,,312965,27,0,9,1,26,,312950,27,0,9,2,67,,312943,27,0,9,1,25,,312966,27,0,9,1,64,,312951,27,0,9,2,26,,312944,27,0,9,1,66,,312967,27,0,9,1,31,,312952,27,0,9,2,71,,312968,27,0,9,1,31,,312953,27,0,9,2,71,,312969,27,0,9,1,30,,312954,27,0,9,2,71,,312970,27,0,9,1,30,,312955,27,0,9,2,67,,312971,27,0,9,1,28,,312956,27,0,9,2,70,,312972,27,0,9,1,31,,312957,27,0,9,2,71,,312973,27,0,9,1,31,,312958,27,0,9,2
9404,'H59S000I-81-I',533,,312974,27,0,9,1,67,,312985,27,0,9,2,28,,312975,27,0,9,1,29,,312986,27,0,9,2,68,,312976,27,0,9,1,27,,312987,27,0,9,2,68,,312977,27,0,9,1,31,,312988,27,0,9,2,70,,312978,27,0,9,1,31,,312989,27,0,9,2,71,,313003,27,0,9,2,30,,312979,27,0,9,1,70,,312990,27,0,9,2,29,,313004,27,0,9,2,69,,312980,27,0,9,1,33,,312991,27,0,9,2,72,,313005,27,0,9,2,32,,312981,27,0,9,1,70,,312992,27,0,9,2,31,,313006,27,0,9,2,70,,312982,27,0,9,1,30,,312993,27,0,9,2,71,,313007,27,0,9,2,70,,312983,27,0,9,1,32,,312994,27,0,9,2,72,,313008,27,0,9,2,30,,312984,27,0,9,1,71,,312995,27,0,9,2,27,,313009,27,0,9,2,70,,312997,27,0,9,1,31,,313010,27,0,9,2,70,,312998,27,0,9,1,28,,313011,27,0,9,2,69,,312999,27,0,9,1,30,,313012,27,0,9,2,70,,313000,27,0,9,1,31,,313013,27,0,9,2,71,,313001,27,0,9,1,29,,313014,27,0,9,2,77,,313002,27,0,9,1,40,,312996,27,0,9,1
9404,'H59S000S-80-S',535,,313061,27,0,9,1,69,,313016,27,0,9,2,29,,313062,27,0,9,1,23,,313032,27,0,9,2,59,,313017,27,0,9,2,18,,313034,27,0,9,1,18,,313063,27,0,9,1,54,,313055,27,0,9,1,15,,313033,27,0,9,2,17,,313018,27,0,9,2,66,,313035,27,0,9,1,22,,313056,27,0,9,1,26,,313019,27,0,9,2,66,,313036,27,0,9,1,27,,313057,27,0,9,1,68,,313020,27,0,9,2,27,,313037,27,0,9,1,68,,313058,27,0,9,1,27,,313021,27,0,9,2,68,,313038,27,0,9,1,27,,313059,27,0,9,1,26,,313022,27,0,9,2,66,,313039,27,0,9,1,26,,313060,27,0,9,1,63,,313015,27,0,9,2,22,,313023,27,0,9,2,24,,313040,27,0,9,1,62,,313053,27,0,9,2,21,,313049,27,0,9,2,63,,313024,27,0,9,2,23,,313041,27,0,9,1,23,,313054,27,0,9,2,63,,313050,27,0,9,2,24,,313025,27,0,9,2,24,,313042,27,0,9,1,65,,313051,27,0,9,2,22,,313026,27,0,9,2,64,,313043,27,0,9,1,24,,313052,27,0,9,2,25,,313027,27,0,9,2,70,,313044,27,0,9,1,71,,313028,27,0,9,2,33,,313045,27,0,9,1,70,,313029,27,0,9,2,33,,313046,27,0,9,1,72,,313030,27,0,9,2,32,,313047,27,0,9,1,71,,313031,27,0,9,2,38,,313048,27,0,9,1
9404,'H59S100F-80-F1',533,,313087,27,0,9,1,67,,313070,27,0,9,2,28,,313088,27,0,9,1,29,,313071,27,0,9,2,68,,313089,27,0,9,1,27,,313072,27,0,9,2,68,,313090,27,0,9,1,31,,313073,27,0,9,2,70,,313091,27,0,9,1,31,,313074,27,0,9,2,71,,313081,27,0,9,2,30,,313092,27,0,9,1,70,,313075,27,0,9,2,29,,313082,27,0,9,2,69,,313093,27,0,9,1,33,,313076,27,0,9,2,72,,313083,27,0,9,2,32,,313094,27,0,9,1,70,,313077,27,0,9,2,31,,313084,27,0,9,2,70,,313095,27,0,9,1,30,,313078,27,0,9,2,71,,313085,27,0,9,2,70,,313096,27,0,9,1,32,,313079,27,0,9,2,72,,313086,27,0,9,2,30,,313097,27,0,9,1,71,,313080,27,0,9,2,27,,313098,27,0,9,2,70,,313064,27,0,9,1,31,,313099,27,0,9,2,70,,313065,27,0,9,1,28,,313100,27,0,9,2,69,,313066,27,0,9,1,30,,313101,27,0,9,2,70,,313067,27,0,9,1,31,,313102,27,0,9,2,71,,313068,27,0,9,1,29,,313103,27,0,9,2,77,,313069,27,0,9,1,40,,313104,27,0,9,1
9404,'H59S200F-80-F2',533,,313128,27,0,9,1,67,,313111,27,0,9,2,28,,313129,27,0,9,1,29,,313112,27,0,9,2,68,,313130,27,0,9,1,27,,313113,27,0,9,2,68,,313131,27,0,9,1,31,,313114,27,0,9,2,70,,313132,27,0,9,1,31,,313115,27,0,9,2,71,,313122,27,0,9,2,30,,313133,27,0,9,1,70,,313116,27,0,9,2,29,,313123,27,0,9,2,69,,313134,27,0,9,1,33,,313117,27,0,9,2,72,,313124,27,0,9,2,32,,313135,27,0,9,1,70,,313118,27,0,9,2,31,,313125,27,0,9,2,70,,313136,27,0,9,1,30,,313119,27,0,9,2,71,,313126,27,0,9,2,70,,313137,27,0,9,1,32,,313120,27,0,9,2,72,,313127,27,0,9,2,30,,313138,27,0,9,1,71,,313121,27,0,9,2,27,,313139,27,0,9,2,70,,313105,27,0,9,1,31,,313140,27,0,9,2,70,,313106,27,0,9,1,28,,313141,27,0,9,2,69,,313107,27,0,9,1,30,,313142,27,0,9,2,70,,313108,27,0,9,1,31,,313143,27,0,9,2,71,,313109,27,0,9,1,29,,313144,27,0,9,2,77,,313110,27,0,9,1,40,,313145,27,0,9,1
18502,'H59S000A-80-A',551,,335056,49,4,,1,73,,335066,49,4,,1,33,,335071,49,4,,2,79,,335057,49,4,,1,72,,335067,49,4,,1,32,,335072,49,4,,2,72,,335058,49,4,,1,35,,335068,49,4,,1,70,,335073,49,4,,2,32,,335059,49,4,,1,72,,335069,49,4,,1,33,,335074,49,4,,2,76,,335060,49,4,,1,72,,335070,49,4,,1,28,,335078,49,4,,1,29,,335075,49,4,,2,69,,335082,49,4,,1,28,,335085,49,4,,2,67,,335079,49,4,,1,27,,335076,49,4,,2,69,,335083,49,4,,1,29,,335086,49,4,,2,70,,335080,49,4,,1,29,,335077,49,4,,2,67,,335084,49,4,,1,29,,335061,49,4,,1,68,,335081,49,4,,1,27,,335062,49,4,,1,67,,335048,49,4,,1,30,,335052,49,4,,1,71,,335063,49,4,,1,31,,335049,49,4,,1,71,,335053,49,4,,1,29,,335064,49,4,,1,70,,335050,49,4,,1,31,,335054,49,4,,1,70,,335065,49,4,,1,29,,335051,49,4,,1,68,,335055,49,4,,1
18502,'H59S000I-81-I',550,,335087,49,4,,2,71,,335099,49,4,,1,29,,335111,49,4,,2,72,,335088,49,4,,2,30,,335100,49,4,,1,69,,335112,49,4,,2,32,,335089,49,4,,2,72,,335101,49,4,,1,32,,335113,49,4,,2,74,,335090,49,4,,2,74,,335102,49,4,,1,33,,335114,49,4,,2,72,,335091,49,4,,2,33,,335103,49,4,,1,74,,335115,49,4,,2,32,,335118,49,4,,1,70,,335092,49,4,,2,30,,335104,49,4,,1,71,,335116,49,4,,2,30,,335119,49,4,,1,70,,335093,49,4,,2,29,,335105,49,4,,1,69,,335117,49,4,,2,32,,335120,49,4,,1,71,,335094,49,4,,2,31,,335106,49,4,,1,71,,335121,49,4,,1,31,,335095,49,4,,2,69,,335107,49,4,,1,29,,335122,49,4,,1,70,,335096,49,4,,2,29,,335108,49,4,,1,66,,335123,49,4,,1,29,,335097,49,4,,2,69,,335109,49,4,,1,28,,335124,49,4,,1,66,,335098,49,4,,2,27,,335110,49,4,,1,70,,335125,49,4,,1
18502,'H59S000S-80-S',553,,335128,49,4,,1,73,,335150,49,4,,2,25,,335162,49,4,,1,75,,335129,49,4,,1,16,,335130,49,4,,2,64,,335151,49,4,,2,19,,335154,49,4,,1,22,,335127,49,4,,2,12,,335132,49,4,,1,52,,335159,49,4,,1,21,,335169,49,4,,1,68,,335136,49,4,,1,31,,335155,49,4,,1,70,,335133,49,4,,1,29,,335170,49,4,,1,70,,335137,49,4,,1,30,,335156,49,4,,1,28,,335152,49,4,,1,68,,335171,49,4,,1,28,,335138,49,4,,1,68,,335157,49,4,,1,27,,335153,49,4,,1,68,,335172,49,4,,1,28,,335139,49,4,,1,70,,335158,49,4,,1,30,,335134,49,4,,1,71,,335160,49,4,,2,29,,335140,49,4,,1,70,,335145,49,4,,1,29,,335164,49,4,,1,66,,335161,49,4,,2,29,,335141,49,4,,1,71,,335146,49,4,,1,30,,335165,49,4,,1,70,,335142,49,4,,1,31,,335147,49,4,,1,70,,335166,49,4,,1,28,,335143,49,4,,1,69,,335148,49,4,,1,30,,335167,49,4,,1,68,,335144,49,4,,1,30,,335149,49,4,,1,72,,335168,49,4,,1
18502,'H59S100F-80-F1',550,,335173,49,4,,2,71,,335185,49,4,,1,29,,335197,49,4,,2,72,,335174,49,4,,2,30,,335186,49,4,,1,69,,335198,49,4,,2,32,,335175,49,4,,2,72,,335187,49,4,,1,32,,335199,49,4,,2,74,,335176,49,4,,2,74,,335188,49,4,,1,33,,335200,49,4,,2,72,,335177,49,4,,2,33,,335189,49,4,,1,74,,335201,49,4,,2,32,,335204,49,4,,1,70,,335178,49,4,,2,30,,335190,49,4,,1,71,,335202,49,4,,2,30,,335205,49,4,,1,70,,335179,49,4,,2,29,,335191,49,4,,1,69,,335203,49,4,,2,32,,335206,49,4,,1,71,,335180,49,4,,2,31,,335192,49,4,,1,71,,335207,49,4,,1,31,,335181,49,4,,2,69,,335193,49,4,,1,29,,335208,49,4,,1,70,,335182,49,4,,2,29,,335194,49,4,,1,66,,335209,49,4,,1,29,,335183,49,4,,2,69,,335195,49,4,,1,28,,335210,49,4,,1,66,,335184,49,4,,2,27,,335196,49,4,,1,70,,335211,49,4,,1
18502,'H59S200F-80-F2',550,,335212,49,4,,2,71,,335224,49,4,,1,29,,335236,49,4,,2,72,,335213,49,4,,2,30,,335225,49,4,,1,69,,335237,49,4,,2,32,,335214,49,4,,2,72,,335226,49,4,,1,32,,335238,49,4,,2,74,,335215,49,4,,2,74,,335227,49,4,,1,33,,335239,49,4,,2,72,,335216,49,4,,2,33,,335228,49,4,,1,74,,335240,49,4,,2,32,,335243,49,4,,1,70,,335217,49,4,,2,30,,335229,49,4,,1,71,,335241,49,4,,2,30,,335244,49,4,,1,70,,335218,49,4,,2,29,,335230,49,4,,1,69,,335242,49,4,,2,32,,335245,49,4,,1,71,,335219,49,4,,2,31,,335231,49,4,,1,71,,335246,49,4,,1,31,,335220,49,4,,2,69,,335232,49,4,,1,29,,335247,49,4,,1,70,,335221,49,4,,2,29,,335233,49,4,,1,66,,335248,49,4,,1,29,,335222,49,4,,2,69,,335234,49,4,,1,28,,335249,49,4,,1,66,,335223,49,4,,2,27,,335235,49,4,,1,70,,335250,49,4,,1
35002,'H56S000A-80-A',2456,,345988,2,0,10,1,81,,345997,2,0,10,1,67,,346000,2,0,10,1,17,,346002,2,0,10,2,11,,345995,2,0,10,1,10,,345994,2,0,10,2,10,,345992,2,0,10,1,50,,345993,2,0,10,1,10,,345989,2,0,10,1,10,,345990,2,0,10,2,11,,345999,2,0,10,2,10,,345996,2,0,10,1,10,,345998,2,0,10,1,50,,345991,2,0,10,1,14,,346001,2,0,10,1
35002,'H56S000I-80-I',2453,,346008,2,0,10,1,68,,346003,2,0,10,1,26,,346005,2,0,10,1,67,,346010,2,0,10,2,27,,346007,2,0,10,1,66,,346009,2,0,10,1,26,,346004,2,0,10,2,26,,346006,2,0,10,1
35002,'H56S000S-82-S',2457,,346012,2,0,10,1,85,,346016,2,0,10,2,92,,346015,2,0,10,1,86,,346013,2,0,10,1,29,,346014,2,0,10,1,55,,346011,2,0,10,1
35002,'H56S100F-80-F1',2453,,346022,2,0,10,1,68,,346017,2,0,10,1,26,,346019,2,0,10,1,67,,346024,2,0,10,2,27,,346021,2,0,10,1,66,,346023,2,0,10,1,26,,346018,2,0,10,2,26,,346020,2,0,10,1
35002,'H56S200F-80-F2',2453,,346030,2,0,10,1,68,,346025,2,0,10,1,26,,346027,2,0,10,1,67,,346032,2,0,10,2,27,,346029,2,0,10,1,66,,346031,2,0,10,1,26,,346026,2,0,10,2,26,,346028,2,0,10,1
35301,'H54S000A-80-A',2620,,346036,2,0,5,1,85,,346034,2,0,5,2,45,,346035,2,0,5,1,80,,346033,2,0,5,1
35301,'H54S000I-80-I',2535,,346038,2,0,5,1,85,,346040,2,0,5,1,85,,346041,2,0,5,1,45,,346037,2,0,5,2,80,,346039,2,0,5,1
35301,'H54S000S-80-S',2535,,346042,2,0,5,1,85,,346044,2,0,5,1,85,,346045,2,0,5,1,45,,346043,2,0,5,2,80,,346046,2,0,5,2
35301,'H54S100F-80-F1',2535,,346048,2,0,5,1,85,,346050,2,0,5,1,85,,346051,2,0,5,1,45,,346047,2,0,5,2,80,,346049,2,0,5,1
35301,'H54S200F-80-F2',2535,,346053,2,0,5,1,85,,346055,2,0,5,1,85,,346056,2,0,5,1,45,,346052,2,0,5,2,80,,346054,2,0,5,1
35504,'H54S000A-80-A',2554,,346166,52,0,9,2,86,,346165,52,0,9,1,84,,346168,52,0,9,1,84,,346170,52,0,9,1,44,,346167,52,0,9,2,65,,346169,52,0,9,1
35504,'H54S000I-80-I',2547,,346173,52,0,9,1,87,,346172,52,0,9,2,85,,346171,52,0,9,1,87,,346176,52,0,9,2,50,,346174,52,0,9,1,71,,346175,52,0,9,2
35504,'H54S000S-80-S',2552,,346177,52,0,9,1,85,,346181,52,0,9,2,85,,346180,52,0,9,1,86,,346179,52,0,9,2,46,,346178,52,0,9,1,73,,346182,52,0,9,2
35504,'H54S100F-80-F1',2547,,346185,52,0,9,1,87,,346184,52,0,9,2,85,,346183,52,0,9,1,87,,346188,52,0,9,2,50,,346186,52,0,9,1,71,,346187,52,0,9,2
35504,'H54S200F-80-F2',2547,,346191,52,0,9,1,87,,346190,52,0,9,2,85,,346189,52,0,9,1,87,,346194,52,0,9,2,50,,346192,52,0,9,1,71,,346193,52,0,9,2
35704,'H59S000A-80-A',2618,,346282,45,0,9,2,85,,346280,45,0,9,1,44,,346283,45,0,9,2,85,,346281,45,0,9,1,86,,346284,45,0,9,2
35704,'H59S000I-81-I',2528,,346285,45,0,9,1,85,,346288,45,0,9,2,45,,346286,45,0,9,1,83,,346289,45,0,9,2,88,,346287,45,0,9,1,85,,346290,45,0,9,2
35704,'H59S000S-80-S',2530,,346294,45,0,9,2,84,,346291,45,0,9,1,44,,346295,45,0,9,2,85,,346292,45,0,9,1,87,,346296,45,0,9,2,85,,346293,45,0,9,1
35704,'H59S100F-80-F1',2528,,346297,45,0,9,1,85,,346300,45,0,9,2,45,,346298,45,0,9,1,83,,346301,45,0,9,2,88,,346299,45,0,9,1,85,,346302,45,0,9,2
35704,'H59S200F-80-F2',2528,,346303,45,0,9,1,85,,346306,45,0,9,2,45,,346304,45,0,9,1,83,,346307,45,0,9,2,88,,346305,45,0,9,1,85,,346308,45,0,9,2
35802,'H59S000A-80-A',2458,,346372,2,0,10,2,69,,346368,2,0,10,1,32,,346373,2,0,10,2,72,,346369,2,0,10,1,73,,346374,2,0,10,2,15,,346367,2,0,10,1,17,,346370,2,0,10,1,71,,346375,2,0,10,2,29,,346371,2,0,10,1,69,,346376,2,0,10,2
35802,'H59S000I-81-I',2501,,346381,2,0,10,1,30,,346377,2,0,10,2,70,,346382,2,0,10,1,30,,346378,2,0,10,2,70,,346383,2,0,10,1,30,,346379,2,0,10,2,70,,346384,2,0,10,1,30,,346380,2,0,10,2,70,,346385,2,0,10,1
35802,'H59S000S-80-S',2501,,346386,2,0,10,1,30,,346391,2,0,10,1,70,,346387,2,0,10,1,29,,346392,2,0,10,1,71,,346388,2,0,10,1,30,,346393,2,0,10,1,70,,346389,2,0,10,1,30,,346394,2,0,10,1,70,,346390,2,0,10,1
35802,'H59S000S-80-SV',2615,,346398,2,0,10,2,31,,346395,2,0,10,2,70,,346399,2,0,10,2,30,,346396,2,0,10,2,70,,346400,2,0,10,2,30,,346397,2,0,10,2
35802,'H59S100F-80-F1',2501,,346401,2,0,10,1,30,,346406,2,0,10,2,70,,346402,2,0,10,1,30,,346407,2,0,10,2,70,,346403,2,0,10,1,30,,346408,2,0,10,2,70,,346404,2,0,10,1,30,,346409,2,0,10,2,70,,346405,2,0,10,1
35802,'H59S200F-80-F2',2501,,346410,2,0,10,1,30,,346415,2,0,10,2,70,,346411,2,0,10,1,30,,346416,2,0,10,2,70,,346412,2,0,10,1,30,,346417,2,0,10,2,70,,346413,2,0,10,1,30,,346418,2,0,10,2,70,,346414,2,0,10,1
36402,'H54S000A-80-A',2525,,346815,61,0,10,1,87,,346817,61,0,10,2,45,,346814,61,0,10,1,85,,346813,61,0,10,1,85,,346816,61,0,10,1,79,,346818,61,0,10,2
36402,'H54S000I-80-I',2526,,346822,61,0,10,1,84,,346820,61,0,10,1,44,,346823,61,0,10,2,86,,346821,61,0,10,1,84,,346819,61,0,10,1
36402,'H54S000S-80-S',2525,,346827,61,0,10,2,86,,346828,61,0,10,1,44,,346826,61,0,10,2,86,,346824,61,0,10,1,82,,346825,61,0,10,1
36402,'H54S100F-80-F1',2526,,346832,61,0,10,1,84,,346830,61,0,10,1,44,,346833,61,0,10,2,86,,346831,61,0,10,1,84,,346829,61,0,10,1
36402,'H54S200F-80-F2',2526,,346837,61,0,10,1,84,,346835,61,0,10,1,44,,346838,61,0,10,2,86,,346836,61,0,10,1,84,,346834,61,0,10,1
36801,'H57S000A-80-A',2627,,346903,74,0,5,1,84,,346900,74,0,5,2,47,,346902,74,0,5,1,80,,346901,74,0,5,1,84,,346904,74,0,5,1
36801,'H57S000I-80-I',2627,,346905,74,0,5,1,85,,346906,74,0,5,1,45,,346908,74,0,5,1,83,,346909,74,0,5,1,84,,346907,74,0,5,1
36801,'H57S000S-80-S',2627,,346910,74,0,5,1,84,,346913,74,0,5,1,91,,346914,74,0,5,1,36,,346912,74,0,5,1,96,,346911,74,0,5,1
36801,'H57S100F-80-F1',2627,,346915,74,0,5,1,85,,346916,74,0,5,1,45,,346918,74,0,5,1,83,,346919,74,0,5,1,84,,346917,74,0,5,1
36801,'H57S200F-80-F2',2627,,346920,74,0,5,1,85,,346921,74,0,5,1,45,,346923,74,0,5,1,83,,346924,74,0,5,1,84,,346922,74,0,5,1
