5503,'H50S000S-82-S',548,,302644,25,0,8,1,783,,302645,25,0,8,2
5503,'H57S000S-80-S',1442,,302646,25,0,8,1
5503,'H58S000A-80-A',520,,302649,25,0,8,2,28,,302666,25,0,8,1,70,,302662,25,0,8,1,30,,302670,25,0,8,1,70,,302652,25,0,8,1,33,,302687,25,0,8,1,70,,302674,25,0,8,2,32,,302682,25,0,8,1,73,,302653,25,0,8,1,31,,302688,25,0,8,1,74,,302675,25,0,8,2,71,,302683,25,0,8,1,22,,302703,25,0,8,1,14,,302654,25,0,8,1,13,,302706,25,0,8,1,53,,302693,25,0,8,1,16,,302689,25,0,8,1,14,,302709,25,0,8,2,13,,302696,25,0,8,1,53,,302658,25,0,8,1,11,,302717,25,0,8,2,10,,302684,25,0,8,1,11,,302677,25,0,8,1,9,,302720,25,0,8,2,9,,302704,25,0,8,1,8,,302726,25,0,8,1,49,,302655,25,0,8,1,8,,302707,25,0,8,1,9,,302694,25,0,8,1,8,,302733,25,0,8,2,8,,302667,25,0,8,1,8,,302690,25,0,8,1,8,,302710,25,0,8,2,49,,302713,25,0,8,1,8,,302735,25,0,8,2,8,,302697,25,0,8,1,8,,302659,25,0,8,1,9,,302718,25,0,8,2,9,,302685,25,0,8,1,9,,302678,25,0,8,1,47,,302708,25,0,8,1,7,,302721,25,0,8,2,8,,302705,25,0,8,1,8,,302727,25,0,8,1,10,,302656,25,0,8,1,8,,302695,25,0,8,1,7,,302663,25,0,8,1,7,,302734,25,0,8,2,47,,302668,25,0,8,1,7,,302691,25,0,8,1,8,,302701,25,0,8,1,6,,302711,25,0,8,2,6,,302686,25,0,8,1,5,,302714,25,0,8,1,6,,302698,25,0,8,1,6,,302676,25,0,8,1,6,,302660,25,0,8,1,46,,302719,25,0,8,2,5,,302736,25,0,8,1,8,,302679,25,0,8,1,8,,302680,25,0,8,1,9,,302722,25,0,8,2,8,,302723,25,0,8,1,8,,302728,25,0,8,1,9,,302672,25,0,8,1,50,,302657,25,0,8,1,10,,302664,25,0,8,1,8,,302699,25,0,8,1,8,,302692,25,0,8,1,8,,302712,25,0,8,2,9,,302665,25,0,8,1,10,,302715,25,0,8,1,49,,302661,25,0,8,1,8,,302737,25,0,8,1,10,,302729,25,0,8,1,11,,302681,25,0,8,1,12,,302724,25,0,8,1,52,,302673,25,0,8,1,12,,302671,25,0,8,2,12,,302650,25,0,8,1,12,,302700,25,0,8,1,13,,302738,25,0,8,1,53,,302716,25,0,8,1,12,,302731,25,0,8,1,14,,302730,25,0,8,1,14,,302647,25,0,8,2,14,,302725,25,0,8,1,53,,302669,25,0,8,1,14,,302651,25,0,8,1,14,,302702,25,0,8,2,18,,302739,25,0,8,1,61,,302732,25,0,8,1,26,,302648,25,0,8,2
5503,'H58S000I-80-I',522,,302741,25,0,8,1,32,,302753,25,0,8,1,72,,302745,25,0,8,1,33,,302765,25,0,8,2,70,,302767,25,0,8,1,29,,302754,25,0,8,1,67,,302746,25,0,8,1,28,,302760,25,0,8,1,70,,302768,25,0,8,1,30,,302755,25,0,8,1,70,,302780,25,0,8,1,21,,302747,25,0,8,1,64,,302761,25,0,8,1,23,,302769,25,0,8,1,18,,302773,25,0,8,1,59,,302756,25,0,8,1,17,,302787,25,0,8,1,16,,302781,25,0,8,1,14,,302742,25,0,8,2,53,,302748,25,0,8,1,13,,302762,25,0,8,1,12,,302790,25,0,8,1,10,,302785,25,0,8,2,10,,302770,25,0,8,1,50,,302792,25,0,8,1,10,,302774,25,0,8,1,10,,302757,25,0,8,1,10,,302798,25,0,8,1,10,,302788,25,0,8,1,10,,302784,25,0,8,1,50,,302782,25,0,8,1,10,,302743,25,0,8,2,10,,302749,25,0,8,1,9,,302771,25,0,8,1,8,,302763,25,0,8,1,8,,302800,25,0,8,2,8,,302791,25,0,8,1,49,,302775,25,0,8,1,8,,302786,25,0,8,2,8,,302793,25,0,8,1,7,,302801,25,0,8,2,8,,302758,25,0,8,1,8,,302766,25,0,8,2,8,,302799,25,0,8,1,48,,302744,25,0,8,2,8,,302789,25,0,8,1,7,,302805,25,0,8,1,7,,302783,25,0,8,1,10,,302809,25,0,8,2,10,,302750,25,0,8,1,8,,302772,25,0,8,1,9,,302764,25,0,8,1,51,,302740,25,0,8,1,9,,302776,25,0,8,1,9,,302752,25,0,8,1,10,,302794,25,0,8,1,13,,302797,25,0,8,2,52,,302759,25,0,8,1,13,,302802,25,0,8,2,19,,302806,25,0,8,1,21,,302751,25,0,8,1,63,,302777,25,0,8,1,25,,302795,25,0,8,1,68,,302803,25,0,8,2,30,,302807,25,0,8,1,69,,302778,25,0,8,1,30,,302796,25,0,8,1,70,,302804,25,0,8,2,28,,302808,25,0,8,1,69,,302779,25,0,8,1
5503,'H58S000S-83-S',526,,302816,25,0,8,1,89,,302817,25,0,8,1,29,,302834,25,0,8,1,82,,302815,25,0,8,1,14,,302842,25,0,8,1,14,,302823,25,0,8,1,53,,302851,25,0,8,1,17,,302833,25,0,8,2,13,,302818,25,0,8,1,13,,302811,25,0,8,1,54,,302841,25,0,8,1,15,,302835,25,0,8,1,17,,302843,25,0,8,1,20,,302847,25,0,8,1,60,,302824,25,0,8,1,20,,302852,25,0,8,1,19,,302819,25,0,8,1,58,,302812,25,0,8,1,20,,302836,25,0,8,1,20,,302844,25,0,8,1,59,,302848,25,0,8,1,20,,302825,25,0,8,1,18,,302856,25,0,8,1,55,,302853,25,0,8,1,13,,302820,25,0,8,1,26,,302813,25,0,8,1,13,,302837,25,0,8,1,53,,302860,25,0,8,2,11,,302845,25,0,8,1,11,,302861,25,0,8,1,21,,302849,25,0,8,1,50,,302826,25,0,8,1,10,,302863,25,0,8,1,10,,302857,25,0,8,1,10,,302864,25,0,8,1,10,,302840,25,0,8,2,9,,302821,25,0,8,1,49,,302873,25,0,8,2,9,,302814,25,0,8,1,10,,302877,25,0,8,2,10,,302838,25,0,8,1,10,,302885,25,0,8,2,11,,302846,25,0,8,1,50,,302876,25,0,8,2,10,,302878,25,0,8,1,10,,302862,25,0,8,1,8,,302850,25,0,8,1,8,,302884,25,0,8,1,7,,302827,25,0,8,1,7,,302868,25,0,8,1,8,,302858,25,0,8,1,48,,302810,25,0,8,1,8,,302865,25,0,8,1,8,,302875,25,0,8,2,9,,302822,25,0,8,1,9,,302882,25,0,8,2,9,,302859,25,0,8,1,8,,302874,25,0,8,2,49,,302886,25,0,8,1,10,,302831,25,0,8,1,12,,302870,25,0,8,2,11,,302879,25,0,8,1,14,,302839,25,0,8,1,54,,302828,25,0,8,1,13,,302869,25,0,8,2,14,,302866,25,0,8,1,14,,302883,25,0,8,2,59,,302871,25,0,8,1,20,,302832,25,0,8,1,20,,302880,25,0,8,1,62,,302854,25,0,8,1,19,,302829,25,0,8,1,19,,302867,25,0,8,1,59,,302830,25,0,8,2,16,,302872,25,0,8,1,23,,302881,25,0,8,1,65,,302855,25,0,8,1
5503,'H58S100F-80-F1',522,,302887,25,0,8,1,32,,302901,25,0,8,1,72,,302897,25,0,8,1,33,,302910,25,0,8,1,70,,302888,25,0,8,1,29,,302902,25,0,8,1,67,,302914,25,0,8,1,28,,302911,25,0,8,1,70,,302889,25,0,8,1,30,,302903,25,0,8,1,70,,302912,25,0,8,1,21,,302915,25,0,8,1,64,,302923,25,0,8,1,23,,302890,25,0,8,1,18,,302927,25,0,8,2,59,,302904,25,0,8,1,17,,302929,25,0,8,1,16,,302913,25,0,8,1,14,,302895,25,0,8,1,53,,302916,25,0,8,1,13,,302924,25,0,8,1,12,,302931,25,0,8,1,10,,302900,25,0,8,1,10,,302891,25,0,8,1,50,,302933,25,0,8,1,10,,302928,25,0,8,2,10,,302905,25,0,8,1,10,,302939,25,0,8,1,10,,302930,25,0,8,1,10,,302920,25,0,8,1,50,,302893,25,0,8,1,10,,302896,25,0,8,1,10,,302917,25,0,8,1,9,,302941,25,0,8,2,8,,302925,25,0,8,1,8,,302942,25,0,8,1,8,,302932,25,0,8,1,49,,302943,25,0,8,1,8,,302892,25,0,8,1,8,,302934,25,0,8,1,7,,302948,25,0,8,2,8,,302906,25,0,8,1,8,,302949,25,0,8,2,8,,302940,25,0,8,1,48,,302951,25,0,8,2,8,,302921,25,0,8,1,7,,302952,25,0,8,1,7,,302894,25,0,8,1,10,,302956,25,0,8,2,10,,302918,25,0,8,1,8,,302938,25,0,8,2,9,,302926,25,0,8,1,51,,302898,25,0,8,1,9,,302944,25,0,8,1,9,,302922,25,0,8,1,10,,302935,25,0,8,1,13,,302899,25,0,8,1,52,,302950,25,0,8,2,13,,302907,25,0,8,1,19,,302953,25,0,8,1,21,,302919,25,0,8,1,63,,302945,25,0,8,1,25,,302936,25,0,8,1,68,,302908,25,0,8,1,30,,302954,25,0,8,1,69,,302946,25,0,8,1,30,,302937,25,0,8,1,70,,302909,25,0,8,1,28,,302955,25,0,8,1,69,,302947,25,0,8,1
5503,'H58S200F-80-F2',522,,302992,25,0,8,1,32,,302998,25,0,8,1,72,,303023,25,0,8,1,33,,303004,25,0,8,1,70,,302993,25,0,8,1,29,,302999,25,0,8,1,67,,303008,25,0,8,1,28,,303005,25,0,8,1,70,,302994,25,0,8,1,30,,303000,25,0,8,1,70,,303006,25,0,8,1,21,,303009,25,0,8,1,64,,303014,25,0,8,1,23,,302995,25,0,8,1,18,,302957,25,0,8,2,59,,303001,25,0,8,1,17,,302959,25,0,8,1,16,,303007,25,0,8,1,14,,302974,25,0,8,1,53,,303010,25,0,8,1,13,,303015,25,0,8,1,12,,303018,25,0,8,1,10,,303024,25,0,8,1,10,,302996,25,0,8,1,50,,302978,25,0,8,1,10,,302958,25,0,8,2,10,,303002,25,0,8,1,10,,302976,25,0,8,1,10,,302960,25,0,8,1,10,,302966,25,0,8,1,50,,302972,25,0,8,1,10,,302975,25,0,8,1,10,,303011,25,0,8,1,9,,303025,25,0,8,2,8,,303016,25,0,8,1,8,,302970,25,0,8,1,8,,303019,25,0,8,1,49,,302983,25,0,8,1,8,,302997,25,0,8,1,8,,302979,25,0,8,1,7,,303022,25,0,8,2,8,,303003,25,0,8,1,8,,303020,25,0,8,2,8,,302977,25,0,8,1,48,,302971,25,0,8,2,8,,302967,25,0,8,1,7,,302988,25,0,8,1,7,,302973,25,0,8,1,10,,302961,25,0,8,2,10,,303012,25,0,8,1,8,,303026,25,0,8,2,9,,303017,25,0,8,1,51,,302962,25,0,8,1,9,,302984,25,0,8,1,9,,302968,25,0,8,1,10,,302980,25,0,8,1,13,,302969,25,0,8,1,52,,303021,25,0,8,2,13,,302963,25,0,8,1,19,,302989,25,0,8,1,21,,303013,25,0,8,1,63,,302985,25,0,8,1,25,,302981,25,0,8,1,68,,302964,25,0,8,1,30,,302990,25,0,8,1,69,,302986,25,0,8,1,30,,302982,25,0,8,1,70,,302965,25,0,8,1,28,,302991,25,0,8,1,69,,302987,25,0,8,1
5503,'H60S000S-83-S',717,,303027,25,0,8,1
16001,'H50S000A-82-A',620,,328163,31,0,5,2,33,,328171,31,0,5,2,73,,328151,31,0,5,1,74,,328164,31,0,5,2,35,,328172,31,0,5,2,72,,328152,31,0,5,1,31,,328165,31,0,5,2,71,,328173,31,0,5,2,30,,328153,31,0,5,1,70,,328166,31,0,5,2,28,,328174,31,0,5,2,68,,328154,31,0,5,1,31,,328167,31,0,5,2,69,,328175,31,0,5,2,31,,328155,31,0,5,1,71,,328168,31,0,5,2,31,,328176,31,0,5,2,70,,328156,31,0,5,1,25,,328169,31,0,5,2,22,,328137,31,0,5,2,61,,328177,31,0,5,2,22,,328157,31,0,5,1,21,,328144,31,0,5,1,60,,328170,31,0,5,2,20,,328138,31,0,5,1,20,,328178,31,0,5,2,62,,328158,31,0,5,1,26,,328145,31,0,5,1,69,,328139,31,0,5,1,30,,328159,31,0,5,1,71,,328146,31,0,5,1,31,,328140,31,0,5,1,70,,328160,31,0,5,1,32,,328147,31,0,5,1,72,,328141,31,0,5,1,32,,328161,31,0,5,1,73,,328148,31,0,5,1,32,,328142,31,0,5,1,71,,328162,31,0,5,1,72,,328149,31,0,5,1,32,,328143,31,0,5,1,73,,328150,31,0,5,1,33,,328179,31,0,5,2
16001,'H50S000I-82-I',733,,328205,31,0,5,2,73,,328180,31,0,5,1,33,,328194,31,0,5,2,73,,328206,31,0,5,2,33,,328181,31,0,5,1,74,,328195,31,0,5,2,33,,328207,31,0,5,2,73,,328182,31,0,5,1,34,,328196,31,0,5,2,74,,328208,31,0,5,2,73,,328213,31,0,5,1,33,,328197,31,0,5,2,73,,328209,31,0,5,1,33,,328214,31,0,5,1,73,,328198,31,0,5,2,32,,328210,31,0,5,1,73,,328191,31,0,5,2,32,,328199,31,0,5,2,72,,328211,31,0,5,1,32,,328192,31,0,5,2,72,,328200,31,0,5,2,71,,328212,31,0,5,1,31,,328193,31,0,5,2,70,,328201,31,0,5,2,31,,328187,31,0,5,1,71,,328183,31,0,5,2,30,,328202,31,0,5,2,70,,328188,31,0,5,1,32,,328184,31,0,5,2,72,,328203,31,0,5,2,31,,328189,31,0,5,1,72,,328185,31,0,5,2,32,,328204,31,0,5,2,71,,328190,31,0,5,1,30,,328186,31,0,5,2
16001,'H50S000S-82-S',627,,328242,31,0,5,1,24,,328259,31,0,5,2,65,,328244,31,0,5,2,27,,328232,31,0,5,1,65,,328243,31,0,5,1,21,,328260,31,0,5,2,18,,328245,31,0,5,2,59,,328223,31,0,5,1,20,,328233,31,0,5,1,20,,328246,31,0,5,2,64,,328261,31,0,5,2,26,,328224,31,0,5,1,66,,328234,31,0,5,1,26,,328247,31,0,5,2,29,,328262,31,0,5,2,68,,328235,31,0,5,1,27,,328248,31,0,5,2,68,,328263,31,0,5,2,28,,328236,31,0,5,1,68,,328249,31,0,5,2,27,,328264,31,0,5,2,67,,328229,31,0,5,2,23,,328237,31,0,5,1,12,,328266,31,0,5,2,12,,328250,31,0,5,2,52,,328252,31,0,5,1,12,,328265,31,0,5,2,12,,328227,31,0,5,2,12,,328215,31,0,5,1,12,,328230,31,0,5,2,52,,328238,31,0,5,1,12,,328216,31,0,5,1,12,,328251,31,0,5,2,24,,328253,31,0,5,1,52,,328228,31,0,5,2,9,,328217,31,0,5,1,11,,328231,31,0,5,2,22,,328239,31,0,5,1,69,,328254,31,0,5,1,30,,328218,31,0,5,1,68,,328240,31,0,5,1,30,,328255,31,0,5,1,70,,328219,31,0,5,1,30,,328241,31,0,5,1,70,,328256,31,0,5,1,30,,328220,31,0,5,1,67,,328225,31,0,5,1,30,,328257,31,0,5,1,70,,328221,31,0,5,1,30,,328226,31,0,5,1,70,,328258,31,0,5,1,31,,328222,31,0,5,1
16001,'H50S100F-80-F1',733,,328292,31,0,5,2,73,,328267,31,0,5,1,33,,328281,31,0,5,2,73,,328293,31,0,5,2,33,,328268,31,0,5,1,74,,328282,31,0,5,2,33,,328294,31,0,5,2,73,,328269,31,0,5,1,34,,328283,31,0,5,2,74,,328295,31,0,5,2,73,,328300,31,0,5,1,33,,328284,31,0,5,2,73,,328296,31,0,5,1,33,,328301,31,0,5,1,73,,328285,31,0,5,2,32,,328297,31,0,5,1,73,,328278,31,0,5,2,32,,328286,31,0,5,2,72,,328298,31,0,5,1,32,,328279,31,0,5,2,72,,328287,31,0,5,2,71,,328299,31,0,5,1,31,,328280,31,0,5,2,70,,328288,31,0,5,2,31,,328274,31,0,5,1,71,,328270,31,0,5,2,30,,328289,31,0,5,2,70,,328275,31,0,5,1,32,,328271,31,0,5,2,72,,328290,31,0,5,2,31,,328276,31,0,5,1,72,,328272,31,0,5,2,32,,328291,31,0,5,2,71,,328277,31,0,5,1,30,,328273,31,0,5,2
16001,'H50S200F-80-F2',733,,328327,31,0,5,2,73,,328302,31,0,5,1,33,,328316,31,0,5,2,73,,328328,31,0,5,2,33,,328303,31,0,5,1,74,,328317,31,0,5,2,33,,328329,31,0,5,2,73,,328304,31,0,5,1,34,,328318,31,0,5,2,74,,328330,31,0,5,2,73,,328335,31,0,5,1,33,,328319,31,0,5,2,73,,328331,31,0,5,1,33,,328336,31,0,5,1,73,,328320,31,0,5,2,32,,328332,31,0,5,1,73,,328313,31,0,5,2,32,,328321,31,0,5,2,72,,328333,31,0,5,1,32,,328314,31,0,5,2,72,,328322,31,0,5,2,71,,328334,31,0,5,1,31,,328315,31,0,5,2,70,,328323,31,0,5,2,31,,328309,31,0,5,1,71,,328305,31,0,5,2,30,,328324,31,0,5,2,70,,328310,31,0,5,1,32,,328306,31,0,5,2,72,,328325,31,0,5,2,31,,328311,31,0,5,1,72,,328307,31,0,5,2,32,,328326,31,0,5,2,71,,328312,31,0,5,1,30,,328308,31,0,5,2
16001,'H51S000S-81-S',1745,,328337,31,0,5,1
36303,'H51S000A-80-A',2500,,346717,27,0,8,1,25,,346705,27,0,8,2,22,,346710,27,0,8,1,57,,346706,27,0,8,1,9,,346708,27,0,8,1,9,,346713,27,0,8,1,9,,346714,27,0,8,1,9,,346721,27,0,8,2,10,,346720,27,0,8,2,50,,346718,27,0,8,1,9,,346709,27,0,8,1,9,,346711,27,0,8,1,9,,346719,27,0,8,1,8,,346716,27,0,8,1,10,,346707,27,0,8,1,12,,346715,27,0,8,1,60,,346722,27,0,8,2,24,,346712,27,0,8,1,67,,346723,27,0,8,2
36303,'H51S000I-80-I',2433,,346727,27,0,8,2,87,,346724,27,0,8,1,85,,346728,27,0,8,2,44,,346725,27,0,8,1,85,,346729,27,0,8,2,85,,346726,27,0,8,1,85,,346730,27,0,8,2
36303,'H51S000S-81-S',2433,,346734,27,0,8,2,87,,346731,27,0,8,1,86,,346735,27,0,8,2,43,,346732,27,0,8,1,85,,346736,27,0,8,2,83,,346733,27,0,8,1,86,,346737,27,0,8,2
36303,'H51S000S-81-SV',2634,,346738,27,0,8,2,70,,346739,27,0,8,2,14,,346740,27,0,8,2
36303,'H51S100F-80-F1',2433,,346744,27,0,8,2,87,,346743,27,0,8,1,85,,346745,27,0,8,2,44,,346741,27,0,8,1,85,,346746,27,0,8,2,85,,346742,27,0,8,1,85,,346747,27,0,8,2
36303,'H51S200F-80-F2',2433,,346751,27,0,8,2,87,,346750,27,0,8,1,85,,346752,27,0,8,2,44,,346748,27,0,8,1,85,,346753,27,0,8,2,85,,346749,27,0,8,1,85,,346754,27,0,8,2
