13604,'H51S000S-81-S',637,,324836,13,0,9,2,13,,324837,13,0,9,2
13604,'H57S000S-80-S',724,,324838,13,0,9,1,78,,324839,13,0,9,2
13604,'H59S000A-80-A',514,,324840,13,0,9,2,27,,324849,13,0,9,1,68,,324858,13,0,9,1,28,,324841,13,0,9,2,67,,324850,13,0,9,1,20,,324859,13,0,9,1,19,,324869,13,0,9,1,60,,324842,13,0,9,2,20,,324860,13,0,9,1,20,,324851,13,0,9,1,60,,324870,13,0,9,1,19,,324861,13,0,9,1,18,,324843,13,0,9,2,19,,324852,13,0,9,1,59,,324883,13,0,9,2,20,,324871,13,0,9,1,20,,324844,13,0,9,2,56,,324884,13,0,9,1,16,,324853,13,0,9,1,17,,324889,13,0,9,2,56,,324872,13,0,9,1,17,,324885,13,0,9,1,16,,324845,13,0,9,2,16,,324890,13,0,9,2,57,,324854,13,0,9,1,18,,324873,13,0,9,1,19,,324846,13,0,9,2,57,,324886,13,0,9,1,18,,324891,13,0,9,2,19,,324855,13,0,9,1,18,,324874,13,0,9,1,59,,324847,13,0,9,2,19,,324887,13,0,9,1,17,,324892,13,0,9,2,58,,324856,13,0,9,1,19,,324875,13,0,9,1,20,,324848,13,0,9,2,61,,324888,13,0,9,1,22,,324857,13,0,9,1,22,,324876,13,0,9,1,65,,324893,13,0,9,2,26,,324865,13,0,9,1,66,,324877,13,0,9,1,27,,324894,13,0,9,2,67,,324866,13,0,9,1,27,,324878,13,0,9,1,67,,324895,13,0,9,2,28,,324867,13,0,9,1,30,,324879,13,0,9,1,71,,324862,13,0,9,1,72,,324868,13,0,9,1,30,,324880,13,0,9,1,71,,324863,13,0,9,1,31,,324881,13,0,9,1,70,,324864,13,0,9,1,31,,324882,13,0,9,1
13604,'H59S000I-81-I',514,,324896,13,0,9,2,32,,324903,13,0,9,1,72,,324897,13,0,9,2,29,,324904,13,0,9,1,71,,324898,13,0,9,2,31,,324905,13,0,9,1,72,,324899,13,0,9,2,32,,324906,13,0,9,1,64,,324914,13,0,9,1,22,,324900,13,0,9,2,20,,324907,13,0,9,1,57,,324925,13,0,9,2,19,,324915,13,0,9,1,22,,324901,13,0,9,2,58,,324926,13,0,9,2,16,,324908,13,0,9,1,18,,324916,13,0,9,1,62,,324909,13,0,9,1,23,,324927,13,0,9,2,24,,324930,13,0,9,1,61,,324917,13,0,9,1,26,,324910,13,0,9,1,65,,324928,13,0,9,2,25,,324931,13,0,9,2,67,,324918,13,0,9,1,30,,324929,13,0,9,2,69,,324932,13,0,9,2,30,,324911,13,0,9,1,70,,324934,13,0,9,1,30,,324933,13,0,9,2,70,,324912,13,0,9,1,31,,324935,13,0,9,1,69,,324919,13,0,9,1,30,,324913,13,0,9,1,71,,324936,13,0,9,1,30,,324920,13,0,9,1,69,,324902,13,0,9,2,26,,324937,13,0,9,1,32,,324921,13,0,9,1,72,,324938,13,0,9,1,70,,324922,13,0,9,1,30,,324939,13,0,9,2,70,,324923,13,0,9,1,30,,324940,13,0,9,2,70,,324924,13,0,9,1
13604,'H59S000S-80-S',514,,324954,13,0,9,2,20,,324943,13,0,9,2,20,,324947,13,0,9,1,53,,324951,13,0,9,1,12,,324941,13,0,9,2,10,,324955,13,0,9,2,15,,324948,13,0,9,1,12,,324966,13,0,9,1,46,,324944,13,0,9,2,6,,324968,13,0,9,2,5,,325008,13,0,9,2,6,,325009,13,0,9,1,9,,324952,13,0,9,1,4,,324970,13,0,9,2,4,,325010,13,0,9,2,4,,324972,13,0,9,2,5,,324978,13,0,9,2,6,,324956,13,0,9,2,5,,324949,13,0,9,1,52,,325011,13,0,9,1,7,,324945,13,0,9,2,9,,324967,13,0,9,1,11,,324969,13,0,9,2,12,,325002,13,0,9,1,12,,324971,13,0,9,2,51,,324953,13,0,9,1,11,,324957,13,0,9,2,12,,324979,13,0,9,2,12,,324973,13,0,9,1,13,,324946,13,0,9,2,56,,325003,13,0,9,1,20,,324961,13,0,9,1,21,,324958,13,0,9,2,61,,324974,13,0,9,1,22,,325004,13,0,9,1,21,,324962,13,0,9,1,60,,324980,13,0,9,1,19,,324959,13,0,9,2,19,,324975,13,0,9,1,60,,325005,13,0,9,1,19,,324963,13,0,9,1,18,,324988,13,0,9,2,56,,324981,13,0,9,1,17,,324960,13,0,9,2,19,,324976,13,0,9,1,60,,324964,13,0,9,1,19,,324989,13,0,9,2,16,,324982,13,0,9,1,16,,324942,13,0,9,2,58,,324950,13,0,9,1,15,,324977,13,0,9,1,16,,324965,13,0,9,1,56,,324990,13,0,9,2,17,,324983,13,0,9,1,18,,324998,13,0,9,2,19,,324992,13,0,9,2,60,,325006,13,0,9,1,21,,324991,13,0,9,2,19,,324984,13,0,9,1,63,,324993,13,0,9,1,29,,324999,13,0,9,2,70,,324985,13,0,9,1,31,,324994,13,0,9,1,68,,325000,13,0,9,2,33,,325007,13,0,9,1,72,,324995,13,0,9,1,31,,324986,13,0,9,1,72,,325001,13,0,9,2,32,,324996,13,0,9,1,72,,324987,13,0,9,1,72,,324997,13,0,9,1
13604,'H59S100F-80-F1',514,,325035,13,0,9,2,32,,325012,13,0,9,1,72,,325036,13,0,9,2,29,,325013,13,0,9,1,71,,325037,13,0,9,2,31,,325014,13,0,9,1,72,,325038,13,0,9,2,32,,325015,13,0,9,1,64,,325019,13,0,9,1,22,,325039,13,0,9,2,20,,325016,13,0,9,1,57,,325030,13,0,9,2,19,,325020,13,0,9,1,22,,325040,13,0,9,2,58,,325031,13,0,9,2,16,,325017,13,0,9,1,18,,325021,13,0,9,1,62,,325042,13,0,9,1,23,,325032,13,0,9,2,24,,325018,13,0,9,1,61,,325022,13,0,9,1,26,,325043,13,0,9,1,65,,325033,13,0,9,2,25,,325047,13,0,9,2,67,,325023,13,0,9,1,30,,325034,13,0,9,2,69,,325048,13,0,9,2,30,,325044,13,0,9,1,70,,325050,13,0,9,1,30,,325049,13,0,9,2,70,,325045,13,0,9,1,31,,325051,13,0,9,1,69,,325024,13,0,9,1,30,,325046,13,0,9,1,71,,325052,13,0,9,1,30,,325025,13,0,9,1,69,,325041,13,0,9,2,26,,325053,13,0,9,1,32,,325026,13,0,9,1,72,,325054,13,0,9,1,70,,325027,13,0,9,1,30,,325055,13,0,9,2,70,,325028,13,0,9,1,30,,325056,13,0,9,2,70,,325029,13,0,9,1
13604,'H59S200F-80-F2',514,,325080,13,0,9,2,32,,325057,13,0,9,1,72,,325081,13,0,9,2,29,,325058,13,0,9,1,71,,325082,13,0,9,2,31,,325059,13,0,9,1,72,,325083,13,0,9,2,32,,325060,13,0,9,1,64,,325064,13,0,9,1,22,,325084,13,0,9,2,20,,325061,13,0,9,1,57,,325075,13,0,9,2,19,,325065,13,0,9,1,22,,325085,13,0,9,2,58,,325076,13,0,9,2,16,,325062,13,0,9,1,18,,325066,13,0,9,1,62,,325087,13,0,9,1,23,,325077,13,0,9,2,24,,325063,13,0,9,1,61,,325067,13,0,9,1,26,,325088,13,0,9,1,65,,325078,13,0,9,2,25,,325092,13,0,9,2,67,,325068,13,0,9,1,30,,325079,13,0,9,2,69,,325093,13,0,9,2,30,,325089,13,0,9,1,70,,325095,13,0,9,1,30,,325094,13,0,9,2,70,,325090,13,0,9,1,31,,325096,13,0,9,1,69,,325069,13,0,9,1,30,,325091,13,0,9,1,71,,325097,13,0,9,1,30,,325070,13,0,9,1,69,,325086,13,0,9,2,26,,325098,13,0,9,1,32,,325071,13,0,9,1,72,,325099,13,0,9,1,70,,325072,13,0,9,1,30,,325100,13,0,9,2,70,,325073,13,0,9,1,30,,325101,13,0,9,2,70,,325074,13,0,9,1
18802,'H50S000S-82-S',1705,,336252,17,0,99 48,2
18802,'H54S000S-80-S',559,,336258,21,0,99 49,1,64,,336262,21,0,99 49,2,25,,336260,21,0,99 49,2,67,,336253,21,0,99 49,1,89,,336263,21,0,99 49,2,29,,336261,21,0,99 49,2,68,,336256,21,0,99 49,1,30,,336264,21,0,99 49,2,585,,336254,17,0,99 48,2,36,,336259,17,0,99 48,1,75,,336255,17,0,99 48,2,116,,336265,17,0,99 48,1,79,,336266,17,0,99 48,2,78,,336257,17,0,99 48,1
18802,'H58S000S-83-S',740,,336267,21,0,99 49,2
