4503,'H51S000S-81-S',1707,,298689,9,0,8,1
4503,'H57S000S-80-S',1519,,298691,9,0,8,1,36,,298695,9,0,8,1,64,,298697,9,0,8,2,12,,298690,9,0,8,1,12,,298693,9,0,8,2,76,,298696,9,0,8,1,24,,298692,9,0,8,1,12,,298694,9,0,8,1
4503,'H58S000A-80-A',557,,298698,9,0,8,1,71,,298710,9,0,8,1,30,,298721,9,0,8,2,71,,298699,9,0,8,1,29,,298711,9,0,8,1,70,,298722,9,0,8,2,72,,298700,9,0,8,1,33,,298712,9,0,8,1,74,,298723,9,0,8,2,33,,298701,9,0,8,1,72,,298727,9,0,8,2,28,,298713,9,0,8,1,71,,298724,9,0,8,2,33,,298702,9,0,8,1,71,,298728,9,0,8,2,24,,298714,9,0,8,1,64,,298736,9,0,8,2,24,,298725,9,0,8,2,20,,298739,9,0,8,1,58,,298703,9,0,8,1,18,,298729,9,0,8,2,19,,298726,9,0,8,1,59,,298715,9,0,8,1,20,,298737,9,0,8,2,23,,298704,9,0,8,1,66,,298740,9,0,8,1,25,,298730,9,0,8,2,65,,298716,9,0,8,1,26,,298738,9,0,8,2,27,,298705,9,0,8,1,66,,298741,9,0,8,1,27,,298731,9,0,8,2,66,,298717,9,0,8,1,26,,298706,9,0,8,1,66,,298742,9,0,8,1,24,,298732,9,0,8,2,30,,298718,9,0,8,1,70,,298707,9,0,8,1,72,,298733,9,0,8,2,31,,298719,9,0,8,1,69,,298708,9,0,8,1,28,,298734,9,0,8,1,29,,298720,9,0,8,1,69,,298709,9,0,8,1,29,,298735,9,0,8,2
4503,'H58S000I-80-I',558,,298746,9,0,8,1,70,,298758,9,0,8,2,29,,298771,9,0,8,2,69,,298747,9,0,8,1,30,,298759,9,0,8,2,70,,298772,9,0,8,2,31,,298748,9,0,8,1,72,,298760,9,0,8,2,75,,298773,9,0,8,2,33,,298749,9,0,8,1,72,,298761,9,0,8,2,32,,298743,9,0,8,1,73,,298774,9,0,8,2,31,,298750,9,0,8,1,72,,298762,9,0,8,2,32,,298744,9,0,8,1,72,,298775,9,0,8,2,32,,298751,9,0,8,1,72,,298781,9,0,8,1,33,,298745,9,0,8,1,64,,298763,9,0,8,2,25,,298752,9,0,8,1,65,,298766,9,0,8,2,27,,298776,9,0,8,1,70,,298765,9,0,8,2,28,,298764,9,0,8,2,72,,298753,9,0,8,1,32,,298767,9,0,8,2,72,,298777,9,0,8,1,31,,298754,9,0,8,1,71,,298768,9,0,8,2,33,,298778,9,0,8,1,71,,298755,9,0,8,1,30,,298769,9,0,8,2,70,,298779,9,0,8,1,29,,298756,9,0,8,1,68,,298770,9,0,8,2,31,,298780,9,0,8,1,72,,298757,9,0,8,1
4503,'H58S000S-83-S',545,,298792,9,0,8,2,69,,298800,9,0,8,2,29,,298810,9,0,8,2,71,,298794,9,0,8,1,39,,298793,9,0,8,2,60,,298803,9,0,8,1,31,,298811,9,0,8,2,67,,298782,9,0,8,1,29,,298795,9,0,8,1,67,,298804,9,0,8,1,25,,298789,9,0,8,2,24,,298812,9,0,8,2,64,,298783,9,0,8,1,25,,298796,9,0,8,1,65,,298805,9,0,8,1,24,,298790,9,0,8,2,68,,298813,9,0,8,2,28,,298784,9,0,8,1,28,,298797,9,0,8,1,69,,298806,9,0,8,1,21,,298791,9,0,8,2,95,,298785,9,0,8,1,64,,298798,9,0,8,1,48,,298807,9,0,8,1,76,,298819,9,0,8,2,76,,298786,9,0,8,1,12,,298799,9,0,8,1,17,,298801,9,0,8,2,66,,298808,9,0,8,1,30,,298820,9,0,8,2,70,,298787,9,0,8,1,29,,298802,9,0,8,2,28,,298809,9,0,8,1,69,,298821,9,0,8,2,29,,298788,9,0,8,1,70,,298824,9,0,8,2,28,,298815,9,0,8,1,70,,298822,9,0,8,2,31,,298814,9,0,8,1,66,,298816,9,0,8,1,29,,298817,9,0,8,1,56,,298823,9,0,8,2,16,,298818,9,0,8,1
4503,'H58S100F-80-F1',558,,298825,9,0,8,2,70,,298835,9,0,8,1,29,,298847,9,0,8,2,69,,298826,9,0,8,2,30,,298836,9,0,8,1,70,,298848,9,0,8,2,31,,298827,9,0,8,2,72,,298837,9,0,8,1,75,,298849,9,0,8,2,33,,298828,9,0,8,2,72,,298838,9,0,8,1,32,,298829,9,0,8,1,73,,298850,9,0,8,2,31,,298832,9,0,8,1,72,,298839,9,0,8,1,32,,298830,9,0,8,1,72,,298851,9,0,8,2,32,,298833,9,0,8,1,72,,298840,9,0,8,1,33,,298831,9,0,8,1,64,,298852,9,0,8,2,25,,298834,9,0,8,1,65,,298859,9,0,8,1,27,,298841,9,0,8,1,70,,298846,9,0,8,2,28,,298853,9,0,8,2,72,,298858,9,0,8,1,32,,298860,9,0,8,2,72,,298842,9,0,8,1,31,,298854,9,0,8,2,71,,298861,9,0,8,2,33,,298843,9,0,8,1,71,,298855,9,0,8,2,30,,298862,9,0,8,2,70,,298844,9,0,8,1,29,,298856,9,0,8,2,68,,298863,9,0,8,2,31,,298845,9,0,8,1,72,,298857,9,0,8,2
4503,'H58S200F-80-F2',558,,298865,9,0,8,2,70,,298869,9,0,8,1,29,,298880,9,0,8,2,69,,298866,9,0,8,2,30,,298870,9,0,8,1,70,,298881,9,0,8,2,31,,298867,9,0,8,2,72,,298871,9,0,8,1,75,,298882,9,0,8,2,33,,298868,9,0,8,2,72,,298872,9,0,8,1,32,,298895,9,0,8,1,73,,298883,9,0,8,2,31,,298898,9,0,8,1,72,,298873,9,0,8,1,32,,298896,9,0,8,1,72,,298884,9,0,8,2,32,,298899,9,0,8,1,72,,298874,9,0,8,1,33,,298897,9,0,8,1,64,,298885,9,0,8,2,25,,298900,9,0,8,1,65,,298864,9,0,8,1,27,,298875,9,0,8,1,70,,298902,9,0,8,2,28,,298886,9,0,8,2,72,,298901,9,0,8,1,32,,298891,9,0,8,2,72,,298876,9,0,8,1,31,,298887,9,0,8,2,71,,298892,9,0,8,2,33,,298877,9,0,8,1,71,,298888,9,0,8,2,30,,298893,9,0,8,2,70,,298878,9,0,8,1,29,,298889,9,0,8,2,68,,298894,9,0,8,2,31,,298879,9,0,8,1,72,,298890,9,0,8,2
4503,'H59S000S-80-S',700,,298903,9,0,8,2,28,,298904,9,0,8,2,12,,298905,9,0,8,2,767,,298906,9,0,8,2,24,,298907,9,0,8,2
35903,'H57S000A-80-A',2620,,346419,9,0,8,1,20,,346420,9,0,8,1,60,,346424,9,0,8,2,28,,346423,9,0,8,1,75,,346421,9,0,8,1,36,,346425,9,0,8,2,75,,346422,9,0,8,1
35903,'H57S000I-80-I',2544,,346426,9,0,8,1,75,,346430,9,0,8,1,35,,346427,9,0,8,1,75,,346431,9,0,8,1,75,,346428,9,0,8,1,35,,346432,9,0,8,1,75,,346429,9,0,8,1
35903,'H57S000S-80-S',2544,,346434,9,0,8,1,74,,346437,9,0,8,1,39,,346435,9,0,8,1,72,,346433,9,0,8,1,75,,346438,9,0,8,1,35,,346436,9,0,8,1,75,,346439,9,0,8,1
35903,'H57S100F-80-F1',2544,,346440,9,0,8,1,75,,346444,9,0,8,1,35,,346441,9,0,8,1,75,,346445,9,0,8,1,75,,346442,9,0,8,1,35,,346446,9,0,8,1,75,,346443,9,0,8,1
35903,'H57S200F-80-F2',2544,,346447,9,0,8,1,75,,346451,9,0,8,1,35,,346448,9,0,8,1,75,,346452,9,0,8,1,75,,346449,9,0,8,1,35,,346453,9,0,8,1,75,,346450,9,0,8,1
