4102,'H58S000S-83-S',558,,297644,31,0,10,1,62,,297639,31,0,10,1,21,,297638,31,0,10,1,62,,297640,31,0,10,2,29,,297654,31,0,10,1,25,,297663,31,0,10,2,64,,297645,31,0,10,1,21,,297651,31,0,10,1,59,,297660,31,0,10,2,21,,297665,31,0,10,2,23,,297641,31,0,10,2,69,,297655,31,0,10,1,30,,297646,31,0,10,1,68,,297642,31,0,10,1,29,,297666,31,0,10,2,69,,297652,31,0,10,1,26,,297656,31,0,10,1,67,,297647,31,0,10,1,33,,297643,31,0,10,1,73,,297667,31,0,10,2,31,,297653,31,0,10,1,71,,297657,31,0,10,1,29,,297672,6,0,10,2,4,,297648,31,0,10,1,67,,297661,31,0,10,2,31,,297668,31,0,10,2,71,,297649,31,0,10,1,27,,297670,31,0,10,1,68,,297658,31,0,10,1,28,,297673,31,0,10,2,66,,297662,31,0,10,2,22,,297669,31,0,10,2,22,,297650,31,0,10,1,60,,297671,31,0,10,1,26,,297659,31,0,10,1,69,,297674,31,0,10,2,30,,297664,31,0,10,1
4102,'H58S100F-80-F1',643,,297678,31,0,10,1,73,,297677,31,0,10,2,31,,297680,31,0,10,2,71,,297682,31,0,10,1,29,,297683,31,0,10,1,67,,297684,31,0,10,2,24,,297679,31,0,10,1,572,,297675,31,0,10,1,30,,297685,31,0,10,2,68,,297687,31,0,10,1,31,,297690,31,0,10,2,70,,297691,31,0,10,2,29,,297681,31,0,10,2,67,,297676,31,0,10,1,29,,297686,31,0,10,2,70,,297688,31,0,10,1,22,,297689,31,0,10,2
4102,'H58S200F-80-F2',643,,297692,31,0,10,1,73,,297706,31,0,10,2,31,,297694,31,0,10,2,71,,297703,31,0,10,1,29,,297695,31,0,10,1,67,,297696,31,0,10,2,24,,297693,31,0,10,1,572,,297707,31,0,10,1,30,,297697,31,0,10,2,68,,297699,31,0,10,1,31,,297701,31,0,10,2,70,,297702,31,0,10,2,29,,297704,31,0,10,2,67,,297708,31,0,10,1,29,,297698,31,0,10,2,70,,297700,31,0,10,1,22,,297705,31,0,10,2
6703,'H58S000A-80-A',500,,305915,29,0,8,1,24,,305935,29,0,8,1,28,,305944,29,0,8,1,72,,305916,29,0,8,1,32,,305936,29,0,8,1,71,,305945,29,0,8,1,31,,305954,29,0,8,1,71,,305937,29,0,8,1,19,,305965,29,0,8,1,60,,305946,29,0,8,1,18,,305917,29,0,8,1,18,,305955,29,0,8,1,59,,305966,29,0,8,1,21,,305973,29,0,8,1,18,,305978,29,0,8,1,58,,305930,29,0,8,1,19,,305918,29,0,8,1,13,,305956,29,0,8,1,13,,305938,29,0,8,1,14,,305967,29,0,8,1,54,,305974,29,0,8,1,12,,305947,29,0,8,1,12,,305979,29,0,8,1,10,,305931,29,0,8,1,11,,305985,29,0,8,1,51,,305919,29,0,8,1,11,,305957,29,0,8,1,10,,305939,29,0,8,1,9,,305927,29,0,8,1,9,,305968,29,0,8,1,10,,305975,29,0,8,1,49,,305996,29,0,8,1,10,,305948,29,0,8,1,9,,305980,29,0,8,1,9,,305932,29,0,8,1,9,,305993,29,0,8,1,10,,305986,29,0,8,1,50,,305920,29,0,8,1,10,,305958,29,0,8,1,9,,305940,29,0,8,1,8,,305928,29,0,8,1,9,,305969,29,0,8,1,8,,305976,29,0,8,1,8,,306004,29,0,8,1,48,,305997,29,0,8,1,8,,305949,29,0,8,1,8,,305981,29,0,8,1,8,,305933,29,0,8,1,8,,305994,29,0,8,1,7,,306007,29,0,8,1,7,,305941,29,0,8,1,7,,305987,29,0,8,1,46,,305921,29,0,8,1,7,,305959,29,0,8,1,8,,305929,29,0,8,1,7,,306005,29,0,8,1,7,,305970,29,0,8,1,8,,305950,29,0,8,1,8,,305977,29,0,8,1,7,,305998,29,0,8,1,47,,305995,29,0,8,1,7,,305982,29,0,8,1,6,,305942,29,0,8,1,5,,305934,29,0,8,1,7,,305922,29,0,8,1,6,,306008,29,0,8,1,6,,305943,29,0,8,1,7,,305988,29,0,8,1,10,,305971,29,0,8,1,50,,305960,29,0,8,1,10,,306006,29,0,8,1,11,,305951,29,0,8,1,12,,305999,29,0,8,1,11,,305963,29,0,8,1,51,,305983,29,0,8,1,12,,305923,29,0,8,1,14,,305989,29,0,8,1,13,,305964,29,0,8,1,13,,305961,29,0,8,1,54,,305952,29,0,8,1,15,,306000,29,0,8,1,15,,305924,29,0,8,1,16,,305984,29,0,8,1,55,,305990,29,0,8,1,19,,305962,29,0,8,1,18,,306001,29,0,8,1,58,,305953,29,0,8,1,18,,305925,29,0,8,1,29,,305991,29,0,8,1,69,,306002,29,0,8,1,31,,305926,29,0,8,1,68,,305992,29,0,8,1,27,,306003,29,0,8,1,65,,305972,29,0,8,1
6703,'H58S000I-80-I',501,,306009,29,0,8,1,29,,306017,29,0,8,1,28,,306027,29,0,8,1,68,,306010,29,0,8,1,31,,306018,29,0,8,1,69,,306028,29,0,8,1,30,,306011,29,0,8,1,73,,306032,29,0,8,1,30,,306029,29,0,8,1,68,,306012,29,0,8,1,22,,306037,29,0,8,1,58,,306019,29,0,8,1,20,,306038,29,0,8,1,15,,306030,29,0,8,1,14,,306045,29,0,8,1,55,,306013,29,0,8,1,16,,306056,29,0,8,1,17,,306033,29,0,8,1,57,,306059,29,0,8,1,17,,306039,29,0,8,1,17,,306031,29,0,8,1,16,,306046,29,0,8,1,55,,306057,29,0,8,1,12,,306020,29,0,8,1,13,,306034,29,0,8,1,11,,306060,29,0,8,1,12,,306065,29,0,8,1,52,,306040,29,0,8,1,12,,306069,29,0,8,1,11,,306014,29,0,8,1,12,,306047,29,0,8,1,10,,306077,29,0,8,1,50,,306021,29,0,8,1,10,,306082,29,0,8,1,11,,306035,29,0,8,1,11,,306061,29,0,8,1,11,,306066,29,0,8,1,11,,306041,29,0,8,1,51,,306054,29,0,8,1,10,,306070,29,0,8,1,10,,306015,29,0,8,1,9,,306048,29,0,8,1,10,,306078,29,0,8,1,8,,306022,29,0,8,1,48,,306083,29,0,8,1,8,,306036,29,0,8,1,8,,306062,29,0,8,1,9,,306042,29,0,8,1,8,,306067,29,0,8,1,8,,306085,29,0,8,1,7,,306055,29,0,8,1,7,,306016,29,0,8,1,48,,306071,29,0,8,1,9,,306058,29,0,8,1,9,,306049,29,0,8,1,8,,306079,29,0,8,1,10,,306063,29,0,8,1,10,,306084,29,0,8,1,50,,306068,29,0,8,1,11,,306043,29,0,8,1,11,,306086,29,0,8,1,14,,306023,29,0,8,1,15,,306072,29,0,8,1,55,,306050,29,0,8,1,13,,306064,29,0,8,1,17,,306080,29,0,8,1,18,,306044,29,0,8,1,59,,306073,29,0,8,1,22,,306024,29,0,8,1,23,,306051,29,0,8,1,63,,306081,29,0,8,1,23,,306074,29,0,8,1,70,,306025,29,0,8,1,30,,306052,29,0,8,1,69,,306075,29,0,8,1,28,,306026,29,0,8,1,66,,306053,29,0,8,1,27,,306076,29,0,8,1
6703,'H58S000S-83-S',538,,306100,29,0,8,1,68,,306087,29,0,8,1,30,,306110,29,0,8,1,12,,306117,29,0,8,1,52,,306123,29,0,8,1,13,,306133,29,0,8,1,9,,306140,29,0,8,1,11,,306101,29,0,8,1,7,,306094,29,0,8,1,8,,306148,29,0,8,1,6,,306088,29,0,8,1,47,,306152,29,0,8,1,7,,306158,29,0,8,1,6,,306153,29,0,8,1,6,,306164,29,0,8,1,6,,306111,29,0,8,1,6,,306160,29,0,8,1,3,,306159,29,0,8,1,6,,306118,29,0,8,1,5,,306161,29,0,8,1,4,,306147,29,0,8,1,6,,306124,29,0,8,1,49,,306163,29,0,8,1,8,,306134,29,0,8,1,10,,306102,29,0,8,1,9,,306095,29,0,8,1,10,,306089,29,0,8,1,9,,306162,29,0,8,1,49,,306154,29,0,8,1,10,,306165,29,0,8,1,12,,306112,29,0,8,1,12,,306119,29,0,8,1,12,,306125,29,0,8,1,11,,306135,29,0,8,1,51,,306103,29,0,8,1,14,,306096,29,0,8,1,12,,306090,29,0,8,1,12,,306155,29,0,8,1,11,,306166,29,0,8,1,52,,306113,29,0,8,1,12,,306120,29,0,8,1,12,,306126,29,0,8,1,12,,306136,29,0,8,1,12,,306104,29,0,8,1,53,,306097,29,0,8,1,13,,306091,29,0,8,1,12,,306156,29,0,8,1,12,,306141,29,0,8,1,12,,306167,29,0,8,1,53,,306114,29,0,8,1,11,,306121,29,0,8,1,11,,306127,29,0,8,1,12,,306137,29,0,8,1,10,,306105,29,0,8,1,49,,306098,29,0,8,1,10,,306171,29,0,8,1,8,,306092,29,0,8,1,10,,306157,29,0,8,1,6,,306190,29,0,8,1,6,,306142,29,0,8,1,6,,306192,29,0,8,1,6,,306168,29,0,8,1,49,,306178,29,0,8,1,8,,306115,29,0,8,1,9,,306122,29,0,8,1,8,,306128,29,0,8,1,8,,306196,29,0,8,1,8,,306195,29,0,8,1,6,,306138,29,0,8,1,6,,306106,29,0,8,1,47,,306099,29,0,8,1,8,,306172,29,0,8,1,8,,306187,29,0,8,1,9,,306184,29,0,8,1,8,,306093,29,0,8,1,8,,306191,29,0,8,1,8,,306143,29,0,8,1,48,,306193,29,0,8,1,8,,306169,29,0,8,1,8,,306179,29,0,8,1,6,,306116,29,0,8,1,7,,306129,29,0,8,1,7,,306197,29,0,8,1,9,,306139,29,0,8,1,10,,306107,29,0,8,1,50,,306173,29,0,8,1,11,,306188,29,0,8,1,11,,306185,29,0,8,1,11,,306194,29,0,8,1,10,,306144,29,0,8,1,49,,306170,29,0,8,1,10,,306180,29,0,8,1,11,,306130,29,0,8,1,18,,306108,29,0,8,1,17,,306174,29,0,8,1,56,,306189,29,0,8,1,12,,306186,29,0,8,1,12,,306145,29,0,8,1,12,,306181,29,0,8,1,52,,306149,29,0,8,1,13,,306109,29,0,8,1,13,,306131,29,0,8,1,19,,306175,29,0,8,1,58,,306182,29,0,8,1,17,,306146,29,0,8,1,19,,306150,29,0,8,1,20,,306176,29,0,8,1,60,,306132,29,0,8,1,23,,306183,29,0,8,1,65,,306151,29,0,8,1,28,,306177,29,0,8,1
6703,'H58S100F-80-F1',501,,306198,29,0,8,1,29,,306206,29,0,8,1,28,,306214,29,0,8,1,68,,306199,29,0,8,1,31,,306207,29,0,8,1,69,,306215,29,0,8,1,30,,306200,29,0,8,1,73,,306222,29,0,8,1,30,,306216,29,0,8,1,68,,306201,29,0,8,1,22,,306227,29,0,8,1,58,,306208,29,0,8,1,20,,306229,29,0,8,1,15,,306217,29,0,8,1,14,,306236,29,0,8,1,55,,306202,29,0,8,1,16,,306248,29,0,8,1,17,,306223,29,0,8,1,57,,306209,29,0,8,1,17,,306230,29,0,8,1,17,,306245,29,0,8,1,16,,306237,29,0,8,1,55,,306228,29,0,8,1,12,,306249,29,0,8,1,13,,306224,29,0,8,1,11,,306253,29,0,8,1,12,,306210,29,0,8,1,52,,306231,29,0,8,1,12,,306258,29,0,8,1,11,,306203,29,0,8,1,12,,306238,29,0,8,1,10,,306266,29,0,8,1,50,,306250,29,0,8,1,10,,306271,29,0,8,1,11,,306225,29,0,8,1,11,,306254,29,0,8,1,11,,306211,29,0,8,1,11,,306232,29,0,8,1,51,,306246,29,0,8,1,10,,306259,29,0,8,1,10,,306204,29,0,8,1,9,,306239,29,0,8,1,10,,306267,29,0,8,1,8,,306251,29,0,8,1,48,,306272,29,0,8,1,8,,306226,29,0,8,1,8,,306255,29,0,8,1,9,,306233,29,0,8,1,8,,306212,29,0,8,1,8,,306274,29,0,8,1,7,,306247,29,0,8,1,7,,306205,29,0,8,1,48,,306260,29,0,8,1,9,,306252,29,0,8,1,9,,306240,29,0,8,1,8,,306268,29,0,8,1,10,,306256,29,0,8,1,10,,306273,29,0,8,1,50,,306213,29,0,8,1,11,,306234,29,0,8,1,11,,306275,29,0,8,1,14,,306218,29,0,8,1,15,,306261,29,0,8,1,55,,306241,29,0,8,1,13,,306257,29,0,8,1,17,,306269,29,0,8,1,18,,306235,29,0,8,1,59,,306262,29,0,8,1,22,,306219,29,0,8,1,23,,306242,29,0,8,1,63,,306270,29,0,8,1,23,,306263,29,0,8,1,70,,306220,29,0,8,1,30,,306243,29,0,8,1,69,,306264,29,0,8,1,28,,306221,29,0,8,1,66,,306244,29,0,8,1,27,,306265,29,0,8,1
6703,'H58S200F-80-F2',501,,306276,29,0,8,1,29,,306284,29,0,8,1,28,,306292,29,0,8,1,68,,306277,29,0,8,1,31,,306285,29,0,8,1,69,,306293,29,0,8,1,30,,306278,29,0,8,1,73,,306300,29,0,8,1,30,,306294,29,0,8,1,68,,306279,29,0,8,1,22,,306305,29,0,8,1,58,,306286,29,0,8,1,20,,306307,29,0,8,1,15,,306295,29,0,8,1,14,,306314,29,0,8,1,55,,306280,29,0,8,1,16,,306345,29,0,8,1,17,,306301,29,0,8,1,57,,306287,29,0,8,1,17,,306308,29,0,8,1,17,,306323,29,0,8,1,16,,306315,29,0,8,1,55,,306306,29,0,8,1,12,,306346,29,0,8,1,13,,306302,29,0,8,1,11,,306324,29,0,8,1,12,,306288,29,0,8,1,52,,306309,29,0,8,1,12,,306329,29,0,8,1,11,,306281,29,0,8,1,12,,306316,29,0,8,1,10,,306337,29,0,8,1,50,,306347,29,0,8,1,10,,306340,29,0,8,1,11,,306303,29,0,8,1,11,,306325,29,0,8,1,11,,306289,29,0,8,1,11,,306310,29,0,8,1,51,,306343,29,0,8,1,10,,306330,29,0,8,1,10,,306282,29,0,8,1,9,,306317,29,0,8,1,10,,306338,29,0,8,1,8,,306348,29,0,8,1,48,,306341,29,0,8,1,8,,306304,29,0,8,1,8,,306326,29,0,8,1,9,,306311,29,0,8,1,8,,306290,29,0,8,1,8,,306352,29,0,8,1,7,,306344,29,0,8,1,7,,306283,29,0,8,1,48,,306331,29,0,8,1,9,,306349,29,0,8,1,9,,306318,29,0,8,1,8,,306339,29,0,8,1,10,,306327,29,0,8,1,10,,306342,29,0,8,1,50,,306291,29,0,8,1,11,,306312,29,0,8,1,11,,306353,29,0,8,1,14,,306296,29,0,8,1,15,,306332,29,0,8,1,55,,306319,29,0,8,1,13,,306328,29,0,8,1,17,,306350,29,0,8,1,18,,306313,29,0,8,1,59,,306333,29,0,8,1,22,,306297,29,0,8,1,23,,306320,29,0,8,1,63,,306351,29,0,8,1,23,,306334,29,0,8,1,70,,306298,29,0,8,1,30,,306321,29,0,8,1,69,,306335,29,0,8,1,28,,306299,29,0,8,1,66,,306322,29,0,8,1,27,,306336,29,0,8,1
35703,'H59S000A-80-A',2655,,346262,34,0,8,2,85,,346261,34,0,8,1,84,,346263,34,0,8,2
35703,'H59S000I-81-I',2604,,346264,34,0,8,1,46,,346266,34,0,8,2,85,,346265,34,0,8,1,85,,346267,34,0,8,2
35703,'H59S000S-80-S',2605,,346270,34,0,8,2,45,,346268,34,0,8,1,85,,346271,34,0,8,2,85,,346269,34,0,8,1
35703,'H59S100F-80-F1',2604,,346272,34,0,8,1,46,,346274,34,0,8,2,85,,346273,34,0,8,1,85,,346275,34,0,8,2
35703,'H59S200F-80-F2',2604,,346276,34,0,8,1,46,,346278,34,0,8,2,85,,346277,34,0,8,1,85,,346279,34,0,8,2
