1204,'H56S000A-80-A',532,,288590,12,0,9,1,73,,288605,12,0,9,1,32,,288591,12,0,9,1,72,,288606,12,0,9,1,32,,288592,12,0,9,1,71,,288607,12,0,9,1,32,,288593,12,0,9,1,73,,288608,12,0,9,1,22,,288621,12,0,9,1,62,,288594,12,0,9,1,23,,288609,12,0,9,1,22,,288622,12,0,9,1,63,,288595,12,0,9,1,24,,288610,12,0,9,1,23,,288623,12,0,9,1,63,,288596,12,0,9,1,25,,288611,12,0,9,1,64,,288624,12,0,9,1,23,,288597,12,0,9,1,27,,288612,12,0,9,1,64,,288625,12,0,9,1,23,,288598,12,0,9,1,67,,288613,12,0,9,1,24,,288626,12,0,9,1,23,,288599,12,0,9,1,66,,288614,12,0,9,1,24,,288627,12,0,9,1,64,,288600,12,0,9,1,24,,288615,12,0,9,1,65,,288628,12,0,9,1,24,,288601,12,0,9,1,24,,288616,12,0,9,1,65,,288629,12,0,9,1,25,,288602,12,0,9,1,63,,288617,12,0,9,1,24,,288630,12,0,9,1,24,,288603,12,0,9,1,64,,288618,12,0,9,1,25,,288631,12,0,9,1,66,,288604,12,0,9,1,32,,288619,12,0,9,1,73,,288632,12,0,9,1,32,,288620,12,0,9,1,73,,288633,12,0,9,1
1204,'H56S000I-80-I',531,,288634,12,0,9,1,73,,288649,12,0,9,1,33,,288635,12,0,9,1,73,,288650,12,0,9,1,32,,288636,12,0,9,1,73,,288651,12,0,9,1,31,,288637,12,0,9,1,71,,288652,12,0,9,1,22,,288664,12,0,9,1,62,,288638,12,0,9,1,22,,288653,12,0,9,1,22,,288665,12,0,9,1,63,,288639,12,0,9,1,22,,288654,12,0,9,1,22,,288666,12,0,9,1,64,,288640,12,0,9,1,23,,288655,12,0,9,1,62,,288667,12,0,9,1,24,,288641,12,0,9,1,25,,288656,12,0,9,1,63,,288668,12,0,9,1,24,,288642,12,0,9,1,64,,288657,12,0,9,1,24,,288669,12,0,9,1,22,,288643,12,0,9,1,65,,288658,12,0,9,1,24,,288670,12,0,9,1,22,,288644,12,0,9,1,65,,288659,12,0,9,1,23,,288671,12,0,9,1,62,,288645,12,0,9,1,25,,288660,12,0,9,1,23,,288672,12,0,9,1,62,,288646,12,0,9,1,24,,288661,12,0,9,1,60,,288673,12,0,9,1,22,,288647,12,0,9,1,21,,288662,12,0,9,1,60,,288674,12,0,9,1,23,,288648,12,0,9,1,21,,288663,12,0,9,1,59,,288675,12,0,9,1,32,,288678,12,0,9,1,71,,288676,12,0,9,1,32,,288679,12,0,9,1,71,,288677,12,0,9,1
1204,'H56S000S-82-S',554,,288708,12,0,9,1,71,,288707,12,0,9,1,30,,288680,12,0,9,1,72,,288709,12,0,9,1,28,,288687,12,0,9,1,60,,288681,12,0,9,1,20,,288699,12,0,9,1,20,,288710,12,0,9,1,59,,288688,12,0,9,1,24,,288682,12,0,9,1,68,,288711,12,0,9,1,30,,288689,12,0,9,1,70,,288683,12,0,9,1,30,,288712,12,0,9,1,71,,288690,12,0,9,1,30,,288684,12,0,9,1,70,,288713,12,0,9,1,30,,288691,12,0,9,1,70,,288685,12,0,9,1,23,,288714,12,0,9,1,16,,288700,12,0,9,1,56,,288692,12,0,9,1,16,,288693,12,0,9,1,21,,288686,12,0,9,1,4,,288720,12,0,9,1,63,,288701,12,0,9,1,17,,288722,12,0,9,1,15,,288694,12,0,9,1,17,,288721,12,0,9,1,60,,288715,12,0,9,1,26,,288702,12,0,9,1,65,,288695,12,0,9,1,26,,288716,12,0,9,1,68,,288703,12,0,9,1,28,,288696,12,0,9,1,27,,288717,12,0,9,1,68,,288704,12,0,9,1,28,,288697,12,0,9,1,69,,288718,12,0,9,1,28,,288705,12,0,9,1,68,,288698,12,0,9,1,29,,288719,12,0,9,1,70,,288706,12,0,9,1
1204,'H56S100F-80-F1',531,,288723,12,0,9,1,73,,288738,12,0,9,1,33,,288724,12,0,9,1,73,,288739,12,0,9,1,32,,288725,12,0,9,1,73,,288740,12,0,9,1,31,,288726,12,0,9,1,71,,288741,12,0,9,1,22,,288753,12,0,9,1,62,,288727,12,0,9,1,22,,288742,12,0,9,1,22,,288754,12,0,9,1,63,,288728,12,0,9,1,22,,288743,12,0,9,1,22,,288755,12,0,9,1,64,,288729,12,0,9,1,23,,288744,12,0,9,1,62,,288756,12,0,9,1,24,,288730,12,0,9,1,25,,288745,12,0,9,1,63,,288757,12,0,9,1,24,,288731,12,0,9,1,64,,288746,12,0,9,1,24,,288758,12,0,9,1,22,,288732,12,0,9,1,65,,288747,12,0,9,1,24,,288759,12,0,9,1,22,,288733,12,0,9,1,65,,288748,12,0,9,1,23,,288760,12,0,9,1,62,,288734,12,0,9,1,25,,288749,12,0,9,1,23,,288761,12,0,9,1,62,,288735,12,0,9,1,24,,288750,12,0,9,1,60,,288762,12,0,9,1,22,,288736,12,0,9,1,21,,288751,12,0,9,1,60,,288763,12,0,9,1,23,,288737,12,0,9,1,21,,288752,12,0,9,1,59,,288764,12,0,9,1,32,,288767,12,0,9,1,71,,288765,12,0,9,1,32,,288768,12,0,9,1,71,,288766,12,0,9,1
1204,'H56S200F-80-F2',531,,288769,12,0,9,1,73,,288784,12,0,9,1,33,,288770,12,0,9,1,73,,288785,12,0,9,1,32,,288771,12,0,9,1,73,,288786,12,0,9,1,31,,288772,12,0,9,1,71,,288787,12,0,9,1,22,,288799,12,0,9,1,62,,288773,12,0,9,1,22,,288788,12,0,9,1,22,,288800,12,0,9,1,63,,288774,12,0,9,1,22,,288789,12,0,9,1,22,,288801,12,0,9,1,64,,288775,12,0,9,1,23,,288790,12,0,9,1,62,,288802,12,0,9,1,24,,288776,12,0,9,1,25,,288791,12,0,9,1,63,,288803,12,0,9,1,24,,288777,12,0,9,1,64,,288792,12,0,9,1,24,,288804,12,0,9,1,22,,288778,12,0,9,1,65,,288793,12,0,9,1,24,,288805,12,0,9,1,22,,288779,12,0,9,1,65,,288794,12,0,9,1,23,,288806,12,0,9,1,62,,288780,12,0,9,1,25,,288795,12,0,9,1,23,,288807,12,0,9,1,62,,288781,12,0,9,1,24,,288796,12,0,9,1,60,,288808,12,0,9,1,22,,288782,12,0,9,1,21,,288797,12,0,9,1,60,,288809,12,0,9,1,23,,288783,12,0,9,1,21,,288798,12,0,9,1,59,,288810,12,0,9,1,32,,288813,12,0,9,1,71,,288811,12,0,9,1,32,,288814,12,0,9,1,71,,288812,12,0,9,1
16804,'H59S000A-80-A',648,,331653,15,0,9,1,73,,331666,15,0,9,2,30,,331679,15,0,9,2,70,,331654,15,0,9,1,31,,331667,15,0,9,2,68,,331680,15,0,9,2,31,,331655,15,0,9,1,70,,331668,15,0,9,2,31,,331681,15,0,9,2,70,,331656,15,0,9,1,33,,331669,15,0,9,2,69,,331682,15,0,9,2,29,,331657,15,0,9,1,70,,331670,15,0,9,2,31,,331683,15,0,9,2,71,,331658,15,0,9,1,30,,331671,15,0,9,2,71,,331684,15,0,9,2,32,,331659,15,0,9,1,71,,331672,15,0,9,2,28,,331685,15,0,9,2,67,,331660,15,0,9,1,30,,331673,15,0,9,2,70,,331686,15,0,9,2,30,,331661,15,0,9,1,69,,331674,15,0,9,2,30,,331687,15,0,9,2,70,,331662,15,0,9,1,30,,331675,15,0,9,2,71,,331688,15,0,9,2,31,,331663,15,0,9,1,68,,331676,15,0,9,2,29,,331689,15,0,9,2,70,,331664,15,0,9,1,31,,331677,15,0,9,2,71,,331690,15,0,9,2,30,,331665,15,0,9,1,70,,331678,15,0,9,2,31,,331691,15,0,9,2
16804,'H59S000I-81-I',647,,331692,15,0,9,1,72,,331705,15,0,9,1,31,,331693,15,0,9,1,70,,331718,15,0,9,2,30,,331706,15,0,9,1,71,,331694,15,0,9,1,29,,331719,15,0,9,2,70,,331707,15,0,9,1,30,,331695,15,0,9,1,70,,331720,15,0,9,2,29,,331708,15,0,9,1,72,,331696,15,0,9,1,32,,331721,15,0,9,2,69,,331709,15,0,9,1,30,,331697,15,0,9,1,70,,331722,15,0,9,2,30,,331710,15,0,9,1,70,,331698,15,0,9,1,31,,331723,15,0,9,2,70,,331711,15,0,9,1,29,,331699,15,0,9,1,69,,331724,15,0,9,2,31,,331712,15,0,9,1,70,,331700,15,0,9,1,29,,331725,15,0,9,2,72,,331713,15,0,9,1,28,,331701,15,0,9,1,69,,331726,15,0,9,2,30,,331714,15,0,9,1,70,,331702,15,0,9,1,32,,331727,15,0,9,2,68,,331715,15,0,9,1,30,,331703,15,0,9,1,70,,331728,15,0,9,2,30,,331716,15,0,9,1,70,,331704,15,0,9,1,32,,331729,15,0,9,2,73,,331717,15,0,9,1
16804,'H59S000S-80-S',557,,331731,15,0,9,2,72,,331746,15,0,9,1,24,,331753,15,0,9,2,67,,331732,15,0,9,2,32,,331747,15,0,9,1,74,,331754,15,0,9,2,30,,331733,15,0,9,2,71,,331748,15,0,9,1,27,,331755,15,0,9,2,69,,331734,15,0,9,2,28,,331749,15,0,9,1,69,,331756,15,0,9,2,29,,331735,15,0,9,2,69,,331750,15,0,9,1,30,,331757,15,0,9,2,69,,331736,15,0,9,2,30,,331751,15,0,9,1,71,,331758,15,0,9,2,30,,331737,15,0,9,2,69,,331752,15,0,9,1,29,,331759,15,0,9,2,66,,331738,15,0,9,2,17,,331764,15,0,9,2,27,,331739,15,0,9,1,65,,331760,15,0,9,2,18,,331730,15,0,9,1,18,,331765,15,0,9,2,66,,331740,15,0,9,1,32,,331761,15,0,9,2,68,,331766,15,0,9,2,27,,331741,15,0,9,1,68,,331762,15,0,9,2,29,,331767,15,0,9,2,68,,331742,15,0,9,1,28,,331763,15,0,9,2,65,,331768,15,0,9,2,32,,331743,15,0,9,1,72,,331769,15,0,9,2,33,,331744,15,0,9,1,73,,331770,15,0,9,2,32,,331745,15,0,9,1,73,,331771,15,0,9,2
16804,'H59S100F-80-F1',647,,331787,15,0,9,1,72,,331772,15,0,9,1,31,,331788,15,0,9,1,70,,331775,15,0,9,2,30,,331773,15,0,9,1,71,,331789,15,0,9,1,29,,331776,15,0,9,2,70,,331774,15,0,9,1,30,,331790,15,0,9,1,70,,331777,15,0,9,2,29,,331800,15,0,9,1,72,,331791,15,0,9,1,32,,331778,15,0,9,2,69,,331801,15,0,9,1,30,,331792,15,0,9,1,70,,331779,15,0,9,2,30,,331802,15,0,9,1,70,,331793,15,0,9,1,31,,331780,15,0,9,2,70,,331803,15,0,9,1,29,,331794,15,0,9,1,69,,331781,15,0,9,2,31,,331804,15,0,9,1,70,,331795,15,0,9,1,29,,331782,15,0,9,2,72,,331805,15,0,9,1,28,,331796,15,0,9,1,69,,331783,15,0,9,2,30,,331806,15,0,9,1,70,,331797,15,0,9,1,32,,331784,15,0,9,2,68,,331807,15,0,9,1,30,,331798,15,0,9,1,70,,331785,15,0,9,2,30,,331808,15,0,9,1,70,,331799,15,0,9,1,32,,331786,15,0,9,2,73,,331809,15,0,9,1
16804,'H59S200F-80-F2',647,,331825,15,0,9,1,72,,331810,15,0,9,1,31,,331826,15,0,9,1,70,,331813,15,0,9,2,30,,331811,15,0,9,1,71,,331827,15,0,9,1,29,,331814,15,0,9,2,70,,331812,15,0,9,1,30,,331828,15,0,9,1,70,,331815,15,0,9,2,29,,331838,15,0,9,1,72,,331829,15,0,9,1,32,,331816,15,0,9,2,69,,331839,15,0,9,1,30,,331830,15,0,9,1,70,,331817,15,0,9,2,30,,331840,15,0,9,1,70,,331831,15,0,9,1,31,,331818,15,0,9,2,70,,331841,15,0,9,1,29,,331832,15,0,9,1,69,,331819,15,0,9,2,31,,331842,15,0,9,1,70,,331833,15,0,9,1,29,,331820,15,0,9,2,72,,331843,15,0,9,1,28,,331834,15,0,9,1,69,,331821,15,0,9,2,30,,331844,15,0,9,1,70,,331835,15,0,9,1,32,,331822,15,0,9,2,68,,331845,15,0,9,1,30,,331836,15,0,9,1,70,,331823,15,0,9,2,30,,331846,15,0,9,1,70,,331837,15,0,9,1,32,,331824,15,0,9,2,73,,331847,15,0,9,1
17204,'H59S000S-80-S',537,,332777,2,0,9,1,70,,332778,2,0,9,1,27,,332780,2,0,9,1,22,,332781,2,0,9,1,65,,332782,2,0,9,1,20,,332783,2,0,9,1,60,,332784,2,0,9,1,20,,332785,2,0,9,1,20,,332786,2,0,9,1,60,,332787,2,0,9,1,20,,332788,2,0,9,1,20,,332789,2,0,9,1,60,,332790,2,0,9,1,20,,332791,2,0,9,1,20,,332792,2,0,9,1,60,,332793,2,0,9,1,20,,332794,2,0,9,1,20,,332795,2,0,9,1,60,,332796,2,0,9,1,20,,332797,2,0,9,1,20,,332798,2,0,9,1,60,,332799,2,0,9,1,20,,332800,2,0,9,1,20,,332801,2,0,9,1,60,,332802,2,0,9,1,20,,332803,2,0,9,1,20,,332804,2,0,9,1,60,,332805,2,0,9,1,20,,332806,2,0,9,1,20,,332807,2,0,9,1,60,,332808,2,0,9,1,20,,332809,2,0,9,1,20,,332810,2,0,9,1,60,,332811,2,0,9,1,20,,332812,2,0,9,1,20,,332813,2,0,9,1,60,,332814,2,0,9,1,20,,332815,2,0,9,1,20,,332816,2,0,9,1,60,,332817,2,0,9,1,20,,332818,2,0,9,1,20,,332819,2,0,9,1,60,,332820,2,0,9,1,20,,332821,2,0,9,1,20,,332822,2,0,9,1,60,,332823,2,0,9,1,20,,332824,2,0,9,1,20,,332825,2,0,9,1,60,,332826,2,0,9,1,20,,332827,2,0,9,1,20,,332828,2,0,9,1,60,,332829,2,0,9,1,20,,332830,2,0,9,1,20,,332831,2,0,9,1,60,,332832,2,0,9,1,20,,332833,2,0,9,1,20,,332834,2,0,9,1,60,,332835,2,0,9,1,25,,332779,2,0,9,1
17604,'H59S000A-80-A',1101,,333271,2,0,9,1,20,,333259,2,0,9,2,20,,333272,2,0,9,1,60,,333260,2,0,9,2,20,,333273,2,0,9,1,20,,333261,2,0,9,2,60,,333274,2,0,9,1,20,,333262,2,0,9,2,20,,333275,2,0,9,1,60,,333263,2,0,9,2,20,,333276,2,0,9,1,20,,333264,2,0,9,2,60,,333277,2,0,9,1,20,,333265,2,0,9,2,20,,333278,2,0,9,1,60,,333266,2,0,9,2,20,,333279,2,0,9,1,20,,333267,2,0,9,2,60,,333280,2,0,9,1,20,,333268,2,0,9,2,20,,333281,2,0,9,1,60,,333269,2,0,9,2,20,,333282,2,0,9,1,20,,333270,2,0,9,2,60,,333283,2,0,9,1
17604,'H59S000I-81-I',1101,,333296,2,0,9,2,20,,333284,2,0,9,1,20,,333297,2,0,9,2,60,,333285,2,0,9,1,20,,333298,2,0,9,2,20,,333286,2,0,9,1,60,,333299,2,0,9,2,20,,333287,2,0,9,1,20,,333300,2,0,9,2,60,,333288,2,0,9,1,20,,333301,2,0,9,2,20,,333289,2,0,9,1,60,,333302,2,0,9,2,20,,333290,2,0,9,1,20,,333303,2,0,9,2,60,,333291,2,0,9,1,20,,333304,2,0,9,2,20,,333292,2,0,9,1,60,,333305,2,0,9,2,20,,333293,2,0,9,1,20,,333306,2,0,9,2,60,,333294,2,0,9,1,20,,333307,2,0,9,2,20,,333295,2,0,9,1,60,,333308,2,0,9,2
17604,'H59S000S-80-S',537,,333309,2,0,9,1,67,,333310,2,0,9,1,28,,333311,2,0,9,1,68,,333312,2,0,9,1,31,,333313,2,0,9,1,21,,333338,2,0,9,2,49,,333314,2,0,9,1,11,,333337,2,0,9,2,13,,333339,2,0,9,2,7,,333315,2,0,9,1,21,,333340,2,0,9,2,66,,333316,2,0,9,1,11,,333341,2,0,9,2,17,,333317,2,0,9,1,68,,333342,2,0,9,2,27,,333318,2,0,9,1,68,,333319,2,0,9,1,28,,333320,2,0,9,1,69,,333321,2,0,9,1,28,,333322,2,0,9,1,70,,333323,2,0,9,1,29,,333324,2,0,9,1,71,,333325,2,0,9,1,32,,333351,2,0,9,2,12,,333326,2,0,9,1,59,,333352,2,0,9,2,20,,333327,2,0,9,1,17,,333353,2,0,9,2,13,,333328,2,0,9,1,52,,333343,2,0,9,2,10,,333354,2,0,9,2,10,,333329,2,0,9,1,10,,333344,2,0,9,2,10,,333355,2,0,9,2,50,,333330,2,0,9,1,11,,333345,2,0,9,2,11,,333356,2,0,9,2,10,,333331,2,0,9,1,14,,333346,2,0,9,2,56,,333332,2,0,9,1,14,,333347,2,0,9,2,16,,333333,2,0,9,1,18,,333348,2,0,9,2,61,,333334,2,0,9,1,26,,333349,2,0,9,2,67,,333335,2,0,9,1,27,,333350,2,0,9,2,70,,333336,2,0,9,1
17604,'H59S100F-80-F1',1101,,333369,2,0,9,2,20,,333357,2,0,9,1,20,,333370,2,0,9,2,60,,333358,2,0,9,1,20,,333371,2,0,9,2,20,,333359,2,0,9,1,60,,333372,2,0,9,2,20,,333360,2,0,9,1,20,,333373,2,0,9,2,60,,333361,2,0,9,1,20,,333374,2,0,9,2,20,,333362,2,0,9,1,60,,333375,2,0,9,2,20,,333363,2,0,9,1,20,,333376,2,0,9,2,60,,333364,2,0,9,1,20,,333377,2,0,9,2,20,,333365,2,0,9,1,60,,333378,2,0,9,2,20,,333366,2,0,9,1,20,,333379,2,0,9,2,60,,333367,2,0,9,1,20,,333380,2,0,9,2,20,,333368,2,0,9,1,60,,333381,2,0,9,2
17604,'H59S200F-80-F2',1101,,333394,2,0,9,2,20,,333382,2,0,9,1,20,,333395,2,0,9,2,60,,333383,2,0,9,1,20,,333396,2,0,9,2,20,,333384,2,0,9,1,60,,333397,2,0,9,2,20,,333385,2,0,9,1,20,,333398,2,0,9,2,60,,333386,2,0,9,1,20,,333399,2,0,9,2,20,,333387,2,0,9,1,60,,333400,2,0,9,2,20,,333388,2,0,9,1,20,,333401,2,0,9,2,60,,333389,2,0,9,1,20,,333402,2,0,9,2,20,,333390,2,0,9,1,60,,333403,2,0,9,2,20,,333391,2,0,9,1,20,,333404,2,0,9,2,60,,333392,2,0,9,1,20,,333405,2,0,9,2,20,,333393,2,0,9,1,60,,333406,2,0,9,2
87204,'H59S000S-80-S',1551,,355920,15,0,9,1,71,,355923,15,0,9,1,31,,355921,15,0,9,1,70,,355924,15,0,9,1,30,,355922,15,0,9,1,67,,355925,15,0,9,1
