19701,'H50S000S-82-S',1635,,338553,22,0,5,2
19701,'H51S000A-80-A',514,,338554,22,0,5,1,29,,338563,22,0,5,1,72,,338555,22,0,5,2,33,,338564,22,0,5,1,74,,338556,22,0,5,2,29,,338572,22,0,5,1,69,,338565,22,0,5,1,31,,338557,22,0,5,2,69,,338573,22,0,99 51,1,30,,338566,22,0,99 51,1,70,,338558,22,0,99 51,2,30,,338574,22,0,99 51,1,72,,338578,22,0,99 51,2,31,,338559,22,0,99 51,2,70,,338575,22,0,99 51,1,31,,338579,22,0,99 51,2,69,,338560,22,0,99 51,2,28,,338576,22,0,99 51,1,68,,338586,22,0,99 51,2,25,,338584,22,0,99 51,2,60,,338561,22,0,99 51,2,20,,338577,22,0,99 51,1,20,,338580,22,0,99 51,2,58,,338587,22,0,99 51,2,17,,338585,22,0,99 51,2,16,,338594,22,0,99 51,1,14,,338562,22,0,5,2,56,,338582,22,0,5,2,15,,338581,22,0,5,2,15,,338589,22,0,5,2,15,,338588,22,0,5,2,55,,338595,22,0,5,1,18,,338567,22,0,5,1,18,,338583,22,0,5,2,60,,338590,22,0,5,2,24,,338596,22,0,5,1,25,,338568,22,0,5,1,66,,338591,22,0,5,2,26,,338597,22,0,5,1,64,,338569,22,0,5,1,26,,338592,22,0,5,2,26,,338598,22,0,5,1,66,,338570,22,0,5,1,28,,338593,22,0,5,2,68,,338601,22,0,5,2,29,,338599,22,0,5,1,71,,338571,22,0,5,1,33,,338602,22,0,5,2,72,,338600,22,0,5,1,33,,338603,22,0,5,2
19701,'H51S000I-80-I',513,,338616,22,0,5,1,30,,338604,22,0,5,1,72,,338617,22,0,5,1,32,,338605,22,0,5,1,72,,338618,22,0,5,1,32,,338606,22,0,5,1,69,,338619,22,0,5,2,30,,338626,22,0,5,2,70,,338607,22,0,99 51,1,30,,338620,22,0,99 51,2,70,,338627,22,0,99 51,2,30,,338608,22,0,99 51,1,69,,338621,22,0,99 51,2,31,,338628,22,0,99 51,2,70,,338609,22,0,99 51,1,30,,338622,22,0,99 51,2,72,,338629,22,0,99 51,2,34,,338610,22,0,99 51,1,70,,338623,22,0,99 51,2,28,,338630,22,0,99 51,2,68,,338611,22,0,99 51,1,30,,338624,22,0,99 51,2,68,,338631,22,0,99 51,2,26,,338612,22,0,99 51,1,59,,338640,22,0,5,1,20,,338625,22,0,5,2,19,,338632,22,0,5,2,60,,338636,22,0,5,2,19,,338613,22,0,5,1,20,,338641,22,0,5,1,63,,338633,22,0,5,2,27,,338637,22,0,5,2,68,,338642,22,0,5,1,28,,338634,22,0,5,2,28,,338638,22,0,5,2,67,,338643,22,0,5,1,28,,338635,22,0,5,2,68,,338645,22,0,5,2,32,,338639,22,0,5,2,72,,338644,22,0,5,1,32,,338646,22,0,5,2,71,,338614,22,0,5,1,31,,338647,22,0,5,2,70,,338615,22,0,5,1
19701,'H51S000S-81-S',510,,338650,22,0,5,1,32,,338648,22,0,5,2,72,,338651,22,0,5,1,31,,338655,22,0,5,2,62,,338649,22,0,5,2,15,,338677,22,0,99 51,2,10,,338663,22,0,99 51,2,10,,338664,22,0,99 51,2,13,,338652,22,0,99 51,1,54,,338665,22,0,99 51,2,20,,338687,22,0,99 51,2,71,,338678,22,0,99 51,2,30,,338653,22,0,99 51,1,29,,338666,22,0,99 51,2,70,,338672,22,0,99 51,1,30,,338679,22,0,99 51,2,72,,338667,22,0,99 51,2,27,,338682,22,0,99 51,2,67,,338673,22,0,99 51,1,27,,338689,22,0,99 51,1,67,,338668,22,0,99 51,2,27,,338683,22,0,99 51,2,66,,338674,22,0,99 51,1,24,,338690,22,0,99 51,1,17,,338669,22,0,99 51,2,65,,338680,22,0,99 51,2,11,,338702,22,0,99 51,2,9,,338684,22,0,99 51,2,8,,338707,22,0,99 51,2,9,,338654,22,0,5,2,49,,338675,22,0,5,1,9,,338709,22,0,5,2,8,,338691,22,0,5,1,6,,338705,22,0,5,2,16,,338670,22,0,5,2,58,,338681,22,0,5,2,7,,338703,22,0,5,2,15,,338685,22,0,5,2,8,,338657,22,0,5,1,15,,338676,22,0,5,1,7,,338686,22,0,5,2,47,,338708,22,0,5,2,6,,338692,22,0,5,1,7,,338711,22,0,5,2,7,,338671,22,0,5,2,8,,338710,22,0,5,2,7,,338697,22,0,5,2,8,,338704,22,0,5,2,9,,338688,22,0,5,2,50,,338658,22,0,5,1,30,,338693,22,0,5,1,23,,338698,22,0,5,2,65,,338659,22,0,5,1,30,,338694,22,0,5,1,70,,338699,22,0,5,2,30,,338660,22,0,5,1,70,,338695,22,0,5,1,30,,338700,22,0,5,2,69,,338661,22,0,5,1,30,,338696,22,0,5,1,62,,338701,22,0,5,2,22,,338706,22,0,5,1,67,,338662,22,0,5,1,28,,338656,22,0,5,1
19701,'H51S100F-80-F1',513,,338714,22,0,5,1,30,,338727,22,0,5,1,72,,338715,22,0,5,1,32,,338728,22,0,5,1,72,,338716,22,0,5,1,32,,338729,22,0,5,1,69,,338720,22,0,5,2,30,,338717,22,0,5,2,70,,338730,22,0,99 51,1,30,,338721,22,0,99 51,2,70,,338718,22,0,99 51,2,30,,338731,22,0,99 51,1,69,,338722,22,0,99 51,2,31,,338719,22,0,99 51,2,70,,338732,22,0,99 51,1,30,,338723,22,0,99 51,2,72,,338737,22,0,99 51,2,34,,338733,22,0,99 51,1,70,,338724,22,0,99 51,2,28,,338738,22,0,99 51,2,68,,338734,22,0,99 51,1,30,,338725,22,0,99 51,2,68,,338739,22,0,99 51,2,26,,338735,22,0,99 51,1,59,,338748,22,0,5,1,20,,338726,22,0,5,2,19,,338740,22,0,5,2,60,,338744,22,0,5,2,19,,338736,22,0,5,1,20,,338749,22,0,5,1,63,,338741,22,0,5,2,27,,338745,22,0,5,2,68,,338750,22,0,5,1,28,,338742,22,0,5,2,28,,338746,22,0,5,2,67,,338751,22,0,5,1,28,,338743,22,0,5,2,68,,338753,22,0,5,2,32,,338747,22,0,5,2,72,,338752,22,0,5,1,32,,338754,22,0,5,2,71,,338712,22,0,5,1,31,,338755,22,0,5,2,70,,338713,22,0,5,1
19701,'H51S200F-80-F2',513,,338758,22,0,5,1,30,,338771,22,0,5,1,72,,338759,22,0,5,1,32,,338772,22,0,5,1,72,,338760,22,0,5,1,32,,338773,22,0,5,1,69,,338764,22,0,5,2,30,,338761,22,0,5,2,70,,338774,22,0,99 51,1,30,,338765,22,0,99 51,2,70,,338762,22,0,99 51,2,30,,338775,22,0,99 51,1,69,,338766,22,0,99 51,2,31,,338763,22,0,99 51,2,70,,338776,22,0,99 51,1,30,,338767,22,0,99 51,2,72,,338781,22,0,99 51,2,34,,338777,22,0,99 51,1,70,,338768,22,0,99 51,2,28,,338782,22,0,99 51,2,68,,338778,22,0,99 51,1,30,,338769,22,0,99 51,2,68,,338783,22,0,99 51,2,26,,338779,22,0,99 51,1,59,,338792,22,0,5,1,20,,338770,22,0,5,2,19,,338784,22,0,5,2,60,,338788,22,0,5,2,19,,338780,22,0,5,1,20,,338793,22,0,5,1,63,,338785,22,0,5,2,27,,338789,22,0,5,2,68,,338794,22,0,5,1,28,,338786,22,0,5,2,28,,338790,22,0,5,2,67,,338795,22,0,5,1,28,,338787,22,0,5,2,68,,338797,22,0,5,2,32,,338791,22,0,5,2,72,,338796,22,0,5,1,32,,338798,22,0,5,2,71,,338756,22,0,5,1,31,,338799,22,0,5,2,70,,338757,22,0,5,1
19701,'H54S000S-80-S',1505,,338800,22,0,99 51,1
19701,'H57S000S-80-S',1917,,338801,22,0,5,1
19701,'H59S000S-80-S',1652,,338803,22,0,5,1,63,,338802,22,0,5,2,24,,338804,22,0,5,2
37001,'H51S000A-80-A',2603,,347028,56,0,5,2,45,,347026,56,0,5,1,85,,347027,56,0,5,2,85,,347029,56,0,5,1,83,,347030,56,0,5,2
37001,'H51S000I-80-I',2600,,347032,56,0,5,2,45,,347034,56,0,5,1,85,,347031,56,0,5,1,85,,347033,56,0,5,2,85,,347035,56,0,5,1
37001,'H51S000S-81-S',2602,,347039,56,0,5,2,45,,347037,56,0,5,1,83,,347036,56,0,5,1,85,,347040,56,0,5,2,86,,347038,56,0,5,1
37001,'H51S100F-80-F1',2600,,347042,56,0,5,2,45,,347044,56,0,5,1,85,,347041,56,0,5,1,85,,347043,56,0,5,2,85,,347045,56,0,5,1
37001,'H51S200F-80-F2',2600,,347047,56,0,5,2,45,,347049,56,0,5,1,85,,347046,56,0,5,1,85,,347048,56,0,5,2,85,,347050,56,0,5,1
