8602,'H54S000A-80-A',512,,311151,30,0,10,1,34,,311159,30,0,10,2,74,,311166,30,0,10,2,32,,311178,30,0,10,1,72,,311172,30,0,10,2,32,,311152,30,0,10,1,72,,311160,30,0,10,2,73,,311167,30,0,10,2,33,,311179,30,0,10,1,73,,311173,30,0,10,2,33,,311153,30,0,10,1,73,,311161,30,0,10,2,33,,311168,30,0,10,2,73,,311180,30,0,10,1,33,,311174,30,0,10,2,74,,311154,30,0,10,1,33,,311162,30,0,10,2,73,,311169,30,0,10,2,72,,311181,30,0,10,1,33,,311175,30,0,10,2,73,,311155,30,0,10,1,33,,311163,30,0,10,2,73,,311170,30,0,10,2,33,,311182,30,0,10,1,73,,311176,30,0,10,2,33,,311156,30,0,10,1,73,,311164,30,0,10,2,72,,311171,30,0,10,2,33,,311183,30,0,10,1,72,,311177,30,0,10,2,31,,311157,30,0,10,1,70,,311165,30,0,10,2,30,,311186,30,0,10,2,70,,311184,30,0,10,1,30,,311188,30,0,10,1,72,,311158,30,0,10,1,32,,311150,30,0,10,1,72,,311187,30,0,10,2,29,,311185,30,0,10,1
8602,'H54S000I-80-I',506,,311211,30,0,10,2,31,,311192,30,0,10,1,73,,311198,30,0,10,2,33,,311219,30,0,10,1,73,,311212,30,0,10,2,33,,311193,30,0,10,1,73,,311199,30,0,10,2,31,,311206,30,0,10,1,72,,311220,30,0,10,1,33,,311213,30,0,10,2,73,,311194,30,0,10,1,73,,311200,30,0,10,2,34,,311207,30,0,10,1,73,,311221,30,0,10,1,33,,311214,30,0,10,2,72,,311195,30,0,10,1,32,,311201,30,0,10,2,72,,311208,30,0,10,1,32,,311222,30,0,10,1,72,,311215,30,0,10,2,32,,311196,30,0,10,1,73,,311202,30,0,10,2,72,,311209,30,0,10,1,33,,311223,30,0,10,1,73,,311216,30,0,10,2,33,,311197,30,0,10,1,72,,311203,30,0,10,2,32,,311210,30,0,10,1,71,,311224,30,0,10,1,31,,311217,30,0,10,2,71,,311225,30,0,10,1,31,,311204,30,0,10,2,71,,311191,30,0,10,1,29,,311189,30,0,10,1,69,,311218,30,0,10,2,29,,311226,30,0,10,1,68,,311205,30,0,10,2,31,,311227,30,0,10,1,72,,311190,30,0,10,1
8602,'H54S000S-80-S',515,,311228,30,0,10,2,28,,311235,30,0,10,2,69,,311236,30,0,10,2,32,,311259,30,0,10,1,73,,311243,30,0,10,1,32,,311229,30,0,10,2,72,,311263,30,0,10,1,31,,311237,30,0,10,2,73,,311260,30,0,10,1,30,,311244,30,0,10,1,69,,311230,30,0,10,2,29,,311264,30,0,10,1,70,,311238,30,0,10,2,32,,311261,30,0,10,1,69,,311250,30,0,10,2,28,,311245,30,0,10,1,68,,311231,30,0,10,2,28,,311265,30,0,10,1,68,,311239,30,0,10,2,28,,311262,30,0,10,1,73,,311251,30,0,10,2,32,,311246,30,0,10,1,72,,311232,30,0,10,2,31,,311266,30,0,10,1,68,,311240,30,0,10,2,32,,311255,30,0,10,1,71,,311252,30,0,10,2,30,,311247,30,0,10,1,70,,311233,30,0,10,2,28,,311241,30,0,10,2,69,,311256,30,0,10,1,29,,311253,30,0,10,2,69,,311248,30,0,10,1,29,,311234,30,0,10,2,69,,311242,30,0,10,2,28,,311257,30,0,10,1,70,,311254,30,0,10,2,30,,311249,30,0,10,1,70,,311268,30,0,10,1,30,,311267,30,0,10,2,70,,311258,30,0,10,1
8602,'H54S100F-80-F1',506,,311291,30,0,10,2,31,,311272,30,0,10,1,73,,311278,30,0,10,2,33,,311299,30,0,10,1,73,,311292,30,0,10,2,33,,311273,30,0,10,1,73,,311279,30,0,10,2,31,,311286,30,0,10,1,72,,311300,30,0,10,1,33,,311293,30,0,10,2,73,,311274,30,0,10,1,73,,311280,30,0,10,2,34,,311287,30,0,10,1,73,,311301,30,0,10,1,33,,311294,30,0,10,2,72,,311275,30,0,10,1,32,,311281,30,0,10,2,72,,311288,30,0,10,1,32,,311302,30,0,10,1,72,,311295,30,0,10,2,32,,311276,30,0,10,1,73,,311282,30,0,10,2,72,,311289,30,0,10,1,33,,311303,30,0,10,1,73,,311296,30,0,10,2,33,,311277,30,0,10,1,72,,311283,30,0,10,2,32,,311290,30,0,10,1,71,,311304,30,0,10,1,31,,311297,30,0,10,2,71,,311305,30,0,10,1,31,,311284,30,0,10,2,71,,311271,30,0,10,1,29,,311269,30,0,10,1,69,,311298,30,0,10,2,29,,311306,30,0,10,1,68,,311285,30,0,10,2,31,,311307,30,0,10,1,72,,311270,30,0,10,1
8602,'H54S200F-80-F2',506,,311330,30,0,10,2,31,,311311,30,0,10,1,73,,311317,30,0,10,2,33,,311338,30,0,10,1,73,,311331,30,0,10,2,33,,311312,30,0,10,1,73,,311318,30,0,10,2,31,,311325,30,0,10,1,72,,311339,30,0,10,1,33,,311332,30,0,10,2,73,,311313,30,0,10,1,73,,311319,30,0,10,2,34,,311326,30,0,10,1,73,,311340,30,0,10,1,33,,311333,30,0,10,2,72,,311314,30,0,10,1,32,,311320,30,0,10,2,72,,311327,30,0,10,1,32,,311341,30,0,10,1,72,,311334,30,0,10,2,32,,311315,30,0,10,1,73,,311321,30,0,10,2,72,,311328,30,0,10,1,33,,311342,30,0,10,1,73,,311335,30,0,10,2,33,,311316,30,0,10,1,72,,311322,30,0,10,2,32,,311329,30,0,10,1,71,,311343,30,0,10,1,31,,311336,30,0,10,2,71,,311344,30,0,10,1,31,,311323,30,0,10,2,71,,311310,30,0,10,1,29,,311308,30,0,10,1,69,,311337,30,0,10,2,29,,311345,30,0,10,1,68,,311324,30,0,10,2,31,,311346,30,0,10,1,72,,311309,30,0,10,1
18902,'H54S000A-80-A',446,,336554,17,0,10,1,68,,336571,17,0,10,1,29,,336590,17,0,10,1,68,,336555,17,0,10,1,28,,336572,17,0,10,1,67,,336591,17,0,10,1,26,,336556,17,0,10,1,26,,336573,17,0,10,1,61,,336541,17,0,10,1,21,,336592,17,0,10,1,61,,336561,17,0,10,1,20,,336566,17,0,10,1,18,,336542,17,0,10,1,17,,336562,17,0,10,1,57,,336593,17,0,10,1,15,,336565,17,0,10,1,16,,336567,17,0,10,1,58,,336574,17,0,10,1,20,,336543,17,0,10,1,20,,336579,17,0,10,1,60,,336550,17,0,10,2,20,,336568,17,0,10,1,19,,336575,17,0,10,1,59,,336545,17,0,10,1,18,,336580,17,0,10,1,18,,336551,17,0,10,2,19,,336569,17,0,10,1,59,,336576,17,0,10,1,18,,336546,17,0,10,1,18,,336581,17,0,10,1,58,,336552,17,0,10,2,18,,336570,17,0,10,1,19,,336577,17,0,10,1,65,,336547,17,0,10,1,29,,336553,17,0,10,2,70,,336578,17,0,10,1,30,,336582,17,0,10,1,65,,336585,17,0,10,1,25,,336544,17,0,10,2,25,,336564,17,0,10,1,67,,336557,17,0,10,1,27,,336586,17,0,10,1,68,,336583,17,0,10,1,30,,336558,17,0,10,1,71,,336587,17,0,10,1,30,,336584,17,0,10,1,69,,336559,17,0,10,1,30,,336548,17,0,10,2,70,,336588,17,0,10,1,29,,336560,17,0,10,1,70,,336549,17,0,10,2,30,,336563,17,0,10,2,68,,336589,17,0,10,1
18902,'H54S000I-80-I',446,,336596,17,0,10,1,69,,336602,17,0,10,2,30,,336614,17,0,10,1,68,,336597,17,0,10,1,29,,336603,17,0,10,2,69,,336615,17,0,10,1,29,,336598,17,0,10,1,69,,336604,17,0,10,2,29,,336616,17,0,10,1,69,,336599,17,0,10,1,29,,336605,17,0,10,2,69,,336617,17,0,10,1,29,,336600,17,0,10,1,69,,336618,17,0,10,1,19,,336606,17,0,10,2,19,,336628,17,0,10,2,59,,336607,17,0,10,1,20,,336601,17,0,10,1,20,,336619,17,0,10,1,60,,336595,17,0,10,2,19,,336629,17,0,10,2,19,,336630,17,0,10,1,21,,336594,17,0,10,2,62,,336620,17,0,10,1,25,,336608,17,0,10,2,71,,336631,17,0,10,1,32,,336621,17,0,10,1,71,,336609,17,0,10,2,30,,336632,17,0,10,1,71,,336622,17,0,10,1,31,,336610,17,0,10,2,71,,336633,17,0,10,1,32,,336623,17,0,10,1,71,,336611,17,0,10,2,29,,336634,17,0,10,1,69,,336624,17,0,10,1,29,,336612,17,0,10,2,70,,336635,17,0,10,1,30,,336625,17,0,10,1,70,,336613,17,0,10,2,30,,336636,17,0,10,1,70,,336626,17,0,10,1,29,,336638,17,0,10,2,70,,336637,17,0,10,1,25,,336627,17,0,10,1
18902,'H54S000S-80-S',447,,336649,17,0,10,1,55,,336642,17,0,10,2,15,,336658,17,0,10,2,16,,336639,17,0,10,1,15,,336643,17,0,10,1,54,,336650,17,0,10,1,9,,336660,17,0,10,2,8,,336678,17,0,10,2,8,,336644,17,0,10,1,11,,336659,17,0,10,2,4,,336662,17,0,10,2,6,,336647,17,0,10,2,9,,336677,17,0,10,2,45,,336669,17,0,10,2,5,,336640,17,0,10,1,8,,336676,17,0,10,2,6,,336645,17,0,10,2,6,,336680,17,0,10,2,7,,336681,17,0,10,2,7,,336661,17,0,10,2,6,,336682,17,0,10,2,9,,336683,17,0,10,2,53,,336684,17,0,10,2,14,,336663,17,0,10,2,16,,336664,17,0,10,2,20,,336653,17,0,10,1,62,,336671,17,0,10,2,22,,336685,17,0,10,2,58,,336641,17,0,10,2,17,,336665,17,0,10,2,17,,336654,17,0,10,1,18,,336686,17,0,10,2,58,,336672,17,0,10,2,18,,336666,17,0,10,2,19,,336689,17,0,10,1,59,,336655,17,0,10,1,21,,336687,17,0,10,2,20,,336673,17,0,10,2,59,,336667,17,0,10,2,18,,336690,17,0,10,1,18,,336656,17,0,10,1,59,,336688,17,0,10,2,19,,336674,17,0,10,2,18,,336668,17,0,10,2,19,,336691,17,0,10,1,61,,336657,17,0,10,1,22,,336692,17,0,10,2,63,,336675,17,0,10,2,26,,336705,17,0,10,1,70,,336648,17,0,10,1,30,,336693,17,0,10,2,70,,336698,17,0,10,2,26,,336704,17,0,10,2,28,,336699,17,0,10,1,69,,336706,17,0,10,1,28,,336694,17,0,10,2,70,,336700,17,0,10,1,29,,336708,17,0,10,1,70,,336695,17,0,10,2,30,,336701,17,0,10,1,70,,336709,17,0,10,1,31,,336696,17,0,10,2,71,,336702,17,0,10,1,31,,336707,17,0,10,1,70,,336697,17,0,10,2,24,,336703,17,0,10,1
18902,'H54S100F-80-F1',446,,336712,17,0,10,1,69,,336718,17,0,10,2,30,,336730,17,0,10,1,68,,336713,17,0,10,1,29,,336719,17,0,10,2,69,,336731,17,0,10,1,29,,336714,17,0,10,1,69,,336720,17,0,10,2,29,,336732,17,0,10,1,69,,336715,17,0,10,1,29,,336721,17,0,10,2,69,,336733,17,0,10,1,29,,336716,17,0,10,1,69,,336734,17,0,10,1,19,,336722,17,0,10,2,19,,336744,17,0,10,2,59,,336723,17,0,10,1,20,,336717,17,0,10,1,20,,336735,17,0,10,1,60,,336711,17,0,10,2,19,,336745,17,0,10,2,19,,336746,17,0,10,1,21,,336710,17,0,10,2,62,,336736,17,0,10,1,25,,336724,17,0,10,2,71,,336747,17,0,10,1,32,,336737,17,0,10,1,71,,336725,17,0,10,2,30,,336748,17,0,10,1,71,,336738,17,0,10,1,31,,336726,17,0,10,2,71,,336749,17,0,10,1,32,,336739,17,0,10,1,71,,336727,17,0,10,2,29,,336750,17,0,10,1,69,,336740,17,0,10,1,29,,336728,17,0,10,2,70,,336751,17,0,10,1,30,,336741,17,0,10,1,70,,336729,17,0,10,2,30,,336752,17,0,10,1,70,,336742,17,0,10,1,29,,336754,17,0,10,2,70,,336753,17,0,10,1,25,,336743,17,0,10,1
18902,'H54S200F-80-F2',446,,336757,17,0,10,1,69,,336763,17,0,10,2,30,,336775,17,0,10,1,68,,336758,17,0,10,1,29,,336764,17,0,10,2,69,,336776,17,0,10,1,29,,336759,17,0,10,1,69,,336765,17,0,10,2,29,,336777,17,0,10,1,69,,336760,17,0,10,1,29,,336766,17,0,10,2,69,,336778,17,0,10,1,29,,336761,17,0,10,1,69,,336779,17,0,10,1,19,,336767,17,0,10,2,19,,336789,17,0,10,2,59,,336768,17,0,10,1,20,,336762,17,0,10,1,20,,336780,17,0,10,1,60,,336756,17,0,10,2,19,,336790,17,0,10,2,19,,336791,17,0,10,1,21,,336755,17,0,10,2,62,,336781,17,0,10,1,25,,336769,17,0,10,2,71,,336792,17,0,10,1,32,,336782,17,0,10,1,71,,336770,17,0,10,2,30,,336793,17,0,10,1,71,,336783,17,0,10,1,31,,336771,17,0,10,2,71,,336794,17,0,10,1,32,,336784,17,0,10,1,71,,336772,17,0,10,2,29,,336795,17,0,10,1,69,,336785,17,0,10,1,29,,336773,17,0,10,2,70,,336796,17,0,10,1,30,,336786,17,0,10,1,70,,336774,17,0,10,2,30,,336797,17,0,10,1,70,,336787,17,0,10,1,29,,336799,17,0,10,2,70,,336798,17,0,10,1,25,,336788,17,0,10,1
41002,'H57S000S-80-S',555,,347403,16,0,10,1,90,,347404,16,0,10,2,66,,347405,16,0,10,2,27,,347406,16,0,10,1,68,,347408,16,0,10,2,28,,347407,16,0,10,1
41002,'H59S000S-80-S',619,,347409,16,0,10,2,281,,347410,16,0,10,2
