12403,'H50S000A-82-A',602,,322050,3,0,8,2,30,,322082,3,0,8,1,70,,322046,3,0,8,2,30,,322060,3,0,8,2,70,,322055,3,0,8,1,31,,322047,3,0,8,2,71,,322061,3,0,8,2,30,,322056,3,0,8,1,70,,322066,3,0,8,1,29,,322062,3,0,8,2,69,,322073,3,0,8,2,31,,322067,3,0,8,1,70,,322051,3,0,8,2,30,,322076,3,0,8,1,70,,322079,3,0,8,2,30,,322057,3,0,8,1,70,,322071,3,0,8,1,30,,322063,3,0,8,2,70,,322074,3,0,8,2,30,,322068,3,0,8,1,70,,322052,3,0,8,2,30,,322077,3,0,8,1,70,,322080,3,0,8,2,29,,322058,3,0,8,1,70,,322072,3,0,8,1,30,,322064,3,0,8,2,70,,322075,3,0,8,2,30,,322069,3,0,8,1,70,,322053,3,0,8,2,30,,322078,3,0,8,1,70,,322081,3,0,8,2,30,,322059,3,0,8,1,70,,322048,3,0,8,1,30,,322065,3,0,8,2,70,,322049,3,0,8,2,30,,322070,3,0,8,1,27,,322054,3,0,8,2
12403,'H50S000I-82-I',644,,322091,3,0,8,1,72,,322104,3,0,8,2,31,,322102,3,0,8,2,70,,322083,3,0,8,1,29,,322110,3,0,8,1,69,,322087,3,0,8,2,30,,322098,3,0,8,1,69,,322092,3,0,8,1,28,,322105,3,0,8,2,73,,322103,3,0,8,2,32,,322084,3,0,8,1,70,,322111,3,0,8,1,28,,322088,3,0,8,2,70,,322099,3,0,8,1,30,,322093,3,0,8,1,70,,322106,3,0,8,2,27,,322114,3,0,8,2,73,,322094,3,0,8,1,30,,322107,3,0,8,2,70,,322115,3,0,8,2,30,,322095,3,0,8,1,71,,322108,3,0,8,2,32,,322085,3,0,8,1,73,,322112,3,0,8,1,30,,322089,3,0,8,2,70,,322100,3,0,8,1,31,,322116,3,0,8,2,69,,322096,3,0,8,1,27,,322109,3,0,8,2,70,,322086,3,0,8,1,30,,322113,3,0,8,1,70,,322090,3,0,8,2,30,,322101,3,0,8,1,68,,322117,3,0,8,2,28,,322097,3,0,8,1,62,,322118,3,0,8,1
12403,'H50S000S-82-S',536,,322147,3,0,8,1,70,,322129,3,0,8,1,29,,322149,3,0,8,1,69,,322148,3,0,8,1,29,,322130,3,0,8,1,69,,322131,3,0,8,1,29,,322119,3,0,8,2,71,,322125,3,0,8,1,31,,322137,3,0,8,2,71,,322132,3,0,8,1,31,,322126,3,0,8,1,70,,322138,3,0,8,2,30,,322133,3,0,8,1,70,,322127,3,0,8,1,30,,322139,3,0,8,2,71,,322134,3,0,8,1,31,,322128,3,0,8,1,72,,322140,3,0,8,2,31,,322135,3,0,8,1,68,,322145,3,0,8,1,28,,322150,3,0,8,1,68,,322141,3,0,8,2,31,,322136,3,0,8,1,70,,322146,3,0,8,1,31,,322151,3,0,8,1,73,,322142,3,0,8,2,32,,322120,3,0,8,1,72,,322152,3,0,8,1,29,,322143,3,0,8,2,70,,322121,3,0,8,1,29,,322153,3,0,8,1,69,,322144,3,0,8,2,29,,322122,3,0,8,1,69,,322154,3,0,8,1,29,,322155,3,0,8,1,69,,322123,3,0,8,1,29,,322124,3,0,8,1,68,,322156,3,0,8,1
12403,'H50S100F-80-F1',644,,322165,3,0,8,1,72,,322178,3,0,8,2,31,,322176,3,0,8,2,70,,322157,3,0,8,1,29,,322184,3,0,8,1,69,,322161,3,0,8,2,30,,322172,3,0,8,1,69,,322166,3,0,8,1,28,,322179,3,0,8,2,73,,322177,3,0,8,2,32,,322158,3,0,8,1,70,,322185,3,0,8,1,28,,322162,3,0,8,2,70,,322173,3,0,8,1,30,,322167,3,0,8,1,70,,322180,3,0,8,2,27,,322188,3,0,8,2,73,,322168,3,0,8,1,30,,322181,3,0,8,2,70,,322189,3,0,8,2,30,,322169,3,0,8,1,71,,322182,3,0,8,2,32,,322159,3,0,8,1,73,,322186,3,0,8,1,30,,322163,3,0,8,2,70,,322174,3,0,8,1,31,,322190,3,0,8,2,69,,322170,3,0,8,1,27,,322183,3,0,8,2,70,,322160,3,0,8,1,30,,322187,3,0,8,1,70,,322164,3,0,8,2,30,,322175,3,0,8,1,68,,322191,3,0,8,2,28,,322171,3,0,8,1,62,,322192,3,0,8,1
12403,'H50S200F-80-F2',644,,322201,3,0,8,1,72,,322214,3,0,8,2,31,,322212,3,0,8,2,70,,322193,3,0,8,1,29,,322220,3,0,8,1,69,,322197,3,0,8,2,30,,322208,3,0,8,1,69,,322202,3,0,8,1,28,,322215,3,0,8,2,73,,322213,3,0,8,2,32,,322194,3,0,8,1,70,,322221,3,0,8,1,28,,322198,3,0,8,2,70,,322209,3,0,8,1,30,,322203,3,0,8,1,70,,322216,3,0,8,2,27,,322224,3,0,8,2,73,,322204,3,0,8,1,30,,322217,3,0,8,2,70,,322225,3,0,8,2,30,,322205,3,0,8,1,71,,322218,3,0,8,2,32,,322195,3,0,8,1,73,,322222,3,0,8,1,30,,322199,3,0,8,2,70,,322210,3,0,8,1,31,,322226,3,0,8,2,69,,322206,3,0,8,1,27,,322219,3,0,8,2,70,,322196,3,0,8,1,30,,322223,3,0,8,1,70,,322200,3,0,8,2,30,,322211,3,0,8,1,68,,322227,3,0,8,2,28,,322207,3,0,8,1,62,,322228,3,0,8,1
13802,'H56S000A-80-A',611,,325216,12,0,10,1,39,,325226,12,0,10,1,81,,325217,12,0,10,1,83,,325227,12,0,10,1,45,,325218,12,0,10,1,87,,325228,12,0,10,1,85,,325219,12,0,10,1,88,,325229,12,0,10,1,88,,325220,12,0,10,1,52,,325230,12,0,10,1,88,,325221,12,0,10,1,90,,325231,12,0,10,1,88,,325222,12,0,10,1,90,,325232,12,0,10,1,91,,325223,12,0,10,1,47,,325233,12,0,10,1,86,,325224,12,0,10,1,87,,325234,12,0,10,1,87,,325225,12,0,10,1
13802,'H56S000I-80-I',655,,325235,12,0,10,1,78,,325245,12,0,10,1,85,,325236,12,0,10,1,83,,325246,12,0,10,1,43,,325237,12,0,10,1,88,,325247,12,0,10,1,87,,325238,12,0,10,1,83,,325248,12,0,10,1,50,,325239,12,0,10,1,88,,325249,12,0,10,1,88,,325240,12,0,10,1,89,,325250,12,0,10,1,88,,325241,12,0,10,1,47,,325251,12,0,10,1,87,,325242,12,0,10,1,87,,325252,12,0,10,1,86,,325243,12,0,10,1,42,,325253,12,0,10,1,84,,325244,12,0,10,1
13802,'H56S000S-82-S',557,,325257,12,0,10,1,66,,325277,12,0,10,1,79,,325256,12,0,10,1,41,,325258,12,0,10,1,82,,325278,12,0,10,1,75,,325269,12,0,10,1,39,,325259,12,0,10,1,73,,325279,12,0,10,1,36,,325270,12,0,10,1,75,,325260,12,0,10,1,77,,325280,12,0,10,1,35,,325271,12,0,10,1,76,,325261,12,0,10,1,37,,325281,12,0,10,1,76,,325272,12,0,10,1,78,,325262,12,0,10,1,40,,325282,12,0,10,1,79,,325273,12,0,10,1,81,,325263,12,0,10,1,41,,325283,12,0,10,1,78,,325274,12,0,10,1,37,,325264,12,0,10,1,75,,325284,12,0,10,1,70,,325275,12,0,10,1,32,,325265,12,0,10,1,73,,325285,12,0,10,1,32,,325276,12,0,10,1,72,,325266,12,0,10,1,29,,325286,12,0,10,1,70,,325254,12,0,10,1,29,,325267,12,0,10,1,68,,325287,12,0,10,1,28,,325255,12,0,10,1,68,,325268,12,0,10,1,29,,325288,12,0,10,1
13802,'H56S100F-80-F1',655,,325289,12,0,10,1,78,,325299,12,0,10,1,85,,325290,12,0,10,1,83,,325300,12,0,10,1,43,,325291,12,0,10,1,88,,325301,12,0,10,1,87,,325292,12,0,10,1,83,,325302,12,0,10,1,50,,325293,12,0,10,1,88,,325303,12,0,10,1,88,,325294,12,0,10,1,89,,325304,12,0,10,1,88,,325295,12,0,10,1,47,,325305,12,0,10,1,87,,325296,12,0,10,1,87,,325306,12,0,10,1,86,,325297,12,0,10,1,42,,325307,12,0,10,1,84,,325298,12,0,10,1
13802,'H56S200F-80-F2',655,,325308,12,0,10,1,78,,325318,12,0,10,1,85,,325309,12,0,10,1,83,,325319,12,0,10,1,43,,325310,12,0,10,1,88,,325320,12,0,10,1,87,,325311,12,0,10,1,83,,325321,12,0,10,1,50,,325312,12,0,10,1,88,,325322,12,0,10,1,88,,325313,12,0,10,1,89,,325323,12,0,10,1,88,,325314,12,0,10,1,47,,325324,12,0,10,1,87,,325315,12,0,10,1,87,,325325,12,0,10,1,86,,325316,12,0,10,1,42,,325326,12,0,10,1,84,,325317,12,0,10,1
