13904,'H58S000A-80-A',515,,325593,23,0,9,1,28,,325616,23,0,9,2,62,,325620,23,0,9,1,22,,325589,23,0,9,2,15,,325594,23,0,9,1,11,,325618,23,0,9,1,51,,325609,23,0,9,1,11,,325617,23,0,9,2,9,,325604,23,0,9,1,9,,325628,23,0,9,2,10,,325621,23,0,9,1,12,,325619,23,0,9,1,53,,325590,23,0,9,2,15,,325595,23,0,9,1,20,,325610,23,0,9,1,70,,325605,23,0,9,1,30,,325622,23,0,9,1,70,,325596,23,0,9,1,31,,325611,23,0,9,1,70,,325606,23,0,9,1,30,,325623,23,0,9,1,71,,325597,23,0,9,1,31,,325612,23,0,9,1,71,,325607,23,0,9,1,30,,325624,23,0,9,1,70,,325598,23,0,9,1,30,,325613,23,0,9,1,69,,325608,23,0,9,1,30,,325625,23,0,9,1,70,,325599,23,0,9,1,30,,325614,23,0,9,1,68,,325633,23,0,9,1,29,,325586,23,0,9,2,63,,325600,23,0,9,1,27,,325615,23,0,9,1,70,,325591,23,0,9,2,30,,325587,23,0,9,2,70,,325601,23,0,9,1,30,,325630,23,0,9,2,70,,325592,23,0,9,2,29,,325588,23,0,9,2,69,,325629,23,0,9,1,29,,325602,23,0,9,1,28,,325626,23,0,9,2,72,,325631,23,0,9,2,71,,325603,23,0,9,1,31,,325627,23,0,9,2,73,,325632,23,0,9,2
13904,'H58S000I-80-I',514,,325635,23,0,9,2,30,,325648,23,0,9,1,61,,325652,23,0,9,1,21,,325645,23,0,9,2,20,,325636,23,0,9,2,56,,325661,23,0,9,1,15,,325649,23,0,9,1,15,,325667,23,0,9,2,15,,325653,23,0,9,1,55,,325651,23,0,9,2,23,,325637,23,0,9,2,26,,325662,23,0,9,1,66,,325668,23,0,9,2,28,,325654,23,0,9,1,67,,325638,23,0,9,2,31,,325663,23,0,9,1,68,,325669,23,0,9,2,33,,325655,23,0,9,1,72,,325639,23,0,9,2,27,,325664,23,0,9,1,70,,325670,23,0,9,2,31,,325656,23,0,9,1,69,,325640,23,0,9,2,30,,325665,23,0,9,1,70,,325671,23,0,9,2,31,,325657,23,0,9,1,66,,325641,23,0,9,2,29,,325666,23,0,9,1,69,,325672,23,0,9,2,31,,325658,23,0,9,1,70,,325642,23,0,9,2,29,,325676,23,0,9,2,68,,325673,23,0,9,2,28,,325659,23,0,9,1,70,,325643,23,0,9,2,29,,325677,23,0,9,2,25,,325674,23,0,9,2,65,,325660,23,0,9,1,25,,325644,23,0,9,2,66,,325678,23,0,9,2,26,,325675,23,0,9,2,65,,325650,23,0,9,1,27,,325647,23,0,9,1,69,,325646,23,0,9,1,30,,325634,23,0,9,1,72,,325679,23,0,9,2
13904,'H58S000S-83-S',517,,325687,23,0,9,1,33,,325696,23,0,9,2,73,,325681,23,0,9,1,30,,325690,23,0,9,2,73,,325688,23,0,9,1,30,,325697,23,0,9,2,69,,325682,23,0,9,1,29,,325691,23,0,9,2,70,,325689,23,0,9,1,30,,325698,23,0,9,2,70,,325683,23,0,9,1,29,,325692,23,0,9,2,70,,325713,23,0,9,1,31,,325699,23,0,9,2,70,,325684,23,0,9,1,30,,325693,23,0,9,2,72,,325714,23,0,9,1,30,,325700,23,0,9,2,72,,325685,23,0,9,1,30,,325694,23,0,9,2,70,,325715,23,0,9,1,75,,325701,23,0,9,2,32,,325686,23,0,9,1,72,,325695,23,0,9,2,33,,325716,23,0,9,1,68,,325705,23,0,9,1,30,,325702,23,0,9,2,65,,325708,23,0,9,1,28,,325717,23,0,9,1,28,,325706,23,0,9,1,69,,325703,23,0,9,2,29,,325709,23,0,9,1,70,,325718,23,0,9,1,30,,325707,23,0,9,1,70,,325704,23,0,9,2,30,,325710,23,0,9,1,66,,325719,23,0,9,2,30,,325712,23,0,9,1,69,,325680,23,0,9,1,26,,325711,23,0,9,1,60,,325720,23,0,9,2
13904,'H58S100F-80-F1',514,,325721,23,0,9,1,30,,325741,23,0,9,1,61,,325744,23,0,9,2,21,,325754,23,0,9,2,20,,325722,23,0,9,1,56,,325757,23,0,9,2,15,,325742,23,0,9,1,15,,325732,23,0,9,1,15,,325745,23,0,9,2,55,,325743,23,0,9,2,23,,325723,23,0,9,1,26,,325758,23,0,9,2,66,,325733,23,0,9,1,28,,325746,23,0,9,2,67,,325724,23,0,9,1,31,,325759,23,0,9,2,68,,325734,23,0,9,1,33,,325747,23,0,9,2,72,,325725,23,0,9,1,27,,325760,23,0,9,2,70,,325735,23,0,9,1,31,,325748,23,0,9,2,69,,325726,23,0,9,1,30,,325761,23,0,9,2,70,,325736,23,0,9,1,31,,325749,23,0,9,2,66,,325727,23,0,9,1,29,,325762,23,0,9,2,69,,325737,23,0,9,1,31,,325750,23,0,9,2,70,,325728,23,0,9,1,29,,325763,23,0,9,2,68,,325738,23,0,9,1,28,,325751,23,0,9,2,70,,325729,23,0,9,1,29,,325764,23,0,9,2,25,,325739,23,0,9,1,65,,325752,23,0,9,2,25,,325730,23,0,9,1,66,,325755,23,0,9,1,26,,325765,23,0,9,2,65,,325753,23,0,9,2,27,,325766,23,0,9,2,69,,325740,23,0,9,1,30,,325731,23,0,9,2,72,,325756,23,0,9,1
13904,'H58S200F-80-F2',514,,325770,23,0,9,1,30,,325808,23,0,9,1,61,,325780,23,0,9,2,21,,325768,23,0,9,2,20,,325771,23,0,9,1,56,,325799,23,0,9,2,15,,325809,23,0,9,1,15,,325790,23,0,9,1,15,,325781,23,0,9,2,55,,325769,23,0,9,2,23,,325772,23,0,9,1,26,,325800,23,0,9,2,66,,325791,23,0,9,1,28,,325782,23,0,9,2,67,,325773,23,0,9,1,31,,325801,23,0,9,2,68,,325792,23,0,9,1,33,,325783,23,0,9,2,72,,325774,23,0,9,1,27,,325802,23,0,9,2,70,,325793,23,0,9,1,31,,325784,23,0,9,2,69,,325775,23,0,9,1,30,,325803,23,0,9,2,70,,325794,23,0,9,1,31,,325785,23,0,9,2,66,,325776,23,0,9,1,29,,325804,23,0,9,2,69,,325795,23,0,9,1,31,,325786,23,0,9,2,70,,325777,23,0,9,1,29,,325805,23,0,9,2,68,,325796,23,0,9,1,28,,325787,23,0,9,2,70,,325778,23,0,9,1,29,,325806,23,0,9,2,25,,325797,23,0,9,1,65,,325788,23,0,9,2,25,,325779,23,0,9,1,66,,325810,23,0,9,1,26,,325807,23,0,9,2,65,,325789,23,0,9,2,27,,325812,23,0,9,2,69,,325798,23,0,9,1,30,,325767,23,0,9,2,72,,325811,23,0,9,1
35504,'H54S000A-80-A',2534,,346166,24,0,9,2,86,,346165,24,0,9,1,85,,346168,24,0,9,1,45,,346170,24,0,9,1,85,,346167,24,0,9,2,65,,346169,24,0,9,1
35504,'H54S000I-80-I',2532,,346173,24,0,9,1,85,,346172,24,0,9,2,85,,346171,24,0,9,1,46,,346176,24,0,9,2,86,,346174,24,0,9,1,71,,346175,24,0,9,2
35504,'H54S000S-80-S',2534,,346177,24,0,9,1,85,,346181,24,0,9,2,85,,346180,24,0,9,1,45,,346179,24,0,9,2,84,,346178,24,0,9,1,73,,346182,24,0,9,2
35504,'H54S100F-80-F1',2532,,346185,24,0,9,1,85,,346184,24,0,9,2,85,,346183,24,0,9,1,46,,346188,24,0,9,2,86,,346186,24,0,9,1,71,,346187,24,0,9,2
35504,'H54S200F-80-F2',2532,,346191,24,0,9,1,85,,346190,24,0,9,2,85,,346189,24,0,9,1,46,,346194,24,0,9,2,86,,346192,24,0,9,1,71,,346193,24,0,9,2
