2402,'H59S000A-80-A',600,,291917,35,0,10,1,29,,291924,35,0,10,1,72,,291905,35,0,10,1,30,,291918,35,0,10,1,73,,291925,35,0,10,1,29,,291906,35,0,10,1,24,,291930,35,0,10,1,59,,291919,35,0,10,1,17,,291935,35,0,10,2,18,,291926,35,0,10,1,58,,291940,35,0,10,1,17,,291907,35,0,10,1,17,,291911,35,0,10,1,57,,291931,35,0,10,1,18,,291920,35,0,10,1,18,,291948,35,0,10,2,17,,291927,35,0,10,1,58,,291941,35,0,10,1,16,,291932,35,0,10,1,15,,291908,35,0,10,1,15,,291936,35,0,10,2,54,,291912,35,0,10,1,14,,291921,35,0,10,1,14,,291915,35,0,10,1,14,,291949,35,0,10,2,54,,291928,35,0,10,1,13,,291909,35,0,10,1,12,,291942,35,0,10,1,12,,291950,35,0,10,2,11,,291933,35,0,10,1,52,,291937,35,0,10,2,12,,291951,35,0,10,1,12,,291913,35,0,10,1,13,,291922,35,0,10,1,56,,291916,35,0,10,1,17,,291929,35,0,10,1,16,,291910,35,0,10,1,16,,291943,35,0,10,1,55,,291934,35,0,10,1,14,,291938,35,0,10,2,13,,291952,35,0,10,1,14,,291914,35,0,10,1,14,,291957,35,0,10,1,54,,291962,35,0,10,1,17,,291965,35,0,10,1,18,,291968,35,0,10,2,57,,291944,35,0,10,1,15,,291939,35,0,10,2,17,,291953,35,0,10,1,18,,291958,35,0,10,1,58,,291963,35,0,10,1,20,,291966,35,0,10,1,20,,291969,35,0,10,2,60,,291945,35,0,10,1,20,,291954,35,0,10,1,19,,291959,35,0,10,1,62,,291964,35,0,10,1,23,,291967,35,0,10,1,64,,291946,35,0,10,1,25,,291955,35,0,10,1,23,,291960,35,0,10,1,63,,291970,35,0,10,2,24,,291947,35,0,10,1,71,,291956,35,0,10,1,30,,291961,35,0,10,1,71,,291923,35,0,10,1
2402,'H59S000I-81-I',600,,291978,35,0,10,1,31,,291971,35,0,10,1,71,,291996,35,0,10,1,32,,291979,35,0,10,1,72,,291972,35,0,10,1,30,,291997,35,0,10,1,72,,291980,35,0,10,1,28,,291999,35,0,10,1,23,,291973,35,0,10,1,60,,291998,35,0,10,1,21,,292004,35,0,10,1,60,,291981,35,0,10,1,21,,292008,35,0,10,1,21,,292000,35,0,10,1,61,,291974,35,0,10,1,20,,292010,35,0,10,2,16,,292005,35,0,10,1,16,,292012,35,0,10,2,54,,291982,35,0,10,1,14,,292014,35,0,10,1,12,,292009,35,0,10,1,14,,292011,35,0,10,2,54,,292001,35,0,10,1,15,,291975,35,0,10,1,17,,292006,35,0,10,1,15,,291989,35,0,10,1,55,,292013,35,0,10,2,14,,291983,35,0,10,1,14,,292015,35,0,10,1,14,,292017,35,0,10,2,55,,292002,35,0,10,1,16,,291976,35,0,10,1,18,,292007,35,0,10,1,19,,291990,35,0,10,1,61,,291984,35,0,10,1,19,,292016,35,0,10,1,65,,292003,35,0,10,1,24,,291977,35,0,10,1,26,,291991,35,0,10,1,64,,291985,35,0,10,1,25,,292018,35,0,10,1,69,,292022,35,0,10,2,29,,291992,35,0,10,1,69,,291986,35,0,10,1,27,,292019,35,0,10,1,67,,292023,35,0,10,2,29,,291993,35,0,10,1,30,,291987,35,0,10,1,71,,292020,35,0,10,1,70,,291994,35,0,10,1,30,,291988,35,0,10,1,29,,292021,35,0,10,1,66,,291995,35,0,10,1
2402,'H59S000S-80-S',545,,292030,35,0,10,1,70,,292040,35,0,10,1,35,,292024,35,0,10,1,54,,292057,35,0,10,1,13,,292074,35,0,10,1,15,,292031,35,0,10,1,11,,292033,35,0,10,1,8,,292092,35,0,10,1,50,,292097,35,0,10,1,6,,292041,35,0,10,1,10,,292100,35,0,10,1,5,,292059,35,0,10,1,12,,292101,35,0,10,1,6,,292056,35,0,10,2,6,,292069,35,0,10,1,12,,292099,35,0,10,2,46,,292058,35,0,10,1,4,,292091,35,0,10,2,4,,292047,35,0,10,1,5,,292068,35,0,10,2,6,,292081,35,0,10,1,7,,292075,35,0,10,1,7,,292026,35,0,10,1,12,,292090,35,0,10,2,10,,292034,35,0,10,1,50,,292093,35,0,10,1,11,,292042,35,0,10,1,11,,292060,35,0,10,1,11,,292102,35,0,10,1,12,,292070,35,0,10,1,53,,292048,35,0,10,1,13,,292082,35,0,10,1,12,,292076,35,0,10,1,12,,292124,35,0,10,1,12,,292027,35,0,10,1,52,,292035,35,0,10,1,11,,292094,35,0,10,1,12,,292043,35,0,10,1,11,,292061,35,0,10,1,12,,292103,35,0,10,1,52,,292071,35,0,10,1,12,,292049,35,0,10,1,11,,292083,35,0,10,1,12,,292077,35,0,10,1,12,,292125,35,0,10,1,52,,292028,35,0,10,1,12,,292036,35,0,10,1,12,,292095,35,0,10,1,13,,292044,35,0,10,1,12,,292062,35,0,10,1,51,,292104,35,0,10,1,10,,292072,35,0,10,1,9,,292105,35,0,10,1,13,,292050,35,0,10,1,12,,292084,35,0,10,1,52,,292078,35,0,10,1,12,,292107,35,0,10,2,8,,292029,35,0,10,1,8,,292116,35,0,10,2,12,,292113,35,0,10,2,6,,292096,35,0,10,1,12,,292045,35,0,10,1,47,,292112,35,0,10,1,8,,292063,35,0,10,1,10,,292038,35,0,10,1,11,,292119,35,0,10,2,7,,292106,35,0,10,1,8,,292114,35,0,10,1,8,,292110,35,0,10,2,49,,292051,35,0,10,1,10,,292109,35,0,10,2,10,,292079,35,0,10,1,11,,292126,35,0,10,1,11,,292117,35,0,10,2,10,,292086,35,0,10,1,51,,292108,35,0,10,2,12,,292064,35,0,10,1,9,,292039,35,0,10,1,11,,292120,35,0,10,2,11,,292115,35,0,10,1,52,,292111,35,0,10,2,12,,292052,35,0,10,1,11,,292080,35,0,10,1,20,,292087,35,0,10,1,65,,292065,35,0,10,1,28,,292121,35,0,10,2,66,,292053,35,0,10,1,30,,292088,35,0,10,1,70,,292066,35,0,10,1,27,,292122,35,0,10,2,70,,292054,35,0,10,1,31,,292089,35,0,10,1,65,,292067,35,0,10,1,27,,292123,35,0,10,2
2402,'H59S100F-80-F1',600,,292134,35,0,10,1,31,,292127,35,0,10,1,71,,292177,35,0,10,1,32,,292135,35,0,10,1,72,,292128,35,0,10,1,30,,292178,35,0,10,1,72,,292136,35,0,10,1,28,,292152,35,0,10,1,23,,292129,35,0,10,1,60,,292179,35,0,10,1,21,,292157,35,0,10,1,60,,292137,35,0,10,1,21,,292161,35,0,10,1,21,,292153,35,0,10,1,61,,292130,35,0,10,1,20,,292163,35,0,10,2,16,,292158,35,0,10,1,16,,292165,35,0,10,2,54,,292138,35,0,10,1,14,,292167,35,0,10,1,12,,292162,35,0,10,1,14,,292164,35,0,10,2,54,,292154,35,0,10,1,15,,292131,35,0,10,1,17,,292159,35,0,10,1,15,,292145,35,0,10,1,55,,292166,35,0,10,2,14,,292139,35,0,10,1,14,,292168,35,0,10,1,14,,292170,35,0,10,2,55,,292155,35,0,10,1,16,,292132,35,0,10,1,18,,292160,35,0,10,1,19,,292146,35,0,10,1,61,,292140,35,0,10,1,19,,292169,35,0,10,1,65,,292156,35,0,10,1,24,,292133,35,0,10,1,26,,292147,35,0,10,1,64,,292141,35,0,10,1,25,,292171,35,0,10,1,69,,292175,35,0,10,2,29,,292148,35,0,10,1,69,,292142,35,0,10,1,27,,292172,35,0,10,1,67,,292176,35,0,10,2,29,,292149,35,0,10,1,30,,292143,35,0,10,1,71,,292173,35,0,10,1,70,,292150,35,0,10,1,30,,292144,35,0,10,1,29,,292174,35,0,10,1,66,,292151,35,0,10,1
2402,'H59S200F-80-F2',600,,292187,35,0,10,1,31,,292180,35,0,10,1,71,,292230,35,0,10,1,32,,292188,35,0,10,1,72,,292181,35,0,10,1,30,,292231,35,0,10,1,72,,292189,35,0,10,1,28,,292205,35,0,10,1,23,,292182,35,0,10,1,60,,292232,35,0,10,1,21,,292210,35,0,10,1,60,,292190,35,0,10,1,21,,292214,35,0,10,1,21,,292206,35,0,10,1,61,,292183,35,0,10,1,20,,292216,35,0,10,2,16,,292211,35,0,10,1,16,,292218,35,0,10,2,54,,292191,35,0,10,1,14,,292220,35,0,10,1,12,,292215,35,0,10,1,14,,292217,35,0,10,2,54,,292207,35,0,10,1,15,,292184,35,0,10,1,17,,292212,35,0,10,1,15,,292198,35,0,10,1,55,,292219,35,0,10,2,14,,292192,35,0,10,1,14,,292221,35,0,10,1,14,,292223,35,0,10,2,55,,292208,35,0,10,1,16,,292185,35,0,10,1,18,,292213,35,0,10,1,19,,292199,35,0,10,1,61,,292193,35,0,10,1,19,,292222,35,0,10,1,65,,292209,35,0,10,1,24,,292186,35,0,10,1,26,,292200,35,0,10,1,64,,292194,35,0,10,1,25,,292224,35,0,10,1,69,,292228,35,0,10,2,29,,292201,35,0,10,1,69,,292195,35,0,10,1,27,,292225,35,0,10,1,67,,292229,35,0,10,2,29,,292202,35,0,10,1,30,,292196,35,0,10,1,71,,292226,35,0,10,1,70,,292203,35,0,10,1,30,,292197,35,0,10,1,29,,292227,35,0,10,1,66,,292204,35,0,10,1
10402,'H56S000A-80-A',549,,316101,11,0,10,1,76,,316114,11,0,10,2,17,,316099,11,0,10,1,72,,316102,11,0,10,1,34,,316115,11,0,10,2,60,,316100,11,0,10,1,36,,316103,11,0,10,1,77,,316116,11,0,10,2,28,,316127,11,0,10,1,72,,316104,11,0,10,1,81,,316117,11,0,10,2,28,,316128,11,0,10,1,74,,316105,11,0,10,1,40,,316118,11,0,10,2,69,,316129,11,0,10,1,37,,316106,11,0,10,1,78,,316119,11,0,10,2,29,,316130,11,0,10,1,77,,316107,11,0,10,1,78,,316120,11,0,10,2,31,,316131,11,0,10,1,72,,316108,11,0,10,1,38,,316121,11,0,10,2,70,,316132,11,0,10,1,31,,316109,11,0,10,1,78,,316122,11,0,10,2,70,,316133,11,0,10,1,30,,316110,11,0,10,1,73,,316123,11,0,10,2,29,,316134,11,0,10,1,69,,316111,11,0,10,1,33,,316124,11,0,10,2,69,,316135,11,0,10,1,26,,316112,11,0,10,1,72,,316125,11,0,10,2,28,,316136,11,0,10,1,69,,316113,11,0,10,1,27,,316126,11,0,10,2,30,,316137,11,0,10,1
10402,'H56S000I-80-I',605,,316150,11,0,10,2,30,,316138,11,0,10,1,78,,316162,11,0,10,1,34,,316151,11,0,10,2,55,,316139,11,0,10,1,37,,316163,11,0,10,1,83,,316152,11,0,10,2,78,,316140,11,0,10,1,15,,316164,11,0,10,1,42,,316153,11,0,10,2,82,,316141,11,0,10,1,80,,316165,11,0,10,1,16,,316154,11,0,10,2,83,,316142,11,0,10,1,41,,316166,11,0,10,1,82,,316155,11,0,10,2,60,,316143,11,0,10,1,41,,316167,11,0,10,1,82,,316156,11,0,10,2,83,,316144,11,0,10,1,15,,316168,11,0,10,1,79,,316157,11,0,10,2,38,,316145,11,0,10,1,16,,316169,11,0,10,1,78,,316158,11,0,10,2,82,,316146,11,0,10,1,33,,316170,11,0,10,1,65,,316159,11,0,10,2,31,,316147,11,0,10,1,72,,316171,11,0,10,1,32,,316160,11,0,10,2,72,,316148,11,0,10,1,32,,316172,11,0,10,1,72,,316161,11,0,10,2,32,,316149,11,0,10,1,76,,316173,11,0,10,1
10402,'H56S000S-82-S',538,,316179,11,0,10,2,70,,316181,11,0,10,2,32,,316209,11,0,10,1,81,,316180,11,0,10,2,81,,316208,11,0,10,1,40,,316197,11,0,10,1,76,,316201,11,0,10,1,35,,316188,11,0,10,1,76,,316198,11,0,10,1,76,,316202,11,0,10,1,35,,316189,11,0,10,1,76,,316199,11,0,10,1,36,,316203,11,0,10,1,76,,316190,11,0,10,1,78,,316200,11,0,10,1,38,,316204,11,0,10,1,75,,316205,11,0,10,2,37,,316206,11,0,10,2,81,,316182,11,0,10,1,81,,316195,11,0,10,1,83,,316207,11,0,10,2,36,,316183,11,0,10,1,77,,316196,11,0,10,1,30,,316174,11,0,10,1,72,,316191,11,0,10,2,33,,316184,11,0,10,1,76,,316175,11,0,10,1,31,,316192,11,0,10,2,71,,316185,11,0,10,1,29,,316176,11,0,10,1,69,,316193,11,0,10,2,29,,316186,11,0,10,1,68,,316177,11,0,10,1,28,,316194,11,0,10,2,68,,316187,11,0,10,1,27,,316178,11,0,10,1
10402,'H56S100F-80-F1',605,,316222,11,0,10,2,30,,316210,11,0,10,1,78,,316234,11,0,10,1,34,,316223,11,0,10,2,55,,316211,11,0,10,1,37,,316235,11,0,10,1,83,,316224,11,0,10,2,78,,316212,11,0,10,1,15,,316236,11,0,10,1,42,,316225,11,0,10,2,82,,316213,11,0,10,1,80,,316237,11,0,10,1,16,,316226,11,0,10,2,83,,316214,11,0,10,1,41,,316238,11,0,10,1,82,,316227,11,0,10,2,60,,316215,11,0,10,1,41,,316239,11,0,10,1,82,,316228,11,0,10,2,83,,316216,11,0,10,1,15,,316240,11,0,10,1,79,,316229,11,0,10,2,38,,316217,11,0,10,1,16,,316241,11,0,10,1,78,,316230,11,0,10,2,82,,316218,11,0,10,1,33,,316242,11,0,10,1,65,,316231,11,0,10,2,31,,316219,11,0,10,1,72,,316243,11,0,10,1,32,,316232,11,0,10,2,72,,316220,11,0,10,1,32,,316244,11,0,10,1,72,,316233,11,0,10,2,32,,316221,11,0,10,1,76,,316245,11,0,10,1
10402,'H56S200F-80-F2',605,,316258,11,0,10,2,30,,316246,11,0,10,1,78,,316270,11,0,10,1,34,,316259,11,0,10,2,55,,316247,11,0,10,1,37,,316271,11,0,10,1,83,,316260,11,0,10,2,78,,316248,11,0,10,1,15,,316272,11,0,10,1,42,,316261,11,0,10,2,82,,316249,11,0,10,1,80,,316273,11,0,10,1,16,,316262,11,0,10,2,83,,316250,11,0,10,1,41,,316274,11,0,10,1,82,,316263,11,0,10,2,60,,316251,11,0,10,1,41,,316275,11,0,10,1,82,,316264,11,0,10,2,83,,316252,11,0,10,1,15,,316276,11,0,10,1,79,,316265,11,0,10,2,38,,316253,11,0,10,1,16,,316277,11,0,10,1,78,,316266,11,0,10,2,82,,316254,11,0,10,1,33,,316278,11,0,10,1,65,,316267,11,0,10,2,31,,316255,11,0,10,1,72,,316279,11,0,10,1,32,,316268,11,0,10,2,72,,316256,11,0,10,1,32,,316280,11,0,10,1,72,,316269,11,0,10,2,32,,316257,11,0,10,1,76,,316281,11,0,10,1
13802,'H56S000A-80-A',611,,325216,11,0,10,1,39,,325226,11,0,10,1,81,,325217,11,0,10,1,83,,325227,11,0,10,1,44,,325218,11,0,10,1,87,,325228,11,0,10,1,85,,325219,11,0,10,1,88,,325229,11,0,10,1,88,,325220,11,0,10,1,52,,325230,11,0,10,1,88,,325221,11,0,10,1,90,,325231,11,0,10,1,88,,325222,11,0,10,1,90,,325232,11,0,10,1,91,,325223,11,0,10,1,47,,325233,11,0,10,1,86,,325224,11,0,10,1,87,,325234,11,0,10,1,87,,325225,11,0,10,1
13802,'H56S000I-80-I',655,,325235,11,0,10,1,78,,325245,11,0,10,1,84,,325236,11,0,10,1,83,,325246,11,0,10,1,43,,325237,11,0,10,1,88,,325247,11,0,10,1,87,,325238,11,0,10,1,83,,325248,11,0,10,1,50,,325239,11,0,10,1,88,,325249,11,0,10,1,88,,325240,11,0,10,1,89,,325250,11,0,10,1,88,,325241,11,0,10,1,47,,325251,11,0,10,1,87,,325242,11,0,10,1,87,,325252,11,0,10,1,87,,325243,11,0,10,1,42,,325253,11,0,10,1,84,,325244,11,0,10,1
13802,'H56S000S-82-S',556,,325257,11,0,10,1,66,,325277,11,0,10,1,79,,325256,11,0,10,1,41,,325258,11,0,10,1,82,,325278,11,0,10,1,35,,325269,11,0,10,1,79,,325259,11,0,10,1,73,,325279,11,0,10,1,36,,325270,11,0,10,1,75,,325260,11,0,10,1,37,,325280,11,0,10,1,75,,325271,11,0,10,1,76,,325261,11,0,10,1,37,,325281,11,0,10,1,76,,325272,11,0,10,1,78,,325262,11,0,10,1,40,,325282,11,0,10,1,79,,325273,11,0,10,1,81,,325263,11,0,10,1,41,,325283,11,0,10,1,78,,325274,11,0,10,1,37,,325264,11,0,10,1,76,,325284,11,0,10,1,70,,325275,11,0,10,1,32,,325265,11,0,10,1,73,,325285,11,0,10,1,32,,325276,11,0,10,1,72,,325266,11,0,10,1,29,,325286,11,0,10,1,70,,325254,11,0,10,1,29,,325267,11,0,10,1,68,,325287,11,0,10,1,28,,325255,11,0,10,1,68,,325268,11,0,10,1,29,,325288,11,0,10,1
13802,'H56S100F-80-F1',655,,325289,11,0,10,1,78,,325299,11,0,10,1,84,,325290,11,0,10,1,83,,325300,11,0,10,1,43,,325291,11,0,10,1,88,,325301,11,0,10,1,87,,325292,11,0,10,1,83,,325302,11,0,10,1,50,,325293,11,0,10,1,88,,325303,11,0,10,1,88,,325294,11,0,10,1,89,,325304,11,0,10,1,88,,325295,11,0,10,1,47,,325305,11,0,10,1,87,,325296,11,0,10,1,87,,325306,11,0,10,1,87,,325297,11,0,10,1,42,,325307,11,0,10,1,84,,325298,11,0,10,1
13802,'H56S200F-80-F2',655,,325308,11,0,10,1,78,,325318,11,0,10,1,84,,325309,11,0,10,1,83,,325319,11,0,10,1,43,,325310,11,0,10,1,88,,325320,11,0,10,1,87,,325311,11,0,10,1,83,,325321,11,0,10,1,50,,325312,11,0,10,1,88,,325322,11,0,10,1,88,,325313,11,0,10,1,89,,325323,11,0,10,1,88,,325314,11,0,10,1,47,,325324,11,0,10,1,87,,325315,11,0,10,1,87,,325325,11,0,10,1,87,,325316,11,0,10,1,42,,325326,11,0,10,1,84,,325317,11,0,10,1
35602,'H56S000A-80-A',2535,,346236,37,0,10,2,18,,346225,37,0,10,1,54,,346232,37,0,10,1,14,,346226,37,0,10,1,14,,346227,37,0,10,2,12,,346231,37,0,10,1,12,,346224,37,0,10,1,53,,346238,37,0,10,1,13,,346230,37,0,10,1,13,,346228,37,0,10,1,13,,346229,37,0,10,1,53,,346234,37,0,10,2,13,,346233,37,0,10,2,13,,346237,37,0,10,2,13,,346235,37,0,10,1
35602,'H56S000I-80-I',2532,,346239,37,0,10,1,88,,346242,37,0,10,1,85,,346241,37,0,10,1,48,,346240,37,0,10,1,81,,346243,37,0,10,2
35602,'H56S000S-82-S',2528,,346244,37,0,10,1,86,,346249,37,0,10,2,45,,346248,37,0,10,1,67,,346246,37,0,10,2,25,,346245,37,0,10,1,65,,346247,37,0,10,2,25,,346250,37,0,10,1
35602,'H56S100F-80-F1',2532,,346251,37,0,10,1,88,,346254,37,0,10,1,85,,346253,37,0,10,1,48,,346252,37,0,10,1,81,,346255,37,0,10,2
35602,'H56S200F-80-F2',2532,,346256,37,0,10,1,88,,346259,37,0,10,1,85,,346258,37,0,10,1,48,,346257,37,0,10,1,81,,346260,37,0,10,2
