3103,'H51S000A-80-A',544,,293870,18,0,8,2,75,,293874,18,0,8,1,36,,293871,18,0,8,2,76,,293875,18,0,8,1,76,,293872,18,0,8,2,39,,293876,18,0,8,1,76,,293873,18,0,8,2,35,,293895,18,0,8,2,76,,293877,18,0,8,1,77,,293886,18,0,8,1,36,,293896,18,0,8,2,76,,293878,18,0,8,1,35,,293887,18,0,8,1,75,,293897,18,0,8,2,74,,293879,18,0,8,1,33,,293888,18,0,8,1,73,,293898,18,0,8,2,33,,293880,18,0,8,1,73,,293889,18,0,8,1,33,,293899,18,0,8,2,73,,293881,18,0,8,1,31,,293890,18,0,8,1,73,,293900,18,0,8,2,31,,293882,18,0,8,1,72,,293891,18,0,8,1,73,,293901,18,0,8,2,33,,293883,18,0,8,1,73,,293892,18,0,8,1,32,,293902,18,0,8,2,72,,293884,18,0,8,1,33,,293893,18,0,8,1,73,,293903,18,0,8,2,33,,293885,18,0,8,1,73,,293894,18,0,8,1,33,,293904,18,0,8,2
3103,'H51S000I-80-I',544,,293905,18,0,8,1,78,,293917,18,0,8,1,78,,293906,18,0,8,1,37,,293918,18,0,8,1,77,,293927,18,0,8,1,38,,293919,18,0,8,1,78,,293928,18,0,8,1,79,,293920,18,0,8,1,38,,293929,18,0,8,1,80,,293921,18,0,8,1,27,,293935,18,0,8,2,69,,293930,18,0,8,1,29,,293922,18,0,8,1,71,,293907,18,0,8,1,30,,293912,18,0,8,1,70,,293936,18,0,8,2,30,,293931,18,0,8,1,70,,293923,18,0,8,1,30,,293908,18,0,8,1,69,,293913,18,0,8,1,30,,293937,18,0,8,2,70,,293932,18,0,8,1,30,,293924,18,0,8,1,69,,293909,18,0,8,1,29,,293914,18,0,8,1,70,,293938,18,0,8,2,30,,293933,18,0,8,1,69,,293925,18,0,8,1,30,,293910,18,0,8,1,70,,293915,18,0,8,1,30,,293939,18,0,8,2,72,,293934,18,0,8,1,31,,293926,18,0,8,1,72,,293911,18,0,8,1,32,,293916,18,0,8,1,71,,293940,18,0,8,2
3103,'H51S000S-81-S',545,,293953,18,0,8,1,70,,293960,18,0,8,2,30,,293941,18,0,8,1,73,,293954,18,0,8,1,31,,293961,18,0,8,2,70,,293942,18,0,8,1,32,,293955,18,0,8,1,72,,293962,18,0,8,2,31,,293943,18,0,8,1,70,,293956,18,0,8,1,32,,293963,18,0,8,2,70,,293944,18,0,8,1,31,,293957,18,0,8,1,70,,293964,18,0,8,2,30,,293945,18,0,8,1,71,,293958,18,0,8,1,72,,293965,18,0,8,2,31,,293946,18,0,8,1,74,,293959,18,0,8,1,33,,293966,18,0,8,2,73,,293947,18,0,8,1,28,,293968,18,0,8,1,68,,293974,18,0,8,2,26,,293967,18,0,8,2,26,,293948,18,0,8,1,72,,293969,18,0,8,1,70,,293975,18,0,8,2,33,,293949,18,0,8,1,70,,293970,18,0,8,1,30,,293976,18,0,8,2,69,,293950,18,0,8,1,30,,293971,18,0,8,1,70,,293977,18,0,8,2,30,,293951,18,0,8,1,69,,293972,18,0,8,1,29,,293978,18,0,8,2,70,,293952,18,0,8,1,30,,293973,18,0,8,1,70,,293979,18,0,8,2
3103,'H51S100F-80-F1',544,,293980,18,0,8,1,78,,293992,18,0,8,1,78,,293981,18,0,8,1,37,,293993,18,0,8,1,77,,294002,18,0,8,1,38,,293994,18,0,8,1,78,,294003,18,0,8,1,79,,293995,18,0,8,1,38,,294004,18,0,8,1,80,,293996,18,0,8,1,27,,294010,18,0,8,2,69,,294005,18,0,8,1,29,,293997,18,0,8,1,71,,293982,18,0,8,1,30,,293987,18,0,8,1,70,,294011,18,0,8,2,30,,294006,18,0,8,1,70,,293998,18,0,8,1,30,,293983,18,0,8,1,69,,293988,18,0,8,1,30,,294012,18,0,8,2,70,,294007,18,0,8,1,30,,293999,18,0,8,1,69,,293984,18,0,8,1,29,,293989,18,0,8,1,70,,294013,18,0,8,2,30,,294008,18,0,8,1,69,,294000,18,0,8,1,30,,293985,18,0,8,1,70,,293990,18,0,8,1,30,,294014,18,0,8,2,72,,294009,18,0,8,1,31,,294001,18,0,8,1,72,,293986,18,0,8,1,32,,293991,18,0,8,1,71,,294015,18,0,8,2
3103,'H51S200F-80-F2',544,,294016,18,0,8,1,78,,294028,18,0,8,1,78,,294017,18,0,8,1,37,,294029,18,0,8,1,77,,294038,18,0,8,1,38,,294030,18,0,8,1,78,,294039,18,0,8,1,79,,294031,18,0,8,1,38,,294040,18,0,8,1,80,,294032,18,0,8,1,27,,294046,18,0,8,2,69,,294041,18,0,8,1,29,,294033,18,0,8,1,71,,294018,18,0,8,1,30,,294023,18,0,8,1,70,,294047,18,0,8,2,30,,294042,18,0,8,1,70,,294034,18,0,8,1,30,,294019,18,0,8,1,69,,294024,18,0,8,1,30,,294048,18,0,8,2,70,,294043,18,0,8,1,30,,294035,18,0,8,1,69,,294020,18,0,8,1,29,,294025,18,0,8,1,70,,294049,18,0,8,2,30,,294044,18,0,8,1,69,,294036,18,0,8,1,30,,294021,18,0,8,1,70,,294026,18,0,8,1,30,,294050,18,0,8,2,72,,294045,18,0,8,1,31,,294037,18,0,8,1,72,,294022,18,0,8,1,32,,294027,18,0,8,1,71,,294051,18,0,8,2
36103,'H51S000A-80-A',2531,,346560,31,0,8,1,9,,346548,31,0,8,1,10,,346538,31,0,8,1,50,,346569,31,0,8,2,5,,346546,31,0,8,1,6,,346555,31,0,8,1,5,,346566,31,0,8,2,5,,346541,31,0,8,2,4,,346558,31,0,8,1,6,,346550,31,0,8,1,7,,346552,31,0,8,1,9,,346544,31,0,8,1,5,,346543,31,0,8,1,5,,346562,31,0,8,1,46,,346540,31,0,8,1,5,,346565,31,0,8,2,5,,346539,31,0,8,1,3,,346561,31,0,8,2,3,,346554,31,0,8,1,3,,346571,31,0,8,2,4,,346570,31,0,8,2,4,,346547,31,0,8,1,4,,346556,31,0,8,1,3,,346549,31,0,8,1,5,,346567,31,0,8,2,6,,346559,31,0,8,1,6,,346551,31,0,8,1,46,,346553,31,0,8,1,4,,346542,31,0,8,2,8,,346545,31,0,8,1,10,,346563,31,0,8,1,10,,346568,31,0,8,2,11,,346564,31,0,8,2,14,,346557,31,0,8,1
36103,'H51S000I-80-I',2511,,346576,31,0,8,1,28,,346572,31,0,8,1,61,,346575,31,0,8,1,39,,346577,31,0,8,1,85,,346573,31,0,8,1,85,,346578,31,0,8,1,45,,346574,31,0,8,1
36103,'H51S000S-81-S',2510,,346584,31,0,8,1,23,,346593,31,0,8,2,16,,346594,25,0,8,2,1,,346588,31,0,8,1,57,,346582,31,0,8,1,13,,346592,31,0,8,1,13,,346579,31,0,8,1,17,,346590,31,0,8,1,50,,346585,31,0,8,1,11,,346581,31,0,8,1,8,,346586,31,0,8,1,7,,346580,31,0,8,1,13,,346589,31,0,8,1,8,,346583,31,0,8,1,63,,346591,31,0,8,1,45,,346587,31,0,8,1
36103,'H51S000S-81-SV',2517,,346602,31,0,8,2,9,,346601,31,0,8,2,15,,346600,31,0,8,2,18,,346597,31,0,8,2,55,,346599,31,0,8,2,12,,346598,31,0,8,2,14,,346603,31,0,8,2,92,,346596,31,0,8,2,23,,346595,31,0,8,2
36103,'H51S100F-80-F1',2511,,346608,31,0,8,1,28,,346604,31,0,8,1,61,,346605,31,0,8,1,39,,346609,31,0,8,1,85,,346606,31,0,8,1,85,,346610,31,0,8,1,45,,346607,31,0,8,1
36103,'H51S200F-80-F2',2511,,346615,31,0,8,1,28,,346611,31,0,8,1,61,,346612,31,0,8,1,39,,346616,31,0,8,1,85,,346613,31,0,8,1,85,,346617,31,0,8,1,45,,346614,31,0,8,1
