7902,'H58S000A-80-A',529,,309452,50,0,10,2,73,,309461,50,0,10,2,23,,309449,50,0,10,1,30,,309453,50,0,10,2,65,,309466,50,0,10,2,20,,309454,50,0,10,1,74,,309459,50,0,10,2,34,,309462,50,0,10,2,73,,309450,50,0,10,1,33,,309484,50,0,10,2,73,,309463,50,0,10,2,30,,309455,50,0,10,1,70,,309460,50,0,10,2,30,,309467,50,0,10,2,70,,309451,50,0,10,1,30,,309485,50,0,10,2,70,,309464,50,0,10,2,30,,309456,50,0,10,1,73,,309486,50,0,10,2,73,,309468,50,0,10,2,33,,309457,50,0,10,1,21,,309490,50,0,10,2,70,,309465,50,0,10,2,30,,309480,50,0,10,1,70,,309487,50,0,10,2,30,,309469,50,0,10,2,73,,309458,50,0,10,1,70,,309472,50,0,10,1,30,,309478,50,0,10,1,70,,309481,50,0,10,1,28,,309473,50,0,10,1,29,,309470,50,0,10,2,69,,309488,50,0,10,1,30,,309475,50,0,10,2,70,,309479,50,0,10,1,30,,309489,50,0,10,1,69,,309476,50,0,10,2,30,,309471,50,0,10,2,70,,309482,50,0,10,1,30,,309477,50,0,10,2,70,,309474,50,0,10,1,75,,309483,50,0,10,1
7902,'H58S000I-80-I',528,,309494,50,0,10,1,74,,309513,50,0,10,2,23,,309491,50,0,10,1,30,,309495,50,0,10,1,65,,309497,50,0,10,2,20,,309501,50,0,10,1,73,,309517,50,0,10,1,34,,309493,50,0,10,2,73,,309492,50,0,10,1,33,,309496,50,0,10,1,74,,309498,50,0,10,2,30,,309502,50,0,10,1,70,,309518,50,0,10,1,30,,309499,50,0,10,2,70,,309522,50,0,10,2,30,,309519,50,0,10,1,70,,309507,50,0,10,2,30,,309503,50,0,10,1,73,,309524,50,0,10,2,73,,309500,50,0,10,2,33,,309523,50,0,10,2,21,,309521,50,0,10,1,70,,309508,50,0,10,2,30,,309504,50,0,10,1,70,,309525,50,0,10,2,30,,309509,50,0,10,2,70,,309505,50,0,10,1,30,,309526,50,0,10,2,70,,309510,50,0,10,2,30,,309506,50,0,10,1,70,,309520,50,0,10,1,30,,309511,50,0,10,2,70,,309527,50,0,10,2,30,,309514,50,0,10,1,69,,309512,50,0,10,2,30,,309528,50,0,10,2,70,,309515,50,0,10,1,30,,309530,50,0,10,2,70,,309529,50,0,10,2,33,,309516,50,0,10,1,73,,309531,50,0,10,2
7902,'H58S000S-83-S',527,,309537,50,0,10,2,76,,309542,50,0,10,1,31,,309545,50,0,10,2,25,,309539,50,0,10,2,65,,309538,50,0,10,2,18,,309533,50,0,10,1,15,,309544,50,0,10,2,49,,309578,50,0,10,2,9,,309546,50,0,10,2,13,,309532,50,0,10,2,15,,309549,50,0,10,1,15,,309562,50,0,10,2,53,,309540,50,0,10,2,22,,309534,50,0,10,1,69,,309547,50,0,10,2,30,,309565,50,0,10,1,70,,309541,50,0,10,2,30,,309563,50,0,10,1,70,,309535,50,0,10,1,30,,309548,50,0,10,2,70,,309566,50,0,10,1,30,,309564,50,0,10,1,70,,309556,50,0,10,1,30,,309536,50,0,10,1,71,,309570,50,0,10,2,15,,309579,50,0,10,2,19,,309572,50,0,10,2,20,,309557,50,0,10,1,50,,309580,50,0,10,2,10,,309550,50,0,10,1,19,,309576,50,0,10,2,15,,309581,50,0,10,2,55,,309571,50,0,10,2,15,,309582,50,0,10,2,14,,309551,50,0,10,1,15,,309583,50,0,10,2,55,,309543,50,0,10,1,15,,309584,50,0,10,2,15,,309577,50,0,10,2,70,,309558,50,0,10,2,29,,309552,50,0,10,1,70,,309567,50,0,10,1,25,,309573,50,0,10,1,30,,309559,50,0,10,2,70,,309553,50,0,10,1,28,,309568,50,0,10,1,70,,309574,50,0,10,1,30,,309560,50,0,10,2,70,,309554,50,0,10,1,30,,309569,50,0,10,1,70,,309575,50,0,10,1,30,,309561,50,0,10,2,70,,309555,50,0,10,1
7902,'H58S100F-80-F1',528,,309595,50,0,10,2,74,,309605,50,0,10,1,23,,309586,50,0,10,1,30,,309596,50,0,10,2,65,,309606,50,0,10,1,20,,309597,50,0,10,1,73,,309599,50,0,10,2,34,,309613,50,0,10,1,73,,309587,50,0,10,1,33,,309585,50,0,10,1,74,,309614,50,0,10,1,30,,309588,50,0,10,1,70,,309600,50,0,10,2,30,,309607,50,0,10,1,70,,309589,50,0,10,1,30,,309615,50,0,10,1,70,,309603,50,0,10,2,30,,309590,50,0,10,1,73,,309601,50,0,10,2,73,,309608,50,0,10,1,33,,309620,50,0,10,1,21,,309616,50,0,10,1,70,,309604,50,0,10,2,30,,309591,50,0,10,1,70,,309602,50,0,10,2,30,,309609,50,0,10,1,70,,309621,50,0,10,1,30,,309598,50,0,10,2,70,,309610,50,0,10,1,30,,309622,50,0,10,1,70,,309617,50,0,10,1,30,,309611,50,0,10,1,70,,309623,50,0,10,2,30,,309592,50,0,10,1,69,,309612,50,0,10,1,30,,309624,50,0,10,2,70,,309593,50,0,10,1,30,,309618,50,0,10,1,70,,309625,50,0,10,2,33,,309594,50,0,10,1,73,,309619,50,0,10,1
7902,'H58S200F-80-F2',528,,309626,50,0,10,2,74,,309643,50,0,10,1,23,,309644,50,0,10,1,30,,309627,50,0,10,2,65,,309654,50,0,10,1,20,,309635,50,0,10,1,73,,309650,50,0,10,2,34,,309639,50,0,10,1,73,,309645,50,0,10,1,33,,309637,50,0,10,1,74,,309640,50,0,10,1,30,,309646,50,0,10,1,70,,309651,50,0,10,2,30,,309655,50,0,10,1,70,,309647,50,0,10,1,30,,309628,50,0,10,1,70,,309633,50,0,10,2,30,,309648,50,0,10,1,73,,309652,50,0,10,2,73,,309656,50,0,10,1,33,,309661,50,0,10,1,21,,309629,50,0,10,1,70,,309634,50,0,10,2,30,,309649,50,0,10,1,70,,309653,50,0,10,2,30,,309657,50,0,10,1,70,,309662,50,0,10,1,30,,309638,50,0,10,2,70,,309658,50,0,10,1,30,,309663,50,0,10,1,70,,309636,50,0,10,1,30,,309659,50,0,10,1,70,,309664,50,0,10,2,30,,309630,50,0,10,1,69,,309660,50,0,10,1,30,,309665,50,0,10,2,70,,309631,50,0,10,1,30,,309641,50,0,10,1,70,,309666,50,0,10,2,33,,309632,50,0,10,1,73,,309642,50,0,10,1
38202,'H60S000A-80-A',2617,,347374,52,0,10,1,85,,347376,52,0,10,1,45,,347373,52,0,10,1,85,,347375,52,0,10,1
38202,'H60S000I-81-I',2617,,347379,52,0,10,1,85,,347378,52,0,10,1,44,,347377,52,0,10,1,85,,347380,52,0,10,1
38202,'H60S000S-83-S',2618,,347381,52,0,10,2,85,,347384,52,0,10,1,44,,347382,52,0,10,1,85,,347383,52,0,10,1
38202,'H60S100F-80-F1',2617,,347387,52,0,10,1,85,,347385,52,0,10,1,44,,347386,52,0,10,2,85,,347388,52,0,10,1
38202,'H60S200F-80-F2',2617,,347391,52,0,10,1,85,,347389,52,0,10,1,44,,347390,52,0,10,2,85,,347392,52,0,10,1
46802,'H50S000S-82-S',1448,,349671,9,0,10,1
46802,'H60S000A-80-A',652,,349686,9,0,10,2,71,,349672,9,0,10,1,31,,349679,9,0,10,2,72,,349693,9,0,10,1,30,,349687,9,0,10,2,73,,349673,9,0,10,1,73,,349680,9,0,10,2,31,,349694,9,0,10,1,70,,349688,9,0,10,2,32,,349674,9,0,10,1,73,,349681,9,0,10,2,32,,349695,9,0,10,1,71,,349689,9,0,10,2,31,,349675,9,0,10,1,73,,349682,9,0,10,2,32,,349696,9,0,10,1,73,,349690,9,0,10,2,33,,349676,9,0,10,1,72,,349683,9,0,10,2,31,,349697,9,0,10,1,72,,349691,9,0,10,2,73,,349677,9,0,10,1,32,,349684,9,0,10,2,70,,349698,9,0,10,1,32,,349692,9,0,10,2,73,,349678,9,0,10,1,31,,349685,9,0,10,2,68,,349699,9,0,10,1
46802,'H60S000I-81-I',656,,349714,9,0,10,2,70,,349700,9,0,10,1,30,,349707,9,0,10,2,70,,349721,9,0,10,1,33,,349715,9,0,10,2,71,,349701,9,0,10,1,72,,349708,9,0,10,2,30,,349722,9,0,10,1,73,,349716,9,0,10,2,31,,349702,9,0,10,1,72,,349709,9,0,10,2,31,,349723,9,0,10,1,72,,349717,9,0,10,2,32,,349703,9,0,10,1,72,,349710,9,0,10,2,31,,349724,9,0,10,1,73,,349718,9,0,10,2,33,,349704,9,0,10,1,73,,349711,9,0,10,2,31,,349725,9,0,10,1,71,,349719,9,0,10,2,73,,349705,9,0,10,1,31,,349712,9,0,10,2,72,,349726,9,0,10,1,30,,349720,9,0,10,2,73,,349706,9,0,10,1,32,,349713,9,0,10,2,71,,349727,9,0,10,1
46802,'H60S000S-83-S',625,,349731,9,0,10,1,13,,349728,9,0,10,1,12,,349742,9,0,10,1,52,,349729,9,0,10,2,13,,349735,9,0,10,2,14,,349736,9,0,10,1,13,,349741,9,0,10,2,12,,349754,9,0,10,2,52,,349730,9,0,10,1,12,,349751,9,0,10,2,17,,349732,9,0,10,1,21,,349743,9,0,10,1,61,,349750,9,0,10,1,22,,349737,9,0,10,1,66,,349755,9,0,10,2,30,,349733,9,0,10,1,71,,349744,9,0,10,1,31,,349738,9,0,10,1,70,,349756,9,0,10,2,30,,349734,9,0,10,1,67,,349745,9,0,10,1,31,,349739,9,0,10,1,79,,349757,9,0,10,2,106,,349746,9,0,10,1,29,,349759,9,0,10,2,70,,349740,9,0,10,1,29,,349758,9,0,10,2,66,,349763,9,0,10,2,29,,349747,9,0,10,1,72,,349764,9,0,10,1,28,,349760,9,0,10,2,66,,349752,9,0,10,1,31,,349748,9,0,10,1,72,,349765,9,0,10,1,31,,349761,9,0,10,2,70,,349753,9,0,10,1,30,,349749,9,0,10,1,69,,349766,9,0,10,1,31,,349762,9,0,10,2
46802,'H60S100F-80-F1',656,,349781,9,0,10,1,70,,349767,9,0,10,2,30,,349774,9,0,10,1,70,,349788,9,0,10,2,33,,349782,9,0,10,1,71,,349768,9,0,10,2,72,,349775,9,0,10,1,30,,349789,9,0,10,2,73,,349783,9,0,10,1,31,,349769,9,0,10,2,72,,349776,9,0,10,1,31,,349790,9,0,10,2,72,,349784,9,0,10,1,32,,349770,9,0,10,2,72,,349777,9,0,10,1,31,,349791,9,0,10,2,73,,349785,9,0,10,1,33,,349771,9,0,10,2,73,,349778,9,0,10,1,31,,349792,9,0,10,2,71,,349786,9,0,10,1,73,,349772,9,0,10,2,31,,349779,9,0,10,1,72,,349793,9,0,10,2,30,,349787,9,0,10,1,73,,349773,9,0,10,2,32,,349780,9,0,10,1,71,,349794,9,0,10,2
46802,'H60S200F-80-F2',656,,349809,9,0,10,1,70,,349795,9,0,10,2,30,,349802,9,0,10,1,70,,349816,9,0,10,2,33,,349810,9,0,10,1,71,,349796,9,0,10,2,72,,349803,9,0,10,1,30,,349817,9,0,10,2,73,,349811,9,0,10,1,31,,349797,9,0,10,2,72,,349804,9,0,10,1,31,,349818,9,0,10,2,72,,349812,9,0,10,1,32,,349798,9,0,10,2,72,,349805,9,0,10,1,31,,349819,9,0,10,2,73,,349813,9,0,10,1,33,,349799,9,0,10,2,73,,349806,9,0,10,1,31,,349820,9,0,10,2,71,,349814,9,0,10,1,73,,349800,9,0,10,2,31,,349807,9,0,10,1,72,,349821,9,0,10,2,30,,349815,9,0,10,1,73,,349801,9,0,10,2,32,,349808,9,0,10,1,71,,349822,9,0,10,2
