3104,'H51S000A-80-A',457,,294052,9,0,9,2,76,,294056,9,0,9,1,76,,294053,9,0,9,2,36,,294057,9,0,9,1,76,,294054,9,0,9,2,38,,294058,9,0,9,1,76,,294055,9,0,9,2,73,,294077,9,0,9,2,33,,294059,9,0,9,1,73,,294068,9,0,9,1,33,,294078,9,0,9,2,73,,294060,9,0,9,1,33,,294069,9,0,9,1,73,,294079,9,0,9,2,33,,294061,9,0,9,1,73,,294070,9,0,9,1,73,,294080,9,0,9,2,33,,294062,9,0,9,1,73,,294071,9,0,9,1,33,,294081,9,0,9,2,73,,294063,9,0,9,1,33,,294072,9,0,9,1,73,,294082,9,0,9,2,33,,294064,9,0,9,1,73,,294073,9,0,9,1,72,,294083,9,0,9,2,34,,294065,9,0,9,1,74,,294074,9,0,9,1,34,,294084,9,0,9,2,74,,294066,9,0,9,1,34,,294075,9,0,9,1,74,,294085,9,0,9,2,34,,294067,9,0,9,1,74,,294076,9,0,9,1,74,,294086,9,0,9,2
3104,'H51S000I-80-I',456,,294087,9,0,9,1,78,,294099,9,0,9,1,78,,294088,9,0,9,1,38,,294100,9,0,9,1,77,,294109,9,0,9,1,78,,294101,9,0,9,1,38,,294110,9,0,9,1,77,,294102,9,0,9,1,38,,294111,9,0,9,1,79,,294103,9,0,9,1,79,,294112,9,0,9,1,39,,294104,9,0,9,1,73,,294089,9,0,9,1,30,,294094,9,0,9,1,70,,294118,9,0,9,2,30,,294113,9,0,9,1,70,,294105,9,0,9,1,30,,294090,9,0,9,1,70,,294095,9,0,9,1,30,,294119,9,0,9,2,70,,294114,9,0,9,1,30,,294106,9,0,9,1,70,,294091,9,0,9,1,30,,294096,9,0,9,1,70,,294120,9,0,9,2,30,,294115,9,0,9,1,70,,294107,9,0,9,1,30,,294092,9,0,9,1,70,,294097,9,0,9,1,30,,294121,9,0,9,2,70,,294116,9,0,9,1,72,,294108,9,0,9,1,32,,294093,9,0,9,1,72,,294098,9,0,9,1,32,,294122,9,0,9,2,72,,294117,9,0,9,1
3104,'H51S000S-81-S',547,,294123,9,0,9,1,69,,294136,9,0,9,1,28,,294142,9,0,9,2,76,,294124,9,0,9,1,33,,294137,9,0,9,1,73,,294143,9,0,9,2,31,,294125,9,0,9,1,71,,294138,9,0,9,1,72,,294144,9,0,9,2,30,,294126,9,0,9,1,70,,294139,9,0,9,1,30,,294145,9,0,9,2,70,,294127,9,0,9,1,30,,294140,9,0,9,1,70,,294146,9,0,9,2,30,,294128,9,0,9,1,72,,294141,9,0,9,1,32,,294147,9,0,9,2,70,,294129,9,0,9,1,27,,294150,9,0,9,1,27,,294156,9,0,9,2,69,,294148,9,0,9,2,26,,294130,9,0,9,1,67,,294151,9,0,9,1,27,,294157,9,0,9,2,67,,294149,9,0,9,2,24,,294131,9,0,9,1,70,,294152,9,0,9,1,30,,294158,9,0,9,2,70,,294132,9,0,9,1,30,,294153,9,0,9,1,70,,294159,9,0,9,2,30,,294133,9,0,9,1,70,,294154,9,0,9,1,29,,294160,9,0,9,2,70,,294134,9,0,9,1,30,,294155,9,0,9,1,70,,294161,9,0,9,2,30,,294135,9,0,9,1
3104,'H51S100F-80-F1',456,,294162,9,0,9,1,78,,294174,9,0,9,1,78,,294163,9,0,9,1,38,,294175,9,0,9,1,77,,294184,9,0,9,1,78,,294176,9,0,9,1,38,,294185,9,0,9,1,77,,294177,9,0,9,1,38,,294186,9,0,9,1,79,,294178,9,0,9,1,79,,294187,9,0,9,1,39,,294179,9,0,9,1,73,,294164,9,0,9,1,30,,294169,9,0,9,1,70,,294193,9,0,9,2,30,,294188,9,0,9,1,70,,294180,9,0,9,1,30,,294165,9,0,9,1,70,,294170,9,0,9,1,30,,294194,9,0,9,2,70,,294189,9,0,9,1,30,,294181,9,0,9,1,70,,294166,9,0,9,1,30,,294171,9,0,9,1,70,,294195,9,0,9,2,30,,294190,9,0,9,1,70,,294182,9,0,9,1,30,,294167,9,0,9,1,70,,294172,9,0,9,1,30,,294196,9,0,9,2,70,,294191,9,0,9,1,72,,294183,9,0,9,1,32,,294168,9,0,9,1,72,,294173,9,0,9,1,32,,294197,9,0,9,2,72,,294192,9,0,9,1
3104,'H51S200F-80-F2',456,,294198,9,0,9,1,78,,294210,9,0,9,1,78,,294199,9,0,9,1,38,,294211,9,0,9,1,77,,294220,9,0,9,1,78,,294212,9,0,9,1,38,,294221,9,0,9,1,77,,294213,9,0,9,1,38,,294222,9,0,9,1,79,,294214,9,0,9,1,79,,294223,9,0,9,1,39,,294215,9,0,9,1,73,,294200,9,0,9,1,30,,294205,9,0,9,1,70,,294229,9,0,9,2,30,,294224,9,0,9,1,70,,294216,9,0,9,1,30,,294201,9,0,9,1,70,,294206,9,0,9,1,30,,294230,9,0,9,2,70,,294225,9,0,9,1,30,,294217,9,0,9,1,70,,294202,9,0,9,1,30,,294207,9,0,9,1,70,,294231,9,0,9,2,30,,294226,9,0,9,1,70,,294218,9,0,9,1,30,,294203,9,0,9,1,70,,294208,9,0,9,1,30,,294232,9,0,9,2,70,,294227,9,0,9,1,72,,294219,9,0,9,1,32,,294204,9,0,9,1,72,,294209,9,0,9,1,32,,294233,9,0,9,2,72,,294228,9,0,9,1
36104,'H51S000A-80-A',2420,,346620,7,0,9,1,85,,346623,7,0,9,1,45,,346624,7,0,9,2,70,,346621,7,0,9,1,30,,346618,7,0,9,2,70,,346619,7,0,9,1,30,,346625,7,0,9,2,68,,346622,7,0,9,1
36104,'H51S000I-80-I',2434,,346626,7,0,9,1,70,,346629,7,0,9,2,30,,346630,7,0,9,1,83,,346627,7,0,9,1,85,,346631,7,0,9,1,45,,346628,7,0,9,1,85,,346632,7,0,9,1
36104,'H51S000S-81-S',2428,,346638,7,0,9,1,77,,346640,7,0,9,1,35,,346636,7,0,9,1,60,,346633,7,0,9,1,20,,346639,7,0,9,1,21,,346634,7,0,9,1,72,,346641,7,0,9,1,33,,346637,7,0,9,1,86,,346635,7,0,9,1
36104,'H51S100F-80-F1',2434,,346642,7,0,9,1,70,,346645,7,0,9,2,30,,346646,7,0,9,1,83,,346643,7,0,9,1,85,,346647,7,0,9,1,45,,346644,7,0,9,1,85,,346648,7,0,9,1
36104,'H51S200F-80-F2',2434,,346649,7,0,9,1,70,,346652,7,0,9,2,30,,346653,7,0,9,1,83,,346650,7,0,9,1,85,,346654,7,0,9,1,45,,346651,7,0,9,1,85,,346655,7,0,9,1
