10701,'H56S000A-80-A',505,,317951,1,0,5,1,31,,317962,1,0,5,2,73,,317971,1,0,5,2,30,,317952,1,0,5,1,72,,317963,1,0,5,2,33,,317972,1,0,5,2,71,,317953,1,0,5,1,29,,317981,1,0,5,1,68,,317964,1,0,5,2,29,,317973,1,0,5,2,69,,317954,1,0,5,1,30,,317982,1,0,5,1,70,,317965,1,0,5,2,30,,317974,1,0,5,2,70,,317955,1,0,5,1,30,,317983,1,0,5,1,70,,317966,1,0,5,2,30,,317975,1,0,5,2,70,,317956,1,0,5,1,30,,317984,1,0,5,1,70,,317967,1,0,5,2,30,,317976,1,0,5,2,70,,317957,1,0,5,1,30,,317985,1,0,5,1,70,,317968,1,0,5,2,30,,317977,1,0,5,2,70,,317958,1,0,5,1,30,,317986,1,0,5,1,70,,317969,1,0,5,2,30,,317978,1,0,5,2,70,,317959,1,0,5,1,30,,317987,1,0,5,1,70,,317970,1,0,5,2,30,,317979,1,0,5,2,70,,317960,1,0,5,1,30,,317988,1,0,5,1,70,,317990,1,0,5,2,30,,317980,1,0,5,2,69,,317961,1,0,5,1,30,,317989,1,0,5,1,71,,317991,1,0,5,2
10701,'H56S000I-80-I',505,,317993,1,0,5,1,31,,318020,1,0,5,1,72,,318004,1,0,5,2,30,,317994,1,0,5,1,70,,318010,1,0,5,1,33,,318005,1,0,5,2,72,,317995,1,0,5,1,31,,318011,1,0,5,1,71,,318021,1,0,5,1,28,,318006,1,0,5,2,68,,317996,1,0,5,1,29,,318012,1,0,5,1,70,,318022,1,0,5,1,30,,318007,1,0,5,2,70,,317997,1,0,5,1,30,,318013,1,0,5,1,70,,318023,1,0,5,1,30,,318008,1,0,5,2,70,,317998,1,0,5,1,30,,318014,1,0,5,1,70,,317992,1,0,5,1,31,,318009,1,0,5,2,71,,317999,1,0,5,1,32,,318015,1,0,5,1,72,,318024,1,0,5,2,32,,318028,1,0,5,1,71,,318000,1,0,5,1,29,,318016,1,0,5,1,68,,318025,1,0,5,2,28,,318029,1,0,5,1,68,,318001,1,0,5,1,29,,318017,1,0,5,1,69,,318026,1,0,5,2,30,,318030,1,0,5,1,70,,318002,1,0,5,1,29,,318018,1,0,5,1,69,,318027,1,0,5,2,29,,318031,1,0,5,1,69,,318003,1,0,5,1,33,,318019,1,0,5,1
10701,'H56S000S-82-S',500,,318058,1,0,5,1,22,,318039,1,0,5,2,16,,318033,1,0,5,1,17,,318041,1,0,5,2,57,,318047,1,0,5,2,15,,318049,1,0,5,2,12,,318059,1,0,5,1,12,,318061,1,0,5,1,51,,318040,1,0,5,2,10,,318051,1,0,5,2,10,,318057,1,0,5,2,8,,318034,1,0,5,1,7,,318060,1,0,5,2,6,,318036,1,0,5,2,6,,318042,1,0,5,2,8,,318066,1,0,5,2,50,,318048,1,0,5,2,12,,318080,1,0,5,1,12,,318050,1,0,5,2,12,,318037,1,0,5,2,12,,318062,1,0,5,1,52,,318038,1,0,5,2,11,,318052,1,0,5,2,14,,318035,1,0,5,1,24,,318043,1,0,5,2,68,,318081,1,0,5,1,28,,318063,1,0,5,1,69,,318053,1,0,5,2,29,,318044,1,0,5,2,68,,318082,1,0,5,1,27,,318064,1,0,5,1,70,,318054,1,0,5,2,29,,318045,1,0,5,2,71,,318083,1,0,5,1,25,,318065,1,0,5,1,62,,318071,1,0,5,1,23,,318055,1,0,5,2,22,,318046,1,0,5,2,62,,318089,1,0,5,1,22,,318032,1,0,5,1,22,,318084,1,0,5,2,62,,318072,1,0,5,1,22,,318056,1,0,5,2,67,,318076,1,0,5,2,27,,318067,1,0,5,1,69,,318085,1,0,5,2,31,,318073,1,0,5,1,28,,318077,1,0,5,2,67,,318068,1,0,5,1,27,,318086,1,0,5,2,67,,318074,1,0,5,1,28,,318078,1,0,5,2,68,,318069,1,0,5,1,28,,318087,1,0,5,2,68,,318075,1,0,5,1,29,,318079,1,0,5,2,70,,318070,1,0,5,1,32,,318088,1,0,5,2
10701,'H56S100F-80-F1',505,,318091,1,0,5,1,31,,318118,1,0,5,1,72,,318102,1,0,5,2,30,,318092,1,0,5,1,70,,318108,1,0,5,1,33,,318103,1,0,5,2,72,,318093,1,0,5,1,31,,318109,1,0,5,1,71,,318119,1,0,5,1,28,,318104,1,0,5,2,68,,318094,1,0,5,1,29,,318110,1,0,5,1,70,,318120,1,0,5,1,30,,318105,1,0,5,2,70,,318095,1,0,5,1,30,,318111,1,0,5,1,70,,318121,1,0,5,1,30,,318106,1,0,5,2,70,,318096,1,0,5,1,30,,318112,1,0,5,1,70,,318090,1,0,5,1,31,,318107,1,0,5,2,71,,318097,1,0,5,1,32,,318113,1,0,5,1,72,,318122,1,0,5,2,32,,318126,1,0,5,1,71,,318098,1,0,5,1,29,,318114,1,0,5,1,68,,318123,1,0,5,2,28,,318127,1,0,5,1,68,,318099,1,0,5,1,29,,318115,1,0,5,1,69,,318124,1,0,5,2,30,,318128,1,0,5,1,70,,318100,1,0,5,1,29,,318116,1,0,5,1,69,,318125,1,0,5,2,29,,318129,1,0,5,1,69,,318101,1,0,5,1,33,,318117,1,0,5,1
10701,'H56S200F-80-F2',505,,318131,1,0,5,1,31,,318158,1,0,5,1,72,,318142,1,0,5,2,30,,318132,1,0,5,1,70,,318148,1,0,5,1,33,,318143,1,0,5,2,72,,318133,1,0,5,1,31,,318149,1,0,5,1,71,,318159,1,0,5,1,28,,318144,1,0,5,2,68,,318134,1,0,5,1,29,,318150,1,0,5,1,70,,318160,1,0,5,1,30,,318145,1,0,5,2,70,,318135,1,0,5,1,30,,318151,1,0,5,1,70,,318161,1,0,5,1,30,,318146,1,0,5,2,70,,318136,1,0,5,1,30,,318152,1,0,5,1,70,,318130,1,0,5,1,31,,318147,1,0,5,2,71,,318137,1,0,5,1,32,,318153,1,0,5,1,72,,318162,1,0,5,2,32,,318166,1,0,5,1,71,,318138,1,0,5,1,29,,318154,1,0,5,1,68,,318163,1,0,5,2,28,,318167,1,0,5,1,68,,318139,1,0,5,1,29,,318155,1,0,5,1,69,,318164,1,0,5,2,30,,318168,1,0,5,1,70,,318140,1,0,5,1,29,,318156,1,0,5,1,69,,318165,1,0,5,2,29,,318169,1,0,5,1,69,,318141,1,0,5,1,33,,318157,1,0,5,1
10702,'H56S000A-80-A',602,,318190,50,4,,2,30,,318170,50,4,,1,72,,318181,50,4,,2,33,,318191,50,4,,2,71,,318171,50,4,,1,26,,318201,50,4,,1,70,,318182,50,4,,2,27,,318192,50,4,,2,69,,318172,50,4,,1,29,,318202,50,4,,1,29,,318183,50,4,,2,69,,318193,50,4,,2,29,,318173,50,4,,1,69,,318203,50,4,,1,34,,318184,50,4,,2,72,,318194,50,4,,2,70,,318174,50,4,,1,30,,318204,50,4,,1,70,,318185,50,4,,2,30,,318195,50,4,,2,70,,318175,50,4,,1,30,,318205,50,4,,1,70,,318186,50,4,,2,30,,318196,50,4,,2,70,,318176,50,4,,1,30,,318206,50,4,,1,70,,318187,50,4,,2,30,,318197,50,4,,2,28,,318177,50,4,,1,68,,318207,50,4,,1,30,,318188,50,4,,2,70,,318198,50,4,,2,30,,318178,50,4,,1,70,,318208,50,4,,1,30,,318189,50,4,,2,70,,318199,50,4,,2,26,,318179,50,4,,1,70,,318209,50,4,,1,30,,318211,50,4,,2,71,,318200,50,4,,2,30,,318180,50,4,,1,66,,318210,50,4,,1
10702,'H56S000I-80-I',601,,318225,50,4,,2,30,,318214,50,4,,1,70,,318232,50,4,,1,33,,318226,50,4,,2,72,,318215,50,4,,1,30,,318233,50,4,,1,72,,318242,50,4,,1,26,,318227,50,4,,2,68,,318216,50,4,,1,28,,318234,50,4,,1,29,,318243,50,4,,1,69,,318228,50,4,,2,29,,318217,50,4,,1,70,,318235,50,4,,1,74,,318244,50,4,,1,30,,318229,50,4,,2,70,,318218,50,4,,1,30,,318236,50,4,,1,69,,318212,50,4,,1,29,,318230,50,4,,2,28,,318219,50,4,,1,68,,318237,50,4,,1,28,,318213,50,4,,1,68,,318231,50,4,,2,31,,318220,50,4,,1,72,,318238,50,4,,1,31,,318245,50,4,,2,72,,318249,50,4,,1,29,,318221,50,4,,1,67,,318239,50,4,,1,30,,318246,50,4,,2,70,,318250,50,4,,1,30,,318222,50,4,,1,70,,318240,50,4,,1,30,,318247,50,4,,2,69,,318251,50,4,,1,30,,318223,50,4,,1,69,,318241,50,4,,1,30,,318248,50,4,,2,71,,318252,50,4,,1,31,,318224,50,4,,1
10702,'H56S000S-82-S',631,,318272,50,4,,1,23,,318257,50,4,,2,64,,318255,50,4,,1,21,,318258,50,4,,2,20,,318264,50,4,,2,64,,318265,50,4,,2,21,,318273,50,4,,1,60,,318266,50,4,,2,19,,318256,50,4,,1,25,,318259,50,4,,2,67,,318294,50,4,,1,27,,318274,50,4,,1,70,,318267,50,4,,2,30,,318260,50,4,,2,68,,318295,50,4,,1,27,,318275,50,4,,1,70,,318268,50,4,,2,29,,318261,50,4,,2,71,,318296,50,4,,1,25,,318276,50,4,,1,70,,318269,50,4,,2,29,,318262,50,4,,2,21,,318304,50,4,,1,52,,318297,50,4,,1,12,,318253,50,4,,1,13,,318277,50,4,,1,11,,318298,50,4,,2,12,,318303,50,4,,2,52,,318283,50,4,,1,14,,318270,50,4,,2,13,,318288,50,4,,1,12,,318263,50,4,,2,12,,318289,50,4,,2,51,,318305,50,4,,1,12,,318278,50,4,,1,11,,318254,50,4,,1,11,,318306,50,4,,1,11,,318299,50,4,,2,57,,318284,50,4,,1,20,,318271,50,4,,2,21,,318290,50,4,,2,65,,318279,50,4,,1,27,,318300,50,4,,2,67,,318285,50,4,,1,28,,318291,50,4,,2,68,,318280,50,4,,1,28,,318301,50,4,,2,68,,318286,50,4,,1,27,,318292,50,4,,2,24,,318281,50,4,,1,69,,318302,50,4,,2,30,,318287,50,4,,1,68,,318293,50,4,,2,31,,318282,50,4,,1
10702,'H56S100F-80-F1',601,,318320,50,4,,2,30,,318309,50,4,,1,70,,318327,50,4,,1,33,,318321,50,4,,2,72,,318310,50,4,,1,30,,318328,50,4,,1,72,,318337,50,4,,1,26,,318322,50,4,,2,68,,318311,50,4,,1,28,,318329,50,4,,1,29,,318338,50,4,,1,69,,318323,50,4,,2,29,,318312,50,4,,1,70,,318330,50,4,,1,74,,318339,50,4,,1,30,,318324,50,4,,2,70,,318313,50,4,,1,30,,318331,50,4,,1,69,,318307,50,4,,1,29,,318325,50,4,,2,28,,318314,50,4,,1,68,,318332,50,4,,1,28,,318308,50,4,,1,68,,318326,50,4,,2,31,,318315,50,4,,1,72,,318333,50,4,,1,31,,318340,50,4,,2,72,,318344,50,4,,1,29,,318316,50,4,,1,67,,318334,50,4,,1,30,,318341,50,4,,2,70,,318345,50,4,,1,30,,318317,50,4,,1,70,,318335,50,4,,1,30,,318342,50,4,,2,69,,318346,50,4,,1,30,,318318,50,4,,1,69,,318336,50,4,,1,30,,318343,50,4,,2,71,,318347,50,4,,1,31,,318319,50,4,,1
10702,'H56S200F-80-F2',601,,318361,50,4,,2,30,,318350,50,4,,1,70,,318368,50,4,,1,33,,318362,50,4,,2,72,,318351,50,4,,1,30,,318369,50,4,,1,72,,318378,50,4,,1,26,,318363,50,4,,2,68,,318352,50,4,,1,28,,318370,50,4,,1,29,,318379,50,4,,1,69,,318364,50,4,,2,29,,318353,50,4,,1,70,,318371,50,4,,1,74,,318380,50,4,,1,30,,318365,50,4,,2,70,,318354,50,4,,1,30,,318372,50,4,,1,69,,318348,50,4,,1,29,,318366,50,4,,2,28,,318355,50,4,,1,68,,318373,50,4,,1,28,,318349,50,4,,1,68,,318367,50,4,,2,31,,318356,50,4,,1,72,,318374,50,4,,1,31,,318381,50,4,,2,72,,318385,50,4,,1,29,,318357,50,4,,1,67,,318375,50,4,,1,30,,318382,50,4,,2,70,,318386,50,4,,1,30,,318358,50,4,,1,70,,318376,50,4,,1,30,,318383,50,4,,2,69,,318387,50,4,,1,30,,318359,50,4,,1,69,,318377,50,4,,1,30,,318384,50,4,,2,71,,318388,50,4,,1,31,,318360,50,4,,1
10702,'H57S000S-80-S',610,,318389,50,4,,1
