9002,'H56S000A-80-A',635,,311636,42,0,10,1,70,,311692,42,0,10,1,30,,311643,42,0,10,1,74,,311693,42,0,10,1,31,,311637,42,0,10,1,69,,311642,42,0,10,1,35,,311666,42,0,10,1,73,,311657,42,0,10,1,29,,311648,42,0,10,1,70,,311672,42,0,10,1,26,,311667,42,0,10,1,66,,311658,42,0,10,1,24,,311694,42,0,10,1,22,,311649,42,0,10,1,61,,311673,42,0,10,1,22,,311653,42,0,10,1,21,,311679,42,0,10,1,60,,311659,42,0,10,1,18,,311695,42,0,10,1,16,,311650,42,0,10,1,53,,311668,42,0,10,1,14,,311674,42,0,10,1,14,,311654,42,0,10,1,14,,311688,42,0,10,1,54,,311677,42,0,10,2,14,,311680,42,0,10,1,12,,311660,42,0,10,1,11,,311696,42,0,10,1,12,,311651,42,0,10,1,53,,311669,42,0,10,1,12,,311675,42,0,10,1,13,,311655,42,0,10,1,12,,311691,42,0,10,2,10,,311689,42,0,10,1,51,,311678,42,0,10,2,12,,311681,42,0,10,1,12,,311641,42,0,10,2,10,,311661,42,0,10,1,12,,311652,42,0,10,1,11,,311656,42,0,10,1,52,,311670,42,0,10,1,12,,311676,42,0,10,1,12,,311644,42,0,10,1,15,,311690,42,0,10,1,59,,311682,42,0,10,1,21,,311662,42,0,10,1,20,,311686,42,0,10,2,60,,311671,42,0,10,1,18,,311645,42,0,10,1,20,,311684,42,0,10,1,60,,311683,42,0,10,1,20,,311663,42,0,10,1,20,,311687,42,0,10,2,59,,311638,42,0,10,1,21,,311646,42,0,10,1,20,,311685,42,0,10,1,65,,311664,42,0,10,1,32,,311639,42,0,10,1,72,,311647,42,0,10,1,28,,311665,42,0,10,1,73,,311640,42,0,10,1
9002,'H56S000I-80-I',641,,311702,42,0,10,1,68,,311728,42,0,10,1,29,,311706,42,0,10,1,69,,311734,42,0,10,1,36,,311703,42,0,10,1,73,,311707,42,0,10,1,29,,311715,42,0,10,1,72,,311735,42,0,10,1,33,,311736,42,0,10,1,70,,311708,42,0,10,1,31,,311711,42,0,10,2,71,,311723,42,0,10,1,31,,311716,42,0,10,1,69,,311709,42,0,10,1,31,,311712,42,0,10,2,64,,311724,42,0,10,1,25,,311729,42,0,10,2,64,,311717,42,0,10,1,20,,311710,42,0,10,1,20,,311725,42,0,10,1,60,,311713,42,0,10,2,18,,311722,42,0,10,1,21,,311730,42,0,10,2,61,,311718,42,0,10,1,17,,311704,42,0,10,1,18,,311714,42,0,10,2,59,,311726,42,0,10,1,18,,311699,42,0,10,1,19,,311731,42,0,10,2,21,,311719,42,0,10,1,63,,311705,42,0,10,1,28,,311727,42,0,10,1,69,,311700,42,0,10,1,29,,311720,42,0,10,1,67,,311738,42,0,10,1,29,,311737,42,0,10,2,70,,311701,42,0,10,1,30,,311721,42,0,10,1,71,,311732,42,0,10,1,29,,311739,42,0,10,1,72,,311697,42,0,10,1,31,,311733,42,0,10,1,71,,311740,42,0,10,1,31,,311698,42,0,10,1
9002,'H56S000S-82-S',621,,311813,42,0,10,1,24,,311811,42,0,10,1,63,,311756,42,0,10,1,21,,311766,42,0,10,1,18,,311771,42,0,10,1,63,,311772,42,0,10,1,20,,311773,42,0,10,2,20,,311774,42,0,10,1,57,,311743,42,0,10,1,22,,311757,42,0,10,1,27,,311781,42,0,10,1,70,,311814,42,0,10,1,30,,311775,42,0,10,1,70,,311758,42,0,10,1,28,,311782,42,0,10,1,66,,311767,42,0,10,1,27,,311752,42,0,10,1,62,,311776,42,0,10,1,21,,311778,42,0,10,1,18,,311759,42,0,10,1,58,,311783,42,0,10,1,19,,311768,42,0,10,1,16,,311741,42,0,10,1,15,,311784,42,0,10,1,51,,311753,42,0,10,1,10,,311777,42,0,10,1,11,,311786,42,0,10,1,12,,311779,42,0,10,1,13,,311812,42,0,10,2,52,,311760,42,0,10,1,9,,311795,42,0,10,2,10,,311809,42,0,10,1,9,,311769,42,0,10,1,7,,311810,42,0,10,2,7,,311804,42,0,10,1,8,,311792,42,0,10,2,48,,311742,42,0,10,1,7,,311785,42,0,10,1,6,,311796,42,0,10,2,6,,311754,42,0,10,1,5,,311805,42,0,10,1,6,,311801,42,0,10,2,6,,311787,42,0,10,1,6,,311800,42,0,10,2,6,,311802,42,0,10,1,7,,311780,42,0,10,1,47,,311806,42,0,10,2,8,,311815,42,0,10,1,6,,311761,42,0,10,1,7,,311794,42,0,10,2,5,,311808,42,0,10,1,8,,311770,42,0,10,1,6,,311788,42,0,10,1,10,,311750,42,0,10,1,51,,311793,42,0,10,2,12,,311797,42,0,10,1,12,,311755,42,0,10,1,11,,311745,42,0,10,1,11,,311803,42,0,10,1,50,,311744,42,0,10,1,13,,311762,42,0,10,1,15,,311807,42,0,10,2,18,,311789,42,0,10,1,59,,311798,42,0,10,1,19,,311749,42,0,10,2,20,,311746,42,0,10,1,60,,311763,42,0,10,1,18,,311751,42,0,10,2,20,,311790,42,0,10,1,68,,311799,42,0,10,1,29,,311747,42,0,10,1,73,,311764,42,0,10,1,31,,311791,42,0,10,1,68,,311748,42,0,10,1,33,,311765,42,0,10,1
9002,'H56S100F-80-F1',641,,311821,42,0,10,1,68,,311847,42,0,10,1,29,,311825,42,0,10,1,69,,311853,42,0,10,1,36,,311822,42,0,10,1,73,,311826,42,0,10,1,29,,311834,42,0,10,1,72,,311854,42,0,10,1,33,,311855,42,0,10,1,70,,311827,42,0,10,1,31,,311830,42,0,10,2,71,,311842,42,0,10,1,31,,311835,42,0,10,1,69,,311828,42,0,10,1,31,,311831,42,0,10,2,64,,311843,42,0,10,1,25,,311848,42,0,10,2,64,,311836,42,0,10,1,20,,311829,42,0,10,1,20,,311844,42,0,10,1,60,,311832,42,0,10,2,18,,311841,42,0,10,1,21,,311849,42,0,10,2,61,,311837,42,0,10,1,17,,311823,42,0,10,1,18,,311833,42,0,10,2,59,,311845,42,0,10,1,18,,311818,42,0,10,1,19,,311850,42,0,10,2,21,,311838,42,0,10,1,63,,311824,42,0,10,1,28,,311846,42,0,10,1,69,,311819,42,0,10,1,29,,311839,42,0,10,1,67,,311857,42,0,10,1,29,,311856,42,0,10,2,70,,311820,42,0,10,1,30,,311840,42,0,10,1,71,,311851,42,0,10,1,29,,311858,42,0,10,1,72,,311816,42,0,10,1,31,,311852,42,0,10,1,71,,311859,42,0,10,1,31,,311817,42,0,10,1
9002,'H56S200F-80-F2',641,,311865,42,0,10,1,68,,311891,42,0,10,1,29,,311869,42,0,10,1,69,,311897,42,0,10,1,36,,311866,42,0,10,1,73,,311870,42,0,10,1,29,,311878,42,0,10,1,72,,311898,42,0,10,1,33,,311899,42,0,10,1,70,,311871,42,0,10,1,31,,311874,42,0,10,2,71,,311886,42,0,10,1,31,,311879,42,0,10,1,69,,311872,42,0,10,1,31,,311875,42,0,10,2,64,,311887,42,0,10,1,25,,311892,42,0,10,2,64,,311880,42,0,10,1,20,,311873,42,0,10,1,20,,311888,42,0,10,1,60,,311876,42,0,10,2,18,,311885,42,0,10,1,21,,311893,42,0,10,2,61,,311881,42,0,10,1,17,,311867,42,0,10,1,18,,311877,42,0,10,2,59,,311889,42,0,10,1,18,,311862,42,0,10,1,19,,311894,42,0,10,2,21,,311882,42,0,10,1,63,,311868,42,0,10,1,28,,311890,42,0,10,1,69,,311863,42,0,10,1,29,,311883,42,0,10,1,67,,311901,42,0,10,1,29,,311900,42,0,10,2,70,,311864,42,0,10,1,30,,311884,42,0,10,1,71,,311895,42,0,10,1,29,,311902,42,0,10,1,72,,311860,42,0,10,1,31,,311896,42,0,10,1,71,,311903,42,0,10,1,31,,311861,42,0,10,1
19802,'H56S000A-80-A',525,,339268,24,0,10,1,32,,339265,24,0,10,1,72,,339293,24,0,10,2,71,,339285,24,0,10,1,31,,339269,24,0,10,1,69,,339277,24,0,10,2,29,,339300,24,0,10,1,71,,339294,24,0,10,2,29,,339286,24,0,10,1,72,,339270,24,0,10,1,30,,339278,24,0,10,2,70,,339301,24,0,10,1,29,,339295,24,0,10,2,70,,339287,24,0,10,1,30,,339271,24,0,10,1,70,,339279,24,0,10,2,31,,339302,24,0,10,1,70,,339296,24,0,10,2,28,,339288,24,0,10,1,29,,339272,24,0,10,1,70,,339280,24,0,10,2,29,,339303,24,0,10,2,70,,339297,24,0,10,1,31,,339289,24,0,10,1,68,,339273,24,0,10,1,29,,339281,24,0,10,2,70,,339304,24,0,10,2,29,,339298,24,0,10,1,69,,339290,24,0,10,1,29,,339274,24,0,10,1,69,,339282,24,0,10,2,29,,339305,24,0,10,2,69,,339299,24,0,10,1,29,,339291,24,0,10,1,70,,339275,24,0,10,1,31,,339283,24,0,10,2,70,,339306,24,0,10,2,28,,339266,24,0,10,1,69,,339292,24,0,10,1,31,,339276,24,0,10,1,71,,339284,24,0,10,2,33,,339307,24,0,10,2,70,,339267,24,0,10,1
19802,'H56S000I-80-I',527,,339308,24,0,10,1,30,,339326,24,0,10,2,70,,339312,24,0,10,1,30,,339340,24,0,10,1,70,,339318,24,0,10,2,30,,339309,24,0,10,1,70,,339327,24,0,10,2,31,,339313,24,0,10,1,74,,339341,24,0,10,1,73,,339319,24,0,10,2,33,,339342,24,0,10,1,73,,339328,24,0,10,2,33,,339329,24,0,10,1,72,,339334,24,0,10,1,31,,339320,24,0,10,2,71,,339343,24,0,10,1,32,,339314,24,0,10,1,70,,339330,24,0,10,1,30,,339335,24,0,10,1,70,,339321,24,0,10,2,30,,339344,24,0,10,1,70,,339315,24,0,10,1,30,,339331,24,0,10,1,72,,339336,24,0,10,1,31,,339322,24,0,10,2,68,,339345,24,0,10,1,29,,339316,24,0,10,1,70,,339332,24,0,10,1,29,,339337,24,0,10,1,68,,339323,24,0,10,2,28,,339346,24,0,10,1,70,,339317,24,0,10,1,30,,339333,24,0,10,1,69,,339338,24,0,10,1,30,,339324,24,0,10,2,70,,339310,24,0,10,2,30,,339348,24,0,10,1,70,,339347,24,0,10,2,31,,339339,24,0,10,1,73,,339325,24,0,10,2,33,,339311,24,0,10,1
19802,'H56S000S-82-S',601,,339392,24,0,10,2,30,,339359,24,0,10,2,75,,339390,24,0,10,1,22,,339382,24,0,10,2,21,,339378,24,0,10,2,60,,339364,24,0,10,2,15,,339371,24,0,10,1,10,,339377,24,0,10,1,24,,339383,24,0,10,2,69,,339360,24,0,10,2,31,,339374,24,0,10,1,72,,339379,24,0,10,2,29,,339372,24,0,10,1,68,,339384,24,0,10,2,30,,339361,24,0,10,2,70,,339375,24,0,10,1,31,,339380,24,0,10,2,70,,339373,24,0,10,1,30,,339385,24,0,10,2,71,,339362,24,0,10,2,22,,339351,24,0,10,1,63,,339376,24,0,10,1,24,,339381,24,0,10,2,62,,339349,24,0,10,1,22,,339365,24,0,10,1,30,,339355,24,0,10,1,68,,339363,24,0,10,2,27,,339352,24,0,10,1,67,,339369,24,0,10,2,25,,339388,24,0,10,2,69,,339366,24,0,10,1,29,,339356,24,0,10,1,69,,339391,24,0,10,1,30,,339386,24,0,10,2,70,,339370,24,0,10,2,33,,339367,24,0,10,1,73,,339357,24,0,10,1,33,,339353,24,0,10,1,73,,339387,24,0,10,2,30,,339389,24,0,10,2,71,,339368,24,0,10,1,31,,339358,24,0,10,1,70,,339354,24,0,10,1,31,,339350,24,0,10,1
19802,'H56S100F-80-F1',527,,339393,24,0,10,1,30,,339411,24,0,10,2,70,,339397,24,0,10,1,30,,339425,24,0,10,1,70,,339403,24,0,10,2,30,,339394,24,0,10,1,70,,339412,24,0,10,2,31,,339398,24,0,10,1,74,,339426,24,0,10,1,73,,339404,24,0,10,2,33,,339427,24,0,10,1,73,,339413,24,0,10,2,33,,339414,24,0,10,1,72,,339419,24,0,10,1,31,,339405,24,0,10,2,71,,339428,24,0,10,1,32,,339399,24,0,10,1,70,,339415,24,0,10,1,30,,339420,24,0,10,1,70,,339406,24,0,10,2,30,,339429,24,0,10,1,70,,339400,24,0,10,1,30,,339416,24,0,10,1,72,,339421,24,0,10,1,31,,339407,24,0,10,2,68,,339430,24,0,10,1,29,,339401,24,0,10,1,70,,339417,24,0,10,1,29,,339422,24,0,10,1,68,,339408,24,0,10,2,28,,339431,24,0,10,1,70,,339402,24,0,10,1,30,,339418,24,0,10,1,69,,339423,24,0,10,1,30,,339409,24,0,10,2,70,,339395,24,0,10,2,30,,339433,24,0,10,1,70,,339432,24,0,10,2,31,,339424,24,0,10,1,73,,339410,24,0,10,2,33,,339396,24,0,10,1
19802,'H56S200F-80-F2',527,,339434,24,0,10,1,30,,339452,24,0,10,2,70,,339438,24,0,10,1,30,,339466,24,0,10,1,70,,339444,24,0,10,2,30,,339435,24,0,10,1,70,,339453,24,0,10,2,31,,339439,24,0,10,1,74,,339467,24,0,10,1,73,,339445,24,0,10,2,33,,339468,24,0,10,1,73,,339454,24,0,10,2,33,,339455,24,0,10,1,72,,339460,24,0,10,1,31,,339446,24,0,10,2,71,,339469,24,0,10,1,32,,339440,24,0,10,1,70,,339456,24,0,10,1,30,,339461,24,0,10,1,70,,339447,24,0,10,2,30,,339470,24,0,10,1,70,,339441,24,0,10,1,30,,339457,24,0,10,1,72,,339462,24,0,10,1,31,,339448,24,0,10,2,68,,339471,24,0,10,1,29,,339442,24,0,10,1,70,,339458,24,0,10,1,29,,339463,24,0,10,1,68,,339449,24,0,10,2,28,,339472,24,0,10,1,70,,339443,24,0,10,1,30,,339459,24,0,10,1,69,,339464,24,0,10,1,30,,339450,24,0,10,2,70,,339436,24,0,10,2,30,,339474,24,0,10,1,70,,339473,24,0,10,2,31,,339465,24,0,10,1,73,,339451,24,0,10,2,33,,339437,24,0,10,1
