4102,'H58S000S-83-S',540,,297644,14,0,10,1,62,,297639,14,0,10,1,21,,297638,14,0,10,1,21,,297640,14,0,10,2,66,,297654,14,0,10,1,25,,297663,14,0,10,2,24,,297645,14,0,10,1,62,,297651,14,0,10,1,19,,297660,14,0,10,2,61,,297665,14,0,10,2,23,,297641,14,0,10,2,29,,297655,14,0,10,1,70,,297646,14,0,10,1,28,,297642,14,0,10,1,69,,297666,14,0,10,2,29,,297652,14,0,10,1,66,,297656,14,0,10,1,27,,297647,14,0,10,1,73,,297643,14,0,10,1,33,,297667,14,0,10,2,71,,297653,14,0,10,1,30,,297657,14,0,10,1,73,,297648,14,0,10,1,27,,297661,14,0,10,2,70,,297668,14,0,10,2,31,,297649,14,0,10,1,68,,297670,14,0,10,1,28,,297658,14,0,10,1,68,,297673,14,0,10,2,26,,297662,14,0,10,2,63,,297669,14,0,10,2,22,,297650,14,0,10,1,22,,297671,14,0,10,1,66,,297659,14,0,10,1,29,,297674,14,0,10,2,70,,297664,14,0,10,1
4102,'H58S100F-80-F1',625,,297678,14,0,10,1,29,,297677,14,0,10,2,71,,297680,14,0,10,2,31,,297682,14,0,10,1,70,,297683,14,0,10,1,27,,297684,14,0,10,2,64,,297679,14,0,10,1,531,,297675,14,0,10,1,70,,297685,14,0,10,2,28,,297687,14,0,10,1,70,,297690,14,0,10,2,30,,297691,14,0,10,2,70,,297681,14,0,10,2,27,,297676,14,0,10,1,69,,297686,14,0,10,2,30,,297688,14,0,10,1,63,,297689,14,0,10,2
4102,'H58S200F-80-F2',625,,297692,14,0,10,1,29,,297706,14,0,10,2,71,,297694,14,0,10,2,31,,297703,14,0,10,1,70,,297695,14,0,10,1,27,,297696,14,0,10,2,64,,297693,14,0,10,1,531,,297707,14,0,10,1,70,,297697,14,0,10,2,28,,297699,14,0,10,1,70,,297701,14,0,10,2,30,,297702,14,0,10,2,70,,297704,14,0,10,2,27,,297708,14,0,10,1,69,,297698,14,0,10,2,30,,297700,14,0,10,1,63,,297705,14,0,10,2
13904,'H58S000A-80-A',511,,325593,19,0,9,1,27,,325616,19,0,9,2,62,,325620,19,0,9,1,22,,325589,19,0,9,2,15,,325594,19,0,9,1,11,,325618,19,0,9,1,11,,325609,19,0,9,1,51,,325617,19,0,9,2,9,,325604,19,0,9,1,9,,325628,19,0,9,2,10,,325621,19,0,9,1,12,,325619,19,0,9,1,53,,325590,19,0,9,2,15,,325595,19,0,9,1,20,,325610,19,0,9,1,70,,325605,19,0,9,1,30,,325622,19,0,9,1,70,,325596,19,0,9,1,31,,325611,19,0,9,1,70,,325606,19,0,9,1,30,,325623,19,0,9,1,71,,325597,19,0,9,1,31,,325612,19,0,9,1,71,,325607,19,0,9,1,30,,325624,19,0,9,1,70,,325598,19,0,9,1,30,,325613,19,0,9,1,69,,325608,19,0,9,1,30,,325625,19,0,9,1,70,,325599,19,0,9,1,30,,325614,19,0,9,1,68,,325633,19,0,9,1,29,,325586,19,0,9,2,64,,325600,19,0,9,1,27,,325615,19,0,9,1,30,,325591,19,0,9,2,70,,325587,19,0,9,2,30,,325601,19,0,9,1,70,,325630,19,0,9,2,30,,325592,19,0,9,2,69,,325588,19,0,9,2,29,,325629,19,0,9,1,69,,325602,19,0,9,1,28,,325626,19,0,9,2,72,,325631,19,0,9,2,31,,325603,19,0,9,1,71,,325627,19,0,9,2,73,,325632,19,0,9,2
13904,'H58S000I-80-I',511,,325635,19,0,9,2,30,,325648,19,0,9,1,59,,325652,19,0,9,1,21,,325645,19,0,9,2,20,,325636,19,0,9,2,16,,325661,19,0,9,1,55,,325649,19,0,9,1,15,,325667,19,0,9,2,15,,325653,19,0,9,1,15,,325651,19,0,9,2,63,,325637,19,0,9,2,26,,325662,19,0,9,1,66,,325668,19,0,9,2,28,,325654,19,0,9,1,67,,325638,19,0,9,2,31,,325663,19,0,9,1,68,,325669,19,0,9,2,33,,325655,19,0,9,1,72,,325639,19,0,9,2,27,,325664,19,0,9,1,70,,325670,19,0,9,2,31,,325656,19,0,9,1,69,,325640,19,0,9,2,30,,325665,19,0,9,1,70,,325671,19,0,9,2,31,,325657,19,0,9,1,66,,325641,19,0,9,2,29,,325666,19,0,9,1,69,,325672,19,0,9,2,31,,325658,19,0,9,1,70,,325642,19,0,9,2,29,,325676,19,0,9,2,68,,325673,19,0,9,2,28,,325659,19,0,9,1,30,,325643,19,0,9,2,69,,325677,19,0,9,2,25,,325674,19,0,9,2,65,,325660,19,0,9,1,25,,325644,19,0,9,2,66,,325678,19,0,9,2,26,,325675,19,0,9,2,66,,325650,19,0,9,1,27,,325647,19,0,9,1,29,,325646,19,0,9,1,71,,325634,19,0,9,1,72,,325679,19,0,9,2
13904,'H58S000S-83-S',513,,325687,19,0,9,1,33,,325696,19,0,9,2,72,,325681,19,0,9,1,30,,325690,19,0,9,2,73,,325688,19,0,9,1,30,,325697,19,0,9,2,69,,325682,19,0,9,1,29,,325691,19,0,9,2,70,,325689,19,0,9,1,30,,325698,19,0,9,2,70,,325683,19,0,9,1,29,,325692,19,0,9,2,70,,325713,19,0,9,1,31,,325699,19,0,9,2,70,,325684,19,0,9,1,30,,325693,19,0,9,2,72,,325714,19,0,9,1,30,,325700,19,0,9,2,72,,325685,19,0,9,1,30,,325694,19,0,9,2,70,,325715,19,0,9,1,35,,325701,19,0,9,2,72,,325686,19,0,9,1,72,,325695,19,0,9,2,33,,325716,19,0,9,1,68,,325705,19,0,9,1,30,,325702,19,0,9,2,25,,325708,19,0,9,1,68,,325717,19,0,9,1,28,,325706,19,0,9,1,69,,325703,19,0,9,2,29,,325709,19,0,9,1,70,,325718,19,0,9,1,30,,325707,19,0,9,1,70,,325704,19,0,9,2,30,,325710,19,0,9,1,68,,325719,19,0,9,2,30,,325712,19,0,9,1,69,,325680,19,0,9,1,26,,325711,19,0,9,1,60,,325720,19,0,9,2
13904,'H58S100F-80-F1',511,,325721,19,0,9,1,30,,325741,19,0,9,1,59,,325744,19,0,9,2,21,,325754,19,0,9,2,20,,325722,19,0,9,1,16,,325757,19,0,9,2,55,,325742,19,0,9,1,15,,325732,19,0,9,1,15,,325745,19,0,9,2,15,,325743,19,0,9,2,63,,325723,19,0,9,1,26,,325758,19,0,9,2,66,,325733,19,0,9,1,28,,325746,19,0,9,2,67,,325724,19,0,9,1,31,,325759,19,0,9,2,68,,325734,19,0,9,1,33,,325747,19,0,9,2,72,,325725,19,0,9,1,27,,325760,19,0,9,2,70,,325735,19,0,9,1,31,,325748,19,0,9,2,69,,325726,19,0,9,1,30,,325761,19,0,9,2,70,,325736,19,0,9,1,31,,325749,19,0,9,2,66,,325727,19,0,9,1,29,,325762,19,0,9,2,69,,325737,19,0,9,1,31,,325750,19,0,9,2,70,,325728,19,0,9,1,29,,325763,19,0,9,2,68,,325738,19,0,9,1,28,,325751,19,0,9,2,30,,325729,19,0,9,1,69,,325764,19,0,9,2,25,,325739,19,0,9,1,65,,325752,19,0,9,2,25,,325730,19,0,9,1,66,,325755,19,0,9,1,26,,325765,19,0,9,2,66,,325753,19,0,9,2,27,,325766,19,0,9,2,29,,325740,19,0,9,1,71,,325731,19,0,9,2,72,,325756,19,0,9,1
13904,'H58S200F-80-F2',511,,325770,19,0,9,1,30,,325808,19,0,9,1,59,,325780,19,0,9,2,21,,325768,19,0,9,2,20,,325771,19,0,9,1,16,,325799,19,0,9,2,55,,325809,19,0,9,1,15,,325790,19,0,9,1,15,,325781,19,0,9,2,15,,325769,19,0,9,2,63,,325772,19,0,9,1,26,,325800,19,0,9,2,66,,325791,19,0,9,1,28,,325782,19,0,9,2,67,,325773,19,0,9,1,31,,325801,19,0,9,2,68,,325792,19,0,9,1,33,,325783,19,0,9,2,72,,325774,19,0,9,1,27,,325802,19,0,9,2,70,,325793,19,0,9,1,31,,325784,19,0,9,2,69,,325775,19,0,9,1,30,,325803,19,0,9,2,70,,325794,19,0,9,1,31,,325785,19,0,9,2,66,,325776,19,0,9,1,29,,325804,19,0,9,2,69,,325795,19,0,9,1,31,,325786,19,0,9,2,70,,325777,19,0,9,1,29,,325805,19,0,9,2,68,,325796,19,0,9,1,28,,325787,19,0,9,2,30,,325778,19,0,9,1,69,,325806,19,0,9,2,25,,325797,19,0,9,1,65,,325788,19,0,9,2,25,,325779,19,0,9,1,66,,325810,19,0,9,1,26,,325807,19,0,9,2,66,,325789,19,0,9,2,27,,325812,19,0,9,2,29,,325798,19,0,9,1,71,,325767,19,0,9,2,72,,325811,19,0,9,1
35504,'H54S000A-80-A',2531,,346166,20,0,9,2,86,,346165,20,0,9,1,85,,346168,20,0,9,1,45,,346170,20,0,9,1,85,,346167,20,0,9,2,25,,346169,20,0,9,1
35504,'H54S000I-80-I',2529,,346173,20,0,9,1,85,,346172,20,0,9,2,45,,346171,20,0,9,1,86,,346176,20,0,9,2,85,,346174,20,0,9,1,71,,346175,20,0,9,2
35504,'H54S000S-80-S',2531,,346177,20,0,9,1,85,,346181,20,0,9,2,85,,346180,20,0,9,1,45,,346179,20,0,9,2,82,,346178,20,0,9,1,73,,346182,20,0,9,2
35504,'H54S100F-80-F1',2529,,346185,20,0,9,1,85,,346184,20,0,9,2,45,,346183,20,0,9,1,86,,346188,20,0,9,2,85,,346186,20,0,9,1,71,,346187,20,0,9,2
35504,'H54S200F-80-F2',2529,,346191,20,0,9,1,85,,346190,20,0,9,2,45,,346189,20,0,9,1,86,,346194,20,0,9,2,85,,346192,20,0,9,1,71,,346193,20,0,9,2
