7902,'H58S000A-80-A',529,,309452,51,0,10,2,73,,309461,51,0,10,2,23,,309449,51,0,10,1,30,,309453,51,0,10,2,65,,309466,51,0,10,2,20,,309454,51,0,10,1,74,,309459,51,0,10,2,34,,309462,51,0,10,2,73,,309450,51,0,10,1,33,,309484,51,0,10,2,73,,309463,51,0,10,2,30,,309455,51,0,10,1,70,,309460,51,0,10,2,30,,309467,51,0,10,2,70,,309451,51,0,10,1,30,,309485,51,0,10,2,70,,309464,51,0,10,2,30,,309456,51,0,10,1,73,,309486,51,0,10,2,73,,309468,51,0,10,2,33,,309457,51,0,10,1,21,,309490,51,0,10,2,70,,309465,51,0,10,2,30,,309480,51,0,10,1,70,,309487,51,0,10,2,30,,309469,51,0,10,2,73,,309458,51,0,10,1,70,,309472,51,0,10,1,30,,309478,51,0,10,1,70,,309481,51,0,10,1,28,,309473,51,0,10,1,29,,309470,51,0,10,2,69,,309488,51,0,10,1,30,,309475,51,0,10,2,70,,309479,51,0,10,1,30,,309489,51,0,10,1,69,,309476,51,0,10,2,30,,309471,51,0,10,2,70,,309482,51,0,10,1,30,,309477,51,0,10,2,70,,309474,51,0,10,1,75,,309483,51,0,10,1
7902,'H58S000I-80-I',528,,309494,51,0,10,1,74,,309513,51,0,10,2,23,,309491,51,0,10,1,30,,309495,51,0,10,1,65,,309497,51,0,10,2,20,,309501,51,0,10,1,73,,309517,51,0,10,1,34,,309493,51,0,10,2,73,,309492,51,0,10,1,33,,309496,51,0,10,1,74,,309498,51,0,10,2,30,,309502,51,0,10,1,70,,309518,51,0,10,1,30,,309499,51,0,10,2,70,,309522,51,0,10,2,30,,309519,51,0,10,1,70,,309507,51,0,10,2,30,,309503,51,0,10,1,73,,309524,51,0,10,2,73,,309500,51,0,10,2,33,,309523,51,0,10,2,21,,309521,51,0,10,1,70,,309508,51,0,10,2,30,,309504,51,0,10,1,70,,309525,51,0,10,2,30,,309509,51,0,10,2,70,,309505,51,0,10,1,30,,309526,51,0,10,2,70,,309510,51,0,10,2,30,,309506,51,0,10,1,70,,309520,51,0,10,1,30,,309511,51,0,10,2,70,,309527,51,0,10,2,30,,309514,51,0,10,1,69,,309512,51,0,10,2,30,,309528,51,0,10,2,70,,309515,51,0,10,1,30,,309530,51,0,10,2,70,,309529,51,0,10,2,33,,309516,51,0,10,1,73,,309531,51,0,10,2
7902,'H58S000S-83-S',527,,309537,51,0,10,2,76,,309542,51,0,10,1,31,,309545,51,0,10,2,25,,309539,51,0,10,2,65,,309538,51,0,10,2,18,,309533,51,0,10,1,15,,309544,51,0,10,2,49,,309578,51,0,10,2,9,,309546,51,0,10,2,13,,309532,51,0,10,2,15,,309549,51,0,10,1,15,,309562,51,0,10,2,53,,309540,51,0,10,2,22,,309534,51,0,10,1,69,,309547,51,0,10,2,30,,309565,51,0,10,1,70,,309541,51,0,10,2,30,,309563,51,0,10,1,70,,309535,51,0,10,1,30,,309548,51,0,10,2,70,,309566,51,0,10,1,30,,309564,51,0,10,1,70,,309556,51,0,10,1,30,,309536,51,0,10,1,71,,309570,51,0,10,2,15,,309579,51,0,10,2,19,,309572,51,0,10,2,20,,309557,51,0,10,1,50,,309580,51,0,10,2,10,,309550,51,0,10,1,19,,309576,51,0,10,2,15,,309581,51,0,10,2,55,,309571,51,0,10,2,15,,309582,51,0,10,2,14,,309551,51,0,10,1,15,,309583,51,0,10,2,55,,309543,51,0,10,1,15,,309584,51,0,10,2,15,,309577,51,0,10,2,70,,309558,51,0,10,2,29,,309552,51,0,10,1,70,,309567,51,0,10,1,25,,309573,51,0,10,1,30,,309559,51,0,10,2,70,,309553,51,0,10,1,28,,309568,51,0,10,1,70,,309574,51,0,10,1,30,,309560,51,0,10,2,70,,309554,51,0,10,1,30,,309569,51,0,10,1,70,,309575,51,0,10,1,30,,309561,51,0,10,2,70,,309555,51,0,10,1
7902,'H58S100F-80-F1',528,,309595,51,0,10,2,74,,309605,51,0,10,1,23,,309586,51,0,10,1,30,,309596,51,0,10,2,65,,309606,51,0,10,1,20,,309597,51,0,10,1,73,,309599,51,0,10,2,34,,309613,51,0,10,1,73,,309587,51,0,10,1,33,,309585,51,0,10,1,74,,309614,51,0,10,1,30,,309588,51,0,10,1,70,,309600,51,0,10,2,30,,309607,51,0,10,1,70,,309589,51,0,10,1,30,,309615,51,0,10,1,70,,309603,51,0,10,2,30,,309590,51,0,10,1,73,,309601,51,0,10,2,73,,309608,51,0,10,1,33,,309620,51,0,10,1,21,,309616,51,0,10,1,70,,309604,51,0,10,2,30,,309591,51,0,10,1,70,,309602,51,0,10,2,30,,309609,51,0,10,1,70,,309621,51,0,10,1,30,,309598,51,0,10,2,70,,309610,51,0,10,1,30,,309622,51,0,10,1,70,,309617,51,0,10,1,30,,309611,51,0,10,1,70,,309623,51,0,10,2,30,,309592,51,0,10,1,69,,309612,51,0,10,1,30,,309624,51,0,10,2,70,,309593,51,0,10,1,30,,309618,51,0,10,1,70,,309625,51,0,10,2,33,,309594,51,0,10,1,73,,309619,51,0,10,1
7902,'H58S200F-80-F2',528,,309626,51,0,10,2,74,,309643,51,0,10,1,23,,309644,51,0,10,1,30,,309627,51,0,10,2,65,,309654,51,0,10,1,20,,309635,51,0,10,1,73,,309650,51,0,10,2,34,,309639,51,0,10,1,73,,309645,51,0,10,1,33,,309637,51,0,10,1,74,,309640,51,0,10,1,30,,309646,51,0,10,1,70,,309651,51,0,10,2,30,,309655,51,0,10,1,70,,309647,51,0,10,1,30,,309628,51,0,10,1,70,,309633,51,0,10,2,30,,309648,51,0,10,1,73,,309652,51,0,10,2,73,,309656,51,0,10,1,33,,309661,51,0,10,1,21,,309629,51,0,10,1,70,,309634,51,0,10,2,30,,309649,51,0,10,1,70,,309653,51,0,10,2,30,,309657,51,0,10,1,70,,309662,51,0,10,1,30,,309638,51,0,10,2,70,,309658,51,0,10,1,30,,309663,51,0,10,1,70,,309636,51,0,10,1,30,,309659,51,0,10,1,70,,309664,51,0,10,2,30,,309630,51,0,10,1,69,,309660,51,0,10,1,30,,309665,51,0,10,2,70,,309631,51,0,10,1,30,,309641,51,0,10,1,70,,309666,51,0,10,2,33,,309632,51,0,10,1,73,,309642,51,0,10,1
35602,'H56S000A-80-A',2648,,346236,116,0,10,2,58,,346225,116,0,10,1,14,,346232,116,0,10,1,13,,346226,116,0,10,1,14,,346227,116,0,10,2,12,,346231,116,0,10,1,52,,346224,116,0,10,1,13,,346238,116,0,10,1,13,,346230,116,0,10,1,13,,346228,116,0,10,1,53,,346229,116,0,10,1,13,,346234,116,0,10,2,13,,346233,116,0,10,2,13,,346237,116,0,10,2,13,,346235,116,0,10,1
35602,'H56S000I-80-I',2642,,346239,116,0,10,1,88,,346242,116,0,10,1,85,,346241,116,0,10,1,88,,346240,116,0,10,1,41,,346243,116,0,10,2
35602,'H56S000S-82-S',2641,,346244,116,0,10,1,86,,346249,116,0,10,2,85,,346248,116,0,10,1,27,,346246,116,0,10,2,65,,346245,116,0,10,1,25,,346247,116,0,10,2,25,,346250,116,0,10,1
35602,'H56S100F-80-F1',2642,,346251,116,0,10,1,88,,346254,116,0,10,1,85,,346253,116,0,10,1,88,,346252,116,0,10,1,41,,346255,116,0,10,2
35602,'H56S200F-80-F2',2642,,346256,116,0,10,1,88,,346259,116,0,10,1,85,,346258,116,0,10,1,88,,346257,116,0,10,1,41,,346260,116,0,10,2
38202,'H60S000A-80-A',2618,,347374,53,0,10,1,85,,347376,53,0,10,1,45,,347373,53,0,10,1,85,,347375,53,0,10,1
38202,'H60S000I-81-I',2618,,347379,53,0,10,1,85,,347378,53,0,10,1,44,,347377,53,0,10,1,85,,347380,53,0,10,1
38202,'H60S000S-83-S',2619,,347381,53,0,10,2,85,,347384,53,0,10,1,44,,347382,53,0,10,1,85,,347383,53,0,10,1
38202,'H60S100F-80-F1',2618,,347387,53,0,10,1,85,,347385,53,0,10,1,44,,347386,53,0,10,2,85,,347388,53,0,10,1
38202,'H60S200F-80-F2',2618,,347391,53,0,10,1,85,,347389,53,0,10,1,44,,347390,53,0,10,2,85,,347392,53,0,10,1
