20401,'H60S000A-80-A',603,,340780,29,0,5,1,34,,340792,29,0,5,1,72,,340804,29,0,5,1,30,,340781,29,0,5,1,71,,340793,29,0,5,1,31,,340805,29,0,5,1,72,,340782,29,0,5,1,32,,340794,29,0,5,1,72,,340806,29,0,5,1,32,,340783,29,0,5,1,72,,340795,29,0,5,1,32,,340807,29,0,5,1,73,,340784,29,0,5,1,33,,340796,29,0,5,1,73,,340808,29,0,5,1,73,,340785,29,0,5,1,32,,340797,29,0,5,1,73,,340809,29,0,5,1,31,,340786,29,0,5,1,72,,340798,29,0,5,1,33,,340810,29,0,5,1,73,,340787,29,0,5,1,33,,340799,29,0,5,1,72,,340811,29,0,5,1,33,,340788,29,0,5,1,70,,340800,29,0,5,1,30,,340812,29,0,5,1,70,,340789,29,0,5,1,30,,340801,29,0,5,1,70,,340813,29,0,5,1,30,,340790,29,0,5,1,70,,340802,29,0,5,1,30,,340814,29,0,5,1,69,,340791,29,0,5,1,30,,340803,29,0,5,1,69,,340815,29,0,5,1
20401,'H60S000I-81-I',739,,340818,29,0,5,1,73,,340839,29,0,5,1,31,,340828,29,0,5,1,72,,340819,29,0,5,1,32,,340840,29,0,5,1,72,,340829,29,0,5,1,32,,340820,29,0,5,1,71,,340841,29,0,5,1,30,,340830,29,0,5,1,71,,340821,29,0,5,1,31,,340842,29,0,5,1,70,,340831,29,0,5,1,30,,340822,29,0,5,1,72,,340843,29,0,5,1,30,,340832,29,0,5,1,70,,340823,29,0,5,1,30,,340844,29,0,5,1,69,,340833,29,0,5,1,30,,340824,29,0,5,1,69,,340845,29,0,5,1,31,,340834,29,0,5,1,71,,340825,29,0,5,1,30,,340846,29,0,5,1,69,,340835,29,0,5,1,30,,340826,29,0,5,1,70,,340847,29,0,5,1,32,,340836,29,0,5,1,73,,340827,29,0,5,1,72,,340848,29,0,5,1,33,,340837,29,0,5,1,71,,340816,29,0,5,1,31,,340849,29,0,5,1,69,,340838,29,0,5,1,30,,340817,29,0,5,1
20401,'H60S000S-83-S',612,,340873,29,0,5,1,33,,340850,29,0,5,1,72,,340867,29,0,5,1,31,,340874,29,0,5,1,70,,340851,29,0,5,1,32,,340868,29,0,5,1,70,,340857,29,0,5,1,31,,340852,29,0,5,1,72,,340869,29,0,5,1,33,,340858,29,0,5,1,73,,340853,29,0,5,1,73,,340870,29,0,5,1,33,,340859,29,0,5,1,73,,340854,29,0,5,1,33,,340871,29,0,5,1,70,,340860,29,0,5,1,32,,340855,29,0,5,1,71,,340872,29,0,5,1,31,,340861,29,0,5,1,72,,340856,29,0,5,1,32,,340875,29,0,5,1,72,,340862,29,0,5,1,30,,340881,29,0,5,1,70,,340876,29,0,5,1,33,,340863,29,0,5,1,72,,340882,29,0,5,1,31,,340877,29,0,5,1,72,,340864,29,0,5,1,73,,340883,29,0,5,1,31,,340878,29,0,5,1,71,,340865,29,0,5,1,32,,340884,29,0,5,1,71,,340879,29,0,5,1,30,,340866,29,0,5,1,67,,340885,29,0,5,1,29,,340880,29,0,5,1
20401,'H60S100F-80-F1',739,,340888,29,0,5,1,73,,340911,29,0,5,1,31,,340900,29,0,5,1,72,,340889,29,0,5,1,32,,340912,29,0,5,1,72,,340901,29,0,5,1,32,,340890,29,0,5,1,71,,340913,29,0,5,1,30,,340902,29,0,5,1,71,,340891,29,0,5,1,31,,340914,29,0,5,1,70,,340903,29,0,5,1,30,,340892,29,0,5,1,72,,340915,29,0,5,1,30,,340904,29,0,5,1,70,,340893,29,0,5,1,30,,340916,29,0,5,1,69,,340905,29,0,5,1,30,,340894,29,0,5,1,69,,340917,29,0,5,1,31,,340906,29,0,5,1,71,,340895,29,0,5,1,30,,340918,29,0,5,1,69,,340907,29,0,5,1,30,,340896,29,0,5,1,70,,340919,29,0,5,1,32,,340908,29,0,5,1,73,,340897,29,0,5,1,72,,340886,29,0,5,1,33,,340909,29,0,5,1,71,,340898,29,0,5,1,31,,340887,29,0,5,1,69,,340910,29,0,5,1,30,,340899,29,0,5,1
20401,'H60S200F-80-F2',739,,340922,29,0,5,1,73,,340945,29,0,5,1,31,,340934,29,0,5,1,72,,340923,29,0,5,1,32,,340946,29,0,5,1,72,,340935,29,0,5,1,32,,340924,29,0,5,1,71,,340947,29,0,5,1,30,,340936,29,0,5,1,71,,340925,29,0,5,1,31,,340948,29,0,5,1,70,,340937,29,0,5,1,30,,340926,29,0,5,1,72,,340949,29,0,5,1,30,,340938,29,0,5,1,70,,340927,29,0,5,1,30,,340950,29,0,5,1,69,,340939,29,0,5,1,30,,340928,29,0,5,1,69,,340951,29,0,5,1,31,,340940,29,0,5,1,71,,340929,29,0,5,1,30,,340952,29,0,5,1,69,,340941,29,0,5,1,30,,340930,29,0,5,1,70,,340953,29,0,5,1,32,,340942,29,0,5,1,73,,340931,29,0,5,1,72,,340920,29,0,5,1,33,,340943,29,0,5,1,71,,340932,29,0,5,1,31,,340921,29,0,5,1,69,,340944,29,0,5,1,30,,340933,29,0,5,1
21401,'H60S000A-80-A',603,,343804,5,0,5,1,33,,343805,5,0,5,1,72,,343806,5,0,5,1,30,,343807,5,0,5,1,71,,343808,5,0,5,1,31,,343809,5,0,5,1,72,,343810,5,0,5,1,32,,343811,5,0,5,1,72,,343812,5,0,5,1,32,,343813,5,0,5,1,72,,343814,5,0,5,1,32,,343815,5,0,5,1,73,,343816,5,0,5,1,33,,343817,5,0,5,1,73,,343818,5,0,5,1,73,,343819,5,0,5,1,32,,343820,5,0,5,1,72,,343821,5,0,5,1,31,,343822,5,0,5,1,71,,343823,5,0,5,1,32,,343824,5,0,5,1,73,,343825,5,0,5,1,33,,343826,5,0,5,1,72,,343827,5,0,5,1,31,,343828,5,0,5,1,73,,343829,5,0,5,1,30,,343830,5,0,5,1,70,,343831,5,0,5,1,30,,343832,5,0,5,1,70,,343833,5,0,5,1,30,,343834,5,0,5,1,70,,343835,5,0,5,1,30,,343836,5,0,5,1,71,,343837,5,0,5,1,32,,343838,5,0,5,1,68,,343839,5,0,5,1
21401,'H60S000I-81-I',711,,343840,5,0,5,1,30,,343841,5,0,5,1,70,,343842,5,0,5,1,31,,343843,5,0,5,1,72,,343844,5,0,5,1,32,,343845,5,0,5,1,72,,343846,5,0,5,1,32,,343847,5,0,5,1,71,,343848,5,0,5,1,30,,343849,5,0,5,1,71,,343850,5,0,5,1,31,,343851,5,0,5,1,70,,343852,5,0,5,1,30,,343853,5,0,5,1,72,,343854,5,0,5,1,30,,343855,5,0,5,1,70,,343856,5,0,5,1,30,,343857,5,0,5,1,69,,343858,5,0,5,1,30,,343859,5,0,5,1,69,,343860,5,0,5,1,30,,343861,5,0,5,1,69,,343862,5,0,5,1,31,,343863,5,0,5,1,71,,343864,5,0,5,1,30,,343865,5,0,5,1,69,,343866,5,0,5,1,31,,343867,5,0,5,1,71,,343868,5,0,5,1,31,,343869,5,0,5,1,73,,343870,5,0,5,1,73,,343871,5,0,5,1,32,,343872,5,0,5,1,70,,343873,5,0,5,1
21401,'H60S000S-83-S',539,,343874,5,0,5,1,72,,343875,5,0,5,1,33,,343876,5,0,5,1,72,,343877,5,0,5,1,31,,343878,5,0,5,1,69,,343879,5,0,5,1,31,,343880,5,0,5,1,71,,343881,5,0,5,1,32,,343882,5,0,5,1,72,,343883,5,0,5,1,33,,343884,5,0,5,1,73,,343885,5,0,5,1,73,,343886,5,0,5,1,33,,343887,5,0,5,1,73,,343888,5,0,5,1,33,,343889,5,0,5,1,70,,343890,5,0,5,1,32,,343891,5,0,5,1,71,,343892,5,0,5,1,31,,343893,5,0,5,1,72,,343894,5,0,5,1,32,,343895,5,0,5,1,70,,343896,5,0,5,1,31,,343897,5,0,5,1,71,,343898,5,0,5,1,32,,343899,5,0,5,1,72,,343900,5,0,5,1,32,,343901,5,0,5,1,72,,343902,5,0,5,1,73,,343903,5,0,5,1,31,,343904,5,0,5,1,71,,343905,5,0,5,1,32,,343906,5,0,5,1,71,,343907,5,0,5,1,30,,343908,5,0,5,1,70,,343909,5,0,5,1
21401,'H60S100F-80-F1',711,,343910,5,0,5,1,30,,343911,5,0,5,1,70,,343912,5,0,5,1,31,,343913,5,0,5,1,72,,343914,5,0,5,1,32,,343915,5,0,5,1,72,,343916,5,0,5,1,32,,343917,5,0,5,1,71,,343918,5,0,5,1,30,,343919,5,0,5,1,71,,343920,5,0,5,1,31,,343921,5,0,5,1,70,,343922,5,0,5,1,30,,343923,5,0,5,1,72,,343924,5,0,5,1,30,,343925,5,0,5,1,70,,343926,5,0,5,1,30,,343927,5,0,5,1,69,,343928,5,0,5,1,30,,343929,5,0,5,1,69,,343930,5,0,5,1,30,,343931,5,0,5,1,69,,343932,5,0,5,1,31,,343933,5,0,5,1,71,,343934,5,0,5,1,30,,343935,5,0,5,1,69,,343936,5,0,5,1,31,,343937,5,0,5,1,71,,343938,5,0,5,1,31,,343939,5,0,5,1,73,,343940,5,0,5,1,73,,343941,5,0,5,1,32,,343942,5,0,5,1,70,,343943,5,0,5,1
21401,'H60S200F-80-F2',711,,343944,5,0,5,1,30,,343945,5,0,5,1,70,,343946,5,0,5,1,31,,343947,5,0,5,1,72,,343948,5,0,5,1,32,,343949,5,0,5,1,72,,343950,5,0,5,1,32,,343951,5,0,5,1,71,,343952,5,0,5,1,30,,343953,5,0,5,1,71,,343954,5,0,5,1,31,,343955,5,0,5,1,70,,343956,5,0,5,1,30,,343957,5,0,5,1,72,,343958,5,0,5,1,30,,343959,5,0,5,1,70,,343960,5,0,5,1,30,,343961,5,0,5,1,69,,343962,5,0,5,1,30,,343963,5,0,5,1,69,,343964,5,0,5,1,30,,343965,5,0,5,1,69,,343966,5,0,5,1,31,,343967,5,0,5,1,71,,343968,5,0,5,1,30,,343969,5,0,5,1,69,,343970,5,0,5,1,31,,343971,5,0,5,1,71,,343972,5,0,5,1,31,,343973,5,0,5,1,73,,343974,5,0,5,1,73,,343975,5,0,5,1,32,,343976,5,0,5,1,70,,343977,5,0,5,1
