2803,'H54S000A-80-A',511,,293099,18,0,8,1,22,,293125,18,0,8,2,22,,293123,18,0,8,1,71,,293132,18,0,8,1,31,,293126,18,0,8,2,71,,293124,18,0,8,1,31,,293133,18,0,8,1,71,,293127,18,0,8,2,71,,293106,18,0,8,1,31,,293134,18,0,8,1,71,,293128,18,0,8,2,31,,293107,18,0,8,1,71,,293115,18,0,8,2,31,,293100,18,0,8,1,72,,293138,18,0,8,1,31,,293135,18,0,8,1,71,,293129,18,0,8,2,31,,293108,18,0,8,1,71,,293116,18,0,8,2,31,,293101,18,0,8,1,71,,293139,18,0,8,1,31,,293136,18,0,8,1,71,,293130,18,0,8,2,31,,293109,18,0,8,1,71,,293117,18,0,8,2,31,,293102,18,0,8,1,71,,293140,18,0,8,1,31,,293137,18,0,8,1,71,,293131,18,0,8,2,31,,293110,18,0,8,1,71,,293118,18,0,8,2,31,,293103,18,0,8,1,71,,293111,18,0,8,1,31,,293119,18,0,8,2,71,,293104,18,0,8,1,31,,293112,18,0,8,1,71,,293141,18,0,8,2,71,,293120,18,0,8,2,31,,293113,18,0,8,1,71,,293105,18,0,8,1,31,,293121,18,0,8,2,71,,293114,18,0,8,1,27,,293122,18,0,8,2
2803,'H54S000I-80-I',510,,293142,18,0,8,2,24,,293167,18,0,8,2,25,,293156,18,0,8,1,66,,293174,18,0,8,2,28,,293168,18,0,8,2,70,,293157,18,0,8,1,30,,293175,18,0,8,2,70,,293169,18,0,8,2,30,,293180,18,0,8,1,70,,293176,18,0,8,2,30,,293170,18,0,8,2,71,,293158,18,0,8,1,30,,293150,18,0,8,2,70,,293143,18,0,8,2,30,,293181,18,0,8,1,70,,293177,18,0,8,2,30,,293171,18,0,8,2,70,,293159,18,0,8,1,30,,293151,18,0,8,2,70,,293144,18,0,8,2,30,,293182,18,0,8,1,70,,293178,18,0,8,2,30,,293172,18,0,8,2,70,,293160,18,0,8,1,30,,293152,18,0,8,2,70,,293145,18,0,8,2,30,,293183,18,0,8,1,70,,293179,18,0,8,2,30,,293173,18,0,8,2,70,,293161,18,0,8,1,30,,293153,18,0,8,2,70,,293146,18,0,8,2,30,,293162,18,0,8,1,70,,293154,18,0,8,2,30,,293147,18,0,8,2,69,,293163,18,0,8,1,30,,293155,18,0,8,2,70,,293148,18,0,8,1,29,,293164,18,0,8,2,69,,293184,18,0,8,1,32,,293149,18,0,8,1,69,,293165,18,0,8,2,31,,293166,18,0,8,1
2803,'H54S000S-80-S',512,,293231,18,0,8,2,30,,293228,18,0,8,1,17,,293187,18,0,8,2,56,,293232,18,0,8,2,12,,293206,18,0,8,2,23,,293191,18,0,8,1,52,,293189,18,0,8,1,18,,293230,18,0,8,2,10,,293210,18,0,8,2,9,,293188,18,0,8,2,10,,293233,18,0,8,2,51,,293207,18,0,8,2,17,,293201,18,0,8,1,17,,293190,18,0,8,1,23,,293211,18,0,8,2,70,,293208,18,0,8,2,30,,293202,18,0,8,1,69,,293212,18,0,8,2,31,,293209,18,0,8,2,70,,293203,18,0,8,1,31,,293192,18,0,8,1,72,,293213,18,0,8,1,28,,293204,18,0,8,1,69,,293193,18,0,8,1,28,,293214,18,0,8,1,68,,293205,18,0,8,1,29,,293194,18,0,8,1,72,,293215,18,0,8,1,33,,293221,18,0,8,2,72,,293195,18,0,8,1,20,,293222,5,0,8,2,10,,293216,18,0,8,1,56,,293226,5,0,8,2,14,,293217,18,0,8,2,13,,293237,5,0,8,2,14,,293196,18,0,8,1,58,,293238,5,0,8,2,12,,293223,18,0,8,2,16,,293185,5,0,8,1,15,,293218,18,0,8,2,70,,293197,18,0,8,1,30,,293235,18,0,8,2,71,,293219,18,0,8,2,31,,293198,18,0,8,1,70,,293236,18,0,8,2,29,,293220,18,0,8,2,71,,293199,18,0,8,1,30,,293224,18,0,8,1,70,,293239,18,0,8,1,29,,293200,18,0,8,1,70,,293225,18,0,8,1,30,,293240,18,0,8,1,70,,293229,18,0,8,1,28,,293186,18,0,8,1
2803,'H54S100F-80-F1',510,,293241,18,0,8,2,24,,293266,18,0,8,2,25,,293255,18,0,8,1,66,,293273,18,0,8,2,28,,293267,18,0,8,2,70,,293256,18,0,8,1,30,,293274,18,0,8,2,70,,293268,18,0,8,2,30,,293279,18,0,8,1,70,,293275,18,0,8,2,30,,293269,18,0,8,2,71,,293257,18,0,8,1,30,,293249,18,0,8,2,70,,293242,18,0,8,2,30,,293280,18,0,8,1,70,,293276,18,0,8,2,30,,293270,18,0,8,2,70,,293258,18,0,8,1,30,,293250,18,0,8,2,70,,293243,18,0,8,2,30,,293281,18,0,8,1,70,,293277,18,0,8,2,30,,293271,18,0,8,2,70,,293259,18,0,8,1,30,,293251,18,0,8,2,70,,293244,18,0,8,2,30,,293282,18,0,8,1,70,,293278,18,0,8,2,30,,293272,18,0,8,2,70,,293260,18,0,8,1,30,,293252,18,0,8,2,70,,293245,18,0,8,2,30,,293261,18,0,8,1,70,,293253,18,0,8,2,30,,293246,18,0,8,2,69,,293262,18,0,8,1,30,,293254,18,0,8,2,70,,293247,18,0,8,1,29,,293263,18,0,8,2,69,,293283,18,0,8,1,32,,293248,18,0,8,1,69,,293264,18,0,8,2,31,,293265,18,0,8,1
2803,'H54S200F-80-F2',510,,293284,18,0,8,2,24,,293309,18,0,8,2,25,,293298,18,0,8,1,66,,293316,18,0,8,2,28,,293310,18,0,8,2,70,,293299,18,0,8,1,30,,293317,18,0,8,2,70,,293311,18,0,8,2,30,,293322,18,0,8,1,70,,293318,18,0,8,2,30,,293312,18,0,8,2,71,,293300,18,0,8,1,30,,293292,18,0,8,2,70,,293285,18,0,8,2,30,,293323,18,0,8,1,70,,293319,18,0,8,2,30,,293313,18,0,8,2,70,,293301,18,0,8,1,30,,293293,18,0,8,2,70,,293286,18,0,8,2,30,,293324,18,0,8,1,70,,293320,18,0,8,2,30,,293314,18,0,8,2,70,,293302,18,0,8,1,30,,293294,18,0,8,2,70,,293287,18,0,8,2,30,,293325,18,0,8,1,70,,293321,18,0,8,2,30,,293315,18,0,8,2,70,,293303,18,0,8,1,30,,293295,18,0,8,2,70,,293288,18,0,8,2,30,,293304,18,0,8,1,70,,293296,18,0,8,2,30,,293289,18,0,8,2,69,,293305,18,0,8,1,30,,293297,18,0,8,2,70,,293290,18,0,8,1,29,,293306,18,0,8,2,69,,293326,18,0,8,1,32,,293291,18,0,8,1,69,,293307,18,0,8,2,31,,293308,18,0,8,1
2803,'H57S000S-80-S',639,,293327,18,0,8,1,72,,293328,18,0,8,1
36401,'H54S000A-80-A',2630,,346786,61,0,5,1,88,,346788,61,0,5,1,31,,346789,61,0,5,2,10,,346784,61,0,5,1,85,,346785,61,0,5,2,83,,346787,61,0,5,1
36401,'H54S000I-80-I',2623,,346793,61,0,5,1,85,,346795,61,0,5,1,30,,346790,61,0,5,1,71,,346792,61,0,5,2,31,,346791,61,0,5,1,81,,346794,61,0,5,1
36401,'H54S000S-80-S',2624,,346796,61,0,5,1,84,,346798,61,0,5,1,45,,346800,61,0,5,1,85,,346799,61,0,5,2,84,,346797,61,0,5,1
36401,'H54S100F-80-F1',2623,,346804,61,0,5,1,85,,346806,61,0,5,1,30,,346801,61,0,5,1,71,,346803,61,0,5,2,31,,346802,61,0,5,1,81,,346805,61,0,5,1
36401,'H54S200F-80-F2',2623,,346810,61,0,5,1,85,,346812,61,0,5,1,30,,346807,61,0,5,1,71,,346809,61,0,5,2,31,,346808,61,0,5,1,81,,346811,61,0,5,1
