1704,'H60S000A-80-A',502,,289856,5,0,9,1,35,,289844,5,0,9,1,84,,289857,5,0,9,1,35,,289845,5,0,9,1,84,,289858,5,0,9,1,78,,289846,5,0,9,1,86,,289859,5,0,9,1,39,,289865,5,0,9,1,83,,289847,5,0,9,1,83,,289860,5,0,9,1,40,,289866,5,0,9,1,80,,289848,5,0,9,1,80,,289861,5,0,9,1,40,,289867,5,0,9,1,80,,289849,5,0,9,1,81,,289862,5,0,9,1,41,,289868,5,0,9,1,81,,289850,5,0,9,1,79,,289863,5,0,9,1,41,,289869,5,0,9,1,79,,289851,5,0,9,1,77,,289864,5,0,9,1,37,,289870,5,0,9,1,85,,289852,5,0,9,1,81,,289871,5,0,9,1,45,,289853,5,0,9,1,81,,289872,5,0,9,1,82,,289854,5,0,9,1,81,,289873,5,0,9,1,42,,289855,5,0,9,1,81,,289874,5,0,9,1
1704,'H60S000I-81-I',512,,289875,5,0,9,1,29,,289904,5,0,9,1,70,,289884,5,0,9,1,34,,289876,5,0,9,1,84,,289885,5,0,9,1,75,,289877,5,0,9,1,44,,289886,5,0,9,1,82,,289878,5,0,9,1,85,,289887,5,0,9,1,43,,289879,5,0,9,1,86,,289888,5,0,9,1,85,,289880,5,0,9,1,76,,289896,5,0,9,1,43,,289889,5,0,9,1,81,,289881,5,0,9,1,80,,289897,5,0,9,1,40,,289890,5,0,9,1,80,,289882,5,0,9,1,80,,289898,5,0,9,1,40,,289891,5,0,9,1,80,,289883,5,0,9,1,78,,289899,5,0,9,1,44,,289892,5,0,9,1,82,,289900,5,0,9,1,84,,289893,5,0,9,1,40,,289901,5,0,9,1,83,,289894,5,0,9,1,83,,289902,5,0,9,1,83,,289895,5,0,9,1,43,,289903,5,0,9,1
1704,'H60S000S-83-S',512,,289916,5,0,9,1,29,,289907,5,0,9,1,71,,289905,5,0,9,1,32,,289917,5,0,9,1,71,,289928,5,0,9,1,32,,289908,5,0,9,1,73,,289906,5,0,9,1,33,,289918,5,0,9,1,73,,289929,5,0,9,1,77,,289909,5,0,9,1,38,,289919,5,0,9,1,78,,289930,5,0,9,1,38,,289910,5,0,9,1,78,,289920,5,0,9,1,78,,289931,5,0,9,1,37,,289911,5,0,9,1,76,,289921,5,0,9,1,32,,289934,5,0,9,1,73,,289932,5,0,9,1,73,,289912,5,0,9,1,33,,289922,5,0,9,1,73,,289935,5,0,9,1,33,,289933,5,0,9,1,72,,289913,5,0,9,1,33,,289923,5,0,9,1,72,,289936,5,0,9,1,34,,289914,5,0,9,1,72,,289924,5,0,9,1,30,,289937,5,0,9,1,70,,289915,5,0,9,1,32,,289925,5,0,9,1,82,,289938,5,0,9,1,85,,289926,5,0,9,1,77,,289939,5,0,9,1,44,,289927,5,0,9,1
1704,'H60S100F-80-F1',512,,289940,5,0,9,1,29,,289969,5,0,9,1,70,,289949,5,0,9,1,34,,289941,5,0,9,1,84,,289950,5,0,9,1,75,,289942,5,0,9,1,44,,289951,5,0,9,1,82,,289943,5,0,9,1,85,,289952,5,0,9,1,43,,289944,5,0,9,1,86,,289953,5,0,9,1,85,,289945,5,0,9,1,76,,289961,5,0,9,1,43,,289954,5,0,9,1,81,,289946,5,0,9,1,80,,289962,5,0,9,1,40,,289955,5,0,9,1,80,,289947,5,0,9,1,80,,289963,5,0,9,1,40,,289956,5,0,9,1,80,,289948,5,0,9,1,78,,289964,5,0,9,1,44,,289957,5,0,9,1,82,,289965,5,0,9,1,84,,289958,5,0,9,1,40,,289966,5,0,9,1,83,,289959,5,0,9,1,83,,289967,5,0,9,1,83,,289960,5,0,9,1,43,,289968,5,0,9,1
1704,'H60S200F-80-F2',512,,289970,5,0,9,1,29,,289999,5,0,9,1,70,,289979,5,0,9,1,34,,289971,5,0,9,1,84,,289980,5,0,9,1,75,,289972,5,0,9,1,44,,289981,5,0,9,1,82,,289973,5,0,9,1,85,,289982,5,0,9,1,43,,289974,5,0,9,1,86,,289983,5,0,9,1,85,,289975,5,0,9,1,76,,289991,5,0,9,1,43,,289984,5,0,9,1,81,,289976,5,0,9,1,80,,289992,5,0,9,1,40,,289985,5,0,9,1,80,,289977,5,0,9,1,80,,289993,5,0,9,1,40,,289986,5,0,9,1,80,,289978,5,0,9,1,78,,289994,5,0,9,1,44,,289987,5,0,9,1,82,,289995,5,0,9,1,84,,289988,5,0,9,1,40,,289996,5,0,9,1,83,,289989,5,0,9,1,83,,289997,5,0,9,1,83,,289990,5,0,9,1,43,,289998,5,0,9,1
7302,'H60S000S-83-S',538,,308854,2,0,10,1,85,,308855,2,0,10,1,31,,308856,2,0,10,1,72,,308857,2,0,10,1,76,,308858,2,0,10,1,34,,308859,2,0,10,1,619,,308860,2,0,10,1,73,,308861,2,0,10,1,74,,308862,2,0,10,1,34,,308863,2,0,10,1,74,,308864,2,0,10,1,33,,308865,2,0,10,1,74,,308866,2,0,10,1
20202,'H60S000A-80-A',619,,340240,10,0,10,1,23,,340252,10,0,10,2,59,,340257,10,0,10,1,17,,340239,10,0,10,1,18,,340261,10,0,10,2,22,,340229,10,0,10,1,66,,340241,10,0,10,1,31,,340254,10,0,10,1,73,,340258,10,0,10,1,30,,340250,10,0,10,1,69,,340230,10,0,10,1,27,,340242,10,0,10,1,72,,340255,10,0,10,1,33,,340259,10,0,10,1,72,,340251,10,0,10,1,71,,340231,10,0,10,1,24,,340243,10,0,10,1,20,,340237,10,0,10,1,64,,340264,10,0,10,1,28,,340260,10,0,10,1,63,,340236,10,0,10,1,22,,340256,10,0,10,1,22,,340232,10,0,10,1,65,,340244,10,0,10,1,25,,340238,10,0,10,1,67,,340265,10,0,10,1,25,,340247,10,0,10,2,21,,340268,10,0,10,1,62,,340262,10,0,10,2,22,,340233,10,0,10,1,27,,340245,10,0,10,1,71,,340266,10,0,10,1,71,,340248,10,0,10,2,30,,340269,10,0,10,1,69,,340234,10,0,10,1,29,,340246,10,0,10,1,29,,340267,10,0,10,1,68,,340249,10,0,10,2,29,,340270,10,0,10,1,68,,340235,10,0,10,1,28,,340253,10,0,10,2,68,,340263,10,0,10,1
20202,'H60S000I-81-I',619,,340274,10,0,10,1,27,,340275,10,0,10,1,69,,340271,10,0,10,1,31,,340293,10,0,10,1,72,,340286,10,0,10,1,31,,340296,10,0,10,1,72,,340304,10,0,10,1,32,,340306,10,0,10,1,73,,340294,10,0,10,1,74,,340287,10,0,10,1,32,,340297,10,0,10,1,70,,340305,10,0,10,1,31,,340307,10,0,10,1,70,,340295,10,0,10,1,31,,340288,10,0,10,1,70,,340298,10,0,10,1,32,,340276,10,0,10,1,70,,340281,10,0,10,1,33,,340291,10,0,10,1,73,,340289,10,0,10,1,29,,340299,10,0,10,1,72,,340277,10,0,10,1,30,,340282,10,0,10,1,70,,340292,10,0,10,1,33,,340290,10,0,10,1,72,,340300,10,0,10,1,32,,340278,10,0,10,1,68,,340283,10,0,10,1,28,,340272,10,0,10,1,68,,340303,10,0,10,1,28,,340301,10,0,10,1,70,,340279,10,0,10,1,30,,340284,10,0,10,1,70,,340285,10,0,10,1,29,,340273,10,0,10,1,68,,340302,10,0,10,1,28,,340280,10,0,10,1
20202,'H60S000S-83-S',559,,340325,10,0,10,1,70,,340329,10,0,10,1,73,,340315,10,0,10,1,30,,340318,10,0,10,1,72,,340322,10,0,10,1,31,,340308,10,0,10,1,70,,340326,10,0,10,1,30,,340330,10,0,10,1,68,,340316,10,0,10,1,30,,340319,10,0,10,1,21,,340323,10,0,10,1,58,,340314,10,0,10,1,21,,340309,10,0,10,1,23,,340327,10,0,10,1,64,,340331,10,0,10,1,24,,340317,10,0,10,1,57,,340336,10,0,10,1,16,,340320,10,0,10,1,19,,340337,10,0,10,1,64,,340324,10,0,10,1,24,,340310,10,0,10,1,23,,340328,10,0,10,1,59,,340341,10,0,10,2,19,,340332,10,0,10,1,17,,340346,10,0,10,1,16,,340342,10,0,10,2,58,,340321,10,0,10,1,21,,340338,10,0,10,1,66,,340348,10,0,10,1,32,,340311,10,0,10,1,72,,340349,10,0,10,1,30,,340333,10,0,10,1,72,,340343,10,0,10,2,28,,340339,10,0,10,1,63,,340347,10,0,10,1,24,,340312,10,0,10,1,28,,340350,10,0,10,1,70,,340334,10,0,10,1,29,,340344,10,0,10,2,70,,340340,10,0,10,1,32,,340313,10,0,10,1,71,,340351,10,0,10,1,30,,340335,10,0,10,1,70,,340345,10,0,10,2
20202,'H60S100F-80-F1',619,,340357,10,0,10,1,27,,340362,10,0,10,1,69,,340352,10,0,10,1,31,,340376,10,0,10,2,72,,340373,10,0,10,1,31,,340377,10,0,10,2,72,,340380,10,0,10,1,32,,340378,10,0,10,1,73,,340353,10,0,10,1,74,,340358,10,0,10,2,32,,340363,10,0,10,1,70,,340374,10,0,10,1,31,,340379,10,0,10,1,70,,340354,10,0,10,1,31,,340359,10,0,10,2,70,,340364,10,0,10,1,32,,340381,10,0,10,1,70,,340369,10,0,10,2,33,,340375,10,0,10,1,73,,340360,10,0,10,2,29,,340365,10,0,10,1,72,,340382,10,0,10,1,30,,340370,10,0,10,2,70,,340386,10,0,10,1,33,,340361,10,0,10,2,72,,340366,10,0,10,1,32,,340383,10,0,10,1,68,,340371,10,0,10,2,28,,340355,10,0,10,1,68,,340387,10,0,10,2,28,,340367,10,0,10,1,70,,340384,10,0,10,1,30,,340372,10,0,10,2,70,,340356,10,0,10,1,29,,340388,10,0,10,2,68,,340368,10,0,10,1,28,,340385,10,0,10,1
20202,'H60S200F-80-F2',619,,340394,10,0,10,1,27,,340399,10,0,10,1,69,,340389,10,0,10,1,31,,340413,10,0,10,2,72,,340410,10,0,10,1,31,,340414,10,0,10,2,72,,340417,10,0,10,1,32,,340415,10,0,10,1,73,,340390,10,0,10,1,74,,340395,10,0,10,2,32,,340400,10,0,10,1,70,,340411,10,0,10,1,31,,340416,10,0,10,1,70,,340391,10,0,10,1,31,,340396,10,0,10,2,70,,340401,10,0,10,1,32,,340418,10,0,10,1,70,,340406,10,0,10,2,33,,340412,10,0,10,1,73,,340397,10,0,10,2,29,,340402,10,0,10,1,72,,340419,10,0,10,1,30,,340407,10,0,10,2,70,,340423,10,0,10,1,33,,340398,10,0,10,2,72,,340403,10,0,10,1,32,,340420,10,0,10,1,68,,340408,10,0,10,2,28,,340392,10,0,10,1,68,,340424,10,0,10,2,28,,340404,10,0,10,1,70,,340421,10,0,10,1,30,,340409,10,0,10,2,70,,340393,10,0,10,1,29,,340425,10,0,10,2,68,,340405,10,0,10,1,28,,340422,10,0,10,1
37104,'H50S000A-82-A',2545,,347115,26,0,9,2,70,,347120,26,0,9,1,30,,347117,26,0,9,2,70,,347119,26,0,9,1,30,,347116,26,0,9,2,70,,347121,26,0,9,1,30,,347118,26,0,9,2
37104,'H50S000I-82-I',2545,,347123,26,0,9,2,70,,347127,26,0,9,1,30,,347125,26,0,9,2,70,,347122,26,0,9,2,30,,347124,26,0,9,2,70,,347128,26,0,9,1,30,,347126,26,0,9,2
37104,'H50S000S-82-S',2547,,347132,26,0,9,2,70,,347134,26,0,9,1,30,,347130,26,0,9,2,70,,347129,26,0,9,1,28,,347133,26,0,9,2,70,,347135,26,0,9,1,30,,347131,26,0,9,2
37104,'H50S100F-80-F1',2545,,347137,26,0,9,2,70,,347141,26,0,9,1,30,,347139,26,0,9,2,70,,347136,26,0,9,2,30,,347138,26,0,9,2,70,,347142,26,0,9,1,30,,347140,26,0,9,2
37104,'H50S200F-80-F2',2545,,347144,26,0,9,2,70,,347148,26,0,9,1,30,,347146,26,0,9,2,70,,347143,26,0,9,2,30,,347145,26,0,9,2,70,,347149,26,0,9,1,30,,347147,26,0,9,2
37802,'H60S000A-80-A',2648,,347278,42,0,10,1,94,,347276,42,0,10,1,88,,347277,42,0,10,1
37802,'H60S000I-81-I',2647,,347280,42,0,10,1,91,,347281,42,0,10,1,90,,347279,42,0,10,1
37802,'H60S000S-83-S',2647,,347283,42,0,10,1,89,,347282,42,0,10,1,99,,347284,42,0,10,1
37802,'H60S100F-80-F1',2647,,347285,42,0,10,1,91,,347287,42,0,10,1,90,,347286,42,0,10,1
37802,'H60S200F-80-F2',2647,,347288,42,0,10,1,91,,347290,42,0,10,1,90,,347289,42,0,10,1
38201,'H60S000A-80-A',2648,,347353,92,0,5,1,85,,347355,92,0,5,1,85,,347354,92,0,5,1,85,,347356,92,0,5,1
38201,'H60S000I-81-I',2648,,347357,92,0,5,1,85,,347360,92,0,5,1,85,,347359,92,0,5,1,85,,347358,92,0,5,1
38201,'H60S000S-83-S',2640,,347362,92,0,5,1,91,,347363,92,0,5,1,85,,347361,92,0,5,2,89,,347364,92,0,5,1
38201,'H60S100F-80-F1',2648,,347366,92,0,5,2,85,,347368,92,0,5,1,85,,347367,92,0,5,1,85,,347365,92,0,5,1
38201,'H60S200F-80-F2',2648,,347370,92,0,5,2,85,,347372,92,0,5,1,85,,347371,92,0,5,1,85,,347369,92,0,5,1
