8602,'H54S000A-80-A',514,,311151,33,0,10,1,34,,311159,33,0,10,2,74,,311166,33,0,10,2,32,,311178,33,0,10,1,72,,311172,33,0,10,2,32,,311152,33,0,10,1,72,,311160,33,0,10,2,74,,311167,33,0,10,2,33,,311179,33,0,10,1,73,,311173,33,0,10,2,33,,311153,33,0,10,1,73,,311161,33,0,10,2,33,,311168,33,0,10,2,73,,311180,33,0,10,1,33,,311174,33,0,10,2,74,,311154,33,0,10,1,73,,311162,33,0,10,2,33,,311169,33,0,10,2,72,,311181,33,0,10,1,33,,311175,33,0,10,2,73,,311155,33,0,10,1,33,,311163,33,0,10,2,72,,311170,33,0,10,2,33,,311182,33,0,10,1,73,,311176,33,0,10,2,33,,311156,33,0,10,1,73,,311164,33,0,10,2,72,,311171,33,0,10,2,33,,311183,33,0,10,1,72,,311177,33,0,10,2,31,,311157,33,0,10,1,70,,311165,33,0,10,2,29,,311186,33,0,10,2,70,,311184,33,0,10,1,30,,311188,33,0,10,1,72,,311158,33,0,10,1,32,,311150,33,0,10,1,72,,311187,33,0,10,2,29,,311185,33,0,10,1
8602,'H54S000I-80-I',508,,311211,33,0,10,2,31,,311192,33,0,10,1,73,,311198,33,0,10,2,33,,311219,33,0,10,1,73,,311212,33,0,10,2,33,,311193,33,0,10,1,73,,311199,33,0,10,2,31,,311206,33,0,10,1,73,,311220,33,0,10,1,73,,311213,33,0,10,2,33,,311194,33,0,10,1,73,,311200,33,0,10,2,34,,311207,33,0,10,1,73,,311221,33,0,10,1,33,,311214,33,0,10,2,72,,311195,33,0,10,1,32,,311201,33,0,10,2,72,,311208,33,0,10,1,32,,311222,33,0,10,1,72,,311215,33,0,10,2,32,,311196,33,0,10,1,73,,311202,33,0,10,2,72,,311209,33,0,10,1,33,,311223,33,0,10,1,73,,311216,33,0,10,2,33,,311197,33,0,10,1,71,,311203,33,0,10,2,32,,311210,33,0,10,1,71,,311224,33,0,10,1,31,,311217,33,0,10,2,71,,311225,33,0,10,1,31,,311204,33,0,10,2,71,,311191,33,0,10,1,29,,311189,33,0,10,1,69,,311218,33,0,10,2,29,,311226,33,0,10,1,68,,311205,33,0,10,2,30,,311227,33,0,10,1,72,,311190,33,0,10,1
8602,'H54S000S-80-S',517,,311228,33,0,10,2,28,,311235,33,0,10,2,69,,311236,33,0,10,2,33,,311259,33,0,10,1,73,,311243,33,0,10,1,32,,311229,33,0,10,2,72,,311263,33,0,10,1,31,,311237,33,0,10,2,73,,311260,33,0,10,1,30,,311244,33,0,10,1,69,,311230,33,0,10,2,29,,311264,33,0,10,1,70,,311238,33,0,10,2,32,,311261,33,0,10,1,69,,311250,33,0,10,2,28,,311245,33,0,10,1,68,,311231,33,0,10,2,28,,311265,33,0,10,1,68,,311239,33,0,10,2,28,,311262,33,0,10,1,73,,311251,33,0,10,2,32,,311246,33,0,10,1,72,,311232,33,0,10,2,31,,311266,33,0,10,1,68,,311240,33,0,10,2,32,,311255,33,0,10,1,70,,311252,33,0,10,2,30,,311247,33,0,10,1,70,,311233,33,0,10,2,28,,311241,33,0,10,2,69,,311256,33,0,10,1,29,,311253,33,0,10,2,69,,311248,33,0,10,1,29,,311234,33,0,10,2,69,,311242,33,0,10,2,28,,311257,33,0,10,1,70,,311254,33,0,10,2,30,,311249,33,0,10,1,70,,311268,33,0,10,1,30,,311267,33,0,10,2,70,,311258,33,0,10,1
8602,'H54S100F-80-F1',508,,311291,33,0,10,2,31,,311272,33,0,10,1,73,,311278,33,0,10,2,33,,311299,33,0,10,1,73,,311292,33,0,10,2,33,,311273,33,0,10,1,73,,311279,33,0,10,2,31,,311286,33,0,10,1,73,,311300,33,0,10,1,73,,311293,33,0,10,2,33,,311274,33,0,10,1,73,,311280,33,0,10,2,34,,311287,33,0,10,1,73,,311301,33,0,10,1,33,,311294,33,0,10,2,72,,311275,33,0,10,1,32,,311281,33,0,10,2,72,,311288,33,0,10,1,32,,311302,33,0,10,1,72,,311295,33,0,10,2,32,,311276,33,0,10,1,73,,311282,33,0,10,2,72,,311289,33,0,10,1,33,,311303,33,0,10,1,73,,311296,33,0,10,2,33,,311277,33,0,10,1,71,,311283,33,0,10,2,32,,311290,33,0,10,1,71,,311304,33,0,10,1,31,,311297,33,0,10,2,71,,311305,33,0,10,1,31,,311284,33,0,10,2,71,,311271,33,0,10,1,29,,311269,33,0,10,1,69,,311298,33,0,10,2,29,,311306,33,0,10,1,68,,311285,33,0,10,2,30,,311307,33,0,10,1,72,,311270,33,0,10,1
8602,'H54S200F-80-F2',508,,311330,33,0,10,2,31,,311311,33,0,10,1,73,,311317,33,0,10,2,33,,311338,33,0,10,1,73,,311331,33,0,10,2,33,,311312,33,0,10,1,73,,311318,33,0,10,2,31,,311325,33,0,10,1,73,,311339,33,0,10,1,73,,311332,33,0,10,2,33,,311313,33,0,10,1,73,,311319,33,0,10,2,34,,311326,33,0,10,1,73,,311340,33,0,10,1,33,,311333,33,0,10,2,72,,311314,33,0,10,1,32,,311320,33,0,10,2,72,,311327,33,0,10,1,32,,311341,33,0,10,1,72,,311334,33,0,10,2,32,,311315,33,0,10,1,73,,311321,33,0,10,2,72,,311328,33,0,10,1,33,,311342,33,0,10,1,73,,311335,33,0,10,2,33,,311316,33,0,10,1,71,,311322,33,0,10,2,32,,311329,33,0,10,1,71,,311343,33,0,10,1,31,,311336,33,0,10,2,71,,311344,33,0,10,1,31,,311323,33,0,10,2,71,,311310,33,0,10,1,29,,311308,33,0,10,1,69,,311337,33,0,10,2,29,,311345,33,0,10,1,68,,311324,33,0,10,2,30,,311346,33,0,10,1,72,,311309,33,0,10,1
18902,'H54S000A-80-A',448,,336554,20,0,10,1,68,,336571,20,0,10,1,29,,336590,20,0,10,1,68,,336555,20,0,10,1,28,,336572,20,0,10,1,67,,336591,20,0,10,1,26,,336556,20,0,10,1,66,,336573,20,0,10,1,21,,336541,20,0,10,1,21,,336592,20,0,10,1,61,,336561,20,0,10,1,20,,336566,20,0,10,1,18,,336542,20,0,10,1,17,,336562,20,0,10,1,57,,336593,20,0,10,1,15,,336565,20,0,10,1,16,,336567,20,0,10,1,58,,336574,20,0,10,1,20,,336543,20,0,10,1,20,,336579,20,0,10,1,60,,336550,20,0,10,2,20,,336568,20,0,10,1,19,,336575,20,0,10,1,59,,336545,20,0,10,1,18,,336580,20,0,10,1,18,,336551,20,0,10,2,19,,336569,20,0,10,1,59,,336576,20,0,10,1,18,,336546,20,0,10,1,18,,336581,20,0,10,1,58,,336552,20,0,10,2,18,,336570,20,0,10,1,19,,336577,20,0,10,1,65,,336547,20,0,10,1,29,,336553,20,0,10,2,70,,336578,20,0,10,1,30,,336582,20,0,10,1,65,,336585,20,0,10,1,25,,336544,20,0,10,2,25,,336564,20,0,10,1,67,,336557,20,0,10,1,27,,336586,20,0,10,1,68,,336583,20,0,10,1,30,,336558,20,0,10,1,71,,336587,20,0,10,1,30,,336584,20,0,10,1,69,,336559,20,0,10,1,30,,336548,20,0,10,2,70,,336588,20,0,10,1,29,,336560,20,0,10,1,70,,336549,20,0,10,2,30,,336563,20,0,10,2,68,,336589,20,0,10,1
18902,'H54S000I-80-I',447,,336596,20,0,10,1,69,,336602,20,0,10,2,31,,336614,20,0,10,1,68,,336597,20,0,10,1,29,,336603,20,0,10,2,69,,336615,20,0,10,1,29,,336598,20,0,10,1,69,,336604,20,0,10,2,29,,336616,20,0,10,1,69,,336599,20,0,10,1,29,,336605,20,0,10,2,69,,336617,20,0,10,1,29,,336600,20,0,10,1,69,,336618,20,0,10,1,19,,336606,20,0,10,2,19,,336628,20,0,10,2,59,,336607,20,0,10,1,20,,336601,20,0,10,1,20,,336619,20,0,10,1,60,,336595,20,0,10,2,19,,336629,20,0,10,2,19,,336630,20,0,10,1,61,,336594,20,0,10,2,22,,336620,20,0,10,1,25,,336608,20,0,10,2,71,,336631,20,0,10,1,32,,336621,20,0,10,1,71,,336609,20,0,10,2,30,,336632,20,0,10,1,71,,336622,20,0,10,1,31,,336610,20,0,10,2,71,,336633,20,0,10,1,32,,336623,20,0,10,1,71,,336611,20,0,10,2,29,,336634,20,0,10,1,69,,336624,20,0,10,1,29,,336612,20,0,10,2,70,,336635,20,0,10,1,30,,336625,20,0,10,1,70,,336613,20,0,10,2,30,,336636,20,0,10,1,70,,336626,20,0,10,1,29,,336638,20,0,10,2,70,,336637,20,0,10,1,25,,336627,20,0,10,1
18902,'H54S000S-80-S',449,,336649,20,0,10,1,55,,336642,20,0,10,2,15,,336658,20,0,10,2,16,,336639,20,0,10,1,15,,336643,20,0,10,1,54,,336650,20,0,10,1,9,,336660,20,0,10,2,8,,336678,20,0,10,2,8,,336644,20,0,10,1,11,,336659,20,0,10,2,4,,336662,20,0,10,2,6,,336647,20,0,10,2,9,,336677,20,0,10,2,45,,336669,20,0,10,2,5,,336640,20,0,10,1,8,,336676,20,0,10,2,6,,336645,20,0,10,2,6,,336680,20,0,10,2,7,,336681,20,0,10,2,7,,336661,20,0,10,2,6,,336682,20,0,10,2,9,,336683,20,0,10,2,53,,336684,20,0,10,2,14,,336663,20,0,10,2,16,,336664,20,0,10,2,60,,336653,20,0,10,1,22,,336671,20,0,10,2,22,,336685,20,0,10,2,58,,336641,20,0,10,2,17,,336665,20,0,10,2,17,,336654,20,0,10,1,18,,336686,20,0,10,2,58,,336672,20,0,10,2,18,,336666,20,0,10,2,19,,336689,20,0,10,1,59,,336655,20,0,10,1,21,,336687,20,0,10,2,20,,336673,20,0,10,2,59,,336667,20,0,10,2,18,,336690,20,0,10,1,18,,336656,20,0,10,1,59,,336688,20,0,10,2,19,,336674,20,0,10,2,18,,336668,20,0,10,2,59,,336691,20,0,10,1,21,,336657,20,0,10,1,22,,336692,20,0,10,2,63,,336675,20,0,10,2,26,,336705,20,0,10,1,70,,336648,20,0,10,1,30,,336693,20,0,10,2,70,,336698,20,0,10,2,26,,336704,20,0,10,2,28,,336699,20,0,10,1,69,,336706,20,0,10,1,28,,336694,20,0,10,2,70,,336700,20,0,10,1,29,,336708,20,0,10,1,70,,336695,20,0,10,2,30,,336701,20,0,10,1,70,,336709,20,0,10,1,31,,336696,20,0,10,2,71,,336702,20,0,10,1,31,,336707,20,0,10,1,69,,336697,20,0,10,2,24,,336703,20,0,10,1
18902,'H54S100F-80-F1',447,,336712,20,0,10,1,69,,336718,20,0,10,2,31,,336730,20,0,10,1,68,,336713,20,0,10,1,29,,336719,20,0,10,2,69,,336731,20,0,10,1,29,,336714,20,0,10,1,69,,336720,20,0,10,2,29,,336732,20,0,10,1,69,,336715,20,0,10,1,29,,336721,20,0,10,2,69,,336733,20,0,10,1,29,,336716,20,0,10,1,69,,336734,20,0,10,1,19,,336722,20,0,10,2,19,,336744,20,0,10,2,59,,336723,20,0,10,1,20,,336717,20,0,10,1,20,,336735,20,0,10,1,60,,336711,20,0,10,2,19,,336745,20,0,10,2,19,,336746,20,0,10,1,61,,336710,20,0,10,2,22,,336736,20,0,10,1,25,,336724,20,0,10,2,71,,336747,20,0,10,1,32,,336737,20,0,10,1,71,,336725,20,0,10,2,30,,336748,20,0,10,1,71,,336738,20,0,10,1,31,,336726,20,0,10,2,71,,336749,20,0,10,1,32,,336739,20,0,10,1,71,,336727,20,0,10,2,29,,336750,20,0,10,1,69,,336740,20,0,10,1,29,,336728,20,0,10,2,70,,336751,20,0,10,1,30,,336741,20,0,10,1,70,,336729,20,0,10,2,30,,336752,20,0,10,1,70,,336742,20,0,10,1,29,,336754,20,0,10,2,70,,336753,20,0,10,1,25,,336743,20,0,10,1
18902,'H54S200F-80-F2',447,,336757,20,0,10,1,69,,336763,20,0,10,2,31,,336775,20,0,10,1,68,,336758,20,0,10,1,29,,336764,20,0,10,2,69,,336776,20,0,10,1,29,,336759,20,0,10,1,69,,336765,20,0,10,2,29,,336777,20,0,10,1,69,,336760,20,0,10,1,29,,336766,20,0,10,2,69,,336778,20,0,10,1,29,,336761,20,0,10,1,69,,336779,20,0,10,1,19,,336767,20,0,10,2,19,,336789,20,0,10,2,59,,336768,20,0,10,1,20,,336762,20,0,10,1,20,,336780,20,0,10,1,60,,336756,20,0,10,2,19,,336790,20,0,10,2,19,,336791,20,0,10,1,61,,336755,20,0,10,2,22,,336781,20,0,10,1,25,,336769,20,0,10,2,71,,336792,20,0,10,1,32,,336782,20,0,10,1,71,,336770,20,0,10,2,30,,336793,20,0,10,1,71,,336783,20,0,10,1,31,,336771,20,0,10,2,71,,336794,20,0,10,1,32,,336784,20,0,10,1,71,,336772,20,0,10,2,29,,336795,20,0,10,1,69,,336785,20,0,10,1,29,,336773,20,0,10,2,70,,336796,20,0,10,1,30,,336786,20,0,10,1,70,,336774,20,0,10,2,30,,336797,20,0,10,1,70,,336787,20,0,10,1,29,,336799,20,0,10,2,70,,336798,20,0,10,1,25,,336788,20,0,10,1
41002,'H57S000S-80-S',557,,347403,18,0,10,1,90,,347404,18,0,10,2,66,,347405,18,0,10,2,27,,347406,18,0,10,1,68,,347408,18,0,10,2,28,,347407,18,0,10,1
41002,'H59S000S-80-S',621,,347409,18,0,10,2,281,,347410,18,0,10,2
