2402,'H59S000A-80-A',546,,291917,19,0,10,1,69,,291924,19,0,10,1,32,,291905,19,0,10,1,70,,291918,19,0,10,1,31,,291925,19,0,10,1,69,,291906,19,0,10,1,23,,291930,19,0,10,1,19,,291919,19,0,10,1,57,,291935,19,0,10,2,17,,291926,19,0,10,1,17,,291940,19,0,10,1,57,,291907,19,0,10,1,17,,291911,19,0,10,1,17,,291931,19,0,10,1,18,,291920,19,0,10,1,58,,291948,19,0,10,2,17,,291927,19,0,10,1,16,,291941,19,0,10,1,56,,291932,19,0,10,1,15,,291908,19,0,10,1,15,,291936,19,0,10,2,14,,291912,19,0,10,1,54,,291921,19,0,10,1,14,,291915,19,0,10,1,14,,291949,19,0,10,2,14,,291928,19,0,10,1,13,,291909,19,0,10,1,52,,291942,19,0,10,1,12,,291950,19,0,10,2,11,,291933,19,0,10,1,12,,291937,19,0,10,2,12,,291951,19,0,10,1,52,,291913,19,0,10,1,13,,291922,19,0,10,1,16,,291916,19,0,10,1,17,,291929,19,0,10,1,56,,291910,19,0,10,1,16,,291943,19,0,10,1,15,,291934,19,0,10,1,14,,291938,19,0,10,2,53,,291952,19,0,10,1,14,,291914,19,0,10,1,15,,291957,19,0,10,1,14,,291962,19,0,10,1,57,,291965,19,0,10,1,18,,291968,19,0,10,2,17,,291944,19,0,10,1,55,,291939,19,0,10,2,17,,291953,19,0,10,1,19,,291958,19,0,10,1,18,,291963,19,0,10,1,60,,291966,19,0,10,1,20,,291969,19,0,10,2,20,,291945,19,0,10,1,61,,291954,19,0,10,1,19,,291959,19,0,10,1,22,,291964,19,0,10,1,63,,291967,19,0,10,1,24,,291946,19,0,10,1,65,,291955,19,0,10,1,25,,291960,19,0,10,1,25,,291970,19,0,10,2,64,,291947,19,0,10,1,31,,291956,19,0,10,1,70,,291961,19,0,10,1,31,,291923,19,0,10,1
2402,'H59S000I-81-I',547,,291978,19,0,10,1,71,,291971,19,0,10,1,31,,291996,19,0,10,1,70,,291979,19,0,10,1,32,,291972,19,0,10,1,70,,291997,19,0,10,1,31,,291980,19,0,10,1,68,,291999,19,0,10,1,23,,291973,19,0,10,1,59,,291998,19,0,10,1,20,,292004,19,0,10,1,20,,291981,19,0,10,1,61,,292008,19,0,10,1,21,,292000,19,0,10,1,21,,291974,19,0,10,1,60,,292010,19,0,10,2,16,,292005,19,0,10,1,16,,292012,19,0,10,2,14,,291982,19,0,10,1,53,,292014,19,0,10,1,12,,292009,19,0,10,1,14,,292011,19,0,10,2,14,,292001,19,0,10,1,15,,291975,19,0,10,1,57,,292006,19,0,10,1,15,,291989,19,0,10,1,15,,292013,19,0,10,2,54,,291983,19,0,10,1,14,,292015,19,0,10,1,14,,292017,19,0,10,2,15,,292002,19,0,10,1,16,,291976,19,0,10,1,58,,292007,19,0,10,1,19,,291990,19,0,10,1,21,,291984,19,0,10,1,59,,292016,19,0,10,1,25,,292003,19,0,10,1,64,,291977,19,0,10,1,27,,291991,19,0,10,1,24,,291985,19,0,10,1,65,,292018,19,0,10,1,30,,292022,19,0,10,2,69,,291992,19,0,10,1,29,,291986,19,0,10,1,69,,292019,19,0,10,1,27,,292023,19,0,10,2,69,,291993,19,0,10,1,30,,291987,19,0,10,1,71,,292020,19,0,10,1,31,,291994,19,0,10,1,70,,291988,19,0,10,1,29,,292021,19,0,10,1,66,,291995,19,0,10,1
2402,'H59S000S-80-S',530,,292030,19,0,10,1,70,,292040,19,0,10,1,32,,292024,19,0,10,1,14,,292057,19,0,10,1,13,,292074,19,0,10,1,52,,292031,19,0,10,1,11,,292033,19,0,10,1,8,,292092,19,0,10,1,10,,292097,19,0,10,1,5,,292041,19,0,10,1,10,,292100,19,0,10,1,45,,292059,19,0,10,1,12,,292101,19,0,10,1,6,,292056,19,0,10,2,6,,292069,19,0,10,1,12,,292099,19,0,10,2,6,,292058,19,0,10,1,5,,292091,19,0,10,2,5,,292047,19,0,10,1,5,,292068,19,0,10,2,46,,292081,19,0,10,1,7,,292075,19,0,10,1,7,,292026,19,0,10,1,12,,292090,19,0,10,2,10,,292034,19,0,10,1,10,,292093,19,0,10,1,51,,292042,19,0,10,1,11,,292060,19,0,10,1,11,,292102,19,0,10,1,12,,292070,19,0,10,1,12,,292048,19,0,10,1,12,,292082,19,0,10,1,52,,292076,19,0,10,1,12,,292124,19,0,10,1,12,,292027,19,0,10,1,12,,292035,19,0,10,1,11,,292094,19,0,10,1,52,,292043,19,0,10,1,11,,292061,19,0,10,1,12,,292103,19,0,10,1,12,,292071,19,0,10,1,12,,292049,19,0,10,1,51,,292083,19,0,10,1,12,,292077,19,0,10,1,12,,292125,19,0,10,1,12,,292028,19,0,10,1,12,,292036,19,0,10,1,52,,292095,19,0,10,1,12,,292044,19,0,10,1,12,,292062,19,0,10,1,11,,292104,19,0,10,1,10,,292072,19,0,10,1,49,,292105,19,0,10,1,12,,292050,19,0,10,1,12,,292084,19,0,10,1,12,,292078,19,0,10,1,12,,292107,19,0,10,2,8,,292029,19,0,10,1,48,,292116,19,0,10,2,12,,292113,19,0,10,2,6,,292096,19,0,10,1,12,,292045,19,0,10,1,7,,292112,19,0,10,1,8,,292063,19,0,10,1,50,,292038,19,0,10,1,11,,292119,19,0,10,2,7,,292106,19,0,10,1,8,,292114,19,0,10,1,8,,292110,19,0,10,2,9,,292051,19,0,10,1,10,,292109,19,0,10,2,52,,292079,19,0,10,1,11,,292126,19,0,10,1,11,,292117,19,0,10,2,11,,292086,19,0,10,1,12,,292108,19,0,10,2,52,,292064,19,0,10,1,10,,292039,19,0,10,1,11,,292120,19,0,10,2,11,,292115,19,0,10,1,12,,292111,19,0,10,2,12,,292052,19,0,10,1,51,,292080,19,0,10,1,20,,292087,19,0,10,1,25,,292065,19,0,10,1,68,,292121,19,0,10,2,28,,292053,19,0,10,1,70,,292088,19,0,10,1,30,,292066,19,0,10,1,69,,292122,19,0,10,2,30,,292054,19,0,10,1,71,,292089,19,0,10,1,25,,292067,19,0,10,1,67,,292123,19,0,10,2
2402,'H59S100F-80-F1',547,,292134,19,0,10,1,71,,292127,19,0,10,1,31,,292177,19,0,10,1,70,,292135,19,0,10,1,32,,292128,19,0,10,1,70,,292178,19,0,10,1,31,,292136,19,0,10,1,68,,292152,19,0,10,1,23,,292129,19,0,10,1,59,,292179,19,0,10,1,20,,292157,19,0,10,1,20,,292137,19,0,10,1,61,,292161,19,0,10,1,21,,292153,19,0,10,1,21,,292130,19,0,10,1,60,,292163,19,0,10,2,16,,292158,19,0,10,1,16,,292165,19,0,10,2,14,,292138,19,0,10,1,53,,292167,19,0,10,1,12,,292162,19,0,10,1,14,,292164,19,0,10,2,14,,292154,19,0,10,1,15,,292131,19,0,10,1,57,,292159,19,0,10,1,15,,292145,19,0,10,1,15,,292166,19,0,10,2,54,,292139,19,0,10,1,14,,292168,19,0,10,1,14,,292170,19,0,10,2,15,,292155,19,0,10,1,16,,292132,19,0,10,1,58,,292160,19,0,10,1,19,,292146,19,0,10,1,21,,292140,19,0,10,1,59,,292169,19,0,10,1,25,,292156,19,0,10,1,64,,292133,19,0,10,1,27,,292147,19,0,10,1,24,,292141,19,0,10,1,65,,292171,19,0,10,1,30,,292175,19,0,10,2,69,,292148,19,0,10,1,29,,292142,19,0,10,1,69,,292172,19,0,10,1,27,,292176,19,0,10,2,69,,292149,19,0,10,1,30,,292143,19,0,10,1,71,,292173,19,0,10,1,31,,292150,19,0,10,1,70,,292144,19,0,10,1,29,,292174,19,0,10,1,66,,292151,19,0,10,1
2402,'H59S200F-80-F2',547,,292187,19,0,10,1,71,,292180,19,0,10,1,31,,292230,19,0,10,1,70,,292188,19,0,10,1,32,,292181,19,0,10,1,70,,292231,19,0,10,1,31,,292189,19,0,10,1,68,,292205,19,0,10,1,23,,292182,19,0,10,1,59,,292232,19,0,10,1,20,,292210,19,0,10,1,20,,292190,19,0,10,1,61,,292214,19,0,10,1,21,,292206,19,0,10,1,21,,292183,19,0,10,1,60,,292216,19,0,10,2,16,,292211,19,0,10,1,16,,292218,19,0,10,2,14,,292191,19,0,10,1,53,,292220,19,0,10,1,12,,292215,19,0,10,1,14,,292217,19,0,10,2,14,,292207,19,0,10,1,15,,292184,19,0,10,1,57,,292212,19,0,10,1,15,,292198,19,0,10,1,15,,292219,19,0,10,2,54,,292192,19,0,10,1,14,,292221,19,0,10,1,14,,292223,19,0,10,2,15,,292208,19,0,10,1,16,,292185,19,0,10,1,58,,292213,19,0,10,1,19,,292199,19,0,10,1,21,,292193,19,0,10,1,59,,292222,19,0,10,1,25,,292209,19,0,10,1,64,,292186,19,0,10,1,27,,292200,19,0,10,1,24,,292194,19,0,10,1,65,,292224,19,0,10,1,30,,292228,19,0,10,2,69,,292201,19,0,10,1,29,,292195,19,0,10,1,69,,292225,19,0,10,1,27,,292229,19,0,10,2,69,,292202,19,0,10,1,30,,292196,19,0,10,1,71,,292226,19,0,10,1,31,,292203,19,0,10,1,70,,292197,19,0,10,1,29,,292227,19,0,10,1,66,,292204,19,0,10,1
35602,'H56S000A-80-A',2517,,346236,19,0,10,2,18,,346225,19,0,10,1,14,,346232,19,0,10,1,54,,346226,19,0,10,1,14,,346227,19,0,10,2,12,,346231,19,0,10,1,12,,346224,19,0,10,1,13,,346238,19,0,10,1,53,,346230,19,0,10,1,13,,346228,19,0,10,1,13,,346229,19,0,10,1,13,,346234,19,0,10,2,13,,346233,19,0,10,2,53,,346237,19,0,10,2,13,,346235,19,0,10,1
35602,'H56S000I-80-I',2515,,346239,19,0,10,1,88,,346242,19,0,10,1,45,,346241,19,0,10,1,88,,346240,19,0,10,1,81,,346243,19,0,10,2
35602,'H56S000S-82-S',2509,,346244,19,0,10,1,46,,346249,19,0,10,2,85,,346248,19,0,10,1,67,,346246,19,0,10,2,25,,346245,19,0,10,1,25,,346247,19,0,10,2,65,,346250,19,0,10,1
35602,'H56S100F-80-F1',2515,,346251,19,0,10,1,88,,346254,19,0,10,1,45,,346253,19,0,10,1,88,,346252,19,0,10,1,81,,346255,19,0,10,2
35602,'H56S200F-80-F2',2515,,346256,19,0,10,1,88,,346259,19,0,10,1,45,,346258,19,0,10,1,88,,346257,19,0,10,1,81,,346260,19,0,10,2
