4801,'H54S000S-80-S',1809,,299530,41,0,5,2,7,,299529,41,0,5,2
4801,'H58S000A-80-A',612,,299531,45,0,99 23 3 24,1,27,,299537,41,0,5,2,72,,299539,45,0,99 23 3 24,2,28,,299547,41,0,5,1,72,,299532,45,0,99 23 3 24,1,28,,299577,41,0,5,1,66,,299540,45,0,99 23 3 24,2,21,,299590,41,0,5,1,24,,299548,45,0,99 23 3 24,1,57,,299582,41,0,5,2,23,,299555,45,0,99 23 3 24,1,13,,299533,41,0,5,2,16,,299541,41,0,5,2,59,,299571,45,0,99 23 3 24,1,12,,299561,41,0,5,2,15,,299549,41,0,5,1,57,,299592,45,0,99 23 3 24,2,12,,299583,41,0,5,2,18,,299556,45,0,99 23 3 24,1,12,,299534,41,0,5,2,59,,299542,45,0,99 23 3 24,2,11,,299596,41,0,5,2,17,,299572,45,0,99 23 3 24,1,10,,299562,41,0,5,2,12,,299550,41,0,5,1,55,,299593,45,0,99 23 3 24,2,11,,299584,41,0,5,2,17,,299557,45,0,99 23 3 24,1,9,,299535,41,0,5,2,55,,299601,45,0,99 23 3 24,1,9,,299543,41,0,5,2,16,,299597,45,0,99 23 3 24,2,10,,299603,41,0,5,2,15,,299563,45,0,99 23 3 24,2,9,,299551,41,0,5,1,53,,299567,41,0,5,2,12,,299594,41,0,5,2,15,,299585,45,0,99 23 3 24,2,8,,299558,41,0,5,1,12,,299536,41,0,5,2,56,,299544,45,0,99 23 3 24,2,10,,299598,41,0,5,2,14,,299546,45,0,99 23 3 24,1,9,,299604,41,0,5,2,10,,299552,41,0,5,1,52,,299578,45,0,99 23 3 24,1,6,,299568,41,0,5,2,12,,299595,41,0,5,2,13,,299586,41,0,5,2,13,,299573,41,0,5,1,56,,299559,45,0,99 23 3 24,1,9,,299545,41,0,5,2,13,,299599,41,0,5,2,16,,299605,45,0,99 23 3 24,2,11,,299553,41,0,5,1,58,,299579,45,0,99 23 3 24,1,11,,299580,41,0,5,2,14,,299587,41,0,5,2,58,,299574,45,0,99 23 3 24,1,12,,299560,41,0,5,1,14,,299600,41,0,5,2,18,,299606,45,0,99 23 3 24,2,11,,299554,41,0,5,1,54,,299566,41,0,5,1,17,,299581,45,0,99 23 3 24,2,17,,299588,41,0,5,2,59,,299538,41,0,5,1,24,,299565,45,0,99 23 3 24,1,16,,299607,41,0,5,2,61,,299570,45,0,99 23 3 24,1,17,,299575,41,0,5,2,19,,299589,41,0,5,2,20,,299602,45,0,99 23 3 24,1,53,,299591,41,0,5,1,19,,299564,45,0,99 23 3 24,2,13,,299608,41,0,5,2,65,,299576,45,0,99 23 3 24,2,22,,299569,41,0,5,2
4801,'H58S000I-80-I',608,,299632,41,0,5,1,21,,299609,41,0,5,1,79,,299620,45,0,99 23 3 24,1,28,,299634,41,0,5,2,75,,299633,45,0,99 23 3 24,1,28,,299610,41,0,5,2,73,,299621,45,0,99 23 3 24,1,26,,299635,41,0,5,2,72,,299644,45,0,99 23 3 24,1,17,,299631,41,0,5,2,25,,299611,45,0,99 23 3 24,2,60,,299622,41,0,5,1,25,,299636,45,0,99 23 3 24,2,18,,299657,41,0,5,1,62,,299645,45,0,99 23 3 24,1,14,,299639,41,0,5,2,21,,299612,45,0,99 23 3 24,2,55,,299623,41,0,5,1,22,,299658,45,0,99 23 3 24,2,15,,299637,41,0,5,2,61,,299662,45,0,99 23 3 24,2,15,,299646,41,0,5,1,14,,299640,41,0,5,2,18,,299613,45,0,99 23 3 24,2,52,,299624,41,0,5,1,14,,299670,41,0,5,2,18,,299659,45,0,99 23 3 24,2,12,,299638,41,0,5,2,57,,299663,45,0,99 23 3 24,2,12,,299647,41,0,5,1,18,,299641,45,0,99 23 3 24,2,12,,299614,41,0,5,2,57,,299625,45,0,99 23 3 24,1,8,,299672,41,0,5,2,11,,299671,41,0,5,2,12,,299660,45,0,99 23 3 24,2,7,,299665,41,0,5,2,10,,299674,41,0,5,2,54,,299664,45,0,99 23 3 24,2,7,,299648,41,0,5,1,11,,299616,41,0,5,2,14,,299642,45,0,99 23 3 24,2,8,,299656,41,0,5,1,10,,299675,41,0,5,2,56,,299673,45,0,99 23 3 24,2,10,,299627,41,0,5,1,15,,299661,45,0,99 23 3 24,2,9,,299666,41,0,5,2,13,,299615,41,0,5,2,57,,299649,45,0,99 23 3 24,1,11,,299617,41,0,5,2,13,,299653,41,0,5,2,17,,299626,45,0,99 23 3 24,1,50,,299643,41,0,5,1,13,,299628,41,0,5,1,18,,299619,45,0,99 23 3 24,1,11,,299667,41,0,5,2,56,,299650,41,0,5,1,21,,299618,45,0,99 23 3 24,1,15,,299654,41,0,5,2,65,,299629,41,0,5,1,30,,299668,45,0,99 23 3 24,2,22,,299651,41,0,5,1,72,,299655,45,0,99 23 3 24,2,26,,299630,41,0,5,1,73,,299669,45,0,99 23 3 24,2,29,,299652,41,0,5,1
4801,'H58S000S-83-S',545,,299689,41,0,5,1,60,,299676,41,0,5,1,23,,299679,45,0,99 23 3 24,2,14,,299680,41,0,5,2,61,,299678,41,0,5,2,24,,299710,45,0,99 23 3 24,2,15,,299719,41,0,5,2,61,,299691,45,0,99 23 3 24,1,20,,299725,41,0,5,2,24,,299728,45,0,99 23 3 24,1,60,,299740,41,0,5,2,24,,299745,45,0,99 23 3 24,1,17,,299747,41,0,5,2,65,,299692,45,0,99 23 3 24,1,19,,299707,41,0,5,1,20,,299729,41,0,5,1,62,,299741,45,0,99 23 3 24,2,17,,299711,41,0,5,2,21,,299748,45,0,99 23 3 24,2,54,,299737,41,0,5,1,18,,299693,45,0,99 23 3 24,1,13,,299708,41,0,5,1,16,,299701,45,0,99 23 3 24,2,53,,299696,41,0,5,2,17,,299742,45,0,99 23 3 24,2,13,,299712,41,0,5,2,16,,299681,45,0,99 23 3 24,1,51,,299749,41,0,5,2,14,,299738,41,0,5,1,17,,299694,45,0,99 23 3 24,1,9,,299709,41,0,5,1,12,,299752,45,0,99 23 3 24,1,48,,299702,41,0,5,2,13,,299697,45,0,99 23 3 24,2,8,,299751,41,0,5,2,10,,299743,41,0,5,2,16,,299713,45,0,99 23 3 24,2,50,,299760,41,0,5,2,12,,299682,41,0,5,1,12,,299750,45,0,99 23 3 24,2,7,,299739,41,0,5,1,6,,299684,41,0,5,2,5,,299688,41,0,5,1,5,,299695,41,0,5,1,7,,299766,45,0,99 23 3 24,2,3,,299730,41,0,5,1,45,,299700,41,0,5,2,6,,299754,41,0,5,2,6,,299703,41,0,5,2,6,,299690,41,0,5,1,9,,299720,45,0,99 23 3 24,1,7,,299698,41,0,5,2,8,,299758,41,0,5,2,5,,299744,41,0,5,2,9,,299765,45,0,99 23 3 24,2,45,,299714,41,0,5,2,18,,299761,41,0,5,2,7,,299734,45,0,99 23 3 24,1,7,,299683,41,0,5,1,9,,299685,41,0,5,2,9,,299753,45,0,99 23 3 24,1,5,,299731,41,0,5,1,48,,299767,41,0,5,2,9,,299755,41,0,5,1,11,,299704,45,0,99 23 3 24,2,9,,299721,41,0,5,1,15,,299759,45,0,99 23 3 24,2,9,,299769,41,0,5,2,51,,299715,41,0,5,2,14,,299764,45,0,99 23 3 24,1,9,,299735,41,0,5,1,12,,299746,41,0,5,1,55,,299732,45,0,99 23 3 24,1,9,,299768,41,0,5,2,13,,299756,45,0,99 23 3 24,1,9,,299722,41,0,5,1,16,,299686,45,0,99 23 3 24,2,10,,299699,41,0,5,2,57,,299716,45,0,99 23 3 24,2,11,,299736,41,0,5,1,16,,299705,45,0,99 23 3 24,1,12,,299733,41,0,5,1,55,,299717,41,0,5,1,16,,299677,45,0,99 23 3 24,1,13,,299723,41,0,5,1,17,,299687,41,0,5,2,56,,299726,41,0,5,2,16,,299763,45,0,99 23 3 24,2,11,,299706,41,0,5,1,16,,299718,41,0,5,1,58,,299757,45,0,99 23 3 24,1,13,,299724,41,0,5,1,18,,299762,45,0,99 23 3 24,2,16,,299727,41,0,5,2
4801,'H58S100F-80-F1',608,,299795,41,0,5,2,21,,299770,41,0,5,2,79,,299782,45,0,99 23 3 24,2,28,,299798,41,0,5,1,75,,299802,45,0,99 23 3 24,2,28,,299808,41,0,5,1,73,,299783,45,0,99 23 3 24,2,26,,299799,41,0,5,1,72,,299803,45,0,99 23 3 24,2,17,,299796,41,0,5,2,25,,299809,45,0,99 23 3 24,1,60,,299784,41,0,5,2,25,,299815,45,0,99 23 3 24,1,18,,299800,41,0,5,1,62,,299804,45,0,99 23 3 24,2,14,,299819,41,0,5,2,21,,299772,45,0,99 23 3 24,1,55,,299810,41,0,5,1,22,,299785,45,0,99 23 3 24,2,15,,299816,41,0,5,1,61,,299822,45,0,99 23 3 24,2,15,,299805,41,0,5,2,14,,299820,41,0,5,2,18,,299773,45,0,99 23 3 24,1,52,,299811,41,0,5,1,14,,299776,41,0,5,1,18,,299786,45,0,99 23 3 24,2,12,,299817,41,0,5,1,57,,299823,45,0,99 23 3 24,2,12,,299806,41,0,5,2,18,,299821,45,0,99 23 3 24,2,12,,299774,41,0,5,1,57,,299812,45,0,99 23 3 24,1,8,,299825,41,0,5,1,11,,299777,41,0,5,1,12,,299787,45,0,99 23 3 24,2,7,,299814,41,0,5,1,10,,299830,41,0,5,2,54,,299824,45,0,99 23 3 24,2,7,,299807,41,0,5,2,11,,299833,41,0,5,2,14,,299801,45,0,99 23 3 24,1,8,,299836,41,0,5,1,10,,299775,41,0,5,1,56,,299826,45,0,99 23 3 24,1,10,,299818,41,0,5,1,15,,299788,45,0,99 23 3 24,2,9,,299831,41,0,5,2,13,,299771,41,0,5,1,57,,299778,45,0,99 23 3 24,1,11,,299834,41,0,5,2,13,,299792,41,0,5,2,17,,299813,45,0,99 23 3 24,1,50,,299835,41,0,5,2,13,,299827,41,0,5,1,18,,299832,45,0,99 23 3 24,2,11,,299789,41,0,5,2,56,,299779,41,0,5,1,21,,299797,45,0,99 23 3 24,1,15,,299793,41,0,5,2,65,,299828,41,0,5,1,30,,299790,45,0,99 23 3 24,2,22,,299780,41,0,5,1,72,,299794,45,0,99 23 3 24,2,26,,299829,41,0,5,1,73,,299791,45,0,99 23 3 24,2,29,,299781,41,0,5,1
4801,'H58S200F-80-F2',608,,299859,41,0,5,2,21,,299874,41,0,5,2,79,,299839,45,0,99 23 3 24,2,28,,299861,41,0,5,1,75,,299853,45,0,99 23 3 24,2,28,,299865,41,0,5,1,73,,299840,45,0,99 23 3 24,2,26,,299862,41,0,5,1,72,,299854,45,0,99 23 3 24,2,17,,299860,41,0,5,2,25,,299866,45,0,99 23 3 24,1,60,,299841,41,0,5,2,25,,299881,45,0,99 23 3 24,1,18,,299863,41,0,5,1,62,,299855,45,0,99 23 3 24,2,14,,299884,41,0,5,2,21,,299849,45,0,99 23 3 24,1,55,,299867,41,0,5,1,22,,299842,45,0,99 23 3 24,2,15,,299882,41,0,5,1,61,,299871,45,0,99 23 3 24,2,15,,299856,41,0,5,2,14,,299885,41,0,5,2,18,,299850,45,0,99 23 3 24,1,52,,299868,41,0,5,1,14,,299875,41,0,5,1,18,,299843,45,0,99 23 3 24,2,12,,299883,41,0,5,1,57,,299872,45,0,99 23 3 24,2,12,,299857,41,0,5,2,18,,299886,45,0,99 23 3 24,2,12,,299851,41,0,5,1,57,,299869,45,0,99 23 3 24,1,8,,299887,41,0,5,1,11,,299876,41,0,5,1,12,,299844,45,0,99 23 3 24,2,7,,299837,41,0,5,1,10,,299892,41,0,5,2,54,,299873,45,0,99 23 3 24,2,7,,299858,41,0,5,2,11,,299894,41,0,5,2,14,,299864,45,0,99 23 3 24,1,8,,299838,41,0,5,1,10,,299852,41,0,5,1,56,,299888,45,0,99 23 3 24,1,10,,299900,41,0,5,1,15,,299845,45,0,99 23 3 24,2,9,,299893,41,0,5,2,13,,299901,41,0,5,1,57,,299877,45,0,99 23 3 24,1,11,,299895,41,0,5,2,13,,299896,41,0,5,2,17,,299870,45,0,99 23 3 24,1,50,,299902,41,0,5,2,13,,299889,41,0,5,1,18,,299903,45,0,99 23 3 24,2,11,,299846,41,0,5,2,56,,299878,41,0,5,1,21,,299899,45,0,99 23 3 24,1,15,,299897,41,0,5,2,65,,299890,41,0,5,1,30,,299847,45,0,99 23 3 24,2,22,,299879,41,0,5,1,72,,299898,45,0,99 23 3 24,2,26,,299891,41,0,5,1,73,,299848,45,0,99 23 3 24,2,29,,299880,41,0,5,1
8104,'H54S000A-80-A',717,,310464,9,0,9,2,28,,310475,9,0,9,2,65,,310486,9,0,9,1,25,,310465,9,0,9,2,65,,310476,9,0,9,2,25,,310487,9,0,9,1,25,,310466,9,0,9,2,65,,310477,9,0,9,2,25,,310488,9,0,9,1,65,,310467,9,0,9,2,25,,310478,9,0,9,2,25,,310489,9,0,9,1,65,,310468,9,0,9,2,25,,310479,9,0,9,2,65,,310490,9,0,9,1,25,,310469,9,0,9,2,66,,310480,9,0,9,2,26,,310491,9,0,9,1,25,,310470,9,0,9,2,65,,310481,9,0,9,2,25,,310492,9,0,9,1,66,,310471,9,0,9,2,26,,310482,9,0,9,2,66,,310493,9,0,9,1,26,,310472,9,0,9,2,25,,310483,9,0,9,2,65,,310494,9,0,9,1,25,,310473,9,0,9,2,65,,310484,9,0,9,2,25,,310495,9,0,9,1,25,,310474,9,0,9,2,66,,310485,9,0,9,2
8104,'H54S000I-80-I',716,,310496,9,0,9,1,26,,310517,9,0,9,2,66,,310507,9,0,9,2,27,,310497,9,0,9,1,65,,310518,9,0,9,2,25,,310508,9,0,9,2,25,,310498,9,0,9,1,65,,310519,9,0,9,2,25,,310509,9,0,9,2,66,,310499,9,0,9,1,25,,310520,9,0,9,2,25,,310510,9,0,9,2,65,,310500,9,0,9,1,25,,310521,9,0,9,2,65,,310511,9,0,9,2,25,,310501,9,0,9,1,66,,310522,9,0,9,2,26,,310512,9,0,9,2,25,,310502,9,0,9,1,65,,310523,9,0,9,2,25,,310513,9,0,9,2,65,,310503,9,0,9,1,25,,310524,9,0,9,2,26,,310514,9,0,9,2,66,,310504,9,0,9,1,26,,310525,9,0,9,2,65,,310515,9,0,9,2,25,,310505,9,0,9,1,65,,310526,9,0,9,2,25,,310516,9,0,9,2,25,,310506,9,0,9,1,65,,310527,9,0,9,2
8104,'H54S000S-80-S',658,,310535,9,0,9,2,74,,310528,9,0,9,2,72,,310547,9,0,9,1,28,,310536,9,0,9,2,25,,310529,9,0,9,2,65,,310548,9,0,9,1,25,,310537,9,0,9,2,65,,310530,9,0,9,2,25,,310549,9,0,9,1,65,,310538,9,0,9,2,25,,310531,9,0,9,2,25,,310550,9,0,9,1,66,,310539,9,0,9,2,25,,310532,9,0,9,2,65,,310551,9,0,9,1,25,,310540,9,0,9,2,25,,310533,9,0,9,2,64,,310552,9,0,9,1,25,,310541,9,0,9,2,66,,310534,9,0,9,2,26,,310553,9,0,9,1,66,,310542,9,0,9,2,26,,310558,9,0,9,2,25,,310554,9,0,9,1,64,,310543,9,0,9,2,24,,310559,9,0,9,2,63,,310555,9,0,9,1,24,,310544,9,0,9,2,25,,310560,9,0,9,2,64,,310556,9,0,9,1,26,,310545,9,0,9,2,66,,310561,9,0,9,2,27,,310557,9,0,9,1,67,,310546,9,0,9,2
8104,'H54S100F-80-F1',716,,310562,9,0,9,1,26,,310583,9,0,9,2,66,,310573,9,0,9,2,27,,310563,9,0,9,1,65,,310584,9,0,9,2,25,,310574,9,0,9,2,25,,310564,9,0,9,1,65,,310585,9,0,9,2,25,,310575,9,0,9,2,66,,310565,9,0,9,1,25,,310586,9,0,9,2,25,,310576,9,0,9,2,65,,310566,9,0,9,1,25,,310587,9,0,9,2,65,,310577,9,0,9,2,25,,310567,9,0,9,1,66,,310588,9,0,9,2,26,,310578,9,0,9,2,25,,310568,9,0,9,1,65,,310589,9,0,9,2,25,,310579,9,0,9,2,65,,310569,9,0,9,1,25,,310590,9,0,9,2,26,,310580,9,0,9,2,66,,310570,9,0,9,1,26,,310591,9,0,9,2,65,,310581,9,0,9,2,25,,310571,9,0,9,1,65,,310592,9,0,9,2,25,,310582,9,0,9,2,25,,310572,9,0,9,1,65,,310593,9,0,9,2
8104,'H54S200F-80-F2',716,,310594,9,0,9,1,26,,310615,9,0,9,2,66,,310605,9,0,9,2,27,,310595,9,0,9,1,65,,310616,9,0,9,2,25,,310606,9,0,9,2,25,,310596,9,0,9,1,65,,310617,9,0,9,2,25,,310607,9,0,9,2,66,,310597,9,0,9,1,25,,310618,9,0,9,2,25,,310608,9,0,9,2,65,,310598,9,0,9,1,25,,310619,9,0,9,2,65,,310609,9,0,9,2,25,,310599,9,0,9,1,66,,310620,9,0,9,2,26,,310610,9,0,9,2,25,,310600,9,0,9,1,65,,310621,9,0,9,2,25,,310611,9,0,9,2,65,,310601,9,0,9,1,25,,310622,9,0,9,2,26,,310612,9,0,9,2,66,,310602,9,0,9,1,26,,310623,9,0,9,2,65,,310613,9,0,9,2,25,,310603,9,0,9,1,65,,310624,9,0,9,2,25,,310614,9,0,9,2,25,,310604,9,0,9,1,65,,310625,9,0,9,2
35301,'H54S000A-80-A',2711,,346036,87,0,5,1,89,,346034,87,0,5,2,46,,346035,87,0,5,1,81,,346033,87,0,5,1
35301,'H54S000I-80-I',2628,,346038,87,0,5,1,88,,346040,87,0,5,1,85,,346041,87,0,5,1,45,,346037,87,0,5,2,81,,346039,87,0,5,1
35301,'H54S000S-80-S',2627,,346042,87,0,5,1,87,,346044,87,0,5,1,86,,346045,87,0,5,1,45,,346043,87,0,5,2,80,,346046,87,0,5,2
35301,'H54S100F-80-F1',2628,,346048,87,0,5,1,88,,346050,87,0,5,1,85,,346051,87,0,5,1,45,,346047,87,0,5,2,81,,346049,87,0,5,1
35301,'H54S200F-80-F2',2628,,346053,87,0,5,1,88,,346055,87,0,5,1,85,,346056,87,0,5,1,45,,346052,87,0,5,2,81,,346054,87,0,5,1
44801,'H54S000S-80-S',639,,349152,17,0,99 119 67,1,64,,349145,17,0,99 119 67,2,24,,349139,17,0,99 119 67,2,30,,349146,17,0,99 119 67,2,70,,349141,17,0,99 119 67,1,29,,349140,17,0,99 119 67,2,69,,349155,17,0,99 119 67,1,605,,349142,19,0,99 47,1,70,,349147,19,0,99 47,2,30,,349149,19,0,99 47,2,26,,349143,19,0,99 47,1,65,,349153,19,0,99 47,1,19,,349148,19,0,99 47,2,60,,349150,19,0,99 47,2,19,,349144,19,0,99 47,1,15,,349138,19,0,99 47,2,15,,349154,19,0,99 47,1,68,,349151,19,0,99 47,2,27,,349137,19,0,99 47,2
