6403,'H50S000S-82-S',1544,,304748,17,0,8,2
6403,'H60S000A-80-A',542,,304749,17,0,8,1,72,,304760,17,0,8,2,31,,304750,17,0,8,1,73,,304761,17,0,8,2,32,,304793,17,0,8,1,69,,304802,17,0,8,2,25,,304782,17,0,8,1,59,,304803,17,0,8,2,15,,304815,17,0,8,2,18,,304783,17,0,8,1,19,,304804,17,0,8,2,60,,304784,17,0,8,1,14,,304751,17,0,8,1,10,,304805,17,0,8,2,10,,304794,17,0,8,1,10,,304785,17,0,8,1,51,,304752,17,0,8,1,11,,304806,17,0,8,2,11,,304795,17,0,8,1,10,,304786,17,0,8,1,11,,304753,17,0,8,1,51,,304807,17,0,8,2,11,,304796,17,0,8,1,10,,304787,17,0,8,1,11,,304754,17,0,8,1,7,,304816,17,0,8,2,7,,304808,17,0,8,2,8,,304797,17,0,8,1,54,,304788,17,0,8,1,14,,304817,17,0,8,2,8,,304755,17,0,8,1,10,,304798,17,0,8,1,11,,304809,17,0,8,2,51,,304789,17,0,8,1,11,,304818,17,0,8,2,11,,304756,17,0,8,1,11,,304799,17,0,8,1,12,,304810,17,0,8,2,50,,304790,17,0,8,1,11,,304757,17,0,8,1,11,,304800,17,0,8,1,12,,304811,17,0,8,2,11,,304791,17,0,8,1,11,,304758,17,0,8,1,50,,304801,17,0,8,1,8,,304821,17,0,8,2,9,,304812,17,0,8,2,9,,304792,17,0,8,1,9,,304762,17,0,8,1,8,,304759,17,0,8,1,9,,304822,17,0,8,2,48,,304819,17,0,8,2,8,,304813,17,0,8,2,11,,304764,17,0,8,1,10,,304763,17,0,8,1,9,,304823,17,0,8,2,9,,304820,17,0,8,2,47,,304814,17,0,8,2,8,,304769,17,0,8,1,10,,304765,17,0,8,1,10,,304766,17,0,8,2,11,,304824,17,0,8,2,11,,304770,17,0,8,1,50,,304780,17,0,8,2,10,,304767,17,0,8,2,11,,304826,17,0,8,1,11,,304771,17,0,8,1,12,,304781,17,0,8,2,10,,304768,17,0,8,2,52,,304827,17,0,8,1,17,,304772,17,0,8,1,23,,304828,17,0,8,1,63,,304773,17,0,8,1,20,,304829,17,0,8,1,20,,304825,17,0,8,2,57,,304774,17,0,8,1,19,,304830,17,0,8,1,22,,304775,17,0,8,1,60,,304831,17,0,8,1,20,,304776,17,0,8,1,16,,304832,17,0,8,1,60,,304777,17,0,8,1,16,,304833,17,0,8,1,19,,304778,17,0,8,1,19,,304834,17,0,8,1,60,,304779,17,0,8,1,21,,304835,17,0,8,1
6403,'H60S000I-81-I',542,,304836,17,0,8,1,72,,304837,17,0,8,1,33,,304838,17,0,8,1,72,,304851,17,0,8,2,31,,304839,17,0,8,1,71,,304852,17,0,8,2,29,,304840,17,0,8,1,63,,304853,17,0,8,2,20,,304841,17,0,8,1,17,,304874,17,0,8,1,56,,304854,17,0,8,2,15,,304842,17,0,8,1,13,,304875,17,0,8,1,13,,304855,17,0,8,2,54,,304843,17,0,8,1,13,,304876,17,0,8,1,15,,304856,17,0,8,2,16,,304844,17,0,8,1,56,,304877,17,0,8,1,17,,304857,17,0,8,2,18,,304845,17,0,8,1,18,,304878,17,0,8,1,56,,304858,17,0,8,2,16,,304889,17,0,8,2,14,,304846,17,0,8,1,13,,304879,17,0,8,1,52,,304859,17,0,8,2,11,,304890,17,0,8,2,11,,304847,17,0,8,1,11,,304880,17,0,8,1,11,,304860,17,0,8,2,51,,304891,17,0,8,2,12,,304848,17,0,8,1,12,,304881,17,0,8,1,12,,304861,17,0,8,2,13,,304892,17,0,8,2,53,,304849,17,0,8,1,13,,304882,17,0,8,1,13,,304862,17,0,8,2,12,,304893,17,0,8,2,12,,304850,17,0,8,1,50,,304883,17,0,8,1,11,,304863,17,0,8,2,10,,304902,17,0,8,1,9,,304898,17,0,8,2,9,,304894,17,0,8,2,8,,304884,17,0,8,1,8,,304864,17,0,8,2,49,,304903,17,0,8,1,11,,304899,17,0,8,2,9,,304895,17,0,8,2,10,,304885,17,0,8,1,13,,304904,17,0,8,1,54,,304900,17,0,8,2,14,,304886,17,0,8,1,13,,304896,17,0,8,2,13,,304905,17,0,8,1,15,,304887,17,0,8,1,56,,304897,17,0,8,2,16,,304906,17,0,8,1,19,,304888,17,0,8,1,58,,304867,17,0,8,1,21,,304907,17,0,8,1,20,,304868,17,0,8,1,62,,304901,17,0,8,2,19,,304908,17,0,8,1,19,,304869,17,0,8,1,59,,304909,17,0,8,1,21,,304870,17,0,8,1,26,,304865,17,0,8,1,63,,304871,17,0,8,1,23,,304866,17,0,8,1,62,,304872,17,0,8,1,34,,304873,17,0,8,1
6403,'H60S000S-83-S',544,,304913,17,0,8,1,72,,304916,17,0,8,1,31,,304952,17,0,8,1,71,,304960,17,0,8,2,32,,304961,17,0,8,1,72,,304949,17,0,8,2,15,,304974,17,0,8,1,15,,304910,17,0,8,1,52,,304964,17,0,8,1,11,,304950,17,0,8,2,10,,304975,17,0,8,1,11,,304911,17,0,8,1,14,,304965,17,0,8,1,57,,304976,17,0,8,1,11,,304912,17,0,8,1,17,,304966,17,0,8,1,16,,304977,17,0,8,1,66,,304967,17,0,8,1,14,,304924,17,0,8,1,15,,304917,17,0,8,1,13,,304953,17,0,8,1,52,,304968,17,0,8,1,10,,304925,17,0,8,1,12,,304918,17,0,8,1,15,,304954,17,0,8,1,55,,304969,17,0,8,1,13,,304926,17,0,8,1,12,,304919,17,0,8,1,11,,304955,17,0,8,1,11,,304970,17,0,8,1,51,,304927,17,0,8,1,10,,304920,17,0,8,1,11,,304956,17,0,8,1,11,,304971,17,0,8,1,12,,304928,17,0,8,1,12,,304921,17,0,8,1,53,,304957,17,0,8,1,11,,304972,17,0,8,1,7,,304935,17,0,8,1,9,,304929,17,0,8,1,12,,304922,17,0,8,1,4,,305000,17,0,8,1,4,,304985,17,0,8,1,45,,304958,17,0,8,1,6,,304979,17,0,8,2,6,,304995,17,0,8,2,7,,305002,17,0,8,2,5,,304973,17,0,8,2,4,,304930,17,0,8,1,5,,304994,17,0,8,2,5,,304951,17,0,8,1,5,,304923,17,0,8,1,5,,304933,17,0,8,1,5,,304959,17,0,8,1,46,,304978,17,0,8,2,5,,304996,17,0,8,2,4,,304914,17,0,8,2,6,,305007,17,0,8,2,6,,304931,17,0,8,1,6,,304937,17,0,8,1,6,,304987,17,0,8,2,7,,304934,17,0,8,1,7,,304932,17,0,8,1,8,,305005,17,0,8,2,45,,304915,17,0,8,2,6,,304936,17,0,8,1,6,,304986,17,0,8,2,7,,304938,17,0,8,1,8,,304948,17,0,8,1,8,,304984,17,0,8,1,9,,305006,17,0,8,2,8,,305004,17,0,8,1,48,,305003,17,0,8,2,7,,304999,17,0,8,2,7,,304939,17,0,8,1,10,,305001,17,0,8,1,12,,304943,17,0,8,1,12,,304941,17,0,8,1,52,,304940,17,0,8,1,12,,304962,17,0,8,1,14,,304944,17,0,8,1,14,,304991,17,0,8,1,14,,304963,17,0,8,1,54,,304980,17,0,8,1,15,,304992,17,0,8,1,18,,304990,17,0,8,1,58,,304981,17,0,8,1,18,,304988,17,0,8,1,16,,304993,17,0,8,1,17,,304982,17,0,8,1,57,,304989,17,0,8,1,18,,304942,17,0,8,1,11,,304983,17,0,8,1,63,,304945,17,0,8,1,23,,304997,17,0,8,2,23,,304946,17,0,8,1,61,,304998,17,0,8,2,32,,304947,17,0,8,1
6403,'H60S100F-80-F1',542,,305015,17,0,8,1,72,,305031,17,0,8,1,33,,305034,17,0,8,2,72,,305049,17,0,8,1,31,,305035,17,0,8,2,71,,305050,17,0,8,1,29,,305036,17,0,8,2,63,,305051,17,0,8,1,20,,305037,17,0,8,2,17,,305016,17,0,8,1,56,,305052,17,0,8,1,15,,305038,17,0,8,2,13,,305017,17,0,8,1,13,,305053,17,0,8,1,54,,305039,17,0,8,2,13,,305018,17,0,8,1,15,,305054,17,0,8,1,16,,305040,17,0,8,2,56,,305019,17,0,8,1,17,,305055,17,0,8,1,18,,305041,17,0,8,2,18,,305020,17,0,8,1,56,,305056,17,0,8,1,16,,305065,17,0,8,2,15,,305042,17,0,8,2,12,,305021,17,0,8,1,52,,305057,17,0,8,1,11,,305066,17,0,8,2,11,,305043,17,0,8,2,11,,305022,17,0,8,1,11,,305058,17,0,8,1,51,,305067,17,0,8,2,12,,305044,17,0,8,2,12,,305023,17,0,8,1,12,,305059,17,0,8,1,13,,305068,17,0,8,2,53,,305045,17,0,8,2,13,,305024,17,0,8,1,13,,305060,17,0,8,1,12,,305069,17,0,8,2,12,,305046,17,0,8,2,50,,305025,17,0,8,1,11,,305061,17,0,8,1,10,,305073,17,0,8,1,9,,305070,17,0,8,2,9,,305047,17,0,8,1,8,,305026,17,0,8,1,8,,305062,17,0,8,1,49,,305074,17,0,8,1,11,,305071,17,0,8,2,9,,305048,17,0,8,1,10,,305027,17,0,8,1,13,,305075,17,0,8,1,54,,305072,17,0,8,2,14,,305028,17,0,8,1,13,,305080,17,0,8,1,13,,305076,17,0,8,1,15,,305029,17,0,8,1,56,,305081,17,0,8,1,16,,305077,17,0,8,1,19,,305030,17,0,8,1,58,,305008,17,0,8,1,21,,305078,17,0,8,1,20,,305009,17,0,8,1,62,,305063,17,0,8,1,19,,305079,17,0,8,1,19,,305010,17,0,8,1,59,,305064,17,0,8,1,21,,305011,17,0,8,1,26,,305032,17,0,8,1,63,,305012,17,0,8,1,23,,305033,17,0,8,1,62,,305013,17,0,8,1,34,,305014,17,0,8,1
6403,'H60S200F-80-F2',542,,305089,17,0,8,1,72,,305105,17,0,8,1,33,,305108,17,0,8,2,72,,305123,17,0,8,1,31,,305109,17,0,8,2,71,,305124,17,0,8,1,29,,305110,17,0,8,2,63,,305125,17,0,8,1,20,,305111,17,0,8,2,17,,305090,17,0,8,1,56,,305126,17,0,8,1,15,,305112,17,0,8,2,13,,305091,17,0,8,1,13,,305127,17,0,8,1,54,,305113,17,0,8,2,13,,305092,17,0,8,1,15,,305128,17,0,8,1,16,,305114,17,0,8,2,56,,305093,17,0,8,1,17,,305129,17,0,8,1,18,,305115,17,0,8,2,18,,305094,17,0,8,1,56,,305130,17,0,8,1,16,,305139,17,0,8,2,15,,305116,17,0,8,2,12,,305095,17,0,8,1,52,,305131,17,0,8,1,11,,305140,17,0,8,2,11,,305117,17,0,8,2,11,,305096,17,0,8,1,11,,305132,17,0,8,1,51,,305141,17,0,8,2,12,,305118,17,0,8,2,12,,305097,17,0,8,1,12,,305133,17,0,8,1,13,,305142,17,0,8,2,53,,305119,17,0,8,2,13,,305098,17,0,8,1,13,,305134,17,0,8,1,12,,305143,17,0,8,2,12,,305120,17,0,8,2,50,,305099,17,0,8,1,11,,305135,17,0,8,1,10,,305147,17,0,8,1,9,,305144,17,0,8,2,9,,305121,17,0,8,1,8,,305100,17,0,8,1,8,,305136,17,0,8,1,49,,305148,17,0,8,1,11,,305145,17,0,8,2,9,,305122,17,0,8,1,10,,305101,17,0,8,1,13,,305149,17,0,8,1,54,,305146,17,0,8,2,14,,305102,17,0,8,1,13,,305154,17,0,8,1,13,,305150,17,0,8,1,15,,305103,17,0,8,1,56,,305155,17,0,8,1,16,,305151,17,0,8,1,19,,305104,17,0,8,1,58,,305082,17,0,8,1,21,,305152,17,0,8,1,20,,305083,17,0,8,1,62,,305137,17,0,8,1,19,,305153,17,0,8,1,19,,305084,17,0,8,1,59,,305138,17,0,8,1,21,,305085,17,0,8,1,26,,305106,17,0,8,1,63,,305086,17,0,8,1,23,,305107,17,0,8,1,62,,305087,17,0,8,1,34,,305088,17,0,8,1
38202,'H60S000A-80-A',2605,,347374,28,0,10,1,45,,347376,28,0,10,1,85,,347373,28,0,10,1,85,,347375,28,0,10,1
38202,'H60S000I-81-I',2606,,347379,28,0,10,1,45,,347378,28,0,10,1,84,,347377,28,0,10,1,85,,347380,28,0,10,1
38202,'H60S000S-83-S',2606,,347381,28,0,10,2,45,,347384,28,0,10,1,84,,347382,28,0,10,1,85,,347383,28,0,10,1
38202,'H60S100F-80-F1',2606,,347387,28,0,10,1,45,,347385,28,0,10,1,84,,347386,28,0,10,2,85,,347388,28,0,10,1
38202,'H60S200F-80-F2',2606,,347391,28,0,10,1,45,,347389,28,0,10,1,84,,347390,28,0,10,2,85,,347392,28,0,10,1
