16102,'H50S000S-82-S',829,,328914,4,0,10,2,24,,328915,4,0,10,1
16102,'H51S000A-80-A',529,,328916,4,0,10,1,23,,328943,4,0,10,1,66,,328944,4,0,10,1,26,,328930,4,0,10,2,68,,328917,4,0,10,1,30,,328945,4,0,10,1,70,,328931,4,0,10,2,17,,328953,4,0,10,1,17,,328918,4,0,10,1,57,,328964,4,0,10,2,15,,328970,4,0,10,2,15,,328946,4,0,10,1,18,,328932,4,0,10,2,58,,328954,4,0,10,1,18,,328919,4,0,10,1,15,,328971,4,0,10,2,15,,328965,4,0,10,2,55,,328947,4,0,10,1,15,,328933,4,0,10,2,14,,328975,4,0,10,2,14,,328955,4,0,10,1,53,,328978,4,0,10,2,14,,328920,4,0,10,1,14,,328972,4,0,10,2,14,,328966,4,0,10,2,54,,328948,4,0,10,1,14,,328934,4,0,10,2,14,,328976,4,0,10,2,14,,328956,4,0,10,1,11,,328980,4,0,10,2,50,,328921,4,0,10,1,11,,328973,4,0,10,2,13,,328967,4,0,10,2,14,,328949,4,0,10,1,14,,328935,4,0,10,2,53,,328977,4,0,10,2,13,,328957,4,0,10,1,11,,328981,4,0,10,2,10,,328922,4,0,10,1,10,,328974,4,0,10,2,50,,328982,4,0,10,2,10,,328968,4,0,10,2,10,,328950,4,0,10,1,10,,328936,4,0,10,2,10,,328951,4,0,10,1,9,,328929,4,0,10,2,49,,328958,4,0,10,1,13,,328979,4,0,10,2,14,,328923,4,0,10,1,14,,328983,4,0,10,2,14,,328969,4,0,10,2,55,,328937,4,0,10,2,16,,328952,4,0,10,1,16,,328959,4,0,10,1,61,,328924,4,0,10,1,22,,328984,4,0,10,2,26,,328938,4,0,10,2,70,,328960,4,0,10,1,30,,328925,4,0,10,1,70,,328939,4,0,10,2,30,,328961,4,0,10,1,70,,328926,4,0,10,1,30,,328940,4,0,10,2,69,,328962,4,0,10,1,29,,328927,4,0,10,1,68,,328941,4,0,10,2,30,,328963,4,0,10,1,70,,328928,4,0,10,1,30,,328942,4,0,10,2
16102,'H51S000I-80-I',525,,328998,4,0,10,1,28,,329000,4,0,10,2,68,,328985,4,0,10,1,28,,328999,4,0,10,1,66,,329001,4,0,10,2,26,,328986,4,0,10,1,64,,329018,4,0,10,1,24,,329011,4,0,10,2,24,,329002,4,0,10,2,63,,328987,4,0,10,1,23,,329019,4,0,10,1,20,,329012,4,0,10,2,57,,329029,4,0,10,2,16,,329003,4,0,10,2,15,,328988,4,0,10,1,55,,329007,4,0,10,1,15,,329020,4,0,10,1,15,,329013,4,0,10,2,17,,329030,4,0,10,2,56,,329004,4,0,10,2,15,,328989,4,0,10,1,15,,329008,4,0,10,1,15,,329021,4,0,10,1,55,,329014,4,0,10,2,14,,329026,4,0,10,2,14,,329031,4,0,10,2,14,,329005,4,0,10,2,54,,328990,4,0,10,1,13,,329009,4,0,10,1,14,,329039,4,0,10,2,15,,329022,4,0,10,1,14,,329015,4,0,10,2,52,,329027,4,0,10,2,10,,329032,4,0,10,2,10,,329006,4,0,10,2,10,,328991,4,0,10,1,10,,329045,4,0,10,1,10,,329010,4,0,10,1,50,,329040,4,0,10,2,10,,329048,4,0,10,2,10,,329023,4,0,10,1,10,,329016,4,0,10,2,11,,329028,4,0,10,2,52,,329033,4,0,10,2,16,,328992,4,0,10,1,17,,329046,4,0,10,1,17,,329041,4,0,10,2,57,,329024,4,0,10,1,16,,329017,4,0,10,2,15,,329034,4,0,10,2,15,,328993,4,0,10,1,56,,329047,4,0,10,1,17,,329042,4,0,10,2,20,,329025,4,0,10,1,67,,329035,4,0,10,2,30,,328994,4,0,10,1,70,,329043,4,0,10,2,29,,329036,4,0,10,2,69,,328995,4,0,10,1,28,,329044,4,0,10,2,68,,329037,4,0,10,2,28,,329049,4,0,10,2,67,,328996,4,0,10,1,26,,329038,4,0,10,2,26,,329050,4,0,10,2,66,,328997,4,0,10,1
16102,'H51S000S-81-S',519,,329059,4,0,10,1,23,,329077,4,0,10,2,64,,329051,4,0,10,1,12,,329099,4,0,10,2,12,,329069,4,0,10,2,11,,329103,4,0,10,1,13,,329119,4,0,10,2,51,,329060,4,0,10,1,7,,329120,4,0,10,2,7,,329071,4,0,10,2,7,,329078,4,0,10,2,7,,329091,4,0,10,2,6,,329121,4,0,10,2,6,,329052,4,0,10,1,5,,329084,4,0,10,2,5,,329101,4,0,10,2,4,,329100,4,0,10,2,44,,329102,4,0,10,2,5,,329092,4,0,10,2,7,,329070,4,0,10,2,7,,329053,4,0,10,1,15,,329104,4,0,10,1,8,,329113,4,0,10,2,56,,329061,4,0,10,1,10,,329072,4,0,10,2,10,,329079,4,0,10,2,12,,329122,4,0,10,2,12,,329085,4,0,10,2,12,,329093,4,0,10,2,52,,329054,4,0,10,1,11,,329105,4,0,10,1,11,,329114,4,0,10,2,11,,329062,4,0,10,1,11,,329073,4,0,10,2,51,,329080,4,0,10,2,11,,329123,4,0,10,2,11,,329086,4,0,10,2,11,,329094,4,0,10,2,12,,329055,4,0,10,1,52,,329106,4,0,10,1,12,,329115,4,0,10,2,11,,329063,4,0,10,1,12,,329074,4,0,10,2,12,,329081,4,0,10,2,52,,329124,4,0,10,2,12,,329087,4,0,10,2,10,,329095,4,0,10,2,10,,329056,4,0,10,1,10,,329107,4,0,10,1,10,,329116,4,0,10,2,51,,329064,4,0,10,1,10,,329127,4,0,10,2,9,,329075,4,0,10,2,9,,329082,4,0,10,2,7,,329133,4,0,10,2,7,,329125,4,0,10,2,7,,329088,4,0,10,2,7,,329138,4,0,10,2,47,,329096,4,0,10,2,8,,329057,4,0,10,1,7,,329152,4,0,10,2,7,,329108,4,0,10,1,7,,329130,4,0,10,2,6,,329155,4,0,10,2,6,,329117,4,0,10,2,6,,329065,4,0,10,1,50,,329128,4,0,10,2,5,,329146,4,0,10,2,4,,329076,4,0,10,2,4,,329156,4,0,10,2,5,,329137,4,0,10,2,5,,329083,4,0,10,2,5,,329134,4,0,10,2,10,,329126,4,0,10,2,5,,329089,4,0,10,2,6,,329139,4,0,10,2,6,,329140,4,0,10,1,46,,329097,4,0,10,2,7,,329058,4,0,10,1,8,,329153,4,0,10,2,9,,329109,4,0,10,1,9,,329131,4,0,10,2,9,,329118,4,0,10,2,10,,329066,4,0,10,1,50,,329129,4,0,10,2,9,,329147,4,0,10,2,12,,329135,4,0,10,2,12,,329090,4,0,10,2,10,,329141,4,0,10,1,51,,329098,4,0,10,2,11,,329154,4,0,10,2,11,,329110,4,0,10,1,12,,329132,4,0,10,2,12,,329067,4,0,10,1,12,,329148,4,0,10,2,57,,329136,4,0,10,2,19,,329142,4,0,10,1,24,,329111,4,0,10,1,64,,329068,4,0,10,1,24,,329149,4,0,10,2,64,,329143,4,0,10,1,26,,329112,4,0,10,1,68,,329157,4,0,10,2,29,,329150,4,0,10,2,69,,329144,4,0,10,1,29,,329158,4,0,10,2,26,,329151,4,0,10,2,65,,329145,4,0,10,1
16102,'H51S100F-80-F1',525,,329159,4,0,10,1,28,,329176,4,0,10,2,68,,329163,4,0,10,1,28,,329160,4,0,10,1,66,,329177,4,0,10,2,26,,329164,4,0,10,1,64,,329213,4,0,10,1,24,,329196,4,0,10,2,24,,329178,4,0,10,2,63,,329165,4,0,10,1,23,,329214,4,0,10,1,20,,329197,4,0,10,2,57,,329186,4,0,10,2,16,,329179,4,0,10,2,15,,329166,4,0,10,1,55,,329209,4,0,10,1,15,,329215,4,0,10,1,15,,329198,4,0,10,2,17,,329187,4,0,10,2,56,,329180,4,0,10,2,15,,329167,4,0,10,1,15,,329210,4,0,10,1,15,,329216,4,0,10,1,55,,329199,4,0,10,2,14,,329183,4,0,10,2,14,,329188,4,0,10,2,14,,329181,4,0,10,2,54,,329168,4,0,10,1,13,,329211,4,0,10,1,14,,329203,4,0,10,2,15,,329217,4,0,10,1,14,,329200,4,0,10,2,52,,329184,4,0,10,2,10,,329189,4,0,10,2,10,,329182,4,0,10,2,10,,329169,4,0,10,1,10,,329222,4,0,10,1,10,,329212,4,0,10,1,50,,329204,4,0,10,2,10,,329221,4,0,10,2,10,,329218,4,0,10,1,10,,329201,4,0,10,2,11,,329185,4,0,10,2,52,,329190,4,0,10,2,16,,329170,4,0,10,1,17,,329223,4,0,10,1,17,,329205,4,0,10,2,57,,329219,4,0,10,1,16,,329202,4,0,10,2,15,,329191,4,0,10,2,15,,329171,4,0,10,1,56,,329224,4,0,10,1,17,,329206,4,0,10,2,20,,329220,4,0,10,1,67,,329192,4,0,10,2,30,,329172,4,0,10,1,70,,329207,4,0,10,2,29,,329193,4,0,10,2,69,,329173,4,0,10,1,28,,329208,4,0,10,2,68,,329194,4,0,10,2,28,,329161,4,0,10,2,67,,329174,4,0,10,1,26,,329195,4,0,10,2,26,,329162,4,0,10,2,66,,329175,4,0,10,1
16102,'H51S200F-80-F2',525,,329225,4,0,10,1,28,,329242,4,0,10,2,68,,329229,4,0,10,1,28,,329226,4,0,10,1,66,,329243,4,0,10,2,26,,329230,4,0,10,1,64,,329279,4,0,10,1,24,,329262,4,0,10,2,24,,329244,4,0,10,2,63,,329231,4,0,10,1,23,,329280,4,0,10,1,20,,329263,4,0,10,2,57,,329252,4,0,10,2,16,,329245,4,0,10,2,15,,329232,4,0,10,1,55,,329275,4,0,10,1,15,,329281,4,0,10,1,15,,329264,4,0,10,2,17,,329253,4,0,10,2,56,,329246,4,0,10,2,15,,329233,4,0,10,1,15,,329276,4,0,10,1,15,,329282,4,0,10,1,55,,329265,4,0,10,2,14,,329249,4,0,10,2,14,,329254,4,0,10,2,14,,329247,4,0,10,2,54,,329234,4,0,10,1,13,,329277,4,0,10,1,14,,329269,4,0,10,2,15,,329283,4,0,10,1,14,,329266,4,0,10,2,52,,329250,4,0,10,2,10,,329255,4,0,10,2,10,,329248,4,0,10,2,10,,329235,4,0,10,1,10,,329288,4,0,10,1,10,,329278,4,0,10,1,50,,329270,4,0,10,2,10,,329287,4,0,10,2,10,,329284,4,0,10,1,10,,329267,4,0,10,2,11,,329251,4,0,10,2,52,,329256,4,0,10,2,16,,329236,4,0,10,1,17,,329289,4,0,10,1,17,,329271,4,0,10,2,57,,329285,4,0,10,1,16,,329268,4,0,10,2,15,,329257,4,0,10,2,15,,329237,4,0,10,1,56,,329290,4,0,10,1,17,,329272,4,0,10,2,20,,329286,4,0,10,1,67,,329258,4,0,10,2,30,,329238,4,0,10,1,70,,329273,4,0,10,2,29,,329259,4,0,10,2,69,,329239,4,0,10,1,28,,329274,4,0,10,2,68,,329260,4,0,10,2,28,,329227,4,0,10,2,67,,329240,4,0,10,1,26,,329261,4,0,10,2,26,,329228,4,0,10,2,66,,329241,4,0,10,1
16102,'H57S000S-80-S',1558,,329291,4,0,10,1
16102,'H59S000S-80-S',1636,,329292,4,0,10,2
37002,'H51S000A-80-A',2618,,347054,47,0,10,1,83,,347053,47,0,10,2,43,,347051,47,0,10,1,84,,347052,47,0,10,2,85,,347055,47,0,10,1
37002,'H51S000I-80-I',2528,,347060,47,0,10,1,85,,347056,47,0,10,1,45,,347058,47,0,10,2,85,,347061,47,0,10,1,85,,347057,47,0,10,1,89,,347059,47,0,10,2
37002,'H51S000S-81-S',2529,,347064,47,0,10,1,85,,347062,47,0,10,1,45,,347066,47,0,10,2,85,,347065,47,0,10,1,85,,347063,47,0,10,1,89,,347067,47,0,10,2
37002,'H51S100F-80-F1',2528,,347072,47,0,10,1,85,,347068,47,0,10,1,45,,347070,47,0,10,2,85,,347073,47,0,10,1,85,,347069,47,0,10,1,89,,347071,47,0,10,2
37002,'H51S200F-80-F2',2528,,347078,47,0,10,1,85,,347074,47,0,10,1,45,,347076,47,0,10,2,85,,347079,47,0,10,1,85,,347075,47,0,10,1,89,,347077,47,0,10,2
