3402,'H59S000A-80-A',526,,295729,10,0,10,1,29,,295751,10,0,10,2,72,,295730,10,0,10,1,28,,295752,10,0,10,2,66,,295731,10,0,10,1,26,,295753,10,0,10,2,66,,295732,10,0,10,1,28,,295754,10,0,10,2,67,,295733,10,0,10,1,30,,295755,10,0,10,2,69,,295734,10,0,10,1,31,,295756,10,0,10,2,69,,295735,10,0,10,1,31,,295757,10,0,10,2,71,,295736,10,0,10,1,32,,295758,10,0,10,2,71,,295737,10,0,10,1,32,,295759,10,0,10,2,71,,295738,10,0,10,1,33,,295760,10,0,10,2,71,,295739,10,0,10,1,33,,295761,10,0,10,2,72,,295740,10,0,10,1,32,,295762,10,0,10,2,72,,295741,10,0,10,1,31,,295763,10,0,10,2,71,,295742,10,0,10,1,71,,295764,10,0,10,2,28,,295743,10,0,10,1,28,,295765,10,0,10,2,67,,295744,10,0,10,1,28,,295766,10,0,10,2,66,,295745,10,0,10,1,25,,295767,10,0,10,2,66,,295746,10,0,10,1,25,,295768,10,0,10,2,66,,295747,10,0,10,1,25,,295769,10,0,10,2,26,,295748,10,0,10,1,65,,295770,10,0,10,2,25,,295749,10,0,10,1,64,,295771,10,0,10,2,22,,295750,10,0,10,1
3402,'H59S000I-81-I',526,,295772,10,0,10,2,29,,295792,10,0,10,1,71,,295773,10,0,10,2,30,,295793,10,0,10,1,69,,295774,10,0,10,2,29,,295794,10,0,10,1,70,,295775,10,0,10,2,30,,295795,10,0,10,1,71,,295776,10,0,10,2,29,,295796,10,0,10,1,68,,295777,10,0,10,2,28,,295797,10,0,10,1,71,,295778,10,0,10,2,28,,295798,10,0,10,1,71,,295779,10,0,10,2,30,,295799,10,0,10,1,72,,295780,10,0,10,2,30,,295800,10,0,10,1,72,,295781,10,0,10,2,31,,295801,10,0,10,1,71,,295782,10,0,10,2,31,,295802,10,0,10,1,71,,295783,10,0,10,2,31,,295803,10,0,10,1,70,,295784,10,0,10,2,30,,295804,10,0,10,1,70,,295785,10,0,10,2,71,,295805,10,0,10,1,29,,295786,10,0,10,2,28,,295806,10,0,10,1,68,,295787,10,0,10,2,30,,295807,10,0,10,1,70,,295788,10,0,10,2,29,,295808,10,0,10,1,70,,295789,10,0,10,2,31,,295809,10,0,10,1,70,,295790,10,0,10,2,29,,295810,10,0,10,1,70,,295791,10,0,10,2,30,,295811,10,0,10,1,72,,295812,10,0,10,1
3402,'H59S000S-80-S',528,,295821,10,0,10,1,73,,295840,10,0,10,2,32,,295822,10,0,10,1,25,,295841,10,0,10,2,66,,295832,10,0,10,2,20,,295823,10,0,10,1,61,,295842,10,0,10,2,23,,295833,10,0,10,2,23,,295824,10,0,10,1,64,,295843,10,0,10,2,25,,295834,10,0,10,2,70,,295825,10,0,10,1,32,,295835,10,0,10,2,70,,295826,10,0,10,1,32,,295836,10,0,10,2,70,,295827,10,0,10,1,30,,295837,10,0,10,2,72,,295828,10,0,10,1,31,,295838,10,0,10,2,72,,295829,10,0,10,1,28,,295854,10,0,10,1,67,,295844,10,0,10,2,26,,295830,10,0,10,1,66,,295855,10,0,10,1,27,,295845,10,0,10,2,23,,295831,10,0,10,1,68,,295839,10,0,10,2,28,,295846,10,0,10,2,70,,295820,10,0,10,2,30,,295813,10,0,10,1,71,,295847,10,0,10,2,32,,295814,10,0,10,1,70,,295848,10,0,10,2,29,,295815,10,0,10,1,70,,295849,10,0,10,2,30,,295816,10,0,10,1,70,,295850,10,0,10,2,30,,295817,10,0,10,1,70,,295851,10,0,10,2,28,,295818,10,0,10,1,68,,295852,10,0,10,2,29,,295819,10,0,10,1,73,,295853,10,0,10,2
3402,'H59S100F-80-F1',526,,295856,10,0,10,2,29,,295876,10,0,10,1,71,,295857,10,0,10,2,30,,295877,10,0,10,1,69,,295858,10,0,10,2,29,,295878,10,0,10,1,70,,295859,10,0,10,2,30,,295879,10,0,10,1,71,,295860,10,0,10,2,29,,295880,10,0,10,1,68,,295861,10,0,10,2,28,,295881,10,0,10,1,71,,295862,10,0,10,2,28,,295882,10,0,10,1,71,,295863,10,0,10,2,30,,295883,10,0,10,1,72,,295864,10,0,10,2,30,,295884,10,0,10,1,72,,295865,10,0,10,2,31,,295885,10,0,10,1,71,,295866,10,0,10,2,31,,295886,10,0,10,1,71,,295867,10,0,10,2,31,,295887,10,0,10,1,70,,295868,10,0,10,2,30,,295888,10,0,10,1,70,,295869,10,0,10,2,71,,295889,10,0,10,1,29,,295870,10,0,10,2,28,,295890,10,0,10,1,68,,295871,10,0,10,2,30,,295891,10,0,10,1,70,,295872,10,0,10,2,29,,295892,10,0,10,1,70,,295873,10,0,10,2,31,,295893,10,0,10,1,70,,295874,10,0,10,2,29,,295894,10,0,10,1,70,,295875,10,0,10,2,30,,295895,10,0,10,1,72,,295896,10,0,10,1
3402,'H59S200F-80-F2',526,,295897,10,0,10,2,29,,295917,10,0,10,1,71,,295898,10,0,10,2,30,,295918,10,0,10,1,69,,295899,10,0,10,2,29,,295919,10,0,10,1,70,,295900,10,0,10,2,30,,295920,10,0,10,1,71,,295901,10,0,10,2,29,,295921,10,0,10,1,68,,295902,10,0,10,2,28,,295922,10,0,10,1,71,,295903,10,0,10,2,28,,295923,10,0,10,1,71,,295904,10,0,10,2,30,,295924,10,0,10,1,72,,295905,10,0,10,2,30,,295925,10,0,10,1,72,,295906,10,0,10,2,31,,295926,10,0,10,1,71,,295907,10,0,10,2,31,,295927,10,0,10,1,71,,295908,10,0,10,2,31,,295928,10,0,10,1,70,,295909,10,0,10,2,30,,295929,10,0,10,1,70,,295910,10,0,10,2,71,,295930,10,0,10,1,29,,295911,10,0,10,2,28,,295931,10,0,10,1,68,,295912,10,0,10,2,30,,295932,10,0,10,1,70,,295913,10,0,10,2,29,,295933,10,0,10,1,70,,295914,10,0,10,2,31,,295934,10,0,10,1,70,,295915,10,0,10,2,29,,295935,10,0,10,1,70,,295916,10,0,10,2,30,,295936,10,0,10,1,72,,295937,10,0,10,1
35302,'H54S000A-80-A',2545,,346060,73,0,10,1,85,,346058,73,0,10,1,85,,346059,73,0,10,1,87,,346057,73,0,10,2,45,,346061,73,0,10,1
35302,'H54S000I-80-I',2546,,346064,73,0,10,1,85,,346066,73,0,10,1,86,,346062,73,0,10,2,85,,346063,73,0,10,1,45,,346065,73,0,10,1
35302,'H54S000S-80-S',2546,,346069,73,0,10,1,85,,346070,73,0,10,1,85,,346067,73,0,10,1,86,,346071,73,0,10,2,45,,346068,73,0,10,1
35302,'H54S100F-80-F1',2546,,346074,73,0,10,1,85,,346076,73,0,10,1,86,,346072,73,0,10,2,85,,346073,73,0,10,1,45,,346075,73,0,10,1
35302,'H54S200F-80-F2',2546,,346079,73,0,10,1,85,,346081,73,0,10,1,86,,346077,73,0,10,2,85,,346078,73,0,10,1,45,,346080,73,0,10,1
